# n + Sn123 : (n,d)     
# jeff3.3    A.J. Koning and D. Rochman        EVAL-DEC15
# uncertainties: y
# # energies =    25
#   E(MeV)       xs(mb)       xslow(mb)      xsupp(mb)
 9.38422E+00    0.00000E+00   -0.00000E+00    0.00000E+00
 1.10000E+01    4.68649E-15    0.00000E+00    2.64924E-14
 1.15000E+01    9.21258E-12    0.00000E+00    5.20781E-11
 1.20000E+01    6.04408E-09    0.00000E+00    3.41668E-08
 1.25000E+01    1.52659E-07    0.00000E+00    8.62971E-07
 1.30000E+01    1.07326E-05    0.00000E+00    6.45140E-05
 1.35000E+01    5.48093E-05    0.00000E+00    3.29460E-04
 1.40000E+01    5.88046E-04    0.00000E+00    3.53476E-03
 1.45000E+01    3.33646E-03    0.00000E+00    2.00556E-02
 1.50000E+01    1.33912E-02    0.00000E+00    8.04949E-02
 1.60000E+01    1.09862E-01    0.00000E+00    5.61518E-01
 1.70000E+01    4.45341E-01    0.00000E+00    2.27619E+00
 1.80000E+01    1.09789E+00    0.00000E+00    5.61145E+00
 1.90000E+01    2.01982E+00    0.00000E+00    1.03235E+01
 2.00000E+01    3.20162E+00    0.00000E+00    1.37652E+01
 2.10000E+01    4.53896E+00    0.00000E+00    1.95150E+01
 2.20000E+01    5.83281E+00    0.00000E+00    2.50778E+01
 2.30000E+01    7.03821E+00    0.00000E+00    3.02604E+01
 2.40000E+01    8.14253E+00    0.00000E+00    3.34480E+01
 2.50000E+01    9.01216E+00    0.00000E+00    3.70203E+01
 2.60000E+01    9.65401E+00    0.00000E+00    3.96569E+01
 2.70000E+01    1.01446E+01    0.00000E+00    4.16722E+01
 2.80000E+01    1.05490E+01    0.00000E+00    4.33334E+01
 2.90000E+01    1.07117E+01    0.00000E+00    4.40017E+01
 3.00000E+01    1.06992E+01    0.00000E+00    4.39504E+01
