# n + Sn123 : (n,d)g    
# jeff3.3    A.J. Koning and D. Rochman        EVAL-DEC15
# uncertainties: y
# # energies =    25
#   E(MeV)       xs(mb)       xslow(mb)      xsupp(mb)
 9.38422E+00    0.00000E+00    0.00000E+00    0.00000E+00
 1.10000E+01    1.32333E-15    0.00000E+00    0.00000E+00
 1.15000E+01    3.59110E-12    0.00000E+00    0.00000E+00
 1.20000E+01    2.59906E-09    0.00000E+00    0.00000E+00
 1.25000E+01    5.79549E-08    0.00000E+00    0.00000E+00
 1.30000E+01    5.34915E-06    0.00000E+00    0.00000E+00
 1.35000E+01    2.11841E-05    0.00000E+00    0.00000E+00
 1.40000E+01    2.80214E-04    0.00000E+00    0.00000E+00
 1.45000E+01    1.56122E-03    0.00000E+00    0.00000E+00
 1.50000E+01    6.18607E-03    0.00000E+00    0.00000E+00
 1.60000E+01    4.90996E-02    0.00000E+00    0.00000E+00
 1.70000E+01    1.88639E-01    0.00000E+00    0.00000E+00
 1.80000E+01    4.33126E-01    0.00000E+00    0.00000E+00
 1.90000E+01    7.37131E-01    0.00000E+00    0.00000E+00
 2.00000E+01    1.09056E+00    0.00000E+00    0.00000E+00
 2.10000E+01    1.44459E+00    0.00000E+00    0.00000E+00
 2.20000E+01    1.76706E+00    0.00000E+00    0.00000E+00
 2.30000E+01    2.04973E+00    0.00000E+00    0.00000E+00
 2.40000E+01    2.31548E+00    0.00000E+00    0.00000E+00
 2.50000E+01    2.50460E+00    0.00000E+00    0.00000E+00
 2.60000E+01    2.63282E+00    0.00000E+00    0.00000E+00
 2.70000E+01    2.72868E+00    0.00000E+00    0.00000E+00
 2.80000E+01    2.81411E+00    0.00000E+00    0.00000E+00
 2.90000E+01    2.83453E+00    0.00000E+00    0.00000E+00
 3.00000E+01    2.82592E+00    0.00000E+00    0.00000E+00
