# n + Sn123 : (n,a)     
# jeff3.3    A.J. Koning and D. Rochman        EVAL-DEC15
# uncertainties: y
# # energies =   297
#   E(MeV)       xs(mb)       xslow(mb)      xsupp(mb)
 1.00000E-11    5.22194E-17    5.22194E-17    5.22194E-17
 1.03005E-11    5.14763E-17    5.14763E-17    5.14763E-17
 1.06099E-11    5.07445E-17    5.07445E-17    5.07445E-17
 1.09287E-11    5.00239E-17    5.00239E-17    5.00239E-17
 1.12571E-11    4.93142E-17    4.93142E-17    4.93142E-17
 1.15953E-11    4.86152E-17    4.86152E-17    4.86152E-17
 1.19437E-11    4.79270E-17    4.79270E-17    4.79270E-17
 1.23026E-11    4.72492E-17    4.72492E-17    4.72492E-17
 1.26722E-11    4.65817E-17    4.65817E-17    4.65817E-17
 1.30530E-11    4.59245E-17    4.59245E-17    4.59245E-17
 1.34452E-11    4.52773E-17    4.52773E-17    4.52773E-17
 1.38491E-11    4.46400E-17    4.46400E-17    4.46400E-17
 1.42652E-11    4.40125E-17    4.40125E-17    4.40125E-17
 1.46938E-11    4.33946E-17    4.33946E-17    4.33946E-17
 1.51353E-11    4.27862E-17    4.27862E-17    4.27862E-17
 1.55901E-11    4.21872E-17    4.21872E-17    4.21872E-17
 1.60585E-11    4.15974E-17    4.15974E-17    4.15974E-17
 1.65410E-11    4.10167E-17    4.10167E-17    4.10167E-17
 1.70380E-11    4.04450E-17    4.04450E-17    4.04450E-17
 1.75499E-11    3.98821E-17    3.98821E-17    3.98821E-17
 1.80772E-11    3.93279E-17    3.93279E-17    3.93279E-17
 1.86203E-11    3.87824E-17    3.87824E-17    3.87824E-17
 1.91798E-11    3.82453E-17    3.82453E-17    3.82453E-17
 1.97561E-11    3.77166E-17    3.77166E-17    3.77166E-17
 2.03497E-11    3.71961E-17    3.71961E-17    3.71961E-17
 2.09611E-11    3.66838E-17    3.66838E-17    3.66838E-17
 2.15909E-11    3.61794E-17    3.61794E-17    3.61794E-17
 2.22396E-11    3.56830E-17    3.56830E-17    3.56830E-17
 2.29078E-11    3.51944E-17    3.51944E-17    3.51944E-17
 2.35961E-11    3.47135E-17    3.47135E-17    3.47135E-17
 2.43051E-11    3.42401E-17    3.42401E-17    3.42401E-17
 2.50353E-11    3.37742E-17    3.37742E-17    3.37742E-17
 2.57875E-11    3.33157E-17    3.33157E-17    3.33157E-17
 2.65623E-11    3.28645E-17    3.28645E-17    3.28645E-17
 2.73604E-11    3.24204E-17    3.24204E-17    3.24204E-17
 2.81825E-11    3.19835E-17    3.19835E-17    3.19835E-17
 2.90293E-11    3.15535E-17    3.15535E-17    3.15535E-17
 2.99015E-11    3.11303E-17    3.11303E-17    3.11303E-17
 3.07999E-11    3.07140E-17    3.07140E-17    3.07140E-17
 3.17253E-11    3.03043E-17    3.03043E-17    3.03043E-17
 3.26785E-11    2.99013E-17    2.99013E-17    2.99013E-17
 3.36604E-11    2.95048E-17    2.95048E-17    2.95048E-17
 3.48187E-11    2.90594E-17    2.90594E-17    2.90594E-17
 3.60168E-11    2.86224E-17    2.86224E-17    2.86224E-17
 3.72562E-11    2.81935E-17    2.81935E-17    2.81935E-17
 3.85382E-11    2.77725E-17    2.77725E-17    2.77725E-17
 3.98644E-11    2.73595E-17    2.73595E-17    2.73595E-17
 4.12361E-11    2.69542E-17    2.69542E-17    2.69542E-17
 4.26551E-11    2.65566E-17    2.65566E-17    2.65566E-17
 4.41229E-11    2.61665E-17    2.61665E-17    2.61665E-17
 4.56413E-11    2.57838E-17    2.57838E-17    2.57838E-17
 4.72118E-11    2.54084E-17    2.54084E-17    2.54084E-17
 4.88364E-11    2.50402E-17    2.50402E-17    2.50402E-17
 5.05170E-11    2.46791E-17    2.46791E-17    2.46791E-17
 5.22553E-11    2.43249E-17    2.43249E-17    2.43249E-17
 5.40535E-11    2.39776E-17    2.39776E-17    2.39776E-17
 5.59135E-11    2.36371E-17    2.36371E-17    2.36371E-17
 5.78376E-11    2.33032E-17    2.33032E-17    2.33032E-17
 5.98278E-11    2.29759E-17    2.29759E-17    2.29759E-17
 6.18866E-11    2.26550E-17    2.26550E-17    2.26550E-17
 6.40162E-11    2.23405E-17    2.23405E-17    2.23405E-17
 6.62191E-11    2.20323E-17    2.20323E-17    2.20323E-17
 6.84977E-11    2.17302E-17    2.17302E-17    2.17302E-17
 7.08548E-11    2.14342E-17    2.14342E-17    2.14342E-17
 7.32930E-11    2.11442E-17    2.11442E-17    2.11442E-17
 7.58151E-11    2.08601E-17    2.08601E-17    2.08601E-17
 7.84240E-11    2.05818E-17    2.05818E-17    2.05818E-17
 8.11227E-11    2.03092E-17    2.03092E-17    2.03092E-17
 8.39142E-11    2.00422E-17    2.00422E-17    2.00422E-17
 8.68018E-11    1.97808E-17    1.97808E-17    1.97808E-17
 8.97887E-11    1.95249E-17    1.95249E-17    1.95249E-17
 9.28785E-11    1.92743E-17    1.92743E-17    1.92743E-17
 9.60745E-11    1.90291E-17    1.90291E-17    1.90291E-17
 9.93806E-11    1.87891E-17    1.87891E-17    1.87891E-17
 1.02800E-10    1.85542E-17    1.85542E-17    1.85542E-17
 1.06338E-10    1.83243E-17    1.83243E-17    1.83243E-17
 1.09997E-10    1.80995E-17    1.80995E-17    1.80995E-17
 1.13782E-10    1.78796E-17    1.78796E-17    1.78796E-17
 1.17698E-10    1.76645E-17    1.76645E-17    1.76645E-17
 1.21748E-10    1.74542E-17    1.74542E-17    1.74542E-17
 1.25937E-10    1.72486E-17    1.72486E-17    1.72486E-17
 1.30271E-10    1.70475E-17    1.70475E-17    1.70475E-17
 1.34754E-10    1.68511E-17    1.68511E-17    1.68511E-17
 1.39391E-10    1.66591E-17    1.66591E-17    1.66591E-17
 1.44187E-10    1.64715E-17    1.64715E-17    1.64715E-17
 1.49149E-10    1.62883E-17    1.62883E-17    1.62883E-17
 1.54935E-10    1.60873E-17    1.60873E-17    1.60873E-17
 1.60946E-10    1.58916E-17    1.58916E-17    1.58916E-17
 1.67190E-10    1.57010E-17    1.57010E-17    1.57010E-17
 1.73676E-10    1.55157E-17    1.55157E-17    1.55157E-17
 1.80414E-10    1.53353E-17    1.53353E-17    1.53353E-17
 1.87413E-10    1.51599E-17    1.51599E-17    1.51599E-17
 1.94683E-10    1.49893E-17    1.49893E-17    1.49893E-17
 2.02236E-10    1.48234E-17    1.48234E-17    1.48234E-17
 2.10082E-10    1.46623E-17    1.46623E-17    1.46623E-17
 2.18232E-10    1.45057E-17    1.45057E-17    1.45057E-17
 2.26698E-10    1.43536E-17    1.43536E-17    1.43536E-17
 2.35493E-10    1.42058E-17    1.42058E-17    1.42058E-17
 2.44629E-10    1.40624E-17    1.40624E-17    1.40624E-17
 2.54120E-10    1.39232E-17    1.39232E-17    1.39232E-17
 2.63978E-10    1.37882E-17    1.37882E-17    1.37882E-17
 2.74219E-10    1.36572E-17    1.36572E-17    1.36572E-17
 2.86065E-10    1.35163E-17    1.35163E-17    1.35163E-17
 2.98422E-10    1.33801E-17    1.33801E-17    1.33801E-17
 3.11313E-10    1.32486E-17    1.32486E-17    1.32486E-17
 3.24761E-10    1.31217E-17    1.31217E-17    1.31217E-17
 3.38790E-10    1.29992E-17    1.29992E-17    1.29992E-17
 3.53424E-10    1.28810E-17    1.28810E-17    1.28810E-17
 3.68692E-10    1.27671E-17    1.27671E-17    1.27671E-17
 3.84618E-10    1.26572E-17    1.26572E-17    1.26572E-17
 4.02933E-10    1.25409E-17    1.25409E-17    1.25409E-17
 4.22120E-10    1.24293E-17    1.24293E-17    1.24293E-17
 4.42221E-10    1.23222E-17    1.23222E-17    1.23222E-17
 4.63279E-10    1.22196E-17    1.22196E-17    1.22196E-17
 4.85339E-10    1.21211E-17    1.21211E-17    1.21211E-17
 5.08451E-10    1.20268E-17    1.20268E-17    1.20268E-17
 5.32662E-10    1.19364E-17    1.19364E-17    1.19364E-17
 5.60392E-10    1.18422E-17    1.18422E-17    1.18422E-17
 5.89565E-10    1.17523E-17    1.17523E-17    1.17523E-17
 6.20256E-10    1.16666E-17    1.16666E-17    1.16666E-17
 6.52546E-10    1.15850E-17    1.15850E-17    1.15850E-17
 6.89426E-10    1.15009E-17    1.15009E-17    1.15009E-17
 7.28390E-10    1.14212E-17    1.14212E-17    1.14212E-17
 7.69556E-10    1.13456E-17    1.13456E-17    1.13456E-17
 8.16495E-10    1.12686E-17    1.12686E-17    1.12686E-17
 8.66297E-10    1.11959E-17    1.11959E-17    1.11959E-17
 9.19136E-10    1.11274E-17    1.11274E-17    1.11274E-17
 9.79331E-10    1.10582E-17    1.10582E-17    1.10582E-17
 1.04347E-09    1.09933E-17    1.09933E-17    1.09933E-17
 1.11652E-09    1.09283E-17    1.09283E-17    1.09283E-17
 1.19468E-09    1.08676E-17    1.08676E-17    1.08676E-17
 1.28373E-09    1.08075E-17    1.08075E-17    1.08075E-17
 1.37943E-09    1.07515E-17    1.07515E-17    1.07515E-17
 1.48853E-09    1.06964E-17    1.06964E-17    1.06964E-17
 1.60627E-09    1.06454E-17    1.06454E-17    1.06454E-17
 1.74066E-09    1.05955E-17    1.05955E-17    1.05955E-17
 1.89429E-09    1.05472E-17    1.05472E-17    1.05472E-17
 2.07022E-09    1.05007E-17    1.05007E-17    1.05007E-17
 2.27208E-09    1.04562E-17    1.04562E-17    1.04562E-17
 2.50418E-09    1.04140E-17    1.04140E-17    1.04140E-17
 2.77170E-09    1.03740E-17    1.03740E-17    1.03740E-17
 3.08079E-09    1.03365E-17    1.03365E-17    1.03365E-17
 3.43886E-09    1.03014E-17    1.03014E-17    1.03014E-17
 3.87116E-09    1.02678E-17    1.02678E-17    1.02678E-17
 4.39482E-09    1.02359E-17    1.02359E-17    1.02359E-17
 5.03169E-09    1.02060E-17    1.02060E-17    1.02060E-17
 5.80978E-09    1.01784E-17    1.01784E-17    1.01784E-17
 6.79385E-09    1.01526E-17    1.01526E-17    1.01526E-17
 8.04603E-09    1.01288E-17    1.01288E-17    1.01288E-17
 9.65068E-09    1.01074E-17    1.01074E-17    1.01074E-17
 1.18227E-08    1.00877E-17    1.00877E-17    1.00877E-17
 1.47931E-08    1.00701E-17    1.00701E-17    1.00701E-17
 1.90660E-08    1.00544E-17    1.00544E-17    1.00544E-17
 2.52045E-08    1.00411E-17    1.00411E-17    1.00411E-17
 2.53000E-08    1.00410E-17    1.00410E-17    1.00410E-17
 3.54856E-08    1.00292E-17    1.00292E-17    1.00292E-17
 5.32563E-08    1.00195E-17    1.00195E-17    1.00195E-17
 8.88394E-08    1.00117E-17    1.00117E-17    1.00117E-17
 1.77003E-07    1.00059E-17    1.00059E-17    1.00059E-17
 5.13826E-07    1.00020E-17    1.00020E-17    1.00020E-17
 2.54765E-04    1.00000E-17    1.00000E-17    1.00000E-17
 2.58359E-04    1.00000E-17    1.00000E-17    1.00000E-17
 2.62004E-04    1.00000E-17    1.00000E-17    1.00000E-17
 2.65701E-04    1.00000E-17    1.00000E-17    1.00000E-17
 2.73251E-04    1.00000E-17    1.00000E-17    1.00000E-17
 2.84980E-04    1.00000E-17    1.00000E-17    1.00000E-17
 2.88219E-04    1.00000E-17    1.00000E-17    1.00000E-17
 1.20000E+00    1.00001E-17    1.00001E-17    1.00001E-17
 1.39994E+00    1.23800E-17    1.23800E-17    1.23800E-17
 1.40000E+00    1.23965E-17    1.23965E-17    1.23965E-17
 1.60000E+00    3.44163E-16    3.44163E-16    3.44163E-16
 1.80000E+00    3.03670E-15    3.03670E-15    3.03670E-15
 2.00000E+00    2.17067E-14    2.17067E-14    2.17067E-14
 2.20000E+00    1.29208E-13    1.29208E-13    1.29208E-13
 2.40000E+00    1.76373E-12    1.76373E-12    1.76373E-12
 2.60000E+00    3.93075E-12    0.00000E+00    2.34143E-11
 2.80000E+00    1.73712E-11    0.00000E+00    1.03475E-10
 3.00000E+00    5.30172E-11    0.00000E+00    3.15807E-10
 3.20000E+00    8.07834E-11    0.00000E+00    4.81202E-10
 3.40000E+00    3.71712E-10    0.00000E+00    2.21417E-09
 3.60000E+00    6.88036E-10    0.00000E+00    4.09842E-09
 3.80000E+00    1.52132E-09    0.00000E+00    9.06203E-09
 4.00000E+00    3.79242E-09    0.00000E+00    2.25903E-08
 4.20000E+00    5.74032E-09    0.00000E+00    3.41933E-08
 4.40000E+00    1.45414E-08    0.00000E+00    8.66186E-08
 4.60000E+00    2.49009E-08    0.00000E+00    7.82837E-08
 4.80000E+00    4.16839E-08    0.00000E+00    1.31046E-07
 5.00000E+00    8.12171E-08    0.00000E+00    2.55331E-07
 5.20000E+00    1.18216E-07    0.00000E+00    3.71649E-07
 5.40000E+00    2.13339E-07    0.00000E+00    6.70698E-07
 5.60000E+00    3.26400E-07    0.00000E+00    1.02614E-06
 5.80000E+00    4.73817E-07    0.00000E+00    1.48959E-06
 6.20000E+00    1.03458E-06    0.00000E+00    3.25253E-06
 6.40000E+00    1.53477E-06    0.00000E+00    4.82502E-06
 6.60000E+00    2.11602E-06    0.00000E+00    1.00638E-05
 6.80000E+00    2.80525E-06    0.00000E+00    1.33418E-05
 7.00000E+00    3.88832E-06    0.00000E+00    1.84929E-05
 7.20000E+00    5.04085E-06    0.00000E+00    2.39744E-05
 7.40000E+00    6.69312E-06    0.00000E+00    3.18326E-05
 7.60000E+00    8.62133E-06    0.00000E+00    4.10032E-05
 7.80000E+00    1.08386E-05    0.00000E+00    5.15485E-05
 8.00000E+00    1.37527E-05    0.00000E+00    6.54082E-05
 8.50000E+00    2.36323E-05    0.00000E+00    1.12396E-04
 9.00000E+00    3.94535E-05    0.00000E+00    1.63027E-04
 9.50000E+00    6.61462E-05    0.00000E+00    2.73324E-04
 1.00000E+01    1.15779E-04    0.00000E+00    4.78412E-04
 1.01411E+01    1.39502E-04    0.00000E+00    5.76438E-04
 1.02842E+01    1.63561E-04    0.00000E+00    6.75856E-04
 1.04292E+01    1.87961E-04    0.00000E+00    7.76676E-04
 1.05000E+01    1.99859E-04    0.00000E+00    8.25841E-04
 1.06481E+01    2.57637E-04    0.00000E+00    1.06459E-03
 1.07984E+01    3.16231E-04    0.00000E+00    1.30670E-03
 1.09507E+01    3.75651E-04    0.00000E+00    1.55224E-03
 1.10000E+01    3.94877E-04    0.00000E+00    1.63168E-03
 1.11552E+01    5.27793E-04    0.00000E+00    2.18090E-03
 1.13126E+01    6.62584E-04    0.00000E+00    2.73788E-03
 1.14722E+01    7.99276E-04    0.00000E+00    3.30270E-03
 1.15000E+01    8.23112E-04    0.00000E+00    3.40120E-03
 1.16622E+01    1.12316E-03    0.00000E+00    4.64103E-03
 1.18268E+01    1.42744E-03    0.00000E+00    5.89835E-03
 1.19936E+01    1.73601E-03    0.00000E+00    7.17342E-03
 1.20000E+01    1.74779E-03    0.00000E+00    7.22208E-03
 1.21693E+01    2.39762E-03    0.00000E+00    9.90724E-03
 1.23410E+01    3.05661E-03    0.00000E+00    1.26303E-02
 1.25000E+01    3.66697E-03    0.00000E+00    1.51524E-02
 1.26764E+01    5.00304E-03    0.00000E+00    2.06731E-02
 1.28552E+01    6.35795E-03    0.00000E+00    2.62718E-02
 1.30000E+01    7.45502E-03    1.13717E-03    1.37729E-02
 1.31834E+01    1.00441E-02    1.53210E-03    1.85561E-02
 1.33694E+01    1.26697E-02    1.93260E-03    2.34068E-02
 1.35000E+01    1.45133E-02    2.21382E-03    2.68128E-02
 1.36905E+01    1.92237E-02    2.93233E-03    3.55150E-02
 1.38836E+01    2.40005E-02    3.66097E-03    4.43400E-02
 1.40000E+01    2.68790E-02    4.10005E-03    4.96580E-02
 1.41975E+01    3.49189E-02    5.32644E-03    6.45114E-02
 1.43978E+01    4.30723E-02    6.57013E-03    7.95744E-02
 1.45000E+01    4.72317E-02    7.20460E-03    8.72588E-02
 1.47046E+01    6.01390E-02    9.17345E-03    1.11105E-01
 1.49120E+01    7.32284E-02    1.11701E-02    1.35287E-01
 1.50000E+01    7.87793E-02    1.20168E-02    1.45542E-01
 1.52116E+01    1.02475E-01    1.56312E-02    1.89318E-01
 1.54262E+01    1.26504E-01    1.92966E-02    2.33712E-01
 1.56439E+01    1.50873E-01    2.30138E-02    2.78732E-01
 1.58646E+01    1.75586E-01    2.67833E-02    3.24388E-01
 1.60000E+01    1.90749E-01    1.00088E-01    2.81410E-01
 1.62257E+01    2.37761E-01    1.24756E-01    3.50766E-01
 1.64546E+01    2.85436E-01    1.49772E-01    4.21100E-01
 1.66868E+01    3.33784E-01    1.75141E-01    4.92427E-01
 1.69222E+01    3.82814E-01    2.00867E-01    5.64760E-01
 1.70000E+01    3.99014E-01    2.09368E-01    5.88660E-01
 1.72398E+01    4.84194E-01    2.54063E-01    7.14326E-01
 1.74831E+01    5.70577E-01    2.99389E-01    8.41764E-01
 1.77297E+01    6.58177E-01    3.45354E-01    9.71001E-01
 1.79799E+01    7.47014E-01    3.91968E-01    1.10206E+00
 1.80000E+01    7.54170E-01    3.95723E-01    1.11262E+00
 1.82539E+01    9.00274E-01    4.72385E-01    1.32816E+00
 1.85115E+01    1.04844E+00    5.50129E-01    1.54675E+00
 1.87726E+01    1.19869E+00    6.28970E-01    1.76842E+00
 1.90000E+01    1.32950E+00    6.97605E-01    1.96139E+00
 1.92681E+01    1.55929E+00    8.18178E-01    2.30040E+00
 1.95399E+01    1.79232E+00    9.40452E-01    2.64418E+00
 1.98156E+01    2.02864E+00    1.06445E+00    2.99282E+00
 2.00000E+01    2.18674E+00    1.17959E+00    3.19389E+00
 2.02822E+01    2.41519E+00    1.30282E+00    3.52755E+00
 2.05683E+01    2.64686E+00    1.42779E+00    3.86593E+00
 2.08585E+01    2.88180E+00    1.55453E+00    4.20907E+00
 2.10000E+01    2.99637E+00    1.61633E+00    4.37641E+00
 2.12963E+01    3.13543E+00    1.69134E+00    4.57951E+00
 2.15967E+01    3.27644E+00    1.76741E+00    4.78548E+00
 2.19014E+01    3.41945E+00    1.84455E+00    4.99435E+00
 2.20000E+01    3.46572E+00    1.86951E+00    5.06193E+00
 2.23104E+01    3.50787E+00    1.89225E+00    5.12350E+00
 2.26251E+01    3.55062E+00    1.91531E+00    5.18593E+00
 2.29443E+01    3.59397E+00    1.93869E+00    5.24925E+00
 2.30000E+01    3.60153E+00    1.94277E+00    5.26029E+00
 2.33245E+01    3.43261E+00    1.85165E+00    5.01357E+00
 2.36536E+01    3.26131E+00    1.75925E+00    4.76337E+00
 2.39873E+01    3.08759E+00    1.66554E+00    4.50964E+00
 2.40000E+01    3.08096E+00    1.17300E+00    4.98891E+00
 2.43386E+01    2.97881E+00    1.13411E+00    4.82350E+00
 2.46820E+01    2.87522E+00    1.09467E+00    4.65576E+00
 2.50000E+01    2.77927E+00    1.05814E+00    4.50040E+00
 2.53527E+01    2.65856E+00    1.01218E+00    4.30493E+00
 2.57104E+01    2.53614E+00    9.65577E-01    4.10670E+00
 2.60000E+01    2.43702E+00    9.27839E-01    3.94620E+00
 2.63668E+01    2.35510E+00    8.96650E-01    3.81355E+00
 2.67388E+01    2.27202E+00    8.65021E-01    3.67903E+00
 2.70000E+01    2.21369E+00    8.42812E-01    3.58457E+00
 2.73809E+01    2.12790E+00    8.10149E-01    3.44565E+00
 2.77672E+01    2.04090E+00    7.77025E-01    3.30477E+00
 2.80000E+01    1.98847E+00    7.57064E-01    3.21988E+00
 2.83950E+01    1.90243E+00    7.24306E-01    3.08055E+00
 2.87956E+01    1.81517E+00    6.91085E-01    2.93926E+00
 2.90000E+01    1.77066E+00    6.74138E-01    2.86718E+00
 2.94091E+01    1.70979E+00    6.50963E-01    2.76861E+00
 2.98240E+01    1.64806E+00    6.27460E-01    2.66866E+00
 3.00000E+01    1.62188E+00    6.17494E-01    2.62627E+00
