# n + Sn123 : (n,2n)    
# jeff3.3    A.J. Koning and D. Rochman        EVAL-DEC15
# uncertainties: y
# # energies =    71
#   E(MeV)       xs(mb)       xslow(mb)      xsupp(mb)
 5.99497E+00    0.00000E+00    0.00000E+00    0.00000E+00
 6.00000E+00    7.06199E-02    3.51547E-02    1.06085E-01
 6.20000E+00    3.14479E+00    1.56548E+00    4.72410E+00
 6.40000E+00    1.48853E+01    7.40991E+00    2.23607E+01
 6.60000E+00    3.29844E+01    2.19793E+01    4.39895E+01
 6.80000E+00    5.43918E+01    3.62442E+01    7.25394E+01
 7.00000E+00    7.89503E+01    5.26088E+01    1.05292E+02
 7.20000E+00    1.07525E+02    7.16497E+01    1.43400E+02
 7.40000E+00    1.37629E+02    9.17096E+01    1.83548E+02
 7.60000E+00    1.72714E+02    1.15089E+02    2.30339E+02
 7.80000E+00    2.12720E+02    1.41747E+02    2.83693E+02
 8.00000E+00    2.54731E+02    1.69741E+02    3.39721E+02
 8.50000E+00    3.85102E+02    2.56614E+02    5.13590E+02
 9.00000E+00    6.52482E+02    5.76989E+02    7.27975E+02
 9.50000E+00    9.45155E+02    8.35799E+02    1.05451E+03
 1.00000E+01    1.19452E+03    1.05631E+03    1.33273E+03
 1.05000E+01    1.37672E+03    1.21743E+03    1.53601E+03
 1.10000E+01    1.49243E+03    1.31975E+03    1.66511E+03
 1.15000E+01    1.57685E+03    1.39441E+03    1.75929E+03
 1.20000E+01    1.63054E+03    1.44188E+03    1.81920E+03
 1.25000E+01    1.66490E+03    1.47227E+03    1.85753E+03
 1.30000E+01    1.68656E+03    1.51714E+03    1.85598E+03
 1.35000E+01    1.69961E+03    1.52888E+03    1.87034E+03
 1.40000E+01    1.70676E+03    1.53531E+03    1.87821E+03
 1.45000E+01    1.70941E+03    1.53770E+03    1.88112E+03
 1.50000E+01    1.70915E+03    1.53746E+03    1.88084E+03
 1.60000E+01    1.65536E+03    1.30042E+03    2.01030E+03
 1.70000E+01    1.48908E+03    1.16979E+03    1.80837E+03
 1.80000E+01    1.25732E+03    9.87724E+02    1.52692E+03
 1.90000E+01    1.03882E+03    8.16075E+02    1.26157E+03
 2.00000E+01    8.50463E+02    5.30122E+02    1.17080E+03
 2.10000E+01    6.94653E+02    4.33000E+02    9.56306E+02
 2.20000E+01    5.83826E+02    3.63918E+02    8.03734E+02
 2.30000E+01    5.05233E+02    3.14928E+02    6.95538E+02
 2.40000E+01    4.51310E+02    2.60959E+02    6.41661E+02
 2.50000E+01    4.11241E+02    2.37790E+02    5.84692E+02
 2.60000E+01    3.82144E+02    2.20966E+02    5.43322E+02
 2.70000E+01    3.59133E+02    2.07660E+02    5.10606E+02
 2.80000E+01    3.42304E+02    1.97929E+02    4.86679E+02
 2.90000E+01    3.29822E+02    1.90712E+02    4.68932E+02
 3.00000E+01    3.16159E+02    1.82811E+02    4.49507E+02
 3.00000E+01    3.17678E+02    1.83690E+02    4.51666E+02
 3.20000E+01    2.97789E+02    1.72189E+02    4.23388E+02
 3.40000E+01    2.80627E+02    1.62266E+02    3.98988E+02
 3.60000E+01    2.64644E+02    1.53024E+02    3.76264E+02
 3.80000E+01    2.47444E+02    1.43079E+02    3.51809E+02
 4.00000E+01    2.36579E+02    1.36796E+02    3.36362E+02
 4.20000E+01    2.21439E+02    1.28042E+02    3.14836E+02
 4.40000E+01    2.07454E+02    1.19955E+02    2.94953E+02
 4.60000E+01    1.97146E+02    1.13995E+02    2.80297E+02
 4.80000E+01    1.85143E+02    1.07055E+02    2.63232E+02
 5.00000E+01    1.77964E+02    1.02903E+02    2.53025E+02
 5.20000E+01    1.70095E+02    9.83534E+01    2.41837E+02
 5.40000E+01    1.64301E+02    9.50032E+01    2.33599E+02
 5.60000E+01    1.62670E+02    9.40601E+01    2.31280E+02
 5.80000E+01    1.55332E+02    8.98171E+01    2.20847E+02
 6.00000E+01    1.48696E+02    8.59799E+01    2.11412E+02
 6.50000E+01    1.35149E+02    7.81467E+01    1.92151E+02
 7.00000E+01    1.24523E+02    7.20025E+01    1.77044E+02
 7.50000E+01    1.14337E+02    6.61127E+01    1.62561E+02
 8.00000E+01    1.07616E+02    6.22264E+01    1.53006E+02
 9.00000E+01    9.45126E+01    5.46497E+01    1.34376E+02
 1.00000E+02    8.39633E+01    4.85498E+01    1.19377E+02
 1.10000E+02    7.68732E+01    4.44501E+01    1.09296E+02
 1.20000E+02    6.91115E+01    3.99621E+01    9.82609E+01
 1.30000E+02    6.42722E+01    3.71639E+01    9.13805E+01
 1.40000E+02    5.83960E+01    3.37661E+01    8.30259E+01
 1.50000E+02    5.22605E+01    3.02184E+01    7.43026E+01
 1.60000E+02    4.81017E+01    2.78137E+01    6.83897E+01
 1.80000E+02    3.96237E+01    2.29115E+01    5.63359E+01
 2.00000E+02    3.42727E+01    1.98174E+01    4.87280E+01
