# n + Sn123 : (n,3n)g   
# jeff3.3    A.J. Koning and D. Rochman        EVAL-DEC15
# uncertainties: y
# # energies =    47
#   E(MeV)       xs(mb)       xslow(mb)      xsupp(mb)
 1.48827E+01    0.00000E+00    0.00000E+00    0.00000E+00
 1.50000E+01    8.45212E-02    0.00000E+00    0.00000E+00
 1.60000E+01    9.04694E+00    0.00000E+00    0.00000E+00
 1.70000E+01    3.61974E+01    0.00000E+00    0.00000E+00
 1.80000E+01    7.45384E+01    0.00000E+00    0.00000E+00
 1.90000E+01    1.08763E+02    0.00000E+00    0.00000E+00
 2.00000E+01    1.35566E+02    0.00000E+00    0.00000E+00
 2.10000E+01    1.54649E+02    0.00000E+00    0.00000E+00
 2.20000E+01    1.64698E+02    0.00000E+00    0.00000E+00
 2.30000E+01    1.67295E+02    0.00000E+00    0.00000E+00
 2.40000E+01    1.61490E+02    0.00000E+00    0.00000E+00
 2.50000E+01    1.48495E+02    0.00000E+00    0.00000E+00
 2.60000E+01    1.31813E+02    0.00000E+00    0.00000E+00
 2.70000E+01    1.14287E+02    0.00000E+00    0.00000E+00
 2.80000E+01    9.72935E+01    0.00000E+00    0.00000E+00
 2.90000E+01    8.29125E+01    0.00000E+00    0.00000E+00
 3.00000E+01    7.22717E+01    0.00000E+00    0.00000E+00
 3.00000E+01    7.23453E+01    0.00000E+00    0.00000E+00
 3.20000E+01    5.80111E+01    0.00000E+00    0.00000E+00
 3.40000E+01    5.08282E+01    0.00000E+00    0.00000E+00
 3.60000E+01    4.70708E+01    0.00000E+00    0.00000E+00
 3.80000E+01    4.49015E+01    0.00000E+00    0.00000E+00
 4.00000E+01    4.29721E+01    0.00000E+00    0.00000E+00
 4.20000E+01    4.14812E+01    0.00000E+00    0.00000E+00
 4.40000E+01    4.03962E+01    0.00000E+00    0.00000E+00
 4.60000E+01    3.88056E+01    0.00000E+00    0.00000E+00
 4.80000E+01    3.77420E+01    0.00000E+00    0.00000E+00
 5.00000E+01    3.62925E+01    0.00000E+00    0.00000E+00
 5.20000E+01    3.50824E+01    0.00000E+00    0.00000E+00
 5.40000E+01    3.43946E+01    0.00000E+00    0.00000E+00
 5.60000E+01    3.27820E+01    0.00000E+00    0.00000E+00
 5.80000E+01    3.22642E+01    0.00000E+00    0.00000E+00
 6.00000E+01    3.14563E+01    0.00000E+00    0.00000E+00
 6.50000E+01    2.96756E+01    0.00000E+00    0.00000E+00
 7.00000E+01    2.77725E+01    0.00000E+00    0.00000E+00
 7.50000E+01    2.67162E+01    0.00000E+00    0.00000E+00
 8.00000E+01    2.50709E+01    0.00000E+00    0.00000E+00
 9.00000E+01    2.31811E+01    0.00000E+00    0.00000E+00
 1.00000E+02    2.17172E+01    0.00000E+00    0.00000E+00
 1.10000E+02    2.00426E+01    0.00000E+00    0.00000E+00
 1.20000E+02    1.92000E+01    0.00000E+00    0.00000E+00
 1.30000E+02    1.79071E+01    0.00000E+00    0.00000E+00
 1.40000E+02    1.66748E+01    0.00000E+00    0.00000E+00
 1.50000E+02    1.54172E+01    0.00000E+00    0.00000E+00
 1.60000E+02    1.41754E+01    0.00000E+00    0.00000E+00
 1.80000E+02    1.22974E+01    0.00000E+00    0.00000E+00
 2.00000E+02    1.05260E+01    0.00000E+00    0.00000E+00
