# n + Sn123 : (n,xn)    
# jeff3.3    A.J. Koning and D. Rochman        EVAL-DEC15
# 
# # energies =   136
#   E(MeV)        xs(mb) 
 2.48019E-02    0.00000E+00
 3.00000E-02    3.50166E-02
 6.00000E-02    5.07124E-01
 1.00000E-01    1.62222E+00
 1.51634E-01    3.88618E+00
 2.00000E-01    6.01466E+00
 3.00000E-01    1.19402E+01
 4.00000E-01    1.88702E+01
 5.00000E-01    2.64406E+01
 6.00000E-01    3.44027E+01
 6.23888E-01    3.50573E+01
 7.00000E-01    1.54379E+02
 8.00000E-01    2.31334E+02
 8.77342E-01    2.66622E+02
 9.00000E-01    2.77618E+02
 9.27349E-01    2.83874E+02
 9.39044E-01    2.86832E+02
 1.00000E+00    3.28967E+02
 1.05287E+00    3.39970E+02
 1.08090E+00    3.53069E+02
 1.11608E+00    3.69526E+02
 1.11810E+00    3.72764E+02
 1.14563E+00    4.18947E+02
 1.16448E+00    4.55796E+02
 1.20000E+00    5.35294E+02
 1.20420E+00    5.38069E+02
 1.22699E+00    5.54230E+02
 1.31168E+00    6.79998E+02
 1.40000E+00    8.15373E+02
 1.45182E+00    8.37009E+02
 1.47803E+00    8.55954E+02
 1.50102E+00    8.84877E+02
 1.60000E+00    1.01304E+03
 1.72807E+00    1.08591E+03
 1.74319E+00    1.09807E+03
 1.79864E+00    1.14300E+03
 1.80000E+00    1.14410E+03
 1.84401E+00    1.15910E+03
 1.91761E+00    1.18601E+03
 1.94181E+00    1.20105E+03
 1.96096E+00    1.21823E+03
 2.00000E+00    1.25975E+03
 2.01762E+00    1.26542E+03
 2.04263E+00    1.27689E+03
 2.09707E+00    1.30206E+03
 2.13135E+00    1.32000E+03
 2.17067E+00    1.34058E+03
 2.20000E+00    1.37575E+03
 2.40000E+00    1.50803E+03
 2.60000E+00    1.64098E+03
 2.80000E+00    1.75065E+03
 3.00000E+00    1.84196E+03
 3.20000E+00    1.92095E+03
 3.40000E+00    1.99098E+03
 3.60000E+00    2.05372E+03
 3.80000E+00    2.10830E+03
 4.00000E+00    2.15414E+03
 4.20000E+00    2.19020E+03
 4.40000E+00    2.21616E+03
 4.60000E+00    2.23282E+03
 4.80000E+00    2.24049E+03
 5.00000E+00    2.24087E+03
 5.20000E+00    2.23494E+03
 5.40000E+00    2.22428E+03
 5.60000E+00    2.21024E+03
 5.80000E+00    2.19365E+03
 6.00000E+00    2.17639E+03
 6.20000E+00    2.16098E+03
 6.40000E+00    2.15462E+03
 6.60000E+00    2.15541E+03
 6.80000E+00    2.16068E+03
 7.00000E+00    2.17076E+03
 7.20000E+00    2.18640E+03
 7.40000E+00    2.20556E+03
 7.60000E+00    2.23152E+03
 7.80000E+00    2.26408E+03
 8.00000E+00    2.30040E+03
 8.50000E+00    2.42249E+03
 9.00000E+00    2.68739E+03
 9.50000E+00    2.98010E+03
 1.00000E+01    3.22942E+03
 1.05000E+01    3.41021E+03
 1.10000E+01    3.52259E+03
 1.15000E+01    3.60188E+03
 1.20000E+01    3.64866E+03
 1.25000E+01    3.67453E+03
 1.30000E+01    3.68637E+03
 1.35000E+01    3.68874E+03
 1.40000E+01    3.68478E+03
 1.45000E+01    3.67653E+03
 1.50000E+01    3.66705E+03
 1.60000E+01    3.70370E+03
 1.70000E+01    3.85424E+03
 1.80000E+01    4.07726E+03
 1.90000E+01    4.29110E+03
 2.00000E+01    4.46658E+03
 2.10000E+01    4.60715E+03
 2.20000E+01    4.68908E+03
 2.30000E+01    4.72974E+03
 2.40000E+01    4.74748E+03
 2.50000E+01    4.76392E+03
 2.60000E+01    4.80354E+03
 2.70000E+01    4.87106E+03
 2.80000E+01    4.96113E+03
 2.90000E+01    5.05462E+03
 3.00000E+01    5.14816E+03
 3.00000E+01    5.14733E+03
 3.20000E+01    5.27749E+03
 3.40000E+01    5.35100E+03
 3.60000E+01    5.42277E+03
 3.80000E+01    5.52214E+03
 4.00000E+01    5.61084E+03
 4.20000E+01    5.69942E+03
 4.40000E+01    5.77412E+03
 4.60000E+01    5.83610E+03
 4.80000E+01    5.90152E+03
 5.00000E+01    5.95511E+03
 5.20000E+01    6.01975E+03
 5.40000E+01    6.07138E+03
 5.60000E+01    6.11237E+03
 5.80000E+01    6.16188E+03
 6.00000E+01    6.20905E+03
 6.50000E+01    6.31275E+03
 7.00000E+01    6.41146E+03
 7.50000E+01    6.50041E+03
 8.00000E+01    6.58303E+03
 9.00000E+01    6.77166E+03
 1.00000E+02    6.98188E+03
 1.10000E+02    7.23061E+03
 1.20000E+02    7.47287E+03
 1.30000E+02    7.69472E+03
 1.40000E+02    8.08915E+03
 1.50000E+02    8.60852E+03
 1.60000E+02    9.18137E+03
 1.80000E+02    1.04475E+04
 2.00000E+02    1.16619E+04
