# n + Sn123 : (n,xt)    
# jeff3.3    A.J. Koning and D. Rochman        EVAL-DEC15
# 
# # energies =   136
#   E(MeV)        xs(mb) 
 2.48019E-02    0.00000E+00
 3.00000E-02    0.00000E+00
 6.00000E-02    0.00000E+00
 1.00000E-01    0.00000E+00
 1.51634E-01    0.00000E+00
 2.00000E-01    0.00000E+00
 3.00000E-01    0.00000E+00
 4.00000E-01    0.00000E+00
 5.00000E-01    0.00000E+00
 6.00000E-01    0.00000E+00
 6.23888E-01    0.00000E+00
 7.00000E-01    0.00000E+00
 8.00000E-01    0.00000E+00
 8.77342E-01    0.00000E+00
 9.00000E-01    0.00000E+00
 9.27349E-01    0.00000E+00
 9.39044E-01    0.00000E+00
 1.00000E+00    0.00000E+00
 1.05287E+00    0.00000E+00
 1.08090E+00    0.00000E+00
 1.11608E+00    0.00000E+00
 1.11810E+00    0.00000E+00
 1.14563E+00    0.00000E+00
 1.16448E+00    0.00000E+00
 1.20000E+00    0.00000E+00
 1.20420E+00    0.00000E+00
 1.22699E+00    0.00000E+00
 1.31168E+00    0.00000E+00
 1.40000E+00    0.00000E+00
 1.45182E+00    0.00000E+00
 1.47803E+00    0.00000E+00
 1.50102E+00    0.00000E+00
 1.60000E+00    0.00000E+00
 1.72807E+00    0.00000E+00
 1.74319E+00    0.00000E+00
 1.79864E+00    0.00000E+00
 1.80000E+00    0.00000E+00
 1.84401E+00    0.00000E+00
 1.91761E+00    0.00000E+00
 1.94181E+00    0.00000E+00
 1.96096E+00    0.00000E+00
 2.00000E+00    0.00000E+00
 2.01762E+00    0.00000E+00
 2.04263E+00    0.00000E+00
 2.09707E+00    0.00000E+00
 2.13135E+00    0.00000E+00
 2.17067E+00    0.00000E+00
 2.20000E+00    0.00000E+00
 2.40000E+00    0.00000E+00
 2.60000E+00    0.00000E+00
 2.80000E+00    0.00000E+00
 3.00000E+00    0.00000E+00
 3.20000E+00    0.00000E+00
 3.40000E+00    0.00000E+00
 3.60000E+00    0.00000E+00
 3.80000E+00    0.00000E+00
 4.00000E+00    0.00000E+00
 4.20000E+00    0.00000E+00
 4.40000E+00    0.00000E+00
 4.60000E+00    0.00000E+00
 4.80000E+00    0.00000E+00
 5.00000E+00    0.00000E+00
 5.20000E+00    0.00000E+00
 5.40000E+00    0.00000E+00
 5.60000E+00    0.00000E+00
 5.80000E+00    0.00000E+00
 6.00000E+00    0.00000E+00
 6.20000E+00    0.00000E+00
 6.40000E+00    0.00000E+00
 6.60000E+00    0.00000E+00
 6.80000E+00    0.00000E+00
 7.00000E+00    0.00000E+00
 7.20000E+00    0.00000E+00
 7.40000E+00    0.00000E+00
 7.60000E+00    0.00000E+00
 7.80000E+00    0.00000E+00
 8.00000E+00    0.00000E+00
 8.50000E+00    0.00000E+00
 9.00000E+00    1.60782E-18
 9.50000E+00    1.33233E-17
 1.00000E+01    2.50387E-17
 1.05000E+01    3.67542E-17
 1.10000E+01    9.54494E-14
 1.15000E+01    1.17190E-11
 1.20000E+01    8.86524E-10
 1.25000E+01    1.30115E-08
 1.30000E+01    2.30095E-07
 1.35000E+01    1.32851E-06
 1.40000E+01    8.34218E-06
 1.45000E+01    4.50933E-05
 1.50000E+01    2.24398E-04
 1.60000E+01    3.55697E-03
 1.70000E+01    2.70022E-02
 1.80000E+01    1.14677E-01
 1.90000E+01    2.96968E-01
 2.00000E+01    5.88404E-01
 2.10000E+01    9.83267E-01
 2.20000E+01    1.46683E+00
 2.30000E+01    2.02071E+00
 2.40000E+01    2.62520E+00
 2.50000E+01    3.26560E+00
 2.60000E+01    3.92717E+00
 2.70000E+01    4.59775E+00
 2.80000E+01    5.26803E+00
 2.90000E+01    5.93047E+00
 3.00000E+01    6.54940E+00
 3.00000E+01    6.52061E+00
 3.20000E+01    7.80301E+00
 3.40000E+01    8.96455E+00
 3.60000E+01    1.00276E+01
 3.80000E+01    1.09880E+01
 4.00000E+01    1.18751E+01
 4.20000E+01    1.26482E+01
 4.40000E+01    1.33476E+01
 4.60000E+01    1.39816E+01
 4.80000E+01    1.45647E+01
 5.00000E+01    1.51065E+01
 5.20000E+01    1.56434E+01
 5.40000E+01    1.61434E+01
 5.60000E+01    1.66380E+01
 5.80000E+01    1.71328E+01
 6.00000E+01    1.76331E+01
 6.50000E+01    1.89188E+01
 7.00000E+01    2.03756E+01
 7.50000E+01    2.19487E+01
 8.00000E+01    2.37336E+01
 9.00000E+01    2.71862E+01
 1.00000E+02    2.97426E+01
 1.10000E+02    3.19792E+01
 1.20000E+02    3.38493E+01
 1.30000E+02    3.49569E+01
 1.40000E+02    3.75515E+01
 1.50000E+02    4.41432E+01
 1.60000E+02    5.69176E+01
 1.80000E+02    1.10959E+02
 2.00000E+02    2.40553E+02
