# n + Sn123 : (n,np)m   
# jeff3.3    A.J. Koning and D. Rochman        EVAL-DEC15
# uncertainties: y
# # energies =    22
#   E(MeV)       xs(mb)       xslow(mb)      xsupp(mb)
 1.16674E+01    0.00000E+00    0.00000E+00    0.00000E+00
 1.25000E+01    3.03193E-14    0.00000E+00    0.00000E+00
 1.30000E+01    4.50217E-10    0.00000E+00    0.00000E+00
 1.35000E+01    5.11499E-08    0.00000E+00    0.00000E+00
 1.40000E+01    4.40893E-06    0.00000E+00    0.00000E+00
 1.45000E+01    5.81041E-05    0.00000E+00    0.00000E+00
 1.50000E+01    4.02857E-04    0.00000E+00    0.00000E+00
 1.60000E+01    7.85666E-03    0.00000E+00    0.00000E+00
 1.70000E+01    5.92048E-02    0.00000E+00    0.00000E+00
 1.80000E+01    2.03240E-01    0.00000E+00    0.00000E+00
 1.90000E+01    5.97385E-01    0.00000E+00    0.00000E+00
 2.00000E+01    1.28395E+00    0.00000E+00    0.00000E+00
 2.10000E+01    2.28209E+00    0.00000E+00    0.00000E+00
 2.20000E+01    3.61056E+00    0.00000E+00    0.00000E+00
 2.30000E+01    5.18900E+00    0.00000E+00    0.00000E+00
 2.40000E+01    6.80815E+00    0.00000E+00    0.00000E+00
 2.50000E+01    8.64000E+00    0.00000E+00    0.00000E+00
 2.60000E+01    1.05090E+01    0.00000E+00    0.00000E+00
 2.70000E+01    1.19489E+01    0.00000E+00    0.00000E+00
 2.80000E+01    1.36668E+01    0.00000E+00    0.00000E+00
 2.90000E+01    1.48057E+01    0.00000E+00    0.00000E+00
 3.00000E+01    1.61273E+01    0.00000E+00    0.00000E+00
