# n + Sn123 : (n,4n)    
# jeff3.3    A.J. Koning and D. Rochman        EVAL-DEC15
# uncertainties: n
# # energies =    40
#   E(MeV)       xs(mb) 
 2.11035E+01    0.00000E+00
 2.20000E+01    2.99602E-01
 2.30000E+01    3.49649E+00
 2.40000E+01    1.51288E+01
 2.50000E+01    4.60205E+01
 2.60000E+01    1.07550E+02
 2.70000E+01    2.00852E+02
 2.80000E+01    3.16176E+02
 2.90000E+01    4.36066E+02
 3.00000E+01    5.50800E+02
 3.00000E+01    5.50834E+02
 3.20000E+01    7.25817E+02
 3.40000E+01    8.08586E+02
 3.60000E+01    7.85869E+02
 3.80000E+01    6.88206E+02
 4.00000E+01    5.63035E+02
 4.20000E+01    4.48078E+02
 4.40000E+01    3.60399E+02
 4.60000E+01    2.97700E+02
 4.80000E+01    2.56615E+02
 5.00000E+01    2.27730E+02
 5.20000E+01    2.09413E+02
 5.40000E+01    1.95828E+02
 5.60000E+01    1.84706E+02
 5.80000E+01    1.74853E+02
 6.00000E+01    1.68787E+02
 6.50000E+01    1.52854E+02
 7.00000E+01    1.41493E+02
 7.50000E+01    1.32595E+02
 8.00000E+01    1.24144E+02
 9.00000E+01    1.11745E+02
 1.00000E+02    1.02062E+02
 1.10000E+02    9.37004E+01
 1.20000E+02    8.68054E+01
 1.30000E+02    8.27049E+01
 1.40000E+02    7.51542E+01
 1.50000E+02    7.00548E+01
 1.60000E+02    6.40564E+01
 1.80000E+02    5.52574E+01
 2.00000E+02    4.68712E+01
