# n + Sn123 : (n,n'03)  
# jeff3.3    A.J. Koning and D. Rochman        EVAL-DEC15
# uncertainties: y
# # energies =    96
#   E(MeV)       xs(mb)       xslow(mb)      xsupp(mb)
 6.23888E-01    0.00000E+00    0.00000E+00    0.00000E+00
 7.00000E-01    1.17236E+02    6.33647E+01    1.71107E+02
 8.00000E-01    1.89810E+02    1.02590E+02    2.77030E+02
 8.77342E-01    2.21329E+02    1.19626E+02    3.23033E+02
 9.00000E-01    2.30563E+02    1.24617E+02    3.36509E+02
 9.27349E-01    2.36351E+02    1.27745E+02    3.44958E+02
 9.39044E-01    2.38827E+02    1.29083E+02    3.48570E+02
 1.00000E+00    2.51728E+02    1.85790E+02    3.17666E+02
 1.05287E+00    2.54197E+02    1.87612E+02    3.20783E+02
 1.08090E+00    2.55506E+02    1.88578E+02    3.22435E+02
 1.11608E+00    2.57149E+02    1.89791E+02    3.24508E+02
 1.11810E+00    2.57244E+02    1.89861E+02    3.24627E+02
 1.14563E+00    2.58530E+02    1.90809E+02    3.26250E+02
 1.16448E+00    2.59410E+02    1.91459E+02    3.27361E+02
 1.20000E+00    2.61069E+02    1.92684E+02    3.29454E+02
 1.20420E+00    2.60694E+02    1.92407E+02    3.28981E+02
 1.22699E+00    2.58656E+02    1.90903E+02    3.26409E+02
 1.31168E+00    2.51085E+02    1.85315E+02    3.16856E+02
 1.40000E+00    2.43190E+02    1.79488E+02    3.06892E+02
 1.45182E+00    2.36921E+02    1.74861E+02    2.98981E+02
 1.47803E+00    2.33750E+02    1.72521E+02    2.94980E+02
 1.50102E+00    2.30969E+02    1.70468E+02    2.91470E+02
 1.60000E+00    2.18995E+02    1.61631E+02    2.76359E+02
 1.72807E+00    2.08534E+02    1.53910E+02    2.63158E+02
 1.74319E+00    2.07299E+02    1.52998E+02    2.61599E+02
 1.79864E+00    2.02769E+02    1.49655E+02    2.55883E+02
 1.80000E+00    2.02658E+02    1.44096E+02    2.61220E+02
 1.84401E+00    1.99830E+02    1.42085E+02    2.57574E+02
 1.91761E+00    1.95100E+02    1.38722E+02    2.51477E+02
 1.94181E+00    1.93545E+02    1.37617E+02    2.49473E+02
 1.96096E+00    1.92314E+02    1.36741E+02    2.47886E+02
 2.00000E+00    1.89805E+02    1.34958E+02    2.44652E+02
 2.01762E+00    1.88432E+02    1.33981E+02    2.42882E+02
 2.04263E+00    1.86482E+02    1.32595E+02    2.40370E+02
 2.09707E+00    1.82239E+02    1.29578E+02    2.34900E+02
 2.13135E+00    1.79567E+02    1.27678E+02    2.31456E+02
 2.17067E+00    1.76502E+02    1.25499E+02    2.27505E+02
 2.20000E+00    1.74216E+02    1.23873E+02    2.24559E+02
 2.40000E+00    1.43184E+02    1.01808E+02    1.84560E+02
 2.60000E+00    1.08716E+02    5.27920E+01    1.64640E+02
 2.80000E+00    8.09663E+01    3.93169E+01    1.22616E+02
 3.00000E+00    6.03597E+01    2.93104E+01    9.14090E+01
 3.20000E+00    4.53832E+01    2.20379E+01    6.87285E+01
 3.40000E+00    3.45167E+01    1.67612E+01    5.22722E+01
 3.60000E+00    2.65532E+01    1.28941E+01    4.02123E+01
 3.80000E+00    2.06236E+01    1.00147E+01    3.12325E+01
 4.00000E+00    1.61102E+01    7.82304E+00    2.43974E+01
 4.20000E+00    1.26223E+01    6.12933E+00    1.91153E+01
 4.40000E+00    9.88177E+00    4.79854E+00    1.49650E+01
 4.60000E+00    7.70946E+00    4.87344E+00    1.05455E+01
 4.80000E+00    5.98345E+00    3.78236E+00    8.18454E+00
 5.00000E+00    4.62027E+00    2.92064E+00    6.31989E+00
 5.20000E+00    3.55273E+00    2.24581E+00    4.85965E+00
 5.40000E+00    2.72009E+00    1.71947E+00    3.72071E+00
 5.60000E+00    2.07857E+00    1.31394E+00    2.84320E+00
 5.80000E+00    1.58805E+00    1.00387E+00    2.17223E+00
 6.00000E+00    1.21607E+00    7.68723E-01    1.66342E+00
 6.20000E+00    9.35171E-01    5.91156E-01    1.27919E+00
 6.40000E+00    7.23594E-01    4.57411E-01    9.89777E-01
 6.60000E+00    5.66303E-01    3.71933E-01    7.60673E-01
 6.80000E+00    4.50308E-01    2.95751E-01    6.04865E-01
 7.00000E+00    3.64474E-01    2.39377E-01    4.89571E-01
 7.20000E+00    3.01549E-01    1.98050E-01    4.05048E-01
 7.40000E+00    2.54941E-01    1.67439E-01    3.42443E-01
 7.60000E+00    2.20668E-01    1.44929E-01    2.96407E-01
 7.80000E+00    1.95374E-01    1.28317E-01    2.62431E-01
 8.00000E+00    1.76608E-01    1.15992E-01    2.37224E-01
 8.50000E+00    1.48527E-01    9.75487E-02    1.99505E-01
 9.00000E+00    1.35335E-01    9.40625E-02    1.76608E-01
 9.50000E+00    1.29209E-01    8.98047E-02    1.68613E-01
 1.00000E+01    1.26462E-01    8.78954E-02    1.65029E-01
 1.05000E+01    1.25315E-01    8.70982E-02    1.63532E-01
 1.10000E+01    1.24889E-01    8.68021E-02    1.62976E-01
 1.15000E+01    1.24767E-01    8.67173E-02    1.62817E-01
 1.20000E+01    1.24753E-01    8.67076E-02    1.62798E-01
 1.25000E+01    1.24770E-01    8.67194E-02    1.62821E-01
 1.30000E+01    1.24787E-01    8.62882E-02    1.63286E-01
 1.35000E+01    1.24791E-01    8.62910E-02    1.63291E-01
 1.40000E+01    1.24775E-01    8.62799E-02    1.63270E-01
 1.45000E+01    1.24747E-01    8.62606E-02    1.63233E-01
 1.50000E+01    1.24721E-01    8.62426E-02    1.63199E-01
 1.60000E+01    1.24789E-01    8.28178E-02    1.66760E-01
 1.70000E+01    1.25265E-01    8.31337E-02    1.67396E-01
 1.80000E+01    1.26418E-01    8.38989E-02    1.68937E-01
 1.90000E+01    1.28408E-01    8.52196E-02    1.71596E-01
 2.00000E+01    1.31244E-01    8.25983E-02    1.79890E-01
 2.10000E+01    1.34771E-01    8.48180E-02    1.84724E-01
 2.20000E+01    1.38692E-01    8.72857E-02    1.90098E-01
 2.30000E+01    1.42663E-01    8.97849E-02    1.95541E-01
 2.40000E+01    1.46410E-01    8.94938E-02    2.03326E-01
 2.50000E+01    1.49795E-01    9.15629E-02    2.08027E-01
 2.60000E+01    1.52808E-01    9.34046E-02    2.12211E-01
 2.70000E+01    1.55505E-01    9.50531E-02    2.15957E-01
 2.80000E+01    1.57956E-01    9.65513E-02    2.19361E-01
 2.90000E+01    1.60207E-01    9.79273E-02    2.22487E-01
 3.00000E+01    1.62271E-01    9.91889E-02    2.25353E-01
