# n + Sn123 : (n,n'04)  
# jeff3.3    A.J. Koning and D. Rochman        EVAL-DEC15
# uncertainties: y
# # energies =    93
#   E(MeV)       xs(mb)       xslow(mb)      xsupp(mb)
 8.77342E-01    0.00000E+00    0.00000E+00    0.00000E+00
 9.00000E-01    6.57963E-01    4.74821E-01    8.41105E-01
 9.27349E-01    1.31380E+00    9.48104E-01    1.67949E+00
 9.39044E-01    1.59424E+00    1.15049E+00    2.03800E+00
 1.00000E+00    3.05598E+00    2.23874E+00    3.87322E+00
 1.05287E+00    3.62781E+00    2.65764E+00    4.59797E+00
 1.08090E+00    3.93097E+00    2.87973E+00    4.98221E+00
 1.11608E+00    4.31147E+00    3.15848E+00    5.46446E+00
 1.11810E+00    4.33331E+00    3.17448E+00    5.49215E+00
 1.14563E+00    4.63107E+00    3.39261E+00    5.86953E+00
 1.16448E+00    4.83495E+00    3.54196E+00    6.12793E+00
 1.20000E+00    5.21912E+00    3.82340E+00    6.61484E+00
 1.20420E+00    5.23917E+00    3.83809E+00    6.64025E+00
 1.22699E+00    5.34796E+00    3.91778E+00    6.77813E+00
 1.31168E+00    5.75222E+00    4.21394E+00    7.29050E+00
 1.40000E+00    6.17381E+00    4.52278E+00    7.82484E+00
 1.45182E+00    6.54988E+00    4.79828E+00    8.30148E+00
 1.47803E+00    6.74009E+00    4.93762E+00    8.54255E+00
 1.50102E+00    6.90693E+00    5.05985E+00    8.75401E+00
 1.60000E+00    7.62525E+00    5.58607E+00    9.66443E+00
 1.72807E+00    8.57271E+00    6.28016E+00    1.08653E+01
 1.74319E+00    8.68457E+00    6.36211E+00    1.10070E+01
 1.79864E+00    9.09479E+00    6.66262E+00    1.15270E+01
 1.80000E+00    9.10485E+00    5.78985E+00    1.24199E+01
 1.84401E+00    9.37374E+00    5.96084E+00    1.27866E+01
 1.91761E+00    9.82342E+00    6.24679E+00    1.34000E+01
 1.94181E+00    9.97128E+00    6.34081E+00    1.36017E+01
 1.96096E+00    1.00883E+01    6.41522E+00    1.37613E+01
 2.00000E+00    1.03268E+01    6.56690E+00    1.40867E+01
 2.01762E+00    1.03939E+01    6.60954E+00    1.41782E+01
 2.04263E+00    1.04890E+01    6.67007E+00    1.43080E+01
 2.09707E+00    1.06962E+01    6.80183E+00    1.45907E+01
 2.13135E+00    1.08267E+01    6.88480E+00    1.47686E+01
 2.17067E+00    1.09764E+01    6.97996E+00    1.49728E+01
 2.20000E+00    1.10880E+01    7.05095E+00    1.51251E+01
 2.40000E+00    1.05837E+01    6.73026E+00    1.44371E+01
 2.60000E+00    9.32009E+00    3.21350E+00    1.54267E+01
 2.80000E+00    7.94342E+00    2.73884E+00    1.31480E+01
 3.00000E+00    6.67043E+00    2.29992E+00    1.10409E+01
 3.20000E+00    5.55801E+00    1.91636E+00    9.19966E+00
 3.40000E+00    4.61140E+00    1.58998E+00    7.63282E+00
 3.60000E+00    3.81427E+00    1.31513E+00    6.31341E+00
 3.80000E+00    3.14551E+00    1.08455E+00    5.20647E+00
 4.00000E+00    2.58245E+00    8.90411E-01    4.27449E+00
 4.20000E+00    2.11037E+00    7.27641E-01    3.49310E+00
 4.40000E+00    1.71392E+00    5.90948E-01    2.83689E+00
 4.60000E+00    1.38197E+00    5.61602E-01    2.20234E+00
 4.80000E+00    1.10594E+00    4.49430E-01    1.76245E+00
 5.00000E+00    8.78405E-01    3.56964E-01    1.39985E+00
 5.20000E+00    6.92733E-01    2.81511E-01    1.10395E+00
 5.40000E+00    5.43316E-01    2.20792E-01    8.65840E-01
 5.60000E+00    4.23777E-01    1.72214E-01    6.75340E-01
 5.80000E+00    3.29094E-01    1.33737E-01    5.24451E-01
 6.00000E+00    2.54776E-01    1.03535E-01    4.06017E-01
 6.20000E+00    1.96731E-01    7.99472E-02    3.13515E-01
 6.40000E+00    1.51193E-01    6.14415E-02    2.40945E-01
 6.60000E+00    1.16210E-01    0.00000E+00    2.36431E-01
 6.80000E+00    8.94150E-02    0.00000E+00    1.81916E-01
 7.00000E+00    6.88068E-02    0.00000E+00    1.39988E-01
 7.20000E+00    5.31736E-02    0.00000E+00    1.08182E-01
 7.40000E+00    4.10938E-02    0.00000E+00    8.36059E-02
 7.60000E+00    3.18782E-02    0.00000E+00    6.48567E-02
 7.80000E+00    2.47942E-02    0.00000E+00    5.04442E-02
 8.00000E+00    1.93081E-02    0.00000E+00    3.92826E-02
 8.50000E+00    1.04908E-02    0.00000E+00    2.13437E-02
 9.00000E+00    5.79354E-03    0.00000E+00    1.23135E-02
 9.50000E+00    3.24306E-03    0.00000E+00    6.89276E-03
 1.00000E+01    1.83513E-03    0.00000E+00    3.90036E-03
 1.05000E+01    1.04756E-03    0.00000E+00    2.22647E-03
 1.10000E+01    6.02397E-04    0.00000E+00    1.28033E-03
 1.15000E+01    3.48785E-04    0.00000E+00    7.41304E-04
 1.20000E+01    2.03302E-04    0.00000E+00    4.32096E-04
 1.25000E+01    1.19296E-04    0.00000E+00    2.53550E-04
 1.30000E+01    7.04582E-05    1.08408E-05    1.30076E-04
 1.35000E+01    4.18845E-05    6.44440E-06    7.73246E-05
 1.40000E+01    2.50651E-05    3.85654E-06    4.62737E-05
 1.45000E+01    1.51047E-05    2.32403E-06    2.78854E-05
 1.50000E+01    9.16911E-06    1.41077E-06    1.69275E-05
 1.60000E+01    3.45449E-06    2.77080E-07    6.63190E-06
 1.70000E+01    1.33980E-06    1.07464E-07    2.57214E-06
 1.80000E+01    5.33885E-07    4.28222E-08    1.02495E-06
 1.90000E+01    2.18008E-07    1.74861E-08    4.18530E-07
 2.00000E+01    9.03280E-08    9.03280E-08    9.03280E-08
 2.10000E+01    3.83692E-08    3.83692E-08    3.83692E-08
 2.20000E+01    1.65415E-08    1.65415E-08    1.65415E-08
 2.30000E+01    7.22976E-09    7.22976E-09    7.22976E-09
 2.40000E+01    3.20408E-09    3.20408E-09    3.20408E-09
 2.50000E+01    1.43911E-09    1.43911E-09    1.43911E-09
 2.60000E+01    6.55574E-10    6.55574E-10    6.55574E-10
 2.70000E+01    3.03036E-10    3.03036E-10    3.03036E-10
 2.80000E+01    1.42092E-10    1.42092E-10    1.42092E-10
 2.90000E+01    6.75381E-11    6.75381E-11    6.75381E-11
 3.00000E+01    3.25193E-11    3.25193E-11    3.25193E-11
