# n + Sn123 : (n,n'11)  
# jeff3.3    A.J. Koning and D. Rochman        EVAL-DEC15
# uncertainties: n
# # energies =    84
#   E(MeV)       xs(mb) 
 1.14563E+00    0.00000E+00
 1.16448E+00    5.22671E+00
 1.20000E+00    1.50757E+01
 1.20420E+00    1.56108E+01
 1.22699E+00    1.85141E+01
 1.31168E+00    2.93034E+01
 1.40000E+00    4.05551E+01
 1.45182E+00    4.26917E+01
 1.47803E+00    4.37723E+01
 1.50102E+00    4.47202E+01
 1.60000E+00    4.88012E+01
 1.72807E+00    5.19555E+01
 1.74319E+00    5.23279E+01
 1.79864E+00    5.36936E+01
 1.80000E+00    5.37271E+01
 1.84401E+00    5.44960E+01
 1.91761E+00    5.57820E+01
 1.94181E+00    5.62048E+01
 1.96096E+00    5.65394E+01
 2.00000E+00    5.72215E+01
 2.01762E+00    5.72995E+01
 2.04263E+00    5.74101E+01
 2.09707E+00    5.76510E+01
 2.13135E+00    5.78027E+01
 2.17067E+00    5.79767E+01
 2.20000E+00    5.81065E+01
 2.40000E+00    5.21885E+01
 2.60000E+00    4.27696E+01
 2.80000E+00    3.38037E+01
 3.00000E+00    2.63152E+01
 3.20000E+00    2.03686E+01
 3.40000E+00    1.57586E+01
 3.60000E+00    1.22176E+01
 3.80000E+00    9.50444E+00
 4.00000E+00    7.41392E+00
 4.20000E+00    5.80018E+00
 4.40000E+00    4.54369E+00
 4.60000E+00    3.55901E+00
 4.80000E+00    2.78427E+00
 5.00000E+00    2.17379E+00
 5.20000E+00    1.69281E+00
 5.40000E+00    1.31468E+00
 5.60000E+00    1.01929E+00
 5.80000E+00    7.89259E-01
 6.00000E+00    6.11048E-01
 6.20000E+00    4.73544E-01
 6.40000E+00    3.67223E-01
 6.60000E+00    2.86215E-01
 6.80000E+00    2.24927E-01
 7.00000E+00    1.78397E-01
 7.20000E+00    1.43417E-01
 7.40000E+00    1.16839E-01
 7.60000E+00    9.68059E-02
 7.80000E+00    8.16501E-02
 8.00000E+00    7.01314E-02
 8.50000E+00    5.22133E-02
 9.00000E+00    4.32535E-02
 9.50000E+00    3.87611E-02
 1.00000E+01    3.64982E-02
 1.05000E+01    3.53350E-02
 1.10000E+01    3.46965E-02
 1.15000E+01    3.42914E-02
 1.20000E+01    3.39754E-02
 1.25000E+01    3.36805E-02
 1.30000E+01    3.33789E-02
 1.35000E+01    3.30618E-02
 1.40000E+01    3.27303E-02
 1.45000E+01    3.23889E-02
 1.50000E+01    3.20438E-02
 1.60000E+01    3.13625E-02
 1.70000E+01    3.07175E-02
 1.80000E+01    3.01219E-02
 1.90000E+01    2.95732E-02
 2.00000E+01    2.90534E-02
 2.10000E+01    2.85348E-02
 2.20000E+01    2.79910E-02
 2.30000E+01    2.74092E-02
 2.40000E+01    2.67946E-02
 2.50000E+01    2.61643E-02
 2.60000E+01    2.55380E-02
 2.70000E+01    2.49312E-02
 2.80000E+01    2.43508E-02
 2.90000E+01    2.37977E-02
 3.00000E+01    2.32676E-02
