# n + Sn123 : (n,n'14)  
# jeff3.3    A.J. Koning and D. Rochman        EVAL-DEC15
# uncertainties: n
# # energies =    80
#   E(MeV)       xs(mb) 
 1.22699E+00    0.00000E+00
 1.31168E+00    6.57137E+01
 1.40000E+00    1.34244E+02
 1.45182E+00    1.44430E+02
 1.47803E+00    1.49582E+02
 1.50102E+00    1.54102E+02
 1.60000E+00    1.73558E+02
 1.72807E+00    1.83732E+02
 1.74319E+00    1.84934E+02
 1.79864E+00    1.89339E+02
 1.80000E+00    1.89447E+02
 1.84401E+00    1.90609E+02
 1.91761E+00    1.92552E+02
 1.94181E+00    1.93191E+02
 1.96096E+00    1.93696E+02
 2.00000E+00    1.94727E+02
 2.01762E+00    1.94487E+02
 2.04263E+00    1.94147E+02
 2.09707E+00    1.93406E+02
 2.13135E+00    1.92939E+02
 2.17067E+00    1.92404E+02
 2.20000E+00    1.92005E+02
 2.40000E+00    1.69815E+02
 2.60000E+00    1.38189E+02
 2.80000E+00    1.09970E+02
 3.00000E+00    8.75071E+01
 3.20000E+00    7.03244E+01
 3.40000E+00    5.73888E+01
 3.60000E+00    4.76992E+01
 3.80000E+00    4.04358E+01
 4.00000E+00    3.49593E+01
 4.20000E+00    3.08185E+01
 4.40000E+00    2.76561E+01
 4.60000E+00    2.52119E+01
 4.80000E+00    2.32964E+01
 5.00000E+00    2.17692E+01
 5.20000E+00    2.05246E+01
 5.40000E+00    1.94850E+01
 5.60000E+00    1.85956E+01
 5.80000E+00    1.78161E+01
 6.00000E+00    1.71165E+01
 6.20000E+00    1.64775E+01
 6.40000E+00    1.58844E+01
 6.60000E+00    1.53316E+01
 6.80000E+00    1.48134E+01
 7.00000E+00    1.43260E+01
 7.20000E+00    1.38681E+01
 7.40000E+00    1.34378E+01
 7.60000E+00    1.30351E+01
 7.80000E+00    1.26593E+01
 8.00000E+00    1.23099E+01
 8.50000E+00    1.15461E+01
 9.00000E+00    1.09210E+01
 9.50000E+00    1.04059E+01
 1.00000E+01    9.97002E+00
 1.05000E+01    9.58592E+00
 1.10000E+01    9.23337E+00
 1.15000E+01    8.90005E+00
 1.20000E+01    8.58028E+00
 1.25000E+01    8.27278E+00
 1.30000E+01    7.97866E+00
 1.35000E+01    7.69987E+00
 1.40000E+01    7.43851E+00
 1.45000E+01    7.19629E+00
 1.50000E+01    6.97431E+00
 1.60000E+01    6.58919E+00
 1.70000E+01    6.27127E+00
 1.80000E+01    6.00081E+00
 1.90000E+01    5.76162E+00
 2.00000E+01    5.54423E+00
 2.10000E+01    5.34134E+00
 2.20000E+01    5.14474E+00
 2.30000E+01    4.94860E+00
 2.40000E+01    4.75358E+00
 2.50000E+01    4.56611E+00
 2.60000E+01    4.39385E+00
 2.70000E+01    4.24216E+00
 2.80000E+01    4.11229E+00
 2.90000E+01    4.00200E+00
 3.00000E+01    3.90638E+00
