# n + Sn123 : (n,n'15)  
# jeff3.3    A.J. Koning and D. Rochman        EVAL-DEC15
# uncertainties: n
# # energies =    79
#   E(MeV)       xs(mb) 
 1.31168E+00    0.00000E+00
 1.40000E+00    4.21711E+00
 1.45182E+00    5.57952E+00
 1.47803E+00    6.26861E+00
 1.50102E+00    6.87304E+00
 1.60000E+00    9.47533E+00
 1.72807E+00    1.16836E+01
 1.74319E+00    1.19443E+01
 1.79864E+00    1.29003E+01
 1.80000E+00    1.29238E+01
 1.84401E+00    1.35924E+01
 1.91761E+00    1.47106E+01
 1.94181E+00    1.50782E+01
 1.96096E+00    1.53692E+01
 2.00000E+00    1.59623E+01
 2.01762E+00    1.61688E+01
 2.04263E+00    1.64618E+01
 2.09707E+00    1.70997E+01
 2.13135E+00    1.75013E+01
 2.17067E+00    1.79620E+01
 2.20000E+00    1.83057E+01
 2.40000E+00    1.82657E+01
 2.60000E+00    1.64926E+01
 2.80000E+00    1.42165E+01
 3.00000E+00    1.19581E+01
 3.20000E+00    9.92597E+00
 3.40000E+00    8.18925E+00
 3.60000E+00    6.74286E+00
 3.80000E+00    5.55408E+00
 4.00000E+00    4.57733E+00
 4.20000E+00    3.77601E+00
 4.40000E+00    3.11217E+00
 4.60000E+00    2.55745E+00
 4.80000E+00    2.09132E+00
 5.00000E+00    1.69910E+00
 5.20000E+00    1.37012E+00
 5.40000E+00    1.09642E+00
 5.60000E+00    8.71063E-01
 5.80000E+00    6.88828E-01
 6.00000E+00    5.42902E-01
 6.20000E+00    4.27388E-01
 6.40000E+00    3.36444E-01
 6.60000E+00    2.66415E-01
 6.80000E+00    2.12990E-01
 7.00000E+00    1.72348E-01
 7.20000E+00    1.41853E-01
 7.40000E+00    1.18683E-01
 7.60000E+00    1.01367E-01
 7.80000E+00    8.83332E-02
 8.00000E+00    7.85041E-02
 8.50000E+00    6.34236E-02
 9.00000E+00    5.60342E-02
 9.50000E+00    5.23904E-02
 1.00000E+01    5.05723E-02
 1.05000E+01    4.96356E-02
 1.10000E+01    4.91115E-02
 1.15000E+01    4.87668E-02
 1.20000E+01    4.84876E-02
 1.25000E+01    4.82218E-02
 1.30000E+01    4.79486E-02
 1.35000E+01    4.76617E-02
 1.40000E+01    4.73619E-02
 1.45000E+01    4.70528E-02
 1.50000E+01    4.67397E-02
 1.60000E+01    4.61233E-02
 1.70000E+01    4.55584E-02
 1.80000E+01    4.50760E-02
 1.90000E+01    4.46791E-02
 2.00000E+01    4.43370E-02
 2.10000E+01    4.39967E-02
 2.20000E+01    4.36041E-02
 2.30000E+01    4.31275E-02
 2.40000E+01    4.25652E-02
 2.50000E+01    4.19391E-02
 2.60000E+01    4.12799E-02
 2.70000E+01    4.06139E-02
 2.80000E+01    3.99551E-02
 2.90000E+01    3.93060E-02
 3.00000E+01    3.86609E-02
