# n + Sn123 : (n,n'16)  
# jeff3.3    A.J. Koning and D. Rochman        EVAL-DEC15
# uncertainties: n
# # energies =    77
#   E(MeV)       xs(mb) 
 1.45182E+00    0.00000E+00
 1.47803E+00    8.00115E+00
 1.50102E+00    1.50193E+01
 1.60000E+00    4.52351E+01
 1.72807E+00    5.91260E+01
 1.74319E+00    6.07660E+01
 1.79864E+00    6.67803E+01
 1.80000E+00    6.69278E+01
 1.84401E+00    6.90143E+01
 1.91761E+00    7.25035E+01
 1.94181E+00    7.36508E+01
 1.96096E+00    7.45587E+01
 2.00000E+00    7.64095E+01
 2.01762E+00    7.68586E+01
 2.04263E+00    7.74961E+01
 2.09707E+00    7.88838E+01
 2.13135E+00    7.97576E+01
 2.17067E+00    8.07599E+01
 2.20000E+00    8.15075E+01
 2.40000E+00    7.66218E+01
 2.60000E+00    6.58238E+01
 2.80000E+00    5.49395E+01
 3.00000E+00    4.55658E+01
 3.20000E+00    3.79502E+01
 3.40000E+00    3.19497E+01
 3.60000E+00    2.72999E+01
 3.80000E+00    2.37293E+01
 4.00000E+00    2.09886E+01
 4.20000E+00    1.88922E+01
 4.40000E+00    1.72769E+01
 4.60000E+00    1.60201E+01
 4.80000E+00    1.50292E+01
 5.00000E+00    1.42329E+01
 5.20000E+00    1.35771E+01
 5.40000E+00    1.30215E+01
 5.60000E+00    1.25361E+01
 5.80000E+00    1.21003E+01
 6.00000E+00    1.17008E+01
 6.20000E+00    1.13255E+01
 6.40000E+00    1.09684E+01
 6.60000E+00    1.06282E+01
 6.80000E+00    1.03026E+01
 7.00000E+00    9.99044E+00
 7.20000E+00    9.69251E+00
 7.40000E+00    9.40825E+00
 7.60000E+00    9.13866E+00
 7.80000E+00    8.88412E+00
 8.00000E+00    8.64488E+00
 8.50000E+00    8.11433E+00
 9.00000E+00    7.67366E+00
 9.50000E+00    7.30856E+00
 1.00000E+01    7.00075E+00
 1.05000E+01    6.73229E+00
 1.10000E+01    6.48863E+00
 1.15000E+01    6.25994E+00
 1.20000E+01    6.04103E+00
 1.25000E+01    5.83018E+00
 1.30000E+01    5.62779E+00
 1.35000E+01    5.43511E+00
 1.40000E+01    5.25364E+00
 1.45000E+01    5.08464E+00
 1.50000E+01    4.92905E+00
 1.60000E+01    4.65769E+00
 1.70000E+01    4.43325E+00
 1.80000E+01    4.24296E+00
 1.90000E+01    4.07538E+00
 2.00000E+01    3.92347E+00
 2.10000E+01    3.78218E+00
 2.20000E+01    3.64593E+00
 2.30000E+01    3.51028E+00
 2.40000E+01    3.37498E+00
 2.50000E+01    3.24396E+00
 2.60000E+01    3.12258E+00
 2.70000E+01    3.01496E+00
 2.80000E+01    2.92242E+00
 2.90000E+01    2.84378E+00
 3.00000E+01    2.77586E+00
