# n + Sn123 : (n,n'21)  
# jeff3.3    A.J. Koning and D. Rochman        EVAL-DEC15
# uncertainties: n
# # energies =    71
#   E(MeV)       xs(mb) 
 1.79864E+00    0.00000E+00
 1.80000E+00    3.46554E-03
 1.84401E+00    4.29393E-02
 1.91761E+00    1.08953E-01
 1.94181E+00    1.30659E-01
 1.96096E+00    1.47835E-01
 2.00000E+00    1.82851E-01
 2.01762E+00    2.01065E-01
 2.04263E+00    2.26919E-01
 2.09707E+00    2.83195E-01
 2.13135E+00    3.18631E-01
 2.17067E+00    3.59278E-01
 2.20000E+00    3.89597E-01
 2.40000E+00    5.99911E-01
 2.60000E+00    7.70678E-01
 2.80000E+00    8.84833E-01
 3.00000E+00    9.39609E-01
 3.20000E+00    9.42409E-01
 3.40000E+00    9.05873E-01
 3.60000E+00    8.43157E-01
 3.80000E+00    7.65981E-01
 4.00000E+00    6.82861E-01
 4.20000E+00    6.00584E-01
 4.40000E+00    5.22514E-01
 4.60000E+00    4.50439E-01
 4.80000E+00    3.85000E-01
 5.00000E+00    3.26164E-01
 5.20000E+00    2.73603E-01
 5.40000E+00    2.27035E-01
 5.60000E+00    1.86216E-01
 5.80000E+00    1.50927E-01
 6.00000E+00    1.20913E-01
 6.20000E+00    9.58808E-02
 6.40000E+00    7.52053E-02
 6.60000E+00    5.85499E-02
 6.80000E+00    4.53963E-02
 7.00000E+00    3.50567E-02
 7.20000E+00    2.70712E-02
 7.40000E+00    2.08480E-02
 7.60000E+00    1.60859E-02
 7.80000E+00    1.24191E-02
 8.00000E+00    9.59551E-03
 8.50000E+00    5.10243E-03
 9.00000E+00    2.76301E-03
 9.50000E+00    1.52365E-03
 1.00000E+01    8.54054E-04
 1.05000E+01    4.85357E-04
 1.10000E+01    2.78911E-04
 1.15000E+01    1.61769E-04
 1.20000E+01    9.45904E-05
 1.25000E+01    5.57289E-05
 1.30000E+01    3.30684E-05
 1.35000E+01    1.97592E-05
 1.40000E+01    1.18881E-05
 1.45000E+01    7.20149E-06
 1.50000E+01    4.39251E-06
 1.60000E+01    1.66736E-06
 1.70000E+01    6.49621E-07
 1.80000E+01    2.59395E-07
 1.90000E+01    1.05966E-07
 2.00000E+01    4.39087E-08
 2.10000E+01    1.86727E-08
 2.20000E+01    8.07312E-09
 2.30000E+01    3.54266E-09
 2.40000E+01    1.57625E-09
 2.50000E+01    7.10045E-10
 2.60000E+01    3.23975E-10
 2.70000E+01    1.49838E-10
 2.80000E+01    7.02603E-11
 2.90000E+01    3.33957E-11
 3.00000E+01    1.60850E-11
