# n + Sn123 : (n,n'22)  
# jeff3.3    A.J. Koning and D. Rochman        EVAL-DEC15
# uncertainties: n
# # energies =    69
#   E(MeV)       xs(mb) 
 1.84401E+00    0.00000E+00
 1.91761E+00    1.81586E+00
 1.94181E+00    2.41292E+00
 1.96096E+00    2.88539E+00
 2.00000E+00    3.84858E+00
 2.01762E+00    4.11758E+00
 2.04263E+00    4.49939E+00
 2.09707E+00    5.33049E+00
 2.13135E+00    5.85382E+00
 2.17067E+00    6.45410E+00
 2.20000E+00    6.90186E+00
 2.40000E+00    8.17739E+00
 2.60000E+00    8.32742E+00
 2.80000E+00    7.88659E+00
 3.00000E+00    7.13365E+00
 3.20000E+00    6.24430E+00
 3.40000E+00    5.33794E+00
 3.60000E+00    4.48599E+00
 3.80000E+00    3.72584E+00
 4.00000E+00    3.06803E+00
 4.20000E+00    2.51395E+00
 4.40000E+00    2.05314E+00
 4.60000E+00    1.67361E+00
 4.80000E+00    1.36310E+00
 5.00000E+00    1.11002E+00
 5.20000E+00    9.03994E-01
 5.40000E+00    7.36477E-01
 5.60000E+00    6.00405E-01
 5.80000E+00    4.90091E-01
 6.00000E+00    4.01022E-01
 6.20000E+00    3.29395E-01
 6.40000E+00    2.71728E-01
 6.60000E+00    2.25979E-01
 6.80000E+00    1.89986E-01
 7.00000E+00    1.61550E-01
 7.20000E+00    1.39312E-01
 7.40000E+00    1.21615E-01
 7.60000E+00    1.07682E-01
 7.80000E+00    9.65803E-02
 8.00000E+00    8.76597E-02
 8.50000E+00    7.22239E-02
 9.00000E+00    6.28248E-02
 9.50000E+00    5.67922E-02
 1.00000E+01    5.26961E-02
 1.05000E+01    4.97371E-02
 1.10000E+01    4.74507E-02
 1.15000E+01    4.55616E-02
 1.20000E+01    4.39099E-02
 1.25000E+01    4.24093E-02
 1.30000E+01    4.10185E-02
 1.35000E+01    3.97211E-02
 1.40000E+01    3.85127E-02
 1.45000E+01    3.73931E-02
 1.50000E+01    3.63637E-02
 1.60000E+01    3.45670E-02
 1.70000E+01    3.30894E-02
 1.80000E+01    3.18648E-02
 1.90000E+01    3.08258E-02
 2.00000E+01    2.99227E-02
 2.10000E+01    2.91173E-02
 2.20000E+01    2.83665E-02
 2.30000E+01    2.76301E-02
 2.40000E+01    2.68908E-02
 2.50000E+01    2.61622E-02
 2.60000E+01    2.54750E-02
 2.70000E+01    2.48586E-02
 2.80000E+01    2.43253E-02
 2.90000E+01    2.38703E-02
 3.00000E+01    2.34739E-02
