# n + Sn125 : (n,tot)   
# jeff3.3    A.J. Koning and D. Rochman        EVAL-DEC15
# uncertainties: y
# # energies =  1608
#   E(MeV)       xs(mb)       xslow(mb)      xsupp(mb)
 1.00000E-11    3.60048E+05    3.60048E+05    3.60048E+05
 1.03223E-11    3.54397E+05    3.54397E+05    3.54397E+05
 1.06549E-11    3.48837E+05    3.48837E+05    3.48837E+05
 1.09984E-11    3.43363E+05    3.43363E+05    3.43363E+05
 1.13527E-11    3.37978E+05    3.37978E+05    3.37978E+05
 1.17186E-11    3.32675E+05    3.32675E+05    3.32675E+05
 1.20962E-11    3.27458E+05    3.27458E+05    3.27458E+05
 1.24861E-11    3.22322E+05    3.22322E+05    3.22322E+05
 1.28884E-11    3.17268E+05    3.17268E+05    3.17268E+05
 1.33038E-11    3.12292E+05    3.12292E+05    3.12292E+05
 1.37325E-11    3.07397E+05    3.07397E+05    3.07397E+05
 1.41751E-11    3.02577E+05    3.02577E+05    3.02577E+05
 1.46318E-11    2.97836E+05    2.97836E+05    2.97836E+05
 1.51034E-11    2.93167E+05    2.93167E+05    2.93167E+05
 1.55901E-11    2.88573E+05    2.88573E+05    2.88573E+05
 1.60926E-11    2.84051E+05    2.84051E+05    2.84051E+05
 1.66111E-11    2.79602E+05    2.79602E+05    2.79602E+05
 1.71465E-11    2.75221E+05    2.75221E+05    2.75221E+05
 1.76990E-11    2.70911E+05    2.70911E+05    2.70911E+05
 1.82694E-11    2.66668E+05    2.66668E+05    2.66668E+05
 1.88581E-11    2.62493E+05    2.62493E+05    2.62493E+05
 1.94659E-11    2.58383E+05    2.58383E+05    2.58383E+05
 2.00931E-11    2.54339E+05    2.54339E+05    2.54339E+05
 2.07407E-11    2.50358E+05    2.50358E+05    2.50358E+05
 2.14090E-11    2.46441E+05    2.46441E+05    2.46441E+05
 2.20991E-11    2.42585E+05    2.42585E+05    2.42585E+05
 2.28111E-11    2.38791E+05    2.38791E+05    2.38791E+05
 2.35464E-11    2.35056E+05    2.35056E+05    2.35056E+05
 2.43051E-11    2.31381E+05    2.31381E+05    2.31381E+05
 2.50884E-11    2.27763E+05    2.27763E+05    2.27763E+05
 2.58968E-11    2.24204E+05    2.24204E+05    2.24204E+05
 2.67315E-11    2.20700E+05    2.20700E+05    2.20700E+05
 2.75928E-11    2.17252E+05    2.17252E+05    2.17252E+05
 2.84822E-11    2.13858E+05    2.13858E+05    2.13858E+05
 2.93999E-11    2.10519E+05    2.10519E+05    2.10519E+05
 3.03475E-11    2.07231E+05    2.07231E+05    2.07231E+05
 3.13253E-11    2.03997E+05    2.03997E+05    2.03997E+05
 3.23350E-11    2.00813E+05    2.00813E+05    2.00813E+05
 3.33769E-11    1.97681E+05    1.97681E+05    1.97681E+05
 3.44526E-11    1.94597E+05    1.94597E+05    1.94597E+05
 3.55627E-11    1.91563E+05    1.91563E+05    1.91563E+05
 3.67089E-11    1.88577E+05    1.88577E+05    1.88577E+05
 3.78918E-11    1.85638E+05    1.85638E+05    1.85638E+05
 3.91130E-11    1.82746E+05    1.82746E+05    1.82746E+05
 4.03734E-11    1.79900E+05    1.79900E+05    1.79900E+05
 4.16746E-11    1.77098E+05    1.77098E+05    1.77098E+05
 4.30174E-11    1.74342E+05    1.74342E+05    1.74342E+05
 4.44039E-11    1.71629E+05    1.71629E+05    1.71629E+05
 4.58347E-11    1.68960E+05    1.68960E+05    1.68960E+05
 4.73119E-11    1.66332E+05    1.66332E+05    1.66332E+05
 4.88364E-11    1.63747E+05    1.63747E+05    1.63747E+05
 5.04104E-11    1.61203E+05    1.61203E+05    1.61203E+05
 5.20348E-11    1.58700E+05    1.58700E+05    1.58700E+05
 5.37119E-11    1.56235E+05    1.56235E+05    1.56235E+05
 5.54426E-11    1.53811E+05    1.53811E+05    1.53811E+05
 5.72295E-11    1.51425E+05    1.51425E+05    1.51425E+05
 5.90736E-11    1.49077E+05    1.49077E+05    1.49077E+05
 6.09775E-11    1.46766E+05    1.46766E+05    1.46766E+05
 6.29424E-11    1.44493E+05    1.44493E+05    1.44493E+05
 6.49710E-11    1.42255E+05    1.42255E+05    1.42255E+05
 6.70645E-11    1.40054E+05    1.40054E+05    1.40054E+05
 6.92260E-11    1.37887E+05    1.37887E+05    1.37887E+05
 7.14566E-11    1.35756E+05    1.35756E+05    1.35756E+05
 7.37596E-11    1.33658E+05    1.33658E+05    1.33658E+05
 7.61364E-11    1.31593E+05    1.31593E+05    1.31593E+05
 7.85902E-11    1.29562E+05    1.29562E+05    1.29562E+05
 8.11227E-11    1.27563E+05    1.27563E+05    1.27563E+05
 8.37372E-11    1.25596E+05    1.25596E+05    1.25596E+05
 8.64355E-11    1.23661E+05    1.23661E+05    1.23661E+05
 8.92212E-11    1.21757E+05    1.21757E+05    1.21757E+05
 9.20962E-11    1.19883E+05    1.19883E+05    1.19883E+05
 9.50644E-11    1.18039E+05    1.18039E+05    1.18039E+05
 9.81277E-11    1.16225E+05    1.16225E+05    1.16225E+05
 1.01291E-10    1.14440E+05    1.14440E+05    1.14440E+05
 1.04554E-10    1.12684E+05    1.12684E+05    1.12684E+05
 1.07924E-10    1.10955E+05    1.10955E+05    1.10955E+05
 1.11402E-10    1.09255E+05    1.09255E+05    1.09255E+05
 1.14992E-10    1.07582E+05    1.07582E+05    1.07582E+05
 1.18697E-10    1.05936E+05    1.05936E+05    1.05936E+05
 1.22523E-10    1.04316E+05    1.04316E+05    1.04316E+05
 1.26471E-10    1.02723E+05    1.02723E+05    1.02723E+05
 1.30547E-10    1.01154E+05    1.01154E+05    1.01154E+05
 1.34754E-10    9.96120E+04    9.96120E+04    9.96120E+04
 1.39097E-10    9.80939E+04    9.80939E+04    9.80939E+04
 1.43579E-10    9.66009E+04    9.66009E+04    9.66009E+04
 1.48207E-10    9.51315E+04    9.51315E+04    9.51315E+04
 1.52982E-10    9.36863E+04    9.36863E+04    9.36863E+04
 1.57913E-10    9.22639E+04    9.22639E+04    9.22639E+04
 1.63001E-10    9.08650E+04    9.08650E+04    9.08650E+04
 1.68254E-10    8.94883E+04    8.94883E+04    8.94883E+04
 1.73676E-10    8.81343E+04    8.81343E+04    8.81343E+04
 1.79274E-10    8.68018E+04    8.68018E+04    8.68018E+04
 1.85050E-10    8.54913E+04    8.54913E+04    8.54913E+04
 1.91014E-10    8.42016E+04    8.42016E+04    8.42016E+04
 1.97169E-10    8.29332E+04    8.29332E+04    8.29332E+04
 2.03524E-10    8.16850E+04    8.16850E+04    8.16850E+04
 2.10082E-10    8.04575E+04    8.04575E+04    8.04575E+04
 2.16853E-10    7.92495E+04    7.92495E+04    7.92495E+04
 2.23840E-10    7.80615E+04    7.80615E+04    7.80615E+04
 2.31055E-10    7.68924E+04    7.68924E+04    7.68924E+04
 2.38500E-10    7.57427E+04    7.57427E+04    7.57427E+04
 2.46187E-10    7.46114E+04    7.46114E+04    7.46114E+04
 2.54120E-10    7.34988E+04    7.34988E+04    7.34988E+04
 2.62310E-10    7.24040E+04    7.24040E+04    7.24040E+04
 2.70762E-10    7.13273E+04    7.13273E+04    7.13273E+04
 2.79489E-10    7.02679E+04    7.02679E+04    7.02679E+04
 2.88494E-10    6.92260E+04    6.92260E+04    6.92260E+04
 2.97793E-10    6.82009E+04    6.82009E+04    6.82009E+04
 3.07388E-10    6.71927E+04    6.71927E+04    6.71927E+04
 3.17295E-10    6.62007E+04    6.62007E+04    6.62007E+04
 3.27519E-10    6.52252E+04    6.52252E+04    6.52252E+04
 3.38075E-10    6.42653E+04    6.42653E+04    6.42653E+04
 3.48969E-10    6.33214E+04    6.33214E+04    6.33214E+04
 3.60216E-10    6.23926E+04    6.23926E+04    6.23926E+04
 3.71823E-10    6.14792E+04    6.14792E+04    6.14792E+04
 3.83807E-10    6.05806E+04    6.05806E+04    6.05806E+04
 3.96174E-10    5.96968E+04    5.96968E+04    5.96968E+04
 4.08943E-10    5.88273E+04    5.88273E+04    5.88273E+04
 4.22120E-10    5.79721E+04    5.79721E+04    5.79721E+04
 4.35725E-10    5.71308E+04    5.71308E+04    5.71308E+04
 4.49765E-10    5.63034E+04    5.63034E+04    5.63034E+04
 4.65242E-10    5.54357E+04    5.54357E+04    5.54357E+04
 4.81252E-10    5.45831E+04    5.45831E+04    5.45831E+04
 4.97812E-10    5.37453E+04    5.37453E+04    5.37453E+04
 5.14942E-10    5.29222E+04    5.29222E+04    5.29222E+04
 5.32662E-10    5.21134E+04    5.21134E+04    5.21134E+04
 5.50992E-10    5.13187E+04    5.13187E+04    5.13187E+04
 5.69952E-10    5.05379E+04    5.05379E+04    5.05379E+04
 5.89565E-10    4.97706E+04    4.97706E+04    4.97706E+04
 6.09852E-10    4.90168E+04    4.90168E+04    4.90168E+04
 6.30838E-10    4.82760E+04    4.82760E+04    4.82760E+04
 6.52546E-10    4.75482E+04    4.75482E+04    4.75482E+04
 6.75001E-10    4.68330E+04    4.68330E+04    4.68330E+04
 6.98228E-10    4.61303E+04    4.61303E+04    4.61303E+04
 7.22255E-10    4.54398E+04    4.54398E+04    4.54398E+04
 7.47109E-10    4.47614E+04    4.47614E+04    4.47614E+04
 7.72818E-10    4.40947E+04    4.40947E+04    4.40947E+04
 7.99411E-10    4.34396E+04    4.34396E+04    4.34396E+04
 8.26920E-10    4.27960E+04    4.27960E+04    4.27960E+04
 8.55375E-10    4.21635E+04    4.21635E+04    4.21635E+04
 8.84810E-10    4.15419E+04    4.15419E+04    4.15419E+04
 9.15257E-10    4.09312E+04    4.09312E+04    4.09312E+04
 9.46752E-10    4.03311E+04    4.03311E+04    4.03311E+04
 9.79331E-10    3.97414E+04    3.97414E+04    3.97414E+04
 1.01303E-09    3.91619E+04    3.91619E+04    3.91619E+04
 1.04789E-09    3.85924E+04    3.85924E+04    3.85924E+04
 1.08395E-09    3.80329E+04    3.80329E+04    3.80329E+04
 1.12125E-09    3.74830E+04    3.74830E+04    3.74830E+04
 1.15983E-09    3.69426E+04    3.69426E+04    3.69426E+04
 1.19974E-09    3.64116E+04    3.64116E+04    3.64116E+04
 1.24103E-09    3.58898E+04    3.58898E+04    3.58898E+04
 1.28373E-09    3.53769E+04    3.53769E+04    3.53769E+04
 1.32791E-09    3.48730E+04    3.48730E+04    3.48730E+04
 1.37360E-09    3.43778E+04    3.43778E+04    3.43778E+04
 1.42087E-09    3.38911E+04    3.38911E+04    3.38911E+04
 1.46977E-09    3.34128E+04    3.34128E+04    3.34128E+04
 1.52034E-09    3.29427E+04    3.29427E+04    3.29427E+04
 1.57266E-09    3.24808E+04    3.24808E+04    3.24808E+04
 1.62678E-09    3.20268E+04    3.20268E+04    3.20268E+04
 1.68275E-09    3.15806E+04    3.15806E+04    3.15806E+04
 1.74066E-09    3.11421E+04    3.11421E+04    3.11421E+04
 1.80056E-09    3.07112E+04    3.07112E+04    3.07112E+04
 1.86252E-09    3.02877E+04    3.02877E+04    3.02877E+04
 1.93069E-09    2.98456E+04    2.98456E+04    2.98456E+04
 2.00135E-09    2.94117E+04    2.94117E+04    2.94117E+04
 2.07461E-09    2.89857E+04    2.89857E+04    2.89857E+04
 2.15054E-09    2.85674E+04    2.85674E+04    2.85674E+04
 2.22925E-09    2.81568E+04    2.81568E+04    2.81568E+04
 2.31084E-09    2.77537E+04    2.77537E+04    2.77537E+04
 2.39542E-09    2.73578E+04    2.73578E+04    2.73578E+04
 2.48309E-09    2.69693E+04    2.69693E+04    2.69693E+04
 2.57398E-09    2.65877E+04    2.65877E+04    2.65877E+04
 2.66818E-09    2.62132E+04    2.62132E+04    2.62132E+04
 2.76585E-09    2.58454E+04    2.58454E+04    2.58454E+04
 2.86707E-09    2.54844E+04    2.54844E+04    2.54844E+04
 2.97202E-09    2.51298E+04    2.51298E+04    2.51298E+04
 3.08079E-09    2.47818E+04    2.47818E+04    2.47818E+04
 3.19356E-09    2.44400E+04    2.44400E+04    2.44400E+04
 3.31043E-09    2.41045E+04    2.41045E+04    2.41045E+04
 3.43161E-09    2.37750E+04    2.37750E+04    2.37750E+04
 3.55720E-09    2.34516E+04    2.34516E+04    2.34516E+04
 3.68740E-09    2.31339E+04    2.31339E+04    2.31339E+04
 3.82236E-09    2.28221E+04    2.28221E+04    2.28221E+04
 3.96227E-09    2.25159E+04    2.25159E+04    2.25159E+04
 4.10728E-09    2.22153E+04    2.22153E+04    2.22153E+04
 4.25762E-09    2.19201E+04    2.19201E+04    2.19201E+04
 4.41344E-09    2.16302E+04    2.16302E+04    2.16302E+04
 4.57499E-09    2.13456E+04    2.13456E+04    2.13456E+04
 4.74242E-09    2.10662E+04    2.10662E+04    2.10662E+04
 4.92641E-09    2.07758E+04    2.07758E+04    2.07758E+04
 5.11753E-09    2.04910E+04    2.04910E+04    2.04910E+04
 5.31606E-09    2.02116E+04    2.02116E+04    2.02116E+04
 5.52230E-09    1.99376E+04    1.99376E+04    1.99376E+04
 5.73653E-09    1.96688E+04    1.96688E+04    1.96688E+04
 5.95908E-09    1.94052E+04    1.94052E+04    1.94052E+04
 6.19027E-09    1.91466E+04    1.91466E+04    1.91466E+04
 6.43042E-09    1.88929E+04    1.88929E+04    1.88929E+04
 6.67989E-09    1.86441E+04    1.86441E+04    1.86441E+04
 6.93903E-09    1.84001E+04    1.84001E+04    1.84001E+04
 7.20823E-09    1.81607E+04    1.81607E+04    1.81607E+04
 7.48788E-09    1.79259E+04    1.79259E+04    1.79259E+04
 7.77837E-09    1.76955E+04    1.76955E+04    1.76955E+04
 8.08013E-09    1.74696E+04    1.74696E+04    1.74696E+04
 8.39360E-09    1.72479E+04    1.72479E+04    1.72479E+04
 8.71923E-09    1.70305E+04    1.70305E+04    1.70305E+04
 9.05749E-09    1.68172E+04    1.68172E+04    1.68172E+04
 9.42882E-09    1.65965E+04    1.65965E+04    1.65965E+04
 9.81532E-09    1.63803E+04    1.63803E+04    1.63803E+04
 1.02177E-08    1.61683E+04    1.61683E+04    1.61683E+04
 1.06365E-08    1.59607E+04    1.59607E+04    1.59607E+04
 1.10726E-08    1.57572E+04    1.57572E+04    1.57572E+04
 1.15265E-08    1.55579E+04    1.55579E+04    1.55579E+04
 1.19990E-08    1.53625E+04    1.53625E+04    1.53625E+04
 1.24909E-08    1.51710E+04    1.51710E+04    1.51710E+04
 1.30030E-08    1.49834E+04    1.49834E+04    1.49834E+04
 1.35360E-08    1.47996E+04    1.47996E+04    1.47996E+04
 1.40909E-08    1.46194E+04    1.46194E+04    1.46194E+04
 1.46685E-08    1.44429E+04    1.44429E+04    1.44429E+04
 1.52699E-08    1.42699E+04    1.42699E+04    1.42699E+04
 1.59295E-08    1.40915E+04    1.40915E+04    1.40915E+04
 1.66176E-08    1.39169E+04    1.39169E+04    1.39169E+04
 1.73354E-08    1.37459E+04    1.37459E+04    1.37459E+04
 1.80843E-08    1.35786E+04    1.35786E+04    1.35786E+04
 1.88655E-08    1.34148E+04    1.34148E+04    1.34148E+04
 1.96804E-08    1.32545E+04    1.32545E+04    1.32545E+04
 2.05306E-08    1.30975E+04    1.30975E+04    1.30975E+04
 2.14174E-08    1.29439E+04    1.29439E+04    1.29439E+04
 2.23426E-08    1.27935E+04    1.27935E+04    1.27935E+04
 2.33078E-08    1.26463E+04    1.26463E+04    1.26463E+04
 2.43146E-08    1.25021E+04    1.25021E+04    1.25021E+04
 2.52522E-08    1.23758E+04    1.23758E+04    1.23758E+04
 2.53000E-08    1.23695E+04    1.23695E+04    1.23695E+04
 2.64488E-08    1.22244E+04    1.22244E+04    1.22244E+04
 2.76497E-08    1.20824E+04    1.20824E+04    1.20824E+04
 2.89052E-08    1.19437E+04    1.19437E+04    1.19437E+04
 3.02176E-08    1.18080E+04    1.18080E+04    1.18080E+04
 3.15897E-08    1.16752E+04    1.16752E+04    1.16752E+04
 3.30240E-08    1.15455E+04    1.15455E+04    1.15455E+04
 3.45235E-08    1.14185E+04    1.14185E+04    1.14185E+04
 3.61675E-08    1.12886E+04    1.12886E+04    1.12886E+04
 3.78897E-08    1.11616E+04    1.11616E+04    1.11616E+04
 3.96940E-08    1.10375E+04    1.10375E+04    1.10375E+04
 4.15842E-08    1.09163E+04    1.09163E+04    1.09163E+04
 4.35643E-08    1.07979E+04    1.07979E+04    1.07979E+04
 4.56388E-08    1.06823E+04    1.06823E+04    1.06823E+04
 4.78121E-08    1.05693E+04    1.05693E+04    1.05693E+04
 5.00888E-08    1.04589E+04    1.04589E+04    1.04589E+04
 5.25849E-08    1.03463E+04    1.03463E+04    1.03463E+04
 5.52057E-08    1.02363E+04    1.02363E+04    1.02363E+04
 5.79568E-08    1.01290E+04    1.01290E+04    1.01290E+04
 6.08452E-08    1.00244E+04    1.00244E+04    1.00244E+04
 6.38774E-08    9.92223E+03    9.92223E+03    9.92223E+03
 6.70609E-08    9.82252E+03    9.82252E+03    9.82252E+03
 7.05520E-08    9.72103E+03    9.72103E+03    9.72103E+03
 7.42248E-08    9.62207E+03    9.62207E+03    9.62207E+03
 7.80888E-08    9.52560E+03    9.52560E+03    9.52560E+03
 8.21540E-08    9.43155E+03    9.43155E+03    9.43155E+03
 8.64308E-08    9.33986E+03    9.33986E+03    9.33986E+03
 9.11225E-08    9.24680E+03    9.24680E+03    9.24680E+03
 9.60693E-08    9.15617E+03    9.15617E+03    9.15617E+03
 1.01284E-07    9.06792E+03    9.06792E+03    9.06792E+03
 1.06783E-07    8.98196E+03    8.98196E+03    8.98196E+03
 1.12579E-07    8.89827E+03    8.89827E+03    8.89827E+03
 1.18942E-07    8.81357E+03    8.81357E+03    8.81357E+03
 1.25664E-07    8.73118E+03    8.73118E+03    8.73118E+03
 1.32766E-07    8.65100E+03    8.65100E+03    8.65100E+03
 1.40270E-07    8.57298E+03    8.57298E+03    8.57298E+03
 1.48511E-07    8.49417E+03    8.49417E+03    8.49417E+03
 1.57237E-07    8.41759E+03    8.41759E+03    8.41759E+03
 1.66475E-07    8.34317E+03    8.34317E+03    8.34317E+03
 1.76256E-07    8.27084E+03    8.27084E+03    8.27084E+03
 1.87006E-07    8.19798E+03    8.19798E+03    8.19798E+03
 1.98413E-07    8.12724E+03    8.12724E+03    8.12724E+03
 2.10515E-07    8.05856E+03    8.05856E+03    8.05856E+03
 2.23828E-07    7.98953E+03    7.98953E+03    7.98953E+03
 2.37983E-07    7.92259E+03    7.92259E+03    7.92259E+03
 2.53033E-07    7.85771E+03    7.85771E+03    7.85771E+03
 2.69605E-07    7.79262E+03    7.79262E+03    7.79262E+03
 2.87262E-07    7.72953E+03    7.72953E+03    7.72953E+03
 3.06075E-07    7.66839E+03    7.66839E+03    7.66839E+03
 3.26809E-07    7.60721E+03    7.60721E+03    7.60721E+03
 3.48950E-07    7.54799E+03    7.54799E+03    7.54799E+03
 3.73379E-07    7.48886E+03    7.48886E+03    7.48886E+03
 3.99518E-07    7.43168E+03    7.43168E+03    7.43168E+03
 4.27487E-07    7.37638E+03    7.37638E+03    7.37638E+03
 4.58381E-07    7.32128E+03    7.32128E+03    7.32128E+03
 4.91510E-07    7.26806E+03    7.26806E+03    7.26806E+03
 5.28147E-07    7.21514E+03    7.21514E+03    7.21514E+03
 5.67516E-07    7.16401E+03    7.16401E+03    7.16401E+03
 6.11109E-07    7.11325E+03    7.11325E+03    7.11325E+03
 6.58053E-07    7.06431E+03    7.06431E+03    7.06431E+03
 7.10102E-07    7.01579E+03    7.01579E+03    7.01579E+03
 7.66268E-07    6.96906E+03    6.96906E+03    6.96906E+03
 8.28624E-07    6.92282E+03    6.92282E+03    6.92282E+03
 8.97954E-07    6.87713E+03    6.87713E+03    6.87713E+03
 9.73084E-07    6.83322E+03    6.83322E+03    6.83322E+03
 1.06459E-06    6.78611E+03    6.78611E+03    6.78611E+03
 1.20764E-06    6.72342E+03    6.72342E+03    6.72342E+03
 1.42873E-06    6.64565E+03    6.64565E+03    6.64565E+03
 1.80033E-06    6.54820E+03    6.54820E+03    6.54820E+03
 2.46739E-06    6.43169E+03    6.43169E+03    6.43169E+03
 3.42949E-06    6.32666E+03    6.32666E+03    6.32666E+03
 4.90195E-06    6.22919E+03    6.22919E+03    6.22919E+03
 7.20605E-06    6.13971E+03    6.13971E+03    6.13971E+03
 1.09705E-05    6.05712E+03    6.05712E+03    6.05712E+03
 1.71761E-05    5.98314E+03    5.98314E+03    5.98314E+03
 2.76560E-05    5.91885E+03    5.91885E+03    5.91885E+03
 4.18086E-05    5.88321E+03    5.88321E+03    5.88321E+03
 4.54749E-05    5.88172E+03    5.88172E+03    5.88172E+03
 5.51085E-05    5.90295E+03    5.90295E+03    5.90295E+03
 6.07867E-05    5.95007E+03    5.95007E+03    5.95007E+03
 6.47407E-05    6.01990E+03    6.01990E+03    6.01990E+03
 6.75197E-05    6.10726E+03    6.10726E+03    6.10726E+03
 6.94383E-05    6.20156E+03    6.20156E+03    6.20156E+03
 7.09146E-05    6.30598E+03    6.30598E+03    6.30598E+03
 7.19151E-05    6.40036E+03    6.40036E+03    6.40036E+03
 7.29297E-05    6.52401E+03    6.52401E+03    6.52401E+03
 7.39586E-05    6.69009E+03    6.69009E+03    6.69009E+03
 7.47394E-05    6.85475E+03    6.85475E+03    6.85475E+03
 7.55274E-05    7.06872E+03    7.06872E+03    7.06872E+03
 7.60602E-05    7.25005E+03    7.25005E+03    7.25005E+03
 7.65930E-05    7.46982E+03    7.46982E+03    7.46982E+03
 7.70778E-05    7.71426E+03    7.71426E+03    7.71426E+03
 7.75627E-05    8.01338E+03    8.01338E+03    8.01338E+03
 7.79313E-05    8.28719E+03    8.28719E+03    8.28719E+03
 7.83000E-05    8.61208E+03    8.61208E+03    8.61208E+03
 7.86072E-05    8.93105E+03    8.93105E+03    8.93105E+03
 7.89145E-05    9.30399E+03    9.30399E+03    9.30399E+03
 7.92217E-05    9.74320E+03    9.74320E+03    9.74320E+03
 7.94521E-05    1.01255E+04    1.01255E+04    1.01255E+04
 7.96825E-05    1.05622E+04    1.05622E+04    1.05622E+04
 7.99129E-05    1.10635E+04    1.10635E+04    1.10635E+04
 8.01434E-05    1.16421E+04    1.16421E+04    1.16421E+04
 8.03738E-05    1.23133E+04    1.23133E+04    1.23133E+04
 8.05274E-05    1.28214E+04    1.28214E+04    1.28214E+04
 8.06810E-05    1.33859E+04    1.33859E+04    1.33859E+04
 8.08346E-05    1.40144E+04    1.40144E+04    1.40144E+04
 8.09882E-05    1.47159E+04    1.47159E+04    1.47159E+04
 8.11418E-05    1.55006E+04    1.55006E+04    1.55006E+04
 8.12955E-05    1.63803E+04    1.63803E+04    1.63803E+04
 8.14491E-05    1.73683E+04    1.73683E+04    1.73683E+04
 8.16027E-05    1.84795E+04    1.84795E+04    1.84795E+04
 8.17563E-05    1.97304E+04    1.97304E+04    1.97304E+04
 8.18715E-05    2.07708E+04    2.07708E+04    2.07708E+04
 8.19867E-05    2.19075E+04    2.19075E+04    2.19075E+04
 8.21019E-05    2.31481E+04    2.31481E+04    2.31481E+04
 8.22171E-05    2.44998E+04    2.44998E+04    2.44998E+04
 8.23323E-05    2.59687E+04    2.59687E+04    2.59687E+04
 8.24476E-05    2.75591E+04    2.75591E+04    2.75591E+04
 8.26012E-05    2.98703E+04    2.98703E+04    2.98703E+04
 8.27548E-05    3.23899E+04    3.23899E+04    3.23899E+04
 8.29084E-05    3.50882E+04    3.50882E+04    3.50882E+04
 8.32924E-05    4.21470E+04    4.21470E+04    4.21470E+04
 8.34461E-05    4.47773E+04    4.47773E+04    4.47773E+04
 8.35613E-05    4.65245E+04    4.65245E+04    4.65245E+04
 8.36765E-05    4.79924E+04    4.79924E+04    4.79924E+04
 8.37917E-05    4.91085E+04    4.91085E+04    4.91085E+04
 8.38723E-05    4.96479E+04    4.96479E+04    4.96479E+04
 8.39568E-05    4.99807E+04    4.99807E+04    4.99807E+04
 8.40267E-05    5.00692E+04    5.00692E+04    5.00692E+04
 8.41220E-05    4.99147E+04    4.99147E+04    4.99147E+04
 8.42372E-05    4.93153E+04    4.93153E+04    4.93153E+04
 8.43524E-05    4.82995E+04    4.82995E+04    4.82995E+04
 8.44676E-05    4.69240E+04    4.69240E+04    4.69240E+04
 8.45828E-05    4.52597E+04    4.52597E+04    4.52597E+04
 8.47172E-05    4.30548E+04    4.30548E+04    4.30548E+04
 8.51972E-05    3.44628E+04    3.44628E+04    3.44628E+04
 8.53509E-05    3.18719E+04    3.18719E+04    3.18719E+04
 8.55045E-05    2.94655E+04    2.94655E+04    2.94655E+04
 8.56581E-05    2.72650E+04    2.72650E+04    2.72650E+04
 8.58117E-05    2.52745E+04    2.52745E+04    2.52745E+04
 8.59269E-05    2.39153E+04    2.39153E+04    2.39153E+04
 8.60421E-05    2.26650E+04    2.26650E+04    2.26650E+04
 8.61957E-05    2.11556E+04    2.11556E+04    2.11556E+04
 8.63493E-05    1.98107E+04    1.98107E+04    1.98107E+04
 8.65030E-05    1.86129E+04    1.86129E+04    1.86129E+04
 8.66566E-05    1.75457E+04    1.75457E+04    1.75457E+04
 8.68102E-05    1.65938E+04    1.65938E+04    1.65938E+04
 8.69638E-05    1.57434E+04    1.57434E+04    1.57434E+04
 8.71174E-05    1.49822E+04    1.49822E+04    1.49822E+04
 8.72710E-05    1.42994E+04    1.42994E+04    1.42994E+04
 8.74246E-05    1.36856E+04    1.36856E+04    1.36856E+04
 8.75783E-05    1.31323E+04    1.31323E+04    1.31323E+04
 8.78087E-05    1.24006E+04    1.24006E+04    1.24006E+04
 8.80391E-05    1.17690E+04    1.17690E+04    1.17690E+04
 8.82695E-05    1.12208E+04    1.12208E+04    1.12208E+04
 8.84999E-05    1.07425E+04    1.07425E+04    1.07425E+04
 8.87304E-05    1.03232E+04    1.03232E+04    1.03232E+04
 8.89608E-05    9.95387E+03    9.95387E+03    9.95387E+03
 8.92680E-05    9.52644E+03    9.52644E+03    9.52644E+03
 8.95752E-05    9.16061E+03    9.16061E+03    9.16061E+03
 8.98825E-05    8.84531E+03    8.84531E+03    8.84531E+03
 9.02665E-05    8.50923E+03    8.50923E+03    8.50923E+03
 9.07273E-05    8.17361E+03    8.17361E+03    8.17361E+03
 9.11182E-05    7.93503E+03    7.93503E+03    7.93503E+03
 9.15994E-05    7.68711E+03    7.68711E+03    7.68711E+03
 9.20806E-05    7.47996E+03    7.47996E+03    7.47996E+03
 9.25663E-05    7.30301E+03    7.30301E+03    7.30301E+03
 9.32170E-05    7.10584E+03    7.10584E+03    7.10584E+03
 9.38723E-05    6.94348E+03    6.94348E+03    6.94348E+03
 9.48621E-05    6.74921E+03    6.74921E+03    6.74921E+03
 9.58658E-05    6.59762E+03    6.59762E+03    6.59762E+03
 9.68790E-05    6.47758E+03    6.47758E+03    6.47758E+03
 9.82458E-05    6.35269E+03    6.35269E+03    6.35269E+03
 1.00330E-04    6.21683E+03    6.21683E+03    6.21683E+03
 1.02463E-04    6.12009E+03    6.12009E+03    6.12009E+03
 1.05374E-04    6.02940E+03    6.02940E+03    6.02940E+03
 1.09898E-04    5.94063E+03    5.94063E+03    5.94063E+03
 1.16230E-04    5.86834E+03    5.86834E+03    5.86834E+03
 1.27261E-04    5.80129E+03    5.80129E+03    5.80129E+03
 1.48464E-04    5.73888E+03    5.73888E+03    5.73888E+03
 1.90107E-04    5.67867E+03    5.67867E+03    5.67867E+03
 2.01600E-04    5.67313E+03    5.67313E+03    5.67313E+03
 2.13800E-04    5.68819E+03    5.68819E+03    5.68819E+03
 2.20725E-04    5.72892E+03    5.72892E+03    5.72892E+03
 2.24034E-04    5.77248E+03    5.77248E+03    5.77248E+03
 2.27112E-04    5.84590E+03    5.84590E+03    5.84590E+03
 2.28959E-04    5.91915E+03    5.91915E+03    5.91915E+03
 2.30190E-04    5.98925E+03    5.98925E+03    5.98925E+03
 2.31421E-04    6.08644E+03    6.08644E+03    6.08644E+03
 2.32344E-04    6.18576E+03    6.18576E+03    6.18576E+03
 2.33268E-04    6.31888E+03    6.31888E+03    6.31888E+03
 2.33883E-04    6.43414E+03    6.43414E+03    6.43414E+03
 2.34591E-04    6.60345E+03    6.60345E+03    6.60345E+03
 2.35122E-04    6.76610E+03    6.76610E+03    6.76610E+03
 2.35699E-04    6.99068E+03    6.99068E+03    6.99068E+03
 2.36099E-04    7.18531E+03    7.18531E+03    7.18531E+03
 2.36561E-04    7.46306E+03    7.46306E+03    7.46306E+03
 2.36869E-04    7.68894E+03    7.68894E+03    7.68894E+03
 2.37177E-04    7.95634E+03    7.95634E+03    7.95634E+03
 2.37484E-04    8.27550E+03    8.27550E+03    8.27550E+03
 2.37715E-04    8.55674E+03    8.55674E+03    8.55674E+03
 2.37946E-04    8.88168E+03    8.88168E+03    8.88168E+03
 2.38177E-04    9.25914E+03    9.25914E+03    9.25914E+03
 2.38408E-04    9.70002E+03    9.70002E+03    9.70002E+03
 2.38639E-04    1.02178E+04    1.02178E+04    1.02178E+04
 2.38793E-04    1.06139E+04    1.06139E+04    1.06139E+04
 2.38947E-04    1.10573E+04    1.10573E+04    1.10573E+04
 2.39100E-04    1.15548E+04    1.15548E+04    1.15548E+04
 2.39254E-04    1.21140E+04    1.21140E+04    1.21140E+04
 2.39408E-04    1.27434E+04    1.27434E+04    1.27434E+04
 2.39562E-04    1.34522E+04    1.34522E+04    1.34522E+04
 2.39716E-04    1.42504E+04    1.42504E+04    1.42504E+04
 2.39870E-04    1.51481E+04    1.51481E+04    1.51481E+04
 2.40024E-04    1.61549E+04    1.61549E+04    1.61549E+04
 2.40178E-04    1.72786E+04    1.72786E+04    1.72786E+04
 2.40332E-04    1.85236E+04    1.85236E+04    1.85236E+04
 2.40485E-04    1.98881E+04    1.98881E+04    1.98881E+04
 2.40639E-04    2.13615E+04    2.13615E+04    2.13615E+04
 2.40870E-04    2.37206E+04    2.37206E+04    2.37206E+04
 2.41109E-04    2.62002E+04    2.62002E+04    2.62002E+04
 2.41278E-04    2.78489E+04    2.78489E+04    2.78489E+04
 2.41401E-04    2.89164E+04    2.89164E+04    2.89164E+04
 2.41517E-04    2.97706E+04    2.97706E+04    2.97706E+04
 2.41632E-04    3.04470E+04    3.04470E+04    3.04470E+04
 2.41720E-04    3.08237E+04    3.08237E+04    3.08237E+04
 2.41818E-04    3.10918E+04    3.10918E+04    3.10918E+04
 2.41917E-04    3.11882E+04    3.11882E+04    3.11882E+04
 2.42032E-04    3.10799E+04    3.10799E+04    3.10799E+04
 2.42148E-04    3.07402E+04    3.07402E+04    3.07402E+04
 2.42263E-04    3.01873E+04    3.01873E+04    3.01873E+04
 2.42378E-04    2.94483E+04    2.94483E+04    2.94483E+04
 2.42532E-04    2.82317E+04    2.82317E+04    2.82317E+04
 2.42711E-04    2.65906E+04    2.65906E+04    2.65906E+04
 2.43188E-04    2.19111E+04    2.19111E+04    2.19111E+04
 2.43367E-04    2.02825E+04    2.02825E+04    2.02825E+04
 2.43486E-04    1.92718E+04    1.92718E+04    1.92718E+04
 2.43640E-04    1.80653E+04    1.80653E+04    1.80653E+04
 2.43794E-04    1.69704E+04    1.69704E+04    1.69704E+04
 2.43948E-04    1.59841E+04    1.59841E+04    1.59841E+04
 2.44102E-04    1.50995E+04    1.50995E+04    1.50995E+04
 2.44256E-04    1.43086E+04    1.43086E+04    1.43086E+04
 2.44410E-04    1.36021E+04    1.36021E+04    1.36021E+04
 2.44564E-04    1.29713E+04    1.29713E+04    1.29713E+04
 2.44718E-04    1.24077E+04    1.24077E+04    1.24077E+04
 2.44871E-04    1.19036E+04    1.19036E+04    1.19036E+04
 2.45025E-04    1.14519E+04    1.14519E+04    1.14519E+04
 2.45256E-04    1.08592E+04    1.08592E+04    1.08592E+04
 2.45487E-04    1.03527E+04    1.03527E+04    1.03527E+04
 2.45718E-04    9.91773E+03    9.91773E+03    9.91773E+03
 2.45949E-04    9.54224E+03    9.54224E+03    9.54224E+03
 2.46180E-04    9.21648E+03    9.21648E+03    9.21648E+03
 2.46410E-04    8.93250E+03    8.93250E+03    8.93250E+03
 2.46718E-04    8.60778E+03    8.60778E+03    8.60778E+03
 2.47026E-04    8.33363E+03    8.33363E+03    8.33363E+03
 2.47372E-04    8.07392E+03    8.07392E+03    8.07392E+03
 2.47757E-04    7.83386E+03    7.83386E+03    7.83386E+03
 2.48142E-04    7.63460E+03    7.63460E+03    7.63460E+03
 2.48719E-04    7.39452E+03    7.39452E+03    7.39452E+03
 2.49319E-04    7.20155E+03    7.20155E+03    7.20155E+03
 2.49919E-04    7.05170E+03    7.05170E+03    7.05170E+03
 2.50820E-04    6.88646E+03    6.88646E+03    6.88646E+03
 2.51697E-04    6.77548E+03    6.77548E+03    6.77548E+03
 2.52851E-04    6.68359E+03    6.68359E+03    6.68359E+03
 2.54121E-04    6.63611E+03    6.63611E+03    6.63611E+03
 2.54813E-04    6.62891E+03    6.62891E+03    6.62891E+03
 2.56044E-04    6.64560E+03    6.64560E+03    6.64560E+03
 2.57275E-04    6.69901E+03    6.69901E+03    6.69901E+03
 2.58534E-04    6.79356E+03    6.79356E+03    6.79356E+03
 2.59792E-04    6.93565E+03    6.93565E+03    6.93565E+03
 2.60748E-04    7.08300E+03    7.08300E+03    7.08300E+03
 2.61704E-04    7.27300E+03    7.27300E+03    7.27300E+03
 2.62661E-04    7.51743E+03    7.51743E+03    7.51743E+03
 2.63298E-04    7.71871E+03    7.71871E+03    7.71871E+03
 2.63936E-04    7.95835E+03    7.95835E+03    7.95835E+03
 2.64573E-04    8.24517E+03    8.24517E+03    8.24517E+03
 2.65211E-04    8.59074E+03    8.59074E+03    8.59074E+03
 2.65689E-04    8.89754E+03    8.89754E+03    8.89754E+03
 2.66167E-04    9.25432E+03    9.25432E+03    9.25432E+03
 2.66645E-04    9.67165E+03    9.67165E+03    9.67165E+03
 2.67123E-04    1.01628E+04    1.01628E+04    1.01628E+04
 2.67562E-04    1.06919E+04    1.06919E+04    1.06919E+04
 2.67920E-04    1.11934E+04    1.11934E+04    1.11934E+04
 2.68279E-04    1.17701E+04    1.17701E+04    1.17701E+04
 2.68638E-04    1.24374E+04    1.24374E+04    1.24374E+04
 2.68877E-04    1.29409E+04    1.29409E+04    1.29409E+04
 2.69116E-04    1.34981E+04    1.34981E+04    1.34981E+04
 2.69355E-04    1.41169E+04    1.41169E+04    1.41169E+04
 2.69594E-04    1.48070E+04    1.48070E+04    1.48070E+04
 2.69833E-04    1.55798E+04    1.55798E+04    1.55798E+04
 2.70072E-04    1.64481E+04    1.64481E+04    1.64481E+04
 2.70311E-04    1.74271E+04    1.74271E+04    1.74271E+04
 2.70550E-04    1.85354E+04    1.85354E+04    1.85354E+04
 2.70789E-04    1.97953E+04    1.97953E+04    1.97953E+04
 2.70949E-04    2.07326E+04    2.07326E+04    2.07326E+04
 2.71108E-04    2.17589E+04    2.17589E+04    2.17589E+04
 2.71267E-04    2.28849E+04    2.28849E+04    2.28849E+04
 2.71427E-04    2.41231E+04    2.41231E+04    2.41231E+04
 2.71586E-04    2.54878E+04    2.54878E+04    2.54878E+04
 2.71746E-04    2.69954E+04    2.69954E+04    2.69954E+04
 2.71905E-04    2.86649E+04    2.86649E+04    2.86649E+04
 2.72032E-04    3.01317E+04    3.01317E+04    3.01317E+04
 2.72160E-04    3.17287E+04    3.17287E+04    3.17287E+04
 2.72287E-04    3.34704E+04    3.34704E+04    3.34704E+04
 2.72415E-04    3.53729E+04    3.53729E+04    3.53729E+04
 2.72542E-04    3.74543E+04    3.74543E+04    3.74543E+04
 2.72670E-04    3.97343E+04    3.97343E+04    3.97343E+04
 2.72797E-04    4.22351E+04    4.22351E+04    4.22351E+04
 2.72925E-04    4.49810E+04    4.49810E+04    4.49810E+04
 2.73068E-04    4.83964E+04    4.83964E+04    4.83964E+04
 2.73212E-04    5.21972E+04    5.21972E+04    5.21972E+04
 2.73355E-04    5.64277E+04    5.64277E+04    5.64277E+04
 2.73499E-04    6.11347E+04    6.11347E+04    6.11347E+04
 2.73642E-04    6.63651E+04    6.63651E+04    6.63651E+04
 2.73778E-04    7.18260E+04    7.18260E+04    7.18260E+04
 2.73909E-04    7.76414E+04    7.76414E+04    7.76414E+04
 2.74041E-04    8.39841E+04    8.39841E+04    8.39841E+04
 2.74172E-04    9.08584E+04    9.08584E+04    9.08584E+04
 2.74304E-04    9.82455E+04    9.82455E+04    9.82455E+04
 2.74475E-04    1.08554E+05    1.08554E+05    1.08554E+05
 2.74977E-04    1.40631E+05    1.40631E+05    1.40631E+05
 2.75140E-04    1.50206E+05    1.50206E+05    1.50206E+05
 2.75260E-04    1.56374E+05    1.56374E+05    1.56374E+05
 2.75380E-04    1.61569E+05    1.61569E+05    1.61569E+05
 2.75499E-04    1.65576E+05    1.65576E+05    1.65576E+05
 2.75619E-04    1.68222E+05    1.68222E+05    1.68222E+05
 2.75730E-04    1.69362E+05    1.69362E+05    1.69362E+05
 2.75762E-04    1.69444E+05    1.69444E+05    1.69444E+05
 2.75882E-04    1.68789E+05    1.68789E+05    1.68789E+05
 2.76001E-04    1.66658E+05    1.66658E+05    1.66658E+05
 2.76121E-04    1.63162E+05    1.63162E+05    1.63162E+05
 2.76240E-04    1.58473E+05    1.58473E+05    1.58473E+05
 2.76360E-04    1.52800E+05    1.52800E+05    1.52800E+05
 2.76507E-04    1.44790E+05    1.44790E+05    1.44790E+05
 2.76722E-04    1.31927E+05    1.31927E+05    1.31927E+05
 2.77045E-04    1.12241E+05    1.12241E+05    1.12241E+05
 2.77207E-04    1.02942E+05    1.02942E+05    1.02942E+05
 2.77356E-04    9.48825E+04    9.48825E+04    9.48825E+04
 2.77499E-04    8.77112E+04    8.77112E+04    8.77112E+04
 2.77643E-04    8.11171E+04    8.11171E+04    8.11171E+04
 2.77786E-04    7.50947E+04    7.50947E+04    7.50947E+04
 2.77930E-04    6.96204E+04    6.96204E+04    6.96204E+04
 2.78081E-04    6.43984E+04    6.43984E+04    6.43984E+04
 2.78193E-04    6.08893E+04    6.08893E+04    6.08893E+04
 2.78304E-04    5.76456E+04    5.76456E+04    5.76456E+04
 2.78416E-04    5.46475E+04    5.46475E+04    5.46475E+04
 2.78527E-04    5.18761E+04    5.18761E+04    5.18761E+04
 2.78695E-04    4.81044E+04    4.81044E+04    4.81044E+04
 2.78862E-04    4.47452E+04    4.47452E+04    4.47452E+04
 2.78990E-04    4.24310E+04    4.24310E+04    4.24310E+04
 2.79133E-04    4.00533E+04    4.00533E+04    4.00533E+04
 2.79277E-04    3.78899E+04    3.78899E+04    3.78899E+04
 2.79420E-04    3.59179E+04    3.59179E+04    3.59179E+04
 2.79563E-04    3.41169E+04    3.41169E+04    3.41169E+04
 2.79707E-04    3.24690E+04    3.24690E+04    3.24690E+04
 2.79850E-04    3.09583E+04    3.09583E+04    3.09583E+04
 2.80065E-04    2.89192E+04    2.89192E+04    2.89192E+04
 2.80225E-04    2.75632E+04    2.75632E+04    2.75632E+04
 2.80464E-04    2.57420E+04    2.57420E+04    2.57420E+04
 2.80703E-04    2.41409E+04    2.41409E+04    2.41409E+04
 2.80942E-04    2.27266E+04    2.27266E+04    2.27266E+04
 2.81181E-04    2.14717E+04    2.14717E+04    2.14717E+04
 2.81440E-04    2.02661E+04    2.02661E+04    2.02661E+04
 2.81739E-04    1.90438E+04    1.90438E+04    1.90438E+04
 2.82038E-04    1.79744E+04    1.79744E+04    1.79744E+04
 2.82337E-04    1.70334E+04    1.70334E+04    1.70334E+04
 2.82636E-04    1.62000E+04    1.62000E+04    1.62000E+04
 2.82934E-04    1.54581E+04    1.54581E+04    1.54581E+04
 2.83229E-04    1.48043E+04    1.48043E+04    1.48043E+04
 2.83524E-04    1.42180E+04    1.42180E+04    1.42180E+04
 2.83966E-04    1.34455E+04    1.34455E+04    1.34455E+04
 2.84409E-04    1.27790E+04    1.27790E+04    1.27790E+04
 2.84851E-04    1.21994E+04    1.21994E+04    1.21994E+04
 2.85293E-04    1.16925E+04    1.16925E+04    1.16925E+04
 2.85772E-04    1.12129E+04    1.12129E+04    1.12129E+04
 2.86250E-04    1.07928E+04    1.07928E+04    1.07928E+04
 2.86887E-04    1.03088E+04    1.03088E+04    1.03088E+04
 2.87525E-04    9.89600E+03    9.89600E+03    9.89600E+03
 2.88162E-04    9.54085E+03    9.54085E+03    9.54085E+03
 2.88800E-04    9.23290E+03    9.23290E+03    9.23290E+03
 2.89756E-04    8.84208E+03    8.84208E+03    8.84208E+03
 2.90712E-04    8.51866E+03    8.51866E+03    8.51866E+03
 2.91669E-04    8.24766E+03    8.24766E+03    8.24766E+03
 2.92944E-04    7.94962E+03    7.94962E+03    7.94962E+03
 2.94219E-04    7.70654E+03    7.70654E+03    7.70654E+03
 2.95494E-04    7.50489E+03    7.50489E+03    7.50489E+03
 2.97407E-04    7.26170E+03    7.26170E+03    7.26170E+03
 2.99638E-04    7.04239E+03    7.04239E+03    7.04239E+03
 3.02029E-04    6.86111E+03    6.86111E+03    6.86111E+03
 3.04420E-04    6.71903E+03    6.71903E+03    6.71903E+03
 3.07607E-04    6.57211E+03    6.57211E+03    6.57211E+03
 3.10795E-04    6.45915E+03    6.45915E+03    6.45915E+03
 3.15577E-04    6.33212E+03    6.33212E+03    6.33212E+03
 3.21952E-04    6.21297E+03    6.21297E+03    6.21297E+03
 3.29921E-04    6.11123E+03    6.11123E+03    6.11123E+03
 3.41078E-04    6.01743E+03    6.01743E+03    6.01743E+03
 3.57017E-04    5.93357E+03    5.93357E+03    5.93357E+03
 3.82519E-04    5.85457E+03    5.85457E+03    5.85457E+03
 4.25345E-04    5.77972E+03    5.77972E+03    5.77972E+03
 5.85910E-04    5.60131E+03    5.60131E+03    5.60131E+03
 6.26614E-04    5.54874E+03    5.54874E+03    5.54874E+03
 6.34755E-04    5.56057E+03    5.56057E+03    5.56057E+03
 6.40861E-04    5.60243E+03    5.60243E+03    5.60243E+03
 6.43832E-04    5.64731E+03    5.64731E+03    5.64731E+03
 6.46641E-04    5.71903E+03    5.71903E+03    5.71903E+03
 6.48514E-04    5.79355E+03    5.79355E+03    5.79355E+03
 6.50386E-04    5.90192E+03    5.90192E+03    5.90192E+03
 6.51607E-04    6.00016E+03    6.00016E+03    6.00016E+03
 6.52828E-04    6.12988E+03    6.12988E+03    6.12988E+03
 6.54049E-04    6.30407E+03    6.30407E+03    6.30407E+03
 6.54863E-04    6.45443E+03    6.45443E+03    6.45443E+03
 6.55678E-04    6.64193E+03    6.64193E+03    6.64193E+03
 6.56288E-04    6.81403E+03    6.81403E+03    6.81403E+03
 6.56899E-04    7.02060E+03    7.02060E+03    7.02060E+03
 6.57418E-04    7.23000E+03    7.23000E+03    7.23000E+03
 6.57937E-04    7.47809E+03    7.47809E+03    7.47809E+03
 6.58456E-04    7.77416E+03    7.77416E+03    7.77416E+03
 6.58975E-04    8.13043E+03    8.13043E+03    8.13043E+03
 6.59321E-04    8.40946E+03    8.40946E+03    8.40946E+03
 6.59667E-04    8.72906E+03    8.72906E+03    8.72906E+03
 6.59978E-04    9.05774E+03    9.05774E+03    9.05774E+03
 6.60289E-04    9.43223E+03    9.43223E+03    9.43223E+03
 6.60601E-04    9.86075E+03    9.86075E+03    9.86075E+03
 6.60912E-04    1.03537E+04    1.03537E+04    1.03537E+04
 6.61224E-04    1.09240E+04    1.09240E+04    1.09240E+04
 6.61490E-04    1.14861E+04    1.14861E+04    1.14861E+04
 6.61734E-04    1.20719E+04    1.20719E+04    1.20719E+04
 6.61979E-04    1.27374E+04    1.27374E+04    1.27374E+04
 6.62223E-04    1.34968E+04    1.34968E+04    1.34968E+04
 6.62467E-04    1.43672E+04    1.43672E+04    1.43672E+04
 6.62630E-04    1.50195E+04    1.50195E+04    1.50195E+04
 6.62793E-04    1.57378E+04    1.57378E+04    1.57378E+04
 6.62956E-04    1.65308E+04    1.65308E+04    1.65308E+04
 6.63118E-04    1.74081E+04    1.74081E+04    1.74081E+04
 6.63281E-04    1.83811E+04    1.83811E+04    1.83811E+04
 6.63444E-04    1.94628E+04    1.94628E+04    1.94628E+04
 6.63607E-04    2.06684E+04    2.06684E+04    2.06684E+04
 6.63770E-04    2.20150E+04    2.20150E+04    2.20150E+04
 6.63932E-04    2.35225E+04    2.35225E+04    2.35225E+04
 6.64103E-04    2.53034E+04    2.53034E+04    2.53034E+04
 6.64217E-04    2.66177E+04    2.66177E+04    2.66177E+04
 6.64331E-04    2.80448E+04    2.80448E+04    2.80448E+04
 6.64445E-04    2.95951E+04    2.95951E+04    2.95951E+04
 6.64559E-04    3.12798E+04    3.12798E+04    3.12798E+04
 6.64673E-04    3.31105E+04    3.31105E+04    3.31105E+04
 6.64787E-04    3.50991E+04    3.50991E+04    3.50991E+04
 6.64893E-04    3.70976E+04    3.70976E+04    3.70976E+04
 6.65040E-04    4.01243E+04    4.01243E+04    4.01243E+04
 6.65186E-04    4.34729E+04    4.34729E+04    4.34729E+04
 6.65333E-04    4.71615E+04    4.71615E+04    4.71615E+04
 6.65479E-04    5.12000E+04    5.12000E+04    5.12000E+04
 6.65626E-04    5.55862E+04    5.55862E+04    5.55862E+04
 6.65789E-04    6.08430E+04    6.08430E+04    6.08430E+04
 6.65951E-04    6.64453E+04    6.64453E+04    6.64453E+04
 6.66448E-04    8.43812E+04    8.43812E+04    8.43812E+04
 6.66619E-04    9.01535E+04    9.01535E+04    9.01535E+04
 6.66747E-04    9.40640E+04    9.40640E+04    9.40640E+04
 6.66875E-04    9.74763E+04    9.74763E+04    9.74763E+04
 6.67006E-04    1.00313E+05    1.00313E+05    1.00313E+05
 6.67140E-04    1.02464E+05    1.02464E+05    1.02464E+05
 6.67274E-04    1.03745E+05    1.03745E+05    1.03745E+05
 6.67384E-04    1.04112E+05    1.04112E+05    1.04112E+05
 6.67500E-04    1.03827E+05    1.03827E+05    1.03827E+05
 6.67616E-04    1.02868E+05    1.02868E+05    1.02868E+05
 6.67732E-04    1.01273E+05    1.01273E+05    1.01273E+05
 6.67848E-04    9.91020E+04    9.91020E+04    9.91020E+04
 6.67964E-04    9.64265E+04    9.64265E+04    9.64265E+04
 6.68113E-04    9.23978E+04    9.23978E+04    9.23978E+04
 6.68223E-04    8.90837E+04    8.90837E+04    8.90837E+04
 6.68443E-04    8.19292E+04    8.19292E+04    8.19292E+04
 6.68827E-04    6.90619E+04    6.90619E+04    6.90619E+04
 6.68996E-04    6.37083E+04    6.37083E+04    6.37083E+04
 6.69167E-04    5.86308E+04    5.86308E+04    5.86308E+04
 6.69338E-04    5.39489E+04    5.39489E+04    5.39489E+04
 6.69509E-04    4.96823E+04    4.96823E+04    4.96823E+04
 6.69680E-04    4.58272E+04    4.58272E+04    4.58272E+04
 6.69794E-04    4.34765E+04    4.34765E+04    4.34765E+04
 6.69924E-04    4.09929E+04    4.09929E+04    4.09929E+04
 6.70054E-04    3.87122E+04    3.87122E+04    3.87122E+04
 6.70185E-04    3.66198E+04    3.66198E+04    3.66198E+04
 6.70315E-04    3.47005E+04    3.47005E+04    3.47005E+04
 6.70445E-04    3.29398E+04    3.29398E+04    3.29398E+04
 6.70575E-04    3.13238E+04    3.13238E+04    3.13238E+04
 6.70706E-04    2.98395E+04    2.98395E+04    2.98395E+04
 6.70836E-04    2.84747E+04    2.84747E+04    2.84747E+04
 6.70999E-04    2.69200E+04    2.69200E+04    2.69200E+04
 6.71162E-04    2.55154E+04    2.55154E+04    2.55154E+04
 6.71324E-04    2.42436E+04    2.42436E+04    2.42436E+04
 6.71487E-04    2.30896E+04    2.30896E+04    2.30896E+04
 6.71650E-04    2.20400E+04    2.20400E+04    2.20400E+04
 6.71894E-04    2.06363E+04    2.06363E+04    2.06363E+04
 6.72139E-04    1.94085E+04    1.94085E+04    1.94085E+04
 6.72383E-04    1.83291E+04    1.83291E+04    1.83291E+04
 6.72627E-04    1.73757E+04    1.73757E+04    1.73757E+04
 6.72871E-04    1.65297E+04    1.65297E+04    1.65297E+04
 6.73115E-04    1.57759E+04    1.57759E+04    1.57759E+04
 6.73360E-04    1.51015E+04    1.51015E+04    1.51015E+04
 6.73653E-04    1.43821E+04    1.43821E+04    1.43821E+04
 6.73970E-04    1.36967E+04    1.36967E+04    1.36967E+04
 6.74288E-04    1.30935E+04    1.30935E+04    1.30935E+04
 6.74605E-04    1.25597E+04    1.25597E+04    1.25597E+04
 6.74923E-04    1.20851E+04    1.20851E+04    1.20851E+04
 6.75318E-04    1.15652E+04    1.15652E+04    1.15652E+04
 6.75684E-04    1.11416E+04    1.11416E+04    1.11416E+04
 6.76233E-04    1.05932E+04    1.05932E+04    1.05932E+04
 6.76783E-04    1.01293E+04    1.01293E+04    1.01293E+04
 6.77332E-04    9.73321E+03    9.73321E+03    9.73321E+03
 6.77882E-04    9.39223E+03    9.39223E+03    9.39223E+03
 6.78472E-04    9.07607E+03    9.07607E+03    9.07607E+03
 6.79286E-04    8.70815E+03    8.70815E+03    8.70815E+03
 6.80100E-04    8.40254E+03    8.40254E+03    8.40254E+03
 6.80914E-04    8.14556E+03    8.14556E+03    8.14556E+03
 6.81729E-04    7.92713E+03    7.92713E+03    7.92713E+03
 6.82950E-04    7.65573E+03    7.65573E+03    7.65573E+03
 6.84171E-04    7.43596E+03    7.43596E+03    7.43596E+03
 6.85555E-04    7.23375E+03    7.23375E+03    7.23375E+03
 6.86532E-04    7.11367E+03    7.11367E+03    7.11367E+03
 6.88486E-04    6.91626E+03    6.91626E+03    6.91626E+03
 6.90521E-04    6.75639E+03    6.75639E+03    6.75639E+03
 6.93574E-04    6.57488E+03    6.57488E+03    6.57488E+03
 6.96626E-04    6.44067E+03    6.44067E+03    6.44067E+03
 7.00697E-04    6.30881E+03    6.30881E+03    6.30881E+03
 7.04767E-04    6.21183E+03    6.21183E+03    6.21183E+03
 7.10873E-04    6.10684E+03    6.10684E+03    6.10684E+03
 7.20235E-04    6.00016E+03    6.00016E+03    6.00016E+03
 7.32447E-04    5.91198E+03    5.91198E+03    5.91198E+03
 7.51985E-04    5.82577E+03    5.82577E+03    5.82577E+03
 7.84549E-04    5.74027E+03    5.74027E+03    5.74027E+03
 8.95445E-04    5.53485E+03    5.53485E+03    5.53485E+03
 9.31654E-04    5.43568E+03    5.43568E+03    5.43568E+03
 9.74046E-04    5.27066E+03    5.27066E+03    5.27066E+03
 9.79345E-04    5.26147E+03    5.26147E+03    5.26147E+03
 9.84643E-04    5.27407E+03    5.27407E+03    5.27407E+03
 9.88618E-04    5.31498E+03    5.31498E+03    5.31498E+03
 9.91223E-04    5.37029E+03    5.37029E+03    5.37029E+03
 9.93144E-04    5.43500E+03    5.43500E+03    5.43500E+03
 9.95065E-04    5.53138E+03    5.53138E+03    5.53138E+03
 9.96654E-04    5.64572E+03    5.64572E+03    5.64572E+03
 9.97714E-04    5.74664E+03    5.74664E+03    5.74664E+03
 9.98774E-04    5.87432E+03    5.87432E+03    5.87432E+03
 9.99745E-04    6.02175E+03    6.02175E+03    6.02175E+03
 1.00063E-03    6.18845E+03    6.18845E+03    6.18845E+03
 1.00151E-03    6.39540E+03    6.39540E+03    6.39540E+03
 1.00217E-03    6.58413E+03    6.58413E+03    6.58413E+03
 1.00284E-03    6.80892E+03    6.80892E+03    6.80892E+03
 1.00350E-03    7.07845E+03    7.07845E+03    7.07845E+03
 1.00416E-03    7.40404E+03    7.40404E+03    7.40404E+03
 1.00460E-03    7.65944E+03    7.65944E+03    7.65944E+03
 1.00504E-03    7.95192E+03    7.95192E+03    7.95192E+03
 1.00549E-03    8.28827E+03    8.28827E+03    8.28827E+03
 1.00593E-03    8.67684E+03    8.67684E+03    8.67684E+03
 1.00637E-03    9.12809E+03    9.12809E+03    9.12809E+03
 1.00677E-03    9.59886E+03    9.59886E+03    9.59886E+03
 1.00716E-03    1.01436E+04    1.01436E+04    1.01436E+04
 1.00743E-03    1.05551E+04    1.05551E+04    1.05551E+04
 1.00769E-03    1.10116E+04    1.10116E+04    1.10116E+04
 1.00796E-03    1.15191E+04    1.15191E+04    1.15191E+04
 1.00822E-03    1.20849E+04    1.20849E+04    1.20849E+04
 1.00849E-03    1.27178E+04    1.27178E+04    1.27178E+04
 1.00875E-03    1.34283E+04    1.34283E+04    1.34283E+04
 1.00902E-03    1.42287E+04    1.42287E+04    1.42287E+04
 1.00928E-03    1.51341E+04    1.51341E+04    1.51341E+04
 1.00955E-03    1.61622E+04    1.61622E+04    1.61622E+04
 1.00973E-03    1.69262E+04    1.69262E+04    1.69262E+04
 1.00990E-03    1.77618E+04    1.77618E+04    1.77618E+04
 1.01008E-03    1.86775E+04    1.86775E+04    1.86775E+04
 1.01026E-03    1.96831E+04    1.96831E+04    1.96831E+04
 1.01043E-03    2.07898E+04    2.07898E+04    2.07898E+04
 1.01061E-03    2.20105E+04    2.20105E+04    2.20105E+04
 1.01078E-03    2.33601E+04    2.33601E+04    2.33601E+04
 1.01096E-03    2.48556E+04    2.48556E+04    2.48556E+04
 1.01114E-03    2.65167E+04    2.65167E+04    2.65167E+04
 1.01131E-03    2.83660E+04    2.83660E+04    2.83660E+04
 1.01150E-03    3.05393E+04    3.05393E+04    3.05393E+04
 1.01162E-03    3.21365E+04    3.21365E+04    3.21365E+04
 1.01175E-03    3.38658E+04    3.38658E+04    3.38658E+04
 1.01187E-03    3.57399E+04    3.57399E+04    3.57399E+04
 1.01199E-03    3.77729E+04    3.77729E+04    3.77729E+04
 1.01212E-03    3.99799E+04    3.99799E+04    3.99799E+04
 1.01224E-03    4.23771E+04    4.23771E+04    4.23771E+04
 1.01239E-03    4.55693E+04    4.55693E+04    4.55693E+04
 1.01252E-03    4.86670E+04    4.86670E+04    4.86670E+04
 1.01266E-03    5.20528E+04    5.20528E+04    5.20528E+04
 1.01279E-03    5.57516E+04    5.57516E+04    5.57516E+04
 1.01292E-03    5.97865E+04    5.97865E+04    5.97865E+04
 1.01305E-03    6.41806E+04    6.41806E+04    6.41806E+04
 1.01319E-03    6.89531E+04    6.89531E+04    6.89531E+04
 1.01332E-03    7.41193E+04    7.41193E+04    7.41193E+04
 1.01345E-03    7.96867E+04    7.96867E+04    7.96867E+04
 1.01358E-03    8.56547E+04    8.56547E+04    8.56547E+04
 1.01372E-03    9.20091E+04    9.20091E+04    9.20091E+04
 1.01389E-03    1.01034E+05    1.01034E+05    1.01034E+05
 1.01416E-03    1.15493E+05    1.15493E+05    1.15493E+05
 1.01452E-03    1.35611E+05    1.35611E+05    1.35611E+05
 1.01470E-03    1.45566E+05    1.45566E+05    1.45566E+05
 1.01489E-03    1.54632E+05    1.54632E+05    1.54632E+05
 1.01503E-03    1.60577E+05    1.60577E+05    1.60577E+05
 1.01517E-03    1.65586E+05    1.65586E+05    1.65586E+05
 1.01531E-03    1.69661E+05    1.69661E+05    1.69661E+05
 1.01546E-03    1.72395E+05    1.72395E+05    1.72395E+05
 1.01560E-03    1.73674E+05    1.73674E+05    1.73674E+05
 1.01566E-03    1.73806E+05    1.73806E+05    1.73806E+05
 1.01579E-03    1.73245E+05    1.73245E+05    1.73245E+05
 1.01590E-03    1.71889E+05    1.71889E+05    1.71889E+05
 1.01601E-03    1.69765E+05    1.69765E+05    1.69765E+05
 1.01615E-03    1.65836E+05    1.65836E+05    1.65836E+05
 1.01629E-03    1.61148E+05    1.61148E+05    1.61148E+05
 1.01648E-03    1.53259E+05    1.53259E+05    1.53259E+05
 1.01667E-03    1.44261E+05    1.44261E+05    1.44261E+05
 1.01731E-03    1.11977E+05    1.11977E+05    1.11977E+05
 1.01750E-03    1.03111E+05    1.03111E+05    1.03111E+05
 1.01768E-03    9.48070E+04    9.48070E+04    9.48070E+04
 1.01787E-03    8.71421E+04    8.71421E+04    8.71421E+04
 1.01805E-03    8.01441E+04    8.01441E+04    8.01441E+04
 1.01824E-03    7.38068E+04    7.38068E+04    7.38068E+04
 1.01838E-03    6.94027E+04    6.94027E+04    6.94027E+04
 1.01852E-03    6.53456E+04    6.53456E+04    6.53456E+04
 1.01866E-03    6.16132E+04    6.16132E+04    6.16132E+04
 1.01880E-03    5.81824E+04    5.81824E+04    5.81824E+04
 1.01895E-03    5.50293E+04    5.50293E+04    5.50293E+04
 1.01909E-03    5.21315E+04    5.21315E+04    5.21315E+04
 1.01923E-03    4.94666E+04    4.94666E+04    4.94666E+04
 1.01937E-03    4.70144E+04    4.70144E+04    4.70144E+04
 1.01955E-03    4.42187E+04    4.42187E+04    4.42187E+04
 1.01972E-03    4.16913E+04    4.16913E+04    4.16913E+04
 1.01990E-03    3.94019E+04    3.94019E+04    3.94019E+04
 1.02008E-03    3.73237E+04    3.73237E+04    3.73237E+04
 1.02025E-03    3.54329E+04    3.54329E+04    3.54329E+04
 1.02043E-03    3.37089E+04    3.37089E+04    3.37089E+04
 1.02061E-03    3.21334E+04    3.21334E+04    3.21334E+04
 1.02087E-03    3.00142E+04    3.00142E+04    3.00142E+04
 1.02114E-03    2.81476E+04    2.81476E+04    2.81476E+04
 1.02140E-03    2.64959E+04    2.64959E+04    2.64959E+04
 1.02167E-03    2.50277E+04    2.50277E+04    2.50277E+04
 1.02193E-03    2.37172E+04    2.37172E+04    2.37172E+04
 1.02220E-03    2.25427E+04    2.25427E+04    2.25427E+04
 1.02246E-03    2.14943E+04    2.14943E+04    2.14943E+04
 1.02272E-03    2.05469E+04    2.05469E+04    2.05469E+04
 1.02298E-03    1.96877E+04    1.96877E+04    1.96877E+04
 1.02338E-03    1.85410E+04    1.85410E+04    1.85410E+04
 1.02377E-03    1.75390E+04    1.75390E+04    1.75390E+04
 1.02417E-03    1.66584E+04    1.66584E+04    1.66584E+04
 1.02450E-03    1.59900E+04    1.59900E+04    1.59900E+04
 1.02491E-03    1.52627E+04    1.52627E+04    1.52627E+04
 1.02532E-03    1.46163E+04    1.46163E+04    1.46163E+04
 1.02573E-03    1.40389E+04    1.40389E+04    1.40389E+04
 1.02634E-03    1.32813E+04    1.32813E+04    1.32813E+04
 1.02695E-03    1.26318E+04    1.26318E+04    1.26318E+04
 1.02756E-03    1.20703E+04    1.20703E+04    1.20703E+04
 1.02823E-03    1.15446E+04    1.15446E+04    1.15446E+04
 1.02889E-03    1.10883E+04    1.10883E+04    1.10883E+04
 1.02933E-03    1.08167E+04    1.08167E+04    1.08167E+04
 1.03021E-03    1.03391E+04    1.03391E+04    1.03391E+04
 1.03110E-03    9.93371E+03    9.93371E+03    9.93371E+03
 1.03216E-03    9.52341E+03    9.52341E+03    9.52341E+03
 1.03322E-03    9.17969E+03    9.17969E+03    9.17969E+03
 1.03428E-03    8.88982E+03    8.88982E+03    8.88982E+03
 1.03534E-03    8.64313E+03    8.64313E+03    8.64313E+03
 1.03660E-03    8.39556E+03    8.39556E+03    8.39556E+03
 1.03786E-03    8.19174E+03    8.19174E+03    8.19174E+03
 1.03913E-03    8.02569E+03    8.02569E+03    8.02569E+03
 1.04089E-03    7.85119E+03    7.85119E+03    7.85119E+03
 1.04238E-03    7.75339E+03    7.75339E+03    7.75339E+03
 1.04386E-03    7.70489E+03    7.70489E+03    7.70489E+03
 1.04436E-03    7.70130E+03    7.70130E+03    7.70130E+03
 1.04548E-03    7.72108E+03    7.72108E+03    7.72108E+03
 1.04659E-03    7.78799E+03    7.78799E+03    7.78799E+03
 1.04734E-03    7.86656E+03    7.86656E+03    7.86656E+03
 1.04813E-03    7.98998E+03    7.98998E+03    7.98998E+03
 1.04893E-03    8.16665E+03    8.16665E+03    8.16665E+03
 1.04952E-03    8.34501E+03    8.34501E+03    8.34501E+03
 1.05012E-03    8.57470E+03    8.57470E+03    8.57470E+03
 1.05052E-03    8.76377E+03    8.76377E+03    8.76377E+03
 1.05103E-03    9.05966E+03    9.05966E+03    9.05966E+03
 1.05141E-03    9.33006E+03    9.33006E+03    9.33006E+03
 1.05179E-03    9.65198E+03    9.65198E+03    9.65198E+03
 1.05218E-03    1.00372E+04    1.00372E+04    1.00372E+04
 1.05256E-03    1.05012E+04    1.05012E+04    1.05012E+04
 1.05289E-03    1.09807E+04    1.09807E+04    1.09807E+04
 1.05314E-03    1.13986E+04    1.13986E+04    1.13986E+04
 1.05339E-03    1.18763E+04    1.18763E+04    1.18763E+04
 1.05363E-03    1.24242E+04    1.24242E+04    1.24242E+04
 1.05388E-03    1.30556E+04    1.30556E+04    1.30556E+04
 1.05413E-03    1.37863E+04    1.37863E+04    1.37863E+04
 1.05430E-03    1.43382E+04    1.43382E+04    1.43382E+04
 1.05446E-03    1.49499E+04    1.49499E+04    1.49499E+04
 1.05463E-03    1.56292E+04    1.56292E+04    1.56292E+04
 1.05479E-03    1.63855E+04    1.63855E+04    1.63855E+04
 1.05496E-03    1.72293E+04    1.72293E+04    1.72293E+04
 1.05512E-03    1.81728E+04    1.81728E+04    1.81728E+04
 1.05527E-03    1.91186E+04    1.91186E+04    1.91186E+04
 1.05540E-03    2.00458E+04    2.00458E+04    2.00458E+04
 1.05554E-03    2.10637E+04    2.10637E+04    2.10637E+04
 1.05567E-03    2.21819E+04    2.21819E+04    2.21819E+04
 1.05580E-03    2.34112E+04    2.34112E+04    2.34112E+04
 1.05593E-03    2.47628E+04    2.47628E+04    2.47628E+04
 1.05606E-03    2.62487E+04    2.62487E+04    2.62487E+04
 1.05620E-03    2.78810E+04    2.78810E+04    2.78810E+04
 1.05632E-03    2.95551E+04    2.95551E+04    2.95551E+04
 1.05644E-03    3.12520E+04    3.12520E+04    3.12520E+04
 1.05655E-03    3.30858E+04    3.30858E+04    3.30858E+04
 1.05667E-03    3.50623E+04    3.50623E+04    3.50623E+04
 1.05678E-03    3.71858E+04    3.71858E+04    3.71858E+04
 1.05696E-03    4.06495E+04    4.06495E+04    4.06495E+04
 1.05713E-03    4.44397E+04    4.44397E+04    4.44397E+04
 1.05727E-03    4.77278E+04    4.77278E+04    4.77278E+04
 1.05752E-03    5.39140E+04    5.39140E+04    5.39140E+04
 1.05795E-03    6.51390E+04    6.51390E+04    6.51390E+04
 1.05816E-03    7.01215E+04    7.01215E+04    7.01215E+04
 1.05831E-03    7.34557E+04    7.34557E+04    7.34557E+04
 1.05847E-03    7.63026E+04    7.63026E+04    7.63026E+04
 1.05862E-03    7.85469E+04    7.85469E+04    7.85469E+04
 1.05875E-03    7.98935E+04    7.98935E+04    7.98935E+04
 1.05887E-03    8.06568E+04    8.06568E+04    8.06568E+04
 1.05901E-03    8.09823E+04    8.09823E+04    8.09823E+04
 1.05912E-03    8.08061E+04    8.08061E+04    8.08061E+04
 1.05924E-03    8.01182E+04    8.01182E+04    8.01182E+04
 1.05937E-03    7.89381E+04    7.89381E+04    7.89381E+04
 1.05950E-03    7.73089E+04    7.73089E+04    7.73089E+04
 1.05963E-03    7.52855E+04    7.52855E+04    7.52855E+04
 1.05979E-03    7.22365E+04    7.22365E+04    7.22365E+04
 1.05991E-03    6.97224E+04    6.97224E+04    6.97224E+04
 1.06015E-03    6.42711E+04    6.42711E+04    6.42711E+04
 1.06057E-03    5.44078E+04    5.44078E+04    5.44078E+04
 1.06080E-03    4.92303E+04    4.92303E+04    4.92303E+04
 1.06097E-03    4.56563E+04    4.56563E+04    4.56563E+04
 1.06115E-03    4.23530E+04    4.23530E+04    4.23530E+04
 1.06132E-03    3.93325E+04    3.93325E+04    3.93325E+04
 1.06150E-03    3.65918E+04    3.65918E+04    3.65918E+04
 1.06164E-03    3.45701E+04    3.45701E+04    3.45701E+04
 1.06180E-03    3.24036E+04    3.24036E+04    3.24036E+04
 1.06197E-03    3.04492E+04    3.04492E+04    3.04492E+04
 1.06213E-03    2.86878E+04    2.86878E+04    2.86878E+04
 1.06230E-03    2.71005E+04    2.71005E+04    2.71005E+04
 1.06246E-03    2.56692E+04    2.56692E+04    2.56692E+04
 1.06263E-03    2.43771E+04    2.43771E+04    2.43771E+04
 1.06279E-03    2.32087E+04    2.32087E+04    2.32087E+04
 1.06296E-03    2.21503E+04    2.21503E+04    2.21503E+04
 1.06312E-03    2.11896E+04    2.11896E+04    2.11896E+04
 1.06337E-03    1.99082E+04    1.99082E+04    1.99082E+04
 1.06362E-03    1.87910E+04    1.87910E+04    1.87910E+04
 1.06387E-03    1.78119E+04    1.78119E+04    1.78119E+04
 1.06412E-03    1.69497E+04    1.69497E+04    1.69497E+04
 1.06437E-03    1.61749E+04    1.61749E+04    1.61749E+04
 1.06462E-03    1.54820E+04    1.54820E+04    1.54820E+04
 1.06488E-03    1.48651E+04    1.48651E+04    1.48651E+04
 1.06521E-03    1.41424E+04    1.41424E+04    1.41424E+04
 1.06555E-03    1.35152E+04    1.35152E+04    1.35152E+04
 1.06598E-03    1.28347E+04    1.28347E+04    1.28347E+04
 1.06641E-03    1.22549E+04    1.22549E+04    1.22549E+04
 1.06684E-03    1.17565E+04    1.17565E+04    1.17565E+04
 1.06726E-03    1.13247E+04    1.13247E+04    1.13247E+04
 1.06783E-03    1.08327E+04    1.08327E+04    1.08327E+04
 1.06845E-03    1.03842E+04    1.03842E+04    1.03842E+04
 1.06907E-03    1.00062E+04    1.00062E+04    1.00062E+04
 1.06949E-03    9.78609E+03    9.78609E+03    9.78609E+03
 1.07031E-03    9.40723E+03    9.40723E+03    9.40723E+03
 1.07114E-03    9.09363E+03    9.09363E+03    9.09363E+03
 1.07197E-03    8.83034E+03    8.83034E+03    8.83034E+03
 1.07321E-03    8.50685E+03    8.50685E+03    8.50685E+03
 1.07445E-03    8.24734E+03    8.24734E+03    8.24734E+03
 1.07565E-03    8.04159E+03    8.04159E+03    8.04159E+03
 1.07744E-03    7.79283E+03    7.79283E+03    7.79283E+03
 1.07924E-03    7.59606E+03    7.59606E+03    7.59606E+03
 1.08168E-03    7.38714E+03    7.38714E+03    7.38714E+03
 1.08412E-03    7.22434E+03    7.22434E+03    7.22434E+03
 1.08680E-03    7.08193E+03    7.08193E+03    7.08193E+03
 1.08949E-03    6.96688E+03    6.96688E+03    6.96688E+03
 1.09445E-03    6.80330E+03    6.80330E+03    6.80330E+03
 1.10024E-03    6.66428E+03    6.66428E+03    6.66428E+03
 1.10768E-03    6.53437E+03    6.53437E+03    6.53437E+03
 1.11759E-03    6.41167E+03    6.41167E+03    6.41167E+03
 1.12999E-03    6.30467E+03    6.30467E+03    6.30467E+03
 1.14818E-03    6.19854E+03    6.19854E+03    6.19854E+03
 1.17463E-03    6.09937E+03    6.09937E+03    6.09937E+03
 1.21265E-03    6.01130E+03    6.01130E+03    6.01130E+03
 1.27382E-03    5.92718E+03    5.92718E+03    5.92718E+03
 1.38366E-03    5.83998E+03    5.83998E+03    5.83998E+03
 1.58649E-03    5.71087E+03    5.71087E+03    5.71087E+03
 1.65284E-03    5.63781E+03    5.63781E+03    5.63781E+03
 1.69339E-03    5.56034E+03    5.56034E+03    5.56034E+03
 1.71919E-03    5.48068E+03    5.48068E+03    5.48068E+03
 1.74407E-03    5.36404E+03    5.36404E+03    5.36404E+03
 1.75697E-03    5.30287E+03    5.30287E+03    5.30287E+03
 1.75973E-03    5.29871E+03    5.29871E+03    5.29871E+03
 1.76436E-03    5.31668E+03    5.31668E+03    5.31668E+03
 1.76722E-03    5.35943E+03    5.35943E+03    5.35943E+03
 1.76919E-03    5.41595E+03    5.41595E+03    5.41595E+03
 1.77116E-03    5.50952E+03    5.50952E+03    5.50952E+03
 1.77254E-03    5.60968E+03    5.60968E+03    5.60968E+03
 1.77346E-03    5.69926E+03    5.69926E+03    5.69926E+03
 1.77439E-03    5.81342E+03    5.81342E+03    5.81342E+03
 1.77531E-03    5.95988E+03    5.95988E+03    5.95988E+03
 1.77600E-03    6.09722E+03    6.09722E+03    6.09722E+03
 1.77669E-03    6.26476E+03    6.26476E+03    6.26476E+03
 1.77738E-03    6.47053E+03    6.47053E+03    6.47053E+03
 1.77807E-03    6.72519E+03    6.72519E+03    6.72519E+03
 1.77853E-03    6.92903E+03    6.92903E+03    6.92903E+03
 1.77906E-03    7.20269E+03    7.20269E+03    7.20269E+03
 1.77958E-03    7.53040E+03    7.53040E+03    7.53040E+03
 1.77993E-03    7.78551E+03    7.78551E+03    7.78551E+03
 1.78028E-03    8.07573E+03    8.07573E+03    8.07573E+03
 1.78063E-03    8.40712E+03    8.40712E+03    8.40712E+03
 1.78098E-03    8.78709E+03    8.78709E+03    8.78709E+03
 1.78133E-03    9.22465E+03    9.22465E+03    9.22465E+03
 1.78165E-03    9.68118E+03    9.68118E+03    9.68118E+03
 1.78197E-03    1.02047E+04    1.02047E+04    1.02047E+04
 1.78229E-03    1.08081E+04    1.08081E+04    1.08081E+04
 1.78250E-03    1.12622E+04    1.12622E+04    1.12622E+04
 1.78271E-03    1.17642E+04    1.17642E+04    1.17642E+04
 1.78292E-03    1.23205E+04    1.23205E+04    1.23205E+04
 1.78312E-03    1.28962E+04    1.28962E+04    1.28962E+04
 1.78331E-03    1.34864E+04    1.34864E+04    1.34864E+04
 1.78349E-03    1.41359E+04    1.41359E+04    1.41359E+04
 1.78367E-03    1.48523E+04    1.48523E+04    1.48523E+04
 1.78386E-03    1.56441E+04    1.56441E+04    1.56441E+04
 1.78404E-03    1.65212E+04    1.65212E+04    1.65212E+04
 1.78423E-03    1.74952E+04    1.74952E+04    1.74952E+04
 1.78441E-03    1.85790E+04    1.85790E+04    1.85790E+04
 1.78458E-03    1.96610E+04    1.96610E+04    1.96610E+04
 1.78473E-03    2.07179E+04    2.07179E+04    2.07179E+04
 1.78487E-03    2.18746E+04    2.18746E+04    2.18746E+04
 1.78502E-03    2.31421E+04    2.31421E+04    2.31421E+04
 1.78517E-03    2.45324E+04    2.45324E+04    2.45324E+04
 1.78531E-03    2.60590E+04    2.60590E+04    2.60590E+04
 1.78546E-03    2.77363E+04    2.77363E+04    2.77363E+04
 1.78561E-03    2.95797E+04    2.95797E+04    2.95797E+04
 1.78573E-03    3.12767E+04    3.12767E+04    3.12767E+04
 1.78589E-03    3.35426E+04    3.35426E+04    3.35426E+04
 1.78604E-03    3.60378E+04    3.60378E+04    3.60378E+04
 1.78619E-03    3.87811E+04    3.87811E+04    3.87811E+04
 1.78634E-03    4.17910E+04    4.17910E+04    4.17910E+04
 1.78649E-03    4.50832E+04    4.50832E+04    4.50832E+04
 1.78663E-03    4.83326E+04    4.83326E+04    4.83326E+04
 1.78677E-03    5.18318E+04    5.18318E+04    5.18318E+04
 1.78686E-03    5.43046E+04    5.43046E+04    5.43046E+04
 1.78705E-03    5.95825E+04    5.95825E+04    5.95825E+04
 1.78723E-03    6.52822E+04    6.52822E+04    6.52822E+04
 1.78742E-03    7.13593E+04    7.13593E+04    7.13593E+04
 1.78769E-03    8.10183E+04    8.10183E+04    8.10183E+04
 1.78820E-03    9.92639E+04    9.92639E+04    9.92639E+04
 1.78843E-03    1.07146E+05    1.07146E+05    1.07146E+05
 1.78866E-03    1.14380E+05    1.14380E+05    1.14380E+05
 1.78883E-03    1.19241E+05    1.19241E+05    1.19241E+05
 1.78906E-03    1.24693E+05    1.24693E+05    1.24693E+05
 1.78914E-03    1.26462E+05    1.26462E+05    1.26462E+05
 1.78922E-03    1.28092E+05    6.49911E+04    1.91193E+05
 1.78922E-03    1.19623E+04    6.06940E+03    1.78552E+04
 1.81446E-03    1.18854E+04    6.03040E+03    1.77405E+04
 1.84006E-03    1.18075E+04    5.99086E+03    1.76241E+04
 1.86602E-03    1.17285E+04    5.95076E+03    1.75062E+04
 1.89235E-03    1.16483E+04    5.91009E+03    1.73865E+04
 1.91905E-03    1.15670E+04    5.86885E+03    1.72652E+04
 1.94612E-03    1.14846E+04    5.82703E+03    1.71422E+04
 1.97358E-03    1.14010E+04    5.78462E+03    1.70174E+04
 2.00000E-03    1.13206E+04    5.74381E+03    1.68974E+04
 2.02822E-03    1.12831E+04    5.72481E+03    1.68415E+04
 2.05683E-03    1.12452E+04    5.70554E+03    1.67848E+04
 2.08585E-03    1.12067E+04    5.68601E+03    1.67273E+04
 2.11528E-03    1.11676E+04    5.66620E+03    1.66690E+04
 2.14512E-03    1.11280E+04    5.64610E+03    1.66099E+04
 2.17538E-03    1.10879E+04    5.62573E+03    1.65500E+04
 2.20607E-03    1.10471E+04    5.60507E+03    1.64892E+04
 2.23720E-03    1.10058E+04    5.58411E+03    1.64276E+04
 2.26876E-03    1.09640E+04    5.56286E+03    1.63650E+04
 2.30077E-03    1.09215E+04    5.54131E+03    1.63016E+04
 2.33323E-03    1.08784E+04    5.51946E+03    1.62374E+04
 2.36615E-03    1.08347E+04    5.49730E+03    1.61722E+04
 2.39953E-03    1.07904E+04    5.47482E+03    1.61060E+04
 2.43338E-03    1.07455E+04    5.45203E+03    1.60390E+04
 2.46771E-03    1.07000E+04    5.42892E+03    1.59710E+04
 2.50253E-03    1.06538E+04    5.40548E+03    1.59020E+04
 2.53783E-03    1.06069E+04    5.38171E+03    1.58321E+04
 2.57364E-03    1.05594E+04    5.35760E+03    1.57612E+04
 2.60995E-03    1.05112E+04    5.33315E+03    1.56893E+04
 2.64677E-03    1.04624E+04    5.30836E+03    1.56164E+04
 2.68411E-03    1.04128E+04    5.28322E+03    1.55424E+04
 2.72198E-03    1.03626E+04    5.25773E+03    1.54674E+04
 2.76038E-03    1.03116E+04    5.23187E+03    1.53913E+04
 2.79932E-03    1.02599E+04    5.20566E+03    1.53142E+04
 2.83882E-03    1.02075E+04    5.17907E+03    1.52360E+04
 2.87887E-03    1.01544E+04    5.15210E+03    1.51567E+04
 2.91948E-03    1.01005E+04    5.12476E+03    1.50762E+04
 2.96067E-03    1.00458E+04    5.09703E+03    1.49946E+04
 3.00000E-03    9.99364E+03    5.07055E+03    1.49167E+04
 3.04232E-03    9.96986E+03    5.05848E+03    1.48812E+04
 3.08525E-03    9.94574E+03    5.04624E+03    1.48452E+04
 3.12877E-03    9.92128E+03    5.03383E+03    1.48087E+04
 3.17291E-03    9.89647E+03    5.02125E+03    1.47717E+04
 3.21768E-03    9.87132E+03    5.00848E+03    1.47342E+04
 3.26307E-03    9.84581E+03    4.99554E+03    1.46961E+04
 3.30911E-03    9.81994E+03    4.98242E+03    1.46575E+04
 3.35580E-03    9.79371E+03    4.96910E+03    1.46183E+04
 3.40314E-03    9.76710E+03    4.95561E+03    1.45786E+04
 3.45115E-03    9.74012E+03    4.94192E+03    1.45383E+04
 3.49984E-03    9.71276E+03    4.92804E+03    1.44975E+04
 3.54922E-03    9.68501E+03    4.91396E+03    1.44561E+04
 3.59929E-03    9.65688E+03    4.89968E+03    1.44141E+04
 3.65007E-03    9.62834E+03    4.88520E+03    1.43715E+04
 3.70157E-03    9.59940E+03    4.87052E+03    1.43283E+04
 3.75379E-03    9.57006E+03    4.85563E+03    1.42845E+04
 3.80675E-03    9.54030E+03    4.84053E+03    1.42401E+04
 3.86046E-03    9.51012E+03    4.82522E+03    1.41950E+04
 3.91492E-03    9.47951E+03    4.80969E+03    1.41493E+04
 3.97015E-03    9.44848E+03    4.79394E+03    1.41030E+04
 4.00000E-03    9.43170E+03    4.78543E+03    1.40780E+04
 4.05643E-03    9.40005E+03    4.76937E+03    1.40307E+04
 4.11366E-03    9.36794E+03    4.75308E+03    1.39828E+04
 4.17170E-03    9.33539E+03    4.73656E+03    1.39342E+04
 4.23055E-03    9.30237E+03    4.71981E+03    1.38849E+04
 4.29024E-03    9.26889E+03    4.70283E+03    1.38350E+04
 4.35077E-03    9.23494E+03    4.68560E+03    1.37843E+04
 4.41215E-03    9.20051E+03    4.66813E+03    1.37329E+04
 4.47439E-03    9.16559E+03    4.65041E+03    1.36808E+04
 4.53752E-03    9.13018E+03    4.63245E+03    1.36279E+04
 4.60154E-03    9.09427E+03    4.61423E+03    1.35743E+04
 4.66646E-03    9.05785E+03    4.59575E+03    1.35200E+04
 4.73229E-03    9.02092E+03    4.57701E+03    1.34648E+04
 4.79906E-03    8.98347E+03    4.55801E+03    1.34089E+04
 4.86676E-03    8.94549E+03    4.53874E+03    1.33522E+04
 4.93542E-03    8.90698E+03    4.51920E+03    1.32948E+04
 5.00000E-03    8.87075E+03    4.50082E+03    1.32407E+04
 5.07054E-03    8.83124E+03    4.48077E+03    1.31817E+04
 5.14208E-03    8.79116E+03    4.46044E+03    1.31219E+04
 5.21462E-03    8.75052E+03    4.43982E+03    1.30612E+04
 5.28819E-03    8.70931E+03    4.41891E+03    1.29997E+04
 5.36280E-03    8.66751E+03    4.39770E+03    1.29373E+04
 5.43846E-03    8.62513E+03    4.37620E+03    1.28741E+04
 5.51518E-03    8.58215E+03    4.35439E+03    1.28099E+04
 5.59299E-03    8.53856E+03    4.33227E+03    1.27448E+04
 5.67190E-03    8.49435E+03    4.30984E+03    1.26789E+04
 5.75192E-03    8.44953E+03    4.28710E+03    1.26120E+04
 5.83307E-03    8.40407E+03    4.26403E+03    1.25441E+04
 5.91536E-03    8.35797E+03    4.24064E+03    1.24753E+04
 5.99882E-03    8.31121E+03    4.21692E+03    1.24055E+04
 6.00000E-03    8.31055E+03    5.53398E+03    1.10871E+04
 6.08465E-03    8.29208E+03    5.52168E+03    1.10625E+04
 6.17049E-03    8.27335E+03    5.50921E+03    1.10375E+04
 6.25755E-03    8.25436E+03    5.49656E+03    1.10122E+04
 6.34583E-03    8.23510E+03    5.48374E+03    1.09865E+04
 6.43536E-03    8.21556E+03    5.47073E+03    1.09604E+04
 6.52615E-03    8.19575E+03    5.45754E+03    1.09340E+04
 6.61822E-03    8.17566E+03    5.44416E+03    1.09072E+04
 6.71159E-03    8.15529E+03    5.43059E+03    1.08800E+04
 6.80628E-03    8.13463E+03    5.41684E+03    1.08524E+04
 6.90231E-03    8.11368E+03    5.40288E+03    1.08245E+04
 6.99968E-03    8.09243E+03    5.38874E+03    1.07961E+04
 7.00000E-03    8.09236E+03    5.38869E+03    1.07960E+04
 7.09876E-03    8.07087E+03    5.37438E+03    1.07674E+04
 7.19891E-03    8.04907E+03    5.35986E+03    1.07383E+04
 7.30047E-03    8.02697E+03    5.34514E+03    1.07088E+04
 7.40347E-03    8.00455E+03    5.33022E+03    1.06789E+04
 7.50792E-03    7.98182E+03    5.31508E+03    1.06486E+04
 7.61384E-03    7.95876E+03    5.29973E+03    1.06178E+04
 7.72126E-03    7.93538E+03    5.28416E+03    1.05866E+04
 7.83019E-03    7.91168E+03    5.26837E+03    1.05550E+04
 7.94066E-03    7.88763E+03    5.25236E+03    1.05229E+04
 8.00000E-03    7.87472E+03    5.24376E+03    1.05057E+04
 8.11287E-03    7.85019E+03    5.22743E+03    1.04730E+04
 8.22732E-03    7.82532E+03    5.21087E+03    1.04398E+04
 8.34340E-03    7.80010E+03    5.19408E+03    1.04061E+04
 8.46111E-03    7.77453E+03    5.17704E+03    1.03720E+04
 8.58048E-03    7.74859E+03    5.15977E+03    1.03374E+04
 8.70153E-03    7.72229E+03    5.14226E+03    1.03023E+04
 8.82430E-03    7.69562E+03    5.12450E+03    1.02667E+04
 8.94879E-03    7.66857E+03    5.10648E+03    1.02306E+04
 9.00000E-03    7.65744E+03    5.09908E+03    1.02158E+04
 9.12697E-03    7.62989E+03    5.08073E+03    1.01791E+04
 9.25574E-03    7.60196E+03    5.06213E+03    1.01418E+04
 9.38632E-03    7.57364E+03    5.04327E+03    1.01040E+04
 9.51875E-03    7.54491E+03    5.02414E+03    1.00657E+04
 9.65304E-03    7.51578E+03    5.00474E+03    1.00268E+04
 9.78922E-03    7.48624E+03    4.98507E+03    9.98740E+03
 9.92733E-03    7.45628E+03    4.96512E+03    9.94743E+03
 1.00000E-02    7.44051E+03    4.95462E+03    9.92640E+03
 1.01411E-02    7.42920E+03    4.94709E+03    9.91131E+03
 1.02842E-02    7.41772E+03    4.93945E+03    9.89600E+03
 1.04292E-02    7.40609E+03    4.93170E+03    9.88048E+03
 1.05764E-02    7.39429E+03    4.92384E+03    9.86473E+03
 1.07256E-02    7.38232E+03    4.91587E+03    9.84877E+03
 1.08769E-02    7.37019E+03    4.90779E+03    9.83258E+03
 1.10304E-02    7.35788E+03    4.89960E+03    9.81616E+03
 1.11860E-02    7.34540E+03    4.89129E+03    9.79951E+03
 1.13438E-02    7.33274E+03    4.88286E+03    9.78263E+03
 1.15038E-02    7.31991E+03    4.87431E+03    9.76550E+03
 1.16661E-02    7.30689E+03    4.86565E+03    9.74814E+03
 1.18307E-02    7.29369E+03    4.85686E+03    9.73053E+03
 1.19976E-02    7.28031E+03    4.84794E+03    9.71267E+03
 1.21669E-02    7.26673E+03    4.83890E+03    9.69456E+03
 1.23386E-02    7.25297E+03    4.82974E+03    9.67620E+03
 1.25126E-02    7.23901E+03    4.82044E+03    9.65757E+03
 1.26892E-02    7.22485E+03    4.81101E+03    9.63868E+03
 1.28682E-02    7.21049E+03    4.80145E+03    9.61953E+03
 1.30497E-02    7.19593E+03    4.79176E+03    9.60011E+03
 1.32338E-02    7.18117E+03    4.78193E+03    9.58041E+03
 1.34205E-02    7.16619E+03    4.77196E+03    9.56043E+03
 1.36099E-02    7.15101E+03    4.76185E+03    9.54018E+03
 1.38019E-02    7.13561E+03    4.75159E+03    9.51963E+03
 1.39966E-02    7.12000E+03    4.74119E+03    9.49880E+03
 1.41941E-02    7.10416E+03    4.73065E+03    9.47767E+03
 1.43943E-02    7.08810E+03    4.71995E+03    9.45625E+03
 1.45974E-02    7.07181E+03    4.70911E+03    9.43452E+03
 1.48034E-02    7.05530E+03    4.69811E+03    9.41249E+03
 1.50122E-02    7.03855E+03    4.68696E+03    9.39014E+03
 1.52240E-02    7.02156E+03    4.67565E+03    9.36748E+03
 1.54388E-02    7.00434E+03    4.66418E+03    9.34450E+03
 1.56566E-02    6.98687E+03    4.65254E+03    9.32120E+03
 1.58775E-02    6.96916E+03    4.64075E+03    9.29756E+03
 1.61015E-02    6.95119E+03    4.62879E+03    9.27360E+03
 1.63287E-02    6.93297E+03    4.61665E+03    9.24929E+03
 1.65590E-02    6.91450E+03    4.60435E+03    9.22465E+03
 1.67926E-02    6.89576E+03    4.59188E+03    9.19965E+03
 1.70295E-02    6.87676E+03    4.57922E+03    9.17430E+03
 1.72698E-02    6.85750E+03    4.56639E+03    9.14860E+03
 1.75135E-02    6.83796E+03    4.55338E+03    9.12253E+03
 1.77605E-02    6.81814E+03    4.54019E+03    9.09609E+03
 1.80111E-02    6.79805E+03    4.52681E+03    9.06929E+03
 1.82652E-02    6.77767E+03    4.51324E+03    9.04210E+03
 1.85229E-02    6.75700E+03    4.49948E+03    9.01453E+03
 1.87842E-02    6.73604E+03    4.48552E+03    8.98657E+03
 1.90492E-02    6.71479E+03    4.47137E+03    8.95822E+03
 1.93180E-02    6.69324E+03    4.45702E+03    8.92946E+03
 1.95905E-02    6.67138E+03    4.44246E+03    8.90030E+03
 1.98669E-02    6.64922E+03    4.42770E+03    8.87073E+03
 2.00000E-02    6.63854E+03    4.42059E+03    8.85649E+03
 2.72250E-02    6.41335E+03    4.27064E+03    8.55606E+03
 2.72250E-02    6.41315E+03    4.27051E+03    8.55580E+03
 3.02116E-02    6.32584E+03    3.42936E+03    9.22231E+03
 5.47682E-02    6.05812E+03    3.28423E+03    8.83202E+03
 6.08345E-02    6.00304E+03    3.25437E+03    8.75171E+03
 9.51874E-02    5.91656E+03    3.20748E+03    8.62563E+03
 1.00000E-01    5.90733E+03    3.20248E+03    8.61217E+03
 1.64305E-01    5.93548E+03    3.21774E+03    8.65322E+03
 2.10231E-01    5.98180E+03    4.71497E+03    7.24863E+03
 3.97033E-01    6.26581E+03    4.93883E+03    7.59279E+03
 4.82652E-01    6.38056E+03    5.02928E+03    7.73184E+03
 5.85111E-01    6.48878E+03    5.11458E+03    7.86298E+03
 6.00000E-01    6.50143E+03    5.96899E+03    7.03388E+03
 6.22880E-01    6.49508E+03    5.96316E+03    7.02700E+03
 7.14883E-01    6.57934E+03    6.04052E+03    7.11816E+03
 8.17009E-01    6.61335E+03    6.07174E+03    7.15496E+03
 8.50000E-01    6.61414E+03    6.07247E+03    7.15582E+03
 8.61592E-01    6.61322E+03    6.07163E+03    7.15482E+03
 9.00000E-01    6.62768E+03    6.08490E+03    7.17046E+03
 9.44052E-01    6.61689E+03    6.07499E+03    7.15878E+03
 9.74593E-01    6.61901E+03    6.07694E+03    7.16108E+03
 1.00678E+00    6.61273E+03    5.76877E+03    7.45668E+03
 1.09613E+00    6.52887E+03    5.69562E+03    7.36212E+03
 1.20000E+00    6.54159E+03    5.70671E+03    7.37647E+03
 1.23737E+00    6.49902E+03    5.66957E+03    7.32846E+03
 1.41975E+00    6.38394E+03    5.56918E+03    7.19869E+03
 1.66588E+00    6.14905E+03    5.36427E+03    6.93383E+03
 1.80878E+00    5.99239E+03    5.12289E+03    6.86189E+03
 1.90808E+00    5.85812E+03    5.00810E+03    6.70813E+03
 2.01411E+00    5.76500E+03    4.92850E+03    6.60151E+03
 2.16804E+00    5.58843E+03    4.77755E+03    6.39932E+03
 2.23104E+00    5.51612E+03    4.71573E+03    6.31652E+03
 2.31469E+00    5.41521E+03    4.62946E+03    6.20097E+03
 2.40000E+00    5.34181E+03    4.56671E+03    6.11691E+03
 2.49104E+00    5.22570E+03    4.46745E+03    5.98396E+03
 2.63668E+00    5.11281E+03    4.67663E+03    5.54899E+03
 2.85953E+00    4.92290E+03    4.50292E+03    5.34288E+03
 3.08525E+00    4.76136E+03    4.35517E+03    5.16756E+03
 3.30000E+00    4.63615E+03    4.24064E+03    5.03167E+03
 3.57442E+00    4.51296E+03    4.12795E+03    4.89796E+03
 3.87681E+00    4.41183E+03    4.03545E+03    4.78821E+03
 4.31934E+00    4.30820E+03    3.94066E+03    4.67573E+03
 4.83386E+00    4.22103E+03    4.03098E+03    4.41109E+03
 5.40000E+00    4.15509E+03    3.96801E+03    4.34218E+03
 5.94597E+00    4.12081E+03    3.93527E+03    4.30635E+03
 6.27607E+00    4.11474E+03    3.92947E+03    4.30001E+03
 6.80000E+00    4.12807E+03    3.98721E+03    4.26894E+03
 7.40000E+00    4.17572E+03    4.03322E+03    4.31821E+03
 8.11287E+00    4.26788E+03    4.12225E+03    4.41352E+03
 9.88730E+00    4.53934E+03    4.21536E+03    4.86333E+03
 1.00000E+01    4.55487E+03    4.22978E+03    4.87997E+03
 1.01241E+01    4.57076E+03    4.24454E+03    4.89699E+03
 1.01721E+01    4.57677E+03    4.25012E+03    4.90343E+03
 1.02089E+01    4.58133E+03    4.25435E+03    4.90831E+03
 1.02225E+01    4.58299E+03    4.25589E+03    4.91009E+03
 1.02951E+01    4.59179E+03    4.26406E+03    4.91951E+03
 1.03534E+01    4.59872E+03    4.27050E+03    4.92694E+03
 1.04167E+01    4.60610E+03    4.27735E+03    4.93486E+03
 1.04556E+01    4.61056E+03    4.28149E+03    4.93963E+03
 1.04807E+01    4.61342E+03    4.28415E+03    4.94269E+03
 1.05000E+01    4.61560E+03    4.28617E+03    4.94502E+03
 1.05666E+01    4.62270E+03    4.29277E+03    4.95264E+03
 1.07157E+01    4.63716E+03    4.30619E+03    4.96812E+03
 1.08669E+01    4.65181E+03    4.31980E+03    4.98383E+03
 1.10000E+01    4.66472E+03    4.33179E+03    4.99766E+03
 1.11552E+01    4.67618E+03    4.34242E+03    5.00993E+03
 1.13126E+01    4.68779E+03    4.35321E+03    5.02237E+03
 1.14722E+01    4.69957E+03    4.36415E+03    5.03499E+03
 1.15000E+01    4.70162E+03    4.36605E+03    5.03719E+03
 1.16622E+01    4.70961E+03    4.37348E+03    5.04575E+03
 1.18268E+01    4.71772E+03    4.38101E+03    5.05444E+03
 1.19936E+01    4.72594E+03    4.38864E+03    5.06325E+03
 1.20000E+01    4.72626E+03    4.38893E+03    5.06358E+03
 1.21693E+01    4.73091E+03    4.39325E+03    5.06857E+03
 1.23410E+01    4.73564E+03    4.39764E+03    5.07363E+03
 1.24146E+01    4.73766E+03    4.39952E+03    5.07580E+03
 1.25000E+01    4.73914E+03    4.40090E+03    5.07739E+03
 1.25357E+01    4.73961E+03    4.40133E+03    5.07789E+03
 1.27126E+01    4.74015E+03    4.40183E+03    5.07847E+03
 1.28919E+01    4.74070E+03    4.40235E+03    5.07906E+03
 1.30000E+01    4.74104E+03    4.28432E+03    5.19775E+03
 1.31834E+01    4.73900E+03    4.28248E+03    5.19552E+03
 1.32422E+01    4.73835E+03    4.28189E+03    5.19481E+03
 1.34290E+01    4.73461E+03    4.27851E+03    5.19071E+03
 1.35000E+01    4.73319E+03    4.27723E+03    5.18915E+03
 1.36905E+01    4.72703E+03    4.27166E+03    5.18240E+03
 1.38836E+01    4.72078E+03    4.26602E+03    5.17555E+03
 1.40000E+01    4.71702E+03    4.26261E+03    5.17142E+03
 1.41975E+01    4.70823E+03    4.25467E+03    5.16178E+03
 1.43375E+01    4.70200E+03    4.24904E+03    5.15495E+03
 1.44372E+01    4.69715E+03    4.24466E+03    5.14964E+03
 1.45000E+01    4.69396E+03    4.24178E+03    5.14614E+03
 1.47046E+01    4.68220E+03    4.23115E+03    5.13325E+03
 1.49120E+01    4.67028E+03    4.22038E+03    5.12018E+03
 1.49980E+01    4.66534E+03    4.21592E+03    5.11477E+03
 1.50000E+01    4.66522E+03    4.21580E+03    5.11463E+03
 1.52116E+01    4.65151E+03    4.20342E+03    5.09961E+03
 1.54262E+01    4.63762E+03    4.19086E+03    5.08437E+03
 1.54660E+01    4.63504E+03    4.18854E+03    5.08155E+03
 1.55000E+01    4.63266E+03    4.18638E+03    5.07894E+03
 1.55834E+01    4.62672E+03    4.18101E+03    5.07242E+03
 1.57277E+01    4.61610E+03    4.17142E+03    5.06078E+03
 1.57320E+01    4.61577E+03    4.17112E+03    5.06042E+03
 1.57851E+01    4.61176E+03    4.16750E+03    5.05602E+03
 1.58282E+01    4.60847E+03    4.16453E+03    5.05242E+03
 1.58791E+01    4.60453E+03    4.16096E+03    5.04810E+03
 1.59097E+01    4.60215E+03    4.15881E+03    5.04548E+03
 1.60000E+01    4.59500E+03    4.05538E+03    5.13461E+03
 1.62257E+01    4.57723E+03    4.03970E+03    5.11476E+03
 1.64546E+01    4.55921E+03    4.02380E+03    5.09462E+03
 1.65000E+01    4.55565E+03    4.02065E+03    5.09064E+03
 1.66877E+01    4.53990E+03    4.00675E+03    5.07304E+03
 1.69231E+01    4.51937E+03    3.98864E+03    5.05010E+03
 1.70000E+01    4.51266E+03    3.98272E+03    5.04261E+03
 1.72398E+01    4.49174E+03    3.96426E+03    5.01923E+03
 1.74127E+01    4.47666E+03    3.95095E+03    5.00238E+03
 1.75000E+01    4.46883E+03    3.94403E+03    4.99362E+03
 1.77469E+01    4.44614E+03    3.92401E+03    4.96827E+03
 1.78774E+01    4.43415E+03    3.91343E+03    4.95487E+03
 1.79702E+01    4.42545E+03    3.90575E+03    4.94515E+03
 1.80000E+01    4.42265E+03    3.90327E+03    4.94202E+03
 1.82539E+01    4.39891E+03    3.88233E+03    4.91550E+03
 1.85000E+01    4.37592E+03    3.86203E+03    4.88980E+03
 1.87610E+01    4.35087E+03    3.83993E+03    4.86181E+03
 1.90000E+01    4.32794E+03    3.81969E+03    4.83618E+03
 1.91390E+01    4.31440E+03    3.80774E+03    4.82106E+03
 1.94090E+01    4.28795E+03    3.78440E+03    4.79150E+03
 1.95000E+01    4.27904E+03    3.77653E+03    4.78154E+03
 1.96086E+01    4.26835E+03    3.76710E+03    4.76960E+03
 1.98852E+01    4.24103E+03    3.74299E+03    4.73908E+03
 2.00000E+01    4.22970E+03    3.79394E+03    4.66546E+03
 2.02822E+01    4.20092E+03    3.76813E+03    4.63371E+03
 2.05683E+01    4.17173E+03    3.74195E+03    4.60151E+03
 2.08585E+01    4.14213E+03    3.71540E+03    4.56887E+03
 2.10000E+01    4.12770E+03    3.70245E+03    4.55294E+03
 2.12963E+01    4.09644E+03    3.67441E+03    4.51847E+03
 2.15967E+01    4.06474E+03    3.64598E+03    4.48350E+03
 2.19014E+01    4.03260E+03    3.61715E+03    4.44805E+03
 2.20000E+01    4.02220E+03    3.60782E+03    4.43658E+03
 2.23104E+01    3.98902E+03    3.57806E+03    4.39998E+03
 2.26251E+01    3.95537E+03    3.54788E+03    4.36286E+03
 2.29443E+01    3.92125E+03    3.51727E+03    4.32522E+03
 2.30000E+01    3.91530E+03    3.51193E+03    4.31866E+03
 2.33245E+01    3.88137E+03    3.48150E+03    4.28124E+03
 2.36536E+01    3.84697E+03    3.45065E+03    4.24330E+03
 2.39873E+01    3.81209E+03    3.41936E+03    4.20482E+03
 2.40000E+01    3.81076E+03    3.53495E+03    4.08656E+03
 2.43386E+01    3.77754E+03    3.50414E+03    4.05094E+03
 2.46820E+01    3.74386E+03    3.47290E+03    4.01482E+03
 2.50000E+01    3.71266E+03    3.44396E+03    3.98136E+03
 2.53527E+01    3.68152E+03    3.41507E+03    3.94797E+03
 2.57104E+01    3.64994E+03    3.38578E+03    3.91410E+03
 2.60000E+01    3.62437E+03    3.36206E+03    3.88669E+03
 2.63668E+01    3.59627E+03    3.33599E+03    3.85655E+03
 2.67388E+01    3.56778E+03    3.30956E+03    3.82599E+03
 2.70000E+01    3.54777E+03    3.29100E+03    3.80454E+03
 2.73809E+01    3.52322E+03    3.26823E+03    3.77821E+03
 2.77672E+01    3.49832E+03    3.24514E+03    3.75151E+03
 2.80000E+01    3.48332E+03    3.27954E+03    3.68711E+03
 2.83950E+01    3.46248E+03    3.25991E+03    3.66504E+03
 2.87956E+01    3.44134E+03    3.24001E+03    3.64267E+03
 2.90000E+01    3.43056E+03    3.22986E+03    3.63125E+03
 2.94091E+01    3.41311E+03    3.21343E+03    3.61279E+03
 2.98240E+01    3.39542E+03    3.19678E+03    3.59406E+03
 3.00000E+01    3.38792E+03    3.18971E+03    3.58612E+03
 3.04232E+01    3.37239E+03    3.17509E+03    3.56968E+03
 3.08525E+01    3.35663E+03    3.16026E+03    3.55301E+03
 3.10000E+01    3.35122E+03    3.15516E+03    3.54728E+03
 3.14374E+01    3.34000E+03    3.14460E+03    3.53540E+03
 3.18809E+01    3.32863E+03    3.13389E+03    3.52336E+03
 3.20000E+01    3.32557E+03    3.13101E+03    3.52013E+03
 3.24515E+01    3.31678E+03    3.12273E+03    3.51082E+03
 3.29093E+01    3.30786E+03    3.11434E+03    3.50138E+03
 3.30000E+01    3.30609E+03    3.11267E+03    3.49951E+03
 3.34656E+01    3.30010E+03    3.10703E+03    3.49317E+03
 3.39377E+01    3.29402E+03    3.10131E+03    3.48673E+03
 3.40000E+01    3.29322E+03    3.10056E+03    3.48588E+03
 3.44797E+01    3.28983E+03    3.09737E+03    3.48230E+03
 3.49661E+01    3.28640E+03    3.09413E+03    3.47866E+03
 3.50000E+01    3.28616E+03    3.09391E+03    3.47841E+03
 3.54938E+01    3.28535E+03    3.09315E+03    3.47756E+03
 3.59945E+01    3.28454E+03    3.09238E+03    3.47670E+03
 3.60000E+01    3.28453E+03    3.09237E+03    3.47669E+03
 3.65079E+01    3.28658E+03    3.09431E+03    3.47886E+03
 3.70000E+01    3.28857E+03    3.09618E+03    3.48096E+03
 3.75220E+01    3.29298E+03    3.10033E+03    3.48563E+03
 3.80000E+01    3.29702E+03    3.10413E+03    3.48991E+03
 3.85361E+01    3.30409E+03    3.11079E+03    3.49739E+03
 3.90000E+01    3.31021E+03    3.11655E+03    3.50387E+03
 3.95502E+01    3.31928E+03    3.12509E+03    3.51347E+03
 4.00000E+01    3.32669E+03    3.13207E+03    3.52131E+03
 4.05643E+01    3.33781E+03    3.14254E+03    3.53309E+03
 4.10000E+01    3.34640E+03    3.15062E+03    3.54218E+03
 4.15784E+01    3.35902E+03    3.16250E+03    3.55553E+03
 4.20000E+01    3.36821E+03    3.17116E+03    3.56526E+03
 4.25925E+01    3.38221E+03    3.18434E+03    3.58008E+03
 4.30000E+01    3.39184E+03    3.19341E+03    3.59027E+03
 4.36067E+01    3.40678E+03    3.20747E+03    3.60609E+03
 4.40000E+01    3.41647E+03    3.21659E+03    3.61634E+03
 4.46208E+01    3.43229E+03    3.23149E+03    3.63309E+03
 4.50000E+01    3.44196E+03    3.24059E+03    3.64333E+03
 4.56349E+01    3.45823E+03    3.25591E+03    3.66054E+03
 4.60000E+01    3.46758E+03    3.26471E+03    3.67045E+03
 4.66490E+01    3.48434E+03    3.28050E+03    3.68819E+03
 4.70000E+01    3.49341E+03    3.28903E+03    3.69779E+03
 4.76631E+01    3.51022E+03    3.30486E+03    3.71558E+03
 4.80000E+01    3.51876E+03    3.31290E+03    3.72462E+03
 4.86772E+01    3.53576E+03    3.32891E+03    3.74262E+03
 4.90000E+01    3.54387E+03    3.33654E+03    3.75120E+03
 4.96913E+01    3.56058E+03    3.35227E+03    3.76888E+03
 5.00000E+01    3.56804E+03    3.35930E+03    3.77678E+03
 5.07054E+01    3.58461E+03    3.37490E+03    3.79432E+03
 5.10000E+01    3.59153E+03    3.38141E+03    3.80165E+03
 5.17195E+01    3.60754E+03    3.39649E+03    3.81859E+03
 5.20000E+01    3.61378E+03    3.40236E+03    3.82520E+03
 5.27336E+01    3.62936E+03    3.41703E+03    3.84169E+03
 5.30000E+01    3.63502E+03    3.42236E+03    3.84768E+03
 5.37477E+01    3.64978E+03    3.43626E+03    3.86330E+03
 5.40000E+01    3.65476E+03    3.44094E+03    3.86858E+03
 5.47618E+01    3.66885E+03    3.45421E+03    3.88349E+03
 5.50000E+01    3.67326E+03    3.45836E+03    3.88816E+03
 5.57760E+01    3.68631E+03    3.47065E+03    3.90197E+03
 5.60000E+01    3.69008E+03    3.47420E+03    3.90596E+03
 5.67901E+01    3.70226E+03    3.48567E+03    3.91886E+03
 5.70000E+01    3.70550E+03    3.48872E+03    3.92228E+03
 5.78042E+01    3.71650E+03    3.49907E+03    3.93393E+03
 5.80000E+01    3.71918E+03    3.50160E+03    3.93676E+03
 5.88183E+01    3.72916E+03    3.51099E+03    3.94733E+03
 5.90000E+01    3.73138E+03    3.51308E+03    3.94968E+03
 5.98324E+01    3.74005E+03    3.52125E+03    3.95886E+03
 6.00000E+01    3.74180E+03    3.52289E+03    3.96071E+03
 6.08465E+01    3.74955E+03    3.53018E+03    3.96891E+03
 6.10000E+01    3.75095E+03    3.53151E+03    3.97039E+03
 6.18606E+01    3.75732E+03    3.53750E+03    3.97713E+03
 6.20000E+01    3.75835E+03    3.53847E+03    3.97823E+03
 6.28747E+01    3.76330E+03    3.54314E+03    3.98347E+03
 6.30000E+01    3.76401E+03    3.54380E+03    3.98422E+03
 6.38888E+01    3.76752E+03    3.54711E+03    3.98793E+03
 6.40000E+01    3.76796E+03    3.54752E+03    3.98840E+03
 6.49029E+01    3.77004E+03    3.54948E+03    3.99060E+03
 6.50000E+01    3.77026E+03    3.54969E+03    3.99083E+03
 6.59170E+01    3.77149E+03    3.55084E+03    3.99213E+03
 6.60000E+01    3.77160E+03    3.55095E+03    3.99225E+03
 6.69311E+01    3.77139E+03    3.55075E+03    3.99202E+03
 6.70000E+01    3.77137E+03    3.55073E+03    3.99201E+03
 6.79453E+01    3.76973E+03    3.54919E+03    3.99028E+03
 6.80000E+01    3.76964E+03    3.54910E+03    3.99018E+03
 6.89594E+01    3.76656E+03    3.54620E+03    3.98692E+03
 6.90000E+01    3.76643E+03    3.54608E+03    3.98678E+03
 6.99735E+01    3.76193E+03    3.54185E+03    3.98202E+03
 7.00000E+01    3.76181E+03    3.54173E+03    3.98189E+03
 7.09876E+01    3.75648E+03    3.53671E+03    3.97624E+03
 7.10000E+01    3.75641E+03    3.53665E+03    3.97617E+03
 7.20000E+01    3.74972E+03    3.53035E+03    3.96909E+03
 7.30000E+01    3.74179E+03    3.52288E+03    3.96070E+03
 7.40000E+01    3.73269E+03    3.51432E+03    3.95107E+03
 7.50000E+01    3.72247E+03    3.50469E+03    3.94025E+03
 7.60000E+01    3.71173E+03    3.49458E+03    3.92888E+03
 7.70000E+01    3.69996E+03    3.48350E+03    3.91642E+03
 7.80000E+01    3.68729E+03    3.47157E+03    3.90301E+03
 7.90000E+01    3.67370E+03    3.45878E+03    3.88862E+03
 8.00000E+01    3.65932E+03    3.44524E+03    3.87340E+03
 8.10000E+01    3.64474E+03    3.43151E+03    3.85797E+03
 8.20000E+01    3.62949E+03    3.41715E+03    3.84183E+03
 8.30000E+01    3.61351E+03    3.40211E+03    3.82491E+03
 8.40000E+01    3.59697E+03    3.38654E+03    3.80740E+03
 8.50000E+01    3.57979E+03    3.37036E+03    3.78922E+03
 8.60000E+01    3.56213E+03    3.35373E+03    3.77053E+03
 8.70000E+01    3.54391E+03    3.33658E+03    3.75124E+03
 8.80000E+01    3.52532E+03    3.31908E+03    3.73156E+03
 8.90000E+01    3.50622E+03    3.30109E+03    3.71135E+03
 9.00000E+01    3.48685E+03    3.28286E+03    3.69084E+03
 9.10000E+01    3.46771E+03    3.26484E+03    3.67058E+03
 9.20000E+01    3.44825E+03    3.24652E+03    3.64998E+03
 9.30000E+01    3.42864E+03    3.22805E+03    3.62923E+03
 9.40000E+01    3.40867E+03    3.20925E+03    3.60809E+03
 9.50000E+01    3.38861E+03    3.19036E+03    3.58685E+03
 9.60000E+01    3.36824E+03    3.17119E+03    3.56529E+03
 9.70000E+01    3.34783E+03    3.15197E+03    3.54369E+03
 9.80000E+01    3.32719E+03    3.13254E+03    3.52184E+03
 9.90000E+01    3.30655E+03    3.11311E+03    3.49999E+03
 1.00000E+02    3.28569E+03    3.09347E+03    3.47791E+03
 1.01411E+02    3.25697E+03    3.06642E+03    3.44751E+03
 1.02000E+02    3.24497E+03    3.05513E+03    3.43481E+03
 1.03439E+02    3.21559E+03    3.02747E+03    3.40372E+03
 1.04000E+02    3.20414E+03    3.01669E+03    3.39159E+03
 1.05467E+02    3.17422E+03    2.98851E+03    3.35992E+03
 1.06000E+02    3.16335E+03    2.97828E+03    3.34842E+03
 1.07495E+02    3.13295E+03    2.94967E+03    3.31624E+03
 1.08000E+02    3.12270E+03    2.94001E+03    3.30539E+03
 1.09524E+02    3.09194E+03    2.91106E+03    3.27283E+03
 1.10000E+02    3.08233E+03    2.90200E+03    3.26266E+03
 1.11552E+02    3.05177E+03    2.87323E+03    3.23030E+03
 1.12000E+02    3.04294E+03    2.86492E+03    3.22096E+03
 1.13580E+02    3.01229E+03    2.83606E+03    3.18851E+03
 1.14000E+02    3.00414E+03    2.82839E+03    3.17989E+03
 1.15608E+02    2.97334E+03    2.79939E+03    3.14729E+03
 1.16000E+02    2.96584E+03    2.79233E+03    3.13935E+03
 1.17637E+02    2.93497E+03    2.76326E+03    3.10667E+03
 1.18000E+02    2.92811E+03    2.75681E+03    3.09941E+03
 1.19665E+02    2.89720E+03    2.72770E+03    3.06669E+03
 1.20000E+02    2.89097E+03    2.72184E+03    3.06010E+03
 1.21693E+02    2.86062E+03    2.69327E+03    3.02798E+03
 1.22000E+02    2.85512E+03    2.68809E+03    3.02215E+03
 1.23721E+02    2.82471E+03    2.65945E+03    2.98996E+03
 1.24000E+02    2.81978E+03    2.65481E+03    2.98475E+03
 1.25749E+02    2.78963E+03    2.62643E+03    2.95283E+03
 1.26000E+02    2.78531E+03    2.62236E+03    2.94826E+03
 1.27778E+02    2.75533E+03    2.59413E+03    2.91653E+03
 1.28000E+02    2.75158E+03    2.59060E+03    2.91256E+03
 1.29806E+02    2.72180E+03    2.56257E+03    2.88104E+03
 1.30000E+02    2.71860E+03    2.55955E+03    2.87765E+03
 1.31834E+02    2.68950E+03    2.53216E+03    2.84685E+03
 1.32000E+02    2.68687E+03    2.52968E+03    2.84406E+03
 1.33862E+02    2.65787E+03    2.50238E+03    2.81337E+03
 1.34000E+02    2.65573E+03    2.50036E+03    2.81110E+03
 1.35891E+02    2.62719E+03    2.47349E+03    2.78089E+03
 1.36000E+02    2.62554E+03    2.47194E+03    2.77914E+03
 1.37919E+02    2.59731E+03    2.44535E+03    2.74926E+03
 1.38000E+02    2.59611E+03    2.44423E+03    2.74799E+03
 1.39947E+02    2.56822E+03    2.41797E+03    2.71847E+03
 1.40000E+02    2.56746E+03    2.41725E+03    2.71767E+03
 1.41975E+02    2.54014E+03    2.39154E+03    2.68875E+03
 1.42000E+02    2.53980E+03    2.39121E+03    2.68839E+03
 1.44000E+02    2.51307E+03    2.36605E+03    2.66009E+03
 1.46000E+02    2.48708E+03    2.34158E+03    2.63258E+03
 1.48000E+02    2.46184E+03    2.31781E+03    2.60587E+03
 1.50000E+02    2.43716E+03    2.29458E+03    2.57974E+03
 1.52000E+02    2.41370E+03    2.27249E+03    2.55491E+03
 1.54000E+02    2.39094E+03    2.25106E+03    2.53082E+03
 1.56000E+02    2.36886E+03    2.23027E+03    2.50745E+03
 1.58000E+02    2.34730E+03    2.20998E+03    2.48462E+03
 1.60000E+02    2.32658E+03    2.19047E+03    2.46269E+03
 1.62000E+02    2.30688E+03    2.17192E+03    2.44184E+03
 1.64000E+02    2.28765E+03    2.15381E+03    2.42149E+03
 1.66000E+02    2.26921E+03    2.13645E+03    2.40197E+03
 1.68000E+02    2.25136E+03    2.11965E+03    2.38307E+03
 1.70000E+02    2.23411E+03    2.10341E+03    2.36481E+03
 1.72000E+02    2.21727E+03    2.08755E+03    2.34699E+03
 1.74000E+02    2.20114E+03    2.07237E+03    2.32991E+03
 1.76000E+02    2.18557E+03    2.05771E+03    2.31343E+03
 1.78000E+02    2.17036E+03    2.04339E+03    2.29733E+03
 1.80000E+02    2.15583E+03    2.02971E+03    2.28195E+03
 1.82000E+02    2.14218E+03    2.01686E+03    2.26750E+03
 1.84000E+02    2.12886E+03    2.00431E+03    2.25341E+03
 1.86000E+02    2.11618E+03    1.99238E+03    2.23998E+03
 1.88000E+02    2.10396E+03    1.98087E+03    2.22705E+03
 1.90000E+02    2.09204E+03    1.96965E+03    2.21443E+03
 1.92000E+02    2.08071E+03    1.95898E+03    2.20244E+03
 1.94000E+02    2.06980E+03    1.94871E+03    2.19089E+03
 1.96000E+02    2.05930E+03    1.93882E+03    2.17978E+03
 1.98000E+02    2.04907E+03    1.92919E+03    2.16895E+03
 2.00000E+02    2.03938E+03    1.92007E+03    2.15869E+03
