# n + Sn125 : (n,d)     
# jeff3.3    A.J. Koning and D. Rochman        EVAL-DEC15
# uncertainties: y
# # energies =    24
#   E(MeV)       xs(mb)       xslow(mb)      xsupp(mb)
 1.01721E+01    0.00000E+00   -0.00000E+00    0.00000E+00
 1.15000E+01    4.20286E-17    0.00000E+00    2.25145E-16
 1.20000E+01    1.38060E-13    0.00000E+00    7.39580E-13
 1.25000E+01    5.32920E-10    0.00000E+00    2.85482E-09
 1.30000E+01    2.99554E-08    0.00000E+00    1.44367E-07
 1.35000E+01    5.08443E-07    0.00000E+00    2.45039E-06
 1.40000E+01    2.04829E-05    0.00000E+00    9.87153E-05
 1.45000E+01    1.06219E-04    0.00000E+00    5.11912E-04
 1.50000E+01    3.27912E-04    0.00000E+00    1.58034E-03
 1.60000E+01    8.21836E-03    0.00000E+00    3.13434E-02
 1.70000E+01    7.09245E-02    0.00000E+00    2.70493E-01
 1.80000E+01    2.99052E-01    0.00000E+00    1.14053E+00
 1.90000E+01    7.67927E-01    0.00000E+00    2.92874E+00
 2.00000E+01    1.50053E+00    0.00000E+00    5.75986E+00
 2.10000E+01    2.41838E+00    0.00000E+00    9.28307E+00
 2.20000E+01    3.43152E+00    0.00000E+00    1.31721E+01
 2.30000E+01    4.44810E+00    0.00000E+00    1.70742E+01
 2.40000E+01    5.37606E+00    0.00000E+00    2.11126E+01
 2.50000E+01    6.24679E+00    0.00000E+00    2.45320E+01
 2.60000E+01    6.91361E+00    0.00000E+00    2.71507E+01
 2.70000E+01    7.48208E+00    0.00000E+00    2.93832E+01
 2.80000E+01    7.84728E+00    0.00000E+00    3.08174E+01
 2.90000E+01    8.20520E+00    0.00000E+00    3.22230E+01
 3.00000E+01    8.34665E+00    0.00000E+00    3.27785E+01
