# n + Sn125 : (n,na)    
# jeff3.3    A.J. Koning and D. Rochman        EVAL-DEC15
# uncertainties: y
# # energies =    25
#   E(MeV)       xs(mb)       xslow(mb)      xsupp(mb)
 7.30603E+00    0.00000E+00    0.00000E+00    0.00000E+00
 1.10000E+01    1.04080E-15    0.00000E+00    6.12450E-15
 1.15000E+01    2.81050E-13    0.00000E+00    1.65381E-12
 1.20000E+01    1.38964E-11    0.00000E+00    8.17722E-11
 1.25000E+01    2.75488E-10    0.00000E+00    1.62109E-09
 1.30000E+01    3.52648E-09    0.00000E+00    1.85483E-08
 1.35000E+01    3.19374E-08    0.00000E+00    1.67982E-07
 1.40000E+01    2.19439E-07    0.00000E+00    1.15419E-06
 1.45000E+01    8.69725E-07    0.00000E+00    4.57452E-06
 1.50000E+01    4.35554E-06    0.00000E+00    2.29090E-05
 1.60000E+01    5.22665E-05    0.00000E+00    1.44544E-04
 1.70000E+01    4.47515E-04    0.00000E+00    1.23762E-03
 1.80000E+01    3.01702E-03    0.00000E+00    8.34365E-03
 1.90000E+01    1.68390E-02    0.00000E+00    4.65687E-02
 2.00000E+01    7.74525E-02    1.57914E-02    1.39114E-01
 2.10000E+01    2.87286E-01    5.85731E-02    5.15999E-01
 2.20000E+01    7.62633E-01    1.55489E-01    1.36978E+00
 2.30000E+01    1.49840E+00    3.05500E-01    2.69130E+00
 2.40000E+01    2.48053E+00    8.77399E-01    4.08366E+00
 2.50000E+01    3.04766E+00    1.07800E+00    5.01732E+00
 2.60000E+01    3.70660E+00    1.31108E+00    6.10212E+00
 2.70000E+01    4.24304E+00    1.50082E+00    6.98526E+00
 2.80000E+01    4.72695E+00    1.67199E+00    7.78191E+00
 2.90000E+01    5.05603E+00    1.78839E+00    8.32367E+00
 3.00000E+01    5.22362E+00    1.84767E+00    8.59957E+00
