# n + Sn125 : (n,n'12)  
# jeff3.3    A.J. Koning and D. Rochman        EVAL-DEC15
# uncertainties: n
# # energies =    82
#   E(MeV)       xs(mb) 
 1.26907E+00    0.00000E+00
 1.37352E+00    5.74501E+00
 1.40000E+00    7.20147E+00
 1.55274E+00    1.21226E+01
 1.60000E+00    1.36453E+01
 1.77119E+00    1.77688E+01
 1.80000E+00    1.84628E+01
 1.81756E+00    1.88066E+01
 1.89044E+00    2.02332E+01
 1.89519E+00    2.03262E+01
 1.90808E+00    2.05785E+01
 2.00000E+00    2.23779E+01
 2.07613E+00    2.37970E+01
 2.09276E+00    2.41069E+01
 2.15285E+00    2.52270E+01
 2.19367E+00    2.59879E+01
 2.20000E+00    2.61059E+01
 2.26767E+00    2.68598E+01
 2.30265E+00    2.72495E+01
 2.32674E+00    2.75178E+01
 2.35033E+00    2.77807E+01
 2.36615E+00    2.79569E+01
 2.37402E+00    2.80446E+01
 2.40000E+00    2.83340E+01
 2.48208E+00    2.84938E+01
 2.60000E+00    2.87235E+01
 2.80000E+00    2.59619E+01
 3.00000E+00    2.19442E+01
 3.20000E+00    1.79117E+01
 3.40000E+00    1.43514E+01
 3.60000E+00    1.13934E+01
 3.80000E+00    9.01386E+00
 4.00000E+00    7.12998E+00
 4.20000E+00    5.64833E+00
 4.40000E+00    4.48293E+00
 4.60000E+00    3.56197E+00
 4.80000E+00    2.83365E+00
 5.00000E+00    2.25502E+00
 5.20000E+00    1.79439E+00
 5.40000E+00    1.42807E+00
 5.60000E+00    1.13714E+00
 5.80000E+00    9.07850E-01
 6.00000E+00    7.26015E-01
 6.20000E+00    5.82519E-01
 6.40000E+00    4.68249E-01
 6.60000E+00    3.79266E-01
 6.80000E+00    3.09042E-01
 7.00000E+00    2.54892E-01
 7.20000E+00    2.11798E-01
 7.40000E+00    1.78263E-01
 7.60000E+00    1.51910E-01
 7.80000E+00    1.30962E-01
 8.00000E+00    1.14764E-01
 8.50000E+00    8.73509E-02
 9.00000E+00    7.19990E-02
 9.50000E+00    6.32750E-02
 1.00000E+01    5.82274E-02
 1.05000E+01    5.52370E-02
 1.10000E+01    5.33996E-02
 1.15000E+01    5.22071E-02
 1.20000E+01    5.13724E-02
 1.25000E+01    5.07365E-02
 1.30000E+01    5.02106E-02
 1.35000E+01    4.97470E-02
 1.40000E+01    4.93205E-02
 1.45000E+01    4.89189E-02
 1.50000E+01    4.85377E-02
 1.60000E+01    4.78368E-02
 1.70000E+01    4.72337E-02
 1.80000E+01    4.67396E-02
 1.90000E+01    4.63391E-02
 2.00000E+01    4.59842E-02
 2.10000E+01    4.56096E-02
 2.20000E+01    4.51607E-02
 2.30000E+01    4.46133E-02
 2.40000E+01    4.39790E-02
 2.50000E+01    4.32901E-02
 2.60000E+01    4.25813E-02
 2.70000E+01    4.18770E-02
 2.80000E+01    4.11870E-02
 2.90000E+01    4.05082E-02
 3.00000E+01    3.98305E-02
