# n + Sn125 : (n,n'16)  
# jeff3.3    A.J. Koning and D. Rochman        EVAL-DEC15
# uncertainties: n
# # energies =    75
#   E(MeV)       xs(mb) 
 1.81756E+00    0.00000E+00
 1.89044E+00    1.47474E+01
 1.89519E+00    1.57086E+01
 1.90808E+00    1.83169E+01
 2.00000E+00    3.69171E+01
 2.07613E+00    4.36012E+01
 2.09276E+00    4.50613E+01
 2.15285E+00    5.03371E+01
 2.19367E+00    5.39210E+01
 2.20000E+00    5.44768E+01
 2.26767E+00    5.74363E+01
 2.30265E+00    5.89662E+01
 2.32674E+00    6.00198E+01
 2.35033E+00    6.10515E+01
 2.36615E+00    6.17434E+01
 2.37402E+00    6.20876E+01
 2.40000E+00    6.32238E+01
 2.48208E+00    6.48749E+01
 2.60000E+00    6.72469E+01
 2.80000E+00    6.32902E+01
 3.00000E+00    5.56286E+01
 3.20000E+00    4.72684E+01
 3.40000E+00    3.95598E+01
 3.60000E+00    3.30178E+01
 3.80000E+00    2.77245E+01
 4.00000E+00    2.35620E+01
 4.20000E+00    2.03422E+01
 4.40000E+00    1.78712E+01
 4.60000E+00    1.59751E+01
 4.80000E+00    1.45198E+01
 5.00000E+00    1.33905E+01
 5.20000E+00    1.25004E+01
 5.40000E+00    1.17851E+01
 5.60000E+00    1.11953E+01
 5.80000E+00    1.06975E+01
 6.00000E+00    1.02621E+01
 6.20000E+00    9.87374E+00
 6.40000E+00    9.51790E+00
 6.60000E+00    9.19064E+00
 6.80000E+00    8.88457E+00
 7.00000E+00    8.59878E+00
 7.20000E+00    8.32782E+00
 7.40000E+00    8.07277E+00
 7.60000E+00    7.83234E+00
 7.80000E+00    7.60585E+00
 8.00000E+00    7.39416E+00
 8.50000E+00    6.92447E+00
 9.00000E+00    6.53464E+00
 9.50000E+00    6.21308E+00
 1.00000E+01    5.94499E+00
 1.05000E+01    5.71510E+00
 1.10000E+01    5.51004E+00
 1.15000E+01    5.31990E+00
 1.20000E+01    5.13879E+00
 1.25000E+01    4.96438E+00
 1.30000E+01    4.79657E+00
 1.35000E+01    4.63645E+00
 1.40000E+01    4.48538E+00
 1.45000E+01    4.34454E+00
 1.50000E+01    4.21473E+00
 1.60000E+01    3.98836E+00
 1.70000E+01    3.80120E+00
 1.80000E+01    3.64230E+00
 1.90000E+01    3.50170E+00
 2.00000E+01    3.37318E+00
 2.10000E+01    3.25238E+00
 2.20000E+01    3.13492E+00
 2.30000E+01    3.01756E+00
 2.40000E+01    2.90073E+00
 2.50000E+01    2.78819E+00
 2.60000E+01    2.68470E+00
 2.70000E+01    2.59359E+00
 2.80000E+01    2.51578E+00
 2.90000E+01    2.44985E+00
 3.00000E+01    2.39269E+00
