# n + Sn125 : (n,n'19)  
# jeff3.3    A.J. Koning and D. Rochman        EVAL-DEC15
# uncertainties: n
# # energies =    72
#   E(MeV)       xs(mb) 
 1.90808E+00    0.00000E+00
 2.00000E+00    1.54285E+01
 2.07613E+00    1.98123E+01
 2.09276E+00    2.07699E+01
 2.15285E+00    2.42301E+01
 2.19367E+00    2.65806E+01
 2.20000E+00    2.69451E+01
 2.26767E+00    2.93739E+01
 2.30265E+00    3.06295E+01
 2.32674E+00    3.14941E+01
 2.35033E+00    3.23408E+01
 2.36615E+00    3.29086E+01
 2.37402E+00    3.31911E+01
 2.40000E+00    3.41236E+01
 2.48208E+00    3.66790E+01
 2.60000E+00    4.03503E+01
 2.80000E+00    4.25719E+01
 3.00000E+00    4.14650E+01
 3.20000E+00    3.82851E+01
 3.40000E+00    3.40342E+01
 3.60000E+00    2.94783E+01
 3.80000E+00    2.51311E+01
 4.00000E+00    2.12752E+01
 4.20000E+00    1.80306E+01
 4.40000E+00    1.54128E+01
 4.60000E+00    1.33618E+01
 4.80000E+00    1.18011E+01
 5.00000E+00    1.06297E+01
 5.20000E+00    9.75930E+00
 5.40000E+00    9.11280E+00
 5.60000E+00    8.62609E+00
 5.80000E+00    8.25116E+00
 6.00000E+00    7.94726E+00
 6.20000E+00    7.68984E+00
 6.40000E+00    7.45933E+00
 6.60000E+00    7.24815E+00
 6.80000E+00    7.04745E+00
 7.00000E+00    6.85566E+00
 7.20000E+00    6.66852E+00
 7.40000E+00    6.48753E+00
 7.60000E+00    6.31244E+00
 7.80000E+00    6.14368E+00
 8.00000E+00    5.98284E+00
 8.50000E+00    5.61617E+00
 9.00000E+00    5.30343E+00
 9.50000E+00    5.04159E+00
 1.00000E+01    4.82247E+00
 1.05000E+01    4.63577E+00
 1.10000E+01    4.47149E+00
 1.15000E+01    4.32163E+00
 1.20000E+01    4.18102E+00
 1.25000E+01    4.04723E+00
 1.30000E+01    3.91965E+00
 1.35000E+01    3.79873E+00
 1.40000E+01    3.68518E+00
 1.45000E+01    3.57968E+00
 1.50000E+01    3.48264E+00
 1.60000E+01    3.31390E+00
 1.70000E+01    3.17566E+00
 1.80000E+01    3.06083E+00
 1.90000E+01    2.96260E+00
 2.00000E+01    2.87622E+00
 2.10000E+01    2.79781E+00
 2.20000E+01    2.72326E+00
 2.30000E+01    2.64921E+00
 2.40000E+01    2.57512E+00
 2.50000E+01    2.50323E+00
 2.60000E+01    2.43687E+00
 2.70000E+01    2.37850E+00
 2.80000E+01    2.32878E+00
 2.90000E+01    2.28654E+00
 3.00000E+01    2.24931E+00
