# n + Sn125 : (n,n'24)  
# jeff3.3    A.J. Koning and D. Rochman        EVAL-DEC15
# uncertainties: n
# # energies =    65
#   E(MeV)       xs(mb) 
 2.26767E+00    0.00000E+00
 2.30265E+00    4.91539E+00
 2.32674E+00    8.30052E+00
 2.35033E+00    1.16154E+01
 2.36615E+00    1.38384E+01
 2.37402E+00    1.49443E+01
 2.40000E+00    1.85950E+01
 2.48208E+00    2.41681E+01
 2.60000E+00    3.21748E+01
 2.80000E+00    3.43170E+01
 3.00000E+00    3.17121E+01
 3.20000E+00    2.76017E+01
 3.40000E+00    2.32716E+01
 3.60000E+00    1.92639E+01
 3.80000E+00    1.57969E+01
 4.00000E+00    1.29219E+01
 4.20000E+00    1.06065E+01
 4.40000E+00    8.77858E+00
 4.60000E+00    7.35295E+00
 4.80000E+00    6.25570E+00
 5.00000E+00    5.41622E+00
 5.20000E+00    4.77652E+00
 5.40000E+00    4.29037E+00
 5.60000E+00    3.91963E+00
 5.80000E+00    3.63564E+00
 6.00000E+00    3.41329E+00
 6.20000E+00    3.23576E+00
 6.40000E+00    3.08806E+00
 6.60000E+00    2.96444E+00
 6.80000E+00    2.85661E+00
 7.00000E+00    2.76143E+00
 7.20000E+00    2.67357E+00
 7.40000E+00    2.59271E+00
 7.60000E+00    2.51693E+00
 7.80000E+00    2.44530E+00
 8.00000E+00    2.37829E+00
 8.50000E+00    2.22679E+00
 9.00000E+00    2.09783E+00
 9.50000E+00    1.98971E+00
 1.00000E+01    1.89977E+00
 1.05000E+01    1.82445E+00
 1.10000E+01    1.75996E+00
 1.15000E+01    1.70273E+00
 1.20000E+01    1.65007E+00
 1.25000E+01    1.60034E+00
 1.30000E+01    1.55281E+00
 1.35000E+01    1.50745E+00
 1.40000E+01    1.46448E+00
 1.45000E+01    1.42419E+00
 1.50000E+01    1.38681E+00
 1.60000E+01    1.32111E+00
 1.70000E+01    1.26685E+00
 1.80000E+01    1.22184E+00
 1.90000E+01    1.18356E+00
 2.00000E+01    1.14999E+00
 2.10000E+01    1.11957E+00
 2.20000E+01    1.09084E+00
 2.30000E+01    1.06251E+00
 2.40000E+01    1.03411E+00
 2.50000E+01    1.00625E+00
 2.60000E+01    9.80110E-01
 2.70000E+01    9.56749E-01
 2.80000E+01    9.36602E-01
 2.90000E+01    9.19396E-01
 3.00000E+01    9.04301E-01
