# n + Ac231 : (n,non)   
# tendl.2017 A.J. Koning and D. Rochman        EVAL-NOV17
# uncertainties: y
# # energies =  1164
#   E(MeV)       xs(mb)       xslow(mb)      xsupp(mb)
 1.00000E-11    4.52278E-10    4.25082E-10    4.79474E-10
 1.03005E-11    4.45633E-10    4.18837E-10    4.72429E-10
 1.06099E-11    4.39085E-10    4.12682E-10    4.65488E-10
 1.09287E-11    4.32634E-10    4.06619E-10    4.58649E-10
 1.12571E-11    4.26277E-10    4.00644E-10    4.51910E-10
 1.15953E-11    4.20014E-10    3.94758E-10    4.45270E-10
 1.19437E-11    4.13843E-10    3.88958E-10    4.38728E-10
 1.23026E-11    4.07763E-10    3.83244E-10    4.32282E-10
 1.26722E-11    4.01771E-10    3.77612E-10    4.25930E-10
 1.30530E-11    3.95868E-10    3.72064E-10    4.19672E-10
 1.34452E-11    3.90052E-10    3.66598E-10    4.13506E-10
 1.38491E-11    3.84321E-10    3.61211E-10    4.07431E-10
 1.42652E-11    3.78674E-10    3.55904E-10    4.01444E-10
 1.46938E-11    3.73111E-10    3.50675E-10    3.95547E-10
 1.51353E-11    3.67629E-10    3.45523E-10    3.89735E-10
 1.55901E-11    3.62227E-10    3.40446E-10    3.84008E-10
 1.60585E-11    3.56905E-10    3.35444E-10    3.78366E-10
 1.65410E-11    3.51661E-10    3.30515E-10    3.72807E-10
 1.70380E-11    3.46494E-10    3.25659E-10    3.67329E-10
 1.75499E-11    3.41404E-10    3.20875E-10    3.61933E-10
 1.80772E-11    3.36387E-10    3.16160E-10    3.56614E-10
 1.86203E-11    3.31445E-10    3.11515E-10    3.51375E-10
 1.91798E-11    3.26575E-10    3.06938E-10    3.46212E-10
 1.97561E-11    3.21777E-10    3.02428E-10    3.41126E-10
 2.03497E-11    3.17049E-10    2.97984E-10    3.36114E-10
 2.09611E-11    3.12391E-10    2.93607E-10    3.31175E-10
 2.15909E-11    3.07801E-10    2.89293E-10    3.26309E-10
 2.22396E-11    3.03279E-10    2.85042E-10    3.21516E-10
 2.29078E-11    2.98823E-10    2.80854E-10    3.16792E-10
 2.35961E-11    2.94432E-10    2.76727E-10    3.12137E-10
 2.43051E-11    2.90106E-10    2.72662E-10    3.07550E-10
 2.50353E-11    2.85844E-10    2.68656E-10    3.03032E-10
 2.57875E-11    2.81644E-10    2.64708E-10    2.98580E-10
 2.65623E-11    2.77506E-10    2.60819E-10    2.94193E-10
 2.73604E-11    2.73429E-10    2.56987E-10    2.89871E-10
 2.81825E-11    2.69411E-10    2.53211E-10    2.85611E-10
 2.90293E-11    2.65453E-10    2.49491E-10    2.81415E-10
 2.99015E-11    2.61553E-10    2.45825E-10    2.77281E-10
 3.07999E-11    2.57710E-10    2.42214E-10    2.73206E-10
 3.17253E-11    2.53923E-10    2.38654E-10    2.69192E-10
 3.26785E-11    2.50192E-10    2.35148E-10    2.65236E-10
 3.36604E-11    2.46516E-10    2.31693E-10    2.61339E-10
 3.46717E-11    2.42894E-10    2.28288E-10    2.57500E-10
 3.57135E-11    2.39326E-10    2.24935E-10    2.53717E-10
 3.67865E-11    2.35809E-10    2.21630E-10    2.49988E-10
 3.78918E-11    2.32345E-10    2.18374E-10    2.46316E-10
 3.90303E-11    2.28931E-10    2.15165E-10    2.42697E-10
 4.02030E-11    2.25567E-10    2.12003E-10    2.39131E-10
 4.14109E-11    2.22253E-10    2.08889E-10    2.35617E-10
 4.26551E-11    2.18988E-10    2.05820E-10    2.32156E-10
 4.39367E-11    2.15770E-10    2.02795E-10    2.28745E-10
 4.52569E-11    2.12600E-10    1.99816E-10    2.25384E-10
 4.66166E-11    2.09476E-10    1.96880E-10    2.22072E-10
 4.80173E-11    2.06399E-10    1.93988E-10    2.18810E-10
 4.94600E-11    2.03366E-10    1.91137E-10    2.15595E-10
 5.09461E-11    2.00378E-10    1.88329E-10    2.12427E-10
 5.24768E-11    1.97434E-10    1.85562E-10    2.09306E-10
 5.40535E-11    1.94533E-10    1.82835E-10    2.06231E-10
 5.56776E-11    1.91675E-10    1.80149E-10    2.03201E-10
 5.73505E-11    1.88859E-10    1.77503E-10    2.00215E-10
 5.90736E-11    1.86084E-10    1.74895E-10    1.97273E-10
 6.08485E-11    1.83350E-10    1.72325E-10    1.94375E-10
 6.26768E-11    1.80656E-10    1.69793E-10    1.91519E-10
 6.45599E-11    1.78002E-10    1.67299E-10    1.88705E-10
 6.64997E-11    1.75386E-10    1.64840E-10    1.85932E-10
 6.84977E-11    1.72809E-10    1.62418E-10    1.83200E-10
 7.05558E-11    1.70270E-10    1.60031E-10    1.80509E-10
 7.26757E-11    1.67769E-10    1.57681E-10    1.77857E-10
 7.48593E-11    1.65304E-10    1.55364E-10    1.75244E-10
 7.71085E-11    1.62875E-10    1.53081E-10    1.72669E-10
 7.94253E-11    1.60482E-10    1.50832E-10    1.70132E-10
 8.18117E-11    1.58124E-10    1.48616E-10    1.67632E-10
 8.42698E-11    1.55801E-10    1.46433E-10    1.65170E-10
 8.68018E-11    1.53512E-10    1.44281E-10    1.62743E-10
 8.94098E-11    1.51256E-10    1.42161E-10    1.60351E-10
 9.20962E-11    1.49034E-10    1.40072E-10    1.57996E-10
 9.48633E-11    1.46844E-10    1.38014E-10    1.55674E-10
 9.77136E-11    1.44687E-10    1.35987E-10    1.53387E-10
 1.00649E-10    1.42561E-10    1.33989E-10    1.51133E-10
 1.03674E-10    1.40466E-10    1.32020E-10    1.48912E-10
 1.06789E-10    1.38402E-10    1.30080E-10    1.46724E-10
 1.09997E-10    1.36369E-10    1.28169E-10    1.44569E-10
 1.13302E-10    1.34365E-10    1.26285E-10    1.42445E-10
 1.16706E-10    1.32391E-10    1.24430E-10    1.40352E-10
 1.20213E-10    1.30446E-10    1.22602E-10    1.38290E-10
 1.23825E-10    1.28529E-10    1.20800E-10    1.36258E-10
 1.27545E-10    1.26641E-10    1.19026E-10    1.34256E-10
 1.31377E-10    1.24780E-10    1.17277E-10    1.32283E-10
 1.35325E-10    1.22947E-10    1.15554E-10    1.30340E-10
 1.39391E-10    1.21140E-10    1.13856E-10    1.28424E-10
 1.43579E-10    1.19360E-10    1.12183E-10    1.26537E-10
 1.47893E-10    1.17607E-10    1.10535E-10    1.24679E-10
 1.52336E-10    1.15879E-10    1.08911E-10    1.22847E-10
 1.56913E-10    1.14176E-10    1.07310E-10    1.21042E-10
 1.61628E-10    1.12499E-10    1.05734E-10    1.19264E-10
 1.66484E-10    1.10846E-10    1.04181E-10    1.17511E-10
 1.71486E-10    1.09217E-10    1.02650E-10    1.15784E-10
 1.76639E-10    1.07612E-10    1.01141E-10    1.14083E-10
 1.81946E-10    1.06031E-10    9.96552E-11    1.12407E-10
 1.87413E-10    1.04473E-10    9.81909E-11    1.10755E-10
 1.93044E-10    1.02938E-10    9.67482E-11    1.09128E-10
 1.98844E-10    1.01426E-10    9.53271E-11    1.07525E-10
 2.04818E-10    9.99358E-11    9.39265E-11    1.05945E-10
 2.10972E-10    9.84675E-11    9.25465E-11    1.04388E-10
 2.17311E-10    9.70208E-11    9.11868E-11    1.02855E-10
 2.23840E-10    9.55953E-11    8.98470E-11    1.01344E-10
 2.30566E-10    9.41907E-11    8.85269E-11    9.98545E-11
 2.37493E-10    9.28068E-11    8.72262E-11    9.83874E-11
 2.44629E-10    9.14432E-11    8.59446E-11    9.69418E-11
 2.51979E-10    9.00997E-11    8.46819E-11    9.55175E-11
 2.59550E-10    8.87759E-11    8.34377E-11    9.41141E-11
 2.67349E-10    8.74716E-11    8.22118E-11    9.27314E-11
 2.75381E-10    8.61864E-11    8.10039E-11    9.13689E-11
 2.83655E-10    8.49201E-11    7.98138E-11    9.00264E-11
 2.92178E-10    8.36724E-11    7.86411E-11    8.87037E-11
 3.00957E-10    8.24430E-11    7.74856E-11    8.74004E-11
 3.09999E-10    8.12317E-11    7.63471E-11    8.61163E-11
 3.19313E-10    8.00382E-11    7.52254E-11    8.48510E-11
 3.28907E-10    7.88622E-11    7.41201E-11    8.36043E-11
 3.38790E-10    7.77035E-11    7.30311E-11    8.23759E-11
 3.48969E-10    7.65618E-11    7.19580E-11    8.11656E-11
 3.59454E-10    7.54370E-11    7.09009E-11    7.99731E-11
 3.70254E-10    7.43286E-11    6.98591E-11    7.87981E-11
 3.81379E-10    7.32365E-11    6.88327E-11    7.76403E-11
 3.92838E-10    7.21605E-11    6.78214E-11    7.64996E-11
 4.04641E-10    7.11002E-11    6.68249E-11    7.53755E-11
 4.16798E-10    7.00556E-11    6.58431E-11    7.42681E-11
 4.29321E-10    6.90263E-11    6.48757E-11    7.31769E-11
 4.42221E-10    6.80121E-11    6.39225E-11    7.21017E-11
 4.55508E-10    6.70128E-11    6.29832E-11    7.10424E-11
 4.69194E-10    6.60282E-11    6.20578E-11    6.99985E-11
 4.83291E-10    6.50581E-11    6.11461E-11    6.89701E-11
 4.97812E-10    6.41022E-11    6.02477E-11    6.79567E-11
 5.12769E-10    6.31604E-11    5.93625E-11    6.69583E-11
 5.28176E-10    6.22324E-11    5.84903E-11    6.59745E-11
 5.44045E-10    6.13180E-11    5.76309E-11    6.50051E-11
 5.60392E-10    6.04171E-11    5.67841E-11    6.40500E-11
 5.77229E-10    5.95294E-11    5.59498E-11    6.31090E-11
 5.94572E-10    5.86548E-11    5.51278E-11    6.21818E-11
 6.12437E-10    5.77930E-11    5.43178E-11    6.12682E-11
 6.30838E-10    5.69439E-11    5.35198E-11    6.03680E-11
 6.49792E-10    5.61072E-11    5.27334E-11    5.94810E-11
 6.69316E-10    5.52828E-11    5.19586E-11    5.86070E-11
 6.89426E-10    5.44706E-11    5.11952E-11    5.77460E-11
 7.10140E-10    5.36703E-11    5.04430E-11    5.68976E-11
 7.31477E-10    5.28817E-11    4.97019E-11    5.60615E-11
 7.53455E-10    5.21047E-11    4.89716E-11    5.52378E-11
 7.76093E-10    5.13392E-11    4.82521E-11    5.44263E-11
 7.99411E-10    5.05849E-11    4.75432E-11    5.36266E-11
 8.23430E-10    4.98417E-11    4.68447E-11    5.28387E-11
 8.48171E-10    4.91094E-11    4.61564E-11    5.20624E-11
 8.73655E-10    4.83878E-11    4.54782E-11    5.12974E-11
 8.99905E-10    4.76769E-11    4.48100E-11    5.05438E-11
 9.26943E-10    4.69764E-11    4.41517E-11    4.98011E-11
 9.54794E-10    4.62862E-11    4.35030E-11    4.90694E-11
 9.83482E-10    4.56061E-11    4.28638E-11    4.83484E-11
 1.01303E-09    4.49360E-11    4.22339E-11    4.76381E-11
 1.04347E-09    4.42758E-11    4.16134E-11    4.69382E-11
 1.07482E-09    4.36253E-11    4.10021E-11    4.62485E-11
 1.10711E-09    4.29843E-11    4.03996E-11    4.55690E-11
 1.14038E-09    4.23527E-11    3.98060E-11    4.48994E-11
 1.17464E-09    4.17305E-11    3.92212E-11    4.42398E-11
 1.20994E-09    4.11173E-11    3.86449E-11    4.35897E-11
 1.24629E-09    4.05132E-11    3.80771E-11    4.29493E-11
 1.28373E-09    3.99180E-11    3.75177E-11    4.23183E-11
 1.32231E-09    3.93315E-11    3.69665E-11    4.16965E-11
 1.36204E-09    3.87536E-11    3.64233E-11    4.10839E-11
 1.40296E-09    3.81842E-11    3.58881E-11    4.04803E-11
 1.44511E-09    3.76232E-11    3.53609E-11    3.98855E-11
 1.48853E-09    3.70704E-11    3.48413E-11    3.92995E-11
 1.53326E-09    3.65257E-11    3.43294E-11    3.87220E-11
 1.57932E-09    3.59891E-11    3.38250E-11    3.81532E-11
 1.62678E-09    3.54603E-11    3.33280E-11    3.75926E-11
 1.67565E-09    3.49393E-11    3.28384E-11    3.70402E-11
 1.72600E-09    3.44260E-11    3.23559E-11    3.64961E-11
 1.77786E-09    3.39202E-11    3.18805E-11    3.59599E-11
 1.83128E-09    3.34218E-11    3.14121E-11    3.54315E-11
 1.88630E-09    3.29308E-11    3.09506E-11    3.49110E-11
 1.94297E-09    3.24470E-11    3.04959E-11    3.43981E-11
 2.00135E-09    3.19703E-11    3.00479E-11    3.38927E-11
 2.06148E-09    3.15006E-11    2.96064E-11    3.33948E-11
 2.12342E-09    3.10379E-11    2.91716E-11    3.29042E-11
 2.18722E-09    3.05819E-11    2.87430E-11    3.24208E-11
 2.25294E-09    3.01327E-11    2.83208E-11    3.19446E-11
 2.32063E-09    2.96901E-11    2.79048E-11    3.14754E-11
 2.39036E-09    2.92541E-11    2.74950E-11    3.10132E-11
 2.46218E-09    2.88245E-11    2.70912E-11    3.05578E-11
 2.53616E-09    2.84013E-11    2.66935E-11    3.01091E-11
 2.61236E-09    2.79843E-11    2.63016E-11    2.96670E-11
 2.69085E-09    2.75736E-11    2.59156E-11    2.92316E-11
 2.77170E-09    2.71690E-11    2.55353E-11    2.88027E-11
 2.85497E-09    2.67704E-11    2.51607E-11    2.83801E-11
 2.94075E-09    2.63778E-11    2.47917E-11    2.79639E-11
 3.02911E-09    2.59911E-11    2.44282E-11    2.75540E-11
 3.12012E-09    2.56102E-11    2.40702E-11    2.71502E-11
 3.21387E-09    2.52351E-11    2.37177E-11    2.67525E-11
 3.31043E-09    2.48656E-11    2.33704E-11    2.63608E-11
 3.40990E-09    2.45018E-11    2.30285E-11    2.59751E-11
 3.51235E-09    2.41434E-11    2.26916E-11    2.55952E-11
 3.61788E-09    2.37905E-11    2.23599E-11    2.52211E-11
 3.72659E-09    2.34429E-11    2.20333E-11    2.48526E-11
 3.83856E-09    2.31006E-11    2.17115E-11    2.44897E-11
 3.95389E-09    2.27634E-11    2.13946E-11    2.41322E-11
 4.07269E-09    2.24313E-11    2.10825E-11    2.37801E-11
 4.19505E-09    2.21041E-11    2.07750E-11    2.34332E-11
 4.32110E-09    2.17817E-11    2.04719E-11    2.30915E-11
 4.45093E-09    2.14641E-11    2.01734E-11    2.27548E-11
 4.58466E-09    2.11510E-11    1.98792E-11    2.24228E-11
 4.72241E-09    2.08425E-11    1.95892E-11    2.20958E-11
 4.86430E-09    2.05383E-11    1.93033E-11    2.17733E-11
 5.01045E-09    2.02385E-11    1.90215E-11    2.14555E-11
 5.16099E-09    1.99429E-11    1.87437E-11    2.11421E-11
 5.31606E-09    1.96514E-11    1.84697E-11    2.08331E-11
 5.47579E-09    1.93639E-11    1.81995E-11    2.05283E-11
 5.64031E-09    1.90805E-11    1.79332E-11    2.02278E-11
 5.80978E-09    1.88011E-11    1.76706E-11    1.99316E-11
 5.98434E-09    1.85255E-11    1.74115E-11    1.96395E-11
 6.16414E-09    1.82539E-11    1.71563E-11    1.93515E-11
 6.34935E-09    1.79861E-11    1.69046E-11    1.90676E-11
 6.54012E-09    1.77221E-11    1.66564E-11    1.87878E-11
 6.73663E-09    1.74620E-11    1.64120E-11    1.85120E-11
 6.93903E-09    1.72056E-11    1.61710E-11    1.82402E-11
 7.14752E-09    1.69529E-11    1.59335E-11    1.79723E-11
 7.36228E-09    1.67039E-11    1.56995E-11    1.77083E-11
 7.58348E-09    1.64585E-11    1.54688E-11    1.74482E-11
 7.81133E-09    1.62167E-11    1.52416E-11    1.71918E-11
 8.04603E-09    1.59784E-11    1.50176E-11    1.69392E-11
 8.28778E-09    1.57437E-11    1.47970E-11    1.66904E-11
 8.53679E-09    1.55123E-11    1.45795E-11    1.64451E-11
 8.79329E-09    1.52844E-11    1.43653E-11    1.62035E-11
 9.05749E-09    1.50599E-11    1.41543E-11    1.59655E-11
 9.32963E-09    1.48386E-11    1.39463E-11    1.57309E-11
 9.60995E-09    1.46206E-11    1.37414E-11    1.54998E-11
 9.89869E-09    1.44057E-11    1.35395E-11    1.52719E-11
 1.01961E-08    1.41941E-11    1.33406E-11    1.50476E-11
 1.05025E-08    1.39855E-11    1.31445E-11    1.48265E-11
 1.08180E-08    1.37800E-11    1.29514E-11    1.46086E-11
 1.11430E-08    1.35776E-11    1.27612E-11    1.43940E-11
 1.14778E-08    1.33781E-11    1.25737E-11    1.41825E-11
 1.18227E-08    1.31815E-11    1.23889E-11    1.39741E-11
 1.21779E-08    1.29878E-11    1.22068E-11    1.37688E-11
 1.25438E-08    1.27970E-11    1.20275E-11    1.35665E-11
 1.29207E-08    1.26090E-11    1.18508E-11    1.33672E-11
 1.33089E-08    1.24237E-11    1.16766E-11    1.31708E-11
 1.37088E-08    1.22412E-11    1.15051E-11    1.29773E-11
 1.41207E-08    1.20614E-11    1.13361E-11    1.27867E-11
 1.45450E-08    1.18841E-11    1.11695E-11    1.25987E-11
 1.49820E-08    1.17095E-11    1.10054E-11    1.24136E-11
 1.54321E-08    1.15375E-11    1.08437E-11    1.22313E-11
 1.58958E-08    1.13680E-11    1.06844E-11    1.20516E-11
 1.63734E-08    1.12010E-11    1.05275E-11    1.18745E-11
 1.68654E-08    1.10364E-11    1.03728E-11    1.17000E-11
 1.73721E-08    1.08742E-11    1.02203E-11    1.15281E-11
 1.78941E-08    1.07144E-11    1.00701E-11    1.13587E-11
 1.84317E-08    1.05568E-11    9.92201E-12    1.11916E-11
 1.89855E-08    1.04016E-11    9.77614E-12    1.10271E-11
 1.95559E-08    1.02485E-11    9.63225E-12    1.08648E-11
 2.01435E-08    1.00974E-11    9.49023E-12    1.07046E-11
 2.07487E-08    9.94844E-12    9.35023E-12    1.05467E-11
 2.13721E-08    9.80150E-12    9.21212E-12    1.03909E-11
 2.20143E-08    9.65677E-12    9.07610E-12    1.02374E-11
 2.26757E-08    9.51457E-12    8.94245E-12    1.00867E-11
 2.33570E-08    9.37527E-12    8.81152E-12    9.93902E-12
 2.40588E-08    9.23920E-12    8.68364E-12    9.79476E-12
 2.47817E-08    9.10652E-12    8.55893E-12    9.65411E-12
 2.52045E-08    9.03215E-12    8.48904E-12    9.57526E-12
 2.53000E-08    9.01565E-12    0.00000E+00    9.01565E-11
 2.60602E-08    8.88805E-12    0.00000E+00    8.88805E-11
 2.69569E-08    8.74467E-12    0.00000E+00    8.74467E-11
 2.80027E-08    8.58481E-12    0.00000E+00    8.58481E-11
 2.92124E-08    8.40710E-12    0.00000E+00    8.40710E-11
 3.03457E-08    8.24663E-12    0.00000E+00    8.24663E-11
 3.13899E-08    8.10444E-12    0.00000E+00    8.10444E-11
 3.23330E-08    7.98147E-12    0.00000E+00    7.98147E-11
 3.33045E-08    7.86074E-12    0.00000E+00    7.86074E-11
 3.43052E-08    7.74267E-12    0.00000E+00    7.74267E-11
 3.53359E-08    7.62720E-12    0.00000E+00    7.62720E-11
 3.63976E-08    7.51400E-12    0.00000E+00    7.51400E-11
 3.74912E-08    7.40275E-12    0.00000E+00    7.40275E-11
 3.86176E-08    7.29337E-12    0.00000E+00    7.29337E-11
 3.97779E-08    7.18598E-12    0.00000E+00    7.18598E-11
 4.09731E-08    7.08059E-12    0.00000E+00    7.08059E-11
 4.22042E-08    6.97696E-12    0.00000E+00    6.97696E-11
 4.36565E-08    6.86012E-12    0.00000E+00    6.86012E-11
 4.51587E-08    6.74469E-12    0.00000E+00    6.74469E-11
 4.65156E-08    6.64509E-12    0.00000E+00    6.64509E-11
 4.79132E-08    6.54727E-12    0.00000E+00    6.54727E-11
 4.93527E-08    6.45143E-12    0.00000E+00    6.45143E-11
 5.08356E-08    6.35726E-12    0.00000E+00    6.35726E-11
 5.25849E-08    6.25093E-12    0.00000E+00    6.25093E-11
 5.43944E-08    6.14555E-12    0.00000E+00    6.14555E-11
 5.60287E-08    6.05453E-12    0.00000E+00    6.05453E-11
 5.77122E-08    5.96531E-12    0.00000E+00    5.96531E-11
 5.94462E-08    5.87817E-12    0.00000E+00    5.87817E-11
 6.12323E-08    5.79267E-12    0.00000E+00    5.79267E-11
 6.33394E-08    5.69591E-12    0.00000E+00    5.69591E-11
 6.55190E-08    5.59963E-12    0.00000E+00    5.59963E-11
 6.74875E-08    5.51638E-12    0.00000E+00    5.51638E-11
 6.92219E-08    5.44649E-12    0.00000E+00    5.44649E-11
 7.10008E-08    5.37825E-12    0.00000E+00    5.37825E-11
 7.31341E-08    5.30033E-12    0.00000E+00    5.30033E-11
 7.59713E-08    5.20122E-12    0.00000E+00    5.20122E-11
 7.89186E-08    5.10219E-12    0.00000E+00    5.10219E-11
 8.12898E-08    5.02601E-12    0.00000E+00    5.02601E-11
 8.33789E-08    4.96225E-12    0.00000E+00    4.96225E-11
 8.55216E-08    4.90026E-12    0.00000E+00    4.90026E-11
 8.80912E-08    4.82962E-12    0.00000E+00    4.82962E-11
 9.18965E-08    4.72945E-12    0.00000E+00    4.72945E-11
 9.54616E-08    4.63888E-12    0.00000E+00    4.63888E-11
 9.79149E-08    4.57917E-12    0.00000E+00    4.57917E-11
 1.00431E-07    4.52103E-12    0.00000E+00    4.52103E-11
 1.03012E-07    4.46476E-12    0.00000E+00    4.46476E-11
 1.06107E-07    4.40076E-12    0.00000E+00    4.40076E-11
 1.11160E-07    4.30041E-12    0.00000E+00    4.30041E-11
 1.15472E-07    4.21749E-12    0.00000E+00    4.21749E-11
 1.18440E-07    4.16305E-12    0.00000E+00    4.16305E-11
 1.20971E-07    4.11902E-12    0.00000E+00    4.11902E-11
 1.24080E-07    4.06800E-12    0.00000E+00    4.06800E-11
 1.28350E-07    4.00178E-12    0.00000E+00    4.00178E-11
 1.35603E-07    3.89332E-12    0.00000E+00    3.89332E-11
 1.40270E-07    3.82590E-12    0.00000E+00    3.82590E-11
 1.43267E-07    3.78472E-12    0.00000E+00    3.78472E-11
 1.46329E-07    3.74494E-12    0.00000E+00    3.74494E-11
 1.50090E-07    3.69899E-12    0.00000E+00    3.69899E-11
 1.55912E-07    3.63152E-12    0.00000E+00    3.63152E-11
 1.65422E-07    3.52430E-12    0.00000E+00    3.52430E-11
 1.69673E-07    3.47813E-12    0.00000E+00    3.47813E-11
 1.73299E-07    3.44078E-12    0.00000E+00    3.44078E-11
 1.77003E-07    3.40495E-12    0.00000E+00    3.40495E-11
 1.81551E-07    3.36360E-12    0.00000E+00    3.36360E-11
 1.91812E-07    3.27463E-12    0.00000E+00    3.27463E-11
 2.00946E-07    3.19695E-12    0.00000E+00    3.19695E-11
 2.06110E-07    3.15504E-12    0.00000E+00    3.15504E-11
 2.10515E-07    3.12160E-12    0.00000E+00    3.12160E-11
 2.15014E-07    3.08971E-12    0.00000E+00    3.08971E-11
 2.22412E-07    3.04024E-12    0.00000E+00    3.04024E-11
 2.40004E-07    2.92578E-12    0.00000E+00    2.92578E-11
 2.46172E-07    2.88706E-12    0.00000E+00    2.88706E-11
 2.51433E-07    2.85602E-12    0.00000E+00    2.85602E-11
 2.56806E-07    2.82662E-12    0.00000E+00    2.82662E-11
 2.64522E-07    2.78718E-12    0.00000E+00    2.78718E-11
 2.89089E-07    2.66577E-12    0.00000E+00    2.66577E-11
 2.96518E-07    2.63037E-12    0.00000E+00    2.63037E-11
 3.01577E-07    2.60770E-12    0.00000E+00    2.60770E-11
 3.06722E-07    2.58619E-12    0.00000E+00    2.58619E-11
 3.14604E-07    2.55552E-12    0.00000E+00    2.55552E-11
 3.43822E-07    2.44706E-12    0.00000E+00    2.44706E-11
 3.48212E-07    2.43145E-12    0.00000E+00    2.43145E-11
 3.51170E-07    2.42177E-12    0.00000E+00    2.42177E-11
 3.52658E-07    2.41740E-12    0.00000E+00    2.41740E-11
 3.54153E-07    2.41351E-12    0.00000E+00    2.41351E-11
 3.55654E-07    2.41026E-12    0.00000E+00    2.41026E-11
 3.57161E-07    2.40786E-12    0.00000E+00    2.40786E-11
 3.58675E-07    2.40653E-12    0.00000E+00    2.40653E-11
 3.60195E-07    2.40650E-12    0.00000E+00    2.40650E-11
 3.61721E-07    2.40802E-12    0.00000E+00    2.40802E-11
 3.63254E-07    2.41133E-12    0.00000E+00    2.41133E-11
 3.64794E-07    2.41667E-12    0.00000E+00    2.41667E-11
 3.66340E-07    2.42419E-12    0.00000E+00    2.42419E-11
 3.67892E-07    2.43405E-12    0.00000E+00    2.43405E-11
 3.68392E-07    2.43771E-12    0.00000E+00    2.43771E-11
 3.69953E-07    2.45073E-12    0.00000E+00    2.45073E-11
 3.71521E-07    2.46612E-12    0.00000E+00    2.46612E-11
 3.73096E-07    2.48379E-12    0.00000E+00    2.48379E-11
 3.74677E-07    2.50360E-12    0.00000E+00    2.50360E-11
 3.76265E-07    2.52534E-12    0.00000E+00    2.52534E-11
 3.77859E-07    2.54879E-12    0.00000E+00    2.54879E-11
 3.79461E-07    2.57371E-12    0.00000E+00    2.57371E-11
 3.81069E-07    2.59986E-12    0.00000E+00    2.59986E-11
 3.82684E-07    2.62702E-12    0.00000E+00    2.62702E-11
 3.85934E-07    2.68358E-12    0.00000E+00    2.68358E-11
 3.90862E-07    2.77192E-12    0.00000E+00    2.77192E-11
 4.11209E-07    3.14260E-12    0.00000E+00    3.14260E-11
 4.19997E-07    3.30381E-12    0.00000E+00    3.30381E-11
 4.25360E-07    3.40412E-12    0.00000E+00    3.40412E-11
 4.28973E-07    3.47359E-12    0.00000E+00    3.47359E-11
 4.32616E-07    3.54593E-12    0.00000E+00    3.54593E-11
 4.34450E-07    3.58336E-12    0.00000E+00    3.58336E-11
 4.36291E-07    3.62170E-12    0.00000E+00    3.62170E-11
 4.38140E-07    3.66098E-12    0.00000E+00    3.66098E-11
 4.41862E-07    3.74226E-12    0.00000E+00    3.74226E-11
 4.45615E-07    3.82687E-12    0.00000E+00    3.82687E-11
 4.51304E-07    3.95870E-12    0.00000E+00    3.95870E-11
 4.60949E-07    4.18666E-12    0.00000E+00    4.18666E-11
 5.01633E-07    5.15452E-12    0.00000E+00    5.15452E-11
 5.08037E-07    5.30852E-12    0.00000E+00    5.30852E-11
 5.12353E-07    5.41414E-12    0.00000E+00    5.41414E-11
 5.16705E-07    5.52348E-12    0.00000E+00    5.52348E-11
 5.18894E-07    5.57996E-12    0.00000E+00    5.57996E-11
 5.21093E-07    5.63787E-12    0.00000E+00    5.63787E-11
 5.23302E-07    5.69732E-12    0.00000E+00    5.69732E-11
 5.25520E-07    5.75838E-12    0.00000E+00    5.75838E-11
 5.27747E-07    5.82108E-12    0.00000E+00    5.82108E-11
 5.29983E-07    5.88536E-12    0.00000E+00    5.88536E-11
 5.34485E-07    6.01829E-12    0.00000E+00    6.01829E-11
 5.39025E-07    6.15604E-12    0.00000E+00    6.15604E-11
 5.45907E-07    6.36894E-12    0.00000E+00    6.36894E-11
 6.04225E-07    8.19528E-12    0.00000E+00    8.19528E-11
 6.11939E-07    8.43914E-12    0.00000E+00    8.43914E-11
 6.17137E-07    8.60642E-12    0.00000E+00    8.60642E-11
 6.22379E-07    8.77995E-12    0.00000E+00    8.77995E-11
 6.25017E-07    8.86985E-12    0.00000E+00    8.86985E-11
 6.27665E-07    8.96224E-12    0.00000E+00    8.96224E-11
 6.30325E-07    9.05732E-12    0.00000E+00    9.05732E-11
 6.32997E-07    9.15518E-12    0.00000E+00    9.15518E-11
 6.35679E-07    9.25580E-12    0.00000E+00    9.25580E-11
 6.38373E-07    9.35906E-12    0.00000E+00    9.35906E-11
 6.43796E-07    9.57248E-12    0.00000E+00    9.57248E-11
 6.52016E-07    9.90531E-12    0.00000E+00    9.90531E-11
 6.83064E-07    1.11844E-11    0.00000E+00    1.11844E-10
 7.30883E-07    1.31584E-11    0.00000E+00    1.31584E-10
 7.40215E-07    1.35502E-11    0.00000E+00    1.35502E-10
 7.43352E-07    1.36851E-11    0.00000E+00    1.36851E-10
 7.46502E-07    1.38234E-11    0.00000E+00    1.38234E-10
 7.49666E-07    1.39659E-11    0.00000E+00    1.39659E-10
 7.52843E-07    1.41133E-11    0.00000E+00    1.41133E-10
 7.56033E-07    1.42663E-11    0.00000E+00    1.42663E-10
 7.59237E-07    1.44255E-11    0.00000E+00    1.44255E-10
 7.62455E-07    1.45908E-11    0.00000E+00    1.45908E-10
 7.65686E-07    1.47622E-11    0.00000E+00    1.47622E-10
 7.68931E-07    1.49390E-11    0.00000E+00    1.49390E-10
 7.72190E-07    1.51206E-11    0.00000E+00    1.51206E-10
 7.78749E-07    1.54950E-11    0.00000E+00    1.54950E-10
 7.92034E-07    1.62701E-11    0.00000E+00    1.62701E-10
 9.70294E-07    2.67432E-11    0.00000E+00    2.67432E-10
 9.82682E-07    2.74847E-11    0.00000E+00    2.74847E-10
 9.86847E-07    2.77408E-11    0.00000E+00    2.77408E-10
 9.91029E-07    2.80037E-11    0.00000E+00    2.80037E-10
 9.95229E-07    2.82747E-11    0.00000E+00    2.82747E-10
 9.99447E-07    2.85547E-11    0.00000E+00    2.85547E-10
 1.00368E-06    2.88444E-11    0.00000E+00    2.88444E-10
 1.00794E-06    2.91433E-11    0.00000E+00    2.91433E-10
 1.02216E-06    3.01876E-11    0.00000E+00    3.01876E-10
 1.05120E-06    3.23945E-11    0.00000E+00    3.23945E-10
 1.06603E-06    3.35277E-11    0.00000E+00    3.35277E-10
 1.08107E-06    3.46959E-11    0.00000E+00    3.46959E-10
 1.09632E-06    3.59472E-11    0.00000E+00    3.59472E-10
 1.11179E-06    3.73178E-11    0.00000E+00    3.73178E-10
 1.12748E-06    3.87751E-11    0.00000E+00    3.87751E-10
 1.27899E-06    5.30543E-11    0.00000E+00    5.30543E-10
 1.29703E-06    5.47797E-11    0.00000E+00    5.47797E-10
 1.31533E-06    5.66438E-11    0.00000E+00    5.66438E-10
 1.33389E-06    5.87507E-11    0.00000E+00    5.87507E-10
 1.37179E-06    6.34072E-11    0.00000E+00    6.34072E-10
 1.55613E-06    8.63075E-11    0.00000E+00    8.63075E-10
 1.57809E-06    8.91767E-11    0.00000E+00    8.91767E-10
 1.60035E-06    9.24007E-11    0.00000E+00    9.24007E-10
 1.79015E-06    1.22501E-10    0.00000E+00    1.22501E-09
 1.81540E-06    1.26353E-10    0.00000E+00    1.26353E-09
 1.84196E-06    1.29193E-10    0.00000E+00    1.29193E-09
 1.86795E-06    1.29718E-10    0.00000E+00    1.29718E-09
 1.94813E-06    1.27424E-10    0.00000E+00    1.27424E-09
 2.30478E-06    1.16584E-10    0.00000E+00    1.16584E-09
 2.76519E-06    1.06183E-10    0.00000E+00    1.06183E-09
 3.31757E-06    9.67132E-11    0.00000E+00    9.67132E-10
 3.98031E-06    8.80904E-11    0.00000E+00    8.80904E-10
 4.77543E-06    8.02388E-11    0.00000E+00    8.02388E-10
 5.72939E-06    7.30903E-11    0.00000E+00    7.30903E-10
 6.87391E-06    6.65812E-11    0.00000E+00    6.65812E-10
 8.36342E-06    6.02072E-11    0.00000E+00    6.02072E-10
 1.00341E-05    5.48330E-11    0.00000E+00    5.48330E-10
 1.20386E-05    4.97854E-11    0.00000E+00    4.97854E-10
 1.44435E-05    4.52040E-11    0.00000E+00    4.52040E-10
 1.73288E-05    4.10469E-11    0.00000E+00    4.10469E-10
 2.07904E-05    3.72745E-11    0.00000E+00    3.72745E-10
 2.49436E-05    3.38499E-11    0.00000E+00    3.38499E-10
 2.99264E-05    3.07401E-11    0.00000E+00    3.07401E-10
 3.12110E-05    3.01008E-11    0.00000E+00    3.01008E-10
 3.64112E-05    2.76927E-11    0.00000E+00    2.76927E-10
 4.36848E-05    2.51428E-11    0.00000E+00    2.51428E-10
 5.24115E-05    2.28298E-11    0.00000E+00    2.28298E-10
 6.28814E-05    2.07318E-11    0.00000E+00    2.07318E-10
 7.54429E-05    1.88272E-11    0.00000E+00    1.88272E-10
 9.98399E-05    1.62260E-11    0.00000E+00    1.62260E-10
 1.10127E-04    1.53755E-11    0.00000E+00    1.53755E-10
 1.31552E-04    1.39405E-11    0.00000E+00    1.39405E-10
 1.57831E-04    1.26129E-11    0.00000E+00    1.26129E-10
 2.00000E-04    1.10687E-11    0.00000E+00    1.10687E-10
 2.29087E-04    1.02595E-11    0.00000E+00    1.02595E-10
 2.98952E-04    8.84411E-12    0.00000E+00    8.84411E-11
 3.29756E-04    8.36379E-12    0.00000E+00    8.36379E-11
 3.98107E-04    7.51555E-12    0.00000E+00    7.51555E-11
 4.77635E-04    6.77910E-12    0.00000E+00    6.77910E-11
 5.97647E-04    5.97144E-12    0.00000E+00    5.97144E-11
 7.82070E-04    5.03165E-12    0.00000E+00    5.03165E-11
 7.83435E-04    1.55846E-09    0.00000E+00    1.55846E-08
 7.83605E-04    8.07917E-08    0.00000E+00    8.07917E-07
 7.83616E-04    9.66569E-08    0.00000E+00    9.66569E-07
 7.83621E-04    1.05653E-07    0.00000E+00    1.05653E-06
 7.83627E-04    1.15437E-07    0.00000E+00    1.15437E-06
 7.83632E-04    1.26082E-07    0.00000E+00    1.26082E-06
 7.83637E-04    1.37656E-07    0.00000E+00    1.37656E-06
 7.83643E-04    1.50242E-07    0.00000E+00    1.50242E-06
 7.83648E-04    1.63923E-07    0.00000E+00    1.63923E-06
 7.83653E-04    1.78798E-07    0.00000E+00    1.78798E-06
 7.83659E-04    1.94960E-07    0.00000E+00    1.94960E-06
 7.83664E-04    2.12525E-07    0.00000E+00    2.12525E-06
 7.83669E-04    2.31604E-07    0.00000E+00    2.31604E-06
 7.83675E-04    2.52334E-07    0.00000E+00    2.52334E-06
 7.83680E-04    2.74844E-07    0.00000E+00    2.74844E-06
 7.83685E-04    2.99289E-07    0.00000E+00    2.99289E-06
 7.83691E-04    3.25825E-07    0.00000E+00    3.25825E-06
 7.83696E-04    3.54641E-07    0.00000E+00    3.54641E-06
 7.83701E-04    3.85911E-07    0.00000E+00    3.85911E-06
 7.83707E-04    4.19848E-07    0.00000E+00    4.19848E-06
 7.83712E-04    4.56663E-07    0.00000E+00    4.56663E-06
 7.83717E-04    4.96609E-07    0.00000E+00    4.96609E-06
 7.83723E-04    5.39930E-07    0.00000E+00    5.39930E-06
 7.83728E-04    5.86914E-07    0.00000E+00    5.86914E-06
 7.83733E-04    6.37848E-07    0.00000E+00    6.37848E-06
 7.83739E-04    6.93083E-07    0.00000E+00    6.93083E-06
 7.83744E-04    7.52944E-07    0.00000E+00    7.52944E-06
 7.83749E-04    8.17824E-07    0.00000E+00    8.17824E-06
 7.83755E-04    8.88114E-07    0.00000E+00    8.88114E-06
 7.83760E-04    9.64283E-07    0.00000E+00    9.64283E-06
 7.83765E-04    1.04677E-06    0.00000E+00    1.04677E-05
 7.83771E-04    1.13613E-06    0.00000E+00    1.13613E-05
 7.83776E-04    1.23286E-06    0.00000E+00    1.23286E-05
 7.83781E-04    1.33764E-06    0.00000E+00    1.33763E-05
 7.83786E-04    1.45103E-06    0.00000E+00    1.45103E-05
 7.83792E-04    1.57378E-06    0.00000E+00    1.57378E-05
 7.83797E-04    1.70658E-06    0.00000E+00    1.70658E-05
 7.83802E-04    1.85031E-06    0.00000E+00    1.85030E-05
 7.83808E-04    2.00575E-06    0.00000E+00    2.00575E-05
 7.83813E-04    2.17391E-06    0.00000E+00    2.17391E-05
 7.83818E-04    2.35572E-06    0.00000E+00    2.35572E-05
 7.83824E-04    2.55237E-06    0.00000E+00    2.55237E-05
 7.83829E-04    2.76492E-06    0.00000E+00    2.76492E-05
 7.83834E-04    2.99469E-06    0.00000E+00    2.99469E-05
 7.83840E-04    3.24297E-06    0.00000E+00    3.24297E-05
 7.83845E-04    3.51130E-06    0.00000E+00    3.51130E-05
 7.83850E-04    3.80115E-06    0.00000E+00    3.80115E-05
 7.83856E-04    4.11426E-06    0.00000E+00    4.11426E-05
 7.83861E-04    4.45237E-06    0.00000E+00    4.45237E-05
 7.83866E-04    4.81760E-06    0.00000E+00    4.81760E-05
 7.83872E-04    5.21184E-06    0.00000E+00    5.21184E-05
 7.83877E-04    5.63746E-06    0.00000E+00    5.63746E-05
 7.83882E-04    6.09675E-06    0.00000E+00    6.09675E-05
 7.83888E-04    6.59250E-06    0.00000E+00    6.59250E-05
 7.83893E-04    7.12729E-06    0.00000E+00    7.12729E-05
 7.83898E-04    7.70425E-06    0.00000E+00    7.70425E-05
 7.83904E-04    8.32644E-06    0.00000E+00    8.32644E-05
 7.83909E-04    8.99763E-06    0.00000E+00    8.99763E-05
 7.83914E-04    9.72120E-06    0.00000E+00    9.72120E-05
 7.83920E-04    1.05013E-05    0.00000E+00    1.05013E-04
 7.83925E-04    1.13420E-05    0.00000E+00    1.13420E-04
 7.83930E-04    1.22483E-05    0.00000E+00    1.22483E-04
 7.83936E-04    1.32246E-05    0.00000E+00    1.32246E-04
 7.83941E-04    1.42766E-05    0.00000E+00    1.42766E-04
 7.83946E-04    1.54095E-05    0.00000E+00    1.54095E-04
 7.83952E-04    1.66301E-05    0.00000E+00    1.66301E-04
 7.83957E-04    1.79442E-05    0.00000E+00    1.79442E-04
 7.83962E-04    1.93592E-05    0.00000E+00    1.93592E-04
 7.83968E-04    2.08820E-05    0.00000E+00    2.08820E-04
 7.83973E-04    2.25215E-05    0.00000E+00    2.25215E-04
 7.83978E-04    2.42854E-05    0.00000E+00    2.42854E-04
 7.83984E-04    2.61834E-05    0.00000E+00    2.61834E-04
 7.83989E-04    2.82248E-05    0.00000E+00    2.82248E-04
 7.83994E-04    3.04211E-05    0.00000E+00    3.04211E-04
 7.84000E-04    3.27826E-05    0.00000E+00    3.27826E-04
 7.84005E-04    3.53221E-05    0.00000E+00    3.53221E-04
 7.84010E-04    3.80515E-05    0.00000E+00    3.80515E-04
 7.84016E-04    4.09861E-05    0.00000E+00    4.09861E-04
 7.84021E-04    4.41392E-05    0.00000E+00    4.41392E-04
 7.84026E-04    4.75276E-05    0.00000E+00    4.75276E-04
 7.84032E-04    5.11672E-05    0.00000E+00    5.11672E-04
 7.84037E-04    5.50780E-05    0.00000E+00    5.50780E-04
 7.84042E-04    5.92775E-05    0.00000E+00    5.92775E-04
 7.84048E-04    6.37873E-05    0.00000E+00    6.37873E-04
 7.84053E-04    6.86283E-05    0.00000E+00    6.86283E-04
 7.84058E-04    7.38261E-05    0.00000E+00    7.38261E-04
 7.84064E-04    7.94038E-05    0.00000E+00    7.94038E-04
 7.84069E-04    8.53898E-05    0.00000E+00    8.53898E-04
 7.84074E-04    9.18111E-05    0.00000E+00    9.18111E-04
 7.84080E-04    9.87016E-05    0.00000E+00    9.87016E-04
 7.84085E-04    1.06091E-04    0.00000E+00    1.06091E-03
 7.84090E-04    1.14016E-04    0.00000E+00    1.14016E-03
 7.84096E-04    1.22512E-04    0.00000E+00    1.22512E-03
 7.84101E-04    1.31622E-04    0.00000E+00    1.31622E-03
 7.84106E-04    1.41384E-04    0.00000E+00    1.41384E-03
 7.84112E-04    1.51848E-04    0.00000E+00    1.51848E-03
 7.84117E-04    1.63058E-04    0.00000E+00    1.63058E-03
 7.84122E-04    1.75072E-04    0.00000E+00    1.75072E-03
 7.84128E-04    1.87938E-04    0.00000E+00    1.87938E-03
 7.84133E-04    2.01720E-04    0.00000E+00    2.01720E-03
 7.84138E-04    2.16474E-04    0.00000E+00    2.16474E-03
 7.84144E-04    2.32274E-04    0.00000E+00    2.32274E-03
 7.84149E-04    2.49184E-04    0.00000E+00    2.49184E-03
 7.84154E-04    2.67285E-04    0.00000E+00    2.67285E-03
 7.84160E-04    2.86651E-04    0.00000E+00    2.86651E-03
 7.84165E-04    3.07377E-04    0.00000E+00    3.07377E-03
 7.84170E-04    3.29545E-04    0.00000E+00    3.29545E-03
 7.84176E-04    3.53258E-04    0.00000E+00    3.53258E-03
 7.84181E-04    3.78612E-04    0.00000E+00    3.78612E-03
 7.84186E-04    4.05727E-04    0.00000E+00    4.05727E-03
 7.84192E-04    4.34710E-04    0.00000E+00    4.34710E-03
 7.84197E-04    4.65691E-04    0.00000E+00    4.65691E-03
 7.84202E-04    4.98794E-04    0.00000E+00    4.98794E-03
 7.84208E-04    5.34177E-04    0.00000E+00    5.34177E-03
 7.84213E-04    5.71972E-04    0.00000E+00    5.71972E-03
 7.84218E-04    6.12348E-04    0.00000E+00    6.12348E-03
 7.84224E-04    6.55461E-04    0.00000E+00    6.55461E-03
 7.84229E-04    7.01508E-04    0.00000E+00    7.01508E-03
 7.84234E-04    7.50661E-04    0.00000E+00    7.50661E-03
 7.84240E-04    8.03135E-04    0.00000E+00    8.03135E-03
 7.84245E-04    8.59130E-04    0.00000E+00    8.59130E-03
 7.84250E-04    9.18901E-04    0.00000E+00    9.18901E-03
 7.84256E-04    9.82662E-04    0.00000E+00    9.82662E-03
 7.84261E-04    1.05069E-03    0.00000E+00    1.05069E-02
 7.84266E-04    1.12323E-03    0.00000E+00    1.12323E-02
 7.84272E-04    1.20060E-03    0.00000E+00    1.20060E-02
 7.84277E-04    1.28309E-03    0.00000E+00    1.28309E-02
 7.84282E-04    1.37103E-03    0.00000E+00    1.37103E-02
 7.84288E-04    1.46475E-03    0.00000E+00    1.46475E-02
 7.84293E-04    1.56466E-03    0.00000E+00    1.56466E-02
 7.84298E-04    1.67111E-03    0.00000E+00    1.67111E-02
 7.84304E-04    1.78452E-03    0.00000E+00    1.78452E-02
 7.84309E-04    1.90530E-03    0.00000E+00    1.90530E-02
 7.84314E-04    2.03397E-03    0.00000E+00    2.03397E-02
 7.84320E-04    2.17095E-03    0.00000E+00    2.17095E-02
 7.84325E-04    2.31680E-03    0.00000E+00    2.31680E-02
 7.84330E-04    2.47203E-03    0.00000E+00    2.47203E-02
 7.84336E-04    2.63729E-03    0.00000E+00    2.63729E-02
 7.84341E-04    2.81312E-03    0.00000E+00    2.81312E-02
 7.84346E-04    3.00022E-03    0.00000E+00    3.00022E-02
 7.84352E-04    3.19921E-03    0.00000E+00    3.19921E-02
 7.84360E-04    3.52174E-03    0.00000E+00    3.52174E-02
 7.84368E-04    3.87534E-03    0.00000E+00    3.87534E-02
 7.84376E-04    4.26295E-03    0.00000E+00    4.26295E-02
 7.84384E-04    4.68765E-03    0.00000E+00    4.68765E-02
 7.84392E-04    5.15286E-03    0.00000E+00    5.15286E-02
 7.84400E-04    5.66218E-03    0.00000E+00    5.66218E-02
 7.84408E-04    6.21964E-03    0.00000E+00    6.21964E-02
 7.84416E-04    6.82942E-03    0.00000E+00    6.82942E-02
 7.84424E-04    7.49654E-03    0.00000E+00    7.49654E-02
 7.84432E-04    8.22575E-03    0.00000E+00    8.22575E-02
 7.84440E-04    9.02271E-03    0.00000E+00    9.02271E-02
 7.84448E-04    9.89327E-03    0.00000E+00    9.89327E-02
 7.84456E-04    1.08441E-02    0.00000E+00    1.08441E-01
 7.84464E-04    1.18820E-02    0.00000E+00    1.18820E-01
 7.84472E-04    1.30148E-02    0.00000E+00    1.30148E-01
 7.84480E-04    1.42502E-02    0.00000E+00    1.42502E-01
 7.84488E-04    1.55977E-02    0.00000E+00    1.55977E-01
 7.84496E-04    1.70662E-02    0.00000E+00    1.70662E-01
 7.84504E-04    1.86665E-02    0.00000E+00    1.86665E-01
 7.84512E-04    2.04095E-02    0.00000E+00    2.04095E-01
 7.84520E-04    2.23075E-02    0.00000E+00    2.23075E-01
 7.84528E-04    2.43732E-02    0.00000E+00    2.43732E-01
 7.84536E-04    2.66208E-02    0.00000E+00    2.66208E-01
 7.84544E-04    2.90649E-02    0.00000E+00    2.90649E-01
 7.84551E-04    3.17231E-02    0.00000E+00    3.17231E-01
 7.84560E-04    3.46115E-02    0.00000E+00    3.46115E-01
 7.84567E-04    3.77497E-02    0.00000E+00    3.77497E-01
 7.84575E-04    4.11575E-02    0.00000E+00    4.11575E-01
 7.84584E-04    4.48574E-02    0.00000E+00    4.48574E-01
 7.84591E-04    4.88724E-02    0.00000E+00    4.88724E-01
 7.84600E-04    5.32282E-02    0.00000E+00    5.32282E-01
 7.84607E-04    5.79507E-02    0.00000E+00    5.79507E-01
 7.84615E-04    6.30713E-02    0.00000E+00    6.30713E-01
 7.84623E-04    6.86189E-02    0.00000E+00    6.86189E-01
 7.84631E-04    7.46286E-02    0.00000E+00    7.46286E-01
 7.84639E-04    8.11358E-02    0.00000E+00    8.11358E-01
 7.84647E-04    8.81800E-02    0.00000E+00    8.81800E-01
 7.84655E-04    9.58012E-02    0.00000E+00    9.58012E-01
 7.84663E-04    1.04045E-01    0.00000E+00    1.04045E+00
 7.84671E-04    1.12956E-01    0.00000E+00    1.12956E+00
 7.84679E-04    1.22590E-01    0.00000E+00    1.22590E+00
 7.84687E-04    1.32997E-01    0.00000E+00    1.32997E+00
 7.84695E-04    1.44237E-01    0.00000E+00    1.44237E+00
 7.84703E-04    1.56371E-01    0.00000E+00    1.56371E+00
 7.84711E-04    1.69467E-01    0.00000E+00    1.69467E+00
 7.84719E-04    1.83595E-01    0.00000E+00    1.83595E+00
 7.84727E-04    1.98832E-01    0.00000E+00    1.98832E+00
 7.84735E-04    2.15254E-01    0.00000E+00    2.15254E+00
 7.84743E-04    2.32956E-01    0.00000E+00    2.32956E+00
 7.84751E-04    2.52020E-01    0.00000E+00    2.52020E+00
 7.84759E-04    2.72550E-01    0.00000E+00    2.72550E+00
 7.84767E-04    2.94649E-01    0.00000E+00    2.94649E+00
 7.84775E-04    3.18429E-01    0.00000E+00    3.18429E+00
 7.84783E-04    3.44005E-01    0.00000E+00    3.44005E+00
 7.84791E-04    3.71507E-01    0.00000E+00    3.71507E+00
 7.84799E-04    4.01060E-01    0.00000E+00    4.01060E+00
 7.84809E-04    4.37438E-01    0.00000E+00    4.37438E+00
 7.84818E-04    4.76891E-01    0.00000E+00    4.76891E+00
 7.84827E-04    5.19669E-01    0.00000E+00    5.19669E+00
 7.84836E-04    5.66022E-01    0.00000E+00    5.66022E+00
 7.84845E-04    6.16233E-01    0.00000E+00    6.16233E+00
 7.84854E-04    6.70593E-01    0.00000E+00    6.70593E+00
 7.84863E-04    7.29419E-01    0.00000E+00    7.29419E+00
 7.84872E-04    7.93036E-01    0.00000E+00    7.93036E+00
 7.84881E-04    8.61825E-01    0.00000E+00    8.61825E+00
 7.84890E-04    9.36143E-01    0.00000E+00    9.36143E+00
 7.84900E-04    1.01642E+00    0.00000E+00    1.01642E+01
 7.84909E-04    1.10307E+00    0.00000E+00    1.10307E+01
 7.84918E-04    1.19658E+00    0.00000E+00    1.19658E+01
 7.84927E-04    1.29742E+00    0.00000E+00    1.29742E+01
 7.84936E-04    1.40613E+00    0.00000E+00    1.40613E+01
 7.84945E-04    1.52324E+00    0.00000E+00    1.52324E+01
 7.84954E-04    1.64939E+00    0.00000E+00    1.64939E+01
 7.84963E-04    1.78516E+00    0.00000E+00    1.78516E+01
 7.84973E-04    1.93124E+00    0.00000E+00    1.93124E+01
 7.84982E-04    2.08833E+00    0.00000E+00    2.08833E+01
 7.84991E-04    2.25718E+00    0.00000E+00    2.25718E+01
 7.85000E-04    2.43860E+00    0.00000E+00    2.43860E+01
 7.85009E-04    2.63342E+00    0.00000E+00    2.63342E+01
 7.85018E-04    2.84249E+00    0.00000E+00    2.84249E+01
 7.85027E-04    3.06684E+00    0.00000E+00    3.06684E+01
 7.85036E-04    3.30736E+00    0.00000E+00    3.30736E+01
 7.85045E-04    3.56516E+00    0.00000E+00    3.56516E+01
 7.85055E-04    3.84133E+00    0.00000E+00    3.84133E+01
 7.85064E-04    4.13706E+00    0.00000E+00    4.13706E+01
 7.85073E-04    4.45354E+00    0.00000E+00    4.45354E+01
 7.85082E-04    4.79210E+00    0.00000E+00    4.79210E+01
 7.85091E-04    5.15403E+00    0.00000E+00    5.15403E+01
 7.85100E-04    5.54094E+00    0.00000E+00    5.54094E+01
 7.85109E-04    5.95417E+00    0.00000E+00    5.95417E+01
 7.85118E-04    6.39539E+00    0.00000E+00    6.39539E+01
 7.85127E-04    6.86619E+00    0.00000E+00    6.86619E+01
 7.85137E-04    7.36842E+00    0.00000E+00    7.36842E+01
 7.85146E-04    7.90385E+00    0.00000E+00    7.90385E+01
 7.85158E-04    8.67277E+00    0.00000E+00    8.67277E+01
 7.85170E-04    9.50897E+00    0.00000E+00    9.50897E+01
 7.85182E-04    1.04176E+01    0.00000E+00    1.04176E+02
 7.85194E-04    1.14040E+01    0.00000E+00    1.14040E+02
 7.85206E-04    1.24741E+01    0.00000E+00    1.24741E+02
 7.85219E-04    1.36339E+01    0.00000E+00    1.36339E+02
 7.85231E-04    1.48897E+01    0.00000E+00    1.48897E+02
 7.85243E-04    1.62486E+01    0.00000E+00    1.62486E+02
 7.85255E-04    1.77175E+01    0.00000E+00    1.77175E+02
 7.85267E-04    1.93042E+01    0.00000E+00    1.93042E+02
 7.85279E-04    2.10165E+01    0.00000E+00    2.10165E+02
 7.85291E-04    2.28628E+01    0.00000E+00    2.28628E+02
 7.85304E-04    2.48521E+01    0.00000E+00    2.48521E+02
 7.85316E-04    2.69934E+01    0.00000E+00    2.69934E+02
 7.85328E-04    2.92964E+01    0.00000E+00    2.92964E+02
 7.85340E-04    3.17712E+01    0.00000E+00    3.17712E+02
 7.85352E-04    3.44284E+01    0.00000E+00    3.44284E+02
 7.85364E-04    3.72790E+01    0.00000E+00    3.72790E+02
 7.85377E-04    4.03344E+01    0.00000E+00    4.03344E+02
 7.85389E-04    4.36067E+01    0.00000E+00    4.36067E+02
 7.85401E-04    4.71084E+01    0.00000E+00    4.71084E+02
 7.85413E-04    5.08520E+01    0.00000E+00    5.08520E+02
 7.85425E-04    5.48509E+01    0.00000E+00    5.48509E+02
 7.85437E-04    5.91190E+01    0.00000E+00    5.91190E+02
 7.85449E-04    6.36706E+01    0.00000E+00    6.36706E+02
 7.85462E-04    6.85202E+01    0.00000E+00    6.85202E+02
 7.85474E-04    7.36829E+01    0.00000E+00    7.36829E+02
 7.85486E-04    7.91744E+01    0.00000E+00    7.91744E+02
 7.85498E-04    8.50108E+01    0.00000E+00    8.50108E+02
 7.85510E-04    9.12082E+01    0.00000E+00    9.12082E+02
 7.85522E-04    9.77832E+01    0.00000E+00    9.77832E+02
 7.85534E-04    1.04753E+02    0.00000E+00    1.04753E+03
 7.85553E-04    1.15986E+02    0.00000E+00    1.15986E+03
 7.85571E-04    1.28208E+02    0.00000E+00    1.28208E+03
 7.85589E-04    1.41478E+02    0.00000E+00    1.41478E+03
 7.85607E-04    1.55861E+02    0.00000E+00    1.55861E+03
 7.85626E-04    1.71418E+02    0.00000E+00    1.71418E+03
 7.85644E-04    1.88215E+02    0.00000E+00    1.88215E+03
 7.85662E-04    2.06313E+02    0.00000E+00    2.06313E+03
 7.85680E-04    2.25778E+02    0.00000E+00    2.25778E+03
 7.85698E-04    2.46672E+02    0.00000E+00    2.46672E+03
 7.85717E-04    2.69058E+02    0.00000E+00    2.69058E+03
 7.85735E-04    2.92995E+02    0.00000E+00    2.92995E+03
 7.85753E-04    3.18543E+02    0.00000E+00    3.18543E+03
 7.85771E-04    3.45756E+02    0.00000E+00    3.45756E+03
 7.85790E-04    3.74692E+02    0.00000E+00    3.74692E+03
 7.85808E-04    4.05396E+02    0.00000E+00    4.05396E+03
 7.85832E-04    4.49166E+02    0.00000E+00    4.49166E+03
 7.85856E-04    4.96258E+02    0.00000E+00    4.96258E+03
 7.85881E-04    5.46753E+02    0.00000E+00    5.46753E+03
 7.85905E-04    6.00714E+02    0.00000E+00    6.00714E+03
 7.85929E-04    6.58180E+02    0.00000E+00    6.58180E+03
 7.85954E-04    7.19172E+02    0.00000E+00    7.19172E+03
 7.85978E-04    7.83687E+02    0.00000E+00    7.83687E+03
 7.86002E-04    8.51698E+02    0.00000E+00    8.51698E+03
 7.86039E-04    9.60135E+02    0.00000E+00    9.60135E+03
 7.86075E-04    1.07601E+03    0.00000E+00    1.07601E+04
 7.86112E-04    1.19888E+03    0.00000E+00    1.19888E+04
 7.86148E-04    1.32818E+03    0.00000E+00    1.32818E+04
 7.86197E-04    1.50936E+03    0.00000E+00    1.50936E+04
 7.86257E-04    1.74706E+03    0.00000E+00    1.74706E+04
 7.86463E-04    2.58194E+03    0.00000E+00    2.58194E+04
 7.86528E-04    2.83359E+03    0.00000E+00    2.83359E+04
 7.86593E-04    3.06942E+03    0.00000E+00    3.06942E+04
 7.86658E-04    3.28511E+03    0.00000E+00    3.28511E+04
 7.86723E-04    3.47764E+03    0.00000E+00    3.47764E+04
 7.86788E-04    3.64536E+03    0.00000E+00    3.64536E+04
 7.86853E-04    3.78796E+03    0.00000E+00    3.78796E+04
 7.86918E-04    3.90629E+03    0.00000E+00    3.90629E+04
 7.86983E-04    4.00210E+03    0.00000E+00    4.00210E+04
 7.87048E-04    4.07780E+03    0.00000E+00    4.07780E+04
 7.87135E-04    4.15229E+03    0.00000E+00    4.15229E+04
 7.87221E-04    4.20273E+03    0.00000E+00    4.20273E+04
 7.87351E-04    4.24679E+03    0.00000E+00    4.24679E+04
 7.87481E-04    4.26759E+03    0.00000E+00    4.26759E+04
 7.87741E-04    4.27959E+03    0.00000E+00    4.27959E+04
 9.97818E-04    3.64263E+03    0.00000E+00    3.64263E+04
 1.05533E-03    3.57166E+03    0.00000E+00    3.57166E+04
 2.00000E-03    2.47335E+03    0.00000E+00    2.47335E+04
 3.00000E-03    1.99435E+03    0.00000E+00    1.99435E+04
 6.00000E-03    1.43476E+03    0.00000E+00    1.05604E+04
 1.00000E-02    1.18439E+03    0.00000E+00    8.71758E+03
 1.84201E-02    1.01101E+03    0.00000E+00    7.44140E+03
 2.07134E-02    9.99367E+02    0.00000E+00    7.35573E+03
 3.10701E-02    9.61672E+02    0.00000E+00    2.23050E+03
 3.81659E-02    9.41878E+02    0.00000E+00    2.18459E+03
 5.00827E-02    9.58503E+02    0.00000E+00    2.22315E+03
 6.00000E-02    1.01394E+03    0.00000E+00    2.35172E+03
 6.19895E-02    1.01333E+03    0.00000E+00    2.35032E+03
 7.00000E-02    1.02825E+03    0.00000E+00    2.38492E+03
 7.66623E-02    1.04691E+03    0.00000E+00    2.42820E+03
 9.64292E-02    1.11445E+03    0.00000E+00    2.58484E+03
 1.00000E-01    1.14815E+03    0.00000E+00    2.66302E+03
 1.17328E-01    1.18404E+03    0.00000E+00    2.74627E+03
 1.63648E-01    1.31996E+03    0.00000E+00    3.06152E+03
 2.00000E-01    1.44467E+03    1.16112E+02    2.77323E+03
 2.40635E-01    1.47779E+03    1.18774E+02    2.83680E+03
 2.53527E-01    1.49826E+03    1.20420E+02    2.87610E+03
 2.69795E-01    1.53248E+03    1.23170E+02    2.94180E+03
 3.00000E-01    1.61655E+03    1.29927E+02    3.10317E+03
 3.76543E-01    1.68855E+03    1.35713E+02    3.24138E+03
 4.02822E-01    1.71331E+03    1.37704E+02    3.28892E+03
 4.80298E-01    1.74845E+03    1.40528E+02    3.35636E+03
 5.03773E-01    1.76318E+03    1.41712E+02    3.38465E+03
 5.50000E-01    1.77804E+03    1.42906E+02    3.41317E+03
 5.97778E-01    1.79816E+03    1.44523E+02    3.45180E+03
 6.00000E-01    1.80514E+03    1.00058E+03    2.60970E+03
 7.04938E-01    1.86194E+03    1.03206E+03    2.69182E+03
 8.05643E-01    1.94127E+03    1.07603E+03    2.80650E+03
 9.06349E-01    2.05098E+03    1.13685E+03    2.96512E+03
 1.00000E+00    2.18069E+03    1.84347E+03    2.51791E+03
 1.40000E+00    2.88177E+03    2.43613E+03    3.32740E+03
 1.60342E+00    3.11903E+03    2.63671E+03    3.60135E+03
 1.80000E+00    3.20177E+03    2.81351E+03    3.59002E+03
 2.00516E+00    3.17505E+03    2.79003E+03    3.56006E+03
 2.23104E+00    3.08147E+03    2.70780E+03    3.45514E+03
 2.61834E+00    2.89594E+03    2.46614E+03    3.32574E+03
 2.81975E+00    2.81803E+03    2.39979E+03    3.23626E+03
 3.04232E+00    2.75405E+03    2.34531E+03    3.16280E+03
 3.29093E+00    2.70257E+03    2.30147E+03    3.10367E+03
 4.52663E+00    2.49656E+03    2.12603E+03    2.86709E+03
 4.87823E+00    2.45298E+03    2.12184E+03    2.78411E+03
 5.20000E+00    2.42831E+03    2.10050E+03    2.75611E+03
 5.40000E+00    2.42224E+03    2.09525E+03    2.74922E+03
 5.67901E+00    2.42609E+03    2.09858E+03    2.75359E+03
 6.00000E+00    2.44453E+03    2.11454E+03    2.77452E+03
 6.40000E+00    2.48717E+03    2.15142E+03    2.82292E+03
 7.25079E+00    2.59575E+03    2.39259E+03    2.79890E+03
 7.71020E+00    2.63599E+03    2.42969E+03    2.84230E+03
 8.05643E+00    2.65257E+03    2.44497E+03    2.86018E+03
 8.50000E+00    2.66125E+03    2.45297E+03    2.86953E+03
 9.39820E+00    2.65004E+03    2.47998E+03    2.82010E+03
 1.00000E+01    2.63888E+03    2.46953E+03    2.80823E+03
 1.01169E+01    2.63762E+03    2.46835E+03    2.80688E+03
 1.01484E+01    2.63728E+03    2.46803E+03    2.80652E+03
 1.02752E+01    2.63591E+03    2.46675E+03    2.80506E+03
 1.03592E+01    2.63500E+03    2.46590E+03    2.80409E+03
 1.05000E+01    2.63348E+03    2.46448E+03    2.80247E+03
 1.06481E+01    2.63336E+03    2.46437E+03    2.80236E+03
 1.07984E+01    2.63325E+03    2.46427E+03    2.80224E+03
 1.09507E+01    2.63314E+03    2.46416E+03    2.80212E+03
 1.10000E+01    2.63310E+03    2.46413E+03    2.80208E+03
 1.10949E+01    2.63226E+03    2.46334E+03    2.80118E+03
 1.11181E+01    2.63206E+03    2.46315E+03    2.80096E+03
 1.12750E+01    2.63389E+03    2.46486E+03    2.80291E+03
 1.14340E+01    2.63574E+03    2.46660E+03    2.80489E+03
 1.15000E+01    2.63651E+03    2.46732E+03    2.80571E+03
 1.16622E+01    2.63803E+03    2.46873E+03    2.80732E+03
 1.16858E+01    2.63825E+03    2.46894E+03    2.80755E+03
 1.18197E+01    2.63950E+03    2.47011E+03    2.80888E+03
 1.18403E+01    2.63969E+03    2.47029E+03    2.80909E+03
 1.20000E+01    2.64118E+03    2.47169E+03    2.81068E+03
 1.21693E+01    2.64222E+03    2.47266E+03    2.81178E+03
 1.22125E+01    2.64249E+03    2.47291E+03    2.81207E+03
 1.23123E+01    2.64310E+03    2.47349E+03    2.81272E+03
 1.23827E+01    2.64354E+03    2.47389E+03    2.81318E+03
 1.25000E+01    2.64426E+03    2.47457E+03    2.81395E+03
 1.25935E+01    2.64419E+03    2.47450E+03    2.81388E+03
 1.26074E+01    2.64418E+03    2.47449E+03    2.81386E+03
 1.26281E+01    2.64416E+03    2.47448E+03    2.81385E+03
 1.26798E+01    2.64412E+03    2.47444E+03    2.81381E+03
 1.28587E+01    2.64399E+03    2.47431E+03    2.81366E+03
 1.30000E+01    2.64388E+03    2.47146E+03    2.81631E+03
 1.31498E+01    2.64256E+03    2.47022E+03    2.81489E+03
 1.33292E+01    2.64097E+03    2.46874E+03    2.81321E+03
 1.35000E+01    2.63946E+03    2.46733E+03    2.81160E+03
 1.36890E+01    2.63652E+03    2.46458E+03    2.80846E+03
 1.38821E+01    2.63351E+03    2.46176E+03    2.80525E+03
 1.39946E+01    2.63176E+03    2.46012E+03    2.80339E+03
 1.40000E+01    2.63167E+03    2.46005E+03    2.80330E+03
 1.41884E+01    2.62795E+03    2.45657E+03    2.79934E+03
 1.41960E+01    2.62780E+03    2.45643E+03    2.79918E+03
 1.43963E+01    2.62385E+03    2.45274E+03    2.79497E+03
 1.44473E+01    2.62284E+03    2.45179E+03    2.79389E+03
 1.44990E+01    2.62182E+03    2.45084E+03    2.79281E+03
 1.45000E+01    2.62180E+03    2.45082E+03    2.79279E+03
 1.45466E+01    2.62084E+03    2.44992E+03    2.79176E+03
 1.47518E+01    2.61661E+03    2.44596E+03    2.78725E+03
 1.48586E+01    2.61440E+03    2.44390E+03    2.78490E+03
 1.48624E+01    2.61432E+03    2.44383E+03    2.78482E+03
 1.50000E+01    2.61148E+03    2.44118E+03    2.78179E+03
 1.52116E+01    2.60797E+03    2.43789E+03    2.77805E+03
 1.54262E+01    2.60441E+03    2.43456E+03    2.77426E+03
 1.55000E+01    2.60318E+03    2.43342E+03    2.77295E+03
 1.57187E+01    2.59955E+03    2.43002E+03    2.76908E+03
 1.57691E+01    2.59872E+03    2.42924E+03    2.76819E+03
 1.58906E+01    2.59670E+03    2.42735E+03    2.76604E+03
 1.60000E+01    2.59488E+03    2.47072E+03    2.71905E+03
 1.62257E+01    2.59360E+03    2.46950E+03    2.71770E+03
 1.62289E+01    2.59358E+03    2.46948E+03    2.71768E+03
 1.64015E+01    2.59260E+03    2.46854E+03    2.71666E+03
 1.64329E+01    2.59242E+03    2.46838E+03    2.71647E+03
 1.65000E+01    2.59204E+03    2.46801E+03    2.71607E+03
 1.66815E+01    2.59101E+03    2.46703E+03    2.71499E+03
 1.69168E+01    2.58967E+03    2.46576E+03    2.71359E+03
 1.69960E+01    2.58922E+03    2.46533E+03    2.71311E+03
 1.70000E+01    2.58920E+03    2.46531E+03    2.71309E+03
 1.70967E+01    2.58962E+03    2.46571E+03    2.71353E+03
 1.71933E+01    2.59004E+03    2.46611E+03    2.71397E+03
 1.74054E+01    2.59097E+03    2.46699E+03    2.71495E+03
 1.74216E+01    2.59104E+03    2.46706E+03    2.71502E+03
 1.74711E+01    2.59137E+03    2.46737E+03    2.71536E+03
 1.75000E+01    2.59156E+03    2.46755E+03    2.71556E+03
 1.76183E+01    2.59234E+03    2.46830E+03    2.71639E+03
 1.78669E+01    2.59399E+03    2.46987E+03    2.71811E+03
 1.80000E+01    2.59487E+03    2.47071E+03    2.71904E+03
 1.80034E+01    2.59491E+03    2.47075E+03    2.71908E+03
 1.81248E+01    2.59637E+03    2.47214E+03    2.72061E+03
 1.83805E+01    2.59945E+03    2.47507E+03    2.72383E+03
 1.85000E+01    2.60089E+03    2.47644E+03    2.72534E+03
 1.86357E+01    2.60252E+03    2.47799E+03    2.72705E+03
 1.86605E+01    2.60282E+03    2.47827E+03    2.72736E+03
 1.86672E+01    2.60290E+03    2.47835E+03    2.72745E+03
 1.87705E+01    2.60414E+03    2.47953E+03    2.72875E+03
 1.90000E+01    2.60690E+03    2.48216E+03    2.73164E+03
 1.90804E+01    2.60777E+03    2.48299E+03    2.73256E+03
 1.92064E+01    2.60914E+03    2.48430E+03    2.73399E+03
 1.94276E+01    2.61154E+03    2.48658E+03    2.73651E+03
 1.95000E+01    2.61233E+03    2.48733E+03    2.73733E+03
 1.97751E+01    2.61532E+03    2.49017E+03    2.74046E+03
 1.99298E+01    2.61700E+03    2.49177E+03    2.74222E+03
 2.00000E+01    2.61776E+03    2.50129E+03    2.73423E+03
 2.02822E+01    2.61874E+03    2.50222E+03    2.73525E+03
 2.05683E+01    2.61973E+03    2.50317E+03    2.73629E+03
 2.08585E+01    2.62073E+03    2.50413E+03    2.73734E+03
 2.10000E+01    2.62122E+03    2.50460E+03    2.73785E+03
 2.12963E+01    2.61959E+03    2.50304E+03    2.73614E+03
 2.15967E+01    2.61794E+03    2.50146E+03    2.73442E+03
 2.19014E+01    2.61626E+03    2.49985E+03    2.73266E+03
 2.20000E+01    2.61572E+03    2.49934E+03    2.73210E+03
 2.23104E+01    2.61214E+03    2.49592E+03    2.72836E+03
 2.26251E+01    2.60852E+03    2.49246E+03    2.72458E+03
 2.29443E+01    2.60485E+03    2.48895E+03    2.72074E+03
 2.30000E+01    2.60420E+03    2.48834E+03    2.72007E+03
 2.33245E+01    2.59873E+03    2.48311E+03    2.71436E+03
 2.36536E+01    2.59318E+03    2.47780E+03    2.70856E+03
 2.39873E+01    2.58755E+03    2.47243E+03    2.70268E+03
 2.40000E+01    2.58734E+03    2.49401E+03    2.68067E+03
 2.43386E+01    2.57722E+03    2.48425E+03    2.67019E+03
 2.46820E+01    2.56696E+03    2.47436E+03    2.65955E+03
 2.50000E+01    2.55745E+03    2.46520E+03    2.64971E+03
 2.53527E+01    2.53785E+03    2.44630E+03    2.62940E+03
 2.57104E+01    2.51797E+03    2.42714E+03    2.60880E+03
 2.60000E+01    2.50188E+03    2.41163E+03    2.59213E+03
 2.63668E+01    2.46778E+03    2.37876E+03    2.55680E+03
 2.67388E+01    2.43320E+03    2.34543E+03    2.52097E+03
 2.70000E+01    2.40892E+03    2.32202E+03    2.49581E+03
 2.73809E+01    2.36050E+03    2.27535E+03    2.44565E+03
 2.77672E+01    2.31141E+03    2.22803E+03    2.39479E+03
 2.80000E+01    2.28182E+03    2.20665E+03    2.35700E+03
 2.83950E+01    2.22214E+03    2.14893E+03    2.29535E+03
 2.87956E+01    2.16162E+03    2.09041E+03    2.23283E+03
 2.90000E+01    2.13074E+03    2.06055E+03    2.20094E+03
 2.94091E+01    2.06357E+03    1.99558E+03    2.13155E+03
 2.98240E+01    1.99544E+03    1.92970E+03    2.06118E+03
 3.00000E+01    1.96655E+03    1.90176E+03    2.03134E+03
 3.04232E+01    2.21664E+03    2.14361E+03    2.28966E+03
 3.08525E+01    2.47025E+03    2.38887E+03    2.55164E+03
 3.10000E+01    2.55743E+03    2.47318E+03    2.64168E+03
 3.14374E+01    2.55346E+03    2.46934E+03    2.63759E+03
 3.18809E+01    2.54944E+03    2.46545E+03    2.63343E+03
 3.20000E+01    2.54836E+03    2.46440E+03    2.63232E+03
 3.24515E+01    2.54408E+03    2.46026E+03    2.62789E+03
 3.29093E+01    2.53973E+03    2.45606E+03    2.62340E+03
 3.30000E+01    2.53887E+03    2.45523E+03    2.62251E+03
 3.34656E+01    2.53445E+03    2.45095E+03    2.61794E+03
 3.39377E+01    2.52996E+03    2.44661E+03    2.61331E+03
 3.40000E+01    2.52937E+03    2.44604E+03    2.61270E+03
 3.44797E+01    2.52594E+03    2.44272E+03    2.60916E+03
 3.49661E+01    2.52246E+03    2.43936E+03    2.60556E+03
 3.50000E+01    2.52222E+03    2.43913E+03    2.60531E+03
 3.54938E+01    2.51869E+03    2.43571E+03    2.60167E+03
 3.59945E+01    2.51511E+03    2.43225E+03    2.59797E+03
 3.60000E+01    2.51507E+03    2.43221E+03    2.59793E+03
 3.65079E+01    2.51169E+03    2.42894E+03    2.59443E+03
 3.70000E+01    2.50841E+03    2.42577E+03    2.59105E+03
 3.75220E+01    2.50493E+03    2.42241E+03    2.58746E+03
 3.80000E+01    2.50175E+03    2.41933E+03    2.58417E+03
 3.85361E+01    2.49747E+03    2.41519E+03    2.57975E+03
 3.90000E+01    2.49377E+03    2.41161E+03    2.57593E+03
 3.95502E+01    2.48937E+03    2.40736E+03    2.57139E+03
 4.00000E+01    2.48578E+03    2.40389E+03    2.56767E+03
 4.05643E+01    2.48081E+03    2.39908E+03    2.56254E+03
 4.10000E+01    2.47697E+03    2.39537E+03    2.55857E+03
 4.15784E+01    2.47187E+03    2.39044E+03    2.55331E+03
 4.20000E+01    2.46816E+03    2.38685E+03    2.54947E+03
 4.25925E+01    2.46313E+03    2.38198E+03    2.54428E+03
 4.30000E+01    2.45967E+03    2.37864E+03    2.54070E+03
 4.36067E+01    2.45451E+03    2.37365E+03    2.53538E+03
 4.40000E+01    2.45117E+03    2.37042E+03    2.53192E+03
 4.46208E+01    2.44624E+03    2.36565E+03    2.52683E+03
 4.50000E+01    2.44323E+03    2.36274E+03    2.52372E+03
 4.56349E+01    2.43819E+03    2.35786E+03    2.51851E+03
 4.60000E+01    2.43529E+03    2.35506E+03    2.51552E+03
 4.66490E+01    2.43024E+03    2.35018E+03    2.51031E+03
 4.70000E+01    2.42751E+03    2.34754E+03    2.50748E+03
 4.76631E+01    2.42235E+03    2.34255E+03    2.50216E+03
 4.80000E+01    2.41973E+03    2.34001E+03    2.49945E+03
 4.86772E+01    2.41441E+03    2.33487E+03    2.49396E+03
 4.90000E+01    2.41188E+03    2.33242E+03    2.49134E+03
 4.96913E+01    2.40645E+03    2.32717E+03    2.48573E+03
 5.00000E+01    2.40403E+03    2.32483E+03    2.48323E+03
 5.07054E+01    2.39853E+03    2.31951E+03    2.47755E+03
 5.10000E+01    2.39623E+03    2.31729E+03    2.47517E+03
 5.17195E+01    2.39061E+03    2.31185E+03    2.46937E+03
 5.20000E+01    2.38842E+03    2.30973E+03    2.46711E+03
 5.27336E+01    2.38285E+03    2.30435E+03    2.46135E+03
 5.30000E+01    2.38083E+03    2.30239E+03    2.45927E+03
 5.37477E+01    2.37515E+03    2.29691E+03    2.45340E+03
 5.40000E+01    2.37324E+03    2.29505E+03    2.45143E+03
 5.47618E+01    2.36766E+03    2.28965E+03    2.44566E+03
 5.50000E+01    2.36591E+03    2.28797E+03    2.44385E+03
 5.57760E+01    2.36022E+03    2.28246E+03    2.43798E+03
 5.60000E+01    2.35858E+03    2.28088E+03    2.43628E+03
 5.67901E+01    2.35295E+03    2.27544E+03    2.43047E+03
 5.70000E+01    2.35146E+03    2.27399E+03    2.42893E+03
 5.78042E+01    2.34573E+03    2.26845E+03    2.42301E+03
 5.80000E+01    2.34434E+03    2.26711E+03    2.42157E+03
 5.88183E+01    2.33866E+03    2.26161E+03    2.41571E+03
 5.90000E+01    2.33740E+03    2.26039E+03    2.41441E+03
 5.98324E+01    2.33161E+03    2.25480E+03    2.40843E+03
 6.00000E+01    2.33045E+03    2.25367E+03    2.40723E+03
 6.08465E+01    2.32485E+03    2.24825E+03    2.40144E+03
 6.10000E+01    2.32383E+03    2.24727E+03    2.40039E+03
 6.18606E+01    2.31813E+03    2.24176E+03    2.39450E+03
 6.20000E+01    2.31721E+03    2.24087E+03    2.39355E+03
 6.28747E+01    2.31141E+03    2.23526E+03    2.38756E+03
 6.30000E+01    2.31058E+03    2.23446E+03    2.38670E+03
 6.38888E+01    2.30470E+03    2.22877E+03    2.38062E+03
 6.40000E+01    2.30396E+03    2.22806E+03    2.37986E+03
 6.49029E+01    2.29798E+03    2.22228E+03    2.37369E+03
 6.50000E+01    2.29734E+03    2.22165E+03    2.37303E+03
 6.59170E+01    2.29172E+03    2.21622E+03    2.36722E+03
 6.60000E+01    2.29121E+03    2.21573E+03    2.36669E+03
 6.69311E+01    2.28549E+03    2.21020E+03    2.36079E+03
 6.70000E+01    2.28507E+03    2.20979E+03    2.36035E+03
 6.79453E+01    2.27928E+03    2.20419E+03    2.35437E+03
 6.80000E+01    2.27894E+03    2.20386E+03    2.35402E+03
 6.89594E+01    2.27305E+03    2.19816E+03    2.34794E+03
 6.90000E+01    2.27280E+03    2.19792E+03    2.34768E+03
 6.99735E+01    2.26683E+03    2.19215E+03    2.34151E+03
 7.00000E+01    2.26667E+03    2.19199E+03    2.34135E+03
 7.09876E+01    2.26105E+03    2.18656E+03    2.33554E+03
 7.10000E+01    2.26098E+03    2.18649E+03    2.33547E+03
 7.20000E+01    2.25529E+03    2.18099E+03    2.32959E+03
 7.30000E+01    2.24961E+03    2.17550E+03    2.32372E+03
 7.40000E+01    2.24392E+03    2.16999E+03    2.31785E+03
 7.50000E+01    2.23823E+03    2.16449E+03    2.31197E+03
 7.60000E+01    2.23296E+03    2.15940E+03    2.30652E+03
 7.70000E+01    2.22769E+03    2.15430E+03    2.30108E+03
 7.80000E+01    2.22243E+03    2.14921E+03    2.29565E+03
 7.90000E+01    2.21716E+03    2.14412E+03    2.29020E+03
 8.00000E+01    2.21189E+03    2.13902E+03    2.28476E+03
 8.10000E+01    2.20718E+03    2.13446E+03    2.27990E+03
 8.20000E+01    2.20246E+03    2.12990E+03    2.27502E+03
 8.30000E+01    2.19775E+03    2.12535E+03    2.27015E+03
 8.40000E+01    2.19304E+03    2.12079E+03    2.26529E+03
 8.50000E+01    2.18832E+03    2.11623E+03    2.26041E+03
 8.60000E+01    2.18361E+03    2.11167E+03    2.25555E+03
 8.70000E+01    2.17890E+03    2.10712E+03    2.25068E+03
 8.80000E+01    2.17419E+03    2.10256E+03    2.24582E+03
 8.90000E+01    2.16947E+03    2.09800E+03    2.24094E+03
 9.00000E+01    2.16476E+03    2.09344E+03    2.23608E+03
 9.10000E+01    2.16067E+03    2.08949E+03    2.23185E+03
 9.20000E+01    2.15659E+03    2.08554E+03    2.22764E+03
 9.30000E+01    2.15250E+03    2.08159E+03    2.22341E+03
 9.40000E+01    2.14842E+03    2.07764E+03    2.21920E+03
 9.50000E+01    2.14433E+03    2.07369E+03    2.21497E+03
 9.60000E+01    2.14024E+03    2.06973E+03    2.21075E+03
 9.70000E+01    2.13616E+03    2.06578E+03    2.20654E+03
 9.80000E+01    2.13207E+03    2.06183E+03    2.20231E+03
 9.90000E+01    2.12799E+03    2.05788E+03    2.19810E+03
 1.00000E+02    2.12390E+03    2.05393E+03    2.19387E+03
 1.01411E+02    2.11886E+03    2.04906E+03    2.18867E+03
 1.02000E+02    2.11676E+03    2.04702E+03    2.18650E+03
 1.03439E+02    2.11162E+03    2.04205E+03    2.18118E+03
 1.04000E+02    2.10961E+03    2.04011E+03    2.17911E+03
 1.05467E+02    2.10437E+03    2.03504E+03    2.17370E+03
 1.06000E+02    2.10247E+03    2.03320E+03    2.17174E+03
 1.07495E+02    2.09712E+03    2.02803E+03    2.16621E+03
 1.08000E+02    2.09532E+03    2.02629E+03    2.16435E+03
 1.09524E+02    2.08988E+03    2.02103E+03    2.15873E+03
 1.10000E+02    2.08818E+03    2.01939E+03    2.15698E+03
 1.11552E+02    2.08329E+03    2.01466E+03    2.15193E+03
 1.12000E+02    2.08188E+03    2.01329E+03    2.15047E+03
 1.13580E+02    2.07690E+03    2.00848E+03    2.14533E+03
 1.14000E+02    2.07558E+03    2.00720E+03    2.14396E+03
 1.15608E+02    2.07051E+03    2.00229E+03    2.13872E+03
 1.16000E+02    2.06927E+03    2.00110E+03    2.13744E+03
 1.17637E+02    2.06411E+03    1.99611E+03    2.13212E+03
 1.18000E+02    2.06297E+03    1.99501E+03    2.13093E+03
 1.19665E+02    2.05773E+03    1.98993E+03    2.12552E+03
 1.20000E+02    2.05667E+03    1.98891E+03    2.12443E+03
 1.21693E+02    2.05192E+03    1.98432E+03    2.11952E+03
 1.22000E+02    2.05106E+03    1.98349E+03    2.11863E+03
 1.23721E+02    2.04623E+03    1.97882E+03    2.11364E+03
 1.24000E+02    2.04545E+03    1.97806E+03    2.11284E+03
 1.25749E+02    2.04053E+03    1.97331E+03    2.10776E+03
 1.26000E+02    2.03983E+03    1.97263E+03    2.10703E+03
 1.27778E+02    2.03484E+03    1.96781E+03    2.10188E+03
 1.28000E+02    2.03422E+03    1.96720E+03    2.10124E+03
 1.29806E+02    2.02915E+03    1.96230E+03    2.09600E+03
 1.30000E+02    2.02861E+03    1.96178E+03    2.09544E+03
 1.31834E+02    2.02399E+03    1.95731E+03    2.09067E+03
 1.32000E+02    2.02357E+03    1.95690E+03    2.09024E+03
 1.33862E+02    2.01888E+03    1.95237E+03    2.08539E+03
 1.34000E+02    2.01853E+03    1.95203E+03    2.08503E+03
 1.35891E+02    2.01378E+03    1.94743E+03    2.08012E+03
 1.36000E+02    2.01350E+03    1.94717E+03    2.07983E+03
 1.37919E+02    2.00866E+03    1.94249E+03    2.07484E+03
 1.38000E+02    2.00846E+03    1.94229E+03    2.07463E+03
 1.39947E+02    2.00355E+03    1.93755E+03    2.06956E+03
 1.40000E+02    2.00342E+03    1.93742E+03    2.06942E+03
 1.41975E+02    1.99892E+03    1.93306E+03    2.06477E+03
 1.42000E+02    1.99886E+03    1.93301E+03    2.06471E+03
 1.44000E+02    1.99431E+03    1.92861E+03    2.06001E+03
 1.46000E+02    1.98975E+03    1.92420E+03    2.05530E+03
 1.48000E+02    1.98520E+03    1.91980E+03    2.05060E+03
 1.50000E+02    1.98064E+03    1.91539E+03    2.04589E+03
 1.52000E+02    1.97649E+03    1.91137E+03    2.04161E+03
 1.54000E+02    1.97234E+03    1.90736E+03    2.03732E+03
 1.56000E+02    1.96819E+03    1.90335E+03    2.03303E+03
 1.58000E+02    1.96404E+03    1.89933E+03    2.02875E+03
 1.60000E+02    1.95989E+03    1.89532E+03    2.02446E+03
 1.62000E+02    1.95623E+03    1.89178E+03    2.02068E+03
 1.64000E+02    1.95258E+03    1.88825E+03    2.01691E+03
 1.66000E+02    1.94892E+03    1.88471E+03    2.01313E+03
 1.68000E+02    1.94526E+03    1.88117E+03    2.00935E+03
 1.70000E+02    1.94160E+03    1.87763E+03    2.00557E+03
 1.72000E+02    1.93795E+03    1.87410E+03    2.00180E+03
 1.74000E+02    1.93429E+03    1.87056E+03    1.99802E+03
 1.76000E+02    1.93063E+03    1.86703E+03    1.99423E+03
 1.78000E+02    1.92698E+03    1.86350E+03    1.99046E+03
 1.80000E+02    1.92332E+03    1.85996E+03    1.98668E+03
 1.82000E+02    1.92017E+03    1.85691E+03    1.98343E+03
 1.84000E+02    1.91703E+03    1.85387E+03    1.98019E+03
 1.86000E+02    1.91388E+03    1.85083E+03    1.97693E+03
 1.88000E+02    1.91074E+03    1.84779E+03    1.97369E+03
 1.90000E+02    1.90759E+03    1.84474E+03    1.97044E+03
 1.92000E+02    1.90444E+03    1.84170E+03    1.96718E+03
 1.94000E+02    1.90130E+03    1.83866E+03    1.96394E+03
 1.96000E+02    1.89815E+03    1.83562E+03    1.96068E+03
 1.98000E+02    1.89501E+03    1.83258E+03    1.95744E+03
 2.00000E+02    1.89186E+03    1.82953E+03    1.95419E+03
