# n + Ac231 : (n,nt)    
# tendl.2017 A.J. Koning and D. Rochman        EVAL-NOV17
# uncertainties: y
# # energies =    24
#   E(MeV)       xs(mb)       xslow(mb)      xsupp(mb)
 8.16269E+00    0.00000E+00    0.00000E+00    0.00000E+00
 1.15000E+01    2.98555E-16    2.98555E-16    2.98555E-16
 1.20000E+01    1.41154E-13    1.41154E-13    1.41154E-13
 1.25000E+01    7.05416E-11    7.05416E-11    7.05416E-11
 1.30000E+01    1.33417E-09    3.70016E-10    2.29832E-09
 1.35000E+01    2.26694E-08    6.28709E-09    3.90517E-08
 1.40000E+01    2.01050E-07    5.57589E-08    3.46341E-07
 1.45000E+01    1.71959E-06    4.76908E-07    2.96227E-06
 1.50000E+01    9.75980E-06    2.70677E-06    1.68128E-05
 1.60000E+01    2.01942E-04    6.42116E-05    3.39672E-04
 1.70000E+01    2.43871E-03    7.75438E-04    4.10198E-03
 1.80000E+01    1.71865E-02    5.46480E-03    2.89082E-02
 1.90000E+01    7.34543E-02    2.33563E-02    1.23552E-01
 2.00000E+01    2.19156E-01    1.03422E-01    3.34890E-01
 2.10000E+01    4.93452E-01    2.32864E-01    7.54040E-01
 2.20000E+01    8.99784E-01    4.24616E-01    1.37495E+00
 2.30000E+01    1.44513E+00    6.81970E-01    2.20829E+00
 2.40000E+01    2.08221E+00    1.35937E+00    2.80505E+00
 2.50000E+01    2.79004E+00    1.82147E+00    3.75861E+00
 2.60000E+01    3.50586E+00    2.28879E+00    4.72293E+00
 2.70000E+01    4.16422E+00    2.71860E+00    5.60984E+00
 2.80000E+01    4.75578E+00    3.10480E+00    6.40676E+00
 2.90000E+01    5.20143E+00    3.39574E+00    7.00712E+00
 3.00000E+01    5.51476E+00    3.60030E+00    7.42922E+00
