# n + Ac231 : (n,n'01)  
# tendl.2017 A.J. Koning and D. Rochman        EVAL-NOV17
# uncertainties: y
# # energies =   108
#   E(MeV)       xs(mb)       xslow(mb)      xsupp(mb)
 5.27292E-03    0.00000E+00    0.00000E+00    0.00000E+00
 1.00000E-02    2.25755E+00    9.24999E-01    3.59010E+00
 1.84201E-02    1.22172E+01    5.00583E+00    1.94286E+01
 2.00000E-02    1.40860E+01    5.77154E+00    2.24005E+01
 3.00000E-02    3.02076E+01    2.48784E+01    3.55368E+01
 3.81659E-02    4.37176E+01    3.60050E+01    5.14302E+01
 5.00827E-02    6.34332E+01    5.22424E+01    7.46240E+01
 6.00000E-02    7.98408E+01    6.57554E+01    9.39262E+01
 6.19895E-02    8.19394E+01    6.74838E+01    9.63950E+01
 6.88191E-02    8.91435E+01    7.34169E+01    1.04870E+02
 7.50663E-02    9.57332E+01    7.88441E+01    1.12622E+02
 9.44104E-02    1.16138E+02    9.56491E+01    1.36627E+02
 9.64292E-02    1.18267E+02    9.74029E+01    1.39132E+02
 1.00000E-01    1.22034E+02    1.00505E+02    1.43563E+02
 1.16506E-01    1.27634E+02    1.05117E+02    1.50151E+02
 1.35589E-01    1.34108E+02    1.10449E+02    1.57767E+02
 1.61371E-01    1.42855E+02    1.17653E+02    1.68058E+02
 2.00000E-01    1.55961E+02    1.38194E+02    1.73728E+02
 2.38949E-01    1.57895E+02    1.39908E+02    1.75882E+02
 2.46833E-01    1.58287E+02    1.40255E+02    1.76319E+02
 2.58122E-01    1.58847E+02    1.40752E+02    1.76943E+02
 2.67905E-01    1.59333E+02    1.41182E+02    1.77484E+02
 3.00000E-01    1.60927E+02    1.42594E+02    1.79260E+02
 3.06332E-01    1.60349E+02    1.42082E+02    1.78616E+02
 3.51528E-01    1.56223E+02    1.38426E+02    1.74019E+02
 3.73905E-01    1.54180E+02    1.36616E+02    1.71743E+02
 4.00000E-01    1.51797E+02    1.34504E+02    1.69090E+02
 4.17063E-01    1.49871E+02    1.32798E+02    1.66944E+02
 4.51452E-01    1.45989E+02    1.29358E+02    1.62620E+02
 4.58513E-01    1.45192E+02    1.28652E+02    1.61732E+02
 4.73669E-01    1.43481E+02    1.27136E+02    1.59827E+02
 4.75326E-01    1.43294E+02    1.26970E+02    1.59618E+02
 4.80298E-01    1.42733E+02    1.26473E+02    1.58993E+02
 4.87800E-01    1.41886E+02    1.25723E+02    1.58050E+02
 5.00000E-01    1.40509E+02    1.24502E+02    1.56516E+02
 5.00244E-01    1.40483E+02    1.24479E+02    1.56486E+02
 5.15481E-01    1.38848E+02    1.23031E+02    1.54666E+02
 5.33268E-01    1.36940E+02    1.21340E+02    1.52540E+02
 5.97778E-01    1.30019E+02    1.15208E+02    1.44831E+02
 6.00000E-01    1.29781E+02    6.03979E+01    1.99164E+02
 7.00000E-01    1.18787E+02    5.52815E+01    1.82293E+02
 8.00000E-01    1.08360E+02    5.04289E+01    1.66291E+02
 9.00000E-01    9.92901E+01    4.62080E+01    1.52372E+02
 1.00000E+00    9.16945E+01    1.76537E+01    1.65735E+02
 1.20000E+00    8.00048E+01    1.54031E+01    1.44606E+02
 1.40000E+00    6.77930E+01    1.30520E+01    1.22534E+02
 1.60000E+00    5.24771E+01    1.01033E+01    9.48509E+01
 1.80000E+00    3.70428E+01    7.37783E+00    6.67078E+01
 2.00000E+00    2.44951E+01    4.87870E+00    4.41115E+01
 2.20000E+00    1.56085E+01    3.10875E+00    2.81082E+01
 2.40000E+00    9.80211E+00    1.95229E+00    1.76519E+01
 2.60000E+00    6.18577E+00    2.09006E+00    1.02815E+01
 2.80000E+00    3.99596E+00    1.35016E+00    6.64176E+00
 3.00000E+00    2.68695E+00    9.07871E-01    4.46603E+00
 3.20000E+00    1.90876E+00    6.44935E-01    3.17259E+00
 3.40000E+00    1.44629E+00    4.88675E-01    2.40391E+00
 3.60000E+00    1.17148E+00    3.95821E-01    1.94714E+00
 3.80000E+00    1.00910E+00    3.40956E-01    1.67724E+00
 4.00000E+00    9.14400E-01    3.08959E-01    1.51984E+00
 4.20000E+00    8.60974E-01    2.90907E-01    1.43104E+00
 4.40000E+00    8.32822E-01    2.81395E-01    1.38425E+00
 4.60000E+00    8.20319E-01    2.33671E-01    1.40697E+00
 4.80000E+00    8.17774E-01    2.32946E-01    1.40260E+00
 5.00000E+00    8.21840E-01    2.34104E-01    1.40958E+00
 5.20000E+00    8.30567E-01    2.36590E-01    1.42454E+00
 5.40000E+00    8.42801E-01    2.40075E-01    1.44553E+00
 5.60000E+00    8.57755E-01    2.44335E-01    1.47118E+00
 5.80000E+00    8.74699E-01    2.49161E-01    1.50024E+00
 6.00000E+00    8.92906E-01    2.54348E-01    1.53146E+00
 6.20000E+00    9.11538E-01    2.59655E-01    1.56342E+00
 6.40000E+00    9.29669E-01    2.64820E-01    1.59452E+00
 6.60000E+00    9.46351E-01    2.65916E-01    1.62679E+00
 6.80000E+00    9.60717E-01    2.69953E-01    1.65148E+00
 7.00000E+00    9.72079E-01    2.73145E-01    1.67101E+00
 7.20000E+00    9.80034E-01    2.75381E-01    1.68469E+00
 7.40000E+00    9.84457E-01    2.76624E-01    1.69229E+00
 7.60000E+00    9.85511E-01    2.76920E-01    1.69410E+00
 7.80000E+00    9.83557E-01    2.76371E-01    1.69074E+00
 8.00000E+00    9.79095E-01    2.75117E-01    1.68307E+00
 8.50000E+00    9.60422E-01    2.69870E-01    1.65097E+00
 9.00000E+00    9.36839E-01    2.86473E-01    1.58720E+00
 9.50000E+00    9.13417E-01    2.79311E-01    1.54752E+00
 1.00000E+01    8.92852E-01    2.73022E-01    1.51268E+00
 1.05000E+01    8.75989E-01    2.67866E-01    1.48411E+00
 1.10000E+01    8.62386E-01    2.63706E-01    1.46107E+00
 1.15000E+01    8.50886E-01    2.60190E-01    1.44158E+00
 1.20000E+01    8.40129E-01    2.56900E-01    1.42336E+00
 1.25000E+01    8.29014E-01    2.53502E-01    1.40453E+00
 1.30000E+01    8.16912E-01    2.63033E-01    1.37079E+00
 1.35000E+01    8.03690E-01    2.58776E-01    1.34860E+00
 1.40000E+01    7.89582E-01    2.54233E-01    1.32493E+00
 1.45000E+01    7.75006E-01    2.49540E-01    1.30047E+00
 1.50000E+01    7.60391E-01    2.44834E-01    1.27595E+00
 1.60000E+01    7.32366E-01    2.49053E-01    1.21568E+00
 1.70000E+01    7.06935E-01    2.40404E-01    1.17347E+00
 1.80000E+01    6.83950E-01    2.32588E-01    1.13531E+00
 1.90000E+01    6.62493E-01    2.25291E-01    1.09969E+00
 2.00000E+01    6.41633E-01    2.28310E-01    1.05496E+00
 2.10000E+01    6.20967E-01    2.20956E-01    1.02098E+00
 2.20000E+01    6.00792E-01    2.13777E-01    9.87806E-01
 2.30000E+01    5.81748E-01    2.07001E-01    9.56495E-01
 2.40000E+01    5.64274E-01    2.06116E-01    9.22432E-01
 2.50000E+01    5.48387E-01    2.00313E-01    8.96461E-01
 2.60000E+01    5.33775E-01    1.94976E-01    8.72574E-01
 2.70000E+01    5.19949E-01    1.89926E-01    8.49973E-01
 2.80000E+01    5.06408E-01    1.84979E-01    8.27837E-01
 2.90000E+01    4.92805E-01    1.80010E-01    8.05600E-01
 3.00000E+01    4.79074E-01    1.74995E-01    7.83153E-01
