# n + Ac231 : (n,n'07)  
# tendl.2017 A.J. Koning and D. Rochman        EVAL-NOV17
# uncertainties: n
# # energies =    98
#   E(MeV)       xs(mb) 
 7.50663E-02    0.00000E+00
 9.44104E-02    1.55998E+01
 9.64292E-02    1.72279E+01
 1.00000E-01    2.01075E+01
 1.16506E-01    3.16438E+01
 1.35589E-01    4.49811E+01
 1.61371E-01    6.30005E+01
 2.00000E-01    8.99988E+01
 2.38949E-01    1.01422E+02
 2.46833E-01    1.03734E+02
 2.58122E-01    1.07045E+02
 2.67905E-01    1.09914E+02
 3.00000E-01    1.19327E+02
 3.06332E-01    1.19706E+02
 3.51528E-01    1.22408E+02
 3.73905E-01    1.23746E+02
 4.00000E-01    1.25307E+02
 4.17063E-01    1.24835E+02
 4.51452E-01    1.23885E+02
 4.58513E-01    1.23690E+02
 4.73669E-01    1.23271E+02
 4.75326E-01    1.23225E+02
 4.80298E-01    1.23088E+02
 4.87800E-01    1.22880E+02
 5.00000E-01    1.22543E+02
 5.00244E-01    1.22529E+02
 5.15481E-01    1.21621E+02
 5.33268E-01    1.20562E+02
 5.97778E-01    1.16719E+02
 6.00000E-01    1.16587E+02
 7.00000E-01    1.08333E+02
 8.00000E-01    9.94453E+01
 9.00000E-01    9.12130E+01
 1.00000E+00    8.41145E+01
 1.20000E+00    7.33607E+01
 1.40000E+00    6.28754E+01
 1.60000E+00    4.96230E+01
 1.80000E+00    3.56572E+01
 2.00000E+00    2.38783E+01
 2.20000E+00    1.53430E+01
 2.40000E+00    9.68327E+00
 2.60000E+00    6.12497E+00
 2.80000E+00    3.95834E+00
 3.00000E+00    2.65962E+00
 3.20000E+00    1.88707E+00
 3.40000E+00    1.42831E+00
 3.60000E+00    1.15612E+00
 3.80000E+00    9.95548E-01
 4.00000E+00    9.02074E-01
 4.20000E+00    8.49439E-01
 4.40000E+00    8.21793E-01
 4.60000E+00    8.09556E-01
 4.80000E+00    8.07116E-01
 5.00000E+00    8.11155E-01
 5.20000E+00    8.19750E-01
 5.40000E+00    8.31792E-01
 5.60000E+00    8.46531E-01
 5.80000E+00    8.63279E-01
 6.00000E+00    8.81362E-01
 6.20000E+00    8.99985E-01
 6.40000E+00    9.18260E-01
 6.60000E+00    9.35258E-01
 6.80000E+00    9.50106E-01
 7.00000E+00    9.62094E-01
 7.20000E+00    9.70770E-01
 7.40000E+00    9.75959E-01
 7.60000E+00    9.77775E-01
 7.80000E+00    9.76537E-01
 8.00000E+00    9.72717E-01
 8.50000E+00    9.55276E-01
 9.00000E+00    9.32426E-01
 9.50000E+00    9.09382E-01
 1.00000E+01    8.88984E-01
 1.05000E+01    8.72195E-01
 1.10000E+01    8.58663E-01
 1.15000E+01    8.47285E-01
 1.20000E+01    8.36719E-01
 1.25000E+01    8.25851E-01
 1.30000E+01    8.14020E-01
 1.35000E+01    8.01063E-01
 1.40000E+01    7.87191E-01
 1.45000E+01    7.72812E-01
 1.50000E+01    7.58352E-01
 1.60000E+01    7.30544E-01
 1.70000E+01    7.05259E-01
 1.80000E+01    6.82404E-01
 1.90000E+01    6.61087E-01
 2.00000E+01    6.40376E-01
 2.10000E+01    6.19848E-01
 2.20000E+01    5.99776E-01
 2.30000E+01    5.80794E-01
 2.40000E+01    5.63358E-01
 2.50000E+01    5.47503E-01
 2.60000E+01    5.32928E-01
 2.70000E+01    5.19152E-01
 2.80000E+01    5.05675E-01
 2.90000E+01    4.92141E-01
 3.00000E+01    4.78474E-01
