# n + Ac231 : (n,n'12)  
# tendl.2017 A.J. Koning and D. Rochman        EVAL-NOV17
# uncertainties: n
# # energies =    92
#   E(MeV)       xs(mb) 
 1.61371E-01    0.00000E+00
 2.00000E-01    2.01624E+01
 2.38949E-01    2.60794E+01
 2.46833E-01    2.72771E+01
 2.58122E-01    2.89921E+01
 2.67905E-01    3.04783E+01
 3.00000E-01    3.53540E+01
 3.06332E-01    3.57607E+01
 3.51528E-01    3.86640E+01
 3.73905E-01    4.01014E+01
 4.00000E-01    4.17777E+01
 4.17063E-01    4.24192E+01
 4.51452E-01    4.37119E+01
 4.58513E-01    4.39774E+01
 4.73669E-01    4.45471E+01
 4.75326E-01    4.46094E+01
 4.80298E-01    4.47963E+01
 4.87800E-01    4.50784E+01
 5.00000E-01    4.55370E+01
 5.00244E-01    4.55405E+01
 5.15481E-01    4.57570E+01
 5.33268E-01    4.60097E+01
 5.97778E-01    4.69264E+01
 6.00000E-01    4.69580E+01
 7.00000E-01    4.60855E+01
 8.00000E-01    4.34039E+01
 9.00000E-01    3.98825E+01
 1.00000E+00    3.61198E+01
 1.20000E+00    2.93261E+01
 1.40000E+00    2.33190E+01
 1.60000E+00    1.76936E+01
 1.80000E+00    1.27280E+01
 2.00000E+00    8.75162E+00
 2.20000E+00    5.82882E+00
 2.40000E+00    3.80267E+00
 2.60000E+00    2.44979E+00
 2.80000E+00    1.56817E+00
 3.00000E+00    1.00085E+00
 3.20000E+00    6.38312E-01
 3.40000E+00    4.06964E-01
 3.60000E+00    2.59126E-01
 3.80000E+00    1.64630E-01
 4.00000E+00    1.04229E-01
 4.20000E+00    6.58131E-02
 4.40000E+00    4.15319E-02
 4.60000E+00    2.62525E-02
 4.80000E+00    1.66487E-02
 5.00000E+00    1.06197E-02
 5.20000E+00    6.79806E-03
 5.40000E+00    4.37889E-03
 5.60000E+00    2.84889E-03
 5.80000E+00    1.86777E-03
 6.00000E+00    1.23659E-03
 6.20000E+00    8.25501E-04
 6.40000E+00    5.55069E-04
 6.60000E+00    3.76672E-04
 6.80000E+00    2.57120E-04
 7.00000E+00    1.76883E-04
 7.20000E+00    1.22509E-04
 7.40000E+00    8.52617E-05
 7.60000E+00    5.97793E-05
 7.80000E+00    4.20850E-05
 8.00000E+00    2.97992E-05
 8.50000E+00    1.28340E-05
 9.00000E+00    5.69179E-06
 9.50000E+00    2.59847E-06
 1.00000E+01    1.21993E-06
 1.05000E+01    5.88576E-07
 1.10000E+01    2.91434E-07
 1.15000E+01    1.47938E-07
 1.20000E+01    7.68383E-08
 1.25000E+01    4.07793E-08
 1.30000E+01    2.20677E-08
 1.35000E+01    1.21605E-08
 1.40000E+01    6.81350E-09
 1.45000E+01    3.87907E-09
 1.50000E+01    2.24269E-09
 1.60000E+01    7.83998E-10
 1.70000E+01    2.89110E-10
 1.80000E+01    1.13175E-10
 1.90000E+01    4.66468E-11
 2.00000E+01    2.01367E-11
 2.10000E+01    9.05623E-12
 2.20000E+01    4.21743E-12
 2.30000E+01    2.03024E-12
 2.40000E+01    1.00826E-12
 2.50000E+01    5.16714E-13
 2.60000E+01    2.72826E-13
 2.70000E+01    1.48257E-13
 2.80000E+01    8.27480E-14
 2.90000E+01    4.72281E-14
 3.00000E+01    2.75096E-14
