# n + Ac231 : (n,n'14)  
# tendl.2017 A.J. Koning and D. Rochman        EVAL-NOV17
# uncertainties: n
# # energies =    89
#   E(MeV)       xs(mb) 
 2.46833E-01    0.00000E+00
 2.58122E-01    4.94277E+00
 2.67905E-01    9.22615E+00
 3.00000E-01    2.32786E+01
 3.06332E-01    2.40660E+01
 3.51528E-01    2.96866E+01
 3.73905E-01    3.24694E+01
 4.00000E-01    3.57146E+01
 4.17063E-01    3.65312E+01
 4.51452E-01    3.81770E+01
 4.58513E-01    3.85150E+01
 4.73669E-01    3.92403E+01
 4.75326E-01    3.93196E+01
 4.80298E-01    3.95576E+01
 4.87800E-01    3.99166E+01
 5.00000E-01    4.05005E+01
 5.00244E-01    4.05038E+01
 5.15481E-01    4.07073E+01
 5.33268E-01    4.09449E+01
 5.97778E-01    4.18067E+01
 6.00000E-01    4.18364E+01
 7.00000E-01    4.02069E+01
 8.00000E-01    3.65723E+01
 9.00000E-01    3.20683E+01
 1.00000E+00    2.74205E+01
 1.20000E+00    1.94768E+01
 1.40000E+00    1.36919E+01
 1.60000E+00    9.58959E+00
 1.80000E+00    6.67959E+00
 2.00000E+00    4.60618E+00
 2.20000E+00    3.15069E+00
 2.40000E+00    2.15429E+00
 2.60000E+00    1.48938E+00
 2.80000E+00    1.05565E+00
 3.00000E+00    7.77407E-01
 3.20000E+00    6.01336E-01
 3.40000E+00    4.90925E-01
 3.60000E+00    4.22073E-01
 3.80000E+00    3.79360E-01
 4.00000E+00    3.52947E-01
 4.20000E+00    3.36715E-01
 4.40000E+00    3.26796E-01
 4.60000E+00    3.20746E-01
 4.80000E+00    3.17066E-01
 5.00000E+00    3.14875E-01
 5.20000E+00    3.13659E-01
 5.40000E+00    3.13170E-01
 5.60000E+00    3.13293E-01
 5.80000E+00    3.13971E-01
 6.00000E+00    3.15189E-01
 6.20000E+00    3.16924E-01
 6.40000E+00    3.19138E-01
 6.60000E+00    3.21764E-01
 6.80000E+00    3.24706E-01
 7.00000E+00    3.27848E-01
 7.20000E+00    3.31067E-01
 7.40000E+00    3.34238E-01
 7.60000E+00    3.37253E-01
 7.80000E+00    3.40028E-01
 8.00000E+00    3.42505E-01
 8.50000E+00    3.47239E-01
 9.00000E+00    3.50043E-01
 9.50000E+00    3.51468E-01
 1.00000E+01    3.52178E-01
 1.05000E+01    3.52699E-01
 1.10000E+01    3.53324E-01
 1.15000E+01    3.54124E-01
 1.20000E+01    3.54993E-01
 1.25000E+01    3.55731E-01
 1.30000E+01    3.56107E-01
 1.35000E+01    3.55928E-01
 1.40000E+01    3.55078E-01
 1.45000E+01    3.53519E-01
 1.50000E+01    3.51277E-01
 1.60000E+01    3.45106E-01
 1.70000E+01    3.37593E-01
 1.80000E+01    3.30115E-01
 1.90000E+01    3.24048E-01
 2.00000E+01    3.20290E-01
 2.10000E+01    3.18895E-01
 2.20000E+01    3.19137E-01
 2.30000E+01    3.20046E-01
 2.40000E+01    3.20963E-01
 2.50000E+01    3.21735E-01
 2.60000E+01    3.22579E-01
 2.70000E+01    3.23821E-01
 2.80000E+01    3.25662E-01
 2.90000E+01    3.28043E-01
 3.00000E+01    3.30685E-01
