# n + Ac223 : (n,3a)n   
# tendl.2017 A.J. Koning and D. Rochman        EVAL-NOV17
# uncertainties: n
# # energies =   728
#   E(MeV)       xs(mb) 
 1.00000E-11    1.00000E-17
 1.03005E-11    9.85886E-18
 1.06099E-11    9.71986E-18
 1.09287E-11    9.58301E-18
 1.12571E-11    9.44824E-18
 1.15953E-11    9.31554E-18
 1.19437E-11    9.18488E-18
 1.23026E-11    9.05623E-18
 1.26722E-11    8.92958E-18
 1.30530E-11    8.80487E-18
 1.34452E-11    8.68208E-18
 1.38491E-11    8.56124E-18
 1.42652E-11    8.44225E-18
 1.46938E-11    8.32508E-18
 1.51353E-11    8.20978E-18
 1.55901E-11    8.09622E-18
 1.60585E-11    7.98450E-18
 1.65410E-11    7.87449E-18
 1.70380E-11    7.76620E-18
 1.75499E-11    7.65966E-18
 1.80772E-11    7.55473E-18
 1.86203E-11    7.45152E-18
 1.91798E-11    7.34988E-18
 1.97561E-11    7.24989E-18
 2.03497E-11    7.15148E-18
 2.09611E-11    7.05464E-18
 2.15909E-11    6.95934E-18
 2.22396E-11    6.86558E-18
 2.29078E-11    6.77332E-18
 2.35961E-11    6.68253E-18
 2.43051E-11    6.59322E-18
 2.50353E-11    6.50533E-18
 2.57875E-11    6.41888E-18
 2.65623E-11    6.33383E-18
 2.73604E-11    6.25017E-18
 2.81825E-11    6.16792E-18
 2.90293E-11    6.08696E-18
 2.99015E-11    6.00736E-18
 3.07999E-11    5.92910E-18
 3.17253E-11    5.85208E-18
 3.26785E-11    5.77641E-18
 3.36604E-11    5.70195E-18
 3.46717E-11    5.62875E-18
 3.57135E-11    5.55682E-18
 3.67865E-11    5.48608E-18
 3.78918E-11    5.41652E-18
 3.90303E-11    5.34819E-18
 4.02030E-11    5.28102E-18
 4.14109E-11    5.21497E-18
 4.26551E-11    5.15011E-18
 4.39367E-11    5.08634E-18
 4.52569E-11    5.02373E-18
 4.66166E-11    4.96217E-18
 4.80173E-11    4.90174E-18
 4.94600E-11    4.84236E-18
 5.09461E-11    4.78404E-18
 5.24768E-11    4.72677E-18
 5.40535E-11    4.67056E-18
 5.56776E-11    4.61534E-18
 5.73505E-11    4.56114E-18
 5.90736E-11    4.50797E-18
 6.08485E-11    4.45575E-18
 6.26768E-11    4.40452E-18
 6.45599E-11    4.35425E-18
 6.64997E-11    4.30494E-18
 6.84977E-11    4.25659E-18
 7.05558E-11    4.20914E-18
 7.26757E-11    4.16263E-18
 7.48593E-11    4.11703E-18
 7.71085E-11    4.07232E-18
 7.94253E-11    4.02851E-18
 8.18117E-11    3.98559E-18
 8.42698E-11    3.94353E-18
 8.68018E-11    3.90235E-18
 8.94098E-11    3.86201E-18
 9.20962E-11    3.82253E-18
 9.48633E-11    3.78388E-18
 9.77136E-11    3.74606E-18
 1.00649E-10    3.70906E-18
 1.03674E-10    3.67287E-18
 1.06789E-10    3.63749E-18
 1.09997E-10    3.60290E-18
 1.13302E-10    3.56910E-18
 1.16706E-10    3.53609E-18
 1.20213E-10    3.50385E-18
 1.23825E-10    3.47238E-18
 1.27545E-10    3.44167E-18
 1.31377E-10    3.41171E-18
 1.35325E-10    3.38250E-18
 1.39391E-10    3.35403E-18
 1.43579E-10    3.32630E-18
 1.47893E-10    3.29929E-18
 1.52336E-10    3.27301E-18
 1.56913E-10    3.24745E-18
 1.61628E-10    3.22259E-18
 1.66484E-10    3.19845E-18
 1.71486E-10    3.17500E-18
 1.76639E-10    3.15225E-18
 1.81946E-10    3.13019E-18
 1.87413E-10    3.10881E-18
 1.93044E-10    3.08812E-18
 1.98844E-10    3.06810E-18
 2.04818E-10    3.04876E-18
 2.10972E-10    3.03008E-18
 2.17311E-10    3.01206E-18
 2.23840E-10    2.99471E-18
 2.30566E-10    2.97801E-18
 2.37493E-10    2.96197E-18
 2.44629E-10    2.94658E-18
 2.51979E-10    2.93183E-18
 2.59550E-10    2.91772E-18
 2.67349E-10    2.90425E-18
 2.75381E-10    2.89142E-18
 2.83655E-10    2.87922E-18
 2.92178E-10    2.86765E-18
 3.00957E-10    2.85671E-18
 3.09999E-10    2.84640E-18
 3.19313E-10    2.83671E-18
 3.28907E-10    2.82764E-18
 3.38790E-10    2.81919E-18
 3.48969E-10    2.81136E-18
 3.59454E-10    2.80415E-18
 3.70254E-10    2.79755E-18
 3.81379E-10    2.79156E-18
 3.92838E-10    2.78618E-18
 4.04641E-10    2.78141E-18
 4.16798E-10    2.77726E-18
 4.29321E-10    2.77371E-18
 4.42221E-10    2.77077E-18
 4.55508E-10    2.76844E-18
 4.69194E-10    2.76671E-18
 4.83291E-10    2.76559E-18
 4.97812E-10    2.76507E-18
 5.12769E-10    2.76516E-18
 5.28176E-10    2.76586E-18
 5.44045E-10    2.76716E-18
 5.60392E-10    2.76907E-18
 5.77229E-10    2.77159E-18
 5.94572E-10    2.77471E-18
 6.12437E-10    2.77845E-18
 6.30838E-10    2.78278E-18
 6.49792E-10    2.78773E-18
 6.69316E-10    2.79329E-18
 6.89426E-10    2.79947E-18
 7.10140E-10    2.80625E-18
 7.31477E-10    2.81365E-18
 7.53455E-10    2.82167E-18
 7.76093E-10    2.83030E-18
 7.99411E-10    2.83956E-18
 8.23430E-10    2.84943E-18
 8.48171E-10    2.85993E-18
 8.73655E-10    2.87106E-18
 8.99905E-10    2.88282E-18
 9.26943E-10    2.89521E-18
 9.54794E-10    2.90823E-18
 9.83482E-10    2.92189E-18
 1.01303E-09    2.93619E-18
 1.04347E-09    2.95114E-18
 1.07482E-09    2.96673E-18
 1.10711E-09    2.98297E-18
 1.14038E-09    2.99986E-18
 1.17464E-09    3.01741E-18
 1.20994E-09    3.03562E-18
 1.24629E-09    3.05451E-18
 1.28373E-09    3.07405E-18
 1.32231E-09    3.09427E-18
 1.36204E-09    3.11517E-18
 1.40296E-09    3.13674E-18
 1.44511E-09    3.15901E-18
 1.48853E-09    3.18198E-18
 1.53326E-09    3.20563E-18
 1.57932E-09    3.22998E-18
 1.62678E-09    3.25506E-18
 1.67565E-09    3.28084E-18
 1.72600E-09    3.30734E-18
 1.77786E-09    3.33455E-18
 1.83128E-09    3.36251E-18
 1.88630E-09    3.39120E-18
 1.94297E-09    3.42065E-18
 2.00135E-09    3.45083E-18
 2.06148E-09    3.48177E-18
 2.12342E-09    3.51348E-18
 2.18722E-09    3.54596E-18
 2.25294E-09    3.57922E-18
 2.32063E-09    3.61326E-18
 2.39036E-09    3.64809E-18
 2.46218E-09    3.68373E-18
 2.53616E-09    3.72017E-18
 2.61236E-09    3.75745E-18
 2.69085E-09    3.79557E-18
 2.77170E-09    3.83451E-18
 2.85497E-09    3.87430E-18
 2.94075E-09    3.91495E-18
 3.02911E-09    3.95647E-18
 3.12012E-09    3.99887E-18
 3.21387E-09    4.04218E-18
 3.31043E-09    4.08640E-18
 3.40990E-09    4.13152E-18
 3.51235E-09    4.17760E-18
 3.61788E-09    4.22460E-18
 3.72659E-09    4.27255E-18
 3.83856E-09    4.32151E-18
 3.95389E-09    4.37141E-18
 4.07269E-09    4.42231E-18
 4.19505E-09    4.47419E-18
 4.32110E-09    4.52710E-18
 4.45093E-09    4.58102E-18
 4.58466E-09    4.63598E-18
 4.72241E-09    4.69193E-18
 4.86430E-09    4.74893E-18
 5.01045E-09    4.80695E-18
 5.16099E-09    4.86600E-18
 5.31606E-09    4.92610E-18
 5.47579E-09    4.98729E-18
 5.64031E-09    5.04951E-18
 5.80978E-09    5.11282E-18
 5.98434E-09    5.17721E-18
 6.16414E-09    5.24271E-18
 6.34935E-09    5.30930E-18
 6.54012E-09    5.37705E-18
 6.73663E-09    5.44594E-18
 6.93903E-09    5.51600E-18
 7.14752E-09    5.58728E-18
 7.36228E-09    5.65977E-18
 7.58348E-09    5.73347E-18
 7.81133E-09    5.80842E-18
 8.04603E-09    5.88464E-18
 8.28778E-09    5.96215E-18
 8.53679E-09    6.04096E-18
 8.79329E-09    6.12109E-18
 9.05749E-09    6.20256E-18
 9.32963E-09    6.28540E-18
 9.60995E-09    6.36960E-18
 9.89869E-09    6.45521E-18
 1.01961E-08    6.54222E-18
 1.05025E-08    6.63068E-18
 1.08180E-08    6.72058E-18
 1.11430E-08    6.81195E-18
 1.14778E-08    6.90482E-18
 1.18227E-08    6.99920E-18
 1.21779E-08    7.09512E-18
 1.25438E-08    7.19258E-18
 1.29207E-08    7.29163E-18
 1.33089E-08    7.39227E-18
 1.37088E-08    7.49453E-18
 1.41207E-08    7.59844E-18
 1.45450E-08    7.70400E-18
 1.49820E-08    7.81125E-18
 1.54321E-08    7.92022E-18
 1.58958E-08    8.03092E-18
 1.63734E-08    8.14338E-18
 1.68654E-08    8.25761E-18
 1.73721E-08    8.37366E-18
 1.78941E-08    8.49152E-18
 1.84317E-08    8.61120E-18
 1.89855E-08    8.73273E-18
 1.95559E-08    8.85609E-18
 2.01435E-08    8.98129E-18
 2.07487E-08    9.10837E-18
 2.13721E-08    9.23738E-18
 2.20143E-08    9.36849E-18
 2.26757E-08    9.50191E-18
 2.33570E-08    9.63797E-18
 2.40588E-08    9.77693E-18
 2.47817E-08    9.91895E-18
 2.52045E-08    1.00014E-17
 2.53000E-08    1.00200E-17
 2.60602E-08    9.98530E-18
 2.69569E-08    9.94806E-18
 2.78845E-08    9.91246E-18
 2.88441E-08    9.87793E-18
 2.98366E-08    9.84447E-18
 3.07331E-08    9.81653E-18
 3.16565E-08    9.79053E-18
 3.26077E-08    9.76693E-18
 3.35874E-08    9.74595E-18
 3.45965E-08    9.72760E-18
 3.56360E-08    9.71181E-18
 3.67067E-08    9.69851E-18
 3.78096E-08    9.68764E-18
 3.89456E-08    9.67907E-18
 4.01158E-08    9.67257E-18
 4.13211E-08    9.66805E-18
 4.25626E-08    9.66561E-18
 4.38415E-08    9.66542E-18
 4.51587E-08    9.66757E-18
 4.65156E-08    9.67184E-18
 4.79132E-08    9.67798E-18
 4.93527E-08    9.68601E-18
 5.08356E-08    9.69622E-18
 5.23630E-08    9.70899E-18
 5.39363E-08    9.72420E-18
 5.55568E-08    9.74149E-18
 5.72261E-08    9.76079E-18
 5.89455E-08    9.78269E-18
 6.04603E-08    9.80419E-18
 6.20141E-08    9.82872E-18
 6.36078E-08    9.85677E-18
 6.49671E-08    9.88425E-18
 6.60755E-08    9.91130E-18
 6.69191E-08    9.93691E-18
 6.74875E-08    9.95783E-18
 6.80608E-08    9.98287E-18
 6.86389E-08    1.00133E-17
 6.92219E-08    1.00503E-17
 6.95153E-08    1.00717E-17
 6.98099E-08    1.00954E-17
 7.01057E-08    1.01215E-17
 7.04028E-08    1.01503E-17
 7.07012E-08    1.01819E-17
 7.10008E-08    1.02167E-17
 7.13017E-08    1.02547E-17
 7.16039E-08    1.02962E-17
 7.19074E-08    1.03415E-17
 7.22121E-08    1.03906E-17
 7.25181E-08    1.04439E-17
 7.28255E-08    1.05015E-17
 7.31341E-08    1.05635E-17
 7.34440E-08    1.06301E-17
 7.37553E-08    1.07015E-17
 7.40937E-08    1.07841E-17
 7.44077E-08    1.08253E-17
 7.47230E-08    1.08709E-17
 7.50397E-08    1.09209E-17
 7.53577E-08    1.09752E-17
 7.56771E-08    1.10338E-17
 7.59978E-08    1.10966E-17
 7.63199E-08    1.11635E-17
 7.66434E-08    1.12344E-17
 7.69682E-08    1.13092E-17
 7.72944E-08    1.13877E-17
 7.76219E-08    1.14698E-17
 7.79509E-08    1.15555E-17
 7.82812E-08    1.16444E-17
 7.86130E-08    1.17365E-17
 7.89462E-08    1.18315E-17
 7.92807E-08    1.19295E-17
 7.96167E-08    1.20302E-17
 8.02930E-08    1.22391E-17
 8.09750E-08    1.24573E-17
 8.16628E-08    1.26838E-17
 8.23564E-08    1.29179E-17
 8.30560E-08    1.31588E-17
 8.41164E-08    1.35318E-17
 8.51904E-08    1.39170E-17
 8.62781E-08    1.43129E-17
 8.73797E-08    1.47183E-17
 8.88704E-08    1.52717E-17
 9.03866E-08    1.58387E-17
 9.19286E-08    1.64202E-17
 9.31023E-08    1.68672E-17
 9.42910E-08    1.73253E-17
 9.54949E-08    1.77964E-17
 9.67142E-08    1.82820E-17
 9.79490E-08    1.87831E-17
 9.91997E-08    1.92999E-17
 1.00466E-07    1.98317E-17
 1.01749E-07    2.03769E-17
 1.03048E-07    2.09339E-17
 1.04806E-07    2.16918E-17
 1.06594E-07    2.24651E-17
 1.08413E-07    2.32547E-17
 1.09797E-07    2.38602E-17
 1.11199E-07    2.44802E-17
 1.12619E-07    2.51177E-17
 1.14056E-07    2.57752E-17
 1.15513E-07    2.64541E-17
 1.16988E-07    2.71541E-17
 1.18481E-07    2.78732E-17
 1.19994E-07    2.86084E-17
 1.22041E-07    2.96074E-17
 1.24123E-07    3.06218E-17
 1.26241E-07    3.16491E-17
 1.28394E-07    3.26929E-17
 1.30034E-07    3.34920E-17
 1.31694E-07    3.43106E-17
 1.33375E-07    3.51533E-17
 1.34508E-07    3.57302E-17
 1.35651E-07    3.63194E-17
 1.37383E-07    3.72261E-17
 1.39137E-07    3.81563E-17
 1.40913E-07    3.91047E-17
 1.43317E-07    4.03865E-17
 1.46380E-07    4.20001E-17
 1.48877E-07    4.32947E-17
 1.51417E-07    4.45992E-17
 1.53351E-07    4.55934E-17
 1.55308E-07    4.66098E-17
 1.56628E-07    4.73034E-17
 1.57958E-07    4.80116E-17
 1.59300E-07    4.87347E-17
 1.60653E-07    4.94722E-17
 1.62704E-07    5.06015E-17
 1.64781E-07    5.17509E-17
 1.67593E-07    5.32960E-17
 1.71174E-07    5.52170E-17
 1.74832E-07    5.71073E-17
 1.77815E-07    5.86034E-17
 1.80085E-07    5.97296E-17
 1.82384E-07    6.08722E-17
 1.83934E-07    6.16487E-17
 1.85496E-07    6.24399E-17
 1.87072E-07    6.32459E-17
 1.88661E-07    6.40662E-17
 1.91069E-07    6.53166E-17
 1.93509E-07    6.65776E-17
 1.96810E-07    6.82462E-17
 2.01868E-07    7.06547E-17
 2.07056E-07    7.29071E-17
 2.09699E-07    7.39836E-17
 2.12377E-07    7.50435E-17
 2.14181E-07    7.57494E-17
 2.16000E-07    7.64598E-17
 2.17835E-07    7.71780E-17
 2.19685E-07    7.79048E-17
 2.21551E-07    7.86379E-17
 2.23433E-07    7.93732E-17
 2.26286E-07    8.04646E-17
 2.30146E-07    8.18584E-17
 2.37061E-07    8.39842E-17
 2.43153E-07    8.54024E-17
 2.47302E-07    8.61481E-17
 2.50459E-07    8.66263E-17
 2.52586E-07    8.69175E-17
 2.54732E-07    8.71926E-17
 2.56896E-07    8.74531E-17
 2.59078E-07    8.76978E-17
 2.61278E-07    8.79208E-17
 2.63498E-07    8.81131E-17
 2.66862E-07    8.83202E-17
 2.71415E-07    8.83870E-17
 2.81944E-07    8.73768E-17
 2.87969E-07    8.60398E-17
 2.91646E-07    8.49795E-17
 2.94123E-07    8.41754E-17
 2.96622E-07    8.33006E-17
 2.99141E-07    8.23597E-17
 3.01682E-07    8.13527E-17
 3.04244E-07    8.02745E-17
 3.06829E-07    7.91151E-17
 3.09435E-07    7.78593E-17
 3.13386E-07    7.57577E-17
 3.18732E-07    7.24674E-17
 3.46864E-07    4.54681E-17
 3.51292E-07    3.96927E-17
 3.54276E-07    3.55575E-17
 3.55778E-07    3.34007E-17
 3.57286E-07    3.11832E-17
 3.58800E-07    2.89041E-17
 3.60320E-07    2.65627E-17
 3.61847E-07    2.41597E-17
 3.63381E-07    2.16960E-17
 3.64921E-07    1.91734E-17
 3.66467E-07    1.65949E-17
 3.68020E-07    1.39644E-17
 3.69580E-07    1.12867E-17
 3.70468E-07    9.74861E-18
 3.72038E-07    9.79501E-18
 3.73615E-07    9.83423E-18
 3.75198E-07    9.86654E-18
 3.76788E-07    9.89245E-18
 3.78385E-07    9.91251E-18
 3.79989E-07    9.92742E-18
 3.81599E-07    9.93782E-18
 3.83216E-07    9.94460E-18
 3.84840E-07    9.94839E-18
 3.88109E-07    9.94945E-18
 3.93065E-07    9.94169E-18
 4.10044E-07    9.89693E-18
 4.18807E-07    9.87747E-18
 4.27757E-07    9.86303E-18
 4.59642E-07    9.81661E-18
 4.79498E-07    9.78023E-18
 4.87678E-07    9.76775E-18
 4.95998E-07    9.75977E-18
 5.08744E-07    9.75418E-18
 5.60715E-07    9.72054E-18
 5.72698E-07    9.71230E-18
 5.82468E-07    9.71090E-18
 5.97437E-07    9.71569E-18
 6.61259E-07    9.71971E-18
 6.72541E-07    9.71963E-18
 6.84014E-07    9.72482E-18
 7.01593E-07    9.73990E-18
 7.76541E-07    9.78377E-18
 7.89789E-07    9.79067E-18
 7.99873E-07    9.80036E-18
 8.13519E-07    9.81937E-18
 9.79897E-07    9.99276E-18
 9.96614E-07    1.00033E-17
 1.00508E-06    9.99197E-18
 1.01926E-06    9.95566E-18
 1.07801E-06    9.81478E-18
 1.09322E-06    9.78038E-18
 1.12428E-06    9.72175E-18
 1.27536E-06    9.44288E-18
 1.31160E-06    9.38918E-18
 1.50885E-06    9.13540E-18
 1.66431E-06    9.00440E-18
 1.78507E-06    8.89541E-18
 2.08249E-06    8.73187E-18
 2.46374E-06    8.61323E-18
 2.87424E-06    8.55859E-18
 3.40043E-06    8.55684E-18
 3.96699E-06    8.60845E-18
 4.69324E-06    8.72221E-18
 5.47520E-06    8.88022E-18
 6.47756E-06    9.11103E-18
 7.55681E-06    9.37829E-18
 8.94026E-06    9.73018E-18
 1.00006E-05    9.98806E-18
 1.13444E-05    8.32301E-18
 1.21676E-05    7.31932E-18
 1.23393E-05    7.13057E-18
 1.43952E-05    5.53674E-18
 1.45982E-05    5.41512E-18
 1.67936E-05    4.28604E-18
 1.70305E-05    4.17567E-18
 1.98680E-05    3.20717E-18
 2.01483E-05    3.13319E-18
 2.31783E-05    2.44898E-18
 2.34423E-05    2.43773E-18
 2.37730E-05    2.83941E-18
 2.65925E-05    6.49160E-18
 2.67395E-05    6.63108E-18
 2.71168E-05    6.60788E-18
 9.83995E-05    8.82203E-21
 9.97878E-05    8.19316E-22
 1.01196E-04    0.00000E+00
 1.19722E-04    0.00000E+00
 1.24861E-04    0.00000E+00
 1.26622E-04    0.00000E+00
 1.33921E-04    0.00000E+00
 1.39669E-04    0.00000E+00
 1.41640E-04    0.00000E+00
 1.45664E-04    0.00000E+00
 1.47719E-04    0.00000E+00
 1.69934E-04    0.00000E+00
 1.74763E-04    0.00000E+00
 1.79729E-04    0.00000E+00
 1.90088E-04    0.00000E+00
 2.03881E-04    0.00000E+00
 2.06757E-04    0.00000E+00
 2.18674E-04    0.00000E+00
 2.21759E-04    0.00000E+00
 2.37850E-04    0.00000E+00
 2.58708E-04    0.00000E+00
 2.62358E-04    0.00000E+00
 2.66059E-04    0.00000E+00
 2.69813E-04    0.00000E+00
 2.73619E-04    0.00000E+00
 2.85364E-04    0.00000E+00
 2.93473E-04    0.00000E+00
 3.52098E-04    0.00000E+00
 3.67212E-04    0.00000E+00
 3.88377E-04    0.00000E+00
 3.93857E-04    0.00000E+00
 4.10763E-04    0.00000E+00
 4.16558E-04    0.00000E+00
 4.79202E-04    0.00000E+00
 4.92818E-04    0.00000E+00
 4.99771E-04    0.00000E+00
 5.06822E-04    0.00000E+00
 5.13972E-04    0.00000E+00
 5.28577E-04    0.00000E+00
 6.25345E-04    0.00000E+00
 6.34168E-04    0.00000E+00
 6.43115E-04    0.00000E+00
 6.70720E-04    0.00000E+00
 6.89779E-04    0.00000E+00
 6.99510E-04    0.00000E+00
 7.71586E-04    0.00000E+00
 7.82472E-04    0.00000E+00
 8.39247E-04    0.00000E+00
 8.51088E-04    0.00000E+00
 8.63095E-04    0.00000E+00
 9.25721E-04    0.00000E+00
 9.38781E-04    0.00000E+00
 9.65457E-04    0.00000E+00
 1.06493E-03    0.00000E+00
 1.11065E-03    0.00000E+00
 1.12632E-03    0.00000E+00
 1.19123E-03    0.00000E+00
 1.22508E-03    0.00000E+00
 1.24237E-03    0.00000E+00
 1.25990E-03    0.00000E+00
 1.37038E-03    0.00000E+00
 1.40932E-03    0.00000E+00
 1.55453E-03    0.00000E+00
 1.59870E-03    0.00000E+00
 1.64413E-03    0.00000E+00
 1.66733E-03    0.00000E+00
 1.69085E-03    0.00000E+00
 1.78831E-03    0.00000E+00
 2.02862E-03    0.00000E+00
 2.05724E-03    0.00000E+00
 2.17582E-03    0.00000E+00
 2.20651E-03    0.00000E+00
 2.23764E-03    0.00000E+00
 2.26921E-03    0.00000E+00
 1.79028E+00    0.00000E+00
 1.80000E+00    0.00000E+00
 2.00000E+00    9.99980E-18
 2.20000E+00    1.00001E-17
 2.40000E+00    1.00001E-17
 2.60000E+00    1.00001E-17
 2.80000E+00    1.00001E-17
 3.00000E+00    1.00001E-17
 3.20000E+00    1.00001E-17
 3.40000E+00    1.00001E-17
 3.60000E+00    1.00000E-17
 3.80000E+00    1.00001E-17
 4.00000E+00    1.00001E-17
 4.20000E+00    1.00000E-17
 4.40000E+00    1.00000E-17
 4.60000E+00    1.00001E-17
 4.80000E+00    1.00001E-17
 5.00000E+00    1.00000E-17
 5.20000E+00    1.00001E-17
 5.40000E+00    1.00054E-17
 5.60000E+00    9.99956E-18
 5.80000E+00    1.00000E-17
 6.00000E+00    1.00001E-17
 6.20000E+00    1.00001E-17
 6.40000E+00    1.00000E-17
 6.60000E+00    1.00001E-17
 6.80000E+00    1.00001E-17
 7.09876E+00    1.00892E-17
 7.20000E+00    1.00001E-17
 7.40000E+00    1.00001E-17
 7.60000E+00    1.00000E-17
 7.80000E+00    1.00000E-17
 8.00000E+00    1.00001E-17
 8.50000E+00    1.00001E-17
 9.00000E+00    1.00001E-17
 9.50000E+00    1.00001E-17
 1.00000E+01    1.00001E-17
 1.01411E+01    1.05434E-17
 1.02842E+01    1.06582E-17
 1.04292E+01    1.03259E-17
 1.05000E+01    1.00000E-17
 1.06481E+01    1.06090E-17
 1.07984E+01    1.07029E-17
 1.09507E+01    1.02596E-17
 1.10000E+01    1.00000E-17
 1.11552E+01    1.05738E-17
 1.13126E+01    1.06282E-17
 1.14722E+01    1.01409E-17
 1.15000E+01    1.00000E-17
 1.16622E+01    1.06234E-17
 1.18268E+01    1.06440E-17
 1.19936E+01    1.00358E-17
 1.20000E+01    1.00000E-17
 1.21693E+01    1.05954E-17
 1.23410E+01    1.05766E-17
 1.25000E+01    1.00000E-17
 1.26764E+01    1.05856E-17
 1.28552E+01    1.05278E-17
 1.30000E+01    1.00000E-17
 1.31834E+01    1.05280E-17
 1.33694E+01    1.04387E-17
 1.35000E+01    1.00000E-17
 1.36905E+01    1.04802E-17
 1.38836E+01    1.03636E-17
 1.40000E+01    1.00000E-17
 1.41975E+01    1.04078E-17
 1.43978E+01    1.02775E-17
 1.45000E+01    1.00000E-17
 1.47046E+01    1.03936E-17
 1.49120E+01    1.02361E-17
 1.50000E+01    1.00000E-17
 1.52116E+01    1.23095E-17
 1.54262E+01    1.46584E-17
 1.56439E+01    1.70475E-17
 1.58646E+01    1.94776E-17
 1.60000E+01    2.09723E-17
 1.62257E+01    4.05161E-17
 1.64546E+01    6.57727E-17
 1.66868E+01    9.69775E-17
 1.69222E+01    1.34373E-16
 1.70000E+01    1.48002E-16
 1.72398E+01    2.33688E-16
 1.74831E+01    3.40117E-16
 1.77297E+01    4.68136E-16
 1.79799E+01    6.18623E-16
 1.80000E+01    6.31649E-16
 1.82539E+01    9.73307E-16
 1.85115E+01    1.39437E-15
 1.87726E+01    1.89810E-15
 1.90000E+01    2.39952E-15
 1.92681E+01    3.21677E-15
 1.95399E+01    4.15100E-15
 1.98156E+01    5.20688E-15
 2.00000E+01    5.97425E-15
 2.02822E+01    7.85015E-15
 2.05683E+01    9.96768E-15
 2.08585E+01    1.23364E-14
 2.10000E+01    1.35723E-14
 2.12963E+01    1.74578E-14
 2.15967E+01    2.18903E-14
 2.19014E+01    2.68915E-14
 2.20000E+01    2.86188E-14
 2.23104E+01    3.70679E-14
 2.26251E+01    4.67507E-14
 2.29443E+01    5.77163E-14
 2.30000E+01    5.97466E-14
 2.33245E+01    7.57841E-14
 2.36536E+01    9.36507E-14
 2.39873E+01    1.13418E-13
 2.40000E+01    1.14205E-13
 2.43386E+01    1.52289E-13
 2.46820E+01    1.95536E-13
 2.50000E+01    2.39746E-13
 2.53527E+01    3.26418E-13
 2.57104E+01    4.25208E-13
 2.60000E+01    5.13236E-13
 2.63668E+01    7.08777E-13
 2.67388E+01    9.30356E-13
 2.70000E+01    1.09995E-12
 2.73809E+01    1.53548E-12
 2.77672E+01    2.01925E-12
 2.80000E+01    2.33123E-12
 2.83950E+01    3.32483E-12
 2.87956E+01    4.38775E-12
 2.90000E+01    4.95145E-12
 2.94091E+01    7.07818E-12
 2.98240E+01    9.27974E-12
 3.00000E+01    1.02270E-11
