# n + Ac223 : (n,2n)    
# tendl.2017 A.J. Koning and D. Rochman        EVAL-NOV17
# uncertainties: y
# # energies =    66
#   E(MeV)       xs(mb)       xslow(mb)      xsupp(mb)
 6.89797E+00    0.00000E+00    0.00000E+00    0.00000E+00
 7.00000E+00    9.91034E-01    4.86587E-01    1.49548E+00
 7.20000E+00    6.64459E+00    3.26242E+00    1.00268E+01
 7.40000E+00    2.88425E+01    1.41614E+01    4.35236E+01
 7.60000E+00    7.93526E+01    3.89613E+01    1.19744E+02
 7.80000E+00    1.67036E+02    8.20129E+01    2.52059E+02
 8.00000E+00    2.78690E+02    1.36834E+02    4.20546E+02
 8.50000E+00    6.18873E+02    3.03860E+02    9.33886E+02
 9.00000E+00    9.73195E+02    7.78474E+02    1.16792E+03
 9.50000E+00    1.29039E+03    1.03220E+03    1.54858E+03
 1.00000E+01    1.53656E+03    1.22912E+03    1.84400E+03
 1.05000E+01    1.71298E+03    1.37024E+03    2.05572E+03
 1.10000E+01    1.83615E+03    1.46877E+03    2.20353E+03
 1.15000E+01    1.92291E+03    1.53817E+03    2.30765E+03
 1.20000E+01    1.98504E+03    1.58786E+03    2.38222E+03
 1.25000E+01    2.02970E+03    1.62359E+03    2.43581E+03
 1.30000E+01    2.06131E+03    1.86297E+03    2.25965E+03
 1.35000E+01    2.07587E+03    1.87613E+03    2.27561E+03
 1.40000E+01    2.06378E+03    1.86520E+03    2.26236E+03
 1.45000E+01    2.01802E+03    1.82385E+03    2.21219E+03
 1.50000E+01    1.93907E+03    1.75249E+03    2.12565E+03
 1.60000E+01    1.70141E+03    1.16725E+03    2.23557E+03
 1.70000E+01    1.41223E+03    9.68859E+02    1.85560E+03
 1.80000E+01    1.12418E+03    7.71242E+02    1.47712E+03
 1.90000E+01    8.80007E+02    6.03728E+02    1.15629E+03
 2.00000E+01    6.93005E+02    5.10344E+02    8.75666E+02
 2.10000E+01    5.61712E+02    4.13657E+02    7.09767E+02
 2.20000E+01    4.74555E+02    3.49473E+02    5.99637E+02
 2.30000E+01    4.16000E+02    3.06351E+02    5.25649E+02
 2.40000E+01    3.76032E+02    2.72233E+02    4.79831E+02
 2.50000E+01    3.46982E+02    2.51202E+02    4.42762E+02
 2.60000E+01    3.25418E+02    2.35591E+02    4.15245E+02
 2.70000E+01    3.09298E+02    2.23920E+02    3.94676E+02
 2.80000E+01    2.95992E+02    2.14287E+02    3.77697E+02
 2.90000E+01    2.85634E+02    2.06788E+02    3.64480E+02
 3.00000E+01    2.76267E+02    2.00007E+02    3.52527E+02
 3.00000E+01    2.58711E+02    1.87297E+02    3.30125E+02
 3.20000E+01    2.47267E+02    1.79012E+02    3.15521E+02
 3.40000E+01    2.33221E+02    1.68844E+02    2.97599E+02
 3.60000E+01    2.19733E+02    1.59079E+02    2.80387E+02
 3.80000E+01    2.07989E+02    1.50576E+02    2.65401E+02
 4.00000E+01    1.96809E+02    1.42482E+02    2.51135E+02
 4.20000E+01    1.87609E+02    1.35822E+02    2.39396E+02
 4.40000E+01    1.78088E+02    1.28929E+02    2.27247E+02
 4.60000E+01    1.69997E+02    1.23071E+02    2.16922E+02
 4.80000E+01    1.62147E+02    1.17388E+02    2.06905E+02
 5.00000E+01    1.56765E+02    1.13492E+02    2.00037E+02
 5.20000E+01    1.55059E+02    1.12257E+02    1.97862E+02
 5.40000E+01    1.51738E+02    1.09853E+02    1.93624E+02
 5.60000E+01    1.47078E+02    1.06479E+02    1.87677E+02
 5.80000E+01    1.43062E+02    1.03572E+02    1.82553E+02
 6.00000E+01    1.39284E+02    1.00836E+02    1.77731E+02
 6.50000E+01    1.31290E+02    9.50488E+01    1.67530E+02
 7.00000E+01    1.24782E+02    9.03372E+01    1.59226E+02
 7.50000E+01    1.18902E+02    8.60810E+01    1.51724E+02
 8.00000E+01    1.13748E+02    8.23493E+01    1.45147E+02
 9.00000E+01    1.04614E+02    7.57366E+01    1.33491E+02
 1.00000E+02    9.64075E+01    6.97955E+01    1.23020E+02
 1.10000E+02    8.91713E+01    6.45567E+01    1.13786E+02
 1.20000E+02    8.25188E+01    5.97406E+01    1.05297E+02
 1.30000E+02    7.70471E+01    5.57792E+01    9.83149E+01
 1.40000E+02    7.19207E+01    5.20679E+01    9.17735E+01
 1.50000E+02    6.75502E+01    4.89038E+01    8.61965E+01
 1.60000E+02    6.23443E+01    4.51350E+01    7.95536E+01
 1.80000E+02    5.13192E+01    3.71532E+01    6.54851E+01
 2.00000E+02    4.33018E+01    3.13489E+01    5.52547E+01
