# n + Ac223 : (n,xn)    
# tendl.2017 A.J. Koning and D. Rochman        EVAL-NOV17
# 
# # energies =   137
#   E(MeV)        xs(mb) 
 1.25565E-02    8.00000E-17
 2.00000E-02    3.06077E+01
 3.00000E-02    4.00616E+01
 4.25918E-02    5.13745E+01
 5.09293E-02    7.47693E+01
 6.00000E-02    1.34657E+02
 6.49123E-02    1.49765E+02
 9.11102E-02    2.74340E+02
 1.00000E-01    3.19337E+02
 1.07685E-01    3.39594E+02
 1.10558E-01    3.49335E+02
 1.31291E-01    4.33718E+02
 1.41638E-01    4.83197E+02
 1.68258E-01    6.13665E+02
 2.00000E-01    7.81981E+02
 3.00000E-01    1.06487E+03
 4.00000E-01    1.21418E+03
 4.47259E-01    1.24906E+03
 4.53757E-01    1.25509E+03
 4.62913E-01    1.26381E+03
 4.94628E-01    1.29739E+03
 5.00000E-01    1.30319E+03
 5.07432E-01    1.30602E+03
 5.16510E-01    1.31089E+03
 5.17893E-01    1.31185E+03
 5.47256E-01    1.33453E+03
 5.63475E-01    1.34960E+03
 5.67030E-01    1.35314E+03
 5.77447E-01    1.36382E+03
 5.86859E-01    1.37353E+03
 6.00000E-01    1.38935E+03
 6.19693E-01    1.40329E+03
 6.60169E-01    1.43196E+03
 6.68772E-01    1.43808E+03
 7.00000E-01    1.46215E+03
 7.03808E-01    1.46425E+03
 7.05142E-01    1.46499E+03
 7.19908E-01    1.47342E+03
 7.24783E-01    1.47660E+03
 7.53724E-01    1.49546E+03
 8.00000E-01    1.54637E+03
 9.00000E-01    1.62804E+03
 1.00000E+00    1.72699E+03
 1.20000E+00    1.98987E+03
 1.40000E+00    2.29354E+03
 1.60000E+00    2.56981E+03
 1.80000E+00    2.75987E+03
 2.00000E+00    2.83837E+03
 2.20000E+00    2.84291E+03
 2.40000E+00    2.81374E+03
 2.60000E+00    2.76474E+03
 2.80000E+00    2.71426E+03
 3.00000E+00    2.67773E+03
 3.20000E+00    2.65296E+03
 3.40000E+00    2.63590E+03
 3.60000E+00    2.62401E+03
 3.80000E+00    2.61430E+03
 4.00000E+00    2.60102E+03
 4.20000E+00    2.58246E+03
 4.40000E+00    2.56023E+03
 4.60000E+00    2.53663E+03
 4.80000E+00    2.51365E+03
 5.00000E+00    2.49229E+03
 5.20000E+00    2.47418E+03
 5.40000E+00    2.46072E+03
 5.60000E+00    2.45243E+03
 5.80000E+00    2.44973E+03
 6.00000E+00    2.45248E+03
 6.20000E+00    2.46033E+03
 6.40000E+00    2.47286E+03
 6.60000E+00    2.48886E+03
 6.80000E+00    2.50663E+03
 7.00000E+00    2.52335E+03
 7.20000E+00    2.53805E+03
 7.40000E+00    2.56231E+03
 7.60000E+00    2.61177E+03
 7.80000E+00    2.69905E+03
 8.00000E+00    2.81107E+03
 8.50000E+00    3.15120E+03
 9.00000E+00    3.50157E+03
 9.50000E+00    3.81487E+03
 1.00000E+01    4.05723E+03
 1.05000E+01    4.23059E+03
 1.10000E+01    4.35260E+03
 1.15000E+01    4.44084E+03
 1.20000E+01    4.50617E+03
 1.25000E+01    4.55410E+03
 1.30000E+01    4.58747E+03
 1.35000E+01    4.61534E+03
 1.40000E+01    4.64959E+03
 1.45000E+01    4.70340E+03
 1.50000E+01    4.78002E+03
 1.60000E+01    5.00113E+03
 1.70000E+01    5.26428E+03
 1.80000E+01    5.54614E+03
 1.90000E+01    5.79410E+03
 2.00000E+01    5.98604E+03
 2.10000E+01    6.11299E+03
 2.20000E+01    6.19670E+03
 2.30000E+01    6.25077E+03
 2.40000E+01    6.32370E+03
 2.50000E+01    6.40411E+03
 2.60000E+01    6.50033E+03
 2.70000E+01    6.59224E+03
 2.80000E+01    6.68308E+03
 2.90000E+01    6.73243E+03
 3.00000E+01    6.70952E+03
 3.00000E+01    6.93922E+03
 3.20000E+01    7.11453E+03
 3.40000E+01    7.25910E+03
 3.60000E+01    7.38635E+03
 3.80000E+01    7.48690E+03
 4.00000E+01    7.54976E+03
 4.20000E+01    7.57907E+03
 4.40000E+01    7.58969E+03
 4.60000E+01    7.59418E+03
 4.80000E+01    7.59487E+03
 5.00000E+01    7.60115E+03
 5.20000E+01    7.61393E+03
 5.40000E+01    7.64474E+03
 5.60000E+01    7.68994E+03
 5.80000E+01    7.74639E+03
 6.00000E+01    7.81803E+03
 6.50000E+01    8.03971E+03
 7.00000E+01    8.27673E+03
 7.50000E+01    8.52239E+03
 8.00000E+01    8.75701E+03
 9.00000E+01    9.22586E+03
 1.00000E+02    9.59204E+03
 1.10000E+02    9.85924E+03
 1.20000E+02    1.01207E+04
 1.30000E+02    1.04404E+04
 1.40000E+02    1.07903E+04
 1.50000E+02    1.11394E+04
 1.60000E+02    1.16213E+04
 1.80000E+02    1.29863E+04
 2.00000E+02    1.44043E+04
