# n + Ac223 : (n,np)    
# tendl.2017 A.J. Koning and D. Rochman        EVAL-NOV17
# uncertainties: y
# # energies =    44
#   E(MeV)       xs(mb)       xslow(mb)      xsupp(mb)
 3.80039E+00    0.00000E+00    0.00000E+00    0.00000E+00
 5.40000E+00    8.00651E-16    8.00651E-16    8.00651E-16
 5.60000E+00    7.21268E-14    7.21268E-14    7.21268E-14
 5.80000E+00    1.47127E-12    1.47127E-12    1.47127E-12
 6.00000E+00    2.56682E-11    2.56682E-11    2.56682E-11
 6.20000E+00    2.65928E-10    2.65928E-10    2.65928E-10
 6.40000E+00    1.65289E-09    1.65289E-09    1.65289E-09
 6.60000E+00    9.24742E-09    3.31236E-09    1.51825E-08
 6.80000E+00    4.26288E-08    1.52693E-08    6.99883E-08
 7.00000E+00    1.43925E-07    5.15529E-08    2.36297E-07
 7.20000E+00    4.23477E-07    1.51687E-07    6.95267E-07
 7.40000E+00    1.05807E-06    3.78993E-07    1.73715E-06
 7.60000E+00    2.23693E-06    8.01253E-07    3.67261E-06
 7.80000E+00    4.69685E-06    1.68238E-06    7.71132E-06
 8.00000E+00    9.98064E-06    3.57500E-06    1.63863E-05
 8.50000E+00    4.72280E-05    1.69167E-05    7.75393E-05
 9.00000E+00    1.78637E-04    7.06216E-05    2.86652E-04
 9.50000E+00    5.78518E-04    2.28709E-04    9.28327E-04
 1.00000E+01    1.58988E-03    6.28536E-04    2.55122E-03
 1.05000E+01    4.00408E-03    1.58296E-03    6.42520E-03
 1.10000E+01    9.47714E-03    3.74665E-03    1.52076E-02
 1.15000E+01    2.08862E-02    8.25706E-03    3.35153E-02
 1.20000E+01    4.30165E-02    1.70060E-02    6.90270E-02
 1.25000E+01    8.47738E-02    3.35141E-02    1.36033E-01
 1.30000E+01    1.52771E-01    7.17195E-02    2.33822E-01
 1.35000E+01    2.70238E-01    1.26865E-01    4.13611E-01
 1.40000E+01    4.51291E-01    2.11862E-01    6.90720E-01
 1.45000E+01    7.09417E-01    3.33041E-01    1.08579E+00
 1.50000E+01    1.08771E+00    5.10634E-01    1.66479E+00
 1.60000E+01    2.25770E+00    1.13892E+00    3.37648E+00
 1.70000E+01    4.25942E+00    2.14870E+00    6.37014E+00
 1.80000E+01    7.04159E+00    3.55219E+00    1.05310E+01
 1.90000E+01    1.06501E+01    5.37254E+00    1.59277E+01
 2.00000E+01    1.49724E+01    8.16766E+00    2.17771E+01
 2.10000E+01    1.97983E+01    1.08003E+01    2.87963E+01
 2.20000E+01    2.48738E+01    1.35690E+01    3.61786E+01
 2.30000E+01    2.98572E+01    1.62875E+01    4.34269E+01
 2.40000E+01    3.44768E+01    2.01359E+01    4.88177E+01
 2.50000E+01    3.86036E+01    2.25461E+01    5.46611E+01
 2.60000E+01    4.24511E+01    2.47932E+01    6.01090E+01
 2.70000E+01    4.55782E+01    2.66195E+01    6.45369E+01
 2.80000E+01    4.85786E+01    2.83719E+01    6.87853E+01
 2.90000E+01    5.12249E+01    2.99174E+01    7.25324E+01
 3.00000E+01    5.32602E+01    3.11061E+01    7.54143E+01
