# n + Ac223 : (n,n'03)  
# tendl.2017 A.J. Koning and D. Rochman        EVAL-NOV17
# uncertainties: y
# # energies =   103
#   E(MeV)       xs(mb)       xslow(mb)      xsupp(mb)
 5.09293E-02    0.00000E+00   -0.00000E+00    0.00000E+00
 6.00000E-02    3.44356E+01    0.00000E+00    8.02813E+01
 6.49123E-02    4.07440E+01    0.00000E+00    9.49884E+01
 9.11102E-02    7.43877E+01    0.00000E+00    1.73423E+02
 1.00000E-01    8.58041E+01    0.00000E+00    2.00039E+02
 1.07685E-01    9.04302E+01    0.00000E+00    2.10824E+02
 1.10558E-01    9.21596E+01    0.00000E+00    2.14856E+02
 1.31291E-01    1.04640E+02    0.00000E+00    2.43952E+02
 1.41638E-01    1.10868E+02    0.00000E+00    2.58473E+02
 1.68258E-01    1.26893E+02    0.00000E+00    2.95830E+02
 2.00000E-01    1.46000E+02    6.98486E+01    2.22151E+02
 3.00000E-01    1.59158E+02    7.61436E+01    2.42172E+02
 4.00000E-01    1.56154E+02    7.47064E+01    2.37602E+02
 4.47259E-01    1.51167E+02    7.23206E+01    2.30014E+02
 4.53757E-01    1.50482E+02    7.19926E+01    2.28971E+02
 4.62913E-01    1.49515E+02    7.15304E+01    2.27500E+02
 4.94628E-01    1.46169E+02    6.99294E+01    2.22408E+02
 5.00000E-01    1.45602E+02    6.96582E+01    2.21546E+02
 5.07432E-01    1.44277E+02    6.90245E+01    2.19530E+02
 5.16510E-01    1.42660E+02    6.82505E+01    2.17069E+02
 5.17893E-01    1.42413E+02    6.81325E+01    2.16694E+02
 5.47256E-01    1.37180E+02    6.56290E+01    2.08731E+02
 5.63475E-01    1.34290E+02    6.42461E+01    2.04333E+02
 5.67030E-01    1.33656E+02    6.39430E+01    2.03369E+02
 5.77447E-01    1.31799E+02    6.30548E+01    2.00544E+02
 5.86859E-01    1.30122E+02    6.22523E+01    1.97992E+02
 6.00000E-01    1.27780E+02    5.16601E+01    2.03900E+02
 6.19693E-01    1.24600E+02    5.03746E+01    1.98826E+02
 6.60169E-01    1.18064E+02    4.77322E+01    1.88397E+02
 6.68772E-01    1.16675E+02    4.71706E+01    1.86180E+02
 7.00000E-01    1.11633E+02    4.51320E+01    1.78134E+02
 7.03808E-01    1.11141E+02    4.49332E+01    1.77349E+02
 7.05142E-01    1.10969E+02    4.48636E+01    1.77074E+02
 7.19908E-01    1.09062E+02    4.40925E+01    1.74031E+02
 7.24783E-01    1.08432E+02    4.38380E+01    1.73026E+02
 7.53724E-01    1.04694E+02    4.23268E+01    1.67062E+02
 8.00000E-01    9.87176E+01    3.99105E+01    1.57525E+02
 9.00000E-01    8.84091E+01    3.57429E+01    1.41075E+02
 1.00000E+00    8.09217E+01    3.38776E+01    1.27966E+02
 1.20000E+00    7.15904E+01    2.99711E+01    1.13210E+02
 1.40000E+00    6.51980E+01    2.72949E+01    1.03101E+02
 1.60000E+00    5.76438E+01    2.41324E+01    9.11552E+01
 1.80000E+00    4.83857E+01    2.50530E+01    7.17184E+01
 2.00000E+00    3.90077E+01    2.01973E+01    5.78181E+01
 2.20000E+00    3.07634E+01    1.59286E+01    4.55983E+01
 2.40000E+00    2.40519E+01    1.24535E+01    3.56503E+01
 2.60000E+00    1.88368E+01    1.94235E+00    3.57312E+01
 2.80000E+00    1.49183E+01    1.53830E+00    2.82983E+01
 3.00000E+00    1.20425E+01    1.24176E+00    2.28432E+01
 3.20000E+00    9.96124E+00    1.02715E+00    1.88953E+01
 3.40000E+00    8.45380E+00    8.71712E-01    1.60359E+01
 3.60000E+00    7.34561E+00    7.57441E-01    1.39338E+01
 3.80000E+00    6.50672E+00    6.70940E-01    1.23425E+01
 4.00000E+00    5.84678E+00    6.02890E-01    1.10907E+01
 4.20000E+00    5.30811E+00    5.47345E-01    1.00689E+01
 4.40000E+00    4.85575E+00    5.00700E-01    9.21080E+00
 4.60000E+00    4.46940E+00    0.00000E+00    1.06492E+01
 4.80000E+00    4.13659E+00    0.00000E+00    9.85621E+00
 5.00000E+00    3.84899E+00    0.00000E+00    9.17095E+00
 5.20000E+00    3.60073E+00    0.00000E+00    8.57942E+00
 5.40000E+00    3.38693E+00    0.00000E+00    8.07000E+00
 5.60000E+00    3.20378E+00    0.00000E+00    7.63361E+00
 5.80000E+00    3.04796E+00    0.00000E+00    7.26234E+00
 6.00000E+00    2.91649E+00    0.00000E+00    6.94909E+00
 6.20000E+00    2.80673E+00    0.00000E+00    6.68757E+00
 6.40000E+00    2.71607E+00    0.00000E+00    6.47155E+00
 6.60000E+00    2.64186E+00    2.45541E-01    5.03818E+00
 6.80000E+00    2.58121E+00    2.39905E-01    4.92252E+00
 7.00000E+00    2.53125E+00    2.35261E-01    4.82724E+00
 7.20000E+00    2.48899E+00    2.31333E-01    4.74665E+00
 7.40000E+00    2.45163E+00    2.27861E-01    4.67540E+00
 7.60000E+00    2.41675E+00    2.24619E-01    4.60888E+00
 7.80000E+00    2.38248E+00    2.21434E-01    4.54353E+00
 8.00000E+00    2.34749E+00    2.18182E-01    4.47680E+00
 8.50000E+00    2.25303E+00    2.09403E-01    4.29666E+00
 9.00000E+00    2.14882E+00    5.05484E-01    3.79216E+00
 9.50000E+00    2.03991E+00    4.79864E-01    3.59996E+00
 1.00000E+01    1.93200E+00    4.54480E-01    3.40952E+00
 1.05000E+01    1.82954E+00    4.30377E-01    3.22870E+00
 1.10000E+01    1.73535E+00    4.08220E-01    3.06248E+00
 1.15000E+01    1.65036E+00    3.88227E-01    2.91249E+00
 1.20000E+01    1.57388E+00    3.70236E-01    2.77752E+00
 1.25000E+01    1.50425E+00    3.53857E-01    2.65464E+00
 1.30000E+01    1.43965E+00    2.82555E-01    2.59675E+00
 1.35000E+01    1.37879E+00    2.70610E-01    2.48697E+00
 1.40000E+01    1.32103E+00    2.59274E-01    2.38279E+00
 1.45000E+01    1.26639E+00    2.48550E-01    2.28423E+00
 1.50000E+01    1.21517E+00    2.38497E-01    2.19184E+00
 1.60000E+01    1.12450E+00    3.68813E-01    1.88019E+00
 1.70000E+01    1.05060E+00    3.44576E-01    1.75662E+00
 1.80000E+01    9.91975E-01    3.25348E-01    1.65860E+00
 1.90000E+01    9.44505E-01    3.09779E-01    1.57923E+00
 2.00000E+01    9.03238E-01    2.76280E-01    1.53020E+00
 2.10000E+01    8.64371E-01    2.64391E-01    1.46435E+00
 2.20000E+01    8.26378E-01    2.52770E-01    1.39999E+00
 2.30000E+01    7.89903E-01    2.41613E-01    1.33819E+00
 2.40000E+01    7.56671E-01    2.78751E-01    1.23459E+00
 2.50000E+01    7.28070E-01    2.68214E-01    1.18793E+00
 2.60000E+01    7.04411E-01    2.59499E-01    1.14932E+00
 2.70000E+01    6.85013E-01    2.52353E-01    1.11767E+00
 2.80000E+01    6.68523E-01    2.46278E-01    1.09077E+00
 2.90000E+01    6.53347E-01    2.40687E-01    1.06601E+00
 3.00000E+01    6.38179E-01    2.35099E-01    1.04126E+00
