# n + Ac223 : (n,n'10)  
# tendl.2017 A.J. Koning and D. Rochman        EVAL-NOV17
# uncertainties: n
# # energies =    94
#   E(MeV)       xs(mb) 
 1.68258E-01    0.00000E+00
 2.00000E-01    1.27440E+01
 3.00000E-01    8.18421E+01
 4.00000E-01    1.43980E+02
 4.47259E-01    1.67654E+02
 4.53757E-01    1.70910E+02
 4.62913E-01    1.75496E+02
 4.94628E-01    1.91384E+02
 5.00000E-01    1.94075E+02
 5.07432E-01    1.96633E+02
 5.16510E-01    1.99757E+02
 5.17893E-01    2.00233E+02
 5.47256E-01    2.10339E+02
 5.63475E-01    2.15921E+02
 5.67030E-01    2.17145E+02
 5.77447E-01    2.20730E+02
 5.86859E-01    2.23969E+02
 6.00000E-01    2.28492E+02
 6.19693E-01    2.33243E+02
 6.60169E-01    2.43010E+02
 6.68772E-01    2.45085E+02
 7.00000E-01    2.52620E+02
 7.03808E-01    2.53331E+02
 7.05142E-01    2.53580E+02
 7.19908E-01    2.56335E+02
 7.24783E-01    2.57245E+02
 7.53724E-01    2.62646E+02
 8.00000E-01    2.71281E+02
 9.00000E-01    2.88256E+02
 1.00000E+00    3.06507E+02
 1.20000E+00    3.53850E+02
 1.40000E+00    4.16762E+02
 1.60000E+00    4.80012E+02
 1.80000E+00    5.19943E+02
 2.00000E+00    5.25737E+02
 2.20000E+00    5.04085E+02
 2.40000E+00    4.67492E+02
 2.60000E+00    4.25857E+02
 2.80000E+00    3.85108E+02
 3.00000E+00    3.48204E+02
 3.20000E+00    3.16191E+02
 3.40000E+00    2.88907E+02
 3.60000E+00    2.65592E+02
 3.80000E+00    2.45295E+02
 4.00000E+00    2.27199E+02
 4.20000E+00    2.10778E+02
 4.40000E+00    1.95780E+02
 4.60000E+00    1.82127E+02
 4.80000E+00    1.69806E+02
 5.00000E+00    1.58803E+02
 5.20000E+00    1.49085E+02
 5.40000E+00    1.40589E+02
 5.60000E+00    1.33239E+02
 5.80000E+00    1.26954E+02
 6.00000E+00    1.21643E+02
 6.20000E+00    1.17220E+02
 6.40000E+00    1.13586E+02
 6.60000E+00    1.10637E+02
 6.80000E+00    1.08257E+02
 7.00000E+00    1.06322E+02
 7.20000E+00    1.04703E+02
 7.40000E+00    1.03275E+02
 7.60000E+00    1.01932E+02
 7.80000E+00    1.00588E+02
 8.00000E+00    9.91825E+01
 8.50000E+00    9.52368E+01
 9.00000E+00    9.07244E+01
 9.50000E+00    8.59320E+01
 1.00000E+01    8.11562E+01
 1.05000E+01    7.66143E+01
 1.10000E+01    7.24379E+01
 1.15000E+01    6.86716E+01
 1.20000E+01    6.52856E+01
 1.25000E+01    6.22043E+01
 1.30000E+01    5.93428E+01
 1.35000E+01    5.66398E+01
 1.40000E+01    5.40647E+01
 1.45000E+01    5.16182E+01
 1.50000E+01    4.93176E+01
 1.60000E+01    4.52349E+01
 1.70000E+01    4.19103E+01
 1.80000E+01    3.92773E+01
 1.90000E+01    3.71293E+01
 2.00000E+01    3.52162E+01
 2.10000E+01    3.33509E+01
 2.20000E+01    3.14709E+01
 2.30000E+01    2.96269E+01
 2.40000E+01    2.79216E+01
 2.50000E+01    2.64358E+01
 2.60000E+01    2.51932E+01
 2.70000E+01    2.41678E+01
 2.80000E+01    2.33023E+01
 2.90000E+01    2.25280E+01
 3.00000E+01    2.17864E+01
