# n + Ac223 : (n,n'14)  
# tendl.2017 A.J. Koning and D. Rochman        EVAL-NOV17
# uncertainties: n
# # energies =    87
#   E(MeV)       xs(mb) 
 4.94628E-01    0.00000E+00
 5.00000E-01    1.04928E-01
 5.07432E-01    1.78540E-01
 5.16510E-01    2.68457E-01
 5.17893E-01    2.82155E-01
 5.47256E-01    5.72990E-01
 5.63475E-01    7.33636E-01
 5.67030E-01    7.68848E-01
 5.77447E-01    8.72026E-01
 5.86859E-01    9.65250E-01
 6.00000E-01    1.09541E+00
 6.19693E-01    1.31945E+00
 6.60169E-01    1.77994E+00
 6.68772E-01    1.87781E+00
 7.00000E-01    2.23308E+00
 7.03808E-01    2.28128E+00
 7.05142E-01    2.29817E+00
 7.19908E-01    2.48508E+00
 7.24783E-01    2.54679E+00
 7.53724E-01    2.91314E+00
 8.00000E-01    3.49892E+00
 9.00000E-01    4.93995E+00
 1.00000E+00    6.56289E+00
 1.20000E+00    1.02486E+01
 1.40000E+00    1.41984E+01
 1.60000E+00    1.80248E+01
 1.80000E+00    2.13753E+01
 2.00000E+00    2.37475E+01
 2.20000E+00    2.47109E+01
 2.40000E+00    2.43098E+01
 2.60000E+00    2.29819E+01
 2.80000E+00    2.12151E+01
 3.00000E+00    1.93612E+01
 3.20000E+00    1.76177E+01
 3.40000E+00    1.60673E+01
 3.60000E+00    1.47240E+01
 3.80000E+00    1.35651E+01
 4.00000E+00    1.25542E+01
 4.20000E+00    1.16570E+01
 4.40000E+00    1.08476E+01
 4.60000E+00    1.01110E+01
 4.80000E+00    9.43997E+00
 5.00000E+00    8.83173E+00
 5.20000E+00    8.28509E+00
 5.40000E+00    7.79839E+00
 5.60000E+00    7.36927E+00
 5.80000E+00    6.99477E+00
 6.00000E+00    6.67124E+00
 6.20000E+00    6.39499E+00
 6.40000E+00    6.16189E+00
 6.60000E+00    5.96767E+00
 6.80000E+00    5.80741E+00
 7.00000E+00    5.67600E+00
 7.20000E+00    5.56775E+00
 7.40000E+00    5.47684E+00
 7.60000E+00    5.39764E+00
 7.80000E+00    5.32511E+00
 8.00000E+00    5.25501E+00
 8.50000E+00    5.07292E+00
 9.00000E+00    4.86863E+00
 9.50000E+00    4.64618E+00
 1.00000E+01    4.41753E+00
 1.05000E+01    4.19405E+00
 1.10000E+01    3.98411E+00
 1.15000E+01    3.79208E+00
 1.20000E+01    3.61844E+00
 1.25000E+01    3.46076E+00
 1.30000E+01    3.31528E+00
 1.35000E+01    3.17876E+00
 1.40000E+01    3.04911E+00
 1.45000E+01    2.92579E+00
 1.50000E+01    2.80930E+00
 1.60000E+01    2.60029E+00
 1.70000E+01    2.42737E+00
 1.80000E+01    2.28939E+00
 1.90000E+01    2.17863E+00
 2.00000E+01    2.08419E+00
 2.10000E+01    1.99663E+00
 2.20000E+01    1.91122E+00
 2.30000E+01    1.82833E+00
 2.40000E+01    1.75156E+00
 2.50000E+01    1.68451E+00
 2.60000E+01    1.62856E+00
 2.70000E+01    1.58274E+00
 2.80000E+01    1.54428E+00
 2.90000E+01    1.50964E+00
 3.00000E+01    1.47558E+00
