# n + Ac223 : (n,n'15)  
# tendl.2017 A.J. Koning and D. Rochman        EVAL-NOV17
# uncertainties: n
# # energies =    85
#   E(MeV)       xs(mb) 
 5.07432E-01    0.00000E+00
 5.16510E-01    1.41505E+00
 5.17893E-01    1.63063E+00
 5.47256E-01    6.20763E+00
 5.63475E-01    8.73580E+00
 5.67030E-01    9.28994E+00
 5.77447E-01    1.09137E+01
 5.86859E-01    1.23808E+01
 6.00000E-01    1.44292E+01
 6.19693E-01    1.57161E+01
 6.60169E-01    1.83611E+01
 6.68772E-01    1.89233E+01
 7.00000E-01    2.09640E+01
 7.03808E-01    2.10833E+01
 7.05142E-01    2.11251E+01
 7.19908E-01    2.15877E+01
 7.24783E-01    2.17404E+01
 7.53724E-01    2.26471E+01
 8.00000E-01    2.40968E+01
 9.00000E-01    2.51157E+01
 1.00000E+00    2.48078E+01
 1.20000E+00    2.20425E+01
 1.40000E+00    1.82523E+01
 1.60000E+00    1.45379E+01
 1.80000E+00    1.13831E+01
 2.00000E+00    8.84492E+00
 2.20000E+00    6.79100E+00
 2.40000E+00    5.11754E+00
 2.60000E+00    3.78115E+00
 2.80000E+00    2.75242E+00
 3.00000E+00    1.98865E+00
 3.20000E+00    1.43967E+00
 3.40000E+00    1.05537E+00
 3.60000E+00    7.92859E-01
 3.80000E+00    6.17145E-01
 4.00000E+00    5.01173E-01
 4.20000E+00    4.25353E-01
 4.40000E+00    3.76017E-01
 4.60000E+00    3.44027E-01
 4.80000E+00    3.23311E-01
 5.00000E+00    3.09871E-01
 5.20000E+00    3.01235E-01
 5.40000E+00    2.95684E-01
 5.60000E+00    2.92334E-01
 5.80000E+00    2.90522E-01
 6.00000E+00    2.89829E-01
 6.20000E+00    2.90012E-01
 6.40000E+00    2.90884E-01
 6.60000E+00    2.92317E-01
 6.80000E+00    2.94203E-01
 7.00000E+00    2.96438E-01
 7.20000E+00    2.98918E-01
 7.40000E+00    3.01545E-01
 7.60000E+00    3.04226E-01
 7.80000E+00    3.06877E-01
 8.00000E+00    3.09420E-01
 8.50000E+00    3.14955E-01
 9.00000E+00    3.18961E-01
 9.50000E+00    3.21446E-01
 1.00000E+01    3.22744E-01
 1.05000E+01    3.23288E-01
 1.10000E+01    3.23448E-01
 1.15000E+01    3.23479E-01
 1.20000E+01    3.23512E-01
 1.25000E+01    3.23581E-01
 1.30000E+01    3.23630E-01
 1.35000E+01    3.23560E-01
 1.40000E+01    3.23240E-01
 1.45000E+01    3.22556E-01
 1.50000E+01    3.21427E-01
 1.60000E+01    3.17729E-01
 1.70000E+01    3.12367E-01
 1.80000E+01    3.06141E-01
 1.90000E+01    3.00184E-01
 2.00000E+01    2.95606E-01
 2.10000E+01    2.93070E-01
 2.20000E+01    2.92549E-01
 2.30000E+01    2.93408E-01
 2.40000E+01    2.94837E-01
 2.50000E+01    2.96278E-01
 2.60000E+01    2.97586E-01
 2.70000E+01    2.98914E-01
 2.80000E+01    3.00512E-01
 2.90000E+01    3.02536E-01
 3.00000E+01    3.04957E-01
