# n + Ac223 : (n,n'17)  
# tendl.2017 A.J. Koning and D. Rochman        EVAL-NOV17
# uncertainties: n
# # energies =    83
#   E(MeV)       xs(mb) 
 5.17893E-01    0.00000E+00
 5.47256E-01    2.22750E+00
 5.63475E-01    3.45789E+00
 5.67030E-01    3.72757E+00
 5.77447E-01    4.51781E+00
 5.86859E-01    5.23181E+00
 6.00000E-01    6.22870E+00
 6.19693E-01    7.05323E+00
 6.60169E-01    8.74792E+00
 6.68772E-01    9.10812E+00
 7.00000E-01    1.04156E+01
 7.03808E-01    1.05203E+01
 7.05142E-01    1.05570E+01
 7.19908E-01    1.09630E+01
 7.24783E-01    1.10970E+01
 7.53724E-01    1.18928E+01
 8.00000E-01    1.31652E+01
 9.00000E-01    1.48559E+01
 1.00000E+00    1.57782E+01
 1.20000E+00    1.60658E+01
 1.40000E+00    1.50521E+01
 1.60000E+00    1.33297E+01
 1.80000E+00    1.14389E+01
 2.00000E+00    9.68672E+00
 2.20000E+00    8.13994E+00
 2.40000E+00    6.80990E+00
 2.60000E+00    5.71922E+00
 2.80000E+00    4.87677E+00
 3.00000E+00    4.26264E+00
 3.20000E+00    3.83955E+00
 3.40000E+00    3.56455E+00
 3.60000E+00    3.39827E+00
 3.80000E+00    3.30736E+00
 4.00000E+00    3.26566E+00
 4.20000E+00    3.25471E+00
 4.40000E+00    3.26235E+00
 4.60000E+00    3.28147E+00
 4.80000E+00    3.30835E+00
 5.00000E+00    3.34134E+00
 5.20000E+00    3.38015E+00
 5.40000E+00    3.42480E+00
 5.60000E+00    3.47554E+00
 5.80000E+00    3.53234E+00
 6.00000E+00    3.59458E+00
 6.20000E+00    3.66126E+00
 6.40000E+00    3.73069E+00
 6.60000E+00    3.80068E+00
 6.80000E+00    3.86881E+00
 7.00000E+00    3.93244E+00
 7.20000E+00    3.98908E+00
 7.40000E+00    4.03666E+00
 7.60000E+00    4.07375E+00
 7.80000E+00    4.09962E+00
 8.00000E+00    4.11420E+00
 8.50000E+00    4.10651E+00
 9.00000E+00    4.05265E+00
 9.50000E+00    3.97555E+00
 1.00000E+01    3.89331E+00
 1.05000E+01    3.81665E+00
 1.10000E+01    3.75009E+00
 1.15000E+01    3.69345E+00
 1.20000E+01    3.64397E+00
 1.25000E+01    3.59789E+00
 1.30000E+01    3.55178E+00
 1.35000E+01    3.50346E+00
 1.40000E+01    3.45203E+00
 1.45000E+01    3.39777E+00
 1.50000E+01    3.34172E+00
 1.60000E+01    3.22912E+00
 1.70000E+01    3.12220E+00
 1.80000E+01    3.02400E+00
 1.90000E+01    2.93356E+00
 2.00000E+01    2.84820E+00
 2.10000E+01    2.76530E+00
 2.20000E+01    2.68357E+00
 2.30000E+01    2.60359E+00
 2.40000E+01    2.52717E+00
 2.50000E+01    2.45584E+00
 2.60000E+01    2.39000E+00
 2.70000E+01    2.32892E+00
 2.80000E+01    2.27117E+00
 2.90000E+01    2.21508E+00
 3.00000E+01    2.15934E+00
