# n + Ac223 : (n,n'22)  
# tendl.2017 A.J. Koning and D. Rochman        EVAL-NOV17
# uncertainties: n
# # energies =    78
#   E(MeV)       xs(mb) 
 5.86859E-01    0.00000E+00
 6.00000E-01    2.27343E+00
 6.19693E-01    5.18692E+00
 6.60169E-01    1.11752E+01
 6.68772E-01    1.24480E+01
 7.00000E-01    1.70680E+01
 7.03808E-01    1.74853E+01
 7.05142E-01    1.76314E+01
 7.19908E-01    1.92493E+01
 7.24783E-01    1.97835E+01
 7.53724E-01    2.29545E+01
 8.00000E-01    2.80250E+01
 9.00000E-01    3.36366E+01
 1.00000E+00    3.56215E+01
 1.20000E+00    3.41146E+01
 1.40000E+00    3.00943E+01
 1.60000E+00    2.59067E+01
 1.80000E+00    2.21888E+01
 2.00000E+00    1.87444E+01
 2.20000E+00    1.52993E+01
 2.40000E+00    1.19599E+01
 2.60000E+00    9.03856E+00
 2.80000E+00    6.72923E+00
 3.00000E+00    5.04184E+00
 3.20000E+00    3.88200E+00
 3.40000E+00    3.12049E+00
 3.60000E+00    2.63987E+00
 3.80000E+00    2.34740E+00
 4.00000E+00    2.17580E+00
 4.20000E+00    2.07976E+00
 4.40000E+00    2.03003E+00
 4.60000E+00    2.00869E+00
 4.80000E+00    2.00503E+00
 5.00000E+00    2.01281E+00
 5.20000E+00    2.02871E+00
 5.40000E+00    2.05079E+00
 5.60000E+00    2.07815E+00
 5.80000E+00    2.11004E+00
 6.00000E+00    2.14575E+00
 6.20000E+00    2.18443E+00
 6.40000E+00    2.22499E+00
 6.60000E+00    2.26607E+00
 6.80000E+00    2.30625E+00
 7.00000E+00    2.34395E+00
 7.20000E+00    2.37772E+00
 7.40000E+00    2.40631E+00
 7.60000E+00    2.42887E+00
 7.80000E+00    2.44495E+00
 8.00000E+00    2.45444E+00
 8.50000E+00    2.45206E+00
 9.00000E+00    2.42181E+00
 9.50000E+00    2.37704E+00
 1.00000E+01    2.32855E+00
 1.05000E+01    2.28295E+00
 1.10000E+01    2.24312E+00
 1.15000E+01    2.20914E+00
 1.20000E+01    2.17947E+00
 1.25000E+01    2.15192E+00
 1.30000E+01    2.12449E+00
 1.35000E+01    2.09583E+00
 1.40000E+01    2.06536E+00
 1.45000E+01    2.03321E+00
 1.50000E+01    1.99997E+00
 1.60000E+01    1.93301E+00
 1.70000E+01    1.86924E+00
 1.80000E+01    1.81055E+00
 1.90000E+01    1.75645E+00
 2.00000E+01    1.70541E+00
 2.10000E+01    1.65590E+00
 2.20000E+01    1.60711E+00
 2.30000E+01    1.55936E+00
 2.40000E+01    1.51369E+00
 2.50000E+01    1.47101E+00
 2.60000E+01    1.43157E+00
 2.70000E+01    1.39499E+00
 2.80000E+01    1.36042E+00
 2.90000E+01    1.32687E+00
 3.00000E+01    1.29357E+00
