# n + Ac223 : (n,n'30)  
# tendl.2017 A.J. Koning and D. Rochman        EVAL-NOV17
# uncertainties: n
# # energies =    68
#   E(MeV)       xs(mb) 
 7.53724E-01    0.00000E+00
 8.00000E-01    3.75206E+00
 9.00000E-01    1.21624E+01
 1.00000E+00    1.84898E+01
 1.20000E+00    2.37722E+01
 1.40000E+00    2.31744E+01
 1.60000E+00    2.03902E+01
 1.80000E+00    1.74374E+01
 2.00000E+00    1.48945E+01
 2.20000E+00    1.25157E+01
 2.40000E+00    1.00675E+01
 2.60000E+00    7.67267E+00
 2.80000E+00    5.58679E+00
 3.00000E+00    3.94642E+00
 3.20000E+00    2.74852E+00
 3.40000E+00    1.91508E+00
 3.60000E+00    1.35382E+00
 3.80000E+00    9.83385E-01
 4.00000E+00    7.40746E-01
 4.20000E+00    5.81321E-01
 4.40000E+00    4.75025E-01
 4.60000E+00    4.02509E-01
 4.80000E+00    3.51487E-01
 5.00000E+00    3.14266E-01
 5.20000E+00    2.86242E-01
 5.40000E+00    2.64407E-01
 5.60000E+00    2.47148E-01
 5.80000E+00    2.33286E-01
 6.00000E+00    2.22078E-01
 6.20000E+00    2.13033E-01
 6.40000E+00    2.05789E-01
 6.60000E+00    2.00084E-01
 6.80000E+00    1.95687E-01
 7.00000E+00    1.92394E-01
 7.20000E+00    1.90002E-01
 7.40000E+00    1.88304E-01
 7.60000E+00    1.87100E-01
 7.80000E+00    1.86198E-01
 8.00000E+00    1.85423E-01
 8.50000E+00    1.83200E-01
 9.00000E+00    1.79713E-01
 9.50000E+00    1.74819E-01
 1.00000E+01    1.68938E-01
 1.05000E+01    1.62614E-01
 1.10000E+01    1.56312E-01
 1.15000E+01    1.50338E-01
 1.20000E+01    1.44827E-01
 1.25000E+01    1.39773E-01
 1.30000E+01    1.35085E-01
 1.35000E+01    1.30658E-01
 1.40000E+01    1.26416E-01
 1.45000E+01    1.22334E-01
 1.50000E+01    1.18431E-01
 1.60000E+01    1.11315E-01
 1.70000E+01    1.05339E-01
 1.80000E+01    1.00543E-01
 1.90000E+01    9.66898E-02
 2.00000E+01    9.33825E-02
 2.10000E+01    9.02452E-02
 2.20000E+01    8.70661E-02
 2.30000E+01    8.38442E-02
 2.40000E+01    8.07321E-02
 2.50000E+01    7.79038E-02
 2.60000E+01    7.54497E-02
 2.70000E+01    7.33555E-02
 2.80000E+01    7.15247E-02
 2.90000E+01    6.98194E-02
 3.00000E+01    6.81077E-02
