# n + Ac222 : (n,t)     
# tendl.2017 A.J. Koning and D. Rochman        EVAL-NOV17
# uncertainties: y
# # energies =    54
#   E(MeV)       xs(mb)       xslow(mb)      xsupp(mb)
 5.29638E-01    0.00000E+00    0.00000E+00    0.00000E+00
 3.40000E+00    1.47561E-17    1.47561E-17    1.47561E-17
 3.60000E+00    1.18528E-16    1.18528E-16    1.18528E-16
 3.80000E+00    7.64115E-16    7.64115E-16    7.64115E-16
 4.00000E+00    4.09656E-15    4.09656E-15    4.09656E-15
 4.20000E+00    1.88274E-14    1.88274E-14    1.88274E-14
 4.40000E+00    7.61268E-14    7.61268E-14    7.61268E-14
 4.60000E+00    4.02240E-13    0.00000E+00    2.12426E-12
 4.80000E+00    2.76062E-12    0.00000E+00    1.45791E-11
 5.00000E+00    6.73290E-12    0.00000E+00    3.55570E-11
 5.20000E+00    2.55552E-11    0.00000E+00    1.34959E-10
 5.40000E+00    5.83724E-11    0.00000E+00    3.08270E-10
 5.60000E+00    1.44224E-10    0.00000E+00    7.61659E-10
 5.80000E+00    3.52669E-10    0.00000E+00    1.86248E-09
 6.00000E+00    6.84700E-10    0.00000E+00    3.61596E-09
 6.20000E+00    2.47119E-09    0.00000E+00    1.30506E-08
 6.40000E+00    4.08527E-09    0.00000E+00    2.15747E-08
 6.60000E+00    8.41894E-09    3.95018E-11    1.67984E-08
 6.80000E+00    1.89084E-08    8.87185E-11    3.77281E-08
 7.00000E+00    3.24320E-08    1.52172E-10    6.47118E-08
 7.20000E+00    1.06070E-07    4.97682E-10    2.11642E-07
 7.40000E+00    1.64681E-07    7.72686E-10    3.28589E-07
 7.60000E+00    2.80363E-07    1.31547E-09    5.59411E-07
 7.80000E+00    5.83780E-07    2.73911E-09    1.16482E-06
 8.00000E+00    9.62473E-07    4.51594E-09    1.92043E-06
 8.50000E+00    4.37446E-06    2.05250E-08    8.72839E-06
 9.00000E+00    1.82064E-05    9.24909E-06    2.71637E-05
 9.50000E+00    7.01142E-05    3.56189E-05    1.04609E-04
 1.00000E+01    2.49356E-04    1.26676E-04    3.72036E-04
 1.05000E+01    8.14381E-04    4.13716E-04    1.21505E-03
 1.10000E+01    2.43418E-03    1.23660E-03    3.63176E-03
 1.15000E+01    6.65599E-03    3.38133E-03    9.93065E-03
 1.20000E+01    1.66483E-02    8.45756E-03    2.48390E-02
 1.25000E+01    3.79928E-02    1.93008E-02    5.66848E-02
 1.30000E+01    7.88222E-02    5.80688E-02    9.95756E-02
 1.35000E+01    1.48666E-01    1.09523E-01    1.87809E-01
 1.40000E+01    2.56820E-01    1.89201E-01    3.24439E-01
 1.45000E+01    4.10507E-01    3.02423E-01    5.18591E-01
 1.50000E+01    6.14356E-01    4.52600E-01    7.76112E-01
 1.60000E+01    1.14649E+00    9.20516E-01    1.37246E+00
 1.70000E+01    1.89579E+00    1.52213E+00    2.26945E+00
 1.80000E+01    2.77270E+00    2.22620E+00    3.31920E+00
 1.90000E+01    3.65325E+00    2.93319E+00    4.37331E+00
 2.00000E+01    4.42081E+00    2.61638E+00    6.22524E+00
 2.10000E+01    5.02261E+00    2.97254E+00    7.07268E+00
 2.20000E+01    5.40448E+00    3.19854E+00    7.61041E+00
 2.30000E+01    5.70419E+00    3.37592E+00    8.03246E+00
 2.40000E+01    5.77022E+00    2.25604E+00    9.28440E+00
 2.50000E+01    5.78772E+00    2.26288E+00    9.31256E+00
 2.60000E+01    5.66516E+00    2.21497E+00    9.11535E+00
 2.70000E+01    5.51993E+00    2.15818E+00    8.88168E+00
 2.80000E+01    5.33448E+00    2.08568E+00    8.58328E+00
 2.90000E+01    5.09951E+00    1.99381E+00    8.20521E+00
 3.00000E+01    4.89820E+00    1.91510E+00    7.88130E+00
