# n + Ac222 : (n,na)    
# tendl.2017 A.J. Koning and D. Rochman        EVAL-NOV17
# uncertainties: y
# # energies =   281
#   E(MeV)       xs(mb)       xslow(mb)      xsupp(mb)
 1.00000E-11    3.93710E-17    3.93710E-17    3.93710E-17
 1.03005E-11    3.88247E-17    3.88247E-17    3.88247E-17
 1.06099E-11    3.82869E-17    3.82869E-17    3.82869E-17
 1.09287E-11    3.77575E-17    3.77575E-17    3.77575E-17
 1.12571E-11    3.72363E-17    3.72363E-17    3.72363E-17
 1.15953E-11    3.67233E-17    3.67233E-17    3.67233E-17
 1.19437E-11    3.62183E-17    3.62183E-17    3.62183E-17
 1.23026E-11    3.57212E-17    3.57212E-17    3.57212E-17
 1.26722E-11    3.52320E-17    3.52320E-17    3.52320E-17
 1.30530E-11    3.47504E-17    3.47504E-17    3.47504E-17
 1.34452E-11    3.42764E-17    3.42764E-17    3.42764E-17
 1.38491E-11    3.38099E-17    3.38099E-17    3.38099E-17
 1.42652E-11    3.33508E-17    3.33508E-17    3.33508E-17
 1.46938E-11    3.28989E-17    3.28989E-17    3.28989E-17
 1.51353E-11    3.24543E-17    3.24543E-17    3.24543E-17
 1.55901E-11    3.20167E-17    3.20167E-17    3.20167E-17
 1.60585E-11    3.15861E-17    3.15861E-17    3.15861E-17
 1.65410E-11    3.11624E-17    3.11624E-17    3.11624E-17
 1.70380E-11    3.07455E-17    3.07455E-17    3.07455E-17
 1.75499E-11    3.03352E-17    3.03352E-17    3.03352E-17
 1.80772E-11    2.99316E-17    2.99316E-17    2.99316E-17
 1.86203E-11    2.95346E-17    2.95346E-17    2.95346E-17
 1.92611E-11    2.90886E-17    2.90886E-17    2.90886E-17
 1.99239E-11    2.86509E-17    2.86509E-17    2.86509E-17
 2.06095E-11    2.82214E-17    2.82214E-17    2.82214E-17
 2.13187E-11    2.77999E-17    2.77999E-17    2.77999E-17
 2.20523E-11    2.73863E-17    2.73863E-17    2.73863E-17
 2.28111E-11    2.69804E-17    2.69804E-17    2.69804E-17
 2.35961E-11    2.65822E-17    2.65822E-17    2.65822E-17
 2.44081E-11    2.61916E-17    2.61916E-17    2.61916E-17
 2.52480E-11    2.58083E-17    2.58083E-17    2.58083E-17
 2.61168E-11    2.54324E-17    2.54324E-17    2.54324E-17
 2.70155E-11    2.50636E-17    2.50636E-17    2.50636E-17
 2.79451E-11    2.47020E-17    2.47020E-17    2.47020E-17
 2.89068E-11    2.43473E-17    2.43473E-17    2.43473E-17
 2.99015E-11    2.39995E-17    2.39995E-17    2.39995E-17
 3.09304E-11    2.36584E-17    2.36584E-17    2.36584E-17
 3.19948E-11    2.33240E-17    2.33240E-17    2.33240E-17
 3.30957E-11    2.29962E-17    2.29962E-17    2.29962E-17
 3.42346E-11    2.26749E-17    2.26749E-17    2.26749E-17
 3.54127E-11    2.23599E-17    2.23599E-17    2.23599E-17
 3.66313E-11    2.20512E-17    2.20512E-17    2.20512E-17
 3.78918E-11    2.17486E-17    2.17486E-17    2.17486E-17
 3.91957E-11    2.14522E-17    2.14522E-17    2.14522E-17
 4.05445E-11    2.11617E-17    2.11617E-17    2.11617E-17
 4.19396E-11    2.08771E-17    2.08771E-17    2.08771E-17
 4.33828E-11    2.05984E-17    2.05984E-17    2.05984E-17
 4.48757E-11    2.03254E-17    2.03254E-17    2.03254E-17
 4.64199E-11    2.00580E-17    2.00580E-17    2.00580E-17
 4.80173E-11    1.97962E-17    1.97962E-17    1.97962E-17
 4.96696E-11    1.95398E-17    1.95398E-17    1.95398E-17
 5.13788E-11    1.92888E-17    1.92888E-17    1.92888E-17
 5.31468E-11    1.90432E-17    1.90432E-17    1.90432E-17
 5.49756E-11    1.88028E-17    1.88028E-17    1.88028E-17
 5.68674E-11    1.85675E-17    1.85675E-17    1.85675E-17
 5.88243E-11    1.83373E-17    1.83373E-17    1.83373E-17
 6.08485E-11    1.81121E-17    1.81121E-17    1.81121E-17
 6.29424E-11    1.78918E-17    1.78918E-17    1.78918E-17
 6.51083E-11    1.76763E-17    1.76763E-17    1.76763E-17
 6.73488E-11    1.74657E-17    1.74657E-17    1.74657E-17
 6.96663E-11    1.72597E-17    1.72597E-17    1.72597E-17
 7.20636E-11    1.70583E-17    1.70583E-17    1.70583E-17
 7.45434E-11    1.68615E-17    1.68615E-17    1.68615E-17
 7.71085E-11    1.66692E-17    1.66692E-17    1.66692E-17
 7.97619E-11    1.64813E-17    1.64813E-17    1.64813E-17
 8.25066E-11    1.62978E-17    1.62978E-17    1.62978E-17
 8.57075E-11    1.60964E-17    1.60964E-17    1.60964E-17
 8.90325E-11    1.59003E-17    1.59003E-17    1.59003E-17
 9.24865E-11    1.57095E-17    1.57095E-17    1.57095E-17
 9.60745E-11    1.55237E-17    1.55237E-17    1.55237E-17
 9.98017E-11    1.53431E-17    1.53431E-17    1.53431E-17
 1.03674E-10    1.51673E-17    1.51673E-17    1.51673E-17
 1.07696E-10    1.49964E-17    1.49964E-17    1.49964E-17
 1.11874E-10    1.48303E-17    1.48303E-17    1.48303E-17
 1.16214E-10    1.46688E-17    1.46688E-17    1.46688E-17
 1.20722E-10    1.45119E-17    1.45119E-17    1.45119E-17
 1.25406E-10    1.43596E-17    1.43596E-17    1.43596E-17
 1.30271E-10    1.42116E-17    1.42116E-17    1.42116E-17
 1.35325E-10    1.40679E-17    1.40679E-17    1.40679E-17
 1.40575E-10    1.39285E-17    1.39285E-17    1.39285E-17
 1.46028E-10    1.37932E-17    1.37932E-17    1.37932E-17
 1.51693E-10    1.36619E-17    1.36619E-17    1.36619E-17
 1.58246E-10    1.35207E-17    1.35207E-17    1.35207E-17
 1.65082E-10    1.33844E-17    1.33844E-17    1.33844E-17
 1.72213E-10    1.32527E-17    1.32527E-17    1.32527E-17
 1.79652E-10    1.31255E-17    1.31255E-17    1.31255E-17
 1.87413E-10    1.30028E-17    1.30028E-17    1.30028E-17
 1.95508E-10    1.28844E-17    1.28844E-17    1.28844E-17
 2.03954E-10    1.27702E-17    1.27702E-17    1.27702E-17
 2.12764E-10    1.26602E-17    1.26602E-17    1.26602E-17
 2.21955E-10    1.25541E-17    1.25541E-17    1.25541E-17
 2.32524E-10    1.24419E-17    1.24419E-17    1.24419E-17
 2.43597E-10    1.23343E-17    1.23343E-17    1.23343E-17
 2.55196E-10    1.22310E-17    1.22310E-17    1.22310E-17
 2.67349E-10    1.21320E-17    1.21320E-17    1.21320E-17
 2.80079E-10    1.20372E-17    1.20372E-17    1.20372E-17
 2.93416E-10    1.19463E-17    1.19463E-17    1.19463E-17
 3.08691E-10    1.18516E-17    1.18516E-17    1.18516E-17
 3.24761E-10    1.17612E-17    1.17612E-17    1.17612E-17
 3.41667E-10    1.16751E-17    1.16751E-17    1.16751E-17
 3.59454E-10    1.15931E-17    1.15931E-17    1.15931E-17
 3.79769E-10    1.15085E-17    1.15085E-17    1.15085E-17
 4.01233E-10    1.14284E-17    1.14284E-17    1.14284E-17
 4.23909E-10    1.13524E-17    1.13524E-17    1.13524E-17
 4.47867E-10    1.12804E-17    1.12804E-17    1.12804E-17
 4.75185E-10    1.12070E-17    1.12070E-17    1.12070E-17
 5.04168E-10    1.11378E-17    1.11378E-17    1.11378E-17
 5.37187E-10    1.10680E-17    1.10680E-17    1.10680E-17
 5.72367E-10    1.10024E-17    1.10024E-17    1.10024E-17
 6.09852E-10    1.09409E-17    1.09409E-17    1.09409E-17
 6.52546E-10    1.08794E-17    1.08794E-17    1.08794E-17
 6.98228E-10    1.08219E-17    1.08219E-17    1.08219E-17
 7.50275E-10    1.07649E-17    1.07649E-17    1.07649E-17
 8.09618E-10    1.07088E-17    1.07088E-17    1.07088E-17
 8.73655E-10    1.06569E-17    1.06569E-17    1.06569E-17
 9.46752E-10    1.06061E-17    1.06061E-17    1.06061E-17
 1.03031E-09    1.05570E-17    1.05570E-17    1.05570E-17
 1.12600E-09    1.05096E-17    1.05096E-17    1.05096E-17
 1.23058E-09    1.04663E-17    1.04663E-17    1.04663E-17
 1.35056E-09    1.04249E-17    1.04249E-17    1.04249E-17
 1.49484E-09    1.03839E-17    1.03839E-17    1.03839E-17
 1.66154E-09    1.03454E-17    1.03454E-17    1.03454E-17
 1.85466E-09    1.03094E-17    1.03094E-17    1.03094E-17
 2.08781E-09    1.02749E-17    1.02749E-17    1.02749E-17
 2.36022E-09    1.02431E-17    1.02431E-17    1.02431E-17
 2.69085E-09    1.02133E-17    1.02133E-17    1.02133E-17
 3.09385E-09    1.01855E-17    1.01855E-17    1.01855E-17
 3.60262E-09    1.01593E-17    1.01593E-17    1.01593E-17
 4.24862E-09    1.01351E-17    1.01351E-17    1.01351E-17
 5.07442E-09    1.01131E-17    1.01131E-17    1.01131E-17
 6.16414E-09    1.00931E-17    1.00931E-17    1.00931E-17
 7.64789E-09    1.00750E-17    1.00750E-17    1.00750E-17
 9.77390E-09    1.00587E-17    1.00587E-17    1.00587E-17
 1.29207E-08    1.00444E-17    1.00444E-17    1.00444E-17
 1.78941E-08    1.00321E-17    1.00321E-17    1.00321E-17
 2.52045E-08    1.00228E-17    1.00228E-17    1.00228E-17
 2.53000E-08    1.00227E-17    1.00227E-17    1.00227E-17
 4.04565E-08    1.00142E-17    1.00142E-17    1.00142E-17
 7.50136E-08    1.00077E-17    1.00077E-17    1.00077E-17
 1.83870E-07    1.00031E-17    1.00031E-17    1.00031E-17
 9.73084E-07    1.00006E-17    1.00006E-17    1.00006E-17
 2.96746E-01    1.00000E-17    0.00000E+00    8.36160E-17
 3.00000E-01    6.03641E-16    0.00000E+00    5.04741E-15
 4.00000E-01    1.79322E-11    0.00000E+00    1.49942E-10
 4.93542E-01    6.84086E-11    0.00000E+00    5.72005E-10
 5.00000E-01    7.76072E-11    0.00000E+00    6.48921E-10
 6.00000E-01    1.33823E-07    0.00000E+00    1.03987E-06
 7.19858E-01    5.67075E-07    0.00000E+00    4.40645E-06
 8.00000E-01    8.58505E-07    0.00000E+00    6.67100E-06
 9.00000E-01    1.16345E-06    0.00000E+00    9.04056E-06
 1.00000E+00    1.43908E-06    0.00000E+00    1.08612E-05
 1.20000E+00    2.09588E-06    0.00000E+00    1.58182E-05
 1.40000E+00    2.91742E-06    0.00000E+00    2.20186E-05
 1.60000E+00    3.83398E-06    0.00000E+00    2.89361E-05
 1.80000E+00    4.99374E-06    0.00000E+00    3.86607E-05
 2.00000E+00    6.37121E-06    0.00000E+00    4.93248E-05
 2.20000E+00    8.36181E-06    0.00000E+00    6.47357E-05
 2.40000E+00    1.13439E-05    0.00000E+00    8.78222E-05
 2.60000E+00    1.56318E-05    0.00000E+00    1.21946E-04
 2.80000E+00    2.20227E-05    0.00000E+00    1.71802E-04
 3.00000E+00    3.09200E-05    0.00000E+00    2.41211E-04
 3.20000E+00    4.34968E-05    0.00000E+00    3.39325E-04
 3.40000E+00    6.14904E-05    0.00000E+00    4.79695E-04
 3.60000E+00    8.60350E-05    0.00000E+00    6.71171E-04
 3.80000E+00    1.19280E-04    0.00000E+00    9.30518E-04
 4.00000E+00    1.64702E-04    0.00000E+00    1.28486E-03
 4.20000E+00    2.25480E-04    0.00000E+00    1.75900E-03
 4.40000E+00    3.05615E-04    0.00000E+00    2.38414E-03
 4.60000E+00    4.10792E-04    0.00000E+00    3.12287E-03
 4.80000E+00    5.53005E-04    0.00000E+00    4.20397E-03
 5.00000E+00    7.40815E-04    0.00000E+00    5.63171E-03
 5.20000E+00    9.85601E-04    0.00000E+00    7.49259E-03
 5.40000E+00    1.30861E-03    0.00000E+00    9.94811E-03
 5.60000E+00    1.73914E-03    0.00000E+00    1.32210E-02
 5.80000E+00    2.29549E-03    0.00000E+00    1.74505E-02
 6.00000E+00    3.01951E-03    0.00000E+00    2.29545E-02
 6.28747E+00    4.18291E-03    0.00000E+00    3.17987E-02
 6.40000E+00    4.63405E-03    0.00000E+00    3.52283E-02
 6.60000E+00    5.39460E-03    0.00000E+00    4.12262E-02
 6.80000E+00    6.21278E-03    0.00000E+00    4.74789E-02
 7.00000E+00    7.19797E-03    0.00000E+00    5.50078E-02
 7.20000E+00    8.31073E-03    0.00000E+00    6.35116E-02
 7.40000E+00    9.52329E-03    0.00000E+00    7.27782E-02
 7.60000E+00    1.10073E-02    0.00000E+00    8.41192E-02
 7.80000E+00    1.26263E-02    0.00000E+00    9.64918E-02
 8.00000E+00    1.43937E-02    0.00000E+00    1.09999E-01
 8.50000E+00    1.98884E-02    0.00000E+00    1.51990E-01
 9.00000E+00    2.65756E-02    0.00000E+00    9.47447E-02
 9.50000E+00    3.47081E-02    0.00000E+00    1.23738E-01
 1.00000E+01    4.51652E-02    0.00000E+00    1.61019E-01
 1.01411E+01    4.91867E-02    0.00000E+00    1.75356E-01
 1.02842E+01    5.32651E-02    0.00000E+00    1.89896E-01
 1.04292E+01    5.74010E-02    0.00000E+00    2.04641E-01
 1.05000E+01    5.94179E-02    0.00000E+00    2.11831E-01
 1.06481E+01    6.52208E-02    0.00000E+00    2.32519E-01
 1.07984E+01    7.11056E-02    0.00000E+00    2.53499E-01
 1.09507E+01    7.70734E-02    0.00000E+00    2.74775E-01
 1.10000E+01    7.90043E-02    0.00000E+00    2.81659E-01
 1.11552E+01    8.73960E-02    0.00000E+00    3.11576E-01
 1.13126E+01    9.59060E-02    0.00000E+00    3.41915E-01
 1.14722E+01    1.04536E-01    0.00000E+00    3.72682E-01
 1.15000E+01    1.06041E-01    0.00000E+00    3.78047E-01
 1.16622E+01    1.20072E-01    0.00000E+00    4.28070E-01
 1.18268E+01    1.34301E-01    0.00000E+00    4.78799E-01
 1.19936E+01    1.48731E-01    0.00000E+00    5.30243E-01
 1.20000E+01    1.49282E-01    0.00000E+00    5.32206E-01
 1.21693E+01    1.73886E-01    0.00000E+00    6.19920E-01
 1.23410E+01    1.98836E-01    0.00000E+00    7.08871E-01
 1.25000E+01    2.21945E-01    0.00000E+00    7.91258E-01
 1.26764E+01    2.63842E-01    0.00000E+00    9.40627E-01
 1.28552E+01    3.06331E-01    0.00000E+00    1.09210E+00
 1.30000E+01    3.40734E-01    0.00000E+00    9.50795E-01
 1.31834E+01    4.07336E-01    0.00000E+00    1.13664E+00
 1.33694E+01    4.74877E-01    0.00000E+00    1.32511E+00
 1.35000E+01    5.22303E-01    0.00000E+00    1.45745E+00
 1.36905E+01    6.22167E-01    0.00000E+00    1.73612E+00
 1.38836E+01    7.23440E-01    0.00000E+00    2.01871E+00
 1.40000E+01    7.84468E-01    0.00000E+00    2.18901E+00
 1.41975E+01    9.25692E-01    0.00000E+00    2.58308E+00
 1.43978E+01    1.06891E+00    0.00000E+00    2.98272E+00
 1.45000E+01    1.14197E+00    0.00000E+00    3.18659E+00
 1.47046E+01    1.33912E+00    0.00000E+00    3.73672E+00
 1.49120E+01    1.53905E+00    0.00000E+00    4.29460E+00
 1.50000E+01    1.62383E+00    0.00000E+00    4.53119E+00
 1.52116E+01    1.93781E+00    0.00000E+00    5.40734E+00
 1.54262E+01    2.25623E+00    0.00000E+00    6.29585E+00
 1.56439E+01    2.57913E+00    0.00000E+00    7.19689E+00
 1.58646E+01    2.90659E+00    0.00000E+00    8.11065E+00
 1.60000E+01    3.10752E+00    4.29350E-01    5.78569E+00
 1.62257E+01    3.63673E+00    5.02467E-01    6.77098E+00
 1.64546E+01    4.17340E+00    5.76617E-01    7.77018E+00
 1.66868E+01    4.71764E+00    6.51812E-01    8.78347E+00
 1.69222E+01    5.26957E+00    7.28068E-01    9.81106E+00
 1.70000E+01    5.45193E+00    7.53265E-01    1.01506E+01
 1.72398E+01    6.27353E+00    8.66780E-01    1.16803E+01
 1.74831E+01    7.10671E+00    9.81897E-01    1.32315E+01
 1.77297E+01    7.95166E+00    1.09864E+00    1.48047E+01
 1.79799E+01    8.80852E+00    1.21703E+00    1.64000E+01
 1.80000E+01    8.87754E+00    1.22656E+00    1.65285E+01
 1.82539E+01    1.02055E+01    1.41004E+00    1.90010E+01
 1.85115E+01    1.15522E+01    1.59611E+00    2.15083E+01
 1.87726E+01    1.29179E+01    1.78480E+00    2.40510E+01
 1.90000E+01    1.41068E+01    1.94906E+00    2.62645E+01
 1.92681E+01    1.53299E+01    2.11806E+00    2.85418E+01
 1.95399E+01    1.65703E+01    2.28944E+00    3.08512E+01
 1.98156E+01    1.78282E+01    2.46323E+00    3.31932E+01
 2.00000E+01    1.86698E+01    0.00000E+00    4.11752E+01
 2.02822E+01    1.96788E+01    0.00000E+00    4.34004E+01
 2.05683E+01    2.07020E+01    0.00000E+00    4.56570E+01
 2.08585E+01    2.17396E+01    0.00000E+00    4.79454E+01
 2.10000E+01    2.22456E+01    0.00000E+00    4.90614E+01
 2.12963E+01    2.23012E+01    0.00000E+00    4.91840E+01
 2.15967E+01    2.23575E+01    0.00000E+00    4.93083E+01
 2.19014E+01    2.24147E+01    0.00000E+00    4.94343E+01
 2.20000E+01    2.24332E+01    0.00000E+00    4.94751E+01
 2.23104E+01    2.15231E+01    0.00000E+00    4.74680E+01
 2.26251E+01    2.06002E+01    0.00000E+00    4.54326E+01
 2.29443E+01    1.96643E+01    0.00000E+00    4.33685E+01
 2.30000E+01    1.95011E+01    0.00000E+00    4.30085E+01
 2.33245E+01    1.91466E+01    0.00000E+00    4.22268E+01
 2.36536E+01    1.87872E+01    0.00000E+00    4.14340E+01
 2.39873E+01    1.84226E+01    0.00000E+00    4.06300E+01
 2.40000E+01    1.84087E+01    0.00000E+00    4.00237E+01
 2.43386E+01    1.80818E+01    0.00000E+00    3.93129E+01
 2.46820E+01    1.77503E+01    0.00000E+00    3.85921E+01
 2.50000E+01    1.74432E+01    0.00000E+00    3.79245E+01
 2.53527E+01    1.70299E+01    0.00000E+00    3.70259E+01
 2.57104E+01    1.66108E+01    0.00000E+00    3.61147E+01
 2.60000E+01    1.62714E+01    0.00000E+00    3.53768E+01
 2.63668E+01    1.58271E+01    0.00000E+00    3.44109E+01
 2.67388E+01    1.53766E+01    0.00000E+00    3.34313E+01
 2.70000E+01    1.50602E+01    0.00000E+00    3.27435E+01
 2.73809E+01    1.47814E+01    0.00000E+00    3.21373E+01
 2.77672E+01    1.44987E+01    0.00000E+00    3.15226E+01
 2.80000E+01    1.43283E+01    0.00000E+00    3.11522E+01
 2.83950E+01    1.38464E+01    0.00000E+00    3.01045E+01
 2.87956E+01    1.33577E+01    0.00000E+00    2.90420E+01
 2.90000E+01    1.31084E+01    0.00000E+00    2.84999E+01
 2.94091E+01    1.28132E+01    0.00000E+00    2.78581E+01
 2.98240E+01    1.25139E+01    0.00000E+00    2.72073E+01
 3.00000E+01    1.23869E+01    0.00000E+00    2.69312E+01
