# n + Ac222 :  n        
# tendl.2017 A.J. Koning and D. Rochman        EVAL-NOV17
# uncertainties: n
# # energies =    43
#   E(MeV)       xs(mb) 
 1.70000E+01    0.00000E+00
 1.80000E+01    2.23522E-14
 1.90000E+01    7.11678E-11
 2.00000E+01    2.09134E-07
 2.10000E+01    4.63352E-04
 2.20000E+01    5.90218E-02
 2.30000E+01    4.83678E-01
 2.40000E+01    1.82234E+00
 2.50000E+01    4.51043E+00
 2.60000E+01    8.54610E+00
 2.70000E+01    1.35880E+01
 2.80000E+01    1.90258E+01
 2.90000E+01    2.44302E+01
 3.00000E+01    2.93115E+01
 3.20000E+01    3.69765E+01
 3.40000E+01    4.19678E+01
 3.60000E+01    4.47376E+01
 3.80000E+01    4.59199E+01
 4.00000E+01    4.58775E+01
 4.20000E+01    4.49710E+01
 4.40000E+01    4.36222E+01
 4.60000E+01    4.20148E+01
 4.80000E+01    4.03718E+01
 5.00000E+01    3.88341E+01
 5.20000E+01    3.72848E+01
 5.40000E+01    3.59265E+01
 5.60000E+01    3.47834E+01
 5.80000E+01    3.39562E+01
 6.00000E+01    3.35084E+01
 6.50000E+01    3.37053E+01
 7.00000E+01    3.63426E+01
 7.50000E+01    4.19133E+01
 8.00000E+01    4.81981E+01
 9.00000E+01    5.05005E+01
 1.00000E+02    3.96750E+01
 1.10000E+02    3.19824E+01
 1.20000E+02    2.82455E+01
 1.30000E+02    2.59184E+01
 1.40000E+02    2.44751E+01
 1.50000E+02    2.32340E+01
 1.60000E+02    2.19875E+01
 1.80000E+02    1.96040E+01
 2.00000E+02    1.75233E+01
