# n + Ac222 : (n,2np)   
# tendl.2017 A.J. Koning and D. Rochman        EVAL-NOV17
# uncertainties: y
# # energies =    25
#   E(MeV)       xs(mb)       xslow(mb)      xsupp(mb)
 9.04999E+00    0.00000E+00   -0.00000E+00    0.00000E+00
 1.10000E+01    1.79482E-13    0.00000E+00    3.98936E-13
 1.15000E+01    1.03209E-10    0.00000E+00    2.29404E-10
 1.20000E+01    7.78366E-09    0.00000E+00    1.73008E-08
 1.25000E+01    2.26969E-07    0.00000E+00    5.04486E-07
 1.30000E+01    2.86815E-06    1.19822E-06    4.53808E-06
 1.35000E+01    2.22500E-05    9.29536E-06    3.52046E-05
 1.40000E+01    9.53503E-05    3.98344E-05    1.50866E-04
 1.45000E+01    3.42021E-04    1.42886E-04    5.41156E-04
 1.50000E+01    1.01676E-03    4.24771E-04    1.60875E-03
 1.60000E+01    6.74448E-03    5.23348E-03    8.25548E-03
 1.70000E+01    3.23830E-02    2.51281E-02    3.96379E-02
 1.80000E+01    1.16554E-01    9.04418E-02    1.42666E-01
 1.90000E+01    3.36846E-01    2.61381E-01    4.12311E-01
 2.00000E+01    8.16652E-01    5.45533E-01    1.08777E+00
 2.10000E+01    1.74962E+00    1.16877E+00    2.33047E+00
 2.20000E+01    3.30522E+00    2.20793E+00    4.40251E+00
 2.30000E+01    5.71246E+00    3.81599E+00    7.60893E+00
 2.40000E+01    8.95777E+00    5.34358E+00    1.25720E+01
 2.50000E+01    1.31032E+01    7.81645E+00    1.83899E+01
 2.60000E+01    1.80679E+01    1.07780E+01    2.53578E+01
 2.70000E+01    2.35828E+01    1.40678E+01    3.30978E+01
 2.80000E+01    2.94314E+01    1.75567E+01    4.13061E+01
 2.90000E+01    3.52980E+01    2.10563E+01    4.95397E+01
 3.00000E+01    4.09761E+01    2.44435E+01    5.75087E+01
