# n + Ac222 : (n,n')g   
# tendl.2017 A.J. Koning and D. Rochman        EVAL-NOV17
# uncertainties: y
# # energies =   106
#   E(MeV)       xs(mb)       xslow(mb)      xsupp(mb)
 4.11863E-02    0.00000E+00    0.00000E+00    0.00000E+00
 6.00000E-02    1.83628E+01    0.00000E+00    0.00000E+00
 1.00000E-01    3.73598E+01    0.00000E+00    0.00000E+00
 2.00000E-01    1.06123E+02    0.00000E+00    0.00000E+00
 3.00000E-01    1.76435E+02    0.00000E+00    0.00000E+00
 4.00000E-01    2.56551E+02    0.00000E+00    0.00000E+00
 5.00000E-01    4.85207E+02    0.00000E+00    0.00000E+00
 6.00000E-01    7.06495E+02    0.00000E+00    0.00000E+00
 7.00000E-01    9.00144E+02    0.00000E+00    0.00000E+00
 8.00000E-01    1.06151E+03    0.00000E+00    0.00000E+00
 9.00000E-01    1.20399E+03    0.00000E+00    0.00000E+00
 1.00000E+00    1.34069E+03    0.00000E+00    0.00000E+00
 1.20000E+00    1.62695E+03    0.00000E+00    0.00000E+00
 1.40000E+00    1.93500E+03    0.00000E+00    0.00000E+00
 1.60000E+00    2.21942E+03    0.00000E+00    0.00000E+00
 1.80000E+00    2.42474E+03    0.00000E+00    0.00000E+00
 2.00000E+00    2.52887E+03    0.00000E+00    0.00000E+00
 2.20000E+00    2.54752E+03    0.00000E+00    0.00000E+00
 2.40000E+00    2.51245E+03    0.00000E+00    0.00000E+00
 2.60000E+00    2.45270E+03    0.00000E+00    0.00000E+00
 2.80000E+00    2.38841E+03    0.00000E+00    0.00000E+00
 3.00000E+00    2.33091E+03    0.00000E+00    0.00000E+00
 3.20000E+00    2.28478E+03    0.00000E+00    0.00000E+00
 3.40000E+00    2.24971E+03    0.00000E+00    0.00000E+00
 3.60000E+00    2.22236E+03    0.00000E+00    0.00000E+00
 3.80000E+00    2.19870E+03    0.00000E+00    0.00000E+00
 4.00000E+00    2.17557E+03    0.00000E+00    0.00000E+00
 4.20000E+00    2.15126E+03    0.00000E+00    0.00000E+00
 4.40000E+00    2.12594E+03    0.00000E+00    0.00000E+00
 4.60000E+00    2.10054E+03    0.00000E+00    0.00000E+00
 4.80000E+00    2.07660E+03    0.00000E+00    0.00000E+00
 5.00000E+00    2.05509E+03    0.00000E+00    0.00000E+00
 5.20000E+00    2.03743E+03    0.00000E+00    0.00000E+00
 5.40000E+00    2.02462E+03    0.00000E+00    0.00000E+00
 5.60000E+00    2.01656E+03    0.00000E+00    0.00000E+00
 5.80000E+00    2.01380E+03    0.00000E+00    0.00000E+00
 6.00000E+00    2.01605E+03    0.00000E+00    0.00000E+00
 6.20000E+00    2.00520E+03    0.00000E+00    0.00000E+00
 6.40000E+00    1.97431E+03    0.00000E+00    0.00000E+00
 6.60000E+00    1.92507E+03    0.00000E+00    0.00000E+00
 6.80000E+00    1.86176E+03    0.00000E+00    0.00000E+00
 7.00000E+00    1.79434E+03    0.00000E+00    0.00000E+00
 7.20000E+00    1.72599E+03    0.00000E+00    0.00000E+00
 7.40000E+00    1.65043E+03    0.00000E+00    0.00000E+00
 7.60000E+00    1.57575E+03    0.00000E+00    0.00000E+00
 7.80000E+00    1.49705E+03    0.00000E+00    0.00000E+00
 8.00000E+00    1.42018E+03    0.00000E+00    0.00000E+00
 8.50000E+00    1.23361E+03    0.00000E+00    0.00000E+00
 9.00000E+00    1.06662E+03    0.00000E+00    0.00000E+00
 9.50000E+00    9.20999E+02    0.00000E+00    0.00000E+00
 1.00000E+01    7.97509E+02    0.00000E+00    0.00000E+00
 1.05000E+01    6.97061E+02    0.00000E+00    0.00000E+00
 1.10000E+01    6.18159E+02    0.00000E+00    0.00000E+00
 1.15000E+01    5.58151E+02    0.00000E+00    0.00000E+00
 1.20000E+01    5.13127E+02    0.00000E+00    0.00000E+00
 1.25000E+01    4.78427E+02    0.00000E+00    0.00000E+00
 1.30000E+01    4.51605E+02    0.00000E+00    0.00000E+00
 1.35000E+01    4.29599E+02    0.00000E+00    0.00000E+00
 1.40000E+01    4.10901E+02    0.00000E+00    0.00000E+00
 1.45000E+01    3.94329E+02    0.00000E+00    0.00000E+00
 1.50000E+01    3.79499E+02    0.00000E+00    0.00000E+00
 1.60000E+01    3.53516E+02    0.00000E+00    0.00000E+00
 1.70000E+01    3.35801E+02    0.00000E+00    0.00000E+00
 1.80000E+01    3.18326E+02    0.00000E+00    0.00000E+00
 1.90000E+01    3.04206E+02    0.00000E+00    0.00000E+00
 2.00000E+01    2.91305E+02    0.00000E+00    0.00000E+00
 2.10000E+01    2.78759E+02    0.00000E+00    0.00000E+00
 2.20000E+01    2.66139E+02    0.00000E+00    0.00000E+00
 2.30000E+01    2.53773E+02    0.00000E+00    0.00000E+00
 2.40000E+01    2.41895E+02    0.00000E+00    0.00000E+00
 2.50000E+01    2.31635E+02    0.00000E+00    0.00000E+00
 2.60000E+01    2.22633E+02    0.00000E+00    0.00000E+00
 2.70000E+01    2.14980E+02    0.00000E+00    0.00000E+00
 2.80000E+01    2.07889E+02    0.00000E+00    0.00000E+00
 2.90000E+01    2.00743E+02    0.00000E+00    0.00000E+00
 3.00000E+01    1.93596E+02    0.00000E+00    0.00000E+00
 3.00000E+01    1.78039E+02    0.00000E+00    0.00000E+00
 3.20000E+01    1.65454E+02    0.00000E+00    0.00000E+00
 3.40000E+01    1.52604E+02    0.00000E+00    0.00000E+00
 3.60000E+01    1.41504E+02    0.00000E+00    0.00000E+00
 3.80000E+01    1.31998E+02    0.00000E+00    0.00000E+00
 4.00000E+01    1.23288E+02    0.00000E+00    0.00000E+00
 4.20000E+01    1.15594E+02    0.00000E+00    0.00000E+00
 4.40000E+01    1.09643E+02    0.00000E+00    0.00000E+00
 4.60000E+01    1.05766E+02    0.00000E+00    0.00000E+00
 4.80000E+01    1.03064E+02    0.00000E+00    0.00000E+00
 5.00000E+01    9.92736E+01    0.00000E+00    0.00000E+00
 5.20000E+01    9.48333E+01    0.00000E+00    0.00000E+00
 5.40000E+01    9.05018E+01    0.00000E+00    0.00000E+00
 5.60000E+01    8.65769E+01    0.00000E+00    0.00000E+00
 5.80000E+01    8.29309E+01    0.00000E+00    0.00000E+00
 6.00000E+01    7.94888E+01    0.00000E+00    0.00000E+00
 6.50000E+01    7.17292E+01    0.00000E+00    0.00000E+00
 7.00000E+01    6.51626E+01    0.00000E+00    0.00000E+00
 7.50000E+01    5.90006E+01    0.00000E+00    0.00000E+00
 8.00000E+01    5.37562E+01    0.00000E+00    0.00000E+00
 9.00000E+01    4.43564E+01    0.00000E+00    0.00000E+00
 1.00000E+02    3.66851E+01    0.00000E+00    0.00000E+00
 1.10000E+02    3.02298E+01    0.00000E+00    0.00000E+00
 1.20000E+02    2.50012E+01    0.00000E+00    0.00000E+00
 1.30000E+02    2.07880E+01    0.00000E+00    0.00000E+00
 1.40000E+02    1.74452E+01    0.00000E+00    0.00000E+00
 1.50000E+02    1.46225E+01    0.00000E+00    0.00000E+00
 1.60000E+02    1.20732E+01    0.00000E+00    0.00000E+00
 1.80000E+02    8.43762E+00    0.00000E+00    0.00000E+00
 2.00000E+02    6.18479E+00    0.00000E+00    0.00000E+00
