# n + Ac222 : (n,n'05)  
# tendl.2017 A.J. Koning and D. Rochman        EVAL-NOV17
# uncertainties: n
# # energies =    97
#   E(MeV)       xs(mb) 
 3.25817E-01    0.00000E+00
 3.31404E-01    1.19201E-03
 3.42027E-01    3.45846E-03
 3.46606E-01    4.43540E-03
 3.56469E-01    6.53971E-03
 3.65327E-01    8.42960E-03
 3.83153E-01    1.22328E-02
 3.95490E-01    1.48650E-02
 4.00000E-01    1.58272E-02
 4.06601E-01    2.18541E-02
 4.28283E-01    4.16504E-02
 4.39665E-01    5.20424E-02
 4.41067E-01    5.33225E-02
 4.46629E-01    5.84008E-02
 4.51186E-01    6.25615E-02
 4.58406E-01    6.91535E-02
 4.64622E-01    7.48289E-02
 4.76832E-01    8.59770E-02
 4.88035E-01    9.62056E-02
 4.98760E-01    1.05998E-01
 4.99971E-01    1.07103E-01
 5.00000E-01    1.07130E-01
 5.12223E-01    1.28844E-01
 5.15771E-01    1.35147E-01
 5.20899E-01    1.44257E-01
 5.26928E-01    1.54967E-01
 5.29232E-01    1.59060E-01
 5.30531E-01    1.61368E-01
 6.00000E-01    2.84778E-01
 7.00000E-01    5.25932E-01
 8.00000E-01    8.05035E-01
 9.00000E-01    1.10600E+00
 1.00000E+00    1.42111E+00
 1.20000E+00    2.10081E+00
 1.40000E+00    2.90482E+00
 1.60000E+00    3.90644E+00
 1.80000E+00    5.01687E+00
 2.00000E+00    5.95246E+00
 2.20000E+00    6.46410E+00
 2.40000E+00    6.52165E+00
 2.60000E+00    6.25864E+00
 2.80000E+00    5.83821E+00
 3.00000E+00    5.38165E+00
 3.20000E+00    4.95575E+00
 3.40000E+00    4.58551E+00
 3.60000E+00    4.27047E+00
 3.80000E+00    3.99844E+00
 4.00000E+00    3.75529E+00
 4.20000E+00    3.53049E+00
 4.40000E+00    3.31884E+00
 4.60000E+00    3.11948E+00
 4.80000E+00    2.93377E+00
 5.00000E+00    2.76363E+00
 5.20000E+00    2.61045E+00
 5.40000E+00    2.47479E+00
 5.60000E+00    2.35662E+00
 5.80000E+00    2.25533E+00
 6.00000E+00    2.17005E+00
 6.20000E+00    2.09972E+00
 6.40000E+00    2.04311E+00
 6.60000E+00    1.99879E+00
 6.80000E+00    1.96514E+00
 7.00000E+00    1.94034E+00
 7.20000E+00    1.92236E+00
 7.40000E+00    1.90911E+00
 7.60000E+00    1.89857E+00
 7.80000E+00    1.88893E+00
 8.00000E+00    1.87876E+00
 8.50000E+00    1.84523E+00
 9.00000E+00    1.79681E+00
 9.50000E+00    1.73624E+00
 1.00000E+01    1.66908E+00
 1.05000E+01    1.60068E+00
 1.10000E+01    1.53500E+00
 1.15000E+01    1.47429E+00
 1.20000E+01    1.41908E+00
 1.25000E+01    1.36867E+00
 1.30000E+01    1.32181E+00
 1.35000E+01    1.27736E+00
 1.40000E+01    1.23473E+00
 1.45000E+01    1.19383E+00
 1.50000E+01    1.15492E+00
 1.60000E+01    1.08477E+00
 1.70000E+01    1.02664E+00
 1.80000E+01    9.80304E-01
 1.90000E+01    9.42916E-01
 2.00000E+01    9.10429E-01
 2.10000E+01    8.79280E-01
 2.20000E+01    8.47650E-01
 2.30000E+01    8.15791E-01
 2.40000E+01    7.85319E-01
 2.50000E+01    7.57861E-01
 2.60000E+01    7.34170E-01
 2.70000E+01    7.13955E-01
 2.80000E+01    6.96191E-01
 2.90000E+01    6.79502E-01
 3.00000E+01    6.62628E-01
