# n + Ac222 : (n,n'11)  
# tendl.2017 A.J. Koning and D. Rochman        EVAL-NOV17
# uncertainties: n
# # energies =    91
#   E(MeV)       xs(mb) 
 3.83153E-01    0.00000E+00
 3.95490E-01    5.00206E-02
 4.00000E-01    6.83065E-02
 4.06601E-01    1.49201E-01
 4.28283E-01    4.14913E-01
 4.39665E-01    5.54398E-01
 4.41067E-01    5.71580E-01
 4.46629E-01    6.39742E-01
 4.51186E-01    6.95588E-01
 4.58406E-01    7.84068E-01
 4.64622E-01    8.60245E-01
 4.76832E-01    1.00988E+00
 4.88035E-01    1.14717E+00
 4.98760E-01    1.27860E+00
 4.99971E-01    1.29344E+00
 5.00000E-01    1.29380E+00
 5.12223E-01    1.51684E+00
 5.15771E-01    1.58158E+00
 5.20899E-01    1.67515E+00
 5.26928E-01    1.78516E+00
 5.29232E-01    1.82720E+00
 5.30531E-01    1.85091E+00
 6.00000E-01    3.11852E+00
 7.00000E-01    4.95859E+00
 8.00000E-01    6.56335E+00
 9.00000E-01    7.87960E+00
 1.00000E+00    8.91439E+00
 1.20000E+00    1.01910E+01
 1.40000E+00    1.03370E+01
 1.60000E+00    9.33068E+00
 1.80000E+00    7.52162E+00
 2.00000E+00    5.56981E+00
 2.20000E+00    3.96346E+00
 2.40000E+00    2.82792E+00
 2.60000E+00    2.09191E+00
 2.80000E+00    1.64161E+00
 3.00000E+00    1.38169E+00
 3.20000E+00    1.24336E+00
 3.40000E+00    1.17993E+00
 3.60000E+00    1.16088E+00
 3.80000E+00    1.16688E+00
 4.00000E+00    1.18599E+00
 4.20000E+00    1.21120E+00
 4.40000E+00    1.23888E+00
 4.60000E+00    1.26747E+00
 4.80000E+00    1.29666E+00
 5.00000E+00    1.32682E+00
 5.20000E+00    1.35850E+00
 5.40000E+00    1.39224E+00
 5.60000E+00    1.42851E+00
 5.80000E+00    1.46738E+00
 6.00000E+00    1.50869E+00
 6.20000E+00    1.55190E+00
 6.40000E+00    1.59609E+00
 6.60000E+00    1.64010E+00
 6.80000E+00    1.68250E+00
 7.00000E+00    1.72181E+00
 7.20000E+00    1.75661E+00
 7.40000E+00    1.78576E+00
 7.60000E+00    1.80841E+00
 7.80000E+00    1.82422E+00
 8.00000E+00    1.83319E+00
 8.50000E+00    1.82911E+00
 9.00000E+00    1.79745E+00
 9.50000E+00    1.75176E+00
 1.00000E+01    1.70243E+00
 1.05000E+01    1.65574E+00
 1.10000E+01    1.61442E+00
 1.15000E+01    1.57872E+00
 1.20000E+01    1.54738E+00
 1.25000E+01    1.51852E+00
 1.30000E+01    1.49035E+00
 1.35000E+01    1.46161E+00
 1.40000E+01    1.43180E+00
 1.45000E+01    1.40096E+00
 1.50000E+01    1.36953E+00
 1.60000E+01    1.30718E+00
 1.70000E+01    1.24838E+00
 1.80000E+01    1.19437E+00
 1.90000E+01    1.14449E+00
 2.00000E+01    1.09740E+00
 2.10000E+01    1.05207E+00
 2.20000E+01    1.00813E+00
 2.30000E+01    9.65948E-01
 2.40000E+01    9.26230E-01
 2.50000E+01    8.89525E-01
 2.60000E+01    8.55978E-01
 2.70000E+01    8.25337E-01
 2.80000E+01    7.97134E-01
 2.90000E+01    7.70830E-01
 3.00000E+01    7.45944E-01
