# n + Ac222 : (n,n'15)  
# tendl.2017 A.J. Koning and D. Rochman        EVAL-NOV17
# uncertainties: n
# # energies =    86
#   E(MeV)       xs(mb) 
 4.39665E-01    0.00000E+00
 4.41067E-01    5.67814E-07
 4.46629E-01    2.82040E-06
 4.51186E-01    4.66598E-06
 4.58406E-01    7.59005E-06
 4.64622E-01    1.01075E-05
 4.76832E-01    1.50525E-05
 4.88035E-01    1.95897E-05
 4.98760E-01    2.39333E-05
 4.99971E-01    2.44238E-05
 5.00000E-01    2.44355E-05
 5.12223E-01    6.71182E-05
 5.15771E-01    7.95076E-05
 5.20899E-01    9.74147E-05
 5.26928E-01    1.18468E-04
 5.29232E-01    1.26514E-04
 5.30531E-01    1.31049E-04
 6.00000E-01    3.73635E-04
 7.00000E-01    1.50101E-03
 8.00000E-01    3.83126E-03
 9.00000E-01    7.71932E-03
 1.00000E+00    1.34217E-02
 1.20000E+00    3.07347E-02
 1.40000E+00    5.54137E-02
 1.60000E+00    8.66132E-02
 1.80000E+00    1.26323E-01
 2.00000E+00    1.79466E-01
 2.20000E+00    2.49003E-01
 2.40000E+00    3.33592E-01
 2.60000E+00    4.30054E-01
 2.80000E+00    5.35322E-01
 3.00000E+00    6.46395E-01
 3.20000E+00    7.59131E-01
 3.40000E+00    8.67710E-01
 3.60000E+00    9.65281E-01
 3.80000E+00    1.04548E+00
 4.00000E+00    1.10407E+00
 4.20000E+00    1.13984E+00
 4.40000E+00    1.15472E+00
 4.60000E+00    1.15286E+00
 4.80000E+00    1.13944E+00
 5.00000E+00    1.11952E+00
 5.20000E+00    1.09727E+00
 5.40000E+00    1.07581E+00
 5.60000E+00    1.05728E+00
 5.80000E+00    1.04305E+00
 6.00000E+00    1.03393E+00
 6.20000E+00    1.03030E+00
 6.40000E+00    1.03224E+00
 6.60000E+00    1.03953E+00
 6.80000E+00    1.05166E+00
 7.00000E+00    1.06782E+00
 7.20000E+00    1.08698E+00
 7.40000E+00    1.10788E+00
 7.60000E+00    1.12922E+00
 7.80000E+00    1.14976E+00
 8.00000E+00    1.16838E+00
 8.50000E+00    1.20173E+00
 9.00000E+00    1.21284E+00
 9.50000E+00    1.20379E+00
 1.00000E+01    1.18024E+00
 1.05000E+01    1.14833E+00
 1.10000E+01    1.11316E+00
 1.15000E+01    1.07816E+00
 1.20000E+01    1.04502E+00
 1.25000E+01    1.01406E+00
 1.30000E+01    9.84884E-01
 1.35000E+01    9.56923E-01
 1.40000E+01    9.29865E-01
 1.45000E+01    9.03698E-01
 1.50000E+01    8.78664E-01
 1.60000E+01    8.33330E-01
 1.70000E+01    7.95781E-01
 1.80000E+01    7.65935E-01
 1.90000E+01    7.41738E-01
 2.00000E+01    7.20229E-01
 2.10000E+01    6.98809E-01
 2.20000E+01    6.76185E-01
 2.30000E+01    6.52623E-01
 2.40000E+01    6.29449E-01
 2.50000E+01    6.08046E-01
 2.60000E+01    5.89140E-01
 2.70000E+01    5.72657E-01
 2.80000E+01    5.57951E-01
 2.90000E+01    5.44078E-01
 3.00000E+01    5.30134E-01
