# n + Ac222 : (n,n'17)  
# tendl.2017 A.J. Koning and D. Rochman        EVAL-NOV17
# uncertainties: n
# # energies =    84
#   E(MeV)       xs(mb) 
 4.46629E-01    0.00000E+00
 4.51186E-01    8.85745E-01
 4.58406E-01    2.28909E+00
 4.64622E-01    3.49729E+00
 4.76832E-01    5.87055E+00
 4.88035E-01    8.04807E+00
 4.98760E-01    1.01327E+01
 4.99971E-01    1.03681E+01
 5.00000E-01    1.03737E+01
 5.12223E-01    1.24012E+01
 5.15771E-01    1.29898E+01
 5.20899E-01    1.38404E+01
 5.26928E-01    1.48405E+01
 5.29232E-01    1.52226E+01
 5.30531E-01    1.54381E+01
 6.00000E-01    2.69615E+01
 7.00000E-01    3.46699E+01
 8.00000E-01    3.62207E+01
 9.00000E-01    3.48442E+01
 1.00000E+00    3.23866E+01
 1.20000E+00    2.70255E+01
 1.40000E+00    2.19226E+01
 1.60000E+00    1.70671E+01
 1.80000E+00    1.26560E+01
 2.00000E+00    9.05845E+00
 2.20000E+00    6.40913E+00
 2.40000E+00    4.58620E+00
 2.60000E+00    3.38582E+00
 2.80000E+00    2.61895E+00
 3.00000E+00    2.14321E+00
 3.20000E+00    1.85778E+00
 3.40000E+00    1.69341E+00
 3.60000E+00    1.60401E+00
 3.80000E+00    1.55996E+00
 4.00000E+00    1.54242E+00
 4.20000E+00    1.53990E+00
 4.40000E+00    1.54568E+00
 4.60000E+00    1.55619E+00
 4.80000E+00    1.56975E+00
 5.00000E+00    1.58581E+00
 5.20000E+00    1.60433E+00
 5.40000E+00    1.62544E+00
 5.60000E+00    1.64937E+00
 5.80000E+00    1.67610E+00
 6.00000E+00    1.70544E+00
 6.20000E+00    1.73692E+00
 6.40000E+00    1.76972E+00
 6.60000E+00    1.80290E+00
 6.80000E+00    1.83525E+00
 7.00000E+00    1.86553E+00
 7.20000E+00    1.89254E+00
 7.40000E+00    1.91528E+00
 7.60000E+00    1.93305E+00
 7.80000E+00    1.94548E+00
 8.00000E+00    1.95253E+00
 8.50000E+00    1.94908E+00
 9.00000E+00    1.92358E+00
 9.50000E+00    1.88698E+00
 1.00000E+01    1.84782E+00
 1.05000E+01    1.81126E+00
 1.10000E+01    1.77941E+00
 1.15000E+01    1.75224E+00
 1.20000E+01    1.72849E+00
 1.25000E+01    1.70640E+00
 1.30000E+01    1.68437E+00
 1.35000E+01    1.66135E+00
 1.40000E+01    1.63691E+00
 1.45000E+01    1.61117E+00
 1.50000E+01    1.58459E+00
 1.60000E+01    1.53123E+00
 1.70000E+01    1.48055E+00
 1.80000E+01    1.43401E+00
 1.90000E+01    1.39119E+00
 2.00000E+01    1.35085E+00
 2.10000E+01    1.31173E+00
 2.20000E+01    1.27318E+00
 2.30000E+01    1.23541E+00
 2.40000E+01    1.19923E+00
 2.50000E+01    1.16539E+00
 2.60000E+01    1.13413E+00
 2.70000E+01    1.10513E+00
 2.80000E+01    1.07777E+00
 2.90000E+01    1.05125E+00
 3.00000E+01    1.02495E+00
