# n + Ac222 : (n,n'27)  
# tendl.2017 A.J. Koning and D. Rochman        EVAL-NOV17
# uncertainties: n
# # energies =    73
#   E(MeV)       xs(mb) 
 5.20899E-01    0.00000E+00
 5.26928E-01    1.27238E+00
 5.29232E-01    1.75863E+00
 5.30531E-01    2.03276E+00
 6.00000E-01    1.66937E+01
 7.00000E-01    2.29305E+01
 8.00000E-01    2.39918E+01
 9.00000E-01    2.26244E+01
 1.00000E+00    2.02311E+01
 1.20000E+00    1.48959E+01
 1.40000E+00    1.02429E+01
 1.60000E+00    6.69995E+00
 1.80000E+00    4.23938E+00
 2.00000E+00    2.66322E+00
 2.20000E+00    1.69278E+00
 2.40000E+00    1.09102E+00
 2.60000E+00    7.08947E-01
 2.80000E+00    4.61651E-01
 3.00000E+00    3.00439E-01
 3.20000E+00    1.95444E-01
 3.40000E+00    1.27245E-01
 3.60000E+00    8.30085E-02
 3.80000E+00    5.43564E-02
 4.00000E+00    3.57746E-02
 4.20000E+00    2.36853E-02
 4.40000E+00    1.57763E-02
 4.60000E+00    1.05703E-02
 4.80000E+00    7.11649E-03
 5.00000E+00    4.82469E-03
 5.20000E+00    3.28615E-03
 5.40000E+00    2.24012E-03
 5.60000E+00    1.53973E-03
 5.80000E+00    1.06404E-03
 6.00000E+00    7.40789E-04
 6.20000E+00    5.18413E-04
 6.40000E+00    3.64788E-04
 6.60000E+00    2.58252E-04
 6.80000E+00    1.83673E-04
 7.00000E+00    1.31509E-04
 7.20000E+00    9.45949E-05
 7.40000E+00    6.83957E-05
 7.60000E+00    4.97359E-05
 7.80000E+00    3.63041E-05
 8.00000E+00    2.66538E-05
 8.50000E+00    1.25235E-05
 9.00000E+00    6.03061E-06
 9.50000E+00    2.97019E-06
 1.00000E+01    1.49436E-06
 1.05000E+01    7.67200E-07
 1.10000E+01    4.01844E-07
 1.15000E+01    2.14533E-07
 1.20000E+01    1.16712E-07
 1.25000E+01    6.46364E-08
 1.30000E+01    3.63978E-08
 1.35000E+01    2.08089E-08
 1.40000E+01    1.20639E-08
 1.45000E+01    7.08350E-09
 1.50000E+01    4.20968E-09
 1.60000E+01    1.53908E-09
 1.70000E+01    5.85451E-10
 1.80000E+01    2.33787E-10
 1.90000E+01    9.73174E-11
 2.00000E+01    4.22813E-11
 2.10000E+01    1.91098E-11
 2.20000E+01    8.96355E-12
 2.30000E+01    4.35350E-12
 2.40000E+01    2.16874E-12
 2.50000E+01    1.11064E-12
 2.60000E+01    5.84364E-13
 2.70000E+01    3.15476E-13
 2.80000E+01    1.74418E-13
 2.90000E+01    9.87216E-14
 3.00000E+01    5.70544E-14
