# n + Ac226 : (n,tot)   
# endfb8.0   O.Iwamoto, T.Nakagawa, et al.     EVAL-FEB10
# uncertainties: y
# # energies =   634
#   E(MeV)       xs(mb)       xslow(mb)      xsupp(mb)
 1.00000E-11    5.06148E+07    5.06148E+07    5.06148E+07
 1.03223E-11    4.98184E+07    4.98184E+07    4.98184E+07
 1.06549E-11    4.90348E+07    4.90348E+07    4.90348E+07
 1.09984E-11    4.82633E+07    4.82633E+07    4.82633E+07
 1.13527E-11    4.75043E+07    4.75043E+07    4.75043E+07
 1.17186E-11    4.67568E+07    4.67568E+07    4.67568E+07
 1.20962E-11    4.60215E+07    4.60215E+07    4.60215E+07
 1.24861E-11    4.52974E+07    4.52974E+07    4.52974E+07
 1.28884E-11    4.45850E+07    4.45850E+07    4.45850E+07
 1.33038E-11    4.38835E+07    4.38835E+07    4.38835E+07
 1.37325E-11    4.31934E+07    4.31934E+07    4.31934E+07
 1.41751E-11    4.25138E+07    4.25138E+07    4.25138E+07
 1.46318E-11    4.18452E+07    4.18452E+07    4.18452E+07
 1.51034E-11    4.11868E+07    4.11868E+07    4.11868E+07
 1.55901E-11    4.05391E+07    4.05391E+07    4.05391E+07
 1.60926E-11    3.99013E+07    3.99013E+07    3.99013E+07
 1.66111E-11    3.92738E+07    3.92738E+07    3.92738E+07
 1.71465E-11    3.86560E+07    3.86560E+07    3.86560E+07
 1.76990E-11    3.80480E+07    3.80480E+07    3.80480E+07
 1.82694E-11    3.74495E+07    3.74495E+07    3.74495E+07
 1.88581E-11    3.68605E+07    3.68605E+07    3.68605E+07
 1.94659E-11    3.62807E+07    3.62807E+07    3.62807E+07
 2.00931E-11    3.57101E+07    3.57101E+07    3.57101E+07
 2.07407E-11    3.51484E+07    3.51484E+07    3.51484E+07
 2.14090E-11    3.45956E+07    3.45956E+07    3.45956E+07
 2.20991E-11    3.40514E+07    3.40514E+07    3.40514E+07
 2.28111E-11    3.35159E+07    3.35159E+07    3.35159E+07
 2.35464E-11    3.29887E+07    3.29887E+07    3.29887E+07
 2.43051E-11    3.24700E+07    3.24700E+07    3.24700E+07
 2.50884E-11    3.19592E+07    3.19592E+07    3.19592E+07
 2.58968E-11    3.14567E+07    3.14567E+07    3.14567E+07
 2.67315E-11    3.09619E+07    3.09619E+07    3.09619E+07
 2.75928E-11    3.04750E+07    3.04750E+07    3.04750E+07
 2.84822E-11    2.99957E+07    2.99957E+07    2.99957E+07
 2.93999E-11    2.95240E+07    2.95240E+07    2.95240E+07
 3.03475E-11    2.90597E+07    2.90597E+07    2.90597E+07
 3.13253E-11    2.86027E+07    2.86027E+07    2.86027E+07
 3.23350E-11    2.81529E+07    2.81529E+07    2.81529E+07
 3.33769E-11    2.77102E+07    2.77102E+07    2.77102E+07
 3.44526E-11    2.72744E+07    2.72744E+07    2.72744E+07
 3.55627E-11    2.68456E+07    2.68456E+07    2.68456E+07
 3.67089E-11    2.64234E+07    2.64234E+07    2.64234E+07
 3.78918E-11    2.60079E+07    2.60079E+07    2.60079E+07
 3.91130E-11    2.55989E+07    2.55989E+07    2.55989E+07
 4.03734E-11    2.51965E+07    2.51965E+07    2.51965E+07
 4.16746E-11    2.48002E+07    2.48002E+07    2.48002E+07
 4.30174E-11    2.44103E+07    2.44103E+07    2.44103E+07
 4.44039E-11    2.40265E+07    2.40265E+07    2.40265E+07
 4.58347E-11    2.36488E+07    2.36488E+07    2.36488E+07
 4.73119E-11    2.32769E+07    2.32769E+07    2.32769E+07
 4.88364E-11    2.29110E+07    2.29110E+07    2.29110E+07
 5.04104E-11    2.25507E+07    2.25507E+07    2.25507E+07
 5.20348E-11    2.21962E+07    2.21962E+07    2.21962E+07
 5.37119E-11    2.18472E+07    2.18472E+07    2.18472E+07
 5.54426E-11    2.15038E+07    2.15038E+07    2.15038E+07
 5.72295E-11    2.11657E+07    2.11657E+07    2.11657E+07
 5.90736E-11    2.08330E+07    2.08330E+07    2.08330E+07
 6.09775E-11    2.05055E+07    2.05055E+07    2.05055E+07
 6.29424E-11    2.01832E+07    2.01832E+07    2.01832E+07
 6.49710E-11    1.98659E+07    1.98659E+07    1.98659E+07
 6.70645E-11    1.95537E+07    1.95537E+07    1.95537E+07
 6.92260E-11    1.92463E+07    1.92463E+07    1.92463E+07
 7.14566E-11    1.89438E+07    1.89438E+07    1.89438E+07
 7.37596E-11    1.86460E+07    1.86460E+07    1.86460E+07
 7.61364E-11    1.83530E+07    1.83530E+07    1.83530E+07
 7.85902E-11    1.80645E+07    1.80645E+07    1.80645E+07
 8.11227E-11    1.77806E+07    1.77806E+07    1.77806E+07
 8.37372E-11    1.75012E+07    1.75012E+07    1.75012E+07
 8.64355E-11    1.72261E+07    1.72261E+07    1.72261E+07
 8.92212E-11    1.69554E+07    1.69554E+07    1.69554E+07
 9.20962E-11    1.66890E+07    1.66890E+07    1.66890E+07
 9.50644E-11    1.64267E+07    1.64267E+07    1.64267E+07
 9.81277E-11    1.61686E+07    1.61686E+07    1.61686E+07
 1.01291E-10    1.59145E+07    1.59145E+07    1.59145E+07
 1.04554E-10    1.56645E+07    1.56645E+07    1.56645E+07
 1.07924E-10    1.54183E+07    1.54183E+07    1.54183E+07
 1.11402E-10    1.51761E+07    1.51761E+07    1.51761E+07
 1.14992E-10    1.49376E+07    1.49376E+07    1.49376E+07
 1.18697E-10    1.47030E+07    1.47030E+07    1.47030E+07
 1.22523E-10    1.44719E+07    1.44719E+07    1.44719E+07
 1.26471E-10    1.42446E+07    1.42446E+07    1.42446E+07
 1.30547E-10    1.40208E+07    1.40208E+07    1.40208E+07
 1.34754E-10    1.38006E+07    1.38006E+07    1.38006E+07
 1.39097E-10    1.35838E+07    1.35838E+07    1.35838E+07
 1.43579E-10    1.33704E+07    1.33704E+07    1.33704E+07
 1.48207E-10    1.31604E+07    1.31604E+07    1.31604E+07
 1.52982E-10    1.29537E+07    1.29537E+07    1.29537E+07
 1.57913E-10    1.27502E+07    1.27502E+07    1.27502E+07
 1.63001E-10    1.25500E+07    1.25500E+07    1.25500E+07
 1.68254E-10    1.23528E+07    1.23528E+07    1.23528E+07
 1.73676E-10    1.21589E+07    1.21589E+07    1.21589E+07
 1.79274E-10    1.19679E+07    1.19679E+07    1.19679E+07
 1.85050E-10    1.17800E+07    1.17800E+07    1.17800E+07
 1.91014E-10    1.15950E+07    1.15950E+07    1.15950E+07
 1.97169E-10    1.14129E+07    1.14129E+07    1.14129E+07
 2.03524E-10    1.12337E+07    1.12337E+07    1.12337E+07
 2.10082E-10    1.10573E+07    1.10573E+07    1.10573E+07
 2.16853E-10    1.08837E+07    1.08837E+07    1.08837E+07
 2.23840E-10    1.07128E+07    1.07128E+07    1.07128E+07
 2.31055E-10    1.05446E+07    1.05446E+07    1.05446E+07
 2.38500E-10    1.03790E+07    1.03790E+07    1.03790E+07
 2.46187E-10    1.02161E+07    1.02161E+07    1.02161E+07
 2.54120E-10    1.00557E+07    1.00557E+07    1.00557E+07
 2.62310E-10    9.89782E+06    9.89782E+06    9.89782E+06
 2.70762E-10    9.74246E+06    9.74246E+06    9.74246E+06
 2.79489E-10    9.58951E+06    9.58951E+06    9.58951E+06
 2.88494E-10    9.43899E+06    9.43899E+06    9.43899E+06
 2.97793E-10    9.29081E+06    9.29081E+06    9.29081E+06
 3.07388E-10    9.14499E+06    9.14499E+06    9.14499E+06
 3.17295E-10    9.00143E+06    9.00143E+06    9.00143E+06
 3.27519E-10    8.86016E+06    8.86016E+06    8.86016E+06
 3.38075E-10    8.72108E+06    8.72108E+06    8.72108E+06
 3.48969E-10    8.58421E+06    8.58421E+06    8.58421E+06
 3.60216E-10    8.44947E+06    8.44947E+06    8.44947E+06
 3.71823E-10    8.31687E+06    8.31687E+06    8.31687E+06
 3.83807E-10    8.18633E+06    8.18633E+06    8.18633E+06
 3.96174E-10    8.05787E+06    8.05787E+06    8.05787E+06
 4.08943E-10    7.93140E+06    7.93140E+06    7.93140E+06
 4.22120E-10    7.80694E+06    7.80694E+06    7.80694E+06
 4.35725E-10    7.68442E+06    7.68442E+06    7.68442E+06
 4.49765E-10    7.56384E+06    7.56384E+06    7.56384E+06
 4.64261E-10    7.44513E+06    7.44513E+06    7.44513E+06
 4.79221E-10    7.32831E+06    7.32831E+06    7.32831E+06
 4.94666E-10    7.21331E+06    7.21331E+06    7.21331E+06
 5.10605E-10    7.10013E+06    7.10013E+06    7.10013E+06
 5.27062E-10    6.98871E+06    6.98871E+06    6.98871E+06
 5.44045E-10    6.87906E+06    6.87906E+06    6.87906E+06
 5.61580E-10    6.77111E+06    6.77111E+06    6.77111E+06
 5.79675E-10    6.66488E+06    6.66488E+06    6.66488E+06
 5.98358E-10    6.56029E+06    6.56029E+06    6.56029E+06
 6.17639E-10    6.45737E+06    6.45737E+06    6.45737E+06
 6.37545E-10    6.35604E+06    6.35604E+06    6.35604E+06
 6.58089E-10    6.25632E+06    6.25632E+06    6.25632E+06
 6.79298E-10    6.15815E+06    6.15815E+06    6.15815E+06
 7.01188E-10    6.06154E+06    6.06154E+06    6.06154E+06
 7.23786E-10    5.96643E+06    5.96643E+06    5.96643E+06
 7.47109E-10    5.87283E+06    5.87283E+06    5.87283E+06
 7.71188E-10    5.78068E+06    5.78068E+06    5.78068E+06
 7.96038E-10    5.69000E+06    5.69000E+06    5.69000E+06
 8.21693E-10    5.60072E+06    5.60072E+06    5.60072E+06
 8.48171E-10    5.51286E+06    5.51286E+06    5.51286E+06
 8.75507E-10    5.42636E+06    5.42636E+06    5.42636E+06
 9.03719E-10    5.34124E+06    5.34124E+06    5.34124E+06
 9.32845E-10    5.25744E+06    5.25744E+06    5.25744E+06
 9.62904E-10    5.17497E+06    5.17497E+06    5.17497E+06
 9.93937E-10    5.09377E+06    5.09377E+06    5.09377E+06
 1.02597E-09    5.01387E+06    5.01387E+06    5.01387E+06
 1.05903E-09    4.93520E+06    4.93520E+06    4.93520E+06
 1.09316E-09    4.85779E+06    4.85779E+06    4.85779E+06
 1.12839E-09    4.78157E+06    4.78157E+06    4.78157E+06
 1.16475E-09    4.70657E+06    4.70657E+06    4.70657E+06
 1.20229E-09    4.63273E+06    4.63273E+06    4.63273E+06
 1.24103E-09    4.56006E+06    4.56006E+06    4.56006E+06
 1.28103E-09    4.48852E+06    4.48852E+06    4.48852E+06
 1.32231E-09    4.41811E+06    4.41811E+06    4.41811E+06
 1.36492E-09    4.34880E+06    4.34880E+06    4.34880E+06
 1.40890E-09    4.28058E+06    4.28058E+06    4.28058E+06
 1.45431E-09    4.21342E+06    4.21342E+06    4.21342E+06
 1.50117E-09    4.14733E+06    4.14733E+06    4.14733E+06
 1.54956E-09    4.08227E+06    4.08227E+06    4.08227E+06
 1.59949E-09    4.01824E+06    4.01824E+06    4.01824E+06
 1.65104E-09    3.95520E+06    3.95520E+06    3.95520E+06
 1.70424E-09    3.89316E+06    3.89316E+06    3.89316E+06
 1.75917E-09    3.83208E+06    3.83208E+06    3.83208E+06
 1.81585E-09    3.77197E+06    3.77197E+06    3.77197E+06
 1.87438E-09    3.71280E+06    3.71280E+06    3.71280E+06
 1.93477E-09    3.65456E+06    3.65456E+06    3.65456E+06
 1.99713E-09    3.59723E+06    3.59723E+06    3.59723E+06
 2.06148E-09    3.54081E+06    3.54081E+06    3.54081E+06
 2.12792E-09    3.48526E+06    3.48526E+06    3.48526E+06
 2.19649E-09    3.43059E+06    3.43059E+06    3.43059E+06
 2.26728E-09    3.37677E+06    3.37677E+06    3.37677E+06
 2.34034E-09    3.32381E+06    3.32381E+06    3.32381E+06
 2.41577E-09    3.27167E+06    3.27167E+06    3.27167E+06
 2.49362E-09    3.22035E+06    3.22035E+06    3.22035E+06
 2.57398E-09    3.16983E+06    3.16983E+06    3.16983E+06
 2.65692E-09    3.12011E+06    3.12011E+06    3.12011E+06
 2.74255E-09    3.07117E+06    3.07117E+06    3.07117E+06
 2.83093E-09    3.02299E+06    3.02299E+06    3.02299E+06
 2.92217E-09    2.97557E+06    2.97557E+06    2.97557E+06
 3.01633E-09    2.92890E+06    2.92890E+06    2.92890E+06
 3.11354E-09    2.88295E+06    2.88295E+06    2.88295E+06
 3.21387E-09    2.83774E+06    2.83774E+06    2.83774E+06
 3.31745E-09    2.79322E+06    2.79322E+06    2.79322E+06
 3.42435E-09    2.74941E+06    2.74941E+06    2.74941E+06
 3.53471E-09    2.70628E+06    2.70628E+06    2.70628E+06
 3.64861E-09    2.66383E+06    2.66383E+06    2.66383E+06
 3.76620E-09    2.62204E+06    2.62204E+06    2.62204E+06
 3.88757E-09    2.58092E+06    2.58092E+06    2.58092E+06
 4.01286E-09    2.54043E+06    2.54043E+06    2.54043E+06
 4.14217E-09    2.50058E+06    2.50058E+06    2.50058E+06
 4.27566E-09    2.46136E+06    2.46136E+06    2.46136E+06
 4.41344E-09    2.42275E+06    2.42275E+06    2.42275E+06
 4.55568E-09    2.38475E+06    2.38475E+06    2.38475E+06
 4.70248E-09    2.34734E+06    2.34734E+06    2.34734E+06
 4.85404E-09    2.31052E+06    2.31052E+06    2.31052E+06
 5.01045E-09    2.27428E+06    2.27428E+06    2.27428E+06
 5.17193E-09    2.23860E+06    2.23860E+06    2.23860E+06
 5.33859E-09    2.20349E+06    2.20349E+06    2.20349E+06
 5.51065E-09    2.16893E+06    2.16893E+06    2.16893E+06
 5.68822E-09    2.13491E+06    2.13491E+06    2.13491E+06
 5.87154E-09    2.10142E+06    2.10142E+06    2.10142E+06
 6.06075E-09    2.06846E+06    2.06846E+06    2.06846E+06
 6.25608E-09    2.03601E+06    2.03601E+06    2.03601E+06
 6.45767E-09    2.00408E+06    2.00408E+06    2.00408E+06
 6.66579E-09    1.97264E+06    1.97264E+06    1.97264E+06
 6.88059E-09    1.94170E+06    1.94170E+06    1.94170E+06
 7.10234E-09    1.91124E+06    1.91124E+06    1.91124E+06
 7.33121E-09    1.88127E+06    1.88127E+06    1.88127E+06
 7.56748E-09    1.85176E+06    1.85176E+06    1.85176E+06
 7.81133E-09    1.82271E+06    1.82271E+06    1.82271E+06
 8.06308E-09    1.79412E+06    1.79412E+06    1.79412E+06
 8.32291E-09    1.76598E+06    1.76598E+06    1.76598E+06
 8.59114E-09    1.73828E+06    1.73828E+06    1.73828E+06
 8.86798E-09    1.71102E+06    1.71102E+06    1.71102E+06
 9.15378E-09    1.68418E+06    1.68418E+06    1.68418E+06
 9.44875E-09    1.65776E+06    1.65776E+06    1.65776E+06
 9.75327E-09    1.63176E+06    1.63176E+06    1.63176E+06
 1.00676E-08    1.60616E+06    1.60616E+06    1.60616E+06
 1.03920E-08    1.58097E+06    1.58097E+06    1.58097E+06
 1.07269E-08    1.55617E+06    1.55617E+06    1.55617E+06
 1.10726E-08    1.53176E+06    1.53176E+06    1.53176E+06
 1.14294E-08    1.50773E+06    1.50773E+06    1.50773E+06
 1.17978E-08    1.48408E+06    1.48408E+06    1.48408E+06
 1.21779E-08    1.46081E+06    1.46081E+06    1.46081E+06
 1.25704E-08    1.43789E+06    1.43789E+06    1.43789E+06
 1.29755E-08    1.41534E+06    1.41534E+06    1.41534E+06
 1.33937E-08    1.39314E+06    1.39314E+06    1.39314E+06
 1.38253E-08    1.37129E+06    1.37129E+06    1.37129E+06
 1.42708E-08    1.34978E+06    1.34978E+06    1.34978E+06
 1.47307E-08    1.32861E+06    1.32861E+06    1.32861E+06
 1.52054E-08    1.30777E+06    1.30777E+06    1.30777E+06
 1.56954E-08    1.28725E+06    1.28725E+06    1.28725E+06
 1.62012E-08    1.26706E+06    1.26706E+06    1.26706E+06
 1.67233E-08    1.24719E+06    1.24719E+06    1.24719E+06
 1.72623E-08    1.22763E+06    1.22763E+06    1.22763E+06
 1.78185E-08    1.20837E+06    1.20837E+06    1.20837E+06
 1.83928E-08    1.18942E+06    1.18942E+06    1.18942E+06
 1.89855E-08    1.17077E+06    1.17077E+06    1.17077E+06
 1.95974E-08    1.15240E+06    1.15240E+06    1.15240E+06
 2.02289E-08    1.13433E+06    1.13433E+06    1.13433E+06
 2.08808E-08    1.11654E+06    1.11654E+06    1.11654E+06
 2.15537E-08    1.09904E+06    1.09904E+06    1.09904E+06
 2.22483E-08    1.08183E+06    1.08183E+06    1.08183E+06
 2.29652E-08    1.06490E+06    1.06490E+06    1.06490E+06
 2.37054E-08    1.04826E+06    1.04826E+06    1.04826E+06
 2.44693E-08    1.03192E+06    1.03192E+06    1.03192E+06
 2.52522E-08    1.01598E+06    1.01598E+06    1.01598E+06
 2.53000E-08    1.01503E+06    1.01503E+06    1.01503E+06
 2.61154E-08    9.99285E+05    9.99285E+05    9.99285E+05
 2.69569E-08    9.83828E+05    9.83828E+05    9.83828E+05
 2.78257E-08    9.68642E+05    9.68642E+05    9.68642E+05
 2.87224E-08    9.53719E+05    9.53719E+05    9.53719E+05
 2.96480E-08    9.39040E+05    9.39040E+05    9.39040E+05
 3.06034E-08    9.24599E+05    9.24599E+05    9.24599E+05
 3.15897E-08    9.10382E+05    9.10382E+05    9.10382E+05
 3.26077E-08    8.96386E+05    8.96386E+05    8.96386E+05
 3.36586E-08    8.82603E+05    8.82603E+05    8.82603E+05
 3.47432E-08    8.69033E+05    8.69033E+05    8.69033E+05
 3.58629E-08    8.55670E+05    8.55670E+05    8.55670E+05
 3.70185E-08    8.42516E+05    8.42516E+05    8.42516E+05
 3.82116E-08    8.29563E+05    8.29563E+05    8.29563E+05
 3.94429E-08    8.16812E+05    8.16812E+05    8.16812E+05
 4.07141E-08    8.04254E+05    8.04254E+05    8.04254E+05
 4.20261E-08    7.91892E+05    7.91892E+05    7.91892E+05
 4.33805E-08    7.79717E+05    7.79717E+05    7.79717E+05
 4.47784E-08    7.67731E+05    7.67731E+05    7.67731E+05
 4.62215E-08    7.55927E+05    7.55927E+05    7.55927E+05
 4.77110E-08    7.44306E+05    7.44306E+05    7.44306E+05
 4.92486E-08    7.32860E+05    7.32860E+05    7.32860E+05
 5.08356E-08    7.21592E+05    7.21592E+05    7.21592E+05
 5.24740E-08    7.10496E+05    7.10496E+05    7.10496E+05
 5.41649E-08    6.99572E+05    6.99572E+05    6.99572E+05
 5.59105E-08    6.88817E+05    6.88817E+05    6.88817E+05
 5.77122E-08    6.78230E+05    6.78230E+05    6.78230E+05
 5.95722E-08    6.67806E+05    6.67806E+05    6.67806E+05
 6.14918E-08    6.57544E+05    6.57544E+05    6.57544E+05
 6.34736E-08    6.47436E+05    6.47436E+05    6.47436E+05
 6.55190E-08    6.37483E+05    6.37483E+05    6.37483E+05
 6.76305E-08    6.27680E+05    6.27680E+05    6.27680E+05
 6.98099E-08    6.18028E+05    6.18028E+05    6.18028E+05
 7.20597E-08    6.08524E+05    6.08524E+05    6.08524E+05
 7.43818E-08    5.99169E+05    5.99169E+05    5.99169E+05
 7.67790E-08    5.89959E+05    5.89959E+05    5.89959E+05
 7.92531E-08    5.80892E+05    5.80892E+05    5.80892E+05
 8.18073E-08    5.71962E+05    5.71962E+05    5.71962E+05
 8.44435E-08    5.63170E+05    5.63170E+05    5.63170E+05
 8.71649E-08    5.54512E+05    5.54512E+05    5.54512E+05
 8.99737E-08    5.45988E+05    5.45988E+05    5.45988E+05
 9.28735E-08    5.37594E+05    5.37594E+05    5.37594E+05
 9.58662E-08    5.29329E+05    5.29329E+05    5.29329E+05
 9.89558E-08    5.21189E+05    5.21189E+05    5.21189E+05
 1.02145E-07    5.13175E+05    5.13175E+05    5.13175E+05
 1.05437E-07    5.05283E+05    5.05283E+05    5.05283E+05
 1.08834E-07    4.97514E+05    4.97514E+05    4.97514E+05
 1.12342E-07    4.89865E+05    4.89865E+05    4.89865E+05
 1.15962E-07    4.82337E+05    4.82337E+05    4.82337E+05
 1.19699E-07    4.74926E+05    4.74926E+05    4.74926E+05
 1.23556E-07    4.67629E+05    4.67629E+05    4.67629E+05
 1.27538E-07    4.60441E+05    4.60441E+05    4.60441E+05
 1.31648E-07    4.53361E+05    4.53361E+05    4.53361E+05
 1.35891E-07    4.46388E+05    4.46388E+05    4.46388E+05
 1.40270E-07    4.39524E+05    4.39524E+05    4.39524E+05
 1.44790E-07    4.32764E+05    4.32764E+05    4.32764E+05
 1.49456E-07    4.26111E+05    4.26111E+05    4.26111E+05
 1.54273E-07    4.19562E+05    4.19562E+05    4.19562E+05
 1.59244E-07    4.13116E+05    4.13116E+05    4.13116E+05
 1.64376E-07    4.06765E+05    4.06765E+05    4.06765E+05
 1.69673E-07    4.00511E+05    4.00511E+05    4.00511E+05
 1.75142E-07    3.94353E+05    3.94353E+05    3.94353E+05
 1.80785E-07    3.88293E+05    3.88293E+05    3.88293E+05
 1.86612E-07    3.82322E+05    3.82322E+05    3.82322E+05
 1.92625E-07    3.76445E+05    3.76445E+05    3.76445E+05
 1.98833E-07    3.70657E+05    3.70657E+05    3.70657E+05
 2.05240E-07    3.64958E+05    3.64958E+05    3.64958E+05
 2.11855E-07    3.59345E+05    3.59345E+05    3.59345E+05
 2.18682E-07    3.53819E+05    3.53819E+05    3.53819E+05
 2.25730E-07    3.48380E+05    3.48380E+05    3.48380E+05
 2.33003E-07    3.43028E+05    3.43028E+05    3.43028E+05
 2.40513E-07    3.37756E+05    3.37756E+05    3.37756E+05
 2.48263E-07    3.32563E+05    3.32563E+05    3.32563E+05
 2.56264E-07    3.27449E+05    3.27449E+05    3.27449E+05
 2.64522E-07    3.22419E+05    3.22419E+05    3.22419E+05
 2.70175E-07    3.19160E+05    3.19160E+05    3.19160E+05
 2.73047E-07    3.17678E+05    3.17678E+05    3.17678E+05
 2.74784E-07    3.16948E+05    3.16948E+05    3.16948E+05
 2.75949E-07    3.16592E+05    3.16592E+05    3.16592E+05
 2.77265E-07    3.16391E+05    3.16391E+05    3.16391E+05
 2.77559E-07    3.16385E+05    3.16385E+05    3.16385E+05
 2.78587E-07    3.16509E+05    3.16509E+05    3.16509E+05
 2.79472E-07    3.16838E+05    3.16838E+05    3.16838E+05
 2.80064E-07    3.17201E+05    3.17201E+05    3.17201E+05
 2.80656E-07    3.17702E+05    3.17702E+05    3.17702E+05
 2.81251E-07    3.18364E+05    3.18364E+05    3.18364E+05
 2.81846E-07    3.19209E+05    3.19209E+05    3.19209E+05
 2.82443E-07    3.20268E+05    3.20268E+05    3.20268E+05
 2.83040E-07    3.21566E+05    3.21566E+05    3.21566E+05
 2.83490E-07    3.22719E+05    3.22719E+05    3.22719E+05
 2.83940E-07    3.24038E+05    3.24038E+05    3.24038E+05
 2.84390E-07    3.25540E+05    3.25540E+05    3.25540E+05
 2.84842E-07    3.27241E+05    3.27241E+05    3.27241E+05
 2.85294E-07    3.29153E+05    3.29153E+05    3.29153E+05
 2.85747E-07    3.31297E+05    3.31297E+05    3.31297E+05
 2.86200E-07    3.33686E+05    3.33686E+05    3.33686E+05
 2.86654E-07    3.36333E+05    3.36333E+05    3.36333E+05
 2.87110E-07    3.39266E+05    3.39266E+05    3.39266E+05
 2.87565E-07    3.42488E+05    3.42488E+05    3.42488E+05
 2.87869E-07    3.44804E+05    3.44804E+05    3.44804E+05
 2.88174E-07    3.47270E+05    3.47270E+05    3.47270E+05
 2.88479E-07    3.49879E+05    3.49879E+05    3.49879E+05
 2.88784E-07    3.52636E+05    3.52636E+05    3.52636E+05
 2.89089E-07    3.55544E+05    3.55544E+05    3.55544E+05
 2.89395E-07    3.58618E+05    3.58618E+05    3.58618E+05
 2.89701E-07    3.61851E+05    3.61851E+05    3.61851E+05
 2.90008E-07    3.65244E+05    3.65244E+05    3.65244E+05
 2.90314E-07    3.68799E+05    3.68799E+05    3.68799E+05
 2.90622E-07    3.72535E+05    3.72535E+05    3.72535E+05
 2.90929E-07    3.76438E+05    3.76438E+05    3.76438E+05
 2.91237E-07    3.80509E+05    3.80509E+05    3.80509E+05
 2.91544E-07    3.84748E+05    3.84748E+05    3.84748E+05
 2.91853E-07    3.89175E+05    3.89175E+05    3.89175E+05
 2.92162E-07    3.93771E+05    3.93771E+05    3.93771E+05
 2.92471E-07    3.98535E+05    3.98535E+05    3.98535E+05
 2.92780E-07    4.03467E+05    4.03467E+05    4.03467E+05
 2.93090E-07    4.08584E+05    4.08584E+05    4.08584E+05
 2.93556E-07    4.16566E+05    4.16566E+05    4.16566E+05
 2.94021E-07    4.24904E+05    4.24904E+05    4.24904E+05
 2.94488E-07    4.33622E+05    4.33622E+05    4.33622E+05
 2.94955E-07    4.42667E+05    4.42667E+05    4.42667E+05
 2.95423E-07    4.52032E+05    4.52032E+05    4.52032E+05
 2.95893E-07    4.61711E+05    4.61711E+05    4.61711E+05
 2.96362E-07    4.71651E+05    4.71651E+05    4.71651E+05
 2.96832E-07    4.81854E+05    4.81854E+05    4.81854E+05
 2.97461E-07    4.95790E+05    4.95790E+05    4.95790E+05
 2.98090E-07    5.10042E+05    5.10042E+05    5.10042E+05
 2.99037E-07    5.31825E+05    5.31825E+05    5.31825E+05
 3.00636E-07    5.68846E+05    2.80434E+05    8.57258E+05
 3.01591E-07    5.90589E+05    2.91153E+05    8.90025E+05
 3.02229E-07    6.04788E+05    2.98153E+05    9.11422E+05
 3.02869E-07    6.18650E+05    3.04987E+05    9.32313E+05
 3.03510E-07    6.32098E+05    3.11616E+05    9.52579E+05
 3.03991E-07    6.41864E+05    3.16431E+05    9.67297E+05
 3.04474E-07    6.51342E+05    3.21104E+05    9.81581E+05
 3.04957E-07    6.60481E+05    3.25609E+05    9.95353E+05
 3.05441E-07    6.69284E+05    3.29949E+05    1.00862E+06
 3.05926E-07    6.77721E+05    3.34108E+05    1.02133E+06
 3.06411E-07    6.85765E+05    3.38074E+05    1.03346E+06
 3.06898E-07    6.93437E+05    3.41856E+05    1.04502E+06
 3.07385E-07    7.00694E+05    3.45433E+05    1.05595E+06
 3.07873E-07    7.07542E+05    3.48809E+05    1.06627E+06
 3.08362E-07    7.13987E+05    3.51987E+05    1.07599E+06
 3.08851E-07    7.20010E+05    3.54956E+05    1.08506E+06
 3.09341E-07    7.25631E+05    3.57727E+05    1.09354E+06
 3.09832E-07    7.30847E+05    3.60298E+05    1.10140E+06
 3.10323E-07    7.35658E+05    3.62670E+05    1.10865E+06
 3.10817E-07    7.40093E+05    3.64857E+05    1.11533E+06
 3.11310E-07    7.44146E+05    3.66855E+05    1.12144E+06
 3.11804E-07    7.47834E+05    3.68673E+05    1.12700E+06
 3.12299E-07    7.51178E+05    3.70322E+05    1.13204E+06
 3.12959E-07    7.55114E+05    3.72262E+05    1.13797E+06
 3.13622E-07    7.58505E+05    3.73933E+05    1.14308E+06
 3.14286E-07    7.61377E+05    3.75349E+05    1.14740E+06
 3.14952E-07    7.63785E+05    3.76537E+05    1.15103E+06
 3.15618E-07    7.65762E+05    3.77511E+05    1.15401E+06
 3.16286E-07    7.67356E+05    3.78297E+05    1.15642E+06
 3.16955E-07    7.68603E+05    3.78912E+05    1.15829E+06
 3.17963E-07    7.69913E+05    3.79557E+05    1.16027E+06
 3.18973E-07    7.70653E+05    3.79922E+05    1.16138E+06
 3.19986E-07    7.70932E+05    3.80060E+05    1.16180E+06
 3.20325E-07    7.70939E+05    3.80063E+05    1.16182E+06
 3.21682E-07    7.70622E+05    3.79907E+05    1.16134E+06
 3.23045E-07    7.69874E+05    3.79538E+05    1.16021E+06
 3.25100E-07    7.68227E+05    3.78726E+05    1.15773E+06
 3.28557E-07    7.64756E+05    3.77015E+05    1.15250E+06
 3.43474E-07    7.48547E+05    3.69024E+05    1.12807E+06
 3.54544E-07    7.37082E+05    3.63372E+05    1.11079E+06
 3.65969E-07    7.25796E+05    3.57808E+05    1.09378E+06
 3.77763E-07    7.14668E+05    3.52323E+05    1.07701E+06
 3.89936E-07    7.03709E+05    3.46920E+05    1.06050E+06
 4.02503E-07    6.92916E+05    3.41599E+05    1.04423E+06
 4.15474E-07    6.82290E+05    3.36361E+05    1.02822E+06
 4.28864E-07    6.71826E+05    3.31202E+05    1.01245E+06
 4.42683E-07    6.61525E+05    3.26124E+05    9.96927E+05
 4.56950E-07    6.51387E+05    3.21126E+05    9.81648E+05
 4.71675E-07    6.41415E+05    3.16209E+05    9.66620E+05
 4.86876E-07    6.31580E+05    3.11361E+05    9.51799E+05
 5.02566E-07    6.21891E+05    3.06585E+05    9.37198E+05
 5.18762E-07    6.12357E+05    3.01884E+05    9.22830E+05
 5.35479E-07    6.02980E+05    2.97262E+05    9.08699E+05
 5.52737E-07    5.93728E+05    2.92701E+05    8.94756E+05
 5.70548E-07    5.84627E+05    2.88214E+05    8.81041E+05
 5.88936E-07    5.75670E+05    2.83798E+05    8.67542E+05
 6.07914E-07    5.66851E+05    2.79450E+05    8.54252E+05
 6.27506E-07    5.58159E+05    2.75166E+05    8.41153E+05
 6.47727E-07    5.49600E+05    2.70946E+05    8.28254E+05
 6.68602E-07    5.41170E+05    2.66790E+05    8.15550E+05
 6.90147E-07    5.32872E+05    2.62699E+05    8.03044E+05
 7.12389E-07    5.24699E+05    2.58670E+05    7.90728E+05
 7.35345E-07    5.16654E+05    2.54704E+05    7.78603E+05
 7.59044E-07    5.08732E+05    2.50798E+05    7.66665E+05
 7.83504E-07    5.00946E+05    2.46960E+05    7.54931E+05
 8.10465E-07    4.92759E+05    2.42924E+05    7.42595E+05
 8.36585E-07    4.85199E+05    2.39197E+05    7.31201E+05
 8.63543E-07    4.77758E+05    2.35529E+05    7.19988E+05
 8.91374E-07    4.70446E+05    2.31924E+05    7.08968E+05
 9.22047E-07    4.62749E+05    2.28129E+05    6.97368E+05
 9.51759E-07    4.55656E+05    2.24633E+05    6.86679E+05
 9.82433E-07    4.48675E+05    2.21191E+05    6.76158E+05
 1.01264E-06    4.42122E+05    2.17960E+05    6.66283E+05
 1.04871E-06    4.34701E+05    2.14302E+05    6.55100E+05
 1.08612E-06    4.27402E+05    2.10704E+05    6.44100E+05
 1.14068E-06    4.17410E+05    2.05778E+05    6.29042E+05
 1.19803E-06    4.07624E+05    2.00953E+05    6.14294E+05
 1.26708E-06    3.96745E+05    1.95591E+05    5.97900E+05
 1.34950E-06    3.84839E+05    1.89721E+05    5.79957E+05
 1.44742E-06    3.72027E+05    1.83404E+05    5.60649E+05
 1.56340E-06    3.58433E+05    1.76703E+05    5.40162E+05
 1.70049E-06    3.44160E+05    1.69667E+05    5.18654E+05
 1.86257E-06    3.29348E+05    1.62365E+05    4.96332E+05
 2.05448E-06    3.14151E+05    1.54872E+05    4.73429E+05
 2.28216E-06    2.98749E+05    1.47279E+05    4.50218E+05
 2.53493E-06    2.84115E+05    1.40065E+05    4.28165E+05
 2.81585E-06    2.70188E+05    1.33200E+05    4.07177E+05
 3.10599E-06    2.57864E+05    1.27124E+05    3.88605E+05
 3.45002E-06    2.45364E+05    1.20962E+05    3.69767E+05
 3.83234E-06    2.33471E+05    1.15098E+05    3.51844E+05
 4.25682E-06    2.22154E+05    1.09519E+05    3.34789E+05
 4.72856E-06    2.11394E+05    1.04215E+05    3.18574E+05
 5.21577E-06    2.01855E+05    9.95118E+04    3.04198E+05
 5.79349E-06    1.92197E+05    9.47508E+04    2.89644E+05
 6.43551E-06    1.82994E+05    9.02136E+04    2.75774E+05
 7.09861E-06    1.74816E+05    8.61822E+04    2.63450E+05
 7.88487E-06    1.66551E+05    8.21078E+04    2.50995E+05
 8.75866E-06    1.58669E+05    7.82220E+04    2.39117E+05
 9.72880E-06    1.51168E+05    7.45237E+04    2.27811E+05
 1.07312E-05    1.44592E+05    7.12818E+04    2.17901E+05
 1.20039E-05    1.37474E+05    6.77730E+04    2.07175E+05
 1.33342E-05    1.31116E+05    6.46384E+04    1.97593E+05
 1.48111E-05    1.25056E+05    6.16509E+04    1.88460E+05
 1.64525E-05    1.19276E+05    5.88017E+04    1.79751E+05
 1.82748E-05    1.13764E+05    5.60842E+04    1.71444E+05
 2.01578E-05    1.08858E+05    5.36656E+04    1.64050E+05
 2.25485E-05    1.03654E+05    5.11000E+04    1.56208E+05
 2.52227E-05    9.87017E+04    4.86587E+04    1.48745E+05
 2.82141E-05    9.39824E+04    4.63321E+04    1.41633E+05
 3.09047E-05    9.03533E+04    4.45430E+04    1.36163E+05
 3.45699E-05    8.61675E+04    4.24795E+04    1.29856E+05
 3.86699E-05    8.21803E+04    4.05139E+04    1.23847E+05
 4.32561E-05    7.83702E+04    3.86355E+04    1.18105E+05
 4.83862E-05    7.47420E+04    3.68469E+04    1.12637E+05
 5.33718E-05    7.17770E+04    3.53852E+04    1.08169E+05
 5.97016E-05    6.85619E+04    3.38002E+04    1.03324E+05
 6.67821E-05    6.54958E+04    3.22886E+04    9.87029E+04
 7.30896E-05    6.31606E+04    3.11374E+04    9.51838E+04
 8.23347E-05    6.02608E+04    2.97078E+04    9.08138E+04
 9.27446E-05    5.74956E+04    2.83446E+04    8.66467E+04
 1.02068E-04    5.53883E+04    2.73058E+04    8.34709E+04
 1.15317E-04    5.29364E+04    2.60970E+04    7.97758E+04
 1.30485E-04    5.05654E+04    2.49281E+04    7.62026E+04
 1.47482E-04    4.83187E+04    2.38205E+04    7.28169E+04
 1.66641E-04    4.61789E+04    2.27656E+04    6.95922E+04
 1.88563E-04    4.41105E+04    2.17459E+04    6.64751E+04
 2.05133E-04    4.27820E+04    2.10910E+04    6.44730E+04
 2.33632E-04    4.09165E+04    2.01713E+04    6.16616E+04
 2.65947E-04    3.91355E+04    1.92933E+04    5.89778E+04
 3.02116E-04    3.74681E+04    1.84713E+04    5.64648E+04
 3.45389E-04    3.59083E+04    1.77023E+04    5.41143E+04
 3.94294E-04    3.44312E+04    1.69742E+04    5.18883E+04
 4.51186E-04    3.29897E+04    1.62635E+04    4.97159E+04
 5.07054E-04    3.18019E+04    1.56779E+04    4.79258E+04
 5.84377E-04    3.05083E+04    1.50402E+04    4.59763E+04
 6.74976E-04    2.92492E+04    1.44195E+04    4.40789E+04
 7.50792E-04    2.83972E+04    1.39995E+04    4.27949E+04
 8.71790E-04    2.72689E+04    1.34432E+04    4.10945E+04
 1.00705E-03    2.62306E+04    1.29313E+04    3.95298E+04
 1.17908E-03    2.52623E+04    1.24540E+04    3.80706E+04
 1.38533E-03    2.43100E+04    1.19845E+04    3.66355E+04
 1.62538E-03    2.34007E+04    1.15362E+04    3.52651E+04
 1.91255E-03    2.25106E+04    1.10974E+04    3.39238E+04
 2.07134E-03    2.21132E+04    1.20071E+04    3.22194E+04
 2.46691E-03    2.13341E+04    1.15840E+04    3.10842E+04
 2.93229E-03    2.05908E+04    1.11804E+04    3.00013E+04
 3.40570E-03    2.00337E+04    1.08779E+04    2.91895E+04
 4.10770E-03    1.93714E+04    1.05183E+04    2.82245E+04
 4.95132E-03    1.87327E+04    1.01715E+04    2.72939E+04
 5.97550E-03    1.81812E+04    1.11264E+04    2.52360E+04
 7.14883E-03    1.76795E+04    1.08193E+04    2.45396E+04
 8.91183E-03    1.71313E+04    1.11008E+04    2.31619E+04
 1.04053E-02    1.67681E+04    1.11670E+04    2.23691E+04
 1.32113E-02    1.62728E+04    1.08372E+04    2.17084E+04
 1.68688E-02    1.57802E+04    1.05091E+04    2.10513E+04
 2.08585E-02    1.53710E+04    1.11282E+04    1.96138E+04
 2.65031E-02    1.49478E+04    1.08218E+04    1.90738E+04
 3.43991E-02    1.44945E+04    1.10297E+04    1.79592E+04
 4.33211E-02    1.40986E+04    1.11374E+04    1.70598E+04
 5.93864E-02    1.35430E+04    1.06985E+04    1.63874E+04
 8.30359E-02    1.29018E+04    1.11468E+04    1.46569E+04
 1.03567E-01    1.24439E+04    1.10623E+04    1.38255E+04
 1.23410E-01    1.19931E+04    1.06615E+04    1.33246E+04
 1.46963E-01    1.15601E+04    1.02766E+04    1.28436E+04
 1.74831E-01    1.11460E+04    9.90852E+03    1.23836E+04
 2.02822E-01    1.07908E+04    1.03449E+04    1.12368E+04
 2.32615E-01    1.03670E+04    9.93859E+03    1.07954E+04
 2.67222E-01    9.95588E+03    9.54447E+03    1.03673E+04
 3.09754E-01    9.51417E+03    8.98687E+03    1.00415E+04
 3.49995E-01    9.10388E+03    8.59933E+03    9.60844E+03
 3.95986E-01    8.70650E+03    8.22397E+03    9.18903E+03
 4.46970E-01    8.33331E+03    7.63488E+03    9.03174E+03
 5.11526E-01    7.93557E+03    7.27048E+03    8.60067E+03
 5.76901E-01    7.59154E+03    6.95528E+03    8.22780E+03
 6.55926E-01    7.24076E+03    6.33545E+03    8.14607E+03
 7.04938E-01    7.05711E+03    6.17476E+03    7.93946E+03
 8.23907E-01    6.78756E+03    5.80314E+03    7.77199E+03
 9.61260E-01    6.53137E+03    5.58410E+03    7.47864E+03
 1.00705E+00    6.46300E+03    5.44817E+03    7.47782E+03
 1.10776E+00    6.40722E+03    5.40115E+03    7.41329E+03
 1.20000E+00    6.39760E+03    5.39944E+03    7.39577E+03
 1.40988E+00    6.49153E+03    5.47871E+03    7.50435E+03
 1.63402E+00    6.69179E+03    5.73458E+03    7.64900E+03
 2.14465E+00    7.22666E+03    6.41699E+03    8.03633E+03
 2.45103E+00    7.49425E+03    6.65460E+03    8.33390E+03
 2.63668E+00    7.62578E+03    6.97969E+03    8.27187E+03
 3.00000E+00    7.80541E+03    7.28377E+03    8.32704E+03
 4.00000E+00    7.82992E+03    7.39757E+03    8.26228E+03
 4.68529E+00    7.53677E+03    7.12060E+03    7.95293E+03
 5.00000E+00    7.41889E+03    7.00102E+03    7.83675E+03
 5.59927E+00    7.06474E+03    6.66682E+03    7.46266E+03
 6.66826E+00    6.50692E+03    6.10590E+03    6.90795E+03
 7.09876E+00    6.31328E+03    5.86173E+03    6.76484E+03
 7.85525E+00    6.03694E+03    5.60515E+03    6.46873E+03
 8.05643E+00    5.97432E+03    5.52192E+03    6.42672E+03
 9.00000E+00    5.76033E+03    5.35585E+03    6.16481E+03
 1.00000E+01    5.64454E+03    5.30460E+03    5.98448E+03
 1.01411E+01    5.64040E+03    5.30071E+03    5.98009E+03
 1.02842E+01    5.63620E+03    5.29676E+03    5.97564E+03
 1.04292E+01    5.63194E+03    5.29275E+03    5.97112E+03
 1.05000E+01    5.62986E+03    5.29080E+03    5.96892E+03
 1.06481E+01    5.62572E+03    5.28691E+03    5.96453E+03
 1.07984E+01    5.62152E+03    5.28297E+03    5.96008E+03
 1.09507E+01    5.61727E+03    5.27897E+03    5.95557E+03
 1.10000E+01    5.61589E+03    5.27767E+03    5.95411E+03
 1.11552E+01    5.62133E+03    5.28279E+03    5.95988E+03
 1.13126E+01    5.62685E+03    5.28798E+03    5.96573E+03
 1.14722E+01    5.63245E+03    5.29324E+03    5.97167E+03
 1.15000E+01    5.63343E+03    5.29416E+03    5.97270E+03
 1.16622E+01    5.63890E+03    5.29930E+03    5.97850E+03
 1.18268E+01    5.64444E+03    5.30451E+03    5.98438E+03
 1.19936E+01    5.65007E+03    5.30979E+03    5.99034E+03
 1.20000E+01    5.65028E+03    5.39195E+03    5.90861E+03
 1.21210E+01    5.65954E+03    5.40079E+03    5.91829E+03
 1.22920E+01    5.67240E+03    5.41307E+03    5.93174E+03
 1.24654E+01    5.68545E+03    5.42552E+03    5.94538E+03
 1.25000E+01    5.68805E+03    5.42800E+03    5.94810E+03
 1.26764E+01    5.70093E+03    5.44029E+03    5.96157E+03
 1.28552E+01    5.71399E+03    5.45275E+03    5.97523E+03
 1.30000E+01    5.72457E+03    5.46285E+03    5.98629E+03
 1.31834E+01    5.74196E+03    5.47944E+03    6.00447E+03
 1.33694E+01    5.75959E+03    5.49627E+03    6.02291E+03
 1.35000E+01    5.77197E+03    5.50808E+03    6.03586E+03
 1.36905E+01    5.78951E+03    5.52482E+03    6.05420E+03
 1.38836E+01    5.80729E+03    5.54179E+03    6.07280E+03
 1.40000E+01    5.81801E+03    5.57294E+03    6.06308E+03
 1.41975E+01    5.83717E+03    5.59128E+03    6.08305E+03
 1.43978E+01    5.85659E+03    5.60989E+03    6.10329E+03
 1.45000E+01    5.86650E+03    5.61938E+03    6.11362E+03
 1.47046E+01    5.88583E+03    5.63790E+03    6.13376E+03
 1.49120E+01    5.90543E+03    5.65667E+03    6.15418E+03
 1.50000E+01    5.91374E+03    5.67106E+03    6.15642E+03
 1.52116E+01    5.93211E+03    5.68868E+03    6.17554E+03
 1.54262E+01    5.95075E+03    5.70655E+03    6.19494E+03
 1.55000E+01    5.95715E+03    5.71269E+03    6.20161E+03
 1.57187E+01    5.97567E+03    5.73045E+03    6.22089E+03
 1.59404E+01    5.99445E+03    5.74846E+03    6.24044E+03
 1.60000E+01    5.99949E+03    5.76543E+03    6.23355E+03
 1.62257E+01    6.01498E+03    5.78032E+03    6.24964E+03
 1.64546E+01    6.03069E+03    5.79541E+03    6.26597E+03
 1.65000E+01    6.03380E+03    5.79840E+03    6.26920E+03
 1.67328E+01    6.04939E+03    5.81338E+03    6.28540E+03
 1.69689E+01    6.06519E+03    5.82857E+03    6.30182E+03
 1.70000E+01    6.06728E+03    5.83058E+03    6.30398E+03
 1.72398E+01    6.07833E+03    5.84120E+03    6.31547E+03
 1.74831E+01    6.08954E+03    5.85197E+03    6.32711E+03
 1.75000E+01    6.09032E+03    5.85272E+03    6.32792E+03
 1.77469E+01    6.10147E+03    5.86343E+03    6.33951E+03
 1.78093E+01    6.10428E+03    5.86614E+03    6.34243E+03
 1.80000E+01    6.11279E+03    5.89320E+03    6.33238E+03
 1.82539E+01    6.11834E+03    5.89855E+03    6.33813E+03
 1.85000E+01    6.12372E+03    5.90374E+03    6.34370E+03
 1.87610E+01    6.12928E+03    5.90910E+03    6.34946E+03
 1.90000E+01    6.13438E+03    5.91402E+03    6.35474E+03
 1.92681E+01    6.13381E+03    5.91347E+03    6.35415E+03
 1.95000E+01    6.13332E+03    5.91300E+03    6.35365E+03
 1.97751E+01    6.13275E+03    5.91245E+03    6.35306E+03
 2.00000E+01    6.13229E+03    5.91200E+03    6.35258E+03
