# n + Ac226 : (n,g)     
# endfb8.0   O.Iwamoto, T.Nakagawa, et al.     EVAL-FEB10
# uncertainties: y
# # energies =   763
#   E(MeV)       xs(mb)       xslow(mb)      xsupp(mb)
 1.00000E-11    5.02997E+07    5.02997E+07    5.02997E+07
 1.03223E-11    4.95082E+07    4.95082E+07    4.95082E+07
 1.06549E-11    4.87294E+07    4.87294E+07    4.87294E+07
 1.09984E-11    4.79625E+07    4.79625E+07    4.79625E+07
 1.13527E-11    4.72080E+07    4.72080E+07    4.72080E+07
 1.17186E-11    4.64651E+07    4.64651E+07    4.64651E+07
 1.20962E-11    4.57342E+07    4.57342E+07    4.57342E+07
 1.24861E-11    4.50145E+07    4.50145E+07    4.50145E+07
 1.28884E-11    4.43064E+07    4.43064E+07    4.43064E+07
 1.33038E-11    4.36091E+07    4.36091E+07    4.36091E+07
 1.37325E-11    4.29231E+07    4.29231E+07    4.29231E+07
 1.41751E-11    4.22477E+07    4.22477E+07    4.22477E+07
 1.46318E-11    4.15831E+07    4.15831E+07    4.15831E+07
 1.51034E-11    4.09287E+07    4.09287E+07    4.09287E+07
 1.55901E-11    4.02848E+07    4.02848E+07    4.02848E+07
 1.60926E-11    3.96509E+07    3.96509E+07    3.96509E+07
 1.66111E-11    3.90271E+07    3.90271E+07    3.90271E+07
 1.71465E-11    3.84130E+07    3.84130E+07    3.84130E+07
 1.76990E-11    3.78087E+07    3.78087E+07    3.78087E+07
 1.82694E-11    3.72137E+07    3.72137E+07    3.72137E+07
 1.88581E-11    3.66283E+07    3.66283E+07    3.66283E+07
 1.94659E-11    3.60519E+07    3.60519E+07    3.60519E+07
 2.00931E-11    3.54848E+07    3.54848E+07    3.54848E+07
 2.07407E-11    3.49264E+07    3.49264E+07    3.49264E+07
 2.14090E-11    3.43769E+07    3.43769E+07    3.43769E+07
 2.20991E-11    3.38360E+07    3.38360E+07    3.38360E+07
 2.28111E-11    3.33037E+07    3.33037E+07    3.33037E+07
 2.35464E-11    3.27796E+07    3.27796E+07    3.27796E+07
 2.43051E-11    3.22639E+07    3.22639E+07    3.22639E+07
 2.50884E-11    3.17562E+07    3.17562E+07    3.17562E+07
 2.58968E-11    3.12567E+07    3.12567E+07    3.12567E+07
 2.67315E-11    3.07648E+07    3.07648E+07    3.07648E+07
 2.75928E-11    3.02808E+07    3.02808E+07    3.02808E+07
 2.84822E-11    2.98043E+07    2.98043E+07    2.98043E+07
 2.93999E-11    2.93354E+07    2.93354E+07    2.93354E+07
 3.03475E-11    2.88738E+07    2.88738E+07    2.88738E+07
 3.13253E-11    2.84196E+07    2.84196E+07    2.84196E+07
 3.23350E-11    2.79724E+07    2.79724E+07    2.79724E+07
 3.33769E-11    2.75323E+07    2.75323E+07    2.75323E+07
 3.44526E-11    2.70991E+07    2.70991E+07    2.70991E+07
 3.55627E-11    2.66728E+07    2.66728E+07    2.66728E+07
 3.67089E-11    2.62531E+07    2.62531E+07    2.62531E+07
 3.78918E-11    2.58400E+07    2.58400E+07    2.58400E+07
 3.91130E-11    2.54334E+07    2.54334E+07    2.54334E+07
 4.03734E-11    2.50333E+07    2.50333E+07    2.50333E+07
 4.16746E-11    2.46394E+07    2.46394E+07    2.46394E+07
 4.30174E-11    2.42518E+07    2.42518E+07    2.42518E+07
 4.44039E-11    2.38702E+07    2.38702E+07    2.38702E+07
 4.58347E-11    2.34946E+07    2.34946E+07    2.34946E+07
 4.73119E-11    2.31249E+07    2.31249E+07    2.31249E+07
 4.88364E-11    2.27611E+07    2.27611E+07    2.27611E+07
 5.04104E-11    2.24030E+07    2.24030E+07    2.24030E+07
 5.20348E-11    2.20505E+07    2.20505E+07    2.20505E+07
 5.37119E-11    2.17035E+07    2.17035E+07    2.17035E+07
 5.54426E-11    2.13621E+07    2.13621E+07    2.13621E+07
 5.72295E-11    2.10260E+07    2.10260E+07    2.10260E+07
 5.90736E-11    2.06952E+07    2.06952E+07    2.06952E+07
 6.09775E-11    2.03695E+07    2.03695E+07    2.03695E+07
 6.29424E-11    2.00491E+07    2.00491E+07    2.00491E+07
 6.49710E-11    1.97336E+07    1.97336E+07    1.97336E+07
 6.70645E-11    1.94231E+07    1.94231E+07    1.94231E+07
 6.92260E-11    1.91175E+07    1.91175E+07    1.91175E+07
 7.14566E-11    1.88167E+07    1.88167E+07    1.88167E+07
 7.37596E-11    1.85206E+07    1.85206E+07    1.85206E+07
 7.61364E-11    1.82293E+07    1.82293E+07    1.82293E+07
 7.85902E-11    1.79424E+07    1.79424E+07    1.79424E+07
 8.11227E-11    1.76601E+07    1.76601E+07    1.76601E+07
 8.37372E-11    1.73823E+07    1.73823E+07    1.73823E+07
 8.64355E-11    1.71088E+07    1.71088E+07    1.71088E+07
 8.92212E-11    1.68396E+07    1.68396E+07    1.68396E+07
 9.20962E-11    1.65747E+07    1.65747E+07    1.65747E+07
 9.50644E-11    1.63139E+07    1.63139E+07    1.63139E+07
 9.81277E-11    1.60572E+07    1.60572E+07    1.60572E+07
 1.01291E-10    1.58045E+07    1.58045E+07    1.58045E+07
 1.04554E-10    1.55559E+07    1.55559E+07    1.55559E+07
 1.07924E-10    1.53111E+07    1.53111E+07    1.53111E+07
 1.11402E-10    1.50702E+07    1.50702E+07    1.50702E+07
 1.14992E-10    1.48331E+07    1.48331E+07    1.48331E+07
 1.18697E-10    1.45997E+07    1.45997E+07    1.45997E+07
 1.22523E-10    1.43700E+07    1.43700E+07    1.43700E+07
 1.26471E-10    1.41439E+07    1.41439E+07    1.41439E+07
 1.30547E-10    1.39213E+07    1.39213E+07    1.39213E+07
 1.34754E-10    1.37024E+07    1.37024E+07    1.37024E+07
 1.39097E-10    1.34867E+07    1.34867E+07    1.34867E+07
 1.43579E-10    1.32746E+07    1.32746E+07    1.32746E+07
 1.48207E-10    1.30657E+07    1.30657E+07    1.30657E+07
 1.52982E-10    1.28601E+07    1.28601E+07    1.28601E+07
 1.57913E-10    1.26578E+07    1.26578E+07    1.26578E+07
 1.63001E-10    1.24586E+07    1.24586E+07    1.24586E+07
 1.68254E-10    1.22626E+07    1.22626E+07    1.22626E+07
 1.73676E-10    1.20697E+07    1.20697E+07    1.20697E+07
 1.79274E-10    1.18797E+07    1.18797E+07    1.18797E+07
 1.85050E-10    1.16929E+07    1.16929E+07    1.16929E+07
 1.91014E-10    1.15089E+07    1.15089E+07    1.15089E+07
 1.97169E-10    1.13278E+07    1.13278E+07    1.13278E+07
 2.03524E-10    1.11495E+07    1.11495E+07    1.11495E+07
 2.10082E-10    1.09741E+07    1.09741E+07    1.09741E+07
 2.16853E-10    1.08015E+07    1.08015E+07    1.08015E+07
 2.23840E-10    1.06315E+07    1.06315E+07    1.06315E+07
 2.31055E-10    1.04642E+07    1.04642E+07    1.04642E+07
 2.38500E-10    1.02996E+07    1.02996E+07    1.02996E+07
 2.46187E-10    1.01375E+07    1.01375E+07    1.01375E+07
 2.54120E-10    9.97806E+06    9.97806E+06    9.97806E+06
 2.62310E-10    9.82104E+06    9.82104E+06    9.82104E+06
 2.70762E-10    9.66654E+06    9.66654E+06    9.66654E+06
 2.79489E-10    9.51443E+06    9.51443E+06    9.51443E+06
 2.88494E-10    9.36475E+06    9.36475E+06    9.36475E+06
 2.97793E-10    9.21738E+06    9.21738E+06    9.21738E+06
 3.07388E-10    9.07238E+06    9.07238E+06    9.07238E+06
 3.17295E-10    8.92962E+06    8.92962E+06    8.92962E+06
 3.27519E-10    8.78914E+06    8.78914E+06    8.78914E+06
 3.38075E-10    8.65083E+06    8.65083E+06    8.65083E+06
 3.48969E-10    8.51474E+06    8.51474E+06    8.51474E+06
 3.60216E-10    8.38075E+06    8.38075E+06    8.38075E+06
 3.71823E-10    8.24891E+06    8.24891E+06    8.24891E+06
 3.83807E-10    8.11910E+06    8.11910E+06    8.11910E+06
 3.96174E-10    7.99137E+06    7.99137E+06    7.99137E+06
 4.08943E-10    7.86562E+06    7.86562E+06    7.86562E+06
 4.22120E-10    7.74188E+06    7.74188E+06    7.74188E+06
 4.35725E-10    7.62006E+06    7.62006E+06    7.62006E+06
 4.49765E-10    7.50018E+06    7.50018E+06    7.50018E+06
 4.64261E-10    7.38216E+06    7.38216E+06    7.38216E+06
 4.79221E-10    7.26602E+06    7.26602E+06    7.26602E+06
 4.94666E-10    7.15169E+06    7.15169E+06    7.15169E+06
 5.10605E-10    7.03917E+06    7.03917E+06    7.03917E+06
 5.27062E-10    6.92841E+06    6.92841E+06    6.92841E+06
 5.44045E-10    6.81941E+06    6.81941E+06    6.81941E+06
 5.61580E-10    6.71210E+06    6.71210E+06    6.71210E+06
 5.79675E-10    6.60650E+06    6.60650E+06    6.60650E+06
 5.98358E-10    6.50255E+06    6.50255E+06    6.50255E+06
 6.17639E-10    6.40025E+06    6.40025E+06    6.40025E+06
 6.37545E-10    6.29954E+06    6.29954E+06    6.29954E+06
 6.58089E-10    6.20043E+06    6.20043E+06    6.20043E+06
 6.79298E-10    6.10286E+06    6.10286E+06    6.10286E+06
 7.01188E-10    6.00685E+06    6.00685E+06    6.00685E+06
 7.23786E-10    5.91233E+06    5.91233E+06    5.91233E+06
 7.47109E-10    5.81932E+06    5.81932E+06    5.81932E+06
 7.71188E-10    5.72775E+06    5.72775E+06    5.72775E+06
 7.96038E-10    5.63764E+06    5.63764E+06    5.63764E+06
 8.21693E-10    5.54893E+06    5.54893E+06    5.54893E+06
 8.48171E-10    5.46163E+06    5.46163E+06    5.46163E+06
 8.75507E-10    5.37569E+06    5.37569E+06    5.37569E+06
 9.03719E-10    5.29111E+06    5.29111E+06    5.29111E+06
 9.32845E-10    5.20786E+06    5.20786E+06    5.20786E+06
 9.62904E-10    5.12592E+06    5.12592E+06    5.12592E+06
 9.93937E-10    5.04527E+06    5.04527E+06    5.04527E+06
 1.02597E-09    4.96589E+06    4.96589E+06    4.96589E+06
 1.05903E-09    4.88775E+06    4.88775E+06    4.88775E+06
 1.09316E-09    4.81086E+06    4.81086E+06    4.81086E+06
 1.12839E-09    4.73516E+06    4.73516E+06    4.73516E+06
 1.16475E-09    4.66066E+06    4.66066E+06    4.66066E+06
 1.20229E-09    4.58732E+06    4.58732E+06    4.58732E+06
 1.24103E-09    4.51515E+06    4.51515E+06    4.51515E+06
 1.28103E-09    4.44411E+06    4.44411E+06    4.44411E+06
 1.32231E-09    4.37419E+06    4.37419E+06    4.37419E+06
 1.36492E-09    4.30536E+06    4.30536E+06    4.30536E+06
 1.40890E-09    4.23763E+06    4.23763E+06    4.23763E+06
 1.45431E-09    4.17095E+06    4.17095E+06    4.17095E+06
 1.50117E-09    4.10533E+06    4.10533E+06    4.10533E+06
 1.54956E-09    4.04073E+06    4.04073E+06    4.04073E+06
 1.59949E-09    3.97716E+06    3.97716E+06    3.97716E+06
 1.65104E-09    3.91458E+06    3.91458E+06    3.91458E+06
 1.70424E-09    3.85299E+06    3.85299E+06    3.85299E+06
 1.75917E-09    3.79236E+06    3.79236E+06    3.79236E+06
 1.81585E-09    3.73270E+06    3.73270E+06    3.73270E+06
 1.87438E-09    3.67396E+06    3.67396E+06    3.67396E+06
 1.93477E-09    3.61616E+06    3.61616E+06    3.61616E+06
 1.99713E-09    3.55926E+06    3.55926E+06    3.55926E+06
 2.06148E-09    3.50327E+06    3.50327E+06    3.50327E+06
 2.12792E-09    3.44814E+06    3.44814E+06    3.44814E+06
 2.19649E-09    3.39389E+06    3.39389E+06    3.39389E+06
 2.26728E-09    3.34049E+06    3.34049E+06    3.34049E+06
 2.34034E-09    3.28794E+06    3.28794E+06    3.28794E+06
 2.41577E-09    3.23620E+06    3.23620E+06    3.23620E+06
 2.49362E-09    3.18529E+06    3.18529E+06    3.18529E+06
 2.57398E-09    3.13517E+06    3.13517E+06    3.13517E+06
 2.65692E-09    3.08584E+06    3.08584E+06    3.08584E+06
 2.74255E-09    3.03729E+06    3.03729E+06    3.03729E+06
 2.83093E-09    2.98950E+06    2.98950E+06    2.98950E+06
 2.92217E-09    2.94246E+06    2.94246E+06    2.94246E+06
 3.01633E-09    2.89617E+06    2.89617E+06    2.89617E+06
 3.11354E-09    2.85060E+06    2.85060E+06    2.85060E+06
 3.21387E-09    2.80576E+06    2.80576E+06    2.80576E+06
 3.31745E-09    2.76161E+06    2.76161E+06    2.76161E+06
 3.42435E-09    2.71817E+06    2.71817E+06    2.71817E+06
 3.53471E-09    2.67540E+06    2.67540E+06    2.67540E+06
 3.64861E-09    2.63331E+06    2.63331E+06    2.63331E+06
 3.76620E-09    2.59188E+06    2.59188E+06    2.59188E+06
 3.88757E-09    2.55111E+06    2.55111E+06    2.55111E+06
 4.01286E-09    2.51097E+06    2.51097E+06    2.51097E+06
 4.14217E-09    2.47147E+06    2.47147E+06    2.47147E+06
 4.27566E-09    2.43259E+06    2.43259E+06    2.43259E+06
 4.41344E-09    2.39432E+06    2.39432E+06    2.39432E+06
 4.55568E-09    2.35665E+06    2.35665E+06    2.35665E+06
 4.70248E-09    2.31958E+06    2.31958E+06    2.31958E+06
 4.85404E-09    2.28308E+06    2.28308E+06    2.28308E+06
 5.01045E-09    2.24717E+06    2.24717E+06    2.24717E+06
 5.17193E-09    2.21181E+06    2.21181E+06    2.21181E+06
 5.33859E-09    2.17702E+06    2.17702E+06    2.17702E+06
 5.51065E-09    2.14277E+06    2.14277E+06    2.14277E+06
 5.68822E-09    2.10906E+06    2.10906E+06    2.10906E+06
 5.87154E-09    2.07587E+06    2.07587E+06    2.07587E+06
 6.06075E-09    2.04322E+06    2.04322E+06    2.04322E+06
 6.25608E-09    2.01107E+06    2.01107E+06    2.01107E+06
 6.45767E-09    1.97943E+06    1.97943E+06    1.97943E+06
 6.66579E-09    1.94828E+06    1.94828E+06    1.94828E+06
 6.88059E-09    1.91763E+06    1.91763E+06    1.91763E+06
 7.10234E-09    1.88746E+06    1.88746E+06    1.88746E+06
 7.33121E-09    1.85776E+06    1.85776E+06    1.85776E+06
 7.56748E-09    1.82853E+06    1.82853E+06    1.82853E+06
 7.81133E-09    1.79976E+06    1.79976E+06    1.79976E+06
 8.06308E-09    1.77145E+06    1.77145E+06    1.77145E+06
 8.32291E-09    1.74358E+06    1.74358E+06    1.74358E+06
 8.59114E-09    1.71614E+06    1.71614E+06    1.71614E+06
 8.86798E-09    1.68914E+06    1.68914E+06    1.68914E+06
 9.15378E-09    1.66256E+06    1.66256E+06    1.66256E+06
 9.44875E-09    1.63641E+06    1.63641E+06    1.63641E+06
 9.75327E-09    1.61066E+06    1.61066E+06    1.61066E+06
 1.00676E-08    1.58532E+06    1.58532E+06    1.58532E+06
 1.03920E-08    1.56037E+06    1.56037E+06    1.56037E+06
 1.07269E-08    1.53582E+06    1.53582E+06    1.53582E+06
 1.10726E-08    1.51165E+06    1.51165E+06    1.51165E+06
 1.14294E-08    1.48787E+06    1.48787E+06    1.48787E+06
 1.17978E-08    1.46446E+06    1.46446E+06    1.46446E+06
 1.21779E-08    1.44142E+06    1.44142E+06    1.44142E+06
 1.25704E-08    1.41874E+06    1.41874E+06    1.41874E+06
 1.29755E-08    1.39642E+06    1.39642E+06    1.39642E+06
 1.33937E-08    1.37445E+06    1.37445E+06    1.37445E+06
 1.38253E-08    1.35282E+06    1.35282E+06    1.35282E+06
 1.42708E-08    1.33154E+06    1.33154E+06    1.33154E+06
 1.47307E-08    1.31059E+06    1.31059E+06    1.31059E+06
 1.52054E-08    1.28997E+06    1.28997E+06    1.28997E+06
 1.56954E-08    1.26967E+06    1.26967E+06    1.26967E+06
 1.62012E-08    1.24969E+06    1.24969E+06    1.24969E+06
 1.67233E-08    1.23003E+06    1.23003E+06    1.23003E+06
 1.72623E-08    1.21068E+06    1.21068E+06    1.21068E+06
 1.78185E-08    1.19163E+06    1.19163E+06    1.19163E+06
 1.83928E-08    1.17288E+06    1.17288E+06    1.17288E+06
 1.89855E-08    1.15443E+06    1.15443E+06    1.15443E+06
 1.95974E-08    1.13627E+06    1.13627E+06    1.13627E+06
 2.02289E-08    1.11839E+06    1.11839E+06    1.11839E+06
 2.08808E-08    1.10079E+06    1.10079E+06    1.10079E+06
 2.15537E-08    1.08347E+06    1.08347E+06    1.08347E+06
 2.22483E-08    1.06642E+06    1.06642E+06    1.06642E+06
 2.29652E-08    1.04964E+06    1.04964E+06    1.04964E+06
 2.37054E-08    1.03312E+06    1.03312E+06    1.03312E+06
 2.44693E-08    1.01685E+06    1.01685E+06    1.01685E+06
 2.52522E-08    1.00096E+06    1.00096E+06    1.00096E+06
 2.53000E-08    1.00001E+06    1.00001E+06    1.00001E+06
 2.61154E-08    9.84265E+05    9.84265E+05    9.84265E+05
 2.69569E-08    9.68768E+05    9.68768E+05    9.68768E+05
 2.78257E-08    9.53512E+05    9.53512E+05    9.53512E+05
 2.87224E-08    9.38498E+05    9.38498E+05    9.38498E+05
 2.96480E-08    9.23718E+05    9.23718E+05    9.23718E+05
 3.06034E-08    9.09172E+05    9.09172E+05    9.09172E+05
 3.15897E-08    8.94852E+05    8.94852E+05    8.94852E+05
 3.26077E-08    8.80758E+05    8.80758E+05    8.80758E+05
 3.36586E-08    8.66883E+05    8.66883E+05    8.66883E+05
 3.47432E-08    8.53228E+05    8.53228E+05    8.53228E+05
 3.58629E-08    8.39786E+05    8.39786E+05    8.39786E+05
 3.70185E-08    8.26558E+05    8.26558E+05    8.26558E+05
 3.82116E-08    8.13538E+05    8.13538E+05    8.13538E+05
 3.94429E-08    8.00726E+05    8.00726E+05    8.00726E+05
 4.07141E-08    7.88113E+05    7.88113E+05    7.88113E+05
 4.20261E-08    7.75700E+05    7.75700E+05    7.75700E+05
 4.33805E-08    7.63482E+05    7.63482E+05    7.63482E+05
 4.47784E-08    7.51458E+05    7.51458E+05    7.51458E+05
 4.62215E-08    7.39622E+05    7.39622E+05    7.39622E+05
 4.77110E-08    7.27974E+05    7.27974E+05    7.27974E+05
 4.92486E-08    7.16506E+05    7.16506E+05    7.16506E+05
 5.08356E-08    7.05218E+05    7.05218E+05    7.05218E+05
 5.24740E-08    6.94106E+05    6.94106E+05    6.94106E+05
 5.41649E-08    6.83171E+05    6.83171E+05    6.83171E+05
 5.59105E-08    6.72409E+05    6.72409E+05    6.72409E+05
 5.77122E-08    6.61820E+05    6.61820E+05    6.61820E+05
 5.95722E-08    6.51398E+05    6.51398E+05    6.51398E+05
 6.14918E-08    6.41142E+05    6.41142E+05    6.41142E+05
 6.34736E-08    6.31045E+05    6.31045E+05    6.31045E+05
 6.55190E-08    6.21105E+05    6.21105E+05    6.21105E+05
 6.76305E-08    6.11319E+05    6.11319E+05    6.11319E+05
 6.98099E-08    6.01687E+05    6.01687E+05    6.01687E+05
 7.20597E-08    5.92207E+05    5.92207E+05    5.92207E+05
 7.43818E-08    5.82880E+05    5.82880E+05    5.82880E+05
 7.67790E-08    5.73699E+05    5.73699E+05    5.73699E+05
 7.92531E-08    5.64665E+05    5.64665E+05    5.64665E+05
 8.18073E-08    5.55771E+05    5.55771E+05    5.55771E+05
 8.44435E-08    5.47017E+05    5.47017E+05    5.47017E+05
 8.71649E-08    5.38399E+05    5.38399E+05    5.38399E+05
 8.99737E-08    5.29920E+05    5.29920E+05    5.29920E+05
 9.28735E-08    5.21575E+05    5.21575E+05    5.21575E+05
 9.58662E-08    5.13363E+05    5.13363E+05    5.13363E+05
 9.89558E-08    5.05276E+05    5.05276E+05    5.05276E+05
 1.02145E-07    4.97314E+05    4.97314E+05    4.97314E+05
 1.05437E-07    4.89476E+05    4.89476E+05    4.89476E+05
 1.08834E-07    4.81764E+05    4.81764E+05    4.81764E+05
 1.12342E-07    4.74174E+05    4.74174E+05    4.74174E+05
 1.15962E-07    4.66708E+05    4.66708E+05    4.66708E+05
 1.19699E-07    4.59361E+05    4.59361E+05    4.59361E+05
 1.23556E-07    4.52130E+05    4.52130E+05    4.52130E+05
 1.27538E-07    4.45009E+05    4.45009E+05    4.45009E+05
 1.31648E-07    4.37998E+05    4.37998E+05    4.37998E+05
 1.35891E-07    4.31096E+05    4.31096E+05    4.31096E+05
 1.40270E-07    4.24304E+05    4.24304E+05    4.24304E+05
 1.44790E-07    4.17618E+05    4.17618E+05    4.17618E+05
 1.49456E-07    4.11040E+05    4.11040E+05    4.11040E+05
 1.54273E-07    4.04567E+05    4.04567E+05    4.04567E+05
 1.59244E-07    3.98198E+05    3.98198E+05    3.98198E+05
 1.64376E-07    3.91926E+05    3.91926E+05    3.91926E+05
 1.69673E-07    3.85750E+05    3.85750E+05    3.85750E+05
 1.75142E-07    3.79672E+05    3.79672E+05    3.79672E+05
 1.80785E-07    3.73694E+05    3.73694E+05    3.73694E+05
 1.86612E-07    3.67811E+05    3.67811E+05    3.67811E+05
 1.92625E-07    3.62021E+05    3.62021E+05    3.62021E+05
 1.98833E-07    3.56318E+05    3.56318E+05    3.56318E+05
 2.05240E-07    3.50702E+05    3.50702E+05    3.50702E+05
 2.11855E-07    3.45174E+05    3.45174E+05    3.45174E+05
 2.18682E-07    3.39736E+05    3.39736E+05    3.39736E+05
 2.25730E-07    3.34384E+05    3.34384E+05    3.34384E+05
 2.33003E-07    3.29121E+05    3.29121E+05    3.29121E+05
 2.40513E-07    3.23939E+05    3.23939E+05    3.23939E+05
 2.48263E-07    3.18835E+05    3.18835E+05    3.18835E+05
 2.56264E-07    3.13811E+05    3.13811E+05    3.13811E+05
 2.64522E-07    3.08873E+05    3.08873E+05    3.08873E+05
 2.70175E-07    3.05673E+05    3.05673E+05    3.05673E+05
 2.73047E-07    3.04220E+05    3.04220E+05    3.04220E+05
 2.74784E-07    3.03505E+05    3.03505E+05    3.03505E+05
 2.75949E-07    3.03156E+05    3.03156E+05    3.03156E+05
 2.77118E-07    3.02970E+05    3.02970E+05    3.02970E+05
 2.77559E-07    3.02956E+05    3.02956E+05    3.02956E+05
 2.78587E-07    3.03081E+05    3.03081E+05    3.03081E+05
 2.79472E-07    3.03406E+05    3.03406E+05    3.03406E+05
 2.80064E-07    3.03766E+05    3.03766E+05    3.03766E+05
 2.80656E-07    3.04260E+05    3.04260E+05    3.04260E+05
 2.81251E-07    3.04913E+05    3.04913E+05    3.04913E+05
 2.81846E-07    3.05747E+05    3.05747E+05    3.05747E+05
 2.82443E-07    3.06792E+05    3.06792E+05    3.06792E+05
 2.82891E-07    3.07728E+05    3.07728E+05    3.07728E+05
 2.83340E-07    3.08812E+05    3.08812E+05    3.08812E+05
 2.83790E-07    3.10056E+05    3.10056E+05    3.10056E+05
 2.84240E-07    3.11473E+05    3.11473E+05    3.11473E+05
 2.84691E-07    3.13084E+05    3.13084E+05    3.13084E+05
 2.85143E-07    3.14898E+05    3.14898E+05    3.14898E+05
 2.85596E-07    3.16932E+05    3.16932E+05    3.16932E+05
 2.86049E-07    3.19205E+05    3.19205E+05    3.19205E+05
 2.86503E-07    3.21727E+05    3.21727E+05    3.21727E+05
 2.86958E-07    3.24522E+05    3.24522E+05    3.24522E+05
 2.87413E-07    3.27600E+05    3.27600E+05    3.27600E+05
 2.87717E-07    3.29815E+05    3.29815E+05    3.29815E+05
 2.88021E-07    3.32170E+05    3.32170E+05    3.32170E+05
 2.88326E-07    3.34670E+05    3.34670E+05    3.34670E+05
 2.88631E-07    3.37313E+05    3.37313E+05    3.37313E+05
 2.88936E-07    3.40103E+05    3.40103E+05    3.40103E+05
 2.89242E-07    3.43049E+05    3.43049E+05    3.43049E+05
 2.89548E-07    3.46156E+05    3.46156E+05    3.46156E+05
 2.89855E-07    3.49419E+05    3.49419E+05    3.49419E+05
 2.90161E-07    3.52842E+05    3.52842E+05    3.52842E+05
 2.90468E-07    3.56433E+05    3.56433E+05    3.56433E+05
 2.90775E-07    3.60196E+05    3.60196E+05    3.60196E+05
 2.91083E-07    3.64123E+05    3.64123E+05    3.64123E+05
 2.91391E-07    3.68216E+05    3.68216E+05    3.68216E+05
 2.91699E-07    3.72485E+05    3.72485E+05    3.72485E+05
 2.92008E-07    3.76929E+05    3.76929E+05    3.76929E+05
 2.92317E-07    3.81540E+05    3.81540E+05    3.81540E+05
 2.92626E-07    3.86316E+05    3.86316E+05    3.86316E+05
 2.92935E-07    3.91265E+05    3.91265E+05    3.91265E+05
 2.93245E-07    3.96388E+05    3.96388E+05    3.96388E+05
 2.93711E-07    4.04369E+05    4.04369E+05    4.04369E+05
 2.94177E-07    4.12708E+05    4.12708E+05    4.12708E+05
 2.94644E-07    4.21404E+05    4.21404E+05    4.21404E+05
 2.95111E-07    4.30417E+05    4.30417E+05    4.30417E+05
 2.95580E-07    4.39752E+05    4.39752E+05    4.39752E+05
 2.96049E-07    4.49374E+05    4.49374E+05    4.49374E+05
 2.96518E-07    4.59245E+05    4.59245E+05    4.59245E+05
 2.97146E-07    4.72801E+05    4.72801E+05    4.72801E+05
 2.97775E-07    4.86678E+05    4.86678E+05    4.86678E+05
 2.98721E-07    5.08012E+05    5.08012E+05    5.08012E+05
 3.00636E-07    5.51656E+05    1.95235E+05    9.08078E+05
 3.01591E-07    5.73068E+05    2.02813E+05    9.43324E+05
 3.02229E-07    5.87051E+05    2.07761E+05    9.66340E+05
 3.02869E-07    6.00701E+05    2.12592E+05    9.88810E+05
 3.03510E-07    6.13942E+05    2.17278E+05    1.01061E+06
 3.03991E-07    6.23559E+05    2.20682E+05    1.02644E+06
 3.04474E-07    6.32891E+05    2.23984E+05    1.04180E+06
 3.04957E-07    6.41888E+05    2.27168E+05    1.05661E+06
 3.05441E-07    6.50555E+05    2.30236E+05    1.07087E+06
 3.05926E-07    6.58861E+05    2.33175E+05    1.08455E+06
 3.06411E-07    6.66779E+05    2.35978E+05    1.09758E+06
 3.06898E-07    6.74331E+05    2.38650E+05    1.11001E+06
 3.07385E-07    6.81474E+05    2.41178E+05    1.12177E+06
 3.07873E-07    6.88214E+05    2.43563E+05    1.13286E+06
 3.08362E-07    6.94556E+05    2.45808E+05    1.14330E+06
 3.08851E-07    7.00483E+05    2.47906E+05    1.15306E+06
 3.09341E-07    7.06014E+05    2.49863E+05    1.16216E+06
 3.09832E-07    7.11145E+05    2.51679E+05    1.17061E+06
 3.10323E-07    7.15877E+05    2.53354E+05    1.17840E+06
 3.10817E-07    7.20239E+05    2.54897E+05    1.18558E+06
 3.11310E-07    7.24224E+05    2.56308E+05    1.19214E+06
 3.11804E-07    7.27850E+05    2.57591E+05    1.19811E+06
 3.12299E-07    7.31137E+05    2.58754E+05    1.20352E+06
 3.12959E-07    7.35004E+05    2.60123E+05    1.20989E+06
 3.13622E-07    7.38334E+05    2.61301E+05    1.21537E+06
 3.14286E-07    7.41153E+05    2.62299E+05    1.22001E+06
 3.14952E-07    7.43515E+05    2.63135E+05    1.22389E+06
 3.15618E-07    7.45451E+05    2.63820E+05    1.22708E+06
 3.16286E-07    7.47011E+05    2.64372E+05    1.22965E+06
 3.16955E-07    7.48229E+05    2.64803E+05    1.23165E+06
 3.17963E-07    7.49503E+05    2.65254E+05    1.23375E+06
 3.18973E-07    7.50216E+05    2.65506E+05    1.23493E+06
 3.19986E-07    7.50474E+05    2.65598E+05    1.23535E+06
 3.20325E-07    7.50476E+05    2.65598E+05    1.23535E+06
 3.21682E-07    7.50142E+05    2.65480E+05    1.23480E+06
 3.23045E-07    7.49384E+05    2.65212E+05    1.23356E+06
 3.25100E-07    7.47729E+05    2.64626E+05    1.23083E+06
 3.28557E-07    7.44256E+05    2.63397E+05    1.22511E+06
 3.43474E-07    7.28072E+05    2.57669E+05    1.19847E+06
 3.54544E-07    7.16632E+05    2.53621E+05    1.17964E+06
 3.65969E-07    7.05375E+05    2.49637E+05    1.16111E+06
 3.77763E-07    6.94281E+05    2.45711E+05    1.14285E+06
 3.89936E-07    6.83358E+05    2.41845E+05    1.12487E+06
 4.02503E-07    6.72606E+05    2.38040E+05    1.10717E+06
 4.15474E-07    6.62024E+05    2.34295E+05    1.08975E+06
 4.28864E-07    6.51608E+05    2.30608E+05    1.07261E+06
 4.42683E-07    6.41358E+05    2.26981E+05    1.05574E+06
 4.56950E-07    6.31275E+05    2.23412E+05    1.03914E+06
 4.71675E-07    6.21360E+05    2.19903E+05    1.02282E+06
 4.86876E-07    6.11586E+05    2.16444E+05    1.00673E+06
 5.02566E-07    6.01961E+05    2.13038E+05    9.90884E+05
 5.18762E-07    5.92488E+05    2.09685E+05    9.75291E+05
 5.35479E-07    5.83176E+05    2.06390E+05    9.59962E+05
 5.52737E-07    5.74008E+05    2.03145E+05    9.44871E+05
 5.70548E-07    5.64990E+05    1.99954E+05    9.30026E+05
 5.88936E-07    5.56108E+05    1.96810E+05    9.15406E+05
 6.07914E-07    5.47362E+05    1.93715E+05    9.01008E+05
 6.27506E-07    5.38749E+05    1.90667E+05    8.86832E+05
 6.47727E-07    5.30273E+05    1.87667E+05    8.72879E+05
 6.68602E-07    5.21930E+05    1.84714E+05    8.59145E+05
 6.90147E-07    5.13719E+05    1.81808E+05    8.45629E+05
 7.12389E-07    5.05636E+05    1.78948E+05    8.32324E+05
 7.35345E-07    4.97682E+05    1.76133E+05    8.19231E+05
 7.59044E-07    4.89854E+05    1.73362E+05    8.06345E+05
 7.83504E-07    4.82162E+05    1.70640E+05    7.93684E+05
 8.08755E-07    4.74580E+05    1.67957E+05    7.81203E+05
 8.34816E-07    4.67111E+05    1.65314E+05    7.68908E+05
 8.61721E-07    4.59761E+05    1.62712E+05    7.56809E+05
 8.89489E-07    4.52542E+05    1.60158E+05    7.44927E+05
 9.18156E-07    4.45418E+05    1.57636E+05    7.33200E+05
 9.47742E-07    4.38412E+05    1.55157E+05    7.21667E+05
 9.78287E-07    4.31520E+05    1.52718E+05    7.10322E+05
 1.01264E-06    4.24114E+05    1.50097E+05    6.98131E+05
 1.04871E-06    4.16709E+05    1.47476E+05    6.85942E+05
 1.08612E-06    4.09422E+05    1.44897E+05    6.73946E+05
 1.13274E-06    4.00851E+05    1.41864E+05    6.59838E+05
 1.18964E-06    3.91085E+05    1.38408E+05    6.43763E+05
 1.25821E-06    3.80222E+05    1.34563E+05    6.25881E+05
 1.33073E-06    3.69644E+05    1.30819E+05    6.08468E+05
 1.41736E-06    3.58091E+05    1.26731E+05    5.89451E+05
 1.52020E-06    3.45682E+05    1.22339E+05    5.69026E+05
 1.64193E-06    3.32546E+05    1.17690E+05    5.47401E+05
 1.78591E-06    3.18777E+05    1.12817E+05    5.24736E+05
 1.95622E-06    3.04487E+05    1.07760E+05    5.01215E+05
 2.15778E-06    2.89798E+05    1.02561E+05    4.77034E+05
 2.38012E-06    2.75824E+05    9.76159E+04    4.54032E+05
 2.62536E-06    2.62505E+05    9.29023E+04    4.32108E+05
 2.89587E-06    2.49844E+05    8.84214E+04    4.11267E+05
 3.19425E-06    2.37775E+05    8.41502E+04    3.91400E+05
 3.52337E-06    2.26275E+05    8.00802E+04    3.72470E+05
 3.88641E-06    2.15335E+05    7.62084E+04    3.54461E+05
 4.28685E-06    2.04922E+05    7.25234E+04    3.37321E+05
 4.72856E-06    1.95014E+05    6.90168E+04    3.21012E+05
 5.21577E-06    1.85575E+05    6.56762E+04    3.05474E+05
 5.75319E-06    1.76587E+05    6.24953E+04    2.90679E+05
 6.34598E-06    1.68029E+05    5.94666E+04    2.76592E+05
 6.99985E-06    1.59883E+05    5.65837E+04    2.63182E+05
 7.72110E-06    1.52118E+05    5.38354E+04    2.50400E+05
 8.51665E-06    1.44730E+05    5.12209E+04    2.38239E+05
 9.39418E-06    1.37698E+05    4.87322E+04    2.26664E+05
 1.04347E-05    1.30535E+05    4.61971E+04    2.14872E+05
 1.15099E-05    1.24168E+05    4.39437E+04    2.04391E+05
 1.26958E-05    1.18118E+05    4.18027E+04    1.94433E+05
 1.40040E-05    1.12354E+05    3.97627E+04    1.84944E+05
 1.54469E-05    1.06871E+05    3.78225E+04    1.75920E+05
 1.70385E-05    1.01660E+05    3.59781E+04    1.67342E+05
 1.87941E-05    9.67013E+04    3.42232E+04    1.59179E+05
 2.08768E-05    9.16458E+04    3.24341E+04    1.50858E+05
 2.30279E-05    8.71506E+04    3.08432E+04    1.43458E+05
 2.54006E-05    8.28778E+04    2.93310E+04    1.36425E+05
 2.80178E-05    7.88126E+04    2.78923E+04    1.29733E+05
 3.11211E-05    7.46747E+04    2.64279E+04    1.22921E+05
 3.43278E-05    7.09927E+04    2.51248E+04    1.16861E+05
 3.78648E-05    6.74915E+04    2.38857E+04    1.11097E+05
 4.17663E-05    6.41655E+04    2.27086E+04    1.05622E+05
 4.60697E-05    6.09998E+04    2.15882E+04    1.00411E+05
 5.08166E-05    5.79898E+04    2.05230E+04    9.54567E+04
 5.60526E-05    5.51162E+04    1.95060E+04    9.07265E+04
 6.18281E-05    5.23796E+04    1.85375E+04    8.62218E+04
 6.81787E-05    4.97892E+04    1.76207E+04    8.19577E+04
 7.51665E-05    4.73229E+04    1.67479E+04    7.78980E+04
 8.28404E-05    4.49828E+04    1.59197E+04    7.40459E+04
 9.11053E-05    4.28051E+04    1.51490E+04    7.04612E+04
 1.00705E-04    4.06252E+04    1.43775E+04    6.68729E+04
 1.10927E-04    3.86072E+04    1.36633E+04    6.35511E+04
 1.22286E-04    3.66777E+04    1.29805E+04    6.03749E+04
 1.34551E-04    3.48754E+04    1.23426E+04    5.74081E+04
 1.47815E-04    3.31890E+04    1.17458E+04    5.46321E+04
 1.62107E-04    3.16154E+04    1.11889E+04    5.20419E+04
 1.78587E-04    3.00422E+04    1.06321E+04    4.94523E+04
 1.95921E-04    2.86136E+04    1.01266E+04    4.71007E+04
 2.16311E-04    2.71458E+04    9.60707E+03    4.46845E+04
 2.38346E-04    2.57801E+04    9.12373E+03    4.24364E+04
 2.62359E-04    2.44936E+04    8.66846E+03    4.03188E+04
 2.87723E-04    2.33196E+04    8.25297E+03    3.83863E+04
 3.17292E-04    2.21293E+04    7.83172E+03    3.64270E+04
 3.49405E-04    2.10096E+04    7.43545E+03    3.45838E+04
 3.85705E-04    1.99218E+04    7.05047E+03    3.27932E+04
 4.24795E-04    1.89139E+04    6.69375E+03    3.11340E+04
 4.67182E-04    1.79712E+04    6.36013E+03    2.95823E+04
 5.17830E-04    1.70006E+04    6.01661E+03    2.79845E+04
 5.69579E-04    1.61449E+04    5.71378E+03    2.65760E+04
 6.27486E-04    1.53180E+04    5.42114E+03    2.52149E+04
 6.86492E-04    1.45904E+04    5.16365E+03    2.40172E+04
 7.55873E-04    1.38438E+04    4.89941E+03    2.27882E+04
 8.30174E-04    1.31533E+04    4.65502E+03    2.16515E+04
 9.08295E-04    1.25244E+04    4.43245E+03    2.06163E+04
 1.00000E-03    1.18832E+04    4.20556E+03    1.95609E+04
 1.10150E-03    1.12712E+04    3.98894E+03    1.85534E+04
 1.20750E-03    1.07182E+04    3.79323E+03    1.76431E+04
 1.32798E-03    1.01751E+04    3.60105E+03    1.67492E+04
 1.46031E-03    9.65937E+03    3.41851E+03    1.59002E+04
 1.60292E-03    9.17975E+03    3.24877E+03    1.51107E+04
 1.76486E-03    8.70807E+03    3.08184E+03    1.43343E+04
 1.93574E-03    8.27871E+03    2.92989E+03    1.36275E+04
 2.11547E-03    7.88808E+03    3.15433E+03    1.26218E+04
 2.31760E-03    7.50638E+03    3.00170E+03    1.20111E+04
 2.55110E-03    7.12512E+03    2.84924E+03    1.14010E+04
 2.81243E-03    6.75775E+03    2.70233E+03    1.08132E+04
 3.06978E-03    6.44626E+03    2.57777E+03    1.03147E+04
 3.37216E-03    6.13345E+03    2.45268E+03    9.81421E+03
 3.72156E-03    5.82113E+03    2.32779E+03    9.31447E+03
 4.09820E-03    5.53185E+03    2.21211E+03    8.85160E+03
 4.50721E-03    5.26021E+03    2.10348E+03    8.41694E+03
 4.93880E-03    5.01152E+03    2.00404E+03    8.01900E+03
 5.49990E-03    4.74019E+03    2.36028E+03    7.12009E+03
 6.07714E-03    4.49982E+03    2.24060E+03    6.75904E+03
 6.69092E-03    4.27986E+03    2.13107E+03    6.42864E+03
 7.15780E-03    4.13444E+03    2.05866E+03    6.21021E+03
 7.88783E-03    3.94181E+03    1.96275E+03    5.92087E+03
 8.75915E-03    3.74337E+03    2.12955E+03    5.35718E+03
 9.67922E-03    3.56380E+03    2.02740E+03    5.10021E+03
 1.02007E-02    3.47659E+03    2.10631E+03    4.84688E+03
 1.13295E-02    3.32018E+03    2.01154E+03    4.62881E+03
 1.25890E-02    3.16963E+03    1.92033E+03    4.41893E+03
 1.40787E-02    3.01764E+03    1.82825E+03    4.20703E+03
 1.57035E-02    2.87624E+03    1.74258E+03    4.00990E+03
 1.75651E-02    2.73816E+03    1.65892E+03    3.81739E+03
 1.88839E-02    2.65232E+03    1.60692E+03    3.69773E+03
 2.00000E-02    2.55058E+03    1.88962E+03    3.21154E+03
 2.23664E-02    2.43235E+03    1.80203E+03    3.06268E+03
 2.49476E-02    2.32221E+03    1.72043E+03    2.92398E+03
 2.81004E-02    2.20791E+03    1.63575E+03    2.78007E+03
 3.08273E-02    2.12400E+03    1.65652E+03    2.59148E+03
 3.36846E-02    2.05032E+03    1.59905E+03    2.50158E+03
 3.81544E-02    1.96288E+03    1.53086E+03    2.39490E+03
 4.32501E-02    1.87879E+03    1.45210E+03    2.30548E+03
 4.60970E-02    1.83919E+03    1.42150E+03    2.25689E+03
 5.09975E-02    1.78200E+03    1.37729E+03    2.18671E+03
 5.75241E-02    1.70372E+03    1.31679E+03    2.09065E+03
 6.50190E-02    1.62662E+03    1.20514E+03    2.04809E+03
 7.11118E-02    1.57016E+03    1.16332E+03    1.97701E+03
 7.80265E-02    1.50336E+03    1.11382E+03    1.89289E+03
 8.76970E-02    1.43722E+03    1.02749E+03    1.84695E+03
 9.83500E-02    1.37505E+03    9.83045E+02    1.76705E+03
 1.00000E-01    1.36616E+03    9.61676E+02    1.77065E+03
 1.08597E-01    1.29441E+03    9.11165E+02    1.67765E+03
 1.17325E-01    1.23040E+03    8.66107E+02    1.59469E+03
 1.20846E-01    1.20799E+03    8.50334E+02    1.56565E+03
 1.33200E-01    1.14852E+03    8.08468E+02    1.48856E+03
 1.40000E-01    1.11925E+03    7.87870E+02    1.45064E+03
 1.59688E-01    1.07089E+03    7.53827E+02    1.38796E+03
 1.70000E-01    1.04847E+03    7.38047E+02    1.35890E+03
 1.83109E-01    9.94500E+02    7.00052E+02    1.28895E+03
 1.97404E-01    9.42619E+02    6.63532E+02    1.22171E+03
 2.00000E-01    9.33836E+02    6.05081E+02    1.26259E+03
 2.22442E-01    8.89762E+02    5.76524E+02    1.20300E+03
 2.46628E-01    8.48890E+02    5.50041E+02    1.14774E+03
 2.50000E-01    8.43596E+02    5.46610E+02    1.14058E+03
 2.62893E-01    7.94100E+02    5.14539E+02    1.07366E+03
 2.77657E-01    7.43598E+02    4.81816E+02    1.00538E+03
 2.91550E-01    7.01191E+02    4.54339E+02    9.48044E+02
 3.00000E-01    6.77509E+02    4.05744E+02    9.49274E+02
 3.17809E-01    6.36654E+02    3.81277E+02    8.92031E+02
 3.36904E-01    5.97751E+02    3.57979E+02    8.37523E+02
 3.56363E-01    5.62594E+02    3.36924E+02    7.88263E+02
 3.76448E-01    5.30299E+02    3.17584E+02    7.43015E+02
 3.97109E-01    5.00566E+02    2.99777E+02    7.01355E+02
 4.00000E-01    4.96635E+02    2.76570E+02    7.16699E+02
 4.30287E-01    4.70151E+02    2.61822E+02    6.78480E+02
 4.64332E-01    4.44059E+02    2.47291E+02    6.40827E+02
 5.00000E-01    4.20026E+02    2.33908E+02    6.06144E+02
 5.29482E-01    3.94272E+02    2.19566E+02    5.68979E+02
 5.58186E-01    3.71917E+02    2.07116E+02    5.36717E+02
 5.90927E-01    3.49213E+02    1.94473E+02    5.03953E+02
 6.00000E-01    3.43383E+02    1.77838E+02    5.08928E+02
 6.39521E-01    3.23947E+02    1.67772E+02    4.80122E+02
 6.81812E-01    3.05561E+02    1.58250E+02    4.52873E+02
 7.04938E-01    2.95997E+02    1.53297E+02    4.38698E+02
 7.47043E-01    2.77578E+02    1.43757E+02    4.11398E+02
 7.88526E-01    2.61471E+02    1.35416E+02    3.87527E+02
 8.22392E-01    2.49933E+02    1.22946E+02    3.76921E+02
 8.74164E-01    2.34330E+02    1.15270E+02    3.53389E+02
 9.22501E-01    2.21455E+02    1.08937E+02    3.33974E+02
 9.77509E-01    2.08488E+02    1.02558E+02    3.14418E+02
 1.05488E+00    1.91467E+02    8.99759E+01    2.92958E+02
 1.14152E+00    1.74447E+02    8.19776E+01    2.66916E+02
 1.22272E+00    1.60294E+02    7.21105E+01    2.48477E+02
 1.28330E+00    1.50650E+02    6.77723E+01    2.33528E+02
 1.36689E+00    1.38151E+02    6.21494E+01    2.14153E+02
 1.46151E+00    1.25272E+02    5.63553E+01    1.94188E+02
 1.56699E+00    1.12134E+02    4.68648E+01    1.77404E+02
 1.66703E+00    1.00682E+02    4.20786E+01    1.59286E+02
 1.76165E+00    9.06906E+01    3.79027E+01    1.43479E+02
 1.86169E+00    8.09613E+01    3.38365E+01    1.28086E+02
 1.95630E+00    7.25487E+01    3.03206E+01    1.14777E+02
 2.05633E+00    6.44563E+01    2.30681E+01    1.05844E+02
 2.14919E+00    5.76675E+01    2.06385E+01    9.46964E+01
 2.24399E+00    5.13629E+01    1.83822E+01    8.43436E+01
 2.30080E+00    4.79030E+01    1.71439E+01    7.86620E+01
 2.35963E+00    4.46438E+01    1.59775E+01    7.33101E+01
 2.45359E+00    3.98235E+01    1.42524E+01    6.53946E+01
 2.51315E+00    3.70276E+01    1.08825E+01    6.31727E+01
 2.57406E+00    3.44350E+01    1.01205E+01    5.87494E+01
 2.65432E+00    3.12407E+01    9.18169E+00    5.32997E+01
 2.71366E+00    2.90850E+01    8.54812E+00    4.96219E+01
 2.77584E+00    2.70321E+01    7.94478E+00    4.61194E+01
 2.85442E+00    2.46144E+01    7.23421E+00    4.19946E+01
 2.91379E+00    2.29467E+01    6.74408E+00    3.91494E+01
 2.98161E+00    2.12161E+01    6.23545E+00    3.61968E+01
 3.06216E+00    1.92821E+01    4.58694E+00    3.39772E+01
 3.12847E+00    1.78346E+01    4.24261E+00    3.14266E+01
 3.19059E+00    1.66039E+01    3.94984E+00    2.92580E+01
 3.25849E+00    1.53781E+01    3.65824E+00    2.70980E+01
 3.31783E+00    1.43996E+01    3.42546E+00    2.53737E+01
 3.38446E+00    1.33946E+01    3.18639E+00    2.36028E+01
 3.45310E+00    1.24504E+01    2.96178E+00    2.19391E+01
 3.55618E+00    1.11482E+01    2.17330E+00    2.01230E+01
 3.62984E+00    1.03019E+01    2.00832E+00    1.85954E+01
 3.70167E+00    9.55355E+00    1.86244E+00    1.72447E+01
 3.77481E+00    8.85965E+00    1.72716E+00    1.59921E+01
 3.84703E+00    8.23600E+00    1.60559E+00    1.48664E+01
 3.92240E+00    7.64305E+00    1.48999E+00    1.37961E+01
 4.00737E+00    7.03604E+00    1.16042E+00    1.29117E+01
 4.08258E+00    6.53442E+00    1.07769E+00    1.19912E+01
 4.15314E+00    6.10328E+00    1.00658E+00    1.12000E+01
 4.22963E+00    5.67537E+00    9.36007E-01    1.04147E+01
 4.30959E+00    5.26733E+00    8.68712E-01    9.66595E+00
 4.38739E+00    4.90516E+00    8.08981E-01    9.00133E+00
 4.47601E+00    4.52974E+00    7.47065E-01    8.31241E+00
 4.51486E+00    4.38091E+00    7.22520E-01    8.03930E+00
 4.60918E+00    4.05754E+00    6.69187E-01    7.44588E+00
 4.70457E+00    3.76115E+00    6.20306E-01    6.90200E+00
 4.80557E+00    3.47642E+00    5.73347E-01    6.37949E+00
 4.90135E+00    3.23134E+00    5.32928E-01    5.92976E+00
 5.00000E+00    3.00140E+00    6.21112E-01    5.38168E+00
 5.12139E+00    2.78813E+00    5.76978E-01    4.99927E+00
 5.25039E+00    2.58280E+00    5.34487E-01    4.63111E+00
 5.37313E+00    2.40569E+00    4.97836E-01    4.31354E+00
 5.50000E+00    2.23916E+00    4.63375E-01    4.01495E+00
 5.65734E+00    2.08206E+00    4.30864E-01    3.73325E+00
 5.81008E+00    1.94374E+00    4.02241E-01    3.48525E+00
 5.97682E+00    1.80678E+00    3.73897E-01    3.23966E+00
 6.00000E+00    1.78869E+00    6.88529E-01    2.88886E+00
 6.23866E+00    1.66887E+00    6.42406E-01    2.69534E+00
 6.46799E+00    1.56498E+00    6.02414E-01    2.52755E+00
 6.50000E+00    1.55120E+00    5.97111E-01    2.50530E+00
 7.00000E+00    1.47437E+00    7.73873E-01    2.17487E+00
 7.50000E+00    1.48672E+00    7.80355E-01    2.19309E+00
 8.05643E+00    1.57172E+00    7.90343E-01    2.35309E+00
 9.00000E+00    1.73690E+00    7.91882E-01    2.68192E+00
 9.50000E+00    1.80230E+00    8.21699E-01    2.78290E+00
 1.00000E+01    1.84557E+00    7.84237E-01    2.90690E+00
 1.01411E+01    1.84695E+00    7.84824E-01    2.90908E+00
 1.02842E+01    1.84835E+00    7.85418E-01    2.91128E+00
 1.04292E+01    1.84977E+00    7.86021E-01    2.91351E+00
 1.05000E+01    1.85046E+00    7.86315E-01    2.91460E+00
 1.06481E+01    1.84604E+00    7.84437E-01    2.90764E+00
 1.07984E+01    1.84156E+00    7.82532E-01    2.90058E+00
 1.09507E+01    1.83701E+00    7.80600E-01    2.89342E+00
 1.10000E+01    1.83554E+00    7.79975E-01    2.89110E+00
 1.11552E+01    1.81420E+00    7.70906E-01    2.85749E+00
 1.12472E+01    1.80154E+00    7.65528E-01    2.83755E+00
 1.14059E+01    1.78059E+00    7.56626E-01    2.80456E+00
 1.15000E+01    1.76817E+00    7.51348E-01    2.78499E+00
 1.16622E+01    1.74605E+00    7.41947E-01    2.75015E+00
 1.17473E+01    1.73444E+00    7.37016E-01    2.73187E+00
 1.19131E+01    1.71274E+00    7.27795E-01    2.69769E+00
 1.20000E+01    1.70136E+00    6.77044E-01    2.72568E+00
 1.21231E+01    1.68113E+00    6.68993E-01    2.69326E+00
 1.22941E+01    1.65378E+00    6.58111E-01    2.64945E+00
 1.23101E+01    1.65123E+00    6.57095E-01    2.64536E+00
 1.24838E+01    1.62437E+00    6.46406E-01    2.60233E+00
 1.25000E+01    1.62186E+00    6.45408E-01    2.59831E+00
 1.26232E+01    1.59715E+00    6.35574E-01    2.55872E+00
 1.27163E+01    1.57886E+00    6.28297E-01    2.52943E+00
 1.28574E+01    1.55182E+00    6.17538E-01    2.48611E+00
 1.30000E+01    1.52525E+00    6.06963E-01    2.44354E+00
 1.31232E+01    1.50033E+00    5.97046E-01    2.40362E+00
 1.32164E+01    1.48191E+00    5.89715E-01    2.37410E+00
 1.33575E+01    1.45470E+00    5.78888E-01    2.33051E+00
 1.35000E+01    1.42799E+00    5.68259E-01    2.28772E+00
 1.35615E+01    1.40826E+00    5.60408E-01    2.25611E+00
 1.36698E+01    1.37439E+00    5.46928E-01    2.20185E+00
 1.37516E+01    1.34952E+00    5.37032E-01    2.16201E+00
 1.38133E+01    1.33116E+00    5.29727E-01    2.13260E+00
 1.39063E+01    1.30410E+00    5.18956E-01    2.08924E+00
 1.40000E+01    1.27758E+00    5.02046E-01    2.05311E+00
 1.41234E+01    1.24788E+00    4.90376E-01    2.00539E+00
 1.42166E+01    1.22606E+00    4.81802E-01    1.97033E+00
 1.42869E+01    1.20995E+00    4.75470E-01    1.94443E+00
 1.43931E+01    1.18618E+00    4.66128E-01    1.90623E+00
 1.45000E+01    1.16287E+00    4.56969E-01    1.86877E+00
 1.45616E+01    1.14684E+00    4.50668E-01    1.84300E+00
 1.46700E+01    1.11931E+00    4.39850E-01    1.79876E+00
 1.47518E+01    1.09909E+00    4.31907E-01    1.76628E+00
 1.48135E+01    1.08417E+00    4.26044E-01    1.74230E+00
 1.49064E+01    1.06217E+00    4.17399E-01    1.70695E+00
 1.50000E+01    1.04062E+00    4.08899E-01    1.67234E+00
 1.51235E+01    1.01639E+00    3.99378E-01    1.63340E+00
 1.52167E+01    9.98585E-01    3.92382E-01    1.60479E+00
 1.52871E+01    9.85438E-01    3.87216E-01    1.58366E+00
 1.53932E+01    9.66040E-01    3.79594E-01    1.55249E+00
 1.55000E+01    9.47025E-01    3.72122E-01    1.52193E+00
 1.56235E+01    9.26179E-01    3.63931E-01    1.48843E+00
 1.57168E+01    9.10846E-01    3.57906E-01    1.46379E+00
 1.57871E+01    8.99513E-01    3.53453E-01    1.44557E+00
 1.58932E+01    8.82777E-01    3.46877E-01    1.41868E+00
 1.60000E+01    8.66353E-01    3.39591E-01    1.39311E+00
 1.61236E+01    8.48737E-01    3.32686E-01    1.36479E+00
 1.62169E+01    8.35760E-01    3.27599E-01    1.34392E+00
 1.63578E+01    8.16666E-01    3.20115E-01    1.31322E+00
 1.65000E+01    7.98008E-01    3.12801E-01    1.28321E+00
 1.66236E+01    7.82969E-01    3.06906E-01    1.25903E+00
 1.67169E+01    7.71875E-01    3.02558E-01    1.24119E+00
 1.68579E+01    7.55530E-01    2.96151E-01    1.21491E+00
 1.70000E+01    7.39530E-01    2.89879E-01    1.18918E+00
 1.71236E+01    7.26704E-01    2.84852E-01    1.16856E+00
 1.72170E+01    7.17230E-01    2.81138E-01    1.15332E+00
 1.73579E+01    7.03252E-01    2.75659E-01    1.13084E+00
 1.75000E+01    6.89545E-01    2.70286E-01    1.10880E+00
 1.76237E+01    6.78379E-01    2.65909E-01    1.09085E+00
 1.77170E+01    6.70123E-01    2.62673E-01    1.07757E+00
 1.78579E+01    6.57927E-01    2.57893E-01    1.05796E+00
 1.80000E+01    6.45953E-01    2.51906E-01    1.04000E+00
 1.81237E+01    6.36163E-01    2.48088E-01    1.02424E+00
 1.83109E+01    6.21756E-01    2.42469E-01    1.00104E+00
 1.85000E+01    6.07675E-01    2.36978E-01    9.78372E-01
 1.86238E+01    5.98917E-01    2.33563E-01    9.64271E-01
 1.88109E+01    5.86016E-01    2.28532E-01    9.43500E-01
 1.90000E+01    5.73393E-01    2.23609E-01    9.23177E-01
 1.91238E+01    5.65488E-01    2.20526E-01    9.10449E-01
 1.93110E+01    5.53833E-01    2.15981E-01    8.91685E-01
 1.95000E+01    5.42419E-01    2.11530E-01    8.73308E-01
 1.96238E+01    5.35187E-01    2.08709E-01    8.61664E-01
 1.98110E+01    5.24518E-01    2.04549E-01    8.44488E-01
 2.00000E+01    5.14063E-01    2.00472E-01    8.27654E-01
