# n + Ac226 : (n,f)     
# endfb8.0   O.Iwamoto, T.Nakagawa, et al.     EVAL-FEB10
# uncertainties: y
# # energies =   720
#   E(MeV)       xs(mb)       xslow(mb)      xsupp(mb)
 1.00000E-11    1.00870E+05    1.00870E+05    1.00870E+05
 1.03223E-11    9.92827E+04    9.92827E+04    9.92827E+04
 1.06549E-11    9.77209E+04    9.77209E+04    9.77209E+04
 1.09984E-11    9.61829E+04    9.61829E+04    9.61829E+04
 1.13527E-11    9.46698E+04    9.46698E+04    9.46698E+04
 1.17186E-11    9.31799E+04    9.31799E+04    9.31799E+04
 1.20962E-11    9.17140E+04    9.17140E+04    9.17140E+04
 1.24861E-11    9.02706E+04    9.02706E+04    9.02706E+04
 1.28884E-11    8.88505E+04    8.88505E+04    8.88505E+04
 1.33038E-11    8.74522E+04    8.74522E+04    8.74522E+04
 1.37325E-11    8.60764E+04    8.60764E+04    8.60764E+04
 1.41751E-11    8.47217E+04    8.47217E+04    8.47217E+04
 1.46318E-11    8.33889E+04    8.33889E+04    8.33889E+04
 1.51034E-11    8.20765E+04    8.20765E+04    8.20765E+04
 1.55901E-11    8.07852E+04    8.07852E+04    8.07852E+04
 1.60926E-11    7.95139E+04    7.95139E+04    7.95139E+04
 1.66111E-11    7.82629E+04    7.82629E+04    7.82629E+04
 1.71465E-11    7.70312E+04    7.70312E+04    7.70312E+04
 1.76990E-11    7.58193E+04    7.58193E+04    7.58193E+04
 1.82694E-11    7.46261E+04    7.46261E+04    7.46261E+04
 1.88581E-11    7.34520E+04    7.34520E+04    7.34520E+04
 1.94659E-11    7.22960E+04    7.22960E+04    7.22960E+04
 2.00931E-11    7.11585E+04    7.11585E+04    7.11585E+04
 2.07407E-11    7.00387E+04    7.00387E+04    7.00387E+04
 2.14090E-11    6.89367E+04    6.89367E+04    6.89367E+04
 2.20991E-11    6.78518E+04    6.78518E+04    6.78518E+04
 2.28111E-11    6.67842E+04    6.67842E+04    6.67842E+04
 2.35464E-11    6.57332E+04    6.57332E+04    6.57332E+04
 2.43051E-11    6.46990E+04    6.46990E+04    6.46990E+04
 2.50884E-11    6.36807E+04    6.36807E+04    6.36807E+04
 2.58968E-11    6.26788E+04    6.26788E+04    6.26788E+04
 2.67315E-11    6.16924E+04    6.16924E+04    6.16924E+04
 2.75928E-11    6.07217E+04    6.07217E+04    6.07217E+04
 2.84822E-11    5.97660E+04    5.97660E+04    5.97660E+04
 2.93999E-11    5.88257E+04    5.88257E+04    5.88257E+04
 3.03475E-11    5.78998E+04    5.78998E+04    5.78998E+04
 3.13253E-11    5.69888E+04    5.69888E+04    5.69888E+04
 3.23350E-11    5.60919E+04    5.60919E+04    5.60919E+04
 3.33769E-11    5.52093E+04    5.52093E+04    5.52093E+04
 3.44526E-11    5.43404E+04    5.43404E+04    5.43404E+04
 3.55627E-11    5.34854E+04    5.34854E+04    5.34854E+04
 3.67089E-11    5.26436E+04    5.26436E+04    5.26436E+04
 3.78918E-11    5.18152E+04    5.18152E+04    5.18152E+04
 3.91130E-11    5.09997E+04    5.09997E+04    5.09997E+04
 4.03734E-11    5.01972E+04    5.01972E+04    5.01972E+04
 4.16746E-11    4.94072E+04    4.94072E+04    4.94072E+04
 4.30174E-11    4.86298E+04    4.86298E+04    4.86298E+04
 4.44039E-11    4.78644E+04    4.78644E+04    4.78644E+04
 4.58347E-11    4.71112E+04    4.71112E+04    4.71112E+04
 4.73119E-11    4.63697E+04    4.63697E+04    4.63697E+04
 4.88364E-11    4.56400E+04    4.56400E+04    4.56400E+04
 5.04104E-11    4.49217E+04    4.49217E+04    4.49217E+04
 5.20348E-11    4.42148E+04    4.42148E+04    4.42148E+04
 5.37119E-11    4.35189E+04    4.35189E+04    4.35189E+04
 5.54426E-11    4.28340E+04    4.28340E+04    4.28340E+04
 5.72295E-11    4.21598E+04    4.21598E+04    4.21598E+04
 5.90736E-11    4.14964E+04    4.14964E+04    4.14964E+04
 6.09775E-11    4.08432E+04    4.08432E+04    4.08432E+04
 6.29424E-11    4.02005E+04    4.02005E+04    4.02005E+04
 6.49710E-11    3.95677E+04    3.95677E+04    3.95677E+04
 6.70645E-11    3.89450E+04    3.89450E+04    3.89450E+04
 6.92260E-11    3.83320E+04    3.83320E+04    3.83320E+04
 7.14566E-11    3.77288E+04    3.77288E+04    3.77288E+04
 7.37596E-11    3.71349E+04    3.71349E+04    3.71349E+04
 7.61364E-11    3.65505E+04    3.65505E+04    3.65505E+04
 7.85902E-11    3.59752E+04    3.59752E+04    3.59752E+04
 8.11227E-11    3.54090E+04    3.54090E+04    3.54090E+04
 8.37372E-11    3.48516E+04    3.48516E+04    3.48516E+04
 8.64355E-11    3.43031E+04    3.43031E+04    3.43031E+04
 8.92212E-11    3.37631E+04    3.37631E+04    3.37631E+04
 9.20962E-11    3.32317E+04    3.32317E+04    3.32317E+04
 9.50644E-11    3.27086E+04    3.27086E+04    3.27086E+04
 9.81277E-11    3.21938E+04    3.21938E+04    3.21938E+04
 1.01291E-10    3.16870E+04    3.16870E+04    3.16870E+04
 1.04554E-10    3.11883E+04    3.11883E+04    3.11883E+04
 1.07924E-10    3.06973E+04    3.06973E+04    3.06973E+04
 1.11402E-10    3.02142E+04    3.02142E+04    3.02142E+04
 1.14992E-10    2.97385E+04    2.97385E+04    2.97385E+04
 1.18697E-10    2.92704E+04    2.92704E+04    2.92704E+04
 1.22523E-10    2.88096E+04    2.88096E+04    2.88096E+04
 1.26471E-10    2.83562E+04    2.83562E+04    2.83562E+04
 1.30547E-10    2.79097E+04    2.79097E+04    2.79097E+04
 1.34754E-10    2.74704E+04    2.74704E+04    2.74704E+04
 1.39097E-10    2.70379E+04    2.70379E+04    2.70379E+04
 1.43579E-10    2.66124E+04    2.66124E+04    2.66124E+04
 1.48207E-10    2.61933E+04    2.61933E+04    2.61933E+04
 1.52982E-10    2.57811E+04    2.57811E+04    2.57811E+04
 1.57913E-10    2.53751E+04    2.53751E+04    2.53751E+04
 1.63001E-10    2.49757E+04    2.49757E+04    2.49757E+04
 1.68254E-10    2.45825E+04    2.45825E+04    2.45825E+04
 1.73676E-10    2.41955E+04    2.41955E+04    2.41955E+04
 1.79274E-10    2.38145E+04    2.38145E+04    2.38145E+04
 1.85050E-10    2.34397E+04    2.34397E+04    2.34397E+04
 1.91014E-10    2.30706E+04    2.30706E+04    2.30706E+04
 1.97169E-10    2.27074E+04    2.27074E+04    2.27074E+04
 2.03524E-10    2.23499E+04    2.23499E+04    2.23499E+04
 2.10082E-10    2.19980E+04    2.19980E+04    2.19980E+04
 2.16853E-10    2.16517E+04    2.16517E+04    2.16517E+04
 2.23840E-10    2.13108E+04    2.13108E+04    2.13108E+04
 2.31055E-10    2.09752E+04    2.09752E+04    2.09752E+04
 2.38500E-10    2.06450E+04    2.06450E+04    2.06450E+04
 2.46187E-10    2.03199E+04    2.03199E+04    2.03199E+04
 2.54120E-10    2.00000E+04    2.00000E+04    2.00000E+04
 2.62310E-10    1.96851E+04    1.96851E+04    1.96851E+04
 2.70762E-10    1.93752E+04    1.93752E+04    1.93752E+04
 2.79489E-10    1.90701E+04    1.90701E+04    1.90701E+04
 2.88494E-10    1.87698E+04    1.87698E+04    1.87698E+04
 2.97793E-10    1.84743E+04    1.84743E+04    1.84743E+04
 3.07388E-10    1.81834E+04    1.81834E+04    1.81834E+04
 3.17295E-10    1.78970E+04    1.78970E+04    1.78970E+04
 3.27519E-10    1.76153E+04    1.76153E+04    1.76153E+04
 3.38075E-10    1.73379E+04    1.73379E+04    1.73379E+04
 3.48969E-10    1.70649E+04    1.70649E+04    1.70649E+04
 3.60216E-10    1.67961E+04    1.67961E+04    1.67961E+04
 3.71823E-10    1.65317E+04    1.65317E+04    1.65317E+04
 3.83807E-10    1.62713E+04    1.62713E+04    1.62713E+04
 3.96174E-10    1.60151E+04    1.60151E+04    1.60151E+04
 4.08943E-10    1.57629E+04    1.57629E+04    1.57629E+04
 4.22120E-10    1.55147E+04    1.55147E+04    1.55147E+04
 4.35725E-10    1.52704E+04    1.52704E+04    1.52704E+04
 4.49765E-10    1.50300E+04    1.50300E+04    1.50300E+04
 4.64261E-10    1.47932E+04    1.47932E+04    1.47932E+04
 4.79221E-10    1.45603E+04    1.45603E+04    1.45603E+04
 4.94666E-10    1.43310E+04    1.43310E+04    1.43310E+04
 5.10605E-10    1.41053E+04    1.41053E+04    1.41053E+04
 5.27062E-10    1.38832E+04    1.38832E+04    1.38832E+04
 5.44045E-10    1.36646E+04    1.36646E+04    1.36646E+04
 5.61580E-10    1.34494E+04    1.34494E+04    1.34494E+04
 5.79675E-10    1.32376E+04    1.32376E+04    1.32376E+04
 5.98358E-10    1.30291E+04    1.30291E+04    1.30291E+04
 6.17639E-10    1.28240E+04    1.28240E+04    1.28240E+04
 6.37545E-10    1.26220E+04    1.26220E+04    1.26220E+04
 6.58089E-10    1.24232E+04    1.24232E+04    1.24232E+04
 6.79298E-10    1.22276E+04    1.22276E+04    1.22276E+04
 7.01188E-10    1.20350E+04    1.20350E+04    1.20350E+04
 7.23786E-10    1.18455E+04    1.18455E+04    1.18455E+04
 7.47109E-10    1.16589E+04    1.16589E+04    1.16589E+04
 7.71188E-10    1.14753E+04    1.14753E+04    1.14753E+04
 7.96038E-10    1.12946E+04    1.12946E+04    1.12946E+04
 8.21693E-10    1.11167E+04    1.11167E+04    1.11167E+04
 8.48171E-10    1.09417E+04    1.09417E+04    1.09417E+04
 8.75507E-10    1.07693E+04    1.07693E+04    1.07693E+04
 9.03719E-10    1.05998E+04    1.05998E+04    1.05998E+04
 9.32845E-10    1.04328E+04    1.04328E+04    1.04328E+04
 9.62904E-10    1.02685E+04    1.02685E+04    1.02685E+04
 9.93937E-10    1.01068E+04    1.01068E+04    1.01068E+04
 1.02597E-09    9.94763E+03    9.94763E+03    9.94763E+03
 1.05903E-09    9.79096E+03    9.79096E+03    9.79096E+03
 1.09316E-09    9.63677E+03    9.63677E+03    9.63677E+03
 1.12839E-09    9.48499E+03    9.48499E+03    9.48499E+03
 1.16475E-09    9.33563E+03    9.33563E+03    9.33563E+03
 1.20229E-09    9.18859E+03    9.18859E+03    9.18859E+03
 1.24103E-09    9.04389E+03    9.04389E+03    9.04389E+03
 1.28103E-09    8.90145E+03    8.90145E+03    8.90145E+03
 1.32231E-09    8.76127E+03    8.76127E+03    8.76127E+03
 1.36492E-09    8.62328E+03    8.62328E+03    8.62328E+03
 1.40890E-09    8.48748E+03    8.48748E+03    8.48748E+03
 1.45431E-09    8.35380E+03    8.35380E+03    8.35380E+03
 1.50117E-09    8.22225E+03    8.22225E+03    8.22225E+03
 1.54956E-09    8.09274E+03    8.09274E+03    8.09274E+03
 1.59949E-09    7.96530E+03    7.96530E+03    7.96530E+03
 1.65104E-09    7.83984E+03    7.83984E+03    7.83984E+03
 1.70424E-09    7.71638E+03    7.71638E+03    7.71638E+03
 1.75917E-09    7.59485E+03    7.59485E+03    7.59485E+03
 1.81585E-09    7.47524E+03    7.47524E+03    7.47524E+03
 1.87438E-09    7.35750E+03    7.35750E+03    7.35750E+03
 1.93477E-09    7.24164E+03    7.24164E+03    7.24164E+03
 1.99713E-09    7.12758E+03    7.12758E+03    7.12758E+03
 2.06148E-09    7.01533E+03    7.01533E+03    7.01533E+03
 2.12792E-09    6.90484E+03    6.90484E+03    6.90484E+03
 2.19649E-09    6.79610E+03    6.79610E+03    6.79610E+03
 2.26728E-09    6.68906E+03    6.68906E+03    6.68906E+03
 2.34034E-09    6.58372E+03    6.58372E+03    6.58372E+03
 2.41577E-09    6.48002E+03    6.48002E+03    6.48002E+03
 2.49362E-09    6.37798E+03    6.37798E+03    6.37798E+03
 2.57398E-09    6.27752E+03    6.27752E+03    6.27752E+03
 2.65692E-09    6.17866E+03    6.17866E+03    6.17866E+03
 2.74255E-09    6.08135E+03    6.08135E+03    6.08135E+03
 2.83093E-09    5.98558E+03    5.98558E+03    5.98558E+03
 2.92217E-09    5.89131E+03    5.89131E+03    5.89131E+03
 3.01633E-09    5.79853E+03    5.79853E+03    5.79853E+03
 3.11354E-09    5.70721E+03    5.70721E+03    5.70721E+03
 3.21387E-09    5.61733E+03    5.61733E+03    5.61733E+03
 3.31745E-09    5.52886E+03    5.52886E+03    5.52886E+03
 3.42435E-09    5.44180E+03    5.44180E+03    5.44180E+03
 3.53471E-09    5.35609E+03    5.35609E+03    5.35609E+03
 3.64861E-09    5.27175E+03    5.27175E+03    5.27175E+03
 3.76620E-09    5.18872E+03    5.18872E+03    5.18872E+03
 3.88757E-09    5.10702E+03    5.10702E+03    5.10702E+03
 4.01286E-09    5.02659E+03    5.02659E+03    5.02659E+03
 4.14217E-09    4.94744E+03    4.94744E+03    4.94744E+03
 4.27566E-09    4.86952E+03    4.86952E+03    4.86952E+03
 4.41344E-09    4.79285E+03    4.79285E+03    4.79285E+03
 4.55568E-09    4.71737E+03    4.71737E+03    4.71737E+03
 4.70248E-09    4.64308E+03    4.64308E+03    4.64308E+03
 4.85404E-09    4.56996E+03    4.56996E+03    4.56996E+03
 5.01045E-09    4.49800E+03    4.49800E+03    4.49800E+03
 5.17193E-09    4.42716E+03    4.42716E+03    4.42716E+03
 5.33859E-09    4.35745E+03    4.35745E+03    4.35745E+03
 5.51065E-09    4.28882E+03    4.28882E+03    4.28882E+03
 5.68822E-09    4.22128E+03    4.22128E+03    4.22128E+03
 5.87154E-09    4.15480E+03    4.15480E+03    4.15480E+03
 6.06075E-09    4.08937E+03    4.08937E+03    4.08937E+03
 6.25608E-09    4.02496E+03    4.02496E+03    4.02496E+03
 6.45767E-09    3.96158E+03    3.96158E+03    3.96158E+03
 6.66579E-09    3.89918E+03    3.89918E+03    3.89918E+03
 6.88059E-09    3.83778E+03    3.83778E+03    3.83778E+03
 7.10234E-09    3.77733E+03    3.77733E+03    3.77733E+03
 7.33121E-09    3.71784E+03    3.71784E+03    3.71784E+03
 7.56748E-09    3.65929E+03    3.65929E+03    3.65929E+03
 7.81133E-09    3.60166E+03    3.60166E+03    3.60166E+03
 8.06308E-09    3.54493E+03    3.54493E+03    3.54493E+03
 8.32291E-09    3.48910E+03    3.48910E+03    3.48910E+03
 8.59114E-09    3.43415E+03    3.43415E+03    3.43415E+03
 8.86798E-09    3.38007E+03    3.38007E+03    3.38007E+03
 9.15378E-09    3.32683E+03    3.32683E+03    3.32683E+03
 9.44875E-09    3.27443E+03    3.27443E+03    3.27443E+03
 9.75327E-09    3.22286E+03    3.22286E+03    3.22286E+03
 1.00676E-08    3.17210E+03    3.17210E+03    3.17210E+03
 1.03920E-08    3.12214E+03    3.12214E+03    3.12214E+03
 1.07269E-08    3.07297E+03    3.07297E+03    3.07297E+03
 1.10726E-08    3.02457E+03    3.02457E+03    3.02457E+03
 1.14294E-08    2.97694E+03    2.97694E+03    2.97694E+03
 1.17978E-08    2.93005E+03    2.93005E+03    2.93005E+03
 1.21779E-08    2.88390E+03    2.88390E+03    2.88390E+03
 1.25704E-08    2.83848E+03    2.83848E+03    2.83848E+03
 1.29755E-08    2.79378E+03    2.79378E+03    2.79378E+03
 1.33937E-08    2.74978E+03    2.74978E+03    2.74978E+03
 1.38253E-08    2.70647E+03    2.70647E+03    2.70647E+03
 1.42708E-08    2.66384E+03    2.66384E+03    2.66384E+03
 1.47307E-08    2.62189E+03    2.62189E+03    2.62189E+03
 1.52054E-08    2.58059E+03    2.58059E+03    2.58059E+03
 1.56954E-08    2.53995E+03    2.53995E+03    2.53995E+03
 1.62012E-08    2.49995E+03    2.49995E+03    2.49995E+03
 1.67233E-08    2.46058E+03    2.46058E+03    2.46058E+03
 1.72623E-08    2.42182E+03    2.42182E+03    2.42182E+03
 1.78185E-08    2.38368E+03    2.38368E+03    2.38368E+03
 1.83928E-08    2.34614E+03    2.34614E+03    2.34614E+03
 1.89855E-08    2.30920E+03    2.30920E+03    2.30920E+03
 1.95974E-08    2.27282E+03    2.27282E+03    2.27282E+03
 2.02289E-08    2.23703E+03    2.23703E+03    2.23703E+03
 2.08808E-08    2.20179E+03    2.20179E+03    2.20179E+03
 2.15537E-08    2.16712E+03    2.16712E+03    2.16712E+03
 2.22483E-08    2.13298E+03    2.13298E+03    2.13298E+03
 2.29652E-08    2.09938E+03    2.09938E+03    2.09938E+03
 2.37054E-08    2.06631E+03    2.06631E+03    2.06631E+03
 2.44693E-08    2.03377E+03    2.03377E+03    2.03377E+03
 2.52522E-08    2.00195E+03    2.00195E+03    2.00195E+03
 2.53000E-08    2.00006E+03    2.00006E+03    2.00006E+03
 2.61154E-08    1.96855E+03    1.96855E+03    1.96855E+03
 2.69569E-08    1.93755E+03    1.93755E+03    1.93755E+03
 2.78257E-08    1.90703E+03    1.90703E+03    1.90703E+03
 2.87224E-08    1.87700E+03    1.87700E+03    1.87700E+03
 2.96480E-08    1.84744E+03    1.84744E+03    1.84744E+03
 3.06034E-08    1.81834E+03    1.81834E+03    1.81834E+03
 3.15897E-08    1.78970E+03    1.78970E+03    1.78970E+03
 3.26077E-08    1.76152E+03    1.76152E+03    1.76152E+03
 3.36586E-08    1.73377E+03    1.73377E+03    1.73377E+03
 3.47432E-08    1.70646E+03    1.70646E+03    1.70646E+03
 3.58629E-08    1.67957E+03    1.67957E+03    1.67957E+03
 3.70185E-08    1.65312E+03    1.65312E+03    1.65312E+03
 3.82116E-08    1.62708E+03    1.62708E+03    1.62708E+03
 3.94429E-08    1.60145E+03    1.60145E+03    1.60145E+03
 4.07141E-08    1.57623E+03    1.57623E+03    1.57623E+03
 4.20261E-08    1.55140E+03    1.55140E+03    1.55140E+03
 4.33805E-08    1.52696E+03    1.52696E+03    1.52696E+03
 4.47784E-08    1.50292E+03    1.50292E+03    1.50292E+03
 4.62215E-08    1.47924E+03    1.47924E+03    1.47924E+03
 4.77110E-08    1.45595E+03    1.45595E+03    1.45595E+03
 4.92486E-08    1.43301E+03    1.43301E+03    1.43301E+03
 5.08356E-08    1.41044E+03    1.41044E+03    1.41044E+03
 5.24740E-08    1.38821E+03    1.38821E+03    1.38821E+03
 5.41649E-08    1.36634E+03    1.36634E+03    1.36634E+03
 5.59105E-08    1.34482E+03    1.34482E+03    1.34482E+03
 5.77122E-08    1.32364E+03    1.32364E+03    1.32364E+03
 5.95722E-08    1.30280E+03    1.30280E+03    1.30280E+03
 6.14918E-08    1.28228E+03    1.28228E+03    1.28228E+03
 6.34736E-08    1.26209E+03    1.26209E+03    1.26209E+03
 6.55190E-08    1.24221E+03    1.24221E+03    1.24221E+03
 6.76305E-08    1.22264E+03    1.22264E+03    1.22264E+03
 6.98099E-08    1.20337E+03    1.20337E+03    1.20337E+03
 7.20597E-08    1.18441E+03    1.18441E+03    1.18441E+03
 7.43818E-08    1.16576E+03    1.16576E+03    1.16576E+03
 7.67790E-08    1.14740E+03    1.14740E+03    1.14740E+03
 7.92531E-08    1.12933E+03    1.12933E+03    1.12933E+03
 8.18073E-08    1.11154E+03    1.11154E+03    1.11154E+03
 8.44435E-08    1.09403E+03    1.09403E+03    1.09403E+03
 8.71649E-08    1.07680E+03    1.07680E+03    1.07680E+03
 8.99737E-08    1.05984E+03    1.05984E+03    1.05984E+03
 9.28735E-08    1.04315E+03    1.04315E+03    1.04315E+03
 9.58662E-08    1.02673E+03    1.02673E+03    1.02673E+03
 9.89558E-08    1.01055E+03    1.01055E+03    1.01055E+03
 1.02145E-07    9.94628E+02    9.94628E+02    9.94628E+02
 1.05437E-07    9.78952E+02    9.78952E+02    9.78952E+02
 1.08834E-07    9.63528E+02    9.63528E+02    9.63528E+02
 1.12342E-07    9.48349E+02    9.48349E+02    9.48349E+02
 1.15962E-07    9.33416E+02    9.33416E+02    9.33416E+02
 1.19699E-07    9.18721E+02    9.18721E+02    9.18721E+02
 1.23556E-07    9.04260E+02    9.04260E+02    9.04260E+02
 1.27538E-07    8.90018E+02    8.90018E+02    8.90018E+02
 1.31648E-07    8.75997E+02    8.75997E+02    8.75997E+02
 1.35891E-07    8.62192E+02    8.62192E+02    8.62192E+02
 1.40270E-07    8.48607E+02    8.48607E+02    8.48607E+02
 1.44790E-07    8.35236E+02    8.35236E+02    8.35236E+02
 1.49456E-07    8.22080E+02    8.22080E+02    8.22080E+02
 1.54273E-07    8.09135E+02    8.09135E+02    8.09135E+02
 1.59244E-07    7.96397E+02    7.96397E+02    7.96397E+02
 1.64376E-07    7.83852E+02    7.83852E+02    7.83852E+02
 1.69673E-07    7.71501E+02    7.71501E+02    7.71501E+02
 1.75142E-07    7.59345E+02    7.59345E+02    7.59345E+02
 1.80785E-07    7.47388E+02    7.47388E+02    7.47388E+02
 1.86612E-07    7.35621E+02    7.35621E+02    7.35621E+02
 1.92625E-07    7.24041E+02    7.24041E+02    7.24041E+02
 1.98833E-07    7.12636E+02    7.12636E+02    7.12636E+02
 2.05240E-07    7.01405E+02    7.01405E+02    7.01405E+02
 2.11855E-07    6.90349E+02    6.90349E+02    6.90349E+02
 2.18682E-07    6.79471E+02    6.79471E+02    6.79471E+02
 2.25730E-07    6.68768E+02    6.68768E+02    6.68768E+02
 2.33003E-07    6.58241E+02    6.58241E+02    6.58241E+02
 2.40513E-07    6.47878E+02    6.47878E+02    6.47878E+02
 2.48263E-07    6.37670E+02    6.37670E+02    6.37670E+02
 2.56264E-07    6.27623E+02    6.27623E+02    6.27623E+02
 2.63964E-07    6.18412E+02    6.18412E+02    6.18412E+02
 2.67899E-07    6.13998E+02    6.13998E+02    6.13998E+02
 2.70175E-07    6.11785E+02    6.11785E+02    6.11785E+02
 2.71320E-07    6.10909E+02    6.10909E+02    6.10909E+02
 2.72470E-07    6.10319E+02    6.10319E+02    6.10319E+02
 2.73336E-07    6.10165E+02    6.10165E+02    6.10165E+02
 2.74204E-07    6.10371E+02    6.10371E+02    6.10371E+02
 2.74784E-07    6.10772E+02    6.10772E+02    6.10772E+02
 2.75366E-07    6.11445E+02    6.11445E+02    6.11445E+02
 2.75949E-07    6.12449E+02    6.12449E+02    6.12449E+02
 2.76533E-07    6.13860E+02    6.13860E+02    6.13860E+02
 2.76972E-07    6.15233E+02    6.15233E+02    6.15233E+02
 2.77412E-07    6.16925E+02    6.16925E+02    6.16925E+02
 2.77852E-07    6.18980E+02    6.18980E+02    6.18980E+02
 2.78293E-07    6.21448E+02    6.21448E+02    6.21448E+02
 2.78735E-07    6.24397E+02    6.24397E+02    6.24397E+02
 2.79030E-07    6.26655E+02    6.26655E+02    6.26655E+02
 2.79325E-07    6.29170E+02    6.29170E+02    6.29170E+02
 2.79620E-07    6.31970E+02    6.31970E+02    6.31970E+02
 2.79916E-07    6.35077E+02    6.35077E+02    6.35077E+02
 2.80212E-07    6.38512E+02    6.38512E+02    6.38512E+02
 2.80508E-07    6.42298E+02    6.42298E+02    6.42298E+02
 2.80805E-07    6.46472E+02    6.46472E+02    6.46472E+02
 2.81102E-07    6.51063E+02    6.51063E+02    6.51063E+02
 2.81400E-07    6.56094E+02    6.56094E+02    6.56094E+02
 2.81697E-07    6.61594E+02    6.61594E+02    6.61594E+02
 2.81995E-07    6.67610E+02    6.67610E+02    6.67610E+02
 2.82219E-07    6.72483E+02    6.72483E+02    6.72483E+02
 2.82443E-07    6.77675E+02    6.77675E+02    6.77675E+02
 2.82667E-07    6.83200E+02    6.83200E+02    6.83200E+02
 2.82891E-07    6.89074E+02    6.89074E+02    6.89074E+02
 2.83115E-07    6.95322E+02    6.95322E+02    6.95322E+02
 2.83340E-07    7.01971E+02    7.01971E+02    7.01971E+02
 2.83565E-07    7.09022E+02    7.09022E+02    7.09022E+02
 2.83790E-07    7.16490E+02    7.16490E+02    7.16490E+02
 2.84015E-07    7.24394E+02    7.24394E+02    7.24394E+02
 2.84240E-07    7.32751E+02    7.32751E+02    7.32751E+02
 2.84466E-07    7.41617E+02    7.41617E+02    7.41617E+02
 2.84691E-07    7.50976E+02    7.50976E+02    7.50976E+02
 2.84917E-07    7.60847E+02    7.60847E+02    7.60847E+02
 2.85143E-07    7.71247E+02    7.71247E+02    7.71247E+02
 2.85369E-07    7.82197E+02    7.82197E+02    7.82197E+02
 2.85596E-07    7.93746E+02    7.93746E+02    7.93746E+02
 2.85822E-07    8.05903E+02    8.05903E+02    8.05903E+02
 2.86049E-07    8.18670E+02    8.18670E+02    8.18670E+02
 2.86276E-07    8.32066E+02    8.32066E+02    8.32066E+02
 2.86503E-07    8.46109E+02    8.46109E+02    8.46109E+02
 2.86730E-07    8.60840E+02    8.60840E+02    8.60840E+02
 2.86958E-07    8.76302E+02    8.76302E+02    8.76302E+02
 2.87186E-07    8.92472E+02    8.92472E+02    8.92472E+02
 2.87413E-07    9.09369E+02    9.09369E+02    9.09369E+02
 2.87641E-07    9.27009E+02    9.27009E+02    9.27009E+02
 2.87869E-07    9.45410E+02    9.45410E+02    9.45410E+02
 2.88098E-07    9.64672E+02    9.64672E+02    9.64672E+02
 2.88326E-07    9.84734E+02    9.84734E+02    9.84734E+02
 2.88555E-07    1.00561E+03    1.00561E+03    1.00561E+03
 2.88784E-07    1.02732E+03    1.02732E+03    1.02732E+03
 2.89013E-07    1.04987E+03    1.04987E+03    1.04987E+03
 2.89242E-07    1.07335E+03    1.07335E+03    1.07335E+03
 2.89472E-07    1.09773E+03    1.09773E+03    1.09773E+03
 2.89701E-07    1.12301E+03    1.12301E+03    1.12301E+03
 2.89931E-07    1.14918E+03    1.14918E+03    1.14918E+03
 2.90161E-07    1.17626E+03    1.17626E+03    1.17626E+03
 2.90391E-07    1.20429E+03    1.20429E+03    1.20429E+03
 2.90622E-07    1.23334E+03    1.23334E+03    1.23334E+03
 2.90852E-07    1.26332E+03    1.26332E+03    1.26332E+03
 2.91083E-07    1.29423E+03    1.29423E+03    1.29423E+03
 2.91314E-07    1.32609E+03    1.32609E+03    1.32609E+03
 2.91544E-07    1.35890E+03    1.35890E+03    1.35890E+03
 2.91776E-07    1.39279E+03    1.39279E+03    1.39279E+03
 2.92008E-07    1.42763E+03    1.42763E+03    1.42763E+03
 2.92239E-07    1.46342E+03    1.46342E+03    1.46342E+03
 2.92471E-07    1.50015E+03    1.50015E+03    1.50015E+03
 2.92703E-07    1.53781E+03    1.53781E+03    1.53781E+03
 2.92935E-07    1.57651E+03    1.57651E+03    1.57651E+03
 2.93168E-07    1.61618E+03    1.61618E+03    1.61618E+03
 2.93400E-07    1.65677E+03    1.65677E+03    1.65677E+03
 2.93633E-07    1.69825E+03    1.69825E+03    1.69825E+03
 2.93866E-07    1.74061E+03    1.74061E+03    1.74061E+03
 2.94099E-07    1.78390E+03    1.78390E+03    1.78390E+03
 2.94332E-07    1.82816E+03    1.82816E+03    1.82816E+03
 2.94644E-07    1.88846E+03    1.88846E+03    1.88846E+03
 2.94955E-07    1.95018E+03    1.95018E+03    1.95018E+03
 2.95267E-07    2.01326E+03    2.01326E+03    2.01326E+03
 2.95580E-07    2.07792E+03    2.07792E+03    2.07792E+03
 2.95893E-07    2.14380E+03    2.14380E+03    2.14380E+03
 2.96205E-07    2.21084E+03    2.21084E+03    2.21084E+03
 2.96518E-07    2.27896E+03    2.27896E+03    2.27896E+03
 2.96832E-07    2.34836E+03    2.34836E+03    2.34836E+03
 2.97304E-07    2.45412E+03    2.45412E+03    2.45412E+03
 2.97775E-07    2.56160E+03    2.56160E+03    2.56160E+03
 2.98406E-07    2.70761E+03    2.70761E+03    2.70761E+03
 2.99037E-07    2.85522E+03    2.85522E+03    2.85522E+03
 3.00318E-07    3.15622E+03    0.00000E+00    1.05106E+04
 3.00954E-07    3.30441E+03    0.00000E+00    1.10041E+04
 3.01591E-07    3.45094E+03    0.00000E+00    1.14921E+04
 3.02069E-07    3.55924E+03    0.00000E+00    1.18527E+04
 3.02548E-07    3.66560E+03    0.00000E+00    1.22069E+04
 3.03029E-07    3.77013E+03    0.00000E+00    1.25550E+04
 3.03510E-07    3.87205E+03    0.00000E+00    1.28944E+04
 3.03991E-07    3.97123E+03    0.00000E+00    1.32247E+04
 3.04474E-07    4.06753E+03    0.00000E+00    1.35454E+04
 3.04957E-07    4.16044E+03    0.00000E+00    1.38548E+04
 3.05441E-07    4.25001E+03    0.00000E+00    1.41531E+04
 3.05765E-07    4.30771E+03    0.00000E+00    1.43452E+04
 3.06088E-07    4.36369E+03    0.00000E+00    1.45316E+04
 3.06411E-07    4.41790E+03    0.00000E+00    1.47122E+04
 3.06736E-07    4.47054E+03    0.00000E+00    1.48875E+04
 3.07060E-07    4.52135E+03    0.00000E+00    1.50567E+04
 3.07385E-07    4.57031E+03    0.00000E+00    1.52197E+04
 3.07710E-07    4.61742E+03    0.00000E+00    1.53766E+04
 3.08036E-07    4.66285E+03    0.00000E+00    1.55279E+04
 3.08362E-07    4.70640E+03    0.00000E+00    1.56729E+04
 3.08851E-07    4.76822E+03    0.00000E+00    1.58788E+04
 3.09341E-07    4.82604E+03    0.00000E+00    1.60713E+04
 3.09832E-07    4.87980E+03    0.00000E+00    1.62504E+04
 3.10323E-07    4.92953E+03    0.00000E+00    1.64160E+04
 3.10817E-07    4.97552E+03    0.00000E+00    1.65691E+04
 3.11310E-07    5.01767E+03    0.00000E+00    1.67095E+04
 3.11804E-07    5.05621E+03    0.00000E+00    1.68378E+04
 3.12299E-07    5.09130E+03    0.00000E+00    1.69547E+04
 3.12794E-07    5.12302E+03    0.00000E+00    1.70603E+04
 3.13291E-07    5.15161E+03    0.00000E+00    1.71555E+04
 3.13788E-07    5.17721E+03    0.00000E+00    1.72408E+04
 3.14286E-07    5.19997E+03    0.00000E+00    1.73165E+04
 3.14785E-07    5.22014E+03    0.00000E+00    1.73837E+04
 3.15285E-07    5.23782E+03    0.00000E+00    1.74426E+04
 3.15952E-07    5.25789E+03    0.00000E+00    1.75094E+04
 3.16621E-07    5.27432E+03    0.00000E+00    1.75641E+04
 3.17291E-07    5.28750E+03    0.00000E+00    1.76080E+04
 3.17963E-07    5.29780E+03    0.00000E+00    1.76423E+04
 3.18636E-07    5.30559E+03    0.00000E+00    1.76683E+04
 3.19647E-07    5.31324E+03    0.00000E+00    1.76938E+04
 3.20663E-07    5.31694E+03    0.00000E+00    1.77061E+04
 3.21342E-07    5.31763E+03    0.00000E+00    1.77084E+04
 3.22362E-07    5.31653E+03    0.00000E+00    1.77047E+04
 3.23729E-07    5.31203E+03    0.00000E+00    1.76897E+04
 3.25789E-07    5.30094E+03    0.00000E+00    1.76528E+04
 3.28557E-07    5.28184E+03    0.00000E+00    1.75892E+04
 3.44202E-07    5.16193E+03    0.00000E+00    1.71899E+04
 3.55294E-07    5.08080E+03    0.00000E+00    1.69197E+04
 3.66744E-07    5.00095E+03    0.00000E+00    1.66538E+04
 3.78562E-07    4.92226E+03    0.00000E+00    1.63918E+04
 3.90763E-07    4.84478E+03    0.00000E+00    1.61337E+04
 4.03354E-07    4.76853E+03    0.00000E+00    1.58798E+04
 4.16354E-07    4.69347E+03    0.00000E+00    1.56299E+04
 4.29770E-07    4.61961E+03    0.00000E+00    1.53839E+04
 4.43621E-07    4.54690E+03    0.00000E+00    1.51418E+04
 4.57917E-07    4.47540E+03    0.00000E+00    1.49036E+04
 4.72675E-07    4.40507E+03    0.00000E+00    1.46694E+04
 4.87906E-07    4.33575E+03    0.00000E+00    1.44386E+04
 5.03630E-07    4.26748E+03    0.00000E+00    1.42112E+04
 5.19859E-07    4.20031E+03    0.00000E+00    1.39876E+04
 5.36614E-07    4.13426E+03    0.00000E+00    1.37676E+04
 5.53905E-07    4.06925E+03    0.00000E+00    1.35511E+04
 5.71757E-07    4.00529E+03    0.00000E+00    1.33381E+04
 5.90181E-07    3.94230E+03    0.00000E+00    1.31283E+04
 6.09202E-07    3.88026E+03    0.00000E+00    1.29218E+04
 6.28833E-07    3.81919E+03    0.00000E+00    1.27184E+04
 6.49099E-07    3.75907E+03    0.00000E+00    1.25182E+04
 6.70016E-07    3.69991E+03    0.00000E+00    1.23212E+04
 6.91609E-07    3.64167E+03    0.00000E+00    1.21272E+04
 7.13896E-07    3.58436E+03    0.00000E+00    1.19364E+04
 7.36903E-07    3.52794E+03    0.00000E+00    1.17485E+04
 7.60649E-07    3.47244E+03    0.00000E+00    1.15636E+04
 7.85164E-07    3.41789E+03    0.00000E+00    1.13820E+04
 8.10465E-07    3.36412E+03    0.00000E+00    1.12029E+04
 8.36585E-07    3.31114E+03    0.00000E+00    1.10265E+04
 8.63543E-07    3.25903E+03    0.00000E+00    1.08530E+04
 8.91374E-07    3.20783E+03    0.00000E+00    1.06825E+04
 9.20097E-07    3.15731E+03    0.00000E+00    1.05143E+04
 9.49751E-07    3.10763E+03    0.00000E+00    1.03488E+04
 9.80355E-07    3.05876E+03    0.00000E+00    1.01861E+04
 1.01264E-06    3.00943E+03    0.00000E+00    1.00218E+04
 1.04871E-06    2.95689E+03    0.00000E+00    9.84680E+03
 1.08612E-06    2.90518E+03    0.00000E+00    9.67461E+03
 1.13274E-06    2.84436E+03    0.00000E+00    9.47209E+03
 1.18964E-06    2.77507E+03    0.00000E+00    9.24133E+03
 1.25821E-06    2.69799E+03    0.00000E+00    8.98465E+03
 1.33073E-06    2.62293E+03    0.00000E+00    8.73468E+03
 1.41736E-06    2.54095E+03    0.00000E+00    8.46169E+03
 1.52020E-06    2.45291E+03    0.00000E+00    8.16849E+03
 1.64193E-06    2.35969E+03    0.00000E+00    7.85808E+03
 1.78591E-06    2.26199E+03    0.00000E+00    7.53272E+03
 1.95622E-06    2.16060E+03    0.00000E+00    7.19507E+03
 2.15778E-06    2.05636E+03    0.00000E+00    6.84794E+03
 2.38012E-06    1.95720E+03    0.00000E+00    6.51773E+03
 2.62536E-06    1.86269E+03    0.00000E+00    6.20301E+03
 2.89587E-06    1.77285E+03    0.00000E+00    5.90382E+03
 3.19425E-06    1.68721E+03    0.00000E+00    5.61863E+03
 3.52337E-06    1.60561E+03    0.00000E+00    5.34689E+03
 3.88641E-06    1.52798E+03    0.00000E+00    5.08838E+03
 4.28685E-06    1.45410E+03    0.00000E+00    4.84234E+03
 4.72856E-06    1.38379E+03    0.00000E+00    4.60821E+03
 5.21577E-06    1.31682E+03    0.00000E+00    4.38516E+03
 5.75319E-06    1.25304E+03    0.00000E+00    4.17278E+03
 6.34598E-06    1.19232E+03    0.00000E+00    3.97056E+03
 6.99985E-06    1.13451E+03    0.00000E+00    3.77807E+03
 7.72110E-06    1.07941E+03    0.00000E+00    3.59459E+03
 8.51665E-06    1.02700E+03    0.00000E+00    3.42003E+03
 9.39418E-06    9.77103E+02    0.00000E+00    3.25388E+03
 1.04347E-05    9.26277E+02    0.00000E+00    3.08462E+03
 1.15099E-05    8.81100E+02    0.00000E+00    2.93417E+03
 1.26958E-05    8.38175E+02    0.00000E+00    2.79123E+03
 1.40040E-05    7.97274E+02    0.00000E+00    2.65502E+03
 1.54469E-05    7.58376E+02    0.00000E+00    2.52549E+03
 1.70385E-05    7.21397E+02    0.00000E+00    2.40234E+03
 1.87941E-05    6.86213E+02    0.00000E+00    2.28518E+03
 2.08768E-05    6.50343E+02    0.00000E+00    2.16572E+03
 2.30279E-05    6.18450E+02    0.00000E+00    2.05952E+03
 2.54006E-05    5.88133E+02    0.00000E+00    1.95856E+03
 2.80178E-05    5.59291E+02    0.00000E+00    1.86251E+03
 3.11211E-05    5.29932E+02    0.00000E+00    1.76474E+03
 3.43278E-05    5.03810E+02    0.00000E+00    1.67775E+03
 3.78648E-05    4.78970E+02    0.00000E+00    1.59503E+03
 4.17663E-05    4.55373E+02    0.00000E+00    1.51645E+03
 4.60697E-05    4.32913E+02    0.00000E+00    1.44165E+03
 5.08166E-05    4.11558E+02    0.00000E+00    1.37054E+03
 5.60526E-05    3.91172E+02    0.00000E+00    1.30265E+03
 6.18281E-05    3.71758E+02    0.00000E+00    1.23800E+03
 6.81787E-05    3.53381E+02    0.00000E+00    1.17680E+03
 7.51665E-05    3.35887E+02    0.00000E+00    1.11855E+03
 8.28404E-05    3.19288E+02    0.00000E+00    1.06327E+03
 9.11053E-05    3.03841E+02    0.00000E+00    1.01183E+03
 1.00705E-04    2.88378E+02    0.00000E+00    9.60336E+02
 1.10927E-04    2.74069E+02    0.00000E+00    9.12684E+02
 1.22286E-04    2.60386E+02    0.00000E+00    8.67119E+02
 1.34551E-04    2.47605E+02    0.00000E+00    8.24556E+02
 1.47815E-04    2.35645E+02    0.00000E+00    7.84728E+02
 1.62107E-04    2.24485E+02    0.00000E+00    7.47563E+02
 1.78587E-04    2.13326E+02    0.00000E+00    7.10404E+02
 1.95921E-04    2.03193E+02    0.00000E+00    6.76660E+02
 2.16311E-04    1.92788E+02    0.00000E+00    6.42007E+02
 2.38346E-04    1.83107E+02    0.00000E+00    6.09768E+02
 2.62359E-04    1.73987E+02    0.00000E+00    5.79399E+02
 2.87723E-04    1.65663E+02    0.00000E+00    5.51680E+02
 3.17292E-04    1.57229E+02    0.00000E+00    5.23592E+02
 3.49405E-04    1.49297E+02    0.00000E+00    4.97177E+02
 3.85705E-04    1.41590E+02    0.00000E+00    4.71511E+02
 4.24795E-04    1.34447E+02    0.00000E+00    4.47726E+02
 4.68697E-04    1.27543E+02    0.00000E+00    4.24733E+02
 5.19312E-04    1.20701E+02    0.00000E+00    4.01950E+02
 5.69579E-04    1.14832E+02    0.00000E+00    3.82405E+02
 6.27486E-04    1.08977E+02    0.00000E+00    3.62907E+02
 6.86492E-04    1.03824E+02    0.00000E+00    3.45747E+02
 7.55873E-04    9.85426E+01    0.00000E+00    3.28159E+02
 8.30174E-04    9.36584E+01    0.00000E+00    3.11894E+02
 9.14702E-04    8.88684E+01    0.00000E+00    2.95943E+02
 1.00705E-03    8.43530E+01    0.00000E+00    2.80906E+02
 1.10710E-03    8.01353E+01    0.00000E+00    2.66861E+02
 1.21602E-03    7.61693E+01    0.00000E+00    2.53653E+02
 1.33692E-03    7.23592E+01    0.00000E+00    2.40965E+02
 1.46523E-03    6.88582E+01    0.00000E+00    2.29307E+02
 1.61415E-03    6.53468E+01    0.00000E+00    2.17613E+02
 1.76804E-03    6.22020E+01    0.00000E+00    2.07141E+02
 1.94866E-03    5.90125E+01    0.00000E+00    1.96519E+02
 2.13029E-03    5.62672E+01    0.00000E+00    1.86253E+02
 2.33395E-03    5.35955E+01    0.00000E+00    1.77409E+02
 2.56910E-03    5.09251E+01    0.00000E+00    1.68570E+02
 2.83720E-03    4.83022E+01    0.00000E+00    1.59887E+02
 3.06379E-03    4.63881E+01    0.00000E+00    1.53552E+02
 3.36975E-03    4.41745E+01    0.00000E+00    1.46224E+02
 3.71229E-03    4.20365E+01    0.00000E+00    1.39147E+02
 4.09773E-03    3.99611E+01    0.00000E+00    1.32277E+02
 4.49851E-03    3.80941E+01    0.00000E+00    1.26097E+02
 4.94696E-03    3.62835E+01    0.00000E+00    1.20104E+02
 5.48853E-03    3.44748E+01    0.00000E+00    1.13428E+02
 6.06260E-03    3.28151E+01    0.00000E+00    1.07967E+02
 6.69931E-03    3.12331E+01    0.00000E+00    1.02762E+02
 7.15780E-03    3.02495E+01    0.00000E+00    9.95259E+01
 7.96863E-03    2.88079E+01    0.00000E+00    9.47826E+01
 8.83686E-03    2.74796E+01    0.00000E+00    8.98640E+01
 9.81127E-03    2.62015E+01    0.00000E+00    8.56844E+01
 1.02007E-02    2.57788E+01    0.00000E+00    8.40460E+01
 1.15290E-02    2.46104E+01    0.00000E+00    8.02369E+01
 1.30083E-02    2.35078E+01    0.00000E+00    7.66420E+01
 1.45907E-02    2.25064E+01    0.00000E+00    7.33770E+01
 1.63955E-02    2.15332E+01    0.00000E+00    7.02041E+01
 1.84042E-02    2.06085E+01    0.00000E+00    6.71894E+01
 1.88839E-02    2.04071E+01    0.00000E+00    6.65329E+01
 2.00000E-02    1.97222E+01    0.00000E+00    6.39060E+01
 2.28718E-02    1.89064E+01    0.00000E+00    6.12622E+01
 2.61771E-02    1.81184E+01    0.00000E+00    5.87090E+01
 3.00000E-02    1.73552E+01    0.00000E+00    5.60594E+01
 3.36846E-02    1.68461E+01    0.00000E+00    5.44149E+01
 4.10117E-02    1.62728E+01    0.00000E+00    5.24017E+01
 4.55197E-02    1.59876E+01    0.00000E+00    5.14834E+01
 5.17179E-02    1.57912E+01    0.00000E+00    5.08508E+01
 5.93864E-02    1.55181E+01    0.00000E+00    4.99714E+01
 7.21151E-02    1.52341E+01    0.00000E+00    4.90547E+01
 7.80467E-02    1.50758E+01    0.00000E+00    4.85453E+01
 1.00000E-01    1.51342E+01    0.00000E+00    4.85837E+01
 1.20000E-01    1.46940E+01    0.00000E+00    4.71706E+01
 1.40000E-01    1.48460E+01    0.00000E+00    4.76585E+01
 1.67875E-01    1.58394E+01    0.00000E+00    5.08478E+01
 1.70000E-01    1.59116E+01    0.00000E+00    5.10796E+01
 2.00000E-01    1.62046E+01    0.00000E+00    5.13730E+01
 2.38505E-01    1.77932E+01    0.00000E+00    5.64093E+01
 2.50000E-01    1.82436E+01    0.00000E+00    5.78371E+01
 2.99971E-01    1.82047E+01    0.00000E+00    5.77139E+01
 3.63969E-01    1.95442E+01    0.00000E+00    6.09806E+01
 4.00000E-01    2.02341E+01    0.00000E+00    6.13118E+01
 5.00000E-01    2.50839E+01    0.00000E+00    7.60071E+01
 6.00000E-01    2.87082E+01    0.00000E+00    7.80927E+01
 7.00000E-01    3.30994E+01    0.00000E+00    9.00377E+01
 8.05643E-01    3.61459E+01    0.00000E+00    8.53121E+01
 9.06349E-01    3.85296E+01    0.00000E+00    9.09381E+01
 1.00000E+00    4.02482E+01    0.00000E+00    8.49357E+01
 1.10776E+00    4.12759E+01    0.00000E+00    8.71045E+01
 1.20846E+00    4.17820E+01    6.13603E-01    8.29505E+01
 1.30000E+00    4.19826E+01    6.16548E-01    8.33486E+01
 1.42977E+00    4.18173E+01    6.14121E-01    8.30204E+01
 1.52116E+00    4.15441E+01    3.97605E+00    7.91121E+01
 1.64735E+00    4.09144E+01    3.91579E+00    7.79130E+01
 1.77396E+00    4.01037E+01    3.83819E+00    7.63691E+01
 2.02822E+00    3.81128E+01    4.37054E+00    7.18550E+01
 2.28010E+00    3.61234E+01    4.14241E+00    6.81043E+01
 2.44851E+00    3.49787E+01    4.01115E+00    6.59463E+01
 2.61834E+00    3.40314E+01    3.02151E+00    6.50414E+01
 2.81975E+00    3.32570E+01    2.95275E+00    6.35612E+01
 3.00000E+00    3.28466E+01    1.76947E+00    6.39238E+01
 3.50000E+00    3.31922E+01    1.02223E+00    6.53622E+01
 4.14268E+00    3.51072E+01    9.73562E-01    6.92408E+01
 5.00000E+00    3.75039E+01    1.64555E+00    7.33622E+01
 5.57759E+00    3.84883E+01    1.68874E+00    7.52878E+01
 6.08465E+00    3.95180E+01    2.04238E+00    7.69935E+01
 6.50000E+00    4.01749E+01    2.07633E+00    7.82735E+01
 7.00000E+00    4.19946E+01    2.88725E+00    8.11020E+01
 7.50000E+00    4.77748E+01    3.28465E+00    9.22649E+01
 7.72126E+00    5.29893E+01    3.64316E+00    1.02336E+02
 7.92587E+00    5.81620E+01    3.99880E+00    1.12325E+02
 8.20324E+00    6.56301E+01    1.29177E+01    1.18343E+02
 8.43652E+00    7.23842E+01    1.42470E+01    1.30521E+02
 8.50000E+00    7.43046E+01    1.46250E+01    1.33984E+02
 8.83537E+00    8.30370E+01    1.63438E+01    1.49730E+02
 9.00000E+00    8.75576E+01    2.40543E+01    1.51061E+02
 9.50000E+00    9.82666E+01    2.69963E+01    1.69537E+02
 1.00000E+01    1.06722E+02    3.13393E+01    1.82104E+02
 1.01411E+01    1.08485E+02    3.18571E+01    1.85113E+02
 1.02842E+01    1.10273E+02    3.23821E+01    1.88164E+02
 1.04292E+01    1.12086E+02    3.29145E+01    1.91257E+02
 1.05000E+01    1.12970E+02    3.31741E+01    1.92766E+02
 1.06481E+01    1.14165E+02    3.35249E+01    1.94804E+02
 1.07984E+01    1.15376E+02    3.38806E+01    1.96871E+02
 1.09507E+01    1.16605E+02    3.42414E+01    1.98968E+02
 1.10000E+01    1.17002E+02    3.43581E+01    1.99646E+02
 1.11552E+01    1.17789E+02    3.45893E+01    2.00989E+02
 1.13126E+01    1.18587E+02    3.48237E+01    2.02351E+02
 1.14722E+01    1.19397E+02    3.50614E+01    2.03732E+02
 1.15000E+01    1.19538E+02    3.51028E+01    2.03973E+02
 1.16622E+01    1.19972E+02    3.52302E+01    2.04713E+02
 1.18268E+01    1.20412E+02    3.53594E+01    2.05464E+02
 1.19936E+01    1.20858E+02    3.54905E+01    2.06225E+02
 1.20000E+01    1.20875E+02    3.54066E+01    2.06343E+02
 1.21693E+01    1.21150E+02    3.54870E+01    2.06812E+02
 1.23410E+01    1.21428E+02    3.55686E+01    2.07288E+02
 1.25000E+01    1.21686E+02    3.56442E+01    2.07728E+02
 1.26764E+01    1.22173E+02    3.57868E+01    2.08559E+02
 1.28552E+01    1.22667E+02    3.59315E+01    2.09403E+02
 1.30000E+01    1.23067E+02    3.60487E+01    2.10085E+02
 1.31834E+01    1.24033E+02    3.63317E+01    2.11735E+02
 1.33694E+01    1.25013E+02    3.66187E+01    2.13407E+02
 1.35000E+01    1.25701E+02    3.68202E+01    2.14582E+02
 1.36905E+01    1.27216E+02    3.72639E+01    2.17167E+02
 1.38836E+01    1.28751E+02    3.77138E+01    2.19789E+02
 1.40000E+01    1.29677E+02    4.12105E+01    2.18143E+02
 1.41975E+01    1.31427E+02    4.17667E+01    2.21087E+02
 1.43978E+01    1.33202E+02    4.23306E+01    2.24073E+02
 1.45000E+01    1.34107E+02    4.26184E+01    2.25596E+02
 1.47046E+01    1.35559E+02    4.30797E+01    2.28038E+02
 1.49120E+01    1.37031E+02    4.35475E+01    2.30514E+02
 1.50000E+01    1.37655E+02    4.61031E+01    2.29207E+02
 1.52116E+01    1.39770E+02    4.68113E+01    2.32728E+02
 1.54262E+01    1.41914E+02    4.75294E+01    2.36298E+02
 1.55000E+01    1.42651E+02    4.77763E+01    2.37526E+02
 1.57187E+01    1.43040E+02    4.79067E+01    2.38174E+02
 1.59404E+01    1.43435E+02    4.80389E+01    2.38831E+02
 1.60000E+01    1.43541E+02    4.90752E+01    2.38007E+02
 1.62257E+01    1.44639E+02    4.94507E+01    2.39828E+02
 1.64546E+01    1.45753E+02    4.98316E+01    2.41675E+02
 1.65000E+01    1.45974E+02    4.99070E+01    2.42041E+02
 1.67328E+01    1.46664E+02    5.01429E+01    2.43185E+02
 1.69689E+01    1.47364E+02    5.03822E+01    2.44345E+02
 1.70000E+01    1.47456E+02    5.04137E+01    2.44498E+02
 1.72398E+01    1.47856E+02    5.05505E+01    2.45162E+02
 1.74831E+01    1.48262E+02    5.06892E+01    2.45834E+02
 1.75000E+01    1.48290E+02    5.06988E+01    2.45881E+02
 1.77469E+01    1.48544E+02    5.07856E+01    2.46302E+02
 1.79973E+01    1.48801E+02    5.08736E+01    2.46729E+02
 1.80000E+01    1.48804E+02    4.99922E+01    2.47616E+02
 1.82539E+01    1.49021E+02    5.00652E+01    2.47978E+02
 1.85000E+01    1.49232E+02    5.01360E+01    2.48328E+02
 1.87610E+01    1.49473E+02    5.02170E+01    2.48729E+02
 1.90000E+01    1.49694E+02    5.02912E+01    2.49097E+02
 1.92681E+01    1.49959E+02    5.03803E+01    2.49538E+02
 1.95000E+01    1.50189E+02    5.04575E+01    2.49921E+02
 1.97751E+01    1.50975E+02    5.07215E+01    2.51228E+02
 2.00000E+01    1.51617E+02    5.09372E+01    2.52297E+02
