# n + Ac226 : (n,el)    
# endfb8.0   O.Iwamoto, T.Nakagawa, et al.     EVAL-FEB10
# uncertainties: y
# # energies =   304
#   E(MeV)       xs(mb)       xslow(mb)      xsupp(mb)
 1.00000E-11    4.91921E+04    4.91921E+04    4.91921E+04
 1.03223E-11    4.84618E+04    4.84618E+04    4.84618E+04
 1.06549E-11    4.77439E+04    4.77439E+04    4.77439E+04
 1.09984E-11    4.70378E+04    4.70378E+04    4.70378E+04
 1.13527E-11    4.63437E+04    4.63437E+04    4.63437E+04
 1.17186E-11    4.56610E+04    4.56610E+04    4.56610E+04
 1.20962E-11    4.49900E+04    4.49900E+04    4.49900E+04
 1.24861E-11    4.43301E+04    4.43301E+04    4.43301E+04
 1.28884E-11    4.36815E+04    4.36815E+04    4.36815E+04
 1.33038E-11    4.30436E+04    4.30436E+04    4.30436E+04
 1.37325E-11    4.24167E+04    4.24167E+04    4.24167E+04
 1.41751E-11    4.18003E+04    4.18003E+04    4.18003E+04
 1.46318E-11    4.11945E+04    4.11945E+04    4.11945E+04
 1.51034E-11    4.05988E+04    4.05988E+04    4.05988E+04
 1.55901E-11    4.00135E+04    4.00135E+04    4.00135E+04
 1.60926E-11    3.94381E+04    3.94381E+04    3.94381E+04
 1.66111E-11    3.88727E+04    3.88727E+04    3.88727E+04
 1.71465E-11    3.83168E+04    3.83168E+04    3.83168E+04
 1.76990E-11    3.77707E+04    3.77707E+04    3.77707E+04
 1.82694E-11    3.72339E+04    3.72339E+04    3.72339E+04
 1.88981E-11    3.66716E+04    3.66716E+04    3.66716E+04
 1.95484E-11    3.61198E+04    3.61198E+04    3.61198E+04
 2.02211E-11    3.55782E+04    3.55782E+04    3.55782E+04
 2.09169E-11    3.50467E+04    3.50467E+04    3.50467E+04
 2.16367E-11    3.45252E+04    3.45252E+04    3.45252E+04
 2.23812E-11    3.40135E+04    3.40135E+04    3.40135E+04
 2.31514E-11    3.35114E+04    3.35114E+04    3.35114E+04
 2.39481E-11    3.30188E+04    3.30188E+04    3.30188E+04
 2.47721E-11    3.25356E+04    3.25356E+04    3.25356E+04
 2.56246E-11    3.20616E+04    3.20616E+04    3.20616E+04
 2.65063E-11    3.15966E+04    3.15966E+04    3.15966E+04
 2.74185E-11    3.11406E+04    3.11406E+04    3.11406E+04
 2.83620E-11    3.06934E+04    3.06934E+04    3.06934E+04
 2.93379E-11    3.02549E+04    3.02549E+04    3.02549E+04
 3.03475E-11    2.98248E+04    2.98248E+04    2.98248E+04
 3.13918E-11    2.94032E+04    2.94032E+04    2.94032E+04
 3.24720E-11    2.89899E+04    2.89899E+04    2.89899E+04
 3.35894E-11    2.85847E+04    2.85847E+04    2.85847E+04
 3.47452E-11    2.81875E+04    2.81875E+04    2.81875E+04
 3.59409E-11    2.77982E+04    2.77982E+04    2.77982E+04
 3.71776E-11    2.74167E+04    2.74167E+04    2.74167E+04
 3.84569E-11    2.70429E+04    2.70429E+04    2.70429E+04
 3.97803E-11    2.66767E+04    2.66767E+04    2.66767E+04
 4.11492E-11    2.63179E+04    2.63179E+04    2.63179E+04
 4.25652E-11    2.59664E+04    2.59664E+04    2.59664E+04
 4.40299E-11    2.56221E+04    2.56221E+04    2.56221E+04
 4.55450E-11    2.52849E+04    2.52849E+04    2.52849E+04
 4.71123E-11    2.49548E+04    2.49548E+04    2.49548E+04
 4.87335E-11    2.46315E+04    2.46315E+04    2.46315E+04
 5.04104E-11    2.43151E+04    2.43151E+04    2.43151E+04
 5.22553E-11    2.39862E+04    2.39862E+04    2.39862E+04
 5.41681E-11    2.36647E+04    2.36647E+04    2.36647E+04
 5.61505E-11    2.33505E+04    2.33505E+04    2.33505E+04
 5.82058E-11    2.30436E+04    2.30436E+04    2.30436E+04
 6.03360E-11    2.27437E+04    2.27437E+04    2.27437E+04
 6.25445E-11    2.24508E+04    2.24508E+04    2.24508E+04
 6.48335E-11    2.21647E+04    2.21647E+04    2.21647E+04
 6.72067E-11    2.18854E+04    2.18854E+04    2.18854E+04
 6.96663E-11    2.16127E+04    2.16127E+04    2.16127E+04
 7.22164E-11    2.13466E+04    2.13466E+04    2.13466E+04
 7.48593E-11    2.10869E+04    2.10869E+04    2.10869E+04
 7.75994E-11    2.08334E+04    2.08334E+04    2.08334E+04
 8.04394E-11    2.05862E+04    2.05862E+04    2.05862E+04
 8.33838E-11    2.03451E+04    2.03451E+04    2.03451E+04
 8.66187E-11    2.00964E+04    2.00964E+04    2.00964E+04
 8.99790E-11    1.98542E+04    1.98542E+04    1.98542E+04
 9.34698E-11    1.96186E+04    1.96186E+04    1.96186E+04
 9.70959E-11    1.93893E+04    1.93893E+04    1.93893E+04
 1.00863E-10    1.91663E+04    1.91663E+04    1.91663E+04
 1.04776E-10    1.89494E+04    1.89494E+04    1.89494E+04
 1.08841E-10    1.87386E+04    1.87386E+04    1.87386E+04
 1.13063E-10    1.85337E+04    1.85337E+04    1.85337E+04
 1.17450E-10    1.83345E+04    1.83345E+04    1.83345E+04
 1.22264E-10    1.81306E+04    1.81306E+04    1.81306E+04
 1.27276E-10    1.79327E+04    1.79327E+04    1.79327E+04
 1.32493E-10    1.77410E+04    1.77410E+04    1.77410E+04
 1.37925E-10    1.75552E+04    1.75552E+04    1.75552E+04
 1.43579E-10    1.73752E+04    1.73752E+04    1.73752E+04
 1.49465E-10    1.72009E+04    1.72009E+04    1.72009E+04
 1.55922E-10    1.70235E+04    1.70235E+04    1.70235E+04
 1.62657E-10    1.68521E+04    1.68521E+04    1.68521E+04
 1.69684E-10    1.66865E+04    1.66865E+04    1.66865E+04
 1.77014E-10    1.65267E+04    1.65267E+04    1.65267E+04
 1.84660E-10    1.63725E+04    1.63725E+04    1.63725E+04
 1.93044E-10    1.62165E+04    1.62165E+04    1.62165E+04
 2.01810E-10    1.60662E+04    1.60662E+04    1.60662E+04
 2.10972E-10    1.59217E+04    1.59217E+04    1.59217E+04
 2.20553E-10    1.57826E+04    1.57826E+04    1.57826E+04
 2.31055E-10    1.56427E+04    1.56427E+04    1.56427E+04
 2.42057E-10    1.55084E+04    1.55084E+04    1.55084E+04
 2.53584E-10    1.53797E+04    1.53797E+04    1.53797E+04
 2.66220E-10    1.52508E+04    1.52508E+04    1.52508E+04
 2.79489E-10    1.51275E+04    1.51275E+04    1.51275E+04
 2.94038E-10    1.50047E+04    1.50047E+04    1.50047E+04
 3.09346E-10    1.48875E+04    1.48875E+04    1.48875E+04
 3.25450E-10    1.47758E+04    1.47758E+04    1.47758E+04
 3.43115E-10    1.46650E+04    1.46650E+04    1.46650E+04
 3.61743E-10    1.45596E+04    1.45596E+04    1.45596E+04
 3.82187E-10    1.44556E+04    1.44556E+04    1.44556E+04
 4.04641E-10    1.43533E+04    1.43533E+04    1.43533E+04
 4.28416E-10    1.42564E+04    1.42564E+04    1.42564E+04
 4.54547E-10    1.41616E+04    1.41616E+04    1.41616E+04
 4.83291E-10    1.40690E+04    1.40690E+04    1.40690E+04
 5.13856E-10    1.39818E+04    1.39818E+04    1.39818E+04
 5.47509E-10    1.38970E+04    1.38970E+04    1.38970E+04
 5.84599E-10    1.38148E+04    1.38148E+04    1.38148E+04
 6.25525E-10    1.37353E+04    1.37353E+04    1.37353E+04
 6.70734E-10    1.36589E+04    1.36589E+04    1.36589E+04
 7.20732E-10    1.35854E+04    1.35854E+04    1.35854E+04
 7.76093E-10    1.35151E+04    1.35151E+04    1.35151E+04
 8.39253E-10    1.34463E+04    1.34463E+04    1.34463E+04
 9.09472E-10    1.33809E+04    1.33809E+04    1.33809E+04
 9.87650E-10    1.33191E+04    1.33191E+04    1.33191E+04
 1.07710E-09    1.32594E+04    1.32594E+04    1.32594E+04
 1.17962E-09    1.32021E+04    1.32021E+04    1.32021E+04
 1.29738E-09    1.31474E+04    1.31474E+04    1.31474E+04
 1.43294E-09    1.30957E+04    1.30957E+04    1.30957E+04
 1.58938E-09    1.30469E+04    1.30469E+04    1.30469E+04
 1.77411E-09    1.30003E+04    1.30003E+04    1.30003E+04
 1.99291E-09    1.29564E+04    1.29564E+04    1.29564E+04
 2.25294E-09    1.29153E+04    1.29153E+04    1.29153E+04
 2.56854E-09    1.28765E+04    1.28765E+04    1.28765E+04
 2.95322E-09    1.28405E+04    1.28405E+04    1.28405E+04
 3.43161E-09    1.28070E+04    1.28070E+04    1.28070E+04
 4.03838E-09    1.27759E+04    1.27759E+04    1.27759E+04
 4.82333E-09    1.27473E+04    1.27473E+04    1.27473E+04
 5.85913E-09    1.27212E+04    1.27212E+04    1.27212E+04
 7.26946E-09    1.26977E+04    1.26977E+04    1.26977E+04
 9.25105E-09    1.26768E+04    1.26768E+04    1.26768E+04
 1.21779E-08    1.26583E+04    1.26583E+04    1.26583E+04
 1.67233E-08    1.26425E+04    1.26425E+04    1.26425E+04
 2.44176E-08    1.26291E+04    1.26291E+04    1.26291E+04
 2.52522E-08    1.26281E+04    1.26281E+04    1.26281E+04
 2.53000E-08    1.26281E+04    1.26281E+04    1.26281E+04
 4.07141E-08    1.26174E+04    1.26174E+04    1.26174E+04
 7.61323E-08    1.26093E+04    1.26093E+04    1.26093E+04
 1.90197E-07    1.26037E+04    1.26037E+04    1.26037E+04
 2.65083E-07    1.26027E+04    1.26027E+04    1.26027E+04
 2.74784E-07    1.26049E+04    1.26049E+04    1.26049E+04
 2.78293E-07    1.26119E+04    1.26119E+04    1.26119E+04
 2.80656E-07    1.26243E+04    1.26243E+04    1.26243E+04
 2.82443E-07    1.26414E+04    1.26414E+04    1.26414E+04
 2.83640E-07    1.26585E+04    1.26585E+04    1.26585E+04
 2.84842E-07    1.26816E+04    1.26816E+04    1.26816E+04
 2.86049E-07    1.27120E+04    1.27120E+04    1.27120E+04
 2.87262E-07    1.27514E+04    1.27514E+04    1.27514E+04
 2.88174E-07    1.27876E+04    1.27876E+04    1.27876E+04
 2.89089E-07    1.28302E+04    1.28302E+04    1.28302E+04
 2.90008E-07    1.28798E+04    1.28798E+04    1.28798E+04
 2.90929E-07    1.29367E+04    1.29367E+04    1.29367E+04
 2.91853E-07    1.30011E+04    1.30011E+04    1.30011E+04
 2.92780E-07    1.30731E+04    1.30731E+04    1.30731E+04
 2.93711E-07    1.31528E+04    1.31528E+04    1.31528E+04
 2.94644E-07    1.32395E+04    1.32395E+04    1.32395E+04
 2.95893E-07    1.33654E+04    1.33654E+04    1.33654E+04
 2.97146E-07    1.35010E+04    1.35010E+04    1.35010E+04
 2.99037E-07    1.37166E+04    1.37166E+04    1.37166E+04
 3.01271E-07    1.39755E+04    8.31527E+03    1.96358E+04
 3.02548E-07    1.41186E+04    8.40041E+03    1.98369E+04
 3.03830E-07    1.42548E+04    8.48140E+03    2.00281E+04
 3.05118E-07    1.43812E+04    8.55661E+03    2.02057E+04
 3.06088E-07    1.44683E+04    8.60846E+03    2.03282E+04
 3.07060E-07    1.45481E+04    8.65595E+03    2.04403E+04
 3.08036E-07    1.46202E+04    8.69885E+03    2.05416E+04
 3.09014E-07    1.46844E+04    8.73705E+03    2.06318E+04
 3.09996E-07    1.47409E+04    8.77066E+03    2.07112E+04
 3.10981E-07    1.47898E+04    8.79977E+03    2.07799E+04
 3.11639E-07    1.48184E+04    8.81678E+03    2.08201E+04
 3.12959E-07    1.48668E+04    8.84557E+03    2.08881E+04
 3.14286E-07    1.49046E+04    8.86803E+03    2.09411E+04
 3.15618E-07    1.49333E+04    8.88513E+03    2.09815E+04
 3.16955E-07    1.49546E+04    8.89780E+03    2.10114E+04
 3.18973E-07    1.49759E+04    8.91048E+03    2.10414E+04
 3.21682E-07    1.49910E+04    8.91944E+03    2.10625E+04
 3.25789E-07    1.49991E+04    8.92425E+03    2.10739E+04
 3.32752E-07    1.50009E+04    8.92535E+03    2.10765E+04
 6.94540E-07    1.49850E+04    8.91588E+03    2.10541E+04
 9.74158E-07    1.49777E+04    8.91152E+03    2.10438E+04
 1.00424E-06    1.49817E+04    8.91390E+03    2.10494E+04
 1.31050E-06    1.51413E+04    9.00886E+03    2.12737E+04
 1.41421E-06    1.51830E+04    9.03367E+03    2.13323E+04
 2.02150E-06    1.49662E+04    8.90470E+03    2.10277E+04
 9.91359E-06    1.49179E+04    8.87598E+03    2.09599E+04
 1.41421E-05    1.51014E+04    8.98511E+03    2.12176E+04
 2.02150E-05    1.48822E+04    8.85472E+03    2.09097E+04
 9.94915E-05    1.47469E+04    8.77421E+03    2.07196E+04
 1.00000E-04    1.47465E+04    8.77400E+03    2.07191E+04
 1.41421E-04    1.48642E+04    8.84399E+03    2.08843E+04
 2.02822E-04    1.46500E+04    8.71654E+03    2.05834E+04
 5.17835E-04    1.44729E+04    8.61117E+03    2.03346E+04
 1.21449E-03    1.42428E+04    8.47430E+03    2.00113E+04
 2.40746E-03    1.40092E+04    8.58763E+03    1.94309E+04
 4.39197E-03    1.37446E+04    8.42542E+03    1.90638E+04
 8.09395E-03    1.34086E+04    8.82239E+03    1.79949E+04
 1.37206E-02    1.30309E+04    8.69148E+03    1.73704E+04
 1.98334E-02    1.27287E+04    8.48993E+03    1.69676E+04
 2.63789E-02    1.24319E+04    8.71460E+03    1.61492E+04
 4.06551E-02    1.19420E+04    8.95618E+03    1.49278E+04
 5.79657E-02    1.14647E+04    8.59820E+03    1.43312E+04
 7.58156E-02    1.10301E+04    8.66957E+03    1.33907E+04
 9.47462E-02    1.06083E+04    8.63483E+03    1.25818E+04
 1.30183E-01    9.93831E+03    8.33813E+03    1.15385E+04
 1.63212E-01    9.37049E+03    7.86174E+03    1.08792E+04
 1.72398E-01    9.21802E+03    7.73381E+03    1.07022E+04
 1.94090E-01    8.81868E+03    7.39878E+03    1.02386E+04
 2.15287E-01    8.49683E+03    7.80331E+03    9.19035E+03
 2.43949E-01    8.13077E+03    7.46713E+03    8.79441E+03
 2.51764E-01    8.03142E+03    7.37589E+03    8.68695E+03
 2.77601E-01    7.63362E+03    7.01056E+03    8.25668E+03
 3.04232E-01    7.28005E+03    6.98207E+03    7.57802E+03
 3.35961E-01    6.92594E+03    6.64245E+03    7.20942E+03
 3.71859E-01    6.58104E+03    6.31167E+03    6.85040E+03
 4.02809E-01    6.31341E+03    6.12939E+03    6.49743E+03
 4.36357E-01    5.97183E+03    5.79777E+03    6.14589E+03
 4.72494E-01    5.65016E+03    5.48548E+03    5.81485E+03
 5.03527E-01    5.40902E+03    5.25136E+03    5.56667E+03
 5.46790E-01    5.14190E+03    4.99202E+03    5.29177E+03
 5.94901E-01    4.88195E+03    4.73966E+03    5.02425E+03
 6.54133E-01    4.54185E+03    4.40680E+03    4.67691E+03
 7.00000E-01    4.30961E+03    4.18146E+03    4.43776E+03
 7.72266E-01    4.09396E+03    3.97223E+03    4.21570E+03
 8.80646E-01    3.79095E+03    3.60283E+03    3.97907E+03
 9.80741E-01    3.52008E+03    3.34541E+03    3.69476E+03
 1.00000E+00    3.47189E+03    3.19784E+03    3.74594E+03
 1.10000E+00    3.33693E+03    3.07354E+03    3.60032E+03
 1.20000E+00    3.25170E+03    2.92323E+03    3.58017E+03
 1.40000E+00    3.19303E+03    2.87048E+03    3.51557E+03
 1.60000E+00    3.23713E+03    2.86155E+03    3.61270E+03
 1.81270E+00    3.35313E+03    2.96409E+03    3.74216E+03
 2.07134E+00    3.54118E+03    3.20365E+03    3.87870E+03
 2.49800E+00    3.86283E+03    3.49465E+03    4.23102E+03
 2.61834E+00    3.94586E+03    3.71495E+03    4.17678E+03
 3.00000E+00    4.15357E+03    3.96155E+03    4.34559E+03
 4.00000E+00    4.28817E+03    3.96946E+03    4.60689E+03
 5.00000E+00    4.01570E+03    3.59393E+03    4.43746E+03
 5.42342E+00    3.82457E+03    3.42288E+03    4.22627E+03
 5.50000E+00    3.74978E+03    3.35594E+03    4.14362E+03
 6.00000E+00    3.56909E+03    3.15141E+03    3.98676E+03
 6.41617E+00    3.38101E+03    2.98535E+03    3.77668E+03
 7.00000E+00    3.12188E+03    2.75968E+03    3.48407E+03
 8.00000E+00    2.77894E+03    2.48712E+03    3.07076E+03
 9.00000E+00    2.56994E+03    2.35858E+03    2.78129E+03
 1.00000E+01    2.48075E+03    2.34454E+03    2.61696E+03
 1.01411E+01    2.48112E+03    2.34489E+03    2.61735E+03
 1.02842E+01    2.48149E+03    2.34524E+03    2.61774E+03
 1.04292E+01    2.48186E+03    2.34559E+03    2.61813E+03
 1.05000E+01    2.48205E+03    2.34576E+03    2.61833E+03
 1.06481E+01    2.48242E+03    2.34612E+03    2.61873E+03
 1.07984E+01    2.48281E+03    2.34648E+03    2.61913E+03
 1.09507E+01    2.48320E+03    2.34685E+03    2.61954E+03
 1.10000E+01    2.48332E+03    2.34697E+03    2.61967E+03
 1.11552E+01    2.49350E+03    2.35659E+03    2.63041E+03
 1.13126E+01    2.50383E+03    2.36635E+03    2.64130E+03
 1.14722E+01    2.51430E+03    2.37624E+03    2.65235E+03
 1.15000E+01    2.51612E+03    2.37797E+03    2.65427E+03
 1.16622E+01    2.52677E+03    2.38803E+03    2.66550E+03
 1.18268E+01    2.53756E+03    2.39823E+03    2.67689E+03
 1.19936E+01    2.54850E+03    2.40857E+03    2.68843E+03
 1.20000E+01    2.54892E+03    2.42879E+03    2.66905E+03
 1.21210E+01    2.56167E+03    2.44094E+03    2.68240E+03
 1.22920E+01    2.57918E+03    2.45763E+03    2.70074E+03
 1.24654E+01    2.59694E+03    2.47455E+03    2.71934E+03
 1.25000E+01    2.60048E+03    2.47792E+03    2.72304E+03
 1.26764E+01    2.61867E+03    2.49525E+03    2.74209E+03
 1.28552E+01    2.63711E+03    2.51283E+03    2.76140E+03
 1.30000E+01    2.65205E+03    2.52706E+03    2.77704E+03
 1.31834E+01    2.67395E+03    2.54792E+03    2.79997E+03
 1.33694E+01    2.69615E+03    2.56908E+03    2.82322E+03
 1.35000E+01    2.71174E+03    2.58394E+03    2.83955E+03
 1.36905E+01    2.73448E+03    2.60560E+03    2.86335E+03
 1.38836E+01    2.75753E+03    2.62757E+03    2.88750E+03
 1.40000E+01    2.77143E+03    2.59233E+03    2.95052E+03
 1.41975E+01    2.79494E+03    2.61433E+03    2.97556E+03
 1.43978E+01    2.81879E+03    2.63664E+03    3.00095E+03
 1.45000E+01    2.83096E+03    2.64802E+03    3.01390E+03
 1.47046E+01    2.85532E+03    2.67080E+03    3.03983E+03
 1.49120E+01    2.88002E+03    2.69391E+03    3.06613E+03
 1.50000E+01    2.89049E+03    2.70197E+03    3.07902E+03
 1.52116E+01    2.91311E+03    2.72311E+03    3.10311E+03
 1.54262E+01    2.93605E+03    2.74456E+03    3.12755E+03
 1.55000E+01    2.94394E+03    2.75193E+03    3.13595E+03
 1.57187E+01    2.96731E+03    2.77377E+03    3.16085E+03
 1.59404E+01    2.99101E+03    2.79593E+03    3.18609E+03
 1.60000E+01    2.99738E+03    2.81300E+03    3.18176E+03
 1.62257E+01    3.01704E+03    2.83145E+03    3.20263E+03
 1.64546E+01    3.03699E+03    2.85017E+03    3.22380E+03
 1.65000E+01    3.04094E+03    2.85388E+03    3.22800E+03
 1.67328E+01    3.06122E+03    2.87291E+03    3.24953E+03
 1.69689E+01    3.08179E+03    2.89221E+03    3.27136E+03
 1.70000E+01    3.08450E+03    2.89476E+03    3.27424E+03
 1.72398E+01    3.09967E+03    2.90900E+03    3.29034E+03
 1.74831E+01    3.11505E+03    2.92343E+03    3.30667E+03
 1.75000E+01    3.11612E+03    2.92444E+03    3.30781E+03
 1.77469E+01    3.13182E+03    2.93917E+03    3.32447E+03
 1.78093E+01    3.13578E+03    2.94289E+03    3.32868E+03
 1.80000E+01    3.14774E+03    2.99155E+03    3.30393E+03
 1.82539E+01    3.15737E+03    3.00070E+03    3.31403E+03
 1.85000E+01    3.16670E+03    3.00957E+03    3.32382E+03
 1.87610E+01    3.17659E+03    3.01897E+03    3.33421E+03
 1.90000E+01    3.18565E+03    3.02758E+03    3.34372E+03
 1.92681E+01    3.18913E+03    3.03089E+03    3.34737E+03
 1.95000E+01    3.19214E+03    3.03375E+03    3.35053E+03
 1.97751E+01    3.19572E+03    3.03715E+03    3.35429E+03
 2.00000E+01    3.19865E+03    3.03994E+03    3.35736E+03
