# n + Ac226 :  n        
# endfb8.0   O.Iwamoto, T.Nakagawa, et al.     EVAL-FEB10
# uncertainties: n
# # energies =    35
#   E(MeV)       xs(mb) 
 3.00000E+00    0.00000E+00
 3.50000E+00    1.49519E-06
 4.00000E+00    1.80443E-05
 4.50000E+00    1.57116E-04
 5.00000E+00    1.41143E-03
 5.50000E+00    1.32171E-02
 6.00000E+00    5.63838E-02
 6.50000E+00    1.93468E-01
 7.00000E+00    1.11580E+00
 7.50000E+00    6.25022E+00
 8.00000E+00    1.77932E+01
 8.50000E+00    3.14321E+01
 9.00000E+00    4.40629E+01
 9.50000E+00    5.43522E+01
 1.00000E+01    6.23605E+01
 1.05000E+01    6.82299E+01
 1.10000E+01    7.19060E+01
 1.15000E+01    7.41038E+01
 1.20000E+01    7.50874E+01
 1.25000E+01    7.52682E+01
 1.30000E+01    7.49324E+01
 1.35000E+01    7.43318E+01
 1.40000E+01    7.34650E+01
 1.45000E+01    7.26376E+01
 1.50000E+01    7.17544E+01
 1.55000E+01    7.08833E+01
 1.60000E+01    7.00709E+01
 1.65000E+01    6.93087E+01
 1.70000E+01    6.86250E+01
 1.75000E+01    6.80078E+01
 1.80000E+01    6.74622E+01
 1.85000E+01    6.69789E+01
 1.90000E+01    6.65688E+01
 1.95000E+01    6.61340E+01
 2.00000E+01    6.57373E+01
