# n + Ac226 : (n,n'01)  
# endfb8.0   O.Iwamoto, T.Nakagawa, et al.     EVAL-FEB10
# uncertainties: y
# # energies =    77
#   E(MeV)       xs(mb)       xslow(mb)      xsupp(mb)
 5.12276E-03    0.00000E+00    0.00000E+00    0.00000E+00
 7.00000E-03    2.10962E+01    8.92285E+00    3.32695E+01
 1.00000E-02    4.30433E+01    1.86778E+01    6.74088E+01
 1.88839E-02    9.71232E+01    4.21447E+01    1.52102E+02
 2.00000E-02    1.02119E+02    4.78907E+01    1.56347E+02
 3.00000E-02    1.45458E+02    7.12685E+01    2.19648E+02
 3.34486E-02    1.57484E+02    7.71607E+01    2.37807E+02
 4.52008E-02    1.92813E+02    9.77533E+01    2.87873E+02
 5.00000E-02    2.05696E+02    1.04285E+02    3.07107E+02
 5.85602E-02    2.22667E+02    1.12889E+02    3.32445E+02
 7.00000E-02    2.40527E+02    1.30590E+02    3.50464E+02
 7.06137E-02    2.41180E+02    1.30945E+02    3.51415E+02
 7.80467E-02    2.48415E+02    1.34873E+02    3.61957E+02
 1.00000E-01    2.68930E+02    1.61615E+02    3.76245E+02
 1.20000E-01    2.66947E+02    1.60423E+02    3.73471E+02
 1.40000E-01    2.69081E+02    1.61705E+02    3.76457E+02
 1.70000E-01    2.79986E+02    1.68259E+02    3.91713E+02
 2.00000E-01    2.74142E+02    1.82839E+02    3.65445E+02
 2.50000E-01    2.70018E+02    1.80089E+02    3.59947E+02
 3.00000E-01    2.34232E+02    1.61379E+02    3.07085E+02
 4.00000E-01    1.80752E+02    1.19288E+02    2.42216E+02
 5.00000E-01    1.53582E+02    1.01357E+02    2.05807E+02
 6.00000E-01    1.19930E+02    7.81889E+01    1.61671E+02
 7.00000E-01    9.76254E+01    6.36473E+01    1.31603E+02
 8.00000E-01    7.66369E+01    4.97350E+01    1.03539E+02
 9.00000E-01    6.11052E+01    3.96554E+01    8.25550E+01
 1.00000E+00    4.92439E+01    3.28933E+01    6.55945E+01
 1.10000E+00    3.91810E+01    2.61716E+01    5.21904E+01
 1.20000E+00    3.11376E+01    2.22004E+01    4.00748E+01
 1.30000E+00    2.46872E+01    1.76014E+01    3.17730E+01
 1.40000E+00    1.96005E+01    1.39747E+01    2.52263E+01
 1.50000E+00    1.55038E+01    1.19219E+01    1.90857E+01
 1.60000E+00    1.22674E+01    9.43321E+00    1.51016E+01
 1.70000E+00    9.66577E+00    7.43265E+00    1.18989E+01
 1.80000E+00    7.61676E+00    5.85703E+00    9.37649E+00
 1.90000E+00    5.97751E+00    4.59650E+00    7.35852E+00
 2.00000E+00    4.69463E+00    3.62403E+00    5.76523E+00
 2.10000E+00    3.67214E+00    2.83472E+00    4.50956E+00
 2.20000E+00    2.87633E+00    2.22039E+00    3.53227E+00
 2.40000E+00    1.76760E+00    1.36450E+00    2.17070E+00
 2.60000E+00    1.09109E+00    7.65874E-01    1.41631E+00
 2.80000E+00    6.76637E-01    4.74955E-01    8.78319E-01
 3.00000E+00    4.25018E-01    2.67739E-01    5.82297E-01
 3.50000E+00    1.40353E-01    8.36445E-02    1.97062E-01
 4.00000E+00    5.29543E-02    3.14007E-02    7.45079E-02
 4.50000E+00    2.38662E-02    1.41521E-02    3.35803E-02
 5.00000E+00    1.37958E-02    9.97370E-03    1.76179E-02
 5.50000E+00    9.85217E-03    7.12264E-03    1.25817E-02
 6.00000E+00    8.25654E-03    6.38195E-03    1.01311E-02
 6.50000E+00    7.48362E-03    5.78451E-03    9.18273E-03
 7.00000E+00    7.09879E-03    5.37298E-03    8.82460E-03
 7.50000E+00    6.83430E-03    5.17279E-03    8.49581E-03
 8.00000E+00    6.65855E-03    4.99344E-03    8.32366E-03
 8.50000E+00    6.46787E-03    4.85044E-03    8.08530E-03
 9.00000E+00    6.29968E-03    4.74962E-03    7.84974E-03
 9.50000E+00    6.09427E-03    4.59475E-03    7.59379E-03
 1.00000E+01    5.87861E-03    4.47915E-03    7.27807E-03
 1.05000E+01    5.90352E-03    4.49813E-03    7.30891E-03
 1.10000E+01    5.90862E-03    4.50202E-03    7.31522E-03
 1.15000E+01    5.91268E-03    4.50511E-03    7.32025E-03
 1.20000E+01    5.91726E-03    4.58552E-03    7.24900E-03
 1.25000E+01    5.92706E-03    4.59312E-03    7.26100E-03
 1.30000E+01    5.92444E-03    4.59109E-03    7.25779E-03
 1.35000E+01    5.92383E-03    4.59061E-03    7.25705E-03
 1.40000E+01    5.92204E-03    4.64273E-03    7.20135E-03
 1.45000E+01    5.91856E-03    4.64000E-03    7.19712E-03
 1.50000E+01    5.91079E-03    4.66335E-03    7.15823E-03
 1.55000E+01    5.90454E-03    4.65842E-03    7.15066E-03
 1.60000E+01    5.89448E-03    4.67412E-03    7.11484E-03
 1.65000E+01    5.88511E-03    4.66669E-03    7.10353E-03
 1.70000E+01    5.87257E-03    4.65675E-03    7.08839E-03
 1.75000E+01    5.86018E-03    4.64693E-03    7.07343E-03
 1.80000E+01    5.84531E-03    4.67585E-03    7.01478E-03
 1.85000E+01    5.83014E-03    4.66371E-03    6.99657E-03
 1.90000E+01    5.81327E-03    4.65022E-03    6.97632E-03
 1.95000E+01    5.79554E-03    4.63603E-03    6.95505E-03
 2.00000E+01    5.77690E-03    4.62112E-03    6.93268E-03
