# n + Ac226 : (n,n'02)  
# endfb8.0   O.Iwamoto, T.Nakagawa, et al.     EVAL-FEB10
# uncertainties: y
# # energies =    74
#   E(MeV)       xs(mb)       xslow(mb)      xsupp(mb)
 1.88839E-02    0.00000E+00   -0.00000E+00    0.00000E+00
 2.00000E-02    5.53838E+01    0.00000E+00    1.25723E+02
 3.00000E-02    1.22666E+02    0.00000E+00    2.45334E+02
 3.34486E-02    1.31110E+02    0.00000E+00    2.62222E+02
 4.52008E-02    1.54258E+02    3.88638E+01    2.69652E+02
 5.00000E-02    1.63403E+02    4.11678E+01    2.85638E+02
 5.85602E-02    1.77668E+02    4.47617E+01    3.10574E+02
 7.00000E-02    1.97224E+02    1.11016E+02    2.83432E+02
 7.06137E-02    1.98067E+02    1.11491E+02    2.84643E+02
 7.80467E-02    2.08437E+02    1.17328E+02    2.99546E+02
 1.00000E-01    2.41847E+02    1.31551E+02    3.52143E+02
 1.20000E-01    2.57523E+02    1.40077E+02    3.74969E+02
 1.40000E-01    2.73644E+02    1.48846E+02    3.98442E+02
 1.70000E-01    3.03919E+02    1.65314E+02    4.42524E+02
 2.00000E-01    3.16331E+02    1.24621E+02    5.08041E+02
 2.50000E-01    3.35793E+02    1.32289E+02    5.39297E+02
 3.00000E-01    3.16225E+02    1.23931E+02    5.08519E+02
 4.00000E-01    2.78416E+02    1.14127E+02    4.42705E+02
 5.00000E-01    2.64126E+02    1.08269E+02    4.19983E+02
 6.00000E-01    2.35434E+02    1.21232E+02    3.49636E+02
 7.00000E-01    2.18791E+02    1.12662E+02    3.24920E+02
 8.00000E-01    2.01980E+02    1.11685E+02    2.92275E+02
 9.00000E-01    1.91283E+02    1.05770E+02    2.76796E+02
 1.00000E+00    1.84903E+02    9.63258E+01    2.73480E+02
 1.10000E+00    1.81189E+02    9.43910E+01    2.67987E+02
 1.20000E+00    1.80163E+02    7.99816E+01    2.80344E+02
 1.30000E+00    1.81217E+02    8.04495E+01    2.81984E+02
 1.40000E+00    1.83775E+02    8.15851E+01    2.85965E+02
 1.50000E+00    1.86990E+02    7.36679E+01    3.00312E+02
 1.60000E+00    1.91125E+02    7.52969E+01    3.06953E+02
 1.70000E+00    1.94750E+02    7.67251E+01    3.12775E+02
 1.80000E+00    1.98962E+02    7.83845E+01    3.19540E+02
 1.90000E+00    2.02077E+02    7.96117E+01    3.24542E+02
 2.00000E+00    2.05576E+02    9.64108E+01    3.14741E+02
 2.10000E+00    2.07395E+02    9.72638E+01    3.17526E+02
 2.20000E+00    2.09461E+02    9.82327E+01    3.20689E+02
 2.40000E+00    2.12081E+02    9.94615E+01    3.24701E+02
 2.60000E+00    2.13130E+02    1.23814E+02    3.02446E+02
 2.80000E+00    2.11101E+02    1.22635E+02    2.99567E+02
 3.00000E+00    2.09257E+02    1.36422E+02    2.82092E+02
 3.50000E+00    1.98170E+02    1.33351E+02    2.62989E+02
 4.00000E+00    1.87303E+02    1.26221E+02    2.48385E+02
 4.50000E+00    1.75072E+02    1.17979E+02    2.32165E+02
 5.00000E+00    1.62862E+02    1.06339E+02    2.19385E+02
 5.50000E+00    1.53490E+02    1.00219E+02    2.06761E+02
 6.00000E+00    1.44121E+02    9.51091E+01    1.93133E+02
 6.50000E+00    1.38605E+02    9.14689E+01    1.85741E+02
 7.00000E+00    1.33091E+02    8.98289E+01    1.76353E+02
 7.50000E+00    1.29645E+02    8.75030E+01    1.71787E+02
 8.00000E+00    1.26200E+02    8.54273E+01    1.66973E+02
 8.50000E+00    1.23082E+02    8.33166E+01    1.62847E+02
 9.00000E+00    1.19964E+02    8.07325E+01    1.59195E+02
 9.50000E+00    1.16657E+02    7.85070E+01    1.54807E+02
 1.00000E+01    1.13350E+02    7.59379E+01    1.50762E+02
 1.05000E+01    1.09998E+02    7.36923E+01    1.46304E+02
 1.10000E+01    1.06645E+02    7.14459E+01    1.41844E+02
 1.15000E+01    1.03396E+02    6.92693E+01    1.37523E+02
 1.20000E+01    1.00146E+02    6.73910E+01    1.32901E+02
 1.25000E+01    9.70568E+01    6.53122E+01    1.28801E+02
 1.30000E+01    9.39676E+01    6.32334E+01    1.24702E+02
 1.35000E+01    9.10836E+01    6.12927E+01    1.20875E+02
 1.40000E+01    8.81995E+01    6.04115E+01    1.15988E+02
 1.45000E+01    8.55740E+01    5.86132E+01    1.12535E+02
 1.50000E+01    8.29486E+01    5.73125E+01    1.08585E+02
 1.55000E+01    8.06216E+01    5.57047E+01    1.05538E+02
 1.60000E+01    7.82945E+01    5.45671E+01    1.02022E+02
 1.65000E+01    7.62780E+01    5.31617E+01    9.93943E+01
 1.70000E+01    7.42614E+01    5.17562E+01    9.67666E+01
 1.75000E+01    7.25440E+01    5.05593E+01    9.45287E+01
 1.80000E+01    7.08266E+01    5.00011E+01    9.16521E+01
 1.85000E+01    6.93835E+01    4.89823E+01    8.97847E+01
 1.90000E+01    6.79403E+01    4.79635E+01    8.79171E+01
 1.95000E+01    6.67392E+01    4.71156E+01    8.63629E+01
 2.00000E+01    6.55381E+01    4.62676E+01    8.48086E+01
