# n + Ac226 : (n,n'03)  
# endfb8.0   O.Iwamoto, T.Nakagawa, et al.     EVAL-FEB10
# uncertainties: y
# # energies =    71
#   E(MeV)       xs(mb)       xslow(mb)      xsupp(mb)
 3.34486E-02    0.00000E+00    0.00000E+00    0.00000E+00
 4.52008E-02    1.53066E-03    2.90814E-04    2.77051E-03
 5.00000E-02    3.50535E-03    6.65990E-04    6.34471E-03
 5.85602E-02    1.03041E-02    1.95770E-03    1.86505E-02
 7.00000E-02    2.87227E-02    1.08559E-02    4.65895E-02
 7.06137E-02    3.00537E-02    1.13590E-02    4.87484E-02
 7.80467E-02    4.85304E-02    1.83423E-02    7.87185E-02
 1.00000E-01    1.45411E-01    6.31039E-02    2.27718E-01
 1.20000E-01    2.86150E-01    1.24180E-01    4.48120E-01
 1.40000E-01    4.94170E-01    2.14454E-01    7.73886E-01
 1.70000E-01    9.59768E-01    4.16509E-01    1.50303E+00
 2.00000E-01    1.50171E+00    8.12405E-01    2.19101E+00
 2.50000E-01    2.80333E+00    1.51656E+00    4.09010E+00
 3.00000E-01    3.75726E+00    2.37051E+00    5.14401E+00
 4.00000E-01    5.60296E+00    3.45108E+00    7.75484E+00
 5.00000E-01    7.64198E+00    4.70699E+00    1.05770E+01
 6.00000E-01    8.61355E+00    4.53895E+00    1.26882E+01
 7.00000E-01    9.44814E+00    4.97874E+00    1.39175E+01
 8.00000E-01    9.55553E+00    4.29002E+00    1.48210E+01
 9.00000E-01    9.47205E+00    4.25254E+00    1.46916E+01
 1.00000E+00    9.29530E+00    3.98724E+00    1.46034E+01
 1.10000E+00    8.81889E+00    3.78288E+00    1.38549E+01
 1.20000E+00    8.18776E+00    3.66782E+00    1.27077E+01
 1.30000E+00    7.45224E+00    3.33833E+00    1.15661E+01
 1.40000E+00    6.70384E+00    3.00308E+00    1.04046E+01
 1.50000E+00    5.92117E+00    3.07855E+00    8.76379E+00
 1.60000E+00    5.17277E+00    2.68944E+00    7.65610E+00
 1.70000E+00    4.44268E+00    2.30985E+00    6.57551E+00
 1.80000E+00    3.78223E+00    1.96647E+00    5.59799E+00
 1.90000E+00    3.17409E+00    1.65028E+00    4.69790E+00
 2.00000E+00    2.64793E+00    1.74481E+00    3.55105E+00
 2.10000E+00    2.18162E+00    1.43754E+00    2.92570E+00
 2.20000E+00    1.79065E+00    1.17992E+00    2.40138E+00
 2.40000E+00    1.19867E+00    7.89844E-01    1.60750E+00
 2.60000E+00    7.96744E-01    5.67225E-01    1.02626E+00
 2.80000E+00    5.28490E-01    3.76247E-01    6.80733E-01
 3.00000E+00    3.56216E-01    2.42904E-01    4.69528E-01
 3.50000E+00    1.40610E-01    9.40587E-02    1.87161E-01
 4.00000E+00    6.76659E-02    4.66848E-02    8.86469E-02
 4.50000E+00    3.94141E-02    2.71930E-02    5.16352E-02
 5.00000E+00    2.83823E-02    2.18529E-02    3.49117E-02
 5.50000E+00    2.30033E-02    1.77113E-02    2.82953E-02
 6.00000E+00    2.02757E-02    1.55308E-02    2.50206E-02
 6.50000E+00    1.85197E-02    1.41858E-02    2.28536E-02
 7.00000E+00    1.73707E-02    1.30967E-02    2.16447E-02
 7.50000E+00    1.64197E-02    1.23796E-02    2.04598E-02
 8.00000E+00    1.56773E-02    1.17572E-02    1.95974E-02
 8.50000E+00    1.49260E-02    1.11938E-02    1.86582E-02
 9.00000E+00    1.42627E-02    1.07534E-02    1.77720E-02
 9.50000E+00    1.35523E-02    1.02178E-02    1.68868E-02
 1.00000E+01    1.28555E-02    9.79550E-03    1.59155E-02
 1.05000E+01    1.27098E-02    9.68448E-03    1.57351E-02
 1.10000E+01    1.25365E-02    9.55244E-03    1.55206E-02
 1.15000E+01    1.23751E-02    9.42945E-03    1.53207E-02
 1.20000E+01    1.22274E-02    9.47582E-03    1.49790E-02
 1.25000E+01    1.21016E-02    9.37833E-03    1.48249E-02
 1.30000E+01    1.19606E-02    9.26906E-03    1.46521E-02
 1.35000E+01    1.18329E-02    9.17009E-03    1.44957E-02
 1.40000E+01    1.17113E-02    9.18116E-03    1.42414E-02
 1.45000E+01    1.15940E-02    9.08920E-03    1.40988E-02
 1.50000E+01    1.14753E-02    9.05333E-03    1.38973E-02
 1.55000E+01    1.13660E-02    8.96710E-03    1.37649E-02
 1.60000E+01    1.12553E-02    8.92479E-03    1.35858E-02
 1.65000E+01    1.11514E-02    8.84240E-03    1.34604E-02
 1.70000E+01    1.10466E-02    8.75930E-03    1.33339E-02
 1.75000E+01    1.09467E-02    8.68009E-03    1.32133E-02
 1.80000E+01    1.08465E-02    8.67662E-03    1.30164E-02
 1.85000E+01    1.07498E-02    8.59926E-03    1.29003E-02
 1.90000E+01    1.06538E-02    8.52247E-03    1.27851E-02
 1.95000E+01    1.05596E-02    8.44711E-03    1.26721E-02
 2.00000E+01    1.04672E-02    8.37320E-03    1.25612E-02
