# n + Ac226 : (n,n'05)  
# endfb8.0   O.Iwamoto, T.Nakagawa, et al.     EVAL-FEB10
# uncertainties: y
# # energies =    68
#   E(MeV)       xs(mb)       xslow(mb)      xsupp(mb)
 5.85602E-02    0.00000E+00    0.00000E+00    0.00000E+00
 7.00000E-02    2.74161E+01    1.35435E+01    4.12887E+01
 7.06137E-02    2.81627E+01    1.39123E+01    4.24131E+01
 7.80467E-02    3.62343E+01    1.78996E+01    5.45690E+01
 1.00000E-01    5.46877E+01    3.21010E+01    7.72744E+01
 1.20000E-01    6.40958E+01    3.76235E+01    9.05681E+01
 1.40000E-01    7.25192E+01    4.25679E+01    1.02470E+02
 1.70000E-01    8.52874E+01    5.00627E+01    1.20512E+02
 2.00000E-01    9.07431E+01    5.99791E+01    1.21507E+02
 2.50000E-01    1.02450E+02    6.77171E+01    1.37183E+02
 3.00000E-01    9.69706E+01    6.67140E+01    1.27227E+02
 4.00000E-01    8.66536E+01    5.76228E+01    1.15684E+02
 5.00000E-01    8.10807E+01    5.39170E+01    1.08244E+02
 6.00000E-01    6.89796E+01    4.49041E+01    9.30551E+01
 7.00000E-01    5.95984E+01    3.87971E+01    8.03997E+01
 8.00000E-01    4.96752E+01    3.14433E+01    6.79071E+01
 9.00000E-01    4.13694E+01    2.61860E+01    5.65529E+01
 1.00000E+00    3.47479E+01    2.24458E+01    4.70500E+01
 1.10000E+00    2.88944E+01    1.86647E+01    3.91241E+01
 1.20000E+00    2.38338E+01    1.60875E+01    3.15801E+01
 1.30000E+00    1.95829E+01    1.32182E+01    2.59476E+01
 1.40000E+00    1.60149E+01    1.08098E+01    2.12200E+01
 1.50000E+00    1.30785E+01    9.49446E+00    1.66625E+01
 1.60000E+00    1.06120E+01    7.70388E+00    1.35201E+01
 1.70000E+00    8.58910E+00    6.23534E+00    1.09429E+01
 1.80000E+00    6.91239E+00    5.01811E+00    8.80667E+00
 1.90000E+00    5.54890E+00    4.02828E+00    7.06953E+00
 2.00000E+00    4.43641E+00    3.38489E+00    5.48793E+00
 2.10000E+00    3.53998E+00    2.70094E+00    4.37902E+00
 2.20000E+00    2.81576E+00    2.14837E+00    3.48315E+00
 2.40000E+00    1.78989E+00    1.36565E+00    2.21413E+00
 2.60000E+00    1.13857E+00    8.20842E-01    1.45630E+00
 2.80000E+00    7.31261E-01    5.27196E-01    9.35326E-01
 3.00000E+00    4.77304E-01    3.19299E-01    6.35309E-01
 3.50000E+00    1.81032E-01    1.21471E-01    2.40593E-01
 4.00000E+00    8.55900E-02    6.06782E-02    1.10502E-01
 4.50000E+00    5.11523E-02    3.62640E-02    6.60406E-02
 5.00000E+00    3.76920E-02    2.91725E-02    4.62115E-02
 5.50000E+00    3.09857E-02    2.39820E-02    3.79894E-02
 6.00000E+00    2.73715E-02    2.09106E-02    3.38324E-02
 6.50000E+00    2.49096E-02    1.90298E-02    3.07894E-02
 7.00000E+00    2.32086E-02    1.74750E-02    2.89422E-02
 7.50000E+00    2.17691E-02    1.63912E-02    2.71470E-02
 8.00000E+00    2.06183E-02    1.54426E-02    2.57940E-02
 8.50000E+00    1.94749E-02    1.45862E-02    2.43636E-02
 9.00000E+00    1.84666E-02    1.39231E-02    2.30101E-02
 9.50000E+00    1.74790E-02    1.31785E-02    2.17795E-02
 1.00000E+01    1.67417E-02    1.27566E-02    2.07268E-02
 1.05000E+01    1.61103E-02    1.22755E-02    1.99451E-02
 1.10000E+01    1.57886E-02    1.20304E-02    1.95468E-02
 1.15000E+01    1.54898E-02    1.18027E-02    1.91769E-02
 1.20000E+01    1.52153E-02    1.17914E-02    1.86392E-02
 1.25000E+01    1.49745E-02    1.16048E-02    1.83442E-02
 1.30000E+01    1.47207E-02    1.14081E-02    1.80333E-02
 1.35000E+01    1.44889E-02    1.12284E-02    1.77494E-02
 1.40000E+01    1.42695E-02    1.12011E-02    1.73379E-02
 1.45000E+01    1.40599E-02    1.10366E-02    1.70832E-02
 1.50000E+01    1.38530E-02    1.09295E-02    1.67765E-02
 1.55000E+01    1.36614E-02    1.07783E-02    1.65445E-02
 1.60000E+01    1.34718E-02    1.06828E-02    1.62608E-02
 1.65000E+01    1.32937E-02    1.05416E-02    1.60458E-02
 1.70000E+01    1.31176E-02    1.04019E-02    1.58333E-02
 1.75000E+01    1.29504E-02    1.02693E-02    1.56315E-02
 1.80000E+01    1.27856E-02    1.02276E-02    1.53436E-02
 1.85000E+01    1.26276E-02    1.01013E-02    1.51539E-02
 1.90000E+01    1.24727E-02    9.97735E-03    1.49681E-02
 1.95000E+01    1.23224E-02    9.85712E-03    1.47877E-02
 2.00000E+01    1.21762E-02    9.74017E-03    1.46122E-02
