# n + Ac226 : (n,n'06)  
# endfb8.0   O.Iwamoto, T.Nakagawa, et al.     EVAL-FEB10
# uncertainties: y
# # energies =    66
#   E(MeV)       xs(mb)       xslow(mb)      xsupp(mb)
 7.06137E-02    0.00000E+00    0.00000E+00    0.00000E+00
 7.80467E-02    4.69906E+00    1.99709E+00    7.40103E+00
 1.00000E-01    2.25301E+01    2.86096E+00    4.21992E+01
 1.20000E-01    3.85051E+01    4.88952E+00    7.21207E+01
 1.40000E-01    5.37735E+01    6.82836E+00    1.00719E+02
 1.70000E-01    7.59213E+01    9.64077E+00    1.42202E+02
 2.00000E-01    8.86862E+01    1.64039E+01    1.60968E+02
 2.50000E-01    1.08033E+02    1.99824E+01    1.96084E+02
 3.00000E-01    1.06411E+02    2.95785E+01    1.83244E+02
 4.00000E-01    9.62114E+01    2.90479E+01    1.63375E+02
 5.00000E-01    8.88918E+01    2.68380E+01    1.50946E+02
 6.00000E-01    7.49586E+01    2.89326E+01    1.20985E+02
 7.00000E-01    6.42388E+01    2.47950E+01    1.03683E+02
 8.00000E-01    5.35244E+01    2.34407E+01    8.36081E+01
 9.00000E-01    4.46256E+01    1.95435E+01    6.97077E+01
 1.00000E+00    3.76581E+01    1.89037E+01    5.64125E+01
 1.10000E+00    3.15721E+01    1.58486E+01    4.72956E+01
 1.20000E+00    2.62472E+01    1.48547E+01    3.76397E+01
 1.30000E+00    2.17335E+01    1.23001E+01    3.11669E+01
 1.40000E+00    1.78983E+01    1.01296E+01    2.56670E+01
 1.50000E+00    1.47198E+01    9.61125E+00    1.98284E+01
 1.60000E+00    1.20053E+01    7.83882E+00    1.61718E+01
 1.70000E+00    9.76208E+00    6.37412E+00    1.31500E+01
 1.80000E+00    7.87641E+00    5.14288E+00    1.06099E+01
 1.90000E+00    6.33473E+00    4.13624E+00    8.53322E+00
 2.00000E+00    5.06376E+00    3.69638E+00    6.43114E+00
 2.10000E+00    4.03769E+00    2.94738E+00    5.12800E+00
 2.20000E+00    3.20276E+00    2.33791E+00    4.06761E+00
 2.40000E+00    2.02219E+00    1.47613E+00    2.56825E+00
 2.60000E+00    1.27275E+00    9.14982E-01    1.63052E+00
 2.80000E+00    8.08003E-01    5.80874E-01    1.03513E+00
 3.00000E+00    5.20251E-01    3.49593E-01    6.90909E-01
 3.50000E+00    1.89530E-01    1.25837E-01    2.53223E-01
 4.00000E+00    8.52696E-02    5.92587E-02    1.11281E-01
 4.50000E+00    4.84269E-02    3.36546E-02    6.31992E-02
 5.00000E+00    3.43748E-02    2.65701E-02    4.21795E-02
 5.50000E+00    2.76411E-02    2.13653E-02    3.39169E-02
 6.00000E+00    2.41241E-02    1.84538E-02    2.97944E-02
 6.50000E+00    2.18000E-02    1.66760E-02    2.69240E-02
 7.00000E+00    2.03310E-02    1.53292E-02    2.53328E-02
 7.50000E+00    1.91988E-02    1.44756E-02    2.39220E-02
 8.00000E+00    1.83484E-02    1.37425E-02    2.29543E-02
 8.50000E+00    1.75231E-02    1.31244E-02    2.19218E-02
 9.00000E+00    1.68332E-02    1.26910E-02    2.09754E-02
 9.50000E+00    1.61178E-02    1.21517E-02    2.00839E-02
 1.00000E+01    1.54419E-02    1.17664E-02    1.91174E-02
 1.05000E+01    1.48531E-02    1.13177E-02    1.83885E-02
 1.10000E+01    1.42631E-02    1.08681E-02    1.76581E-02
 1.15000E+01    1.37172E-02    1.04522E-02    1.69822E-02
 1.20000E+01    1.32135E-02    1.02394E-02    1.61876E-02
 1.25000E+01    1.27580E-02    9.88645E-03    1.56296E-02
 1.30000E+01    1.24550E-02    9.65164E-03    1.52584E-02
 1.35000E+01    1.22373E-02    9.48294E-03    1.49917E-02
 1.40000E+01    1.20315E-02    9.43226E-03    1.46307E-02
 1.45000E+01    1.18354E-02    9.27853E-03    1.43923E-02
 1.50000E+01    1.16427E-02    9.18587E-03    1.40995E-02
 1.55000E+01    1.14641E-02    9.04495E-03    1.38832E-02
 1.60000E+01    1.12882E-02    8.95124E-03    1.36252E-02
 1.65000E+01    1.11230E-02    8.82024E-03    1.34258E-02
 1.70000E+01    1.09605E-02    8.69138E-03    1.32296E-02
 1.75000E+01    1.08062E-02    8.56903E-03    1.30434E-02
 1.80000E+01    1.06549E-02    8.52331E-03    1.27865E-02
 1.85000E+01    1.05099E-02    8.40732E-03    1.26125E-02
 1.90000E+01    1.03683E-02    8.29405E-03    1.24426E-02
 1.95000E+01    1.02312E-02    8.18438E-03    1.22780E-02
 2.00000E+01    1.00981E-02    8.07790E-03    1.21183E-02
