# n + Ac236 : (n,xn)    
# tendl.2017 A.J. Koning and D. Rochman        EVAL-NOV17
# 
# # energies =   104
#   E(MeV)        xs(mb) 
 1.10640E-01    1.00004E-17
 2.00000E-01    4.39494E+02
 3.00000E-01    1.02897E+03
 4.00000E-01    1.40622E+03
 5.00000E-01    1.62097E+03
 6.00000E-01    1.75201E+03
 7.00000E-01    1.85504E+03
 8.00000E-01    1.96234E+03
 9.00000E-01    2.09380E+03
 1.00000E+00    2.25824E+03
 1.20000E+00    2.65993E+03
 1.40000E+00    3.02108E+03
 1.60000E+00    3.21680E+03
 1.80000E+00    3.24674E+03
 2.00000E+00    3.17979E+03
 2.20000E+00    3.07586E+03
 2.40000E+00    2.96373E+03
 2.60000E+00    2.86431E+03
 2.80000E+00    2.78622E+03
 3.00000E+00    2.72673E+03
 3.20000E+00    2.68058E+03
 3.40000E+00    2.64078E+03
 3.60000E+00    2.60133E+03
 3.80000E+00    2.56155E+03
 4.00000E+00    2.52246E+03
 4.20000E+00    2.48566E+03
 4.40000E+00    2.48336E+03
 4.60000E+00    2.55825E+03
 4.80000E+00    2.70984E+03
 5.00000E+00    2.90333E+03
 5.20000E+00    3.10446E+03
 5.40000E+00    3.29249E+03
 5.60000E+00    3.48594E+03
 5.80000E+00    3.66982E+03
 6.00000E+00    3.85609E+03
 6.20000E+00    4.02868E+03
 6.40000E+00    4.19259E+03
 6.60000E+00    4.34215E+03
 6.80000E+00    4.47716E+03
 7.00000E+00    4.59817E+03
 7.20000E+00    4.70150E+03
 7.40000E+00    4.78917E+03
 7.60000E+00    4.86284E+03
 7.80000E+00    4.92088E+03
 8.00000E+00    4.96622E+03
 8.50000E+00    5.03612E+03
 9.00000E+00    5.06406E+03
 9.50000E+00    5.07085E+03
 1.00000E+01    5.07553E+03
 1.05000E+01    5.14455E+03
 1.10000E+01    5.32025E+03
 1.15000E+01    5.57411E+03
 1.20000E+01    5.88016E+03
 1.25000E+01    6.19465E+03
 1.30000E+01    6.47523E+03
 1.35000E+01    6.67274E+03
 1.40000E+01    6.81248E+03
 1.45000E+01    6.92331E+03
 1.50000E+01    6.98784E+03
 1.60000E+01    7.11507E+03
 1.70000E+01    7.33238E+03
 1.80000E+01    7.65966E+03
 1.90000E+01    8.02916E+03
 2.00000E+01    8.37107E+03
 2.10000E+01    8.63111E+03
 2.20000E+01    8.74872E+03
 2.30000E+01    8.68578E+03
 2.40000E+01    8.37089E+03
 2.50000E+01    7.84751E+03
 2.60000E+01    7.17626E+03
 2.70000E+01    6.46022E+03
 2.80000E+01    5.77790E+03
 2.90000E+01    5.12102E+03
 3.00000E+01    4.56937E+03
 3.00000E+01    1.03948E+04
 3.20000E+01    1.07182E+04
 3.40000E+01    1.10212E+04
 3.60000E+01    1.12988E+04
 3.80000E+01    1.15375E+04
 4.00000E+01    1.17246E+04
 4.20000E+01    1.18752E+04
 4.40000E+01    1.19901E+04
 4.60000E+01    1.20713E+04
 4.80000E+01    1.21153E+04
 5.00000E+01    1.21353E+04
 5.20000E+01    1.21381E+04
 5.40000E+01    1.21580E+04
 5.60000E+01    1.21891E+04
 5.80000E+01    1.22350E+04
 6.00000E+01    1.22924E+04
 6.50000E+01    1.25020E+04
 7.00000E+01    1.28155E+04
 7.50000E+01    1.31826E+04
 8.00000E+01    1.36125E+04
 9.00000E+01    1.45532E+04
 1.00000E+02    1.54420E+04
 1.10000E+02    1.63242E+04
 1.20000E+02    1.71582E+04
 1.30000E+02    1.79710E+04
 1.40000E+02    1.87646E+04
 1.50000E+02    1.95425E+04
 1.60000E+02    2.00356E+04
 1.80000E+02    1.98395E+04
 2.00000E+02    1.81778E+04
