# n + Ac236 : (n,2na)   
# tendl.2017 A.J. Koning and D. Rochman        EVAL-NOV17
# uncertainties: y
# # energies =    28
#   E(MeV)       xs(mb)       xslow(mb)      xsupp(mb)
 1.36161E+00    0.00000E+00    0.00000E+00    0.00000E+00
 9.50000E+00    3.01383E-15    3.01383E-15    3.01383E-15
 1.00000E+01    1.79266E-14    1.79266E-14    1.79266E-14
 1.05000E+01    1.02691E-13    1.02691E-13    1.02691E-13
 1.10000E+01    2.93677E-12    2.93677E-12    2.93677E-12
 1.15000E+01    1.81190E-11    1.81190E-11    1.81190E-11
 1.20000E+01    8.79361E-11    8.79361E-11    8.79361E-11
 1.25000E+01    3.99812E-10    3.99812E-10    3.99812E-10
 1.30000E+01    1.42663E-09    9.90935E-10    1.86233E-09
 1.35000E+01    5.96792E-09    4.14531E-09    7.79053E-09
 1.40000E+01    2.13884E-08    1.48563E-08    2.79205E-08
 1.45000E+01    8.23331E-08    5.71884E-08    1.07478E-07
 1.50000E+01    2.53347E-07    1.75974E-07    3.30720E-07
 1.60000E+01    2.96823E-06    2.31449E-06    3.62197E-06
 1.70000E+01    2.73195E-05    2.13025E-05    3.33365E-05
 1.80000E+01    1.79596E-04    1.40041E-04    2.19151E-04
 1.90000E+01    9.94736E-04    7.75651E-04    1.21382E-03
 2.00000E+01    5.05212E-03    2.92063E-03    7.18361E-03
 2.10000E+01    2.11819E-02    1.22452E-02    3.01186E-02
 2.20000E+01    7.97211E-02    4.60867E-02    1.13355E-01
 2.30000E+01    2.63363E-01    1.52250E-01    3.74476E-01
 2.40000E+01    7.33345E-01    3.68199E-01    1.09849E+00
 2.50000E+01    1.48730E+00    7.46746E-01    2.22785E+00
 2.60000E+01    2.52688E+00    1.26870E+00    3.78506E+00
 2.70000E+01    3.53472E+00    1.77472E+00    5.29472E+00
 2.80000E+01    4.11011E+00    2.06361E+00    6.15661E+00
 2.90000E+01    4.60943E+00    2.31431E+00    6.90455E+00
 3.00000E+01    4.95144E+00    2.48603E+00    7.41685E+00
