# n + Ac236 : (n,np)    
# tendl.2017 A.J. Koning and D. Rochman        EVAL-NOV17
# uncertainties: y
# # energies =    29
#   E(MeV)       xs(mb)       xslow(mb)      xsupp(mb)
 7.22873E+00    0.00000E+00    0.00000E+00    0.00000E+00
 9.00000E+00    5.50366E-15    1.83015E-15    9.17717E-15
 9.50000E+00    5.73034E-12    1.90552E-12    9.55516E-12
 1.00000E+01    5.91579E-10    1.96719E-10    9.86439E-10
 1.05000E+01    1.52636E-08    5.07564E-09    2.54516E-08
 1.10000E+01    1.81933E-07    6.04986E-08    3.03367E-07
 1.15000E+01    3.28227E-06    1.09146E-06    5.47308E-06
 1.20000E+01    1.72434E-05    5.73399E-06    2.87528E-05
 1.25000E+01    9.53826E-05    3.17178E-05    1.59047E-04
 1.30000E+01    3.43910E-04    9.87675E-05    5.89052E-04
 1.35000E+01    1.26350E-03    3.62865E-04    2.16414E-03
 1.40000E+01    3.31123E-03    9.50952E-04    5.67151E-03
 1.45000E+01    9.44495E-03    2.71250E-03    1.61774E-02
 1.50000E+01    1.96358E-02    5.63921E-03    3.36324E-02
 1.60000E+01    9.17721E-02    3.23397E-02    1.51205E-01
 1.70000E+01    2.92772E-01    1.03170E-01    4.82374E-01
 1.80000E+01    7.52952E-01    2.65334E-01    1.24057E+00
 1.90000E+01    1.67462E+00    5.90122E-01    2.75912E+00
 2.00000E+01    3.02898E+00    1.29579E+00    4.76217E+00
 2.10000E+01    4.91333E+00    2.10192E+00    7.72474E+00
 2.20000E+01    7.03810E+00    3.01089E+00    1.10653E+01
 2.30000E+01    9.32698E+00    3.99007E+00    1.46639E+01
 2.40000E+01    1.16637E+01    6.55997E+00    1.67674E+01
 2.50000E+01    1.38182E+01    7.77171E+00    1.98647E+01
 2.60000E+01    1.59456E+01    8.96822E+00    2.29230E+01
 2.70000E+01    1.78938E+01    1.00639E+01    2.57237E+01
 2.80000E+01    1.95462E+01    1.09933E+01    2.80991E+01
 2.90000E+01    2.11527E+01    1.18968E+01    3.04086E+01
 3.00000E+01    2.25316E+01    1.26724E+01    3.23908E+01
