# n + Ac236 : (n,non)   
# tendl.2017 A.J. Koning and D. Rochman        EVAL-NOV17
# uncertainties: y
# # energies =  1193
#   E(MeV)       xs(mb)       xslow(mb)      xsupp(mb)
 1.00000E-11    5.60152E-11    3.82676E-11    7.37628E-11
 1.03005E-11    5.51922E-11    3.77053E-11    7.26791E-11
 1.06099E-11    5.43813E-11    3.71514E-11    7.16113E-11
 1.09287E-11    5.35823E-11    3.66055E-11    7.05591E-11
 1.12571E-11    5.27950E-11    3.60676E-11    6.95224E-11
 1.15953E-11    5.20193E-11    3.55377E-11    6.85009E-11
 1.19437E-11    5.12550E-11    3.50156E-11    6.74944E-11
 1.23026E-11    5.05019E-11    3.45011E-11    6.65027E-11
 1.26722E-11    4.97599E-11    3.39942E-11    6.55256E-11
 1.30530E-11    4.90288E-11    3.34947E-11    6.45629E-11
 1.34452E-11    4.83085E-11    3.30026E-11    6.36144E-11
 1.38491E-11    4.75987E-11    3.25177E-11    6.26797E-11
 1.42652E-11    4.68993E-11    3.20399E-11    6.17587E-11
 1.46938E-11    4.62103E-11    3.15692E-11    6.08514E-11
 1.51353E-11    4.55313E-11    3.11054E-11    5.99572E-11
 1.55901E-11    4.48623E-11    3.06483E-11    5.90763E-11
 1.60585E-11    4.42032E-11    3.01980E-11    5.82084E-11
 1.65410E-11    4.35537E-11    2.97543E-11    5.73531E-11
 1.70380E-11    4.29138E-11    2.93172E-11    5.65104E-11
 1.75499E-11    4.22833E-11    2.88864E-11    5.56802E-11
 1.80772E-11    4.16620E-11    2.84620E-11    5.48620E-11
 1.86203E-11    4.10499E-11    2.80438E-11    5.40560E-11
 1.91798E-11    4.04468E-11    2.76318E-11    5.32618E-11
 1.97561E-11    3.98525E-11    2.72258E-11    5.24792E-11
 2.03497E-11    3.92670E-11    2.68258E-11    5.17082E-11
 2.09611E-11    3.86900E-11    2.64316E-11    5.09484E-11
 2.15909E-11    3.81216E-11    2.60433E-11    5.01999E-11
 2.22396E-11    3.75615E-11    2.56607E-11    4.94623E-11
 2.29078E-11    3.70096E-11    2.52836E-11    4.87356E-11
 2.35961E-11    3.64658E-11    2.49121E-11    4.80195E-11
 2.43051E-11    3.59300E-11    2.45461E-11    4.73139E-11
 2.50353E-11    3.54021E-11    2.41854E-11    4.66188E-11
 2.57875E-11    3.48820E-11    2.38301E-11    4.59339E-11
 2.65623E-11    3.43695E-11    2.34800E-11    4.52590E-11
 2.73604E-11    3.38645E-11    2.31350E-11    4.45940E-11
 2.81825E-11    3.33669E-11    2.27951E-11    4.39387E-11
 2.90293E-11    3.28767E-11    2.24602E-11    4.32932E-11
 2.99015E-11    3.23936E-11    2.21301E-11    4.26571E-11
 3.07999E-11    3.19177E-11    2.18050E-11    4.20304E-11
 3.17253E-11    3.14487E-11    2.14846E-11    4.14128E-11
 3.26785E-11    3.09867E-11    2.11690E-11    4.08044E-11
 3.36604E-11    3.05314E-11    2.08580E-11    4.02048E-11
 3.46717E-11    3.00828E-11    2.05515E-11    3.96141E-11
 3.57135E-11    2.96408E-11    2.02495E-11    3.90321E-11
 3.67865E-11    2.92053E-11    1.99520E-11    3.84586E-11
 3.78918E-11    2.87762E-11    1.96589E-11    3.78935E-11
 3.90303E-11    2.83534E-11    1.93700E-11    3.73368E-11
 4.02030E-11    2.79368E-11    1.90854E-11    3.67882E-11
 4.14109E-11    2.75264E-11    1.88050E-11    3.62478E-11
 4.26551E-11    2.71219E-11    1.85287E-11    3.57151E-11
 4.39367E-11    2.67234E-11    1.82565E-11    3.51903E-11
 4.52569E-11    2.63308E-11    1.79883E-11    3.46733E-11
 4.66166E-11    2.59439E-11    1.77239E-11    3.41639E-11
 4.80173E-11    2.55627E-11    1.74635E-11    3.36619E-11
 4.94600E-11    2.51872E-11    1.72070E-11    3.31674E-11
 5.09461E-11    2.48171E-11    1.69542E-11    3.26800E-11
 5.24768E-11    2.44525E-11    1.67051E-11    3.21999E-11
 5.40535E-11    2.40932E-11    1.64596E-11    3.17268E-11
 5.56776E-11    2.37392E-11    1.62178E-11    3.12606E-11
 5.73505E-11    2.33904E-11    1.59795E-11    3.08013E-11
 5.90736E-11    2.30467E-11    1.57447E-11    3.03487E-11
 6.08485E-11    2.27081E-11    1.55134E-11    2.99028E-11
 6.26768E-11    2.23745E-11    1.52855E-11    2.94635E-11
 6.45599E-11    2.20457E-11    1.50608E-11    2.90306E-11
 6.64997E-11    2.17218E-11    1.48396E-11    2.86040E-11
 6.84977E-11    2.14027E-11    1.46216E-11    2.81838E-11
 7.05558E-11    2.10882E-11    1.44067E-11    2.77697E-11
 7.26757E-11    2.07784E-11    1.41951E-11    2.73617E-11
 7.48593E-11    2.04731E-11    1.39865E-11    2.69597E-11
 7.71085E-11    2.01723E-11    1.37810E-11    2.65636E-11
 7.94253E-11    1.98759E-11    1.35785E-11    2.61733E-11
 8.18117E-11    1.95839E-11    1.33790E-11    2.57888E-11
 8.42698E-11    1.92961E-11    1.31824E-11    2.54098E-11
 8.68018E-11    1.90126E-11    1.29887E-11    2.50365E-11
 8.94098E-11    1.87333E-11    1.27979E-11    2.46687E-11
 9.20962E-11    1.84580E-11    1.26098E-11    2.43062E-11
 9.48633E-11    1.81868E-11    1.24246E-11    2.39490E-11
 9.77136E-11    1.79196E-11    1.22420E-11    2.35972E-11
 1.00649E-10    1.76563E-11    1.20622E-11    2.32505E-11
 1.03674E-10    1.73969E-11    1.18849E-11    2.29089E-11
 1.06789E-10    1.71413E-11    1.17103E-11    2.25723E-11
 1.09997E-10    1.68895E-11    1.15383E-11    2.22407E-11
 1.13302E-10    1.66413E-11    1.13687E-11    2.19139E-11
 1.16706E-10    1.63968E-11    1.12017E-11    2.15919E-11
 1.20213E-10    1.61559E-11    1.10371E-11    2.12747E-11
 1.23825E-10    1.59185E-11    1.08749E-11    2.09621E-11
 1.27545E-10    1.56846E-11    1.07152E-11    2.06540E-11
 1.31377E-10    1.54542E-11    1.05578E-11    2.03506E-11
 1.35325E-10    1.52271E-11    1.04026E-11    2.00516E-11
 1.39391E-10    1.50034E-11    1.02498E-11    1.97570E-11
 1.43579E-10    1.47830E-11    1.00992E-11    1.94668E-11
 1.47893E-10    1.45658E-11    9.95083E-12    1.91808E-11
 1.52336E-10    1.43517E-11    9.80457E-12    1.88988E-11
 1.56913E-10    1.41409E-11    9.66056E-12    1.86212E-11
 1.61628E-10    1.39331E-11    9.51859E-12    1.83476E-11
 1.66484E-10    1.37284E-11    9.37875E-12    1.80780E-11
 1.71486E-10    1.35267E-11    9.24096E-12    1.78124E-11
 1.76639E-10    1.33280E-11    9.10521E-12    1.75508E-11
 1.81946E-10    1.31321E-11    8.97138E-12    1.72928E-11
 1.87413E-10    1.29392E-11    8.83960E-12    1.70388E-11
 1.93044E-10    1.27491E-11    8.70973E-12    1.67885E-11
 1.98844E-10    1.25618E-11    8.58177E-12    1.65418E-11
 2.04818E-10    1.23772E-11    8.45566E-12    1.62987E-11
 2.10972E-10    1.21953E-11    8.33139E-12    1.60592E-11
 2.17311E-10    1.20162E-11    8.20904E-12    1.58234E-11
 2.23840E-10    1.18396E-11    8.08839E-12    1.55908E-11
 2.30566E-10    1.16657E-11    7.96959E-12    1.53618E-11
 2.37493E-10    1.14943E-11    7.85249E-12    1.51361E-11
 2.44629E-10    1.13254E-11    7.73711E-12    1.49137E-11
 2.51979E-10    1.11590E-11    7.62343E-12    1.46946E-11
 2.59550E-10    1.09950E-11    7.51139E-12    1.44786E-11
 2.67349E-10    1.08335E-11    7.40106E-12    1.42659E-11
 2.75381E-10    1.06743E-11    7.29230E-12    1.40563E-11
 2.83655E-10    1.05175E-11    7.18518E-12    1.38498E-11
 2.92178E-10    1.03629E-11    7.07956E-12    1.36462E-11
 3.00957E-10    1.02107E-11    6.97558E-12    1.34458E-11
 3.09999E-10    1.00607E-11    6.87311E-12    1.32483E-11
 3.19313E-10    9.91284E-12    6.77210E-12    1.30536E-11
 3.28907E-10    9.76720E-12    6.67260E-12    1.28618E-11
 3.38790E-10    9.62369E-12    6.57456E-12    1.26728E-11
 3.48969E-10    9.48229E-12    6.47796E-12    1.24866E-11
 3.59454E-10    9.34298E-12    6.38279E-12    1.23032E-11
 3.70254E-10    9.20570E-12    6.28900E-12    1.21224E-11
 3.81379E-10    9.07045E-12    6.19661E-12    1.19443E-11
 3.92838E-10    8.93718E-12    6.10556E-12    1.17688E-11
 4.04641E-10    8.80587E-12    6.01585E-12    1.15959E-11
 4.16798E-10    8.67649E-12    5.92747E-12    1.14255E-11
 4.29321E-10    8.54901E-12    5.84038E-12    1.12576E-11
 4.42221E-10    8.42340E-12    5.75456E-12    1.10922E-11
 4.55508E-10    8.29964E-12    5.67002E-12    1.09293E-11
 4.69194E-10    8.17769E-12    5.58670E-12    1.07687E-11
 4.83291E-10    8.05754E-12    5.50462E-12    1.06105E-11
 4.97812E-10    7.93916E-12    5.42375E-12    1.04546E-11
 5.12769E-10    7.82251E-12    5.34406E-12    1.03010E-11
 5.28176E-10    7.70758E-12    5.26554E-12    1.01496E-11
 5.44045E-10    7.59433E-12    5.18817E-12    1.00005E-11
 5.60392E-10    7.48275E-12    5.11195E-12    9.85355E-12
 5.77229E-10    7.37281E-12    5.03684E-12    9.70878E-12
 5.94572E-10    7.26449E-12    4.96284E-12    9.56614E-12
 6.12437E-10    7.15775E-12    4.88992E-12    9.42558E-12
 6.30838E-10    7.05259E-12    4.81808E-12    9.28710E-12
 6.49792E-10    6.94896E-12    4.74728E-12    9.15064E-12
 6.69316E-10    6.84687E-12    4.67754E-12    9.01620E-12
 6.89426E-10    6.74627E-12    4.60881E-12    8.88373E-12
 7.10140E-10    6.64715E-12    4.54109E-12    8.75321E-12
 7.31477E-10    6.54948E-12    4.47437E-12    8.62459E-12
 7.53455E-10    6.45325E-12    4.40863E-12    8.49787E-12
 7.76093E-10    6.35844E-12    4.34386E-12    8.37302E-12
 7.99411E-10    6.26502E-12    4.28004E-12    8.25000E-12
 8.23430E-10    6.17297E-12    4.21715E-12    8.12879E-12
 8.48171E-10    6.08227E-12    4.15519E-12    8.00935E-12
 8.73655E-10    5.99291E-12    4.09414E-12    7.89168E-12
 8.99905E-10    5.90485E-12    4.03398E-12    7.77572E-12
 9.26943E-10    5.81810E-12    3.97472E-12    7.66148E-12
 9.54794E-10    5.73261E-12    3.91631E-12    7.54891E-12
 9.83482E-10    5.64839E-12    3.85878E-12    7.43800E-12
 1.01303E-09    5.56540E-12    3.80208E-12    7.32872E-12
 1.04347E-09    5.48363E-12    3.74622E-12    7.22104E-12
 1.07482E-09    5.40306E-12    3.69118E-12    7.11494E-12
 1.10711E-09    5.32367E-12    3.63694E-12    7.01040E-12
 1.14038E-09    5.24545E-12    3.58350E-12    6.90740E-12
 1.17464E-09    5.16838E-12    3.53085E-12    6.80591E-12
 1.20994E-09    5.09245E-12    3.47898E-12    6.70592E-12
 1.24629E-09    5.01763E-12    3.42786E-12    6.60740E-12
 1.28373E-09    4.94390E-12    3.37750E-12    6.51030E-12
 1.32231E-09    4.87126E-12    3.32787E-12    6.41465E-12
 1.36204E-09    4.79969E-12    3.27898E-12    6.32040E-12
 1.40296E-09    4.72917E-12    3.23080E-12    6.22754E-12
 1.44511E-09    4.65969E-12    3.18333E-12    6.13605E-12
 1.48853E-09    4.59123E-12    3.13656E-12    6.04590E-12
 1.53326E-09    4.52377E-12    3.09048E-12    5.95706E-12
 1.57932E-09    4.45730E-12    3.04507E-12    5.86953E-12
 1.62678E-09    4.39181E-12    3.00033E-12    5.78329E-12
 1.67565E-09    4.32729E-12    2.95625E-12    5.69833E-12
 1.72600E-09    4.26371E-12    2.91281E-12    5.61461E-12
 1.77786E-09    4.20106E-12    2.87001E-12    5.53211E-12
 1.83128E-09    4.13934E-12    2.82785E-12    5.45083E-12
 1.88630E-09    4.07852E-12    2.78630E-12    5.37074E-12
 1.94297E-09    4.01860E-12    2.74536E-12    5.29184E-12
 2.00135E-09    3.95956E-12    2.70503E-12    5.21409E-12
 2.06148E-09    3.90139E-12    2.66529E-12    5.13749E-12
 2.12342E-09    3.84407E-12    2.62613E-12    5.06201E-12
 2.18722E-09    3.78760E-12    2.58755E-12    4.98765E-12
 2.25294E-09    3.73195E-12    2.54953E-12    4.91437E-12
 2.32063E-09    3.67713E-12    2.51208E-12    4.84218E-12
 2.39036E-09    3.62312E-12    2.47519E-12    4.77105E-12
 2.46218E-09    3.56990E-12    2.43883E-12    4.70097E-12
 2.53616E-09    3.51747E-12    2.40301E-12    4.63193E-12
 2.61236E-09    3.46581E-12    2.36772E-12    4.56390E-12
 2.69085E-09    3.41492E-12    2.33295E-12    4.49689E-12
 2.77170E-09    3.36478E-12    2.29870E-12    4.43086E-12
 2.85497E-09    3.31539E-12    2.26496E-12    4.36582E-12
 2.94075E-09    3.26673E-12    2.23171E-12    4.30175E-12
 3.02911E-09    3.21880E-12    2.19897E-12    4.23863E-12
 3.12012E-09    3.17158E-12    2.16671E-12    4.17645E-12
 3.21387E-09    3.12507E-12    2.13494E-12    4.11520E-12
 3.31043E-09    3.07926E-12    2.10364E-12    4.05488E-12
 3.40990E-09    3.03413E-12    2.07281E-12    3.99545E-12
 3.51235E-09    2.98969E-12    2.04245E-12    3.93693E-12
 3.61788E-09    2.94591E-12    2.01254E-12    3.87928E-12
 3.72659E-09    2.90280E-12    1.98309E-12    3.82251E-12
 3.83856E-09    2.86033E-12    1.95407E-12    3.76659E-12
 3.95389E-09    2.81850E-12    1.92550E-12    3.71150E-12
 4.07269E-09    2.77730E-12    1.89735E-12    3.65725E-12
 4.19505E-09    2.73671E-12    1.86962E-12    3.60380E-12
 4.32110E-09    2.69673E-12    1.84231E-12    3.55115E-12
 4.45093E-09    2.65733E-12    1.81539E-12    3.49927E-12
 4.58466E-09    2.61852E-12    1.78888E-12    3.44816E-12
 4.72241E-09    2.58026E-12    1.76274E-12    3.39778E-12
 4.86430E-09    2.54257E-12    1.73699E-12    3.34815E-12
 5.01045E-09    2.50541E-12    1.71161E-12    3.29921E-12
 5.16099E-09    2.46878E-12    1.68658E-12    3.25098E-12
 5.31606E-09    2.43267E-12    1.66191E-12    3.20343E-12
 5.47579E-09    2.39707E-12    1.63759E-12    3.15655E-12
 5.64031E-09    2.36198E-12    1.61362E-12    3.11034E-12
 5.80978E-09    2.32738E-12    1.58998E-12    3.06478E-12
 5.98434E-09    2.29327E-12    1.56668E-12    3.01986E-12
 6.16414E-09    2.25964E-12    1.54370E-12    2.97557E-12
 6.34935E-09    2.22649E-12    1.52106E-12    2.93192E-12
 6.54012E-09    2.19382E-12    1.49874E-12    2.88890E-12
 6.73663E-09    2.16162E-12    1.47674E-12    2.84650E-12
 6.93903E-09    2.12988E-12    1.45506E-12    2.80470E-12
 7.14752E-09    2.09860E-12    1.43369E-12    2.76351E-12
 7.36228E-09    2.06777E-12    1.41263E-12    2.72291E-12
 7.58348E-09    2.03740E-12    1.39188E-12    2.68292E-12
 7.81133E-09    2.00747E-12    1.37143E-12    2.64351E-12
 8.04603E-09    1.97797E-12    1.35128E-12    2.60466E-12
 8.28778E-09    1.94891E-12    1.33143E-12    2.56639E-12
 8.53679E-09    1.92028E-12    1.31187E-12    2.52869E-12
 8.79329E-09    1.89207E-12    1.29259E-12    2.49155E-12
 9.05749E-09    1.86427E-12    1.27360E-12    2.45494E-12
 9.32963E-09    1.83688E-12    1.25489E-12    2.41887E-12
 9.60995E-09    1.80989E-12    1.23645E-12    2.38333E-12
 9.89869E-09    1.78330E-12    1.21829E-12    2.34831E-12
 1.01961E-08    1.75709E-12    1.20038E-12    2.31380E-12
 1.05025E-08    1.73128E-12    1.18275E-12    2.27981E-12
 1.08180E-08    1.70584E-12    1.16537E-12    2.24631E-12
 1.11430E-08    1.68078E-12    1.14825E-12    2.21331E-12
 1.14778E-08    1.65608E-12    1.13137E-12    2.18079E-12
 1.18227E-08    1.63175E-12    1.11475E-12    2.14875E-12
 1.21779E-08    1.60777E-12    1.09837E-12    2.11717E-12
 1.25438E-08    1.58415E-12    1.08223E-12    2.08607E-12
 1.29207E-08    1.56087E-12    1.06633E-12    2.05541E-12
 1.33089E-08    1.53794E-12    1.05067E-12    2.02521E-12
 1.37088E-08    1.51534E-12    1.03523E-12    1.99545E-12
 1.41207E-08    1.49308E-12    1.02002E-12    1.96614E-12
 1.45450E-08    1.47114E-12    1.00503E-12    1.93725E-12
 1.49820E-08    1.44953E-12    9.90267E-13    1.90879E-12
 1.54321E-08    1.42823E-12    9.75715E-13    1.88074E-12
 1.58958E-08    1.40724E-12    9.61376E-13    1.85310E-12
 1.63734E-08    1.38657E-12    9.47255E-13    1.82589E-12
 1.68654E-08    1.36620E-12    9.33339E-13    1.79906E-12
 1.73721E-08    1.34612E-12    9.19621E-13    1.77262E-12
 1.78941E-08    1.32634E-12    9.06108E-13    1.74657E-12
 1.84317E-08    1.30684E-12    8.92786E-13    1.72089E-12
 1.89855E-08    1.28763E-12    8.79663E-13    1.69560E-12
 1.95559E-08    1.26868E-12    8.66717E-13    1.67064E-12
 2.01435E-08    1.25000E-12    8.53955E-13    1.64604E-12
 2.07487E-08    1.23159E-12    8.41378E-13    1.62180E-12
 2.13721E-08    1.21343E-12    8.28972E-13    1.59789E-12
 2.20143E-08    1.19555E-12    8.16757E-13    1.57434E-12
 2.26757E-08    1.17796E-12    8.04740E-13    1.55118E-12
 2.33570E-08    1.16070E-12    7.92949E-13    1.52845E-12
 2.40588E-08    1.14379E-12    7.81396E-13    1.50618E-12
 2.47817E-08    1.12724E-12    7.70090E-13    1.48439E-12
 2.52045E-08    1.11793E-12    7.63730E-13    1.47213E-12
 2.53000E-08    1.11586E-12    0.00000E+00    2.95141E-12
 2.60602E-08    1.09983E-12    0.00000E+00    2.90902E-12
 2.69569E-08    1.08176E-12    0.00000E+00    2.86122E-12
 2.78845E-08    1.06386E-12    0.00000E+00    2.81388E-12
 2.88441E-08    1.04605E-12    0.00000E+00    2.76677E-12
 2.98366E-08    1.02834E-12    0.00000E+00    2.71993E-12
 3.07331E-08    1.01300E-12    0.00000E+00    2.67935E-12
 3.16565E-08    9.97853E-13    0.00000E+00    2.63929E-12
 3.26077E-08    9.82967E-13    0.00000E+00    2.59992E-12
 3.35874E-08    9.68357E-13    0.00000E+00    2.56127E-12
 3.45965E-08    9.54014E-13    0.00000E+00    2.52334E-12
 3.56360E-08    9.39923E-13    0.00000E+00    2.48607E-12
 3.67067E-08    9.26075E-13    0.00000E+00    2.44944E-12
 3.78096E-08    9.12462E-13    0.00000E+00    2.41343E-12
 3.89456E-08    8.99065E-13    0.00000E+00    2.37800E-12
 4.01158E-08    8.85861E-13    0.00000E+00    2.34307E-12
 4.13211E-08    8.72833E-13    0.00000E+00    2.30862E-12
 4.25626E-08    8.59990E-13    0.00000E+00    2.27465E-12
 4.38415E-08    8.47352E-13    0.00000E+00    2.24122E-12
 4.51587E-08    8.34922E-13    0.00000E+00    2.20834E-12
 4.65156E-08    8.22677E-13    0.00000E+00    2.17595E-12
 4.79132E-08    8.10586E-13    0.00000E+00    2.14397E-12
 4.93527E-08    7.98648E-13    0.00000E+00    2.11240E-12
 5.08356E-08    7.86892E-13    0.00000E+00    2.08130E-12
 5.23630E-08    7.75345E-13    0.00000E+00    2.05076E-12
 5.39363E-08    7.63992E-13    0.00000E+00    2.02073E-12
 5.57923E-08    7.51194E-13    0.00000E+00    1.98688E-12
 5.74686E-08    7.40123E-13    0.00000E+00    1.95760E-12
 5.91953E-08    7.29205E-13    0.00000E+00    1.92872E-12
 6.09739E-08    7.18491E-13    0.00000E+00    1.90039E-12
 6.28059E-08    7.07985E-13    0.00000E+00    1.87260E-12
 6.49671E-08    6.96155E-13    0.00000E+00    1.84131E-12
 6.72027E-08    6.84442E-13    0.00000E+00    1.81033E-12
 6.92219E-08    6.74321E-13    0.00000E+00    1.78356E-12
 7.13017E-08    6.64397E-13    0.00000E+00    1.75731E-12
 7.34440E-08    6.54694E-13    0.00000E+00    1.73164E-12
 7.59713E-08    6.43785E-13    0.00000E+00    1.70279E-12
 7.85856E-08    6.32958E-13    0.00000E+00    1.67415E-12
 8.09468E-08    6.23572E-13    0.00000E+00    1.64933E-12
 8.30270E-08    6.15671E-13    0.00000E+00    1.62843E-12
 8.55216E-08    6.06673E-13    0.00000E+00    1.60463E-12
 8.80912E-08    5.97856E-13    0.00000E+00    1.58131E-12
 9.15087E-08    5.86604E-13    0.00000E+00    1.55155E-12
 9.46576E-08    5.76651E-13    0.00000E+00    1.52522E-12
 9.70902E-08    5.69316E-13    0.00000E+00    1.50582E-12
 9.95853E-08    5.62163E-13    0.00000E+00    1.48690E-12
 1.02577E-07    5.54017E-13    0.00000E+00    1.46536E-12
 1.06557E-07    5.43639E-13    0.00000E+00    1.43791E-12
 1.10691E-07    5.33227E-13    0.00000E+00    1.41037E-12
 1.13535E-07    5.26396E-13    0.00000E+00    1.39230E-12
 1.15472E-07    5.22040E-13    0.00000E+00    1.38078E-12
 1.16947E-07    5.19003E-13    0.00000E+00    1.37275E-12
 1.17940E-07    5.17165E-13    0.00000E+00    1.36788E-12
 1.18942E-07    5.15549E-13    0.00000E+00    1.36361E-12
 1.19952E-07    5.14240E-13    0.00000E+00    1.36015E-12
 1.20461E-07    5.13734E-13    0.00000E+00    1.35881E-12
 1.20971E-07    5.13346E-13    0.00000E+00    1.35778E-12
 1.21484E-07    5.13092E-13    0.00000E+00    1.35711E-12
 1.21999E-07    5.12991E-13    0.00000E+00    1.35684E-12
 1.22516E-07    5.13059E-13    0.00000E+00    1.35702E-12
 1.23035E-07    5.13315E-13    0.00000E+00    1.35770E-12
 1.23556E-07    5.13778E-13    0.00000E+00    1.35893E-12
 1.24080E-07    5.14465E-13    0.00000E+00    1.36074E-12
 1.24606E-07    5.15394E-13    0.00000E+00    1.36320E-12
 1.25134E-07    5.16580E-13    0.00000E+00    1.36634E-12
 1.25664E-07    5.18038E-13    0.00000E+00    1.37019E-12
 1.26197E-07    5.19781E-13    0.00000E+00    1.37480E-12
 1.26731E-07    5.21817E-13    0.00000E+00    1.38019E-12
 1.27269E-07    5.24155E-13    0.00000E+00    1.38637E-12
 1.27552E-07    5.25507E-13    0.00000E+00    1.38995E-12
 1.28093E-07    5.28313E-13    0.00000E+00    1.39737E-12
 1.28635E-07    5.31424E-13    0.00000E+00    1.40560E-12
 1.29181E-07    5.34839E-13    0.00000E+00    1.41463E-12
 1.29728E-07    5.38550E-13    0.00000E+00    1.42445E-12
 1.30278E-07    5.42549E-13    0.00000E+00    1.43502E-12
 1.30830E-07    5.46824E-13    0.00000E+00    1.44633E-12
 1.31384E-07    5.51361E-13    0.00000E+00    1.45833E-12
 1.31941E-07    5.56145E-13    0.00000E+00    1.47099E-12
 1.32500E-07    5.61159E-13    0.00000E+00    1.48425E-12
 1.33062E-07    5.66385E-13    0.00000E+00    1.49807E-12
 1.33626E-07    5.71807E-13    0.00000E+00    1.51241E-12
 1.34192E-07    5.77405E-13    0.00000E+00    1.52722E-12
 1.34761E-07    5.83163E-13    0.00000E+00    1.54245E-12
 1.35906E-07    5.95091E-13    0.00000E+00    1.57400E-12
 1.37060E-07    6.07470E-13    0.00000E+00    1.60674E-12
 1.38810E-07    6.26673E-13    0.00000E+00    1.65753E-12
 1.41776E-07    6.59828E-13    0.00000E+00    1.74522E-12
 1.46655E-07    7.14949E-13    0.00000E+00    1.89102E-12
 1.49789E-07    7.50789E-13    0.00000E+00    1.98581E-12
 1.51702E-07    7.73041E-13    0.00000E+00    2.04467E-12
 1.53638E-07    7.96066E-13    0.00000E+00    2.10557E-12
 1.54943E-07    8.11946E-13    0.00000E+00    2.14757E-12
 1.56260E-07    8.28317E-13    0.00000E+00    2.19087E-12
 1.57587E-07    8.45226E-13    0.00000E+00    2.23560E-12
 1.58925E-07    8.62702E-13    0.00000E+00    2.28182E-12
 1.60275E-07    8.80754E-13    0.00000E+00    2.32957E-12
 1.61637E-07    8.99369E-13    0.00000E+00    2.37880E-12
 1.63700E-07    9.28271E-13    0.00000E+00    2.45525E-12
 1.65790E-07    9.58199E-13    0.00000E+00    2.53441E-12
 1.68619E-07    9.99388E-13    0.00000E+00    2.64335E-12
 1.72952E-07    1.06332E-12    0.00000E+00    2.81245E-12
 1.76648E-07    1.11851E-12    0.00000E+00    2.95842E-12
 1.78904E-07    1.15272E-12    0.00000E+00    3.04891E-12
 1.81188E-07    1.18808E-12    0.00000E+00    3.14243E-12
 1.82727E-07    1.21245E-12    0.00000E+00    3.20689E-12
 1.84279E-07    1.23754E-12    0.00000E+00    3.27325E-12
 1.85844E-07    1.26342E-12    0.00000E+00    3.34171E-12
 1.87423E-07    1.29013E-12    0.00000E+00    3.41235E-12
 1.89015E-07    1.31766E-12    0.00000E+00    3.48517E-12
 1.91428E-07    1.36042E-12    0.00000E+00    3.59827E-12
 1.93872E-07    1.40470E-12    0.00000E+00    3.71539E-12
 1.97180E-07    1.46563E-12    0.00000E+00    3.87654E-12
 2.03104E-07    1.57610E-12    0.00000E+00    4.16873E-12
 2.07445E-07    1.65778E-12    0.00000E+00    4.38478E-12
 2.10093E-07    1.70831E-12    0.00000E+00    4.51843E-12
 2.12776E-07    1.76046E-12    0.00000E+00    4.65636E-12
 2.14583E-07    1.79641E-12    0.00000E+00    4.75145E-12
 2.16406E-07    1.83347E-12    0.00000E+00    4.84947E-12
 2.18244E-07    1.87176E-12    0.00000E+00    4.95075E-12
 2.20098E-07    1.91136E-12    0.00000E+00    5.05549E-12
 2.21967E-07    1.95225E-12    0.00000E+00    5.16364E-12
 2.23852E-07    1.99437E-12    0.00000E+00    5.27504E-12
 2.26711E-07    2.05958E-12    0.00000E+00    5.44752E-12
 2.30578E-07    2.14953E-12    0.00000E+00    5.68544E-12
 2.38513E-07    2.33649E-12    0.00000E+00    6.17994E-12
 2.44642E-07    2.48211E-12    0.00000E+00    6.56510E-12
 2.47766E-07    2.55742E-12    0.00000E+00    6.76429E-12
 2.50929E-07    2.63533E-12    0.00000E+00    6.97036E-12
 2.53061E-07    2.68917E-12    0.00000E+00    7.11277E-12
 2.55210E-07    2.74483E-12    0.00000E+00    7.25999E-12
 2.57378E-07    2.80248E-12    0.00000E+00    7.41247E-12
 2.59564E-07    2.86220E-12    0.00000E+00    7.57043E-12
 2.61769E-07    2.92391E-12    0.00000E+00    7.73365E-12
 2.65111E-07    3.01980E-12    0.00000E+00    7.98727E-12
 2.68496E-07    3.11892E-12    0.00000E+00    8.24944E-12
 2.75396E-07    3.32383E-12    0.00000E+00    8.79142E-12
 2.86080E-07    3.64328E-12    0.00000E+00    9.63636E-12
 2.90961E-07    3.79100E-12    0.00000E+00    1.00271E-11
 2.94676E-07    3.90591E-12    0.00000E+00    1.03310E-11
 2.97179E-07    3.98534E-12    0.00000E+00    1.05411E-11
 2.99703E-07    4.06755E-12    0.00000E+00    1.07585E-11
 3.02248E-07    4.15290E-12    0.00000E+00    1.09843E-11
 3.04816E-07    4.24149E-12    0.00000E+00    1.12186E-11
 3.07405E-07    4.33322E-12    0.00000E+00    1.14612E-11
 3.11330E-07    4.47594E-12    0.00000E+00    1.18387E-11
 3.16641E-07    4.67348E-12    0.00000E+00    1.23612E-11
 3.31719E-07    5.24168E-12    0.00000E+00    1.38641E-11
 3.40244E-07    5.56503E-12    0.00000E+00    1.47193E-11
 3.44588E-07    5.73259E-12    0.00000E+00    1.51625E-11
 3.47515E-07    5.84791E-12    0.00000E+00    1.54675E-11
 3.50467E-07    5.96708E-12    0.00000E+00    1.57827E-11
 3.53444E-07    6.09087E-12    0.00000E+00    1.61102E-11
 3.56446E-07    6.21972E-12    0.00000E+00    1.64510E-11
 3.59473E-07    6.35365E-12    0.00000E+00    1.68052E-11
 3.62527E-07    6.49227E-12    0.00000E+00    1.71718E-11
 3.67155E-07    6.70737E-12    0.00000E+00    1.77408E-11
 3.75002E-07    7.07887E-12    0.00000E+00    1.87234E-11
 3.97875E-07    8.17045E-12    0.00000E+00    2.16106E-11
 4.02955E-07    8.41560E-12    0.00000E+00    2.22590E-11
 4.08100E-07    8.66900E-12    0.00000E+00    2.29292E-11
 4.11566E-07    8.84479E-12    0.00000E+00    2.33942E-11
 4.15062E-07    9.02767E-12    0.00000E+00    2.38779E-11
 4.18587E-07    9.21852E-12    0.00000E+00    2.43827E-11
 4.22143E-07    9.41741E-12    0.00000E+00    2.49087E-11
 4.25729E-07    9.62361E-12    0.00000E+00    2.54541E-11
 4.31164E-07    9.94378E-12    0.00000E+00    2.63010E-11
 4.42245E-07    1.06085E-11    0.00000E+00    2.80591E-11
 4.69219E-07    1.22357E-11    0.00000E+00    3.23630E-11
 4.75210E-07    1.26014E-11    0.00000E+00    3.33303E-11
 4.79247E-07    1.28523E-11    0.00000E+00    3.39939E-11
 4.83317E-07    1.31115E-11    0.00000E+00    3.46795E-11
 4.87423E-07    1.33816E-11    0.00000E+00    3.53939E-11
 4.91563E-07    1.36642E-11    0.00000E+00    3.61414E-11
 4.95738E-07    1.39595E-11    0.00000E+00    3.69224E-11
 4.99949E-07    1.42662E-11    0.00000E+00    3.77336E-11
 5.06332E-07    1.47428E-11    0.00000E+00    3.89942E-11
 5.21545E-07    1.58983E-11    0.00000E+00    4.20505E-11
 5.55702E-07    1.85033E-11    0.00000E+00    4.89406E-11
 5.62797E-07    1.90528E-11    0.00000E+00    5.03940E-11
 5.67577E-07    1.94312E-11    0.00000E+00    5.13949E-11
 5.72398E-07    1.98232E-11    0.00000E+00    5.24317E-11
 5.77260E-07    2.02313E-11    0.00000E+00    5.35111E-11
 5.82163E-07    2.06559E-11    0.00000E+00    5.46342E-11
 5.87108E-07    2.10952E-11    0.00000E+00    5.57961E-11
 5.94605E-07    2.17749E-11    0.00000E+00    5.75939E-11
 6.09885E-07    2.31742E-11    0.00000E+00    6.12950E-11
 6.15066E-07    2.36414E-11    0.00000E+00    6.25307E-11
 6.17672E-07    2.38711E-11    0.00000E+00    6.31383E-11
 6.20290E-07    2.40957E-11    0.00000E+00    6.37324E-11
 6.22919E-07    2.43124E-11    0.00000E+00    6.43055E-11
 6.25559E-07    2.45179E-11    0.00000E+00    6.48491E-11
 6.28210E-07    2.47087E-11    0.00000E+00    6.53537E-11
 6.30872E-07    2.48809E-11    0.00000E+00    6.58092E-11
 6.33546E-07    2.50311E-11    0.00000E+00    6.62065E-11
 6.36231E-07    2.51568E-11    0.00000E+00    6.65389E-11
 6.37758E-07    2.52164E-11    0.00000E+00    6.72584E-11
 6.40461E-07    2.53009E-11    0.00000E+00    6.74838E-11
 6.43175E-07    2.53595E-11    0.00000E+00    6.76401E-11
 6.45901E-07    2.53942E-11    0.00000E+00    6.77327E-11
 6.48638E-07    2.54077E-11    0.00000E+00    6.77687E-11
 6.51387E-07    2.54037E-11    0.00000E+00    6.77580E-11
 6.54148E-07    2.53858E-11    0.00000E+00    6.77103E-11
 6.56920E-07    2.53574E-11    0.00000E+00    6.76345E-11
 6.62500E-07    2.52807E-11    0.00000E+00    6.74299E-11
 6.73802E-07    2.50947E-11    0.00000E+00    6.69338E-11
 7.74715E-07    2.33679E-11    0.00000E+00    6.23280E-11
 7.87932E-07    2.31529E-11    0.00000E+00    6.17546E-11
 7.97992E-07    2.30037E-11    0.00000E+00    6.13566E-11
 8.08181E-07    2.28666E-11    0.00000E+00    6.09909E-11
 8.35991E-07    2.25221E-11    0.00000E+00    6.00721E-11
 9.81735E-07    2.07429E-11    0.00000E+00    5.53265E-11
 9.98484E-07    2.05498E-11    0.00000E+00    5.48114E-11
 1.00696E-06    2.04588E-11    0.00000E+00    5.45687E-11
 1.02117E-06    2.03155E-11    0.00000E+00    5.41865E-11
 1.08003E-06    1.97485E-11    0.00000E+00    5.26742E-11
 1.09527E-06    1.96092E-11    0.00000E+00    5.23026E-11
 1.12639E-06    1.93504E-11    0.00000E+00    5.16123E-11
 1.27775E-06    1.81488E-11    0.00000E+00    4.84074E-11
 1.31406E-06    1.79003E-11    0.00000E+00    4.77446E-11
 1.51168E-06    1.66727E-11    0.00000E+00    4.44702E-11
 1.76354E-06    1.54288E-11    0.00000E+00    4.11525E-11
 1.91819E-06    1.48153E-11    0.00000E+00    3.95161E-11
 2.08640E-06    1.41737E-11    0.00000E+00    3.78048E-11
 2.46836E-06    1.30229E-11    0.00000E+00    3.47353E-11
 2.87963E-06    1.20493E-11    0.00000E+00    3.21385E-11
 3.40681E-06    1.10711E-11    0.00000E+00    2.95294E-11
 3.97443E-06    1.02434E-11    0.00000E+00    2.73217E-11
 4.70204E-06    9.41203E-12    0.00000E+00    2.51042E-11
 5.48547E-06    8.70834E-12    0.00000E+00    2.32273E-11
 6.48971E-06    8.00156E-12    0.00000E+00    2.13422E-11
 7.57099E-06    7.40331E-12    0.00000E+00    1.97465E-11
 8.95703E-06    6.80192E-12    0.00000E+00    1.81424E-11
 1.00193E-05    6.42858E-12    0.00000E+00    1.71466E-11
 1.23624E-05    5.77485E-12    0.00000E+00    1.54030E-11
 1.44222E-05    5.33742E-12    0.00000E+00    1.42362E-11
 1.70625E-05    4.89869E-12    0.00000E+00    1.30660E-11
 1.99053E-05    4.52766E-12    0.00000E+00    1.20764E-11
 2.35494E-05    4.15551E-12    0.00000E+00    1.10838E-11
 2.74731E-05    3.84077E-12    0.00000E+00    1.02443E-11
 3.25027E-05    3.52508E-12    0.00000E+00    9.40227E-12
 3.79181E-05    3.25812E-12    0.00000E+00    8.69022E-12
 4.48599E-05    2.99029E-12    0.00000E+00    7.97585E-12
 5.23342E-05    2.76386E-12    0.00000E+00    7.37190E-12
 6.19151E-05    2.53664E-12    0.00000E+00    6.76585E-12
 7.82919E-05    2.23175E-12    0.00000E+00    5.95263E-12
 7.84285E-05    7.42839E-08    0.00000E+00    1.98134E-07
 7.84328E-05    9.71063E-08    0.00000E+00    2.59007E-07
 7.84344E-05    1.07064E-07    0.00000E+00    2.85566E-07
 7.84360E-05    1.17886E-07    0.00000E+00    3.14431E-07
 7.84376E-05    1.29646E-07    0.00000E+00    3.45798E-07
 7.84392E-05    1.42424E-07    0.00000E+00    3.79880E-07
 7.84408E-05    1.56306E-07    0.00000E+00    4.16907E-07
 7.84424E-05    1.71385E-07    0.00000E+00    4.57127E-07
 7.84440E-05    1.87761E-07    0.00000E+00    5.00805E-07
 7.84456E-05    2.05542E-07    0.00000E+00    5.48232E-07
 7.84472E-05    2.24851E-07    0.00000E+00    5.99734E-07
 7.84488E-05    2.45809E-07    0.00000E+00    6.55634E-07
 7.84504E-05    2.68558E-07    0.00000E+00    7.16311E-07
 7.84520E-05    2.93244E-07    0.00000E+00    7.82155E-07
 7.84536E-05    3.20031E-07    0.00000E+00    8.53602E-07
 7.84552E-05    3.49091E-07    0.00000E+00    9.31113E-07
 7.84568E-05    3.80615E-07    0.00000E+00    1.01520E-06
 7.84584E-05    4.14801E-07    0.00000E+00    1.10638E-06
 7.84600E-05    4.51877E-07    0.00000E+00    1.20527E-06
 7.84616E-05    4.92071E-07    0.00000E+00    1.31248E-06
 7.84632E-05    5.35647E-07    0.00000E+00    1.42870E-06
 7.84648E-05    5.82879E-07    0.00000E+00    1.55468E-06
 7.84664E-05    6.34068E-07    0.00000E+00    1.69122E-06
 7.84680E-05    6.89533E-07    0.00000E+00    1.83916E-06
 7.84696E-05    7.49625E-07    0.00000E+00    1.99944E-06
 7.84712E-05    8.14714E-07    0.00000E+00    2.17305E-06
 7.84728E-05    8.85220E-07    0.00000E+00    2.36110E-06
 7.84744E-05    9.61566E-07    0.00000E+00    2.56474E-06
 7.84760E-05    1.04423E-06    0.00000E+00    2.78522E-06
 7.84776E-05    1.13372E-06    0.00000E+00    3.02391E-06
 7.84792E-05    1.23059E-06    0.00000E+00    3.28228E-06
 7.84808E-05    1.33542E-06    0.00000E+00    3.56190E-06
 7.84824E-05    1.44887E-06    0.00000E+00    3.86448E-06
 7.84840E-05    1.57159E-06    0.00000E+00    4.19183E-06
 7.84856E-05    1.70437E-06    0.00000E+00    4.54598E-06
 7.84872E-05    1.84797E-06    0.00000E+00    4.92899E-06
 7.84888E-05    2.00327E-06    0.00000E+00    5.34321E-06
 7.84904E-05    2.17118E-06    0.00000E+00    5.79108E-06
 7.84920E-05    2.35272E-06    0.00000E+00    6.27529E-06
 7.84936E-05    2.54895E-06    0.00000E+00    6.79868E-06
 7.84952E-05    2.76103E-06    0.00000E+00    7.36435E-06
 7.84968E-05    2.99018E-06    0.00000E+00    7.97556E-06
 7.84984E-05    3.23782E-06    0.00000E+00    8.63606E-06
 7.85000E-05    3.50531E-06    0.00000E+00    9.34953E-06
 7.85016E-05    3.79424E-06    0.00000E+00    1.01202E-05
 7.85032E-05    4.10625E-06    0.00000E+00    1.09524E-05
 7.85048E-05    4.44318E-06    0.00000E+00    1.18511E-05
 7.85064E-05    4.80692E-06    0.00000E+00    1.28213E-05
 7.85080E-05    5.19959E-06    0.00000E+00    1.38686E-05
 7.85096E-05    5.62335E-06    0.00000E+00    1.49989E-05
 7.85112E-05    6.08070E-06    0.00000E+00    1.62187E-05
 7.85128E-05    6.57412E-06    0.00000E+00    1.75348E-05
 7.85144E-05    7.10644E-06    0.00000E+00    1.89547E-05
 7.85160E-05    7.68062E-06    0.00000E+00    2.04861E-05
 7.85176E-05    8.29989E-06    0.00000E+00    2.21379E-05
 7.85192E-05    8.96763E-06    0.00000E+00    2.39189E-05
 7.85208E-05    9.68757E-06    0.00000E+00    2.58392E-05
 7.85224E-05    1.04636E-05    0.00000E+00    2.79090E-05
 7.85240E-05    1.13001E-05    0.00000E+00    3.01402E-05
 7.85256E-05    1.22015E-05    0.00000E+00    3.25445E-05
 7.85272E-05    1.31728E-05    0.00000E+00    3.51351E-05
 7.85288E-05    1.42191E-05    0.00000E+00    3.79260E-05
 7.85304E-05    1.53463E-05    0.00000E+00    4.09323E-05
 7.85320E-05    1.65602E-05    0.00000E+00    4.41702E-05
 7.85336E-05    1.78674E-05    0.00000E+00    4.76569E-05
 7.85352E-05    1.92748E-05    0.00000E+00    5.14107E-05
 7.85368E-05    2.07900E-05    0.00000E+00    5.54522E-05
 7.85384E-05    2.24208E-05    0.00000E+00    5.98018E-05
 7.85400E-05    2.41758E-05    0.00000E+00    6.44830E-05
 7.85416E-05    2.60643E-05    0.00000E+00    6.95200E-05
 7.85432E-05    2.80961E-05    0.00000E+00    7.49392E-05
 7.85448E-05    3.02816E-05    0.00000E+00    8.07685E-05
 7.85464E-05    3.26322E-05    0.00000E+00    8.70381E-05
 7.85480E-05    3.51597E-05    0.00000E+00    9.37797E-05
 7.85496E-05    3.78778E-05    0.00000E+00    1.01029E-04
 7.85512E-05    4.07995E-05    0.00000E+00    1.08823E-04
 7.85528E-05    4.39402E-05    0.00000E+00    1.17199E-04
 7.85544E-05    4.73153E-05    0.00000E+00    1.26202E-04
 7.85560E-05    5.09422E-05    0.00000E+00    1.35875E-04
 7.85576E-05    5.48388E-05    0.00000E+00    1.46269E-04
 7.85592E-05    5.90248E-05    0.00000E+00    1.57434E-04
 7.85608E-05    6.35204E-05    0.00000E+00    1.69425E-04
 7.85624E-05    6.83488E-05    0.00000E+00    1.82303E-04
 7.85641E-05    7.35327E-05    0.00000E+00    1.96130E-04
 7.85659E-05    7.98283E-05    0.00000E+00    2.12922E-04
 7.85673E-05    8.53505E-05    0.00000E+00    2.27651E-04
 7.85688E-05    9.12433E-05    0.00000E+00    2.43368E-04
 7.85703E-05    9.75304E-05    0.00000E+00    2.60138E-04
 7.85717E-05    1.04238E-04    0.00000E+00    2.78028E-04
 7.85732E-05    1.11393E-04    0.00000E+00    2.97112E-04
 7.85747E-05    1.19023E-04    0.00000E+00    3.17465E-04
 7.85762E-05    1.27161E-04    0.00000E+00    3.39170E-04
 7.85776E-05    1.35838E-04    0.00000E+00    3.62313E-04
 7.85791E-05    1.45089E-04    0.00000E+00    3.86988E-04
 7.85806E-05    1.54950E-04    0.00000E+00    4.13291E-04
 7.85820E-05    1.65461E-04    0.00000E+00    4.41326E-04
 7.85835E-05    1.76663E-04    0.00000E+00    4.71204E-04
 7.85850E-05    1.88600E-04    0.00000E+00    5.03042E-04
 7.85864E-05    2.01317E-04    0.00000E+00    5.36963E-04
 7.85879E-05    2.14866E-04    0.00000E+00    5.73100E-04
 7.85894E-05    2.29297E-04    0.00000E+00    6.11593E-04
 7.85909E-05    2.44668E-04    0.00000E+00    6.52592E-04
 7.85923E-05    2.61037E-04    0.00000E+00    6.96250E-04
 7.85938E-05    2.78465E-04    0.00000E+00    7.42737E-04
 7.85953E-05    2.97021E-04    0.00000E+00    7.92228E-04
 7.85967E-05    3.16773E-04    0.00000E+00    8.44912E-04
 7.85982E-05    3.37796E-04    0.00000E+00    9.00986E-04
 7.85997E-05    3.60169E-04    0.00000E+00    9.60661E-04
 7.86012E-05    3.83977E-04    0.00000E+00    1.02416E-03
 7.86034E-05    4.22572E-04    0.00000E+00    1.12710E-03
 7.86056E-05    4.64917E-04    0.00000E+00    1.24005E-03
 7.86078E-05    5.11361E-04    0.00000E+00    1.36393E-03
 7.86100E-05    5.62288E-04    0.00000E+00    1.49976E-03
 7.86122E-05    6.18109E-04    0.00000E+00    1.64865E-03
 7.86144E-05    6.79290E-04    0.00000E+00    1.81184E-03
 7.86166E-05    7.46312E-04    0.00000E+00    1.99060E-03
 7.86188E-05    8.19720E-04    0.00000E+00    2.18640E-03
 7.86210E-05    9.00092E-04    0.00000E+00    2.40077E-03
 7.86232E-05    9.88072E-04    0.00000E+00    2.63543E-03
 7.86254E-05    1.08435E-03    0.00000E+00    2.89222E-03
 7.86276E-05    1.18967E-03    0.00000E+00    3.17315E-03
 7.86298E-05    1.30485E-03    0.00000E+00    3.48037E-03
 7.86321E-05    1.43080E-03    0.00000E+00    3.81629E-03
 7.86343E-05    1.56845E-03    0.00000E+00    4.18344E-03
 7.86365E-05    1.71887E-03    0.00000E+00    4.58465E-03
 7.86387E-05    1.88318E-03    0.00000E+00    5.02292E-03
 7.86409E-05    2.06264E-03    0.00000E+00    5.50158E-03
 7.86431E-05    2.25856E-03    0.00000E+00    6.02414E-03
 7.86453E-05    2.47240E-03    0.00000E+00    6.59450E-03
 7.86475E-05    2.70571E-03    0.00000E+00    7.21682E-03
 7.86497E-05    2.96025E-03    0.00000E+00    7.89573E-03
 7.86519E-05    3.23781E-03    0.00000E+00    8.63604E-03
 7.86541E-05    3.54041E-03    0.00000E+00    9.44315E-03
 7.86563E-05    3.87020E-03    0.00000E+00    1.03228E-02
 7.86585E-05    4.22954E-03    0.00000E+00    1.12812E-02
 7.86607E-05    4.62096E-03    0.00000E+00    1.23252E-02
 7.86629E-05    5.04721E-03    0.00000E+00    1.34622E-02
 7.86651E-05    5.51121E-03    0.00000E+00    1.46998E-02
 7.86674E-05    6.01623E-03    0.00000E+00    1.60468E-02
 7.86696E-05    6.56566E-03    0.00000E+00    1.75123E-02
 7.86718E-05    7.16329E-03    0.00000E+00    1.91063E-02
 7.86740E-05    7.81314E-03    0.00000E+00    2.08396E-02
 7.86762E-05    8.51959E-03    0.00000E+00    2.27239E-02
 7.86784E-05    9.28730E-03    0.00000E+00    2.47715E-02
 7.86806E-05    1.01214E-02    0.00000E+00    2.69963E-02
 7.86828E-05    1.10273E-02    0.00000E+00    2.94125E-02
 7.86850E-05    1.20110E-02    0.00000E+00    3.20363E-02
 7.86872E-05    1.30788E-02    0.00000E+00    3.48844E-02
 7.86894E-05    1.42376E-02    0.00000E+00    3.79751E-02
 7.86916E-05    1.54946E-02    0.00000E+00    4.13280E-02
 7.86938E-05    1.68581E-02    0.00000E+00    4.49647E-02
 7.86960E-05    1.83364E-02    0.00000E+00    4.89077E-02
 7.86982E-05    1.99388E-02    0.00000E+00    5.31818E-02
 7.87005E-05    2.16752E-02    0.00000E+00    5.78131E-02
 7.87027E-05    2.35563E-02    0.00000E+00    6.28306E-02
 7.87049E-05    2.55935E-02    0.00000E+00    6.82644E-02
 7.87071E-05    2.77993E-02    0.00000E+00    7.41476E-02
 7.87093E-05    3.01867E-02    0.00000E+00    8.05156E-02
 7.87115E-05    3.27702E-02    0.00000E+00    8.74064E-02
 7.87137E-05    3.55649E-02    0.00000E+00    9.48605E-02
 7.87159E-05    3.85873E-02    0.00000E+00    1.02922E-01
 7.87181E-05    4.18546E-02    0.00000E+00    1.11637E-01
 7.87203E-05    4.53865E-02    0.00000E+00    1.21057E-01
 7.87225E-05    4.92025E-02    0.00000E+00    1.31235E-01
 7.87247E-05    5.33247E-02    0.00000E+00    1.42230E-01
 7.87269E-05    5.77761E-02    0.00000E+00    1.54103E-01
 7.87291E-05    6.25819E-02    0.00000E+00    1.66922E-01
 7.87313E-05    6.77687E-02    0.00000E+00    1.80756E-01
 7.87336E-05    7.33653E-02    0.00000E+00    1.95683E-01
 7.87358E-05    7.94017E-02    0.00000E+00    2.11784E-01
 7.87380E-05    8.59116E-02    0.00000E+00    2.29148E-01
 7.87402E-05    9.29290E-02    0.00000E+00    2.47865E-01
 7.87424E-05    1.00492E-01    0.00000E+00    2.68037E-01
 7.87446E-05    1.08641E-01    0.00000E+00    2.89772E-01
 7.87468E-05    1.17418E-01    0.00000E+00    3.13182E-01
 7.87490E-05    1.26869E-01    0.00000E+00    3.38390E-01
 7.87512E-05    1.37043E-01    0.00000E+00    3.65527E-01
 7.87534E-05    1.47991E-01    0.00000E+00    3.94729E-01
 7.87556E-05    1.59771E-01    0.00000E+00    4.26150E-01
 7.87578E-05    1.72441E-01    0.00000E+00    4.59944E-01
 7.87600E-05    1.86065E-01    0.00000E+00    4.96281E-01
 7.87622E-05    2.00709E-01    0.00000E+00    5.35341E-01
 7.87644E-05    2.16447E-01    0.00000E+00    5.77317E-01
 7.87667E-05    2.33354E-01    0.00000E+00    6.22413E-01
 7.87689E-05    2.51513E-01    0.00000E+00    6.70848E-01
 7.87711E-05    2.71009E-01    0.00000E+00    7.22849E-01
 7.87733E-05    2.91938E-01    0.00000E+00    7.78672E-01
 7.87755E-05    3.14396E-01    0.00000E+00    8.38572E-01
 7.87777E-05    3.38488E-01    0.00000E+00    9.02833E-01
 7.87799E-05    3.64327E-01    0.00000E+00    9.71751E-01
 7.87821E-05    3.92032E-01    0.00000E+00    1.04565E+00
 7.87843E-05    4.21726E-01    0.00000E+00    1.12485E+00
 7.87865E-05    4.53546E-01    0.00000E+00    1.20972E+00
 7.87887E-05    4.87630E-01    0.00000E+00    1.30063E+00
 7.87909E-05    5.24136E-01    0.00000E+00    1.39800E+00
 7.87931E-05    5.63218E-01    0.00000E+00    1.50224E+00
 7.87953E-05    6.05049E-01    0.00000E+00    1.61382E+00
 7.87975E-05    6.49808E-01    0.00000E+00    1.73320E+00
 7.87997E-05    6.97688E-01    0.00000E+00    1.86091E+00
 7.88020E-05    7.48891E-01    0.00000E+00    1.99748E+00
 7.88042E-05    8.03634E-01    0.00000E+00    2.14349E+00
 7.88064E-05    8.62138E-01    0.00000E+00    2.29954E+00
 7.88086E-05    9.24654E-01    0.00000E+00    2.46628E+00
 7.88108E-05    9.91428E-01    0.00000E+00    2.64439E+00
 7.88130E-05    1.06274E+00    0.00000E+00    2.83458E+00
 7.88152E-05    1.13886E+00    0.00000E+00    3.03762E+00
 7.88181E-05    1.24838E+00    0.00000E+00    3.32973E+00
 7.88211E-05    1.36776E+00    0.00000E+00    3.64816E+00
 7.88240E-05    1.49784E+00    0.00000E+00    3.99510E+00
 7.88270E-05    1.63949E+00    0.00000E+00    4.37294E+00
 7.88299E-05    1.79367E+00    0.00000E+00    4.78417E+00
 7.88328E-05    1.96141E+00    0.00000E+00    5.23156E+00
 7.88358E-05    2.14378E+00    0.00000E+00    5.71800E+00
 7.88387E-05    2.34199E+00    0.00000E+00    6.24667E+00
 7.88417E-05    2.55728E+00    0.00000E+00    6.82090E+00
 7.88446E-05    2.79101E+00    0.00000E+00    7.44433E+00
 7.88476E-05    3.04464E+00    0.00000E+00    8.12081E+00
 7.88505E-05    3.31972E+00    0.00000E+00    8.85453E+00
 7.88534E-05    3.61791E+00    0.00000E+00    9.64986E+00
 7.88564E-05    3.94098E+00    0.00000E+00    1.05116E+01
 7.88593E-05    4.29083E+00    0.00000E+00    1.14447E+01
 7.88623E-05    4.66950E+00    0.00000E+00    1.24547E+01
 7.88652E-05    5.07913E+00    0.00000E+00    1.35473E+01
 7.88682E-05    5.52205E+00    0.00000E+00    1.47287E+01
 7.88711E-05    6.00070E+00    0.00000E+00    1.60054E+01
 7.88740E-05    6.51774E+00    0.00000E+00    1.73844E+01
 7.88770E-05    7.07590E+00    0.00000E+00    1.88732E+01
 7.88799E-05    7.67820E+00    0.00000E+00    2.04797E+01
 7.88829E-05    8.32776E+00    0.00000E+00    2.22122E+01
 7.88858E-05    9.02797E+00    0.00000E+00    2.40798E+01
 7.88887E-05    9.78235E+00    0.00000E+00    2.60920E+01
 7.88917E-05    1.05947E+01    0.00000E+00    2.82587E+01
 7.88946E-05    1.14690E+01    0.00000E+00    3.05907E+01
 7.88976E-05    1.24096E+01    0.00000E+00    3.30996E+01
 7.89005E-05    1.34209E+01    0.00000E+00    3.57969E+01
 7.89035E-05    1.45077E+01    0.00000E+00    3.86957E+01
 7.89064E-05    1.56751E+01    0.00000E+00    4.18093E+01
 7.89093E-05    1.69283E+01    0.00000E+00    4.51520E+01
 7.89123E-05    1.82730E+01    0.00000E+00    4.87386E+01
 7.89152E-05    1.97151E+01    0.00000E+00    5.25852E+01
 7.89182E-05    2.12610E+01    0.00000E+00    5.67083E+01
 7.89211E-05    2.29172E+01    0.00000E+00    6.11259E+01
 7.89241E-05    2.46907E+01    0.00000E+00    6.58562E+01
 7.89270E-05    2.65889E+01    0.00000E+00    7.09191E+01
 7.89299E-05    2.86193E+01    0.00000E+00    7.63349E+01
 7.89329E-05    3.07904E+01    0.00000E+00    8.21257E+01
 7.89358E-05    3.31104E+01    0.00000E+00    8.83137E+01
 7.89388E-05    3.55885E+01    0.00000E+00    9.49234E+01
 7.89417E-05    3.82339E+01    0.00000E+00    1.01979E+02
 7.89446E-05    4.10568E+01    0.00000E+00    1.09509E+02
 7.89476E-05    4.40672E+01    0.00000E+00    1.17538E+02
 7.89505E-05    4.72762E+01    0.00000E+00    1.26097E+02
 7.89535E-05    5.06948E+01    0.00000E+00    1.35216E+02
 7.89564E-05    5.43354E+01    0.00000E+00    1.44926E+02
 7.89594E-05    5.82099E+01    0.00000E+00    1.55260E+02
 7.89623E-05    6.23315E+01    0.00000E+00    1.66254E+02
 7.89652E-05    6.67136E+01    0.00000E+00    1.77942E+02
 7.89682E-05    7.13705E+01    0.00000E+00    1.90363E+02
 7.89711E-05    7.63168E+01    0.00000E+00    2.03556E+02
 7.89755E-05    8.43125E+01    0.00000E+00    2.24882E+02
 7.89800E-05    9.30480E+01    0.00000E+00    2.48182E+02
 7.89844E-05    1.02581E+02    0.00000E+00    2.73610E+02
 7.89888E-05    1.12973E+02    0.00000E+00    3.01326E+02
 7.89932E-05    1.24288E+02    0.00000E+00    3.31506E+02
 7.89976E-05    1.36593E+02    0.00000E+00    3.64327E+02
 7.90020E-05    1.49961E+02    0.00000E+00    3.99982E+02
 7.90064E-05    1.64465E+02    0.00000E+00    4.38670E+02
 7.90108E-05    1.80186E+02    0.00000E+00    4.80601E+02
 7.90153E-05    1.97205E+02    0.00000E+00    5.25995E+02
 7.90197E-05    2.15609E+02    0.00000E+00    5.75084E+02
 7.90241E-05    2.35487E+02    0.00000E+00    6.28103E+02
 7.90285E-05    2.56934E+02    0.00000E+00    6.85308E+02
 7.90329E-05    2.80046E+02    0.00000E+00    7.46953E+02
 7.90373E-05    3.04924E+02    0.00000E+00    8.13310E+02
 7.90417E-05    3.31673E+02    0.00000E+00    8.84656E+02
 7.90461E-05    3.60401E+02    0.00000E+00    9.61280E+02
 7.90506E-05    3.91218E+02    0.00000E+00    1.04348E+03
 7.90550E-05    4.24239E+02    0.00000E+00    1.13155E+03
 7.90594E-05    4.59580E+02    0.00000E+00    1.22581E+03
 7.90638E-05    4.97364E+02    0.00000E+00    1.32659E+03
 7.90682E-05    5.37709E+02    0.00000E+00    1.43420E+03
 7.90726E-05    5.80743E+02    0.00000E+00    1.54899E+03
 7.90770E-05    6.26591E+02    0.00000E+00    1.67127E+03
 7.90815E-05    6.75382E+02    0.00000E+00    1.80141E+03
 7.90873E-05    7.45239E+02    0.00000E+00    1.98774E+03
 7.90932E-05    8.20868E+02    0.00000E+00    2.18946E+03
 7.90976E-05    8.81565E+02    0.00000E+00    2.35135E+03
 7.91035E-05    9.68042E+02    0.00000E+00    2.58201E+03
 7.91094E-05    1.06114E+03    0.00000E+00    2.83033E+03
 7.91153E-05    1.16117E+03    0.00000E+00    3.09713E+03
 7.91212E-05    1.26843E+03    0.00000E+00    3.38321E+03
 7.91271E-05    1.38319E+03    0.00000E+00    3.68932E+03
 7.91329E-05    1.50575E+03    0.00000E+00    4.01622E+03
 7.91388E-05    1.63637E+03    0.00000E+00    4.36460E+03
 7.91447E-05    1.77529E+03    0.00000E+00    4.73513E+03
 7.91506E-05    1.92273E+03    0.00000E+00    5.12841E+03
 7.91565E-05    2.07892E+03    0.00000E+00    5.54500E+03
 7.91624E-05    2.24403E+03    0.00000E+00    5.98538E+03
 7.91712E-05    2.50874E+03    0.00000E+00    6.69143E+03
 7.91800E-05    2.79427E+03    0.00000E+00    7.45300E+03
 7.91888E-05    3.10084E+03    0.00000E+00    8.27071E+03
 7.91977E-05    3.42851E+03    0.00000E+00    9.14470E+03
 7.92065E-05    3.77715E+03    0.00000E+00    1.00746E+04
 7.92153E-05    4.14639E+03    0.00000E+00    1.10595E+04
 7.92271E-05    4.66977E+03    0.00000E+00    1.24554E+04
 7.92389E-05    5.22684E+03    0.00000E+00    1.39413E+04
 7.92536E-05    5.96650E+03    0.00000E+00    1.59142E+04
 7.92683E-05    6.74811E+03    0.00000E+00    1.79989E+04
 7.92889E-05    7.89735E+03    0.00000E+00    2.10642E+04
 7.93445E-05    1.11235E+04    0.00000E+00    2.71420E+04
 7.93707E-05    1.25834E+04    0.00000E+00    3.07042E+04
 7.93882E-05    1.34961E+04    0.00000E+00    3.29313E+04
 7.94057E-05    1.43452E+04    0.00000E+00    3.50034E+04
 7.94232E-05    1.51212E+04    0.00000E+00    3.68968E+04
 7.94407E-05    1.58177E+04    0.00000E+00    3.85962E+04
 7.94582E-05    1.64316E+04    0.00000E+00    4.00942E+04
 7.94757E-05    1.69631E+04    0.00000E+00    4.13910E+04
 7.94931E-05    1.74149E+04    0.00000E+00    4.24934E+04
 7.95106E-05    1.77920E+04    0.00000E+00    4.34135E+04
 7.95368E-05    1.82322E+04    0.00000E+00    4.44877E+04
 7.95631E-05    1.85452E+04    0.00000E+00    4.52515E+04
 7.95981E-05    1.88113E+04    0.00000E+00    4.59007E+04
 7.96330E-05    1.89574E+04    0.00000E+00    4.62573E+04
 7.96680E-05    1.90294E+04    0.00000E+00    4.64331E+04
 7.97379E-05    1.90671E+04    0.00000E+00    4.65249E+04
 9.99482E-05    1.27184E+04    0.00000E+00    3.10338E+04
 1.00648E-04    1.26673E+04    0.00000E+00    3.09091E+04
 2.00071E-04    8.87123E+03    0.00000E+00    2.16464E+04
 3.00000E-04    7.18886E+03    0.00000E+00    1.75413E+04
 6.00000E-04    5.01442E+03    0.00000E+00    1.22355E+04
 1.00000E-03    3.85124E+03    0.00000E+00    9.39727E+03
 2.00000E-03    2.71570E+03    0.00000E+00    5.89498E+03
 3.00000E-03    2.23625E+03    0.00000E+00    4.85423E+03
 5.99882E-03    1.65994E+03    0.00000E+00    3.60323E+03
 1.00000E-02    1.39015E+03    5.51941E+02    2.22835E+03
 2.00000E-02    1.17673E+03    4.67207E+02    1.88626E+03
 3.02116E-02    1.10471E+03    3.71120E+02    1.83830E+03
 6.04114E-02    1.01948E+03    3.42488E+02    1.69647E+03
 1.00000E-01    9.62700E+02    3.23413E+02    1.60199E+03
 1.10640E-01    9.32435E+02    3.13246E+02    1.55162E+03
 2.00000E-01    1.11764E+03    1.05049E+03    1.18479E+03
 3.00000E-01    1.45023E+03    1.36310E+03    1.53736E+03
 4.00000E-01    1.68960E+03    1.58808E+03    1.79111E+03
 5.03527E-01    1.83284E+03    1.72272E+03    1.94296E+03
 6.17049E-01    1.93076E+03    1.57141E+03    2.29011E+03
 7.14883E-01    2.00752E+03    1.63388E+03    2.38116E+03
 8.05643E-01    2.09218E+03    1.70278E+03    2.48157E+03
 9.06349E-01    2.21738E+03    1.80469E+03    2.63008E+03
 1.00000E+00    2.36551E+03    1.45387E+03    3.27714E+03
 1.20846E+00    2.77025E+03    1.70263E+03    3.83787E+03
 1.40000E+00    3.10675E+03    1.90945E+03    4.30404E+03
 1.60000E+00    3.28576E+03    2.01947E+03    4.55204E+03
 1.80000E+00    3.29987E+03    2.63799E+03    3.96176E+03
 2.01411E+00    3.21251E+03    2.56815E+03    3.85688E+03
 2.45103E+00    2.95796E+03    2.36465E+03    3.55126E+03
 2.61834E+00    2.87212E+03    2.54407E+03    3.20017E+03
 2.81975E+00    2.79065E+03    2.47190E+03    3.10939E+03
 3.04232E+00    2.72428E+03    2.41311E+03    3.03544E+03
 3.34656E+00    2.65597E+03    2.35261E+03    2.95933E+03
 4.21273E+00    2.48288E+03    2.19929E+03    2.76648E+03
 4.63245E+00    2.42311E+03    2.36694E+03    2.47929E+03
 4.90206E+00    2.39855E+03    2.34294E+03    2.45416E+03
 5.17780E+00    2.38617E+03    2.33085E+03    2.44149E+03
 5.20000E+00    2.38547E+03    2.33016E+03    2.44077E+03
 5.47618E+00    2.39014E+03    2.33473E+03    2.44555E+03
 5.71907E+00    2.40502E+03    2.34927E+03    2.46078E+03
 6.08465E+00    2.44482E+03    2.38814E+03    2.50150E+03
 7.04938E+00    2.58669E+03    2.41015E+03    2.76324E+03
 7.45220E+00    2.62973E+03    2.45025E+03    2.80921E+03
 7.85502E+00    2.65482E+03    2.47363E+03    2.83602E+03
 8.27300E+00    2.66312E+03    2.48136E+03    2.84488E+03
 8.50000E+00    2.66553E+03    2.48360E+03    2.84745E+03
 1.00963E+01    2.64131E+03    2.56986E+03    2.71275E+03
 1.02387E+01    2.64047E+03    2.56905E+03    2.71190E+03
 1.03832E+01    2.63963E+03    2.56823E+03    2.71103E+03
 1.05000E+01    2.63894E+03    2.56756E+03    2.71033E+03
 1.06481E+01    2.63952E+03    2.56812E+03    2.71092E+03
 1.07984E+01    2.64010E+03    2.56868E+03    2.71151E+03
 1.09507E+01    2.64069E+03    2.56926E+03    2.71212E+03
 1.10000E+01    2.64088E+03    2.56944E+03    2.71231E+03
 1.10049E+01    2.64092E+03    2.56949E+03    2.71236E+03
 1.11172E+01    2.64196E+03    2.57050E+03    2.71343E+03
 1.11335E+01    2.64211E+03    2.57064E+03    2.71358E+03
 1.12906E+01    2.64356E+03    2.57205E+03    2.71507E+03
 1.13931E+01    2.64451E+03    2.57297E+03    2.71604E+03
 1.15000E+01    2.64549E+03    2.57393E+03    2.71706E+03
 1.16622E+01    2.64685E+03    2.57526E+03    2.71845E+03
 1.17756E+01    2.64780E+03    2.57618E+03    2.71943E+03
 1.18237E+01    2.64821E+03    2.57657E+03    2.71984E+03
 1.19905E+01    2.64960E+03    2.57793E+03    2.72127E+03
 1.20000E+01    2.64968E+03    2.57801E+03    2.72136E+03
 1.21693E+01    2.65007E+03    2.57839E+03    2.72176E+03
 1.21791E+01    2.65009E+03    2.57841E+03    2.72178E+03
 1.23496E+01    2.65049E+03    2.57879E+03    2.72218E+03
 1.25000E+01    2.65083E+03    2.57913E+03    2.72254E+03
 1.26764E+01    2.64976E+03    2.57808E+03    2.72143E+03
 1.26842E+01    2.64971E+03    2.57803E+03    2.72138E+03
 1.28632E+01    2.64862E+03    2.57697E+03    2.72026E+03
 1.29572E+01    2.64804E+03    2.57641E+03    2.71967E+03
 1.30000E+01    2.64778E+03    2.56566E+03    2.72990E+03
 1.31834E+01    2.64521E+03    2.56317E+03    2.72725E+03
 1.33694E+01    2.64260E+03    2.56064E+03    2.72456E+03
 1.35000E+01    2.64076E+03    2.55886E+03    2.72267E+03
 1.36834E+01    2.63720E+03    2.55541E+03    2.71899E+03
 1.38764E+01    2.63345E+03    2.55177E+03    2.71512E+03
 1.39728E+01    2.63157E+03    2.54996E+03    2.71319E+03
 1.40000E+01    2.63104E+03    2.54944E+03    2.71264E+03
 1.40577E+01    2.62980E+03    2.54824E+03    2.71136E+03
 1.42560E+01    2.62552E+03    2.54409E+03    2.70695E+03
 1.42878E+01    2.62484E+03    2.54343E+03    2.70624E+03
 1.43621E+01    2.62323E+03    2.54188E+03    2.70459E+03
 1.43813E+01    2.62283E+03    2.54148E+03    2.70417E+03
 1.45000E+01    2.62032E+03    2.53905E+03    2.70159E+03
 1.45809E+01    2.61869E+03    2.53747E+03    2.69991E+03
 1.47866E+01    2.61455E+03    2.53346E+03    2.69564E+03
 1.49296E+01    2.61167E+03    2.53067E+03    2.69267E+03
 1.50000E+01    2.61025E+03    2.52930E+03    2.69121E+03
 1.51913E+01    2.60775E+03    2.52687E+03    2.68863E+03
 1.52471E+01    2.60702E+03    2.52617E+03    2.68788E+03
 1.54622E+01    2.60420E+03    2.52344E+03    2.68497E+03
 1.55000E+01    2.60371E+03    2.52296E+03    2.68446E+03
 1.57187E+01    2.60085E+03    2.52018E+03    2.68151E+03
 1.57929E+01    2.59988E+03    2.51924E+03    2.68051E+03
 1.59583E+01    2.59771E+03    2.51714E+03    2.67828E+03
 1.59671E+01    2.59760E+03    2.51703E+03    2.67816E+03
 1.60000E+01    2.59717E+03    2.48445E+03    2.70988E+03
 1.62257E+01    2.59716E+03    2.48445E+03    2.70988E+03
 1.63746E+01    2.59716E+03    2.48445E+03    2.70988E+03
 1.65000E+01    2.59716E+03    2.48445E+03    2.70988E+03
 1.65219E+01    2.59716E+03    2.48445E+03    2.70988E+03
 1.65573E+01    2.59716E+03    2.48445E+03    2.70988E+03
 1.66154E+01    2.59716E+03    2.48445E+03    2.70988E+03
 1.68441E+01    2.59716E+03    2.48444E+03    2.70987E+03
 1.69455E+01    2.59716E+03    2.48444E+03    2.70987E+03
 1.70000E+01    2.59716E+03    2.48444E+03    2.70987E+03
 1.71155E+01    2.59842E+03    2.48565E+03    2.71119E+03
 1.71636E+01    2.59895E+03    2.48615E+03    2.71174E+03
 1.74057E+01    2.60159E+03    2.48869E+03    2.71450E+03
 1.74879E+01    2.60249E+03    2.48955E+03    2.71544E+03
 1.75000E+01    2.60262E+03    2.48967E+03    2.71558E+03
 1.77469E+01    2.60532E+03    2.49225E+03    2.71839E+03
 1.79307E+01    2.60733E+03    2.49418E+03    2.72049E+03
 1.80000E+01    2.60809E+03    2.49490E+03    2.72128E+03
 1.80270E+01    2.60848E+03    2.49527E+03    2.72169E+03
 1.81652E+01    2.61047E+03    2.49718E+03    2.72376E+03
 1.82012E+01    2.61099E+03    2.49767E+03    2.72430E+03
 1.83527E+01    2.61317E+03    2.49976E+03    2.72658E+03
 1.85000E+01    2.61529E+03    2.50179E+03    2.72879E+03
 1.86336E+01    2.61721E+03    2.50362E+03    2.73080E+03
 1.87560E+01    2.61897E+03    2.50531E+03    2.73263E+03
 1.90000E+01    2.62248E+03    2.50867E+03    2.73630E+03
 1.90260E+01    2.62272E+03    2.50890E+03    2.73655E+03
 1.90782E+01    2.62321E+03    2.50936E+03    2.73705E+03
 1.91965E+01    2.62430E+03    2.51041E+03    2.73820E+03
 1.92412E+01    2.62472E+03    2.51081E+03    2.73863E+03
 1.95000E+01    2.62712E+03    2.51310E+03    2.74113E+03
 1.96520E+01    2.62853E+03    2.51445E+03    2.74260E+03
 1.96793E+01    2.62878E+03    2.51469E+03    2.74287E+03
 1.98452E+01    2.63032E+03    2.51617E+03    2.74447E+03
 2.00000E+01    2.63176E+03    2.51912E+03    2.74439E+03
 2.02822E+01    2.63141E+03    2.51879E+03    2.74404E+03
 2.05683E+01    2.63107E+03    2.51846E+03    2.74368E+03
 2.08585E+01    2.63072E+03    2.51813E+03    2.74331E+03
 2.10000E+01    2.63055E+03    2.51796E+03    2.74313E+03
 2.12963E+01    2.62470E+03    2.51237E+03    2.73704E+03
 2.15967E+01    2.61877E+03    2.50669E+03    2.73085E+03
 2.19014E+01    2.61276E+03    2.50094E+03    2.72458E+03
 2.20000E+01    2.61081E+03    2.49907E+03    2.72255E+03
 2.23104E+01    2.59426E+03    2.48323E+03    2.70529E+03
 2.26251E+01    2.57747E+03    2.46716E+03    2.68779E+03
 2.29443E+01    2.56045E+03    2.45087E+03    2.67004E+03
 2.30000E+01    2.55748E+03    2.44803E+03    2.66694E+03
 2.33245E+01    2.52391E+03    2.41589E+03    2.63193E+03
 2.36536E+01    2.48986E+03    2.38330E+03    2.59643E+03
 2.39873E+01    2.45534E+03    2.35025E+03    2.56043E+03
 2.40000E+01    2.45402E+03    2.31740E+03    2.59064E+03
 2.43386E+01    2.40381E+03    2.26998E+03    2.53763E+03
 2.46820E+01    2.35288E+03    2.22189E+03    2.48387E+03
 2.50000E+01    2.30572E+03    2.17736E+03    2.43408E+03
 2.53527E+01    2.24233E+03    2.11750E+03    2.36717E+03
 2.57104E+01    2.17805E+03    2.05680E+03    2.29931E+03
 2.60000E+01    2.12600E+03    2.00765E+03    2.24436E+03
 2.63668E+01    2.05642E+03    1.94194E+03    2.17090E+03
 2.67388E+01    1.98585E+03    1.87530E+03    2.09641E+03
 2.70000E+01    1.93630E+03    1.82851E+03    2.04410E+03
 2.73809E+01    1.86793E+03    1.76394E+03    1.97192E+03
 2.77672E+01    1.79859E+03    1.69846E+03    1.89872E+03
 2.80000E+01    1.75681E+03    1.65011E+03    1.86351E+03
 2.83950E+01    1.68909E+03    1.58651E+03    1.79167E+03
 2.87956E+01    1.62041E+03    1.52200E+03    1.71883E+03
 2.90000E+01    1.58538E+03    1.48909E+03    1.68166E+03
 2.94091E+01    1.52592E+03    1.43325E+03    1.61859E+03
 2.98240E+01    1.46562E+03    1.37661E+03    1.55463E+03
 3.00000E+01    1.44005E+03    1.35259E+03    1.52751E+03
 3.04232E+01    1.92013E+03    1.80351E+03    2.03674E+03
 3.08525E+01    2.40697E+03    2.26079E+03    2.55316E+03
 3.10000E+01    2.57432E+03    2.41797E+03    2.73067E+03
 3.14374E+01    2.57003E+03    2.41395E+03    2.72611E+03
 3.18809E+01    2.56568E+03    2.40986E+03    2.72150E+03
 3.20000E+01    2.56451E+03    2.40876E+03    2.72026E+03
 3.24515E+01    2.56067E+03    2.40515E+03    2.71618E+03
 3.29093E+01    2.55677E+03    2.40149E+03    2.71205E+03
 3.30000E+01    2.55600E+03    2.40077E+03    2.71123E+03
 3.34656E+01    2.55204E+03    2.39705E+03    2.70703E+03
 3.39377E+01    2.54803E+03    2.39328E+03    2.70278E+03
 3.40000E+01    2.54750E+03    2.39278E+03    2.70222E+03
 3.44797E+01    2.54458E+03    2.39004E+03    2.69912E+03
 3.49661E+01    2.54162E+03    2.38726E+03    2.69598E+03
 3.50000E+01    2.54141E+03    2.38706E+03    2.69576E+03
 3.54938E+01    2.53840E+03    2.38423E+03    2.69256E+03
 3.59945E+01    2.53534E+03    2.38137E+03    2.68932E+03
 3.60000E+01    2.53531E+03    2.38133E+03    2.68929E+03
 3.65079E+01    2.53198E+03    2.37820E+03    2.68575E+03
 3.70000E+01    2.52875E+03    2.37517E+03    2.68233E+03
 3.75220E+01    2.52532E+03    2.37195E+03    2.67869E+03
 3.80000E+01    2.52218E+03    2.36900E+03    2.67536E+03
 3.85361E+01    2.51775E+03    2.36484E+03    2.67066E+03
 3.90000E+01    2.51392E+03    2.36124E+03    2.66660E+03
 3.95502E+01    2.50938E+03    2.35697E+03    2.66178E+03
 4.00000E+01    2.50566E+03    2.35348E+03    2.65784E+03
 4.05643E+01    2.50075E+03    2.34887E+03    2.65263E+03
 4.10000E+01    2.49696E+03    2.34531E+03    2.64861E+03
 4.15784E+01    2.49192E+03    2.34058E+03    2.64326E+03
 4.20000E+01    2.48825E+03    2.33713E+03    2.63937E+03
 4.25925E+01    2.48346E+03    2.33264E+03    2.63429E+03
 4.30000E+01    2.48017E+03    2.32954E+03    2.63080E+03
 4.36067E+01    2.47526E+03    2.32493E+03    2.62559E+03
 4.40000E+01    2.47208E+03    2.32194E+03    2.62222E+03
 4.46208E+01    2.46735E+03    2.31750E+03    2.61720E+03
 4.50000E+01    2.46446E+03    2.31479E+03    2.61413E+03
 4.56349E+01    2.45962E+03    2.31024E+03    2.60900E+03
 4.60000E+01    2.45684E+03    2.30763E+03    2.60605E+03
 4.66490E+01    2.45188E+03    2.30297E+03    2.60078E+03
 4.70000E+01    2.44919E+03    2.30044E+03    2.59794E+03
 4.76631E+01    2.44411E+03    2.29567E+03    2.59255E+03
 4.80000E+01    2.44153E+03    2.29325E+03    2.58981E+03
 4.86772E+01    2.43627E+03    2.28831E+03    2.58424E+03
 4.90000E+01    2.43377E+03    2.28596E+03    2.58158E+03
 4.96913E+01    2.42840E+03    2.28092E+03    2.57588E+03
 5.00000E+01    2.42600E+03    2.27866E+03    2.57334E+03
 5.07054E+01    2.42060E+03    2.27359E+03    2.56761E+03
 5.10000E+01    2.41834E+03    2.27147E+03    2.56521E+03
 5.17195E+01    2.41283E+03    2.26629E+03    2.55937E+03
 5.20000E+01    2.41068E+03    2.26427E+03    2.55709E+03
 5.27336E+01    2.40525E+03    2.25917E+03    2.55133E+03
 5.30000E+01    2.40328E+03    2.25732E+03    2.54924E+03
 5.37477E+01    2.39775E+03    2.25213E+03    2.54337E+03
 5.40000E+01    2.39588E+03    2.25037E+03    2.54139E+03
 5.47618E+01    2.39043E+03    2.24526E+03    2.53561E+03
 5.50000E+01    2.38873E+03    2.24366E+03    2.53380E+03
 5.57760E+01    2.38318E+03    2.23845E+03    2.52792E+03
 5.60000E+01    2.38158E+03    2.23694E+03    2.52622E+03
 5.67901E+01    2.37607E+03    2.23176E+03    2.52037E+03
 5.70000E+01    2.37460E+03    2.23038E+03    2.51882E+03
 5.78042E+01    2.36899E+03    2.22512E+03    2.51287E+03
 5.80000E+01    2.36763E+03    2.22384E+03    2.51142E+03
 5.88183E+01    2.36205E+03    2.21860E+03    2.50550E+03
 5.90000E+01    2.36081E+03    2.21743E+03    2.50419E+03
 5.98324E+01    2.35514E+03    2.21211E+03    2.49818E+03
 6.00000E+01    2.35400E+03    2.21104E+03    2.49696E+03
 6.08465E+01    2.34851E+03    2.20588E+03    2.49114E+03
 6.10000E+01    2.34751E+03    2.20494E+03    2.49008E+03
 6.18606E+01    2.34192E+03    2.19969E+03    2.48416E+03
 6.20000E+01    2.34102E+03    2.19884E+03    2.48320E+03
 6.28747E+01    2.33534E+03    2.19351E+03    2.47717E+03
 6.30000E+01    2.33453E+03    2.19275E+03    2.47631E+03
 6.38888E+01    2.32876E+03    2.18733E+03    2.47019E+03
 6.40000E+01    2.32804E+03    2.18665E+03    2.46943E+03
 6.49029E+01    2.32218E+03    2.18115E+03    2.46321E+03
 6.50000E+01    2.32155E+03    2.18056E+03    2.46254E+03
 6.59170E+01    2.31604E+03    2.17538E+03    2.45670E+03
 6.60000E+01    2.31554E+03    2.17491E+03    2.45617E+03
 6.69311E+01    2.30994E+03    2.16966E+03    2.45023E+03
 6.70000E+01    2.30953E+03    2.16927E+03    2.44979E+03
 6.79453E+01    2.30386E+03    2.16394E+03    2.44378E+03
 6.80000E+01    2.30353E+03    2.16363E+03    2.44343E+03
 6.89594E+01    2.29776E+03    2.15822E+03    2.43731E+03
 6.90000E+01    2.29752E+03    2.15799E+03    2.43705E+03
 6.99735E+01    2.29167E+03    2.15249E+03    2.43085E+03
 7.00000E+01    2.29151E+03    2.15234E+03    2.43068E+03
 7.09876E+01    2.28601E+03    2.14717E+03    2.42484E+03
 7.10000E+01    2.28594E+03    2.14711E+03    2.42477E+03
 7.20000E+01    2.28037E+03    2.14188E+03    2.41886E+03
 7.30000E+01    2.27480E+03    2.13665E+03    2.41295E+03
 7.40000E+01    2.26923E+03    2.13141E+03    2.40705E+03
 7.50000E+01    2.26366E+03    2.12618E+03    2.40114E+03
 7.60000E+01    2.25850E+03    2.12134E+03    2.39566E+03
 7.70000E+01    2.25333E+03    2.11648E+03    2.39018E+03
 7.80000E+01    2.24817E+03    2.11163E+03    2.38471E+03
 7.90000E+01    2.24300E+03    2.10678E+03    2.37922E+03
 8.00000E+01    2.23784E+03    2.10193E+03    2.37375E+03
 8.10000E+01    2.23322E+03    2.09759E+03    2.36885E+03
 8.20000E+01    2.22860E+03    2.09325E+03    2.36395E+03
 8.30000E+01    2.22398E+03    2.08891E+03    2.35905E+03
 8.40000E+01    2.21936E+03    2.08457E+03    2.35415E+03
 8.50000E+01    2.21474E+03    2.08023E+03    2.34925E+03
 8.60000E+01    2.21012E+03    2.07589E+03    2.34435E+03
 8.70000E+01    2.20550E+03    2.07155E+03    2.33945E+03
 8.80000E+01    2.20088E+03    2.06721E+03    2.33455E+03
 8.90000E+01    2.19626E+03    2.06288E+03    2.32964E+03
 9.00000E+01    2.19164E+03    2.05854E+03    2.32474E+03
 9.10000E+01    2.18763E+03    2.05477E+03    2.32049E+03
 9.20000E+01    2.18363E+03    2.05101E+03    2.31625E+03
 9.30000E+01    2.17962E+03    2.04725E+03    2.31199E+03
 9.40000E+01    2.17562E+03    2.04349E+03    2.30775E+03
 9.50000E+01    2.17161E+03    2.03972E+03    2.30350E+03
 9.60000E+01    2.16760E+03    2.03596E+03    2.29924E+03
 9.70000E+01    2.16360E+03    2.03220E+03    2.29500E+03
 9.80000E+01    2.15959E+03    2.02843E+03    2.29075E+03
 9.90000E+01    2.15559E+03    2.02468E+03    2.28650E+03
 1.00000E+02    2.15158E+03    2.02091E+03    2.28225E+03
 1.01411E+02    2.14664E+03    2.01626E+03    2.27701E+03
 1.02000E+02    2.14457E+03    2.01432E+03    2.27482E+03
 1.03439E+02    2.13953E+03    2.00959E+03    2.26947E+03
 1.04000E+02    2.13756E+03    2.00774E+03    2.26738E+03
 1.05467E+02    2.13241E+03    2.00290E+03    2.26192E+03
 1.06000E+02    2.13054E+03    2.00115E+03    2.25993E+03
 1.07495E+02    2.12530E+03    1.99622E+03    2.25437E+03
 1.08000E+02    2.12353E+03    1.99456E+03    2.25250E+03
 1.09524E+02    2.11819E+03    1.98955E+03    2.24683E+03
 1.10000E+02    2.11652E+03    1.98798E+03    2.24506E+03
 1.11552E+02    2.11172E+03    1.98347E+03    2.23997E+03
 1.12000E+02    2.11033E+03    1.98216E+03    2.23850E+03
 1.13580E+02    2.10543E+03    1.97756E+03    2.23330E+03
 1.14000E+02    2.10413E+03    1.97634E+03    2.23192E+03
 1.15608E+02    2.09915E+03    1.97167E+03    2.22664E+03
 1.16000E+02    2.09794E+03    1.97053E+03    2.22535E+03
 1.17637E+02    2.09287E+03    1.96576E+03    2.21997E+03
 1.18000E+02    2.09174E+03    1.96470E+03    2.21878E+03
 1.19665E+02    2.08659E+03    1.95986E+03    2.21331E+03
 1.20000E+02    2.08555E+03    1.95889E+03    2.21221E+03
 1.21693E+02    2.08088E+03    1.95450E+03    2.20725E+03
 1.22000E+02    2.08003E+03    1.95370E+03    2.20636E+03
 1.23721E+02    2.07528E+03    1.94924E+03    2.20132E+03
 1.24000E+02    2.07451E+03    1.94852E+03    2.20050E+03
 1.25749E+02    2.06968E+03    1.94398E+03    2.19538E+03
 1.26000E+02    2.06899E+03    1.94333E+03    2.19465E+03
 1.27778E+02    2.06408E+03    1.93873E+03    2.18944E+03
 1.28000E+02    2.06347E+03    1.93815E+03    2.18879E+03
 1.29806E+02    2.05849E+03    1.93347E+03    2.18350E+03
 1.30000E+02    2.05795E+03    1.93297E+03    2.18293E+03
 1.31834E+02    2.05340E+03    1.92869E+03    2.17811E+03
 1.32000E+02    2.05299E+03    1.92831E+03    2.17767E+03
 1.33862E+02    2.04837E+03    1.92397E+03    2.17277E+03
 1.34000E+02    2.04803E+03    1.92365E+03    2.17241E+03
 1.35891E+02    2.04334E+03    1.91924E+03    2.16744E+03
 1.36000E+02    2.04307E+03    1.91899E+03    2.16715E+03
 1.37919E+02    2.03831E+03    1.91452E+03    2.16210E+03
 1.38000E+02    2.03811E+03    1.91433E+03    2.16189E+03
 1.39947E+02    2.03328E+03    1.90980E+03    2.15677E+03
 1.40000E+02    2.03315E+03    1.90967E+03    2.15663E+03
 1.41975E+02    2.02872E+03    1.90551E+03    2.15193E+03
 1.42000E+02    2.02866E+03    1.90545E+03    2.15187E+03
 1.44000E+02    2.02416E+03    1.90123E+03    2.14709E+03
 1.46000E+02    2.01967E+03    1.89701E+03    2.14233E+03
 1.48000E+02    2.01517E+03    1.89278E+03    2.13756E+03
 1.50000E+02    2.01068E+03    1.88857E+03    2.13279E+03
 1.52000E+02    2.00658E+03    1.88472E+03    2.12844E+03
 1.54000E+02    2.00248E+03    1.88086E+03    2.12410E+03
 1.56000E+02    1.99838E+03    1.87701E+03    2.11975E+03
 1.58000E+02    1.99428E+03    1.87316E+03    2.11540E+03
 1.60000E+02    1.99018E+03    1.86931E+03    2.11105E+03
 1.62000E+02    1.98656E+03    1.86591E+03    2.10721E+03
 1.64000E+02    1.98294E+03    1.86251E+03    2.10337E+03
 1.66000E+02    1.97932E+03    1.85911E+03    2.09953E+03
 1.68000E+02    1.97570E+03    1.85571E+03    2.09569E+03
 1.70000E+02    1.97208E+03    1.85231E+03    2.09185E+03
 1.72000E+02    1.96846E+03    1.84891E+03    2.08801E+03
 1.74000E+02    1.96484E+03    1.84551E+03    2.08417E+03
 1.76000E+02    1.96122E+03    1.84211E+03    2.08033E+03
 1.78000E+02    1.95760E+03    1.83871E+03    2.07649E+03
 1.80000E+02    1.95398E+03    1.83531E+03    2.07265E+03
 1.82000E+02    1.95086E+03    1.83238E+03    2.06934E+03
 1.84000E+02    1.94774E+03    1.82945E+03    2.06603E+03
 1.86000E+02    1.94462E+03    1.82652E+03    2.06272E+03
 1.88000E+02    1.94150E+03    1.82359E+03    2.05941E+03
 1.90000E+02    1.93838E+03    1.82066E+03    2.05610E+03
 1.92000E+02    1.93525E+03    1.81772E+03    2.05278E+03
 1.94000E+02    1.93213E+03    1.81479E+03    2.04947E+03
 1.96000E+02    1.92901E+03    1.81186E+03    2.04616E+03
 1.98000E+02    1.92589E+03    1.80893E+03    2.04285E+03
 2.00000E+02    1.92277E+03    1.80600E+03    2.03954E+03
