# n + Ac236 : (n,nt)    
# tendl.2017 A.J. Koning and D. Rochman        EVAL-NOV17
# uncertainties: y
# # energies =    24
#   E(MeV)       xs(mb)       xslow(mb)      xsupp(mb)
 8.09732E+00    0.00000E+00    0.00000E+00    0.00000E+00
 1.15000E+01    1.37514E-14    1.37514E-14    1.37514E-14
 1.20000E+01    1.17663E-11    1.17663E-11    1.17663E-11
 1.25000E+01    1.45003E-10    1.45003E-10    1.45003E-10
 1.30000E+01    7.07560E-09    5.78919E-09    8.36201E-09
 1.35000E+01    4.24434E-08    3.47268E-08    5.01600E-08
 1.40000E+01    7.09204E-07    5.80264E-07    8.38144E-07
 1.45000E+01    3.24814E-06    2.65760E-06    3.83868E-06
 1.50000E+01    2.60454E-05    2.13101E-05    3.07807E-05
 1.60000E+01    4.40399E-04    1.96940E-04    6.83858E-04
 1.70000E+01    4.26586E-03    1.90763E-03    6.62409E-03
 1.80000E+01    2.79001E-02    1.24765E-02    4.33237E-02
 1.90000E+01    1.10103E-01    4.92364E-02    1.70970E-01
 2.00000E+01    3.10356E-01    9.13190E-02    5.29393E-01
 2.10000E+01    6.57673E-01    1.93513E-01    1.12183E+00
 2.20000E+01    1.15087E+00    3.38631E-01    1.96311E+00
 2.30000E+01    1.73359E+00    5.10090E-01    2.95709E+00
 2.40000E+01    2.35202E+00    5.34917E-01    4.16912E+00
 2.50000E+01    2.92790E+00    6.65889E-01    5.18991E+00
 2.60000E+01    3.42056E+00    7.77934E-01    6.06319E+00
 2.70000E+01    3.79929E+00    8.64069E-01    6.73451E+00
 2.80000E+01    4.07782E+00    9.27414E-01    7.22823E+00
 2.90000E+01    4.23553E+00    9.63282E-01    7.50778E+00
 3.00000E+01    4.35962E+00    9.91504E-01    7.72774E+00
