# n + Ac214 : (n,pt)    
# tendl.2017 A.J. Koning and D. Rochman        EVAL-NOV17
# uncertainties: y
# # energies =    26
#   E(MeV)       xs(mb)       xslow(mb)      xsupp(mb)
 3.60023E+00    0.00000E+00    0.00000E+00    0.00000E+00
 1.05000E+01    2.44983E-17    2.44983E-17    2.44983E-17
 1.10000E+01    7.78774E-16    7.78774E-16    7.78774E-16
 1.15000E+01    1.62773E-14    1.62773E-14    1.62773E-14
 1.20000E+01    2.35494E-13    2.35494E-13    2.35494E-13
 1.25000E+01    2.65869E-12    2.65869E-12    2.65869E-12
 1.30000E+01    2.46452E-11    0.00000E+00    2.42247E-10
 1.35000E+01    1.88390E-10    0.00000E+00    1.85176E-09
 1.40000E+01    1.17772E-09    0.00000E+00    1.15763E-08
 1.45000E+01    6.13964E-09    0.00000E+00    6.03489E-08
 1.50000E+01    2.76646E-08    0.00000E+00    2.71926E-07
 1.60000E+01    4.27648E-07    0.00000E+00    3.33483E-06
 1.70000E+01    4.14466E-06    0.00000E+00    3.23203E-05
 1.80000E+01    2.77286E-05    0.00000E+00    2.16229E-04
 1.90000E+01    1.33780E-04    0.00000E+00    1.04323E-03
 2.00000E+01    4.69524E-04    0.00000E+00    3.66938E-03
 2.10000E+01    1.24023E-03    0.00000E+00    9.69252E-03
 2.20000E+01    2.57338E-03    0.00000E+00    2.01112E-02
 2.30000E+01    4.49716E-03    0.00000E+00    3.51458E-02
 2.40000E+01    6.91913E-03    0.00000E+00    4.22230E-02
 2.50000E+01    9.85550E-03    0.00000E+00    6.01418E-02
 2.60000E+01    1.32048E-02    0.00000E+00    8.05805E-02
 2.70000E+01    1.69178E-02    0.00000E+00    1.03239E-01
 2.80000E+01    2.08245E-02    0.00000E+00    1.27079E-01
 2.90000E+01    2.48238E-02    0.00000E+00    1.51484E-01
 3.00000E+01    2.87841E-02    0.00000E+00    1.75651E-01
