# n + Ac214 : (n,da)    
# tendl.2017 A.J. Koning and D. Rochman        EVAL-NOV17
# uncertainties: y
# # energies =   296
#   E(MeV)       xs(mb)       xslow(mb)      xsupp(mb)
 1.00000E-11    4.00581E-17    4.00581E-17    4.00581E-17
 1.03005E-11    3.95011E-17    3.95011E-17    3.95011E-17
 1.06099E-11    3.89528E-17    3.89528E-17    3.89528E-17
 1.09287E-11    3.84131E-17    3.84131E-17    3.84131E-17
 1.12571E-11    3.78817E-17    3.78817E-17    3.78817E-17
 1.15953E-11    3.73586E-17    3.73586E-17    3.73586E-17
 1.19437E-11    3.68437E-17    3.68437E-17    3.68437E-17
 1.23026E-11    3.63368E-17    3.63368E-17    3.63368E-17
 1.26722E-11    3.58379E-17    3.58379E-17    3.58379E-17
 1.30530E-11    3.53468E-17    3.53468E-17    3.53468E-17
 1.34452E-11    3.48634E-17    3.48634E-17    3.48634E-17
 1.38491E-11    3.43876E-17    3.43876E-17    3.43876E-17
 1.42652E-11    3.39194E-17    3.39194E-17    3.39194E-17
 1.46938E-11    3.34585E-17    3.34585E-17    3.34585E-17
 1.51353E-11    3.30050E-17    3.30050E-17    3.30050E-17
 1.55901E-11    3.25586E-17    3.25586E-17    3.25586E-17
 1.60585E-11    3.21194E-17    3.21194E-17    3.21194E-17
 1.65410E-11    3.16871E-17    3.16871E-17    3.16871E-17
 1.70380E-11    3.12618E-17    3.12618E-17    3.12618E-17
 1.75499E-11    3.08433E-17    3.08433E-17    3.08433E-17
 1.80772E-11    3.04315E-17    3.04315E-17    3.04315E-17
 1.86203E-11    3.00264E-17    3.00264E-17    3.00264E-17
 1.91798E-11    2.96278E-17    2.96278E-17    2.96278E-17
 1.98398E-11    2.91801E-17    2.91801E-17    2.91801E-17
 2.05225E-11    2.87407E-17    2.87407E-17    2.87407E-17
 2.12287E-11    2.83095E-17    2.83095E-17    2.83095E-17
 2.19592E-11    2.78864E-17    2.78864E-17    2.78864E-17
 2.27149E-11    2.74712E-17    2.74712E-17    2.74712E-17
 2.34965E-11    2.70637E-17    2.70637E-17    2.70637E-17
 2.43051E-11    2.66640E-17    2.66640E-17    2.66640E-17
 2.51414E-11    2.62717E-17    2.62717E-17    2.62717E-17
 2.60066E-11    2.58870E-17    2.58870E-17    2.58870E-17
 2.69015E-11    2.55096E-17    2.55096E-17    2.55096E-17
 2.78272E-11    2.51393E-17    2.51393E-17    2.51393E-17
 2.87848E-11    2.47762E-17    2.47762E-17    2.47762E-17
 2.97753E-11    2.44201E-17    2.44201E-17    2.44201E-17
 3.07999E-11    2.40709E-17    2.40709E-17    2.40709E-17
 3.18597E-11    2.37285E-17    2.37285E-17    2.37285E-17
 3.29561E-11    2.33927E-17    2.33927E-17    2.33927E-17
 3.40901E-11    2.30636E-17    2.30636E-17    2.30636E-17
 3.52632E-11    2.27409E-17    2.27409E-17    2.27409E-17
 3.64767E-11    2.24246E-17    2.24246E-17    2.24246E-17
 3.77319E-11    2.21146E-17    2.21146E-17    2.21146E-17
 3.90303E-11    2.18108E-17    2.18108E-17    2.18108E-17
 4.03734E-11    2.15131E-17    2.15131E-17    2.15131E-17
 4.17626E-11    2.12214E-17    2.12214E-17    2.12214E-17
 4.31997E-11    2.09356E-17    2.09356E-17    2.09356E-17
 4.46863E-11    2.06557E-17    2.06557E-17    2.06557E-17
 4.62240E-11    2.03815E-17    2.03815E-17    2.03815E-17
 4.78146E-11    2.01130E-17    2.01130E-17    2.01130E-17
 4.94600E-11    1.98500E-17    1.98500E-17    1.98500E-17
 5.11620E-11    1.95925E-17    1.95925E-17    1.95925E-17
 5.29225E-11    1.93405E-17    1.93405E-17    1.93405E-17
 5.47436E-11    1.90937E-17    1.90937E-17    1.90937E-17
 5.66274E-11    1.88522E-17    1.88522E-17    1.88522E-17
 5.85760E-11    1.86159E-17    1.86159E-17    1.86159E-17
 6.05917E-11    1.83847E-17    1.83847E-17    1.83847E-17
 6.26768E-11    1.81584E-17    1.81584E-17    1.81584E-17
 6.48335E-11    1.79371E-17    1.79371E-17    1.79371E-17
 6.70645E-11    1.77207E-17    1.77207E-17    1.77207E-17
 6.93723E-11    1.75090E-17    1.75090E-17    1.75090E-17
 7.17595E-11    1.73021E-17    1.73021E-17    1.73021E-17
 7.42288E-11    1.70998E-17    1.70998E-17    1.70998E-17
 7.67831E-11    1.69021E-17    1.69021E-17    1.69021E-17
 7.94253E-11    1.67088E-17    1.67088E-17    1.67088E-17
 8.21584E-11    1.65200E-17    1.65200E-17    1.65200E-17
 8.49856E-11    1.63356E-17    1.63356E-17    1.63356E-17
 8.82826E-11    1.61332E-17    1.61332E-17    1.61332E-17
 9.17076E-11    1.59362E-17    1.59362E-17    1.59362E-17
 9.52653E-11    1.57444E-17    1.57444E-17    1.57444E-17
 9.89612E-11    1.55577E-17    1.55577E-17    1.55577E-17
 1.02800E-10    1.53761E-17    1.53761E-17    1.53761E-17
 1.06789E-10    1.51995E-17    1.51995E-17    1.51995E-17
 1.10931E-10    1.50277E-17    1.50277E-17    1.50277E-17
 1.15235E-10    1.48607E-17    1.48607E-17    1.48607E-17
 1.19705E-10    1.46984E-17    1.46984E-17    1.46984E-17
 1.24350E-10    1.45407E-17    1.45407E-17    1.45407E-17
 1.29174E-10    1.43875E-17    1.43875E-17    1.43875E-17
 1.34185E-10    1.42387E-17    1.42387E-17    1.42387E-17
 1.39391E-10    1.40943E-17    1.40943E-17    1.40943E-17
 1.44798E-10    1.39540E-17    1.39540E-17    1.39540E-17
 1.50416E-10    1.38180E-17    1.38180E-17    1.38180E-17
 1.56251E-10    1.36860E-17    1.36860E-17    1.36860E-17
 1.63001E-10    1.35440E-17    1.35440E-17    1.35440E-17
 1.70042E-10    1.34069E-17    1.34069E-17    1.34069E-17
 1.77387E-10    1.32744E-17    1.32744E-17    1.32744E-17
 1.85050E-10    1.31465E-17    1.31465E-17    1.31465E-17
 1.93044E-10    1.30231E-17    1.30231E-17    1.30231E-17
 2.01383E-10    1.29040E-17    1.29040E-17    1.29040E-17
 2.10082E-10    1.27891E-17    1.27891E-17    1.27891E-17
 2.19157E-10    1.26784E-17    1.26784E-17    1.26784E-17
 2.28624E-10    1.25716E-17    1.25716E-17    1.25716E-17
 2.39511E-10    1.24587E-17    1.24587E-17    1.24587E-17
 2.50916E-10    1.23504E-17    1.23504E-17    1.23504E-17
 2.62864E-10    1.22465E-17    1.22465E-17    1.22465E-17
 2.75381E-10    1.21469E-17    1.21469E-17    1.21469E-17
 2.88494E-10    1.20514E-17    1.20514E-17    1.20514E-17
 3.02232E-10    1.19600E-17    1.19600E-17    1.19600E-17
 3.17966E-10    1.18646E-17    1.18646E-17    1.18646E-17
 3.34519E-10    1.17737E-17    1.17737E-17    1.17737E-17
 3.51933E-10    1.16870E-17    1.16870E-17    1.16870E-17
 3.70254E-10    1.16043E-17    1.16043E-17    1.16043E-17
 3.91180E-10    1.15193E-17    1.15193E-17    1.15193E-17
 4.13288E-10    1.14386E-17    1.14386E-17    1.14386E-17
 4.36646E-10    1.13620E-17    1.13620E-17    1.13620E-17
 4.61324E-10    1.12895E-17    1.12895E-17    1.12895E-17
 4.89462E-10    1.12156E-17    1.12156E-17    1.12156E-17
 5.19316E-10    1.11459E-17    1.11459E-17    1.11459E-17
 5.53327E-10    1.10756E-17    1.10756E-17    1.10756E-17
 5.89565E-10    1.10096E-17    1.10096E-17    1.10096E-17
 6.28176E-10    1.09476E-17    1.09476E-17    1.09476E-17
 6.72152E-10    1.08857E-17    1.08857E-17    1.08857E-17
 7.19207E-10    1.08277E-17    1.08277E-17    1.08277E-17
 7.72818E-10    1.07703E-17    1.07703E-17    1.07703E-17
 8.33944E-10    1.07139E-17    1.07139E-17    1.07139E-17
 8.99905E-10    1.06616E-17    1.06616E-17    1.06616E-17
 9.75198E-10    1.06105E-17    1.06105E-17    1.06105E-17
 1.06127E-09    1.05610E-17    1.05610E-17    1.05610E-17
 1.15494E-09    1.05155E-17    1.05155E-17    1.05155E-17
 1.26220E-09    1.04717E-17    1.04717E-17    1.04717E-17
 1.38527E-09    1.04298E-17    1.04298E-17    1.04298E-17
 1.52679E-09    1.03899E-17    1.03899E-17    1.03899E-17
 1.69705E-09    1.03508E-17    1.03508E-17    1.03508E-17
 1.89429E-09    1.03143E-17    1.03143E-17    1.03143E-17
 2.12342E-09    1.02804E-17    1.02804E-17    1.02804E-17
 2.40049E-09    1.02480E-17    1.02480E-17    1.02480E-17
 2.73675E-09    1.02175E-17    1.02175E-17    1.02175E-17
 3.14663E-09    1.01892E-17    1.01892E-17    1.01892E-17
 3.66408E-09    1.01625E-17    1.01625E-17    1.01625E-17
 4.30286E-09    1.01384E-17    1.01384E-17    1.01384E-17
 5.13921E-09    1.01158E-17    1.01158E-17    1.01158E-17
 6.24285E-09    1.00954E-17    1.00954E-17    1.00954E-17
 7.74554E-09    1.00769E-17    1.00769E-17    1.00769E-17
 9.85691E-09    1.00604E-17    1.00604E-17    1.00604E-17
 1.29755E-08    1.00459E-17    1.00459E-17    1.00459E-17
 1.78185E-08    1.00334E-17    1.00334E-17    1.00334E-17
 2.52045E-08    1.00236E-17    1.00236E-17    1.00236E-17
 2.53000E-08    1.00235E-17    1.00235E-17    1.00235E-17
 4.01158E-08    1.00148E-17    1.00148E-17    1.00148E-17
 7.31341E-08    1.00081E-17    1.00081E-17    1.00081E-17
 1.73299E-07    1.00034E-17    1.00034E-17    1.00034E-17
 8.14725E-07    1.00007E-17    1.00007E-17    1.00007E-17
 1.21247E-04    1.00000E-17    1.00000E-17    1.00000E-17
 1.22958E-04    1.00000E-17    1.00000E-17    1.00000E-17
 1.26452E-04    1.00000E-17    1.00000E-17    1.00000E-17
 1.31880E-04    1.00000E-17    1.00000E-17    1.00000E-17
 1.33740E-04    1.00000E-17    1.00000E-17    1.00000E-17
 1.35627E-04    1.00000E-17    1.00000E-17    1.00000E-17
 1.37541E-04    1.00000E-17    1.00000E-17    1.00000E-17
 1.39481E-04    1.00000E-17    1.00000E-17    1.00000E-17
 1.41449E-04    1.00000E-17    1.00000E-17    1.00000E-17
 1.49602E-04    1.00000E-17    1.00000E-17    1.00000E-17
 1.53853E-04    1.00000E-17    1.00000E-17    1.00000E-17
 1.56023E-04    1.00000E-17    1.00000E-17    1.00000E-17
 1.60457E-04    1.00000E-17    1.00000E-17    1.00000E-17
 1.62721E-04    1.00000E-17    1.00000E-17    1.00000E-17
 1.76990E-04    1.00000E-17    1.00000E-17    1.00000E-17
 1.84587E-04    1.00000E-17    1.00000E-17    1.00000E-17
 1.89832E-04    1.00000E-17    1.00000E-17    1.00000E-17
 1.95226E-04    1.00000E-17    1.00000E-17    1.00000E-17
 1.97981E-04    1.00000E-17    1.00000E-17    1.00000E-17
 2.00774E-04    1.00000E-17    1.00000E-17    1.00000E-17
 2.03606E-04    1.00000E-17    1.00000E-17    1.00000E-17
 2.21461E-04    1.00000E-17    1.00000E-17    1.00000E-17
 2.37530E-04    1.00000E-17    1.00000E-17    1.00000E-17
 2.51221E-04    1.00000E-17    1.00000E-17    1.00000E-17
 2.54765E-04    1.00000E-17    1.00000E-17    1.00000E-17
 2.58359E-04    1.00000E-17    1.00000E-17    1.00000E-17
 2.65701E-04    1.00000E-17    1.00000E-17    1.00000E-17
 2.81015E-04    1.00000E-17    1.00000E-17    1.00000E-17
 3.27836E-04    1.00000E-17    1.00000E-17    1.00000E-17
 3.32461E-04    1.00000E-17    1.00000E-17    1.00000E-17
 3.41909E-04    1.00000E-17    1.00000E-17    1.00000E-17
 3.46732E-04    1.00000E-17    1.00000E-17    1.00000E-17
 3.66717E-04    1.00000E-17    1.00000E-17    1.00000E-17
 3.18624E+00    1.00000E-17    1.00000E-17    1.00000E-17
 3.20000E+00    1.00193E-17    1.00193E-17    1.00193E-17
 3.40000E+00    3.60187E-16    3.60187E-16    3.60187E-16
 3.60000E+00    3.55897E-15    3.55897E-15    3.55897E-15
 3.80000E+00    2.40126E-14    2.40126E-14    2.40126E-14
 4.00000E+00    1.31667E-13    1.31667E-13    1.31667E-13
 4.20000E+00    1.04947E-12    1.04947E-12    1.04947E-12
 4.40000E+00    4.21199E-12    4.21199E-12    4.21199E-12
 4.60000E+00    1.48832E-11    0.00000E+00    1.20477E-10
 4.80000E+00    4.63715E-11    0.00000E+00    3.75370E-10
 5.00000E+00    1.66563E-10    0.00000E+00    1.34830E-09
 5.20000E+00    4.48159E-10    0.00000E+00    3.62778E-09
 5.40000E+00    1.14102E-09    0.00000E+00    9.23638E-09
 5.60000E+00    2.50657E-09    0.00000E+00    2.02903E-08
 5.80000E+00    5.94799E-09    0.00000E+00    4.81480E-08
 6.00000E+00    1.25376E-08    0.00000E+00    1.01490E-07
 6.20000E+00    2.62461E-08    0.00000E+00    2.12458E-07
 6.40000E+00    5.80558E-08    0.00000E+00    4.69953E-07
 6.60000E+00    1.02451E-07    0.00000E+00    7.16709E-07
 6.80000E+00    2.31690E-07    0.00000E+00    1.62082E-06
 7.00000E+00    4.53747E-07    0.00000E+00    3.17424E-06
 7.20000E+00    7.77724E-07    0.00000E+00    5.44066E-06
 7.40000E+00    1.62304E-06    0.00000E+00    1.13542E-05
 7.60000E+00    2.58177E-06    0.00000E+00    1.80611E-05
 7.80000E+00    4.94429E-06    0.00000E+00    3.45884E-05
 8.00000E+00    9.18436E-06    0.00000E+00    6.42504E-05
 8.50000E+00    3.50950E-05    0.00000E+00    2.45511E-04
 9.00000E+00    1.15596E-04    0.00000E+00    9.41848E-04
 9.50000E+00    3.25870E-04    0.00000E+00    2.65512E-03
 1.00000E+01    8.10410E-04    0.00000E+00    6.60303E-03
 1.01411E+01    1.11201E-03    0.00000E+00    9.06042E-03
 1.02842E+01    1.41789E-03    0.00000E+00    1.15527E-02
 1.04292E+01    1.72809E-03    0.00000E+00    1.40801E-02
 1.05000E+01    1.87936E-03    0.00000E+00    1.53126E-02
 1.06481E+01    2.51451E-03    0.00000E+00    2.04877E-02
 1.07984E+01    3.15862E-03    0.00000E+00    2.57357E-02
 1.09507E+01    3.81182E-03    0.00000E+00    3.10579E-02
 1.10000E+01    4.02317E-03    0.00000E+00    3.27799E-02
 1.11552E+01    5.20590E-03    0.00000E+00    4.24165E-02
 1.13126E+01    6.40532E-03    0.00000E+00    5.21891E-02
 1.14722E+01    7.62166E-03    0.00000E+00    6.20995E-02
 1.15000E+01    7.83376E-03    0.00000E+00    6.38277E-02
 1.16622E+01    9.82094E-03    0.00000E+00    8.00188E-02
 1.18268E+01    1.18362E-02    0.00000E+00    9.64383E-02
 1.19936E+01    1.38798E-02    0.00000E+00    1.13089E-01
 1.20000E+01    1.39578E-02    0.00000E+00    1.13725E-01
 1.21693E+01    1.69531E-02    0.00000E+00    1.38130E-01
 1.23410E+01    1.99907E-02    0.00000E+00    1.62880E-01
 1.25000E+01    2.28041E-02    0.00000E+00    1.85803E-01
 1.26764E+01    2.68818E-02    0.00000E+00    2.19026E-01
 1.28552E+01    3.10169E-02    0.00000E+00    2.52719E-01
 1.30000E+01    3.43652E-02    0.00000E+00    2.52323E-01
 1.31834E+01    3.96375E-02    0.00000E+00    2.91034E-01
 1.33694E+01    4.49842E-02    0.00000E+00    3.30292E-01
 1.35000E+01    4.87385E-02    0.00000E+00    3.57857E-01
 1.36905E+01    5.51386E-02    0.00000E+00    4.04849E-01
 1.38836E+01    6.16290E-02    0.00000E+00    4.52504E-01
 1.40000E+01    6.55401E-02    0.00000E+00    4.81221E-01
 1.41975E+01    7.29574E-02    0.00000E+00    5.35681E-01
 1.43978E+01    8.04793E-02    0.00000E+00    5.90910E-01
 1.45000E+01    8.43166E-02    0.00000E+00    6.19085E-01
 1.47046E+01    9.26914E-02    0.00000E+00    6.80576E-01
 1.49120E+01    1.01184E-01    0.00000E+00    7.42935E-01
 1.50000E+01    1.04786E-01    0.00000E+00    7.69380E-01
 1.52116E+01    1.14116E-01    0.00000E+00    8.37883E-01
 1.54262E+01    1.23577E-01    0.00000E+00    9.07353E-01
 1.56439E+01    1.33172E-01    0.00000E+00    9.77802E-01
 1.58646E+01    1.42902E-01    0.00000E+00    1.04925E+00
 1.60000E+01    1.48873E-01    0.00000E+00    1.07371E+00
 1.62257E+01    1.59854E-01    0.00000E+00    1.15291E+00
 1.64546E+01    1.70990E-01    0.00000E+00    1.23322E+00
 1.66868E+01    1.82283E-01    0.00000E+00    1.31467E+00
 1.69222E+01    1.93735E-01    0.00000E+00    1.39727E+00
 1.70000E+01    1.97519E-01    0.00000E+00    1.42456E+00
 1.72398E+01    2.09405E-01    0.00000E+00    1.51028E+00
 1.74831E+01    2.21458E-01    0.00000E+00    1.59721E+00
 1.77297E+01    2.33682E-01    0.00000E+00    1.68537E+00
 1.79799E+01    2.46078E-01    0.00000E+00    1.77477E+00
 1.80000E+01    2.47076E-01    0.00000E+00    1.78197E+00
 1.82539E+01    2.59782E-01    0.00000E+00    1.87361E+00
 1.85115E+01    2.72667E-01    0.00000E+00    1.96654E+00
 1.87726E+01    2.85734E-01    0.00000E+00    2.06078E+00
 1.90000E+01    2.97109E-01    0.00000E+00    2.14283E+00
 1.92681E+01    3.07510E-01    0.00000E+00    2.21784E+00
 1.95399E+01    3.18058E-01    0.00000E+00    2.29391E+00
 1.98156E+01    3.28755E-01    0.00000E+00    2.37106E+00
 2.00000E+01    3.35911E-01    0.00000E+00    2.37120E+00
 2.02822E+01    3.44168E-01    0.00000E+00    2.42948E+00
 2.05683E+01    3.52542E-01    0.00000E+00    2.48859E+00
 2.08585E+01    3.61034E-01    0.00000E+00    2.54854E+00
 2.10000E+01    3.65175E-01    0.00000E+00    2.57777E+00
 2.12963E+01    3.72920E-01    0.00000E+00    2.63244E+00
 2.15967E+01    3.80774E-01    0.00000E+00    2.68788E+00
 2.19014E+01    3.88739E-01    0.00000E+00    2.74411E+00
 2.20000E+01    3.91316E-01    0.00000E+00    2.76230E+00
 2.23104E+01    3.97701E-01    0.00000E+00    2.80737E+00
 2.26251E+01    4.04176E-01    0.00000E+00    2.85308E+00
 2.29443E+01    4.10742E-01    0.00000E+00    2.89943E+00
 2.30000E+01    4.11887E-01    0.00000E+00    2.90751E+00
 2.33245E+01    4.15639E-01    0.00000E+00    2.93400E+00
 2.36536E+01    4.19444E-01    0.00000E+00    2.96086E+00
 2.39873E+01    4.23303E-01    0.00000E+00    2.98809E+00
 2.40000E+01    4.23450E-01    0.00000E+00    2.93015E+00
 2.43386E+01    4.25462E-01    0.00000E+00    2.94407E+00
 2.46820E+01    4.27502E-01    0.00000E+00    2.95818E+00
 2.50000E+01    4.29391E-01    0.00000E+00    2.97126E+00
 2.53527E+01    4.30034E-01    0.00000E+00    2.97571E+00
 2.57104E+01    4.30686E-01    0.00000E+00    2.98022E+00
 2.60000E+01    4.31214E-01    0.00000E+00    2.98387E+00
 2.63668E+01    4.29715E-01    0.00000E+00    2.97350E+00
 2.67388E+01    4.28194E-01    0.00000E+00    2.96297E+00
 2.70000E+01    4.27126E-01    0.00000E+00    2.95559E+00
 2.73809E+01    4.24703E-01    0.00000E+00    2.93882E+00
 2.77672E+01    4.22246E-01    0.00000E+00    2.92182E+00
 2.80000E+01    4.20765E-01    0.00000E+00    2.91157E+00
 2.83950E+01    4.16414E-01    0.00000E+00    2.88147E+00
 2.87956E+01    4.12003E-01    0.00000E+00    2.85094E+00
 2.90000E+01    4.09752E-01    0.00000E+00    2.83536E+00
 2.94091E+01    4.05433E-01    0.00000E+00    2.80548E+00
 2.98240E+01    4.01053E-01    0.00000E+00    2.77517E+00
 3.00000E+01    3.99196E-01    0.00000E+00    2.76232E+00
