# n + Ac214 : (n,xh)    
# tendl.2017 A.J. Koning and D. Rochman        EVAL-NOV17
# 
# # energies =   134
#   E(MeV)        xs(mb) 
 9.22327E-02    1.00001E-17
 1.00000E-01    1.00001E-17
 2.00000E-01    1.00002E-17
 3.00000E-01    1.00003E-17
 3.13973E-01    1.00003E-17
 3.45873E-01    1.00003E-17
 3.76767E-01    1.00003E-17
 4.00000E-01    1.00004E-17
 5.00000E-01    1.00005E-17
 5.65151E-01    1.00005E-17
 5.97051E-01    1.00006E-17
 6.00000E-01    1.00006E-17
 6.27946E-01    1.00006E-17
 6.67324E-01    1.00006E-17
 7.00000E-01    1.00006E-17
 7.05700E-01    1.00007E-17
 7.81444E-01    1.00007E-17
 7.89417E-01    1.00007E-17
 7.99204E-01    1.00007E-17
 8.00000E-01    1.00007E-17
 8.37261E-01    1.00008E-17
 8.90542E-01    1.00008E-17
 8.93079E-01    1.00008E-17
 9.00000E-01    1.00008E-17
 9.32948E-01    1.00009E-17
 9.48895E-01    1.00009E-17
 9.54478E-01    1.00009E-17
 9.81879E-01    1.00009E-17
 1.00000E+00    1.00009E-17
 1.00471E+00    1.00009E-17
 1.00572E+00    1.00009E-17
 1.00672E+00    1.00009E-17
 1.00773E+00    1.00009E-17
 1.00873E+00    1.00009E-17
 1.04336E+00    1.00010E-17
 1.05038E+00    1.00010E-17
 1.05181E+00    1.00010E-17
 1.06751E+00    1.00010E-17
 1.07169E+00    1.00010E-17
 1.09891E+00    1.00010E-17
 1.20000E+00    1.00011E-17
 1.40000E+00    1.00013E-17
 1.60000E+00    1.00015E-17
 1.80000E+00    1.00017E-17
 2.00000E+00    1.00019E-17
 2.20000E+00    1.00020E-17
 2.40000E+00    1.00022E-17
 2.60000E+00    1.00024E-17
 2.80000E+00    1.00026E-17
 3.00000E+00    6.12762E-17
 3.20000E+00    1.53124E-16
 3.40000E+00    2.09220E-16
 3.60000E+00    1.21320E-15
 3.80000E+00    2.00208E-15
 4.00000E+00    5.46644E-15
 4.20000E+00    1.23398E-14
 4.40000E+00    1.65863E-14
 4.60000E+00    5.30072E-14
 4.80000E+00    7.92276E-14
 5.00000E+00    1.38907E-13
 5.20000E+00    2.96650E-13
 5.40000E+00    1.15844E-12
 5.60000E+00    3.13879E-12
 5.80000E+00    6.50579E-12
 6.00000E+00    6.28311E-12
 6.20000E+00    2.42268E-11
 6.40000E+00    4.23540E-11
 6.60000E+00    4.16236E-11
 6.80000E+00    2.06194E-10
 7.00000E+00    1.89565E-10
 7.20000E+00    6.80509E-10
 7.40000E+00    1.12572E-09
 7.60000E+00    1.11768E-09
 7.80000E+00    4.18296E-09
 8.00000E+00    4.12615E-09
 8.50000E+00    1.62432E-08
 9.00000E+00    5.76003E-08
 9.50000E+00    1.85855E-07
 1.00000E+01    5.51032E-07
 1.05000E+01    1.51451E-06
 1.10000E+01    3.88988E-06
 1.15000E+01    9.40181E-06
 1.20000E+01    2.15187E-05
 1.25000E+01    5.07663E-05
 1.30000E+01    1.05268E-04
 1.35000E+01    2.09927E-04
 1.40000E+01    4.04121E-04
 1.45000E+01    7.53381E-04
 1.50000E+01    1.36380E-03
 1.60000E+01    4.12777E-03
 1.70000E+01    1.13482E-02
 1.80000E+01    3.07712E-02
 1.90000E+01    6.79997E-02
 2.00000E+01    1.42931E-01
 2.10000E+01    2.71147E-01
 2.20000E+01    4.66608E-01
 2.30000E+01    7.30431E-01
 2.40000E+01    1.06260E+00
 2.50000E+01    1.45874E+00
 2.60000E+01    1.91303E+00
 2.70000E+01    2.41893E+00
 2.80000E+01    2.96974E+00
 2.90000E+01    3.55907E+00
 3.00000E+01    4.18116E+00
 3.00000E+01    3.54827E+00
 3.20000E+01    4.66195E+00
 3.40000E+01    5.77380E+00
 3.60000E+01    6.90857E+00
 3.80000E+01    8.05651E+00
 4.00000E+01    9.19852E+00
 4.20000E+01    1.03385E+01
 4.40000E+01    1.15163E+01
 4.60000E+01    1.26975E+01
 4.80000E+01    1.39206E+01
 5.00000E+01    1.51689E+01
 5.20000E+01    1.64145E+01
 5.40000E+01    1.76961E+01
 5.60000E+01    1.90539E+01
 5.80000E+01    2.04540E+01
 6.00000E+01    2.19182E+01
 6.50000E+01    2.59567E+01
 7.00000E+01    3.05049E+01
 7.50000E+01    3.59267E+01
 8.00000E+01    4.21773E+01
 9.00000E+01    5.80331E+01
 1.00000E+02    7.94916E+01
 1.10000E+02    9.81223E+01
 1.20000E+02    1.18989E+02
 1.30000E+02    1.32411E+02
 1.40000E+02    1.43412E+02
 1.50000E+02    1.52954E+02
 1.60000E+02    1.62684E+02
 1.80000E+02    1.87769E+02
 2.00000E+02    2.59504E+02
