# n + Ac214 : (n,np)    
# tendl.2017 A.J. Koning and D. Rochman        EVAL-NOV17
# uncertainties: y
# # energies =    58
#   E(MeV)       xs(mb)       xslow(mb)      xsupp(mb)
 1.19628E+00    0.00000E+00    0.00000E+00    0.00000E+00
 2.60000E+00    7.82424E-17    3.41742E-18    1.53067E-16
 2.80000E+00    7.69406E-13    3.36056E-14    1.50521E-12
 3.00000E+00    3.43128E-11    1.49869E-12    6.71269E-11
 3.20000E+00    6.71442E-10    2.93268E-11    1.31356E-09
 3.40000E+00    1.04818E-08    4.57818E-10    2.05058E-08
 3.60000E+00    9.57340E-08    4.18141E-09    1.87287E-07
 3.80000E+00    6.06397E-07    2.64858E-08    1.18631E-06
 4.00000E+00    3.10064E-06    1.35428E-07    6.06585E-06
 4.20000E+00    1.31596E-05    5.74777E-07    2.57444E-05
 4.40000E+00    4.74646E-05    2.07313E-06    9.28561E-05
 4.60000E+00    1.47130E-04    1.58577E-05    2.78402E-04
 4.80000E+00    4.07151E-04    4.38829E-05    7.70419E-04
 5.00000E+00    1.01356E-03    1.09242E-04    1.91788E-03
 5.20000E+00    2.32118E-03    2.50178E-04    4.39218E-03
 5.40000E+00    4.99770E-03    5.38654E-04    9.45675E-03
 5.60000E+00    1.03574E-02    1.11632E-03    1.95985E-02
 5.80000E+00    1.91086E-02    2.05953E-03    3.61577E-02
 6.00000E+00    3.40700E-02    3.67208E-03    6.44679E-02
 6.20000E+00    5.71703E-02    6.16184E-03    1.08179E-01
 6.40000E+00    9.06894E-02    9.77454E-03    1.71604E-01
 6.60000E+00    1.38381E-01    0.00000E+00    3.81347E-01
 6.80000E+00    2.02836E-01    0.00000E+00    5.58971E-01
 7.00000E+00    2.88993E-01    0.00000E+00    7.96401E-01
 7.20000E+00    4.03881E-01    0.00000E+00    1.11301E+00
 7.40000E+00    5.53222E-01    0.00000E+00    1.52456E+00
 7.60000E+00    7.46156E-01    0.00000E+00    2.05624E+00
 7.80000E+00    9.98779E-01    0.00000E+00    2.75241E+00
 8.00000E+00    1.32144E+00    0.00000E+00    3.64160E+00
 8.50000E+00    2.46497E+00    0.00000E+00    6.79291E+00
 9.00000E+00    4.31330E+00    4.80038E-01    8.14656E+00
 9.50000E+00    7.41398E+00    8.25120E-01    1.40028E+01
 1.00000E+01    1.23761E+01    1.37737E+00    2.33748E+01
 1.05000E+01    1.79190E+01    1.99425E+00    3.38438E+01
 1.10000E+01    2.26262E+01    2.51813E+00    4.27343E+01
 1.15000E+01    2.63189E+01    2.92910E+00    4.97087E+01
 1.20000E+01    2.89654E+01    3.22363E+00    5.47072E+01
 1.25000E+01    3.09032E+01    3.43929E+00    5.83671E+01
 1.30000E+01    3.23458E+01    1.73713E+01    4.73203E+01
 1.35000E+01    3.35082E+01    1.79956E+01    4.90208E+01
 1.40000E+01    3.43929E+01    1.84707E+01    5.03151E+01
 1.45000E+01    3.52048E+01    1.89068E+01    5.15028E+01
 1.50000E+01    3.59576E+01    1.93111E+01    5.26041E+01
 1.60000E+01    3.81421E+01    1.15620E+01    6.47222E+01
 1.70000E+01    4.18089E+01    1.26735E+01    7.09443E+01
 1.80000E+01    4.65097E+01    1.40985E+01    7.89209E+01
 1.90000E+01    5.18480E+01    1.57167E+01    8.79793E+01
 2.00000E+01    6.02799E+01    1.12976E+01    1.09262E+02
 2.10000E+01    6.66952E+01    1.24999E+01    1.20890E+02
 2.20000E+01    7.32427E+01    1.37271E+01    1.32758E+02
 2.30000E+01    7.93064E+01    1.48635E+01    1.43749E+02
 2.40000E+01    8.53599E+01    2.05026E+01    1.50217E+02
 2.50000E+01    9.06863E+01    2.17820E+01    1.59591E+02
 2.60000E+01    9.56789E+01    2.29811E+01    1.68377E+02
 2.70000E+01    1.00065E+02    2.40346E+01    1.76095E+02
 2.80000E+01    1.03770E+02    2.49245E+01    1.82615E+02
 2.90000E+01    1.06987E+02    2.56972E+01    1.88277E+02
 3.00000E+01    1.09719E+02    2.63534E+01    1.93085E+02
