# n + Ac214 : (n,nd)    
# tendl.2017 A.J. Koning and D. Rochman        EVAL-NOV17
# uncertainties: y
# # energies =    29
#   E(MeV)       xs(mb)       xslow(mb)      xsupp(mb)
 6.52350E+00    0.00000E+00    0.00000E+00    0.00000E+00
 9.00000E+00    2.08890E-16    0.00000E+00    1.92636E-15
 9.50000E+00    9.84589E-14    0.00000E+00    9.07978E-13
 1.00000E+01    1.13114E-11    0.00000E+00    1.04313E-10
 1.05000E+01    2.66180E-10    0.00000E+00    2.45469E-09
 1.10000E+01    4.68636E-09    0.00000E+00    4.32172E-08
 1.15000E+01    3.94378E-08    0.00000E+00    3.63692E-07
 1.20000E+01    2.18745E-07    0.00000E+00    2.01725E-06
 1.25000E+01    9.58955E-07    0.00000E+00    8.84339E-06
 1.30000E+01    3.70546E-06    0.00000E+00    3.07983E-05
 1.35000E+01    1.41821E-05    0.00000E+00    1.17876E-04
 1.40000E+01    4.80459E-05    0.00000E+00    3.99338E-04
 1.45000E+01    1.46587E-04    0.00000E+00    1.21837E-03
 1.50000E+01    4.39468E-04    0.00000E+00    3.65268E-03
 1.60000E+01    2.90744E-03    0.00000E+00    2.18077E-02
 1.70000E+01    1.44198E-02    0.00000E+00    1.08158E-01
 1.80000E+01    5.48067E-02    0.00000E+00    4.11085E-01
 1.90000E+01    1.66627E-01    0.00000E+00    1.24981E+00
 2.00000E+01    4.22712E-01    0.00000E+00    2.79435E+00
 2.10000E+01    8.92217E-01    0.00000E+00    5.89802E+00
 2.20000E+01    1.62202E+00    0.00000E+00    1.07224E+01
 2.30000E+01    2.63812E+00    0.00000E+00    1.74394E+01
 2.40000E+01    3.88528E+00    0.00000E+00    2.17539E+01
 2.50000E+01    5.36010E+00    0.00000E+00    3.00115E+01
 2.60000E+01    6.97292E+00    0.00000E+00    3.90418E+01
 2.70000E+01    8.70755E+00    0.00000E+00    4.87540E+01
 2.80000E+01    1.04553E+01    0.00000E+00    5.85398E+01
 2.90000E+01    1.22115E+01    0.00000E+00    6.83729E+01
 3.00000E+01    1.38141E+01    0.00000E+00    7.73459E+01
