# n + Ac232 : (n,d)     
# tendl.2017 A.J. Koning and D. Rochman        EVAL-NOV17
# uncertainties: y
# # energies =    37
#   E(MeV)       xs(mb)       xslow(mb)      xsupp(mb)
 4.14440E+00    0.00000E+00    0.00000E+00    0.00000E+00
 6.80000E+00    1.06209E-17    0.00000E+00    1.06209E-16
 7.00000E+00    1.40867E-16    0.00000E+00    1.40867E-15
 7.20000E+00    1.41919E-15    0.00000E+00    1.41919E-14
 7.40000E+00    1.13211E-14    0.00000E+00    1.13211E-13
 7.60000E+00    7.41675E-14    0.00000E+00    7.41675E-13
 7.80000E+00    1.46895E-12    0.00000E+00    1.46895E-11
 8.00000E+00    7.75893E-12    0.00000E+00    7.75893E-11
 8.50000E+00    1.35287E-10    0.00000E+00    1.35287E-09
 9.00000E+00    3.71932E-09    0.00000E+00    3.13217E-08
 9.50000E+00    5.11659E-08    0.00000E+00    4.30887E-07
 1.00000E+01    4.86797E-07    0.00000E+00    4.09949E-06
 1.05000E+01    3.43106E-06    0.00000E+00    2.88942E-05
 1.10000E+01    1.90470E-05    0.00000E+00    1.60402E-04
 1.15000E+01    8.68317E-05    0.00000E+00    7.31241E-04
 1.20000E+01    3.34894E-04    0.00000E+00    2.82026E-03
 1.25000E+01    1.11753E-03    0.00000E+00    9.41112E-03
 1.30000E+01    3.28218E-03    0.00000E+00    1.40708E-02
 1.35000E+01    8.60111E-03    0.00000E+00    3.68733E-02
 1.40000E+01    2.03684E-02    0.00000E+00    8.73200E-02
 1.45000E+01    4.40085E-02    0.00000E+00    1.88666E-01
 1.50000E+01    8.74608E-02    0.00000E+00    3.74948E-01
 1.60000E+01    2.76253E-01    0.00000E+00    5.63903E-01
 1.70000E+01    6.84293E-01    0.00000E+00    1.39682E+00
 1.80000E+01    1.31616E+00    0.00000E+00    2.68662E+00
 1.90000E+01    2.12129E+00    0.00000E+00    4.33009E+00
 2.00000E+01    3.00055E+00    1.19570E+00    4.80540E+00
 2.10000E+01    3.82795E+00    1.52542E+00    6.13048E+00
 2.20000E+01    4.56892E+00    1.82069E+00    7.31715E+00
 2.30000E+01    5.18260E+00    2.06524E+00    8.29996E+00
 2.40000E+01    5.66900E+00    2.95279E+00    8.38521E+00
 2.50000E+01    6.06763E+00    3.16042E+00    8.97484E+00
 2.60000E+01    5.97823E+00    3.11386E+00    8.84260E+00
 2.70000E+01    6.18239E+00    3.22020E+00    9.14458E+00
 2.80000E+01    6.33673E+00    3.30059E+00    9.37287E+00
 2.90000E+01    6.41427E+00    3.34098E+00    9.48756E+00
 3.00000E+01    6.46873E+00    3.36934E+00    9.56812E+00
