# n + Ac232 : (n,t)     
# tendl.2017 A.J. Koning and D. Rochman        EVAL-NOV17
# uncertainties: y
# # energies =    43
#   E(MeV)       xs(mb)       xslow(mb)      xsupp(mb)
 2.25010E+00    0.00000E+00    0.00000E+00    0.00000E+00
 5.60000E+00    1.65655E-17    1.65655E-17    1.65655E-17
 5.80000E+00    1.20117E-16    1.20117E-16    1.20117E-16
 6.00000E+00    7.56412E-16    7.56412E-16    7.56412E-16
 6.20000E+00    4.17127E-15    4.17127E-15    4.17127E-15
 6.40000E+00    2.21781E-14    2.21781E-14    2.21781E-14
 6.60000E+00    2.53867E-14    0.00000E+00    2.51540E-13
 6.80000E+00    2.10710E-12    0.00000E+00    2.08778E-11
 7.00000E+00    4.83903E-12    0.00000E+00    4.79467E-11
 7.20000E+00    8.45100E-12    0.00000E+00    8.37353E-11
 7.40000E+00    9.17069E-11    0.00000E+00    9.08662E-10
 7.60000E+00    1.58913E-10    0.00000E+00    1.57456E-09
 7.80000E+00    2.82962E-10    0.00000E+00    2.80368E-09
 8.00000E+00    1.13781E-09    0.00000E+00    1.12738E-08
 8.50000E+00    1.00323E-08    0.00000E+00    9.94034E-08
 9.00000E+00    6.78592E-08    0.00000E+00    5.66373E-07
 9.50000E+00    3.74835E-07    0.00000E+00    3.12848E-06
 1.00000E+01    1.78250E-06    0.00000E+00    1.48773E-05
 1.05000E+01    7.59945E-06    0.00000E+00    6.34272E-05
 1.10000E+01    2.97592E-05    0.00000E+00    2.48379E-04
 1.15000E+01    1.07520E-04    0.00000E+00    8.97393E-04
 1.20000E+01    3.61759E-04    0.00000E+00    3.01935E-03
 1.25000E+01    1.11952E-03    0.00000E+00    9.34384E-03
 1.30000E+01    3.16807E-03    0.00000E+00    1.11199E-02
 1.35000E+01    8.15650E-03    0.00000E+00    2.86293E-02
 1.40000E+01    1.90402E-02    0.00000E+00    6.68311E-02
 1.45000E+01    4.03040E-02    0.00000E+00    1.41467E-01
 1.50000E+01    7.76979E-02    0.00000E+00    2.72720E-01
 1.60000E+01    2.25213E-01    0.00000E+00    4.90592E-01
 1.70000E+01    4.76930E-01    0.00000E+00    1.03892E+00
 1.80000E+01    8.81169E-01    0.00000E+00    1.91949E+00
 1.90000E+01    1.38960E+00    0.00000E+00    3.02703E+00
 2.00000E+01    1.92845E+00    0.00000E+00    4.15535E+00
 2.10000E+01    2.42416E+00    0.00000E+00    5.22348E+00
 2.20000E+01    2.82846E+00    0.00000E+00    6.09465E+00
 2.30000E+01    3.09810E+00    0.00000E+00    6.67566E+00
 2.40000E+01    3.28191E+00    0.00000E+00    7.14879E+00
 2.50000E+01    3.34593E+00    0.00000E+00    7.28824E+00
 2.60000E+01    3.37646E+00    0.00000E+00    7.35474E+00
 2.70000E+01    3.33551E+00    0.00000E+00    7.26554E+00
 2.80000E+01    3.27608E+00    0.00000E+00    7.13609E+00
 2.90000E+01    3.17027E+00    0.00000E+00    6.90561E+00
 3.00000E+01    3.05424E+00    0.00000E+00    6.65287E+00
