# n + Ac232 : (n,nd)    
# tendl.2017 A.J. Koning and D. Rochman        EVAL-NOV17
# uncertainties: y
# # energies =    24
#   E(MeV)       xs(mb)       xslow(mb)      xsupp(mb)
 8.53454E+00    0.00000E+00    0.00000E+00    0.00000E+00
 1.15000E+01    5.39237E-15    5.39237E-15    5.39237E-15
 1.20000E+01    1.42903E-12    1.42903E-12    1.42903E-12
 1.25000E+01    1.23132E-10    1.23132E-10    1.23132E-10
 1.30000E+01    2.93815E-09    0.00000E+00    2.48462E-08
 1.35000E+01    3.88903E-08    0.00000E+00    3.28872E-07
 1.40000E+01    3.63036E-07    0.00000E+00    3.06998E-06
 1.45000E+01    2.97149E-06    0.00000E+00    2.51281E-05
 1.50000E+01    1.66874E-05    0.00000E+00    1.41115E-04
 1.60000E+01    2.93798E-04    0.00000E+00    1.12668E-03
 1.70000E+01    2.86392E-03    0.00000E+00    1.09828E-02
 1.80000E+01    1.70625E-02    0.00000E+00    6.54327E-02
 1.90000E+01    6.91088E-02    0.00000E+00    2.65024E-01
 2.00000E+01    2.02450E-01    0.00000E+00    4.51676E-01
 2.10000E+01    4.88778E-01    0.00000E+00    1.09049E+00
 2.20000E+01    9.28549E-01    0.00000E+00    2.07164E+00
 2.30000E+01    1.52841E+00    0.00000E+00    3.40996E+00
 2.40000E+01    2.26541E+00    4.82931E-01    4.04789E+00
 2.50000E+01    3.10737E+00    6.62417E-01    5.55232E+00
 2.60000E+01    3.98763E+00    8.50067E-01    7.12519E+00
 2.70000E+01    4.89396E+00    1.04327E+00    8.74465E+00
 2.80000E+01    5.74862E+00    1.22547E+00    1.02718E+01
 2.90000E+01    6.51599E+00    1.38905E+00    1.16429E+01
 3.00000E+01    7.15345E+00    1.52494E+00    1.27820E+01
