# n + Ac232 : (n,4n)    
# tendl.2017 A.J. Koning and D. Rochman        EVAL-NOV17
# uncertainties: n
# # energies =    46
#   E(MeV)       xs(mb) 
 1.58179E+01    0.00000E+00
 1.60000E+01    1.80637E-01
 1.70000E+01    1.85591E+01
 1.80000E+01    9.88955E+01
 1.90000E+01    2.70338E+02
 2.00000E+01    5.07956E+02
 2.10000E+01    7.69398E+02
 2.20000E+01    1.00585E+03
 2.30000E+01    1.19642E+03
 2.40000E+01    1.33302E+03
 2.50000E+01    1.41533E+03
 2.60000E+01    1.43619E+03
 2.70000E+01    1.40169E+03
 2.80000E+01    1.31706E+03
 2.90000E+01    1.20059E+03
 3.00000E+01    1.06993E+03
 3.00000E+01    1.05165E+03
 3.20000E+01    8.02607E+02
 3.40000E+01    6.16068E+02
 3.60000E+01    4.87978E+02
 3.80000E+01    3.97659E+02
 4.00000E+01    3.35920E+02
 4.20000E+01    2.94760E+02
 4.40000E+01    2.63292E+02
 4.60000E+01    2.39194E+02
 4.80000E+01    2.21678E+02
 5.00000E+01    2.07400E+02
 5.20000E+01    1.94769E+02
 5.40000E+01    1.84552E+02
 5.60000E+01    1.76569E+02
 5.80000E+01    1.70531E+02
 6.00000E+01    1.64927E+02
 6.50000E+01    1.53773E+02
 7.00000E+01    1.45083E+02
 7.50000E+01    1.37140E+02
 8.00000E+01    1.30891E+02
 9.00000E+01    1.19156E+02
 1.00000E+02    1.09158E+02
 1.10000E+02    1.02405E+02
 1.20000E+02    9.47847E+01
 1.30000E+02    9.01017E+01
 1.40000E+02    8.40906E+01
 1.50000E+02    7.98730E+01
 1.60000E+02    7.48151E+01
 1.80000E+02    6.85100E+01
 2.00000E+02    6.14901E+01
