# n + Ac232 : (n,n'01)  
# tendl.2017 A.J. Koning and D. Rochman        EVAL-NOV17
# uncertainties: y
# # energies =   108
#   E(MeV)       xs(mb)       xslow(mb)      xsupp(mb)
 7.53260E-03    0.00000E+00   -0.00000E+00    0.00000E+00
 1.00000E-02    9.50201E+00    0.00000E+00    9.50201E+01
 2.00000E-02    1.43057E+01    0.00000E+00    1.43057E+02
 3.00000E-02    1.61047E+01    4.46944E+00    2.77400E+01
 6.00000E-02    2.31964E+01    6.43755E+00    3.99552E+01
 1.00000E-01    3.59035E+01    9.96407E+00    6.18429E+01
 1.05657E-01    3.75472E+01    1.04202E+01    6.46741E+01
 2.00000E-01    6.49591E+01    0.00000E+00    1.29918E+02
 3.00000E-01    8.06754E+01    0.00000E+00    1.61351E+02
 4.00000E-01    8.46616E+01    0.00000E+00    1.69323E+02
 4.80580E-01    8.14293E+01    0.00000E+00    1.62859E+02
 4.81715E-01    8.13838E+01    0.00000E+00    1.62768E+02
 4.85628E-01    8.12268E+01    0.00000E+00    1.62454E+02
 4.89506E-01    8.10713E+01    0.00000E+00    1.62143E+02
 4.90562E-01    8.10289E+01    0.00000E+00    1.62058E+02
 4.92360E-01    8.09568E+01    0.00000E+00    1.61914E+02
 4.93154E-01    8.09249E+01    0.00000E+00    1.61850E+02
 4.93737E-01    8.09015E+01    0.00000E+00    1.61803E+02
 4.96077E-01    8.08077E+01    0.00000E+00    1.61615E+02
 4.97414E-01    8.07540E+01    0.00000E+00    1.61508E+02
 4.99400E-01    8.06744E+01    0.00000E+00    1.61349E+02
 5.00000E-01    8.06503E+01    0.00000E+00    1.61301E+02
 5.01678E-01    8.03191E+01    0.00000E+00    1.60638E+02
 5.02953E-01    8.00675E+01    0.00000E+00    1.60135E+02
 5.04496E-01    7.97630E+01    0.00000E+00    1.59526E+02
 5.06530E-01    7.93616E+01    0.00000E+00    1.58723E+02
 5.07560E-01    7.91583E+01    0.00000E+00    1.58317E+02
 5.08615E-01    7.89501E+01    0.00000E+00    1.57900E+02
 5.09721E-01    7.87318E+01    0.00000E+00    1.57464E+02
 5.11172E-01    7.84455E+01    0.00000E+00    1.56891E+02
 5.14295E-01    7.78291E+01    0.00000E+00    1.55658E+02
 5.16147E-01    7.74636E+01    0.00000E+00    1.54927E+02
 5.18461E-01    7.70070E+01    0.00000E+00    1.54014E+02
 5.19771E-01    7.67484E+01    0.00000E+00    1.53497E+02
 5.21385E-01    7.64299E+01    0.00000E+00    1.52860E+02
 5.23265E-01    7.60589E+01    0.00000E+00    1.52118E+02
 5.24139E-01    7.58864E+01    0.00000E+00    1.51773E+02
 5.24886E-01    7.57390E+01    0.00000E+00    1.51478E+02
 5.28482E-01    7.50293E+01    0.00000E+00    1.50059E+02
 6.00000E-01    6.09149E+01    0.00000E+00    1.21830E+02
 7.00000E-01    4.11145E+01    0.00000E+00    8.22290E+01
 8.00000E-01    2.68206E+01    0.00000E+00    5.36412E+01
 9.00000E-01    1.78043E+01    0.00000E+00    3.56086E+01
 1.00000E+00    1.21983E+01    0.00000E+00    2.43966E+01
 1.20000E+00    6.65904E+00    0.00000E+00    1.33181E+01
 1.40000E+00    4.05933E+00    0.00000E+00    8.11866E+00
 1.60000E+00    2.44466E+00    0.00000E+00    4.88932E+00
 1.80000E+00    1.38388E+00    0.00000E+00    2.76776E+00
 2.00000E+00    7.64186E-01    0.00000E+00    1.52837E+00
 2.20000E+00    4.31092E-01    0.00000E+00    8.62184E-01
 2.40000E+00    2.50253E-01    0.00000E+00    5.00506E-01
 2.60000E+00    1.47817E-01    1.14828E-04    2.95519E-01
 2.80000E+00    8.80283E-02    6.83828E-05    1.75988E-01
 3.00000E+00    5.26506E-02    4.09004E-05    1.05260E-01
 3.20000E+00    3.15899E-02    2.45399E-05    6.31553E-02
 3.40000E+00    1.90005E-02    1.47601E-05    3.79862E-02
 3.60000E+00    1.14562E-02    8.89949E-06    2.29035E-02
 3.80000E+00    6.93282E-03    5.38561E-06    1.38603E-02
 4.00000E+00    4.21803E-03    3.27668E-06    8.43278E-03
 4.20000E+00    2.58609E-03    2.00895E-06    5.17017E-03
 4.40000E+00    1.59877E-03    1.24197E-06    3.19630E-03
 4.60000E+00    9.97580E-04    2.25141E-05    1.97265E-03
 4.80000E+00    6.28064E-04    1.41746E-05    1.24195E-03
 5.00000E+00    3.99909E-04    9.02543E-06    7.90793E-04
 5.20000E+00    2.56166E-04    5.78133E-06    5.06551E-04
 5.40000E+00    1.65680E-04    3.73918E-06    3.27621E-04
 5.60000E+00    1.08423E-04    2.44697E-06    2.14399E-04
 5.80000E+00    7.16316E-05    1.61663E-06    1.41647E-04
 6.00000E+00    4.79090E-05    1.08124E-06    9.47368E-05
 6.20000E+00    3.23351E-05    7.29761E-07    6.39404E-05
 6.40000E+00    2.20357E-05    4.97317E-07    4.35741E-05
 6.60000E+00    1.51747E-05    2.76454E-06    2.75849E-05
 6.80000E+00    1.05334E-05    1.91898E-06    1.91478E-05
 7.00000E+00    7.39030E-06    1.34637E-06    1.34342E-05
 7.20000E+00    5.22136E-06    9.51232E-07    9.49149E-06
 7.40000E+00    3.71602E-06    6.76988E-07    6.75505E-06
 7.60000E+00    2.66431E-06    4.85387E-07    4.84323E-06
 7.80000E+00    1.91861E-06    3.49534E-07    3.48769E-06
 8.00000E+00    1.39073E-06    2.53365E-07    2.52810E-06
 8.50000E+00    6.33196E-07    1.15356E-07    1.15104E-06
 9.00000E+00    2.95379E-07    2.95379E-07    2.95379E-07
 9.50000E+00    1.40869E-07    1.40869E-07    1.40869E-07
 1.00000E+01    6.86455E-08    6.86455E-08    6.86455E-08
 1.05000E+01    3.41731E-08    3.41731E-08    3.41731E-08
 1.10000E+01    1.73926E-08    1.73926E-08    1.73926E-08
 1.15000E+01    9.04710E-09    9.04710E-09    9.04710E-09
 1.20000E+01    4.80825E-09    4.80825E-09    4.80825E-09
 1.25000E+01    2.60830E-09    2.60830E-09    2.60830E-09
 1.30000E+01    1.44248E-09    1.44248E-09    1.44248E-09
 1.35000E+01    8.12040E-10    8.12040E-10    8.12040E-10
 1.40000E+01    4.64867E-10    4.64867E-10    4.64867E-10
 1.45000E+01    2.70371E-10    2.70371E-10    2.70371E-10
 1.50000E+01    1.59659E-10    1.59659E-10    1.59659E-10
 1.60000E+01    5.81667E-11    5.81667E-11    5.81667E-11
 1.70000E+01    2.23060E-11    2.23060E-11    2.23060E-11
 1.80000E+01    9.06158E-12    9.06158E-12    9.06158E-12
 1.90000E+01    3.86221E-12    3.86221E-12    3.86221E-12
 2.00000E+01    1.71794E-12    1.71794E-12    1.71794E-12
 2.10000E+01    7.93854E-13    7.93854E-13    7.93854E-13
 2.20000E+01    3.79099E-13    3.79099E-13    3.79099E-13
 2.30000E+01    1.86781E-13    1.86781E-13    1.86781E-13
 2.40000E+01    9.49018E-14    9.49018E-14    9.49018E-14
 2.50000E+01    4.96869E-14    4.96869E-14    4.96869E-14
 2.60000E+01    2.67968E-14    2.67968E-14    2.67968E-14
 2.70000E+01    1.48620E-14    1.48620E-14    1.48620E-14
 2.80000E+01    8.43341E-15    8.43341E-15    8.43341E-15
 2.90000E+01    4.89041E-15    4.89041E-15    4.89041E-15
 3.00000E+01    2.89339E-15    2.89339E-15    2.89339E-15
