# n + Ac232 : (n,n'11)  
# tendl.2017 A.J. Koning and D. Rochman        EVAL-NOV17
# uncertainties: n
# # energies =    90
#   E(MeV)       xs(mb) 
 4.96077E-01    0.00000E+00
 4.97414E-01    1.02906E-04
 4.99400E-01    2.55765E-04
 5.00000E-01    3.01947E-04
 5.01678E-01    4.27744E-04
 5.02953E-01    5.23329E-04
 5.04496E-01    6.39005E-04
 5.06530E-01    7.91492E-04
 5.07560E-01    8.68712E-04
 5.08615E-01    9.47804E-04
 5.09721E-01    1.03072E-03
 5.11172E-01    1.13950E-03
 5.14295E-01    1.37362E-03
 5.16147E-01    1.51247E-03
 5.18461E-01    1.68594E-03
 5.19771E-01    1.78415E-03
 5.21385E-01    1.90515E-03
 5.23265E-01    2.04609E-03
 5.24139E-01    2.11162E-03
 5.24886E-01    2.16762E-03
 5.28482E-01    2.43721E-03
 6.00000E-01    7.79882E-03
 7.00000E-01    2.56578E-02
 8.00000E-01    4.89547E-02
 9.00000E-01    7.32904E-02
 1.00000E+00    9.57754E-02
 1.20000E+00    1.33087E-01
 1.40000E+00    1.50355E-01
 1.60000E+00    1.50397E-01
 1.80000E+00    1.49607E-01
 2.00000E+00    1.62202E-01
 2.20000E+00    1.92140E-01
 2.40000E+00    2.35863E-01
 2.60000E+00    2.87996E-01
 2.80000E+00    3.43889E-01
 3.00000E+00    4.00324E-01
 3.20000E+00    4.55315E-01
 3.40000E+00    5.07739E-01
 3.60000E+00    5.57122E-01
 3.80000E+00    6.03480E-01
 4.00000E+00    6.47215E-01
 4.20000E+00    6.89042E-01
 4.40000E+00    7.29886E-01
 4.60000E+00    7.70797E-01
 4.80000E+00    8.12844E-01
 5.00000E+00    8.56970E-01
 5.20000E+00    9.03941E-01
 5.40000E+00    9.54236E-01
 5.60000E+00    1.00797E+00
 5.80000E+00    1.06481E+00
 6.00000E+00    1.12400E+00
 6.20000E+00    1.18421E+00
 6.40000E+00    1.24381E+00
 6.60000E+00    1.30081E+00
 6.80000E+00    1.35328E+00
 7.00000E+00    1.39940E+00
 7.20000E+00    1.43781E+00
 7.40000E+00    1.46771E+00
 7.60000E+00    1.48891E+00
 7.80000E+00    1.50179E+00
 8.00000E+00    1.50715E+00
 8.50000E+00    1.49519E+00
 9.00000E+00    1.46193E+00
 9.50000E+00    1.42220E+00
 1.00000E+01    1.38488E+00
 1.05000E+01    1.35385E+00
 1.10000E+01    1.32957E+00
 1.15000E+01    1.31032E+00
 1.20000E+01    1.29350E+00
 1.25000E+01    1.27662E+00
 1.30000E+01    1.25793E+00
 1.35000E+01    1.23670E+00
 1.40000E+01    1.21306E+00
 1.45000E+01    1.18764E+00
 1.50000E+01    1.16130E+00
 1.60000E+01    1.10879E+00
 1.70000E+01    1.05946E+00
 1.80000E+01    1.01407E+00
 1.90000E+01    9.71578E-01
 2.00000E+01    9.30646E-01
 2.10000E+01    8.90670E-01
 2.20000E+01    8.52009E-01
 2.30000E+01    8.15618E-01
 2.40000E+01    7.82343E-01
 2.50000E+01    7.52488E-01
 2.60000E+01    7.25809E-01
 2.70000E+01    7.01684E-01
 2.80000E+01    6.79345E-01
 2.90000E+01    6.58114E-01
 3.00000E+01    6.37628E-01
