# n + Ac232 : (n,n'14)  
# tendl.2017 A.J. Koning and D. Rochman        EVAL-NOV17
# uncertainties: n
# # energies =    86
#   E(MeV)       xs(mb) 
 5.01678E-01    0.00000E+00
 5.02953E-01    1.56314E-01
 5.04496E-01    3.45483E-01
 5.06530E-01    5.94851E-01
 5.07560E-01    7.21131E-01
 5.08615E-01    8.50474E-01
 5.09721E-01    9.86064E-01
 5.11172E-01    1.16396E+00
 5.14295E-01    1.54683E+00
 5.16147E-01    1.77389E+00
 5.18461E-01    2.05758E+00
 5.19771E-01    2.21819E+00
 5.21385E-01    2.41606E+00
 5.23265E-01    2.64655E+00
 5.24139E-01    2.75370E+00
 5.24886E-01    2.84528E+00
 5.28482E-01    3.28615E+00
 6.00000E-01    1.20542E+01
 7.00000E-01    1.90456E+01
 8.00000E-01    1.94939E+01
 9.00000E-01    1.74462E+01
 1.00000E+00    1.49123E+01
 1.20000E+00    1.09892E+01
 1.40000E+00    8.00817E+00
 1.60000E+00    5.55930E+00
 1.80000E+00    3.63391E+00
 2.00000E+00    2.27647E+00
 2.20000E+00    1.40760E+00
 2.40000E+00    8.69824E-01
 2.60000E+00    5.36841E-01
 2.80000E+00    3.30091E-01
 3.00000E+00    2.02313E-01
 3.20000E+00    1.23869E-01
 3.40000E+00    7.58858E-02
 3.60000E+00    4.65736E-02
 3.80000E+00    2.86740E-02
 4.00000E+00    1.77273E-02
 4.20000E+00    1.10205E-02
 4.40000E+00    6.89329E-03
 4.60000E+00    4.34372E-03
 4.80000E+00    2.75707E-03
 5.00000E+00    1.76787E-03
 5.20000E+00    1.14009E-03
 5.40000E+00    7.42048E-04
 5.60000E+00    4.88635E-04
 5.80000E+00    3.24947E-04
 6.00000E+00    2.18742E-04
 6.20000E+00    1.48625E-04
 6.40000E+00    1.01956E-04
 6.60000E+00    7.06618E-05
 6.80000E+00    4.93646E-05
 7.00000E+00    3.48502E-05
 7.20000E+00    2.47713E-05
 7.40000E+00    1.77362E-05
 7.60000E+00    1.27920E-05
 7.80000E+00    9.26420E-06
 8.00000E+00    6.75372E-06
 8.50000E+00    3.11617E-06
 9.00000E+00    1.47227E-06
 9.50000E+00    7.11123E-07
 1.00000E+01    3.51049E-07
 1.05000E+01    1.77051E-07
 1.10000E+01    9.12675E-08
 1.15000E+01    4.80526E-08
 1.20000E+01    2.58245E-08
 1.25000E+01    1.41490E-08
 1.30000E+01    7.89294E-09
 1.35000E+01    4.47618E-09
 1.40000E+01    2.57835E-09
 1.45000E+01    1.50737E-09
 1.50000E+01    8.94039E-10
 1.60000E+01    3.28079E-10
 1.70000E+01    1.26617E-10
 1.80000E+01    5.17715E-11
 1.90000E+01    2.22209E-11
 2.00000E+01    9.95565E-12
 2.10000E+01    4.63168E-12
 2.20000E+01    2.22470E-12
 2.30000E+01    1.10131E-12
 2.40000E+01    5.61799E-13
 2.50000E+01    2.95204E-13
 2.60000E+01    1.59767E-13
 2.70000E+01    8.89092E-14
 2.80000E+01    5.06103E-14
 2.90000E+01    2.94334E-14
 3.00000E+01    1.74621E-14
