# n + Ac232 : (n,n'15)  
# tendl.2017 A.J. Koning and D. Rochman        EVAL-NOV17
# uncertainties: n
# # energies =    85
#   E(MeV)       xs(mb) 
 5.02953E-01    0.00000E+00
 5.04496E-01    1.89108E-08
 5.06530E-01    4.38397E-08
 5.07560E-01    5.64637E-08
 5.08615E-01    6.93938E-08
 5.09721E-01    8.29485E-08
 5.11172E-01    1.00732E-07
 5.14295E-01    1.39007E-07
 5.16147E-01    1.61706E-07
 5.18461E-01    1.90066E-07
 5.19771E-01    2.06121E-07
 5.21385E-01    2.25903E-07
 5.23265E-01    2.48944E-07
 5.24139E-01    2.59655E-07
 5.24886E-01    2.68811E-07
 5.28482E-01    3.12884E-07
 6.00000E-01    1.18941E-06
 7.00000E-01    1.73772E-05
 8.00000E-01    8.23273E-05
 9.00000E-01    2.46978E-04
 1.00000E+00    5.72368E-04
 1.20000E+00    1.96994E-03
 1.40000E+00    4.29760E-03
 1.60000E+00    6.48867E-03
 1.80000E+00    7.51872E-03
 2.00000E+00    7.83682E-03
 2.20000E+00    8.81733E-03
 2.40000E+00    1.17012E-02
 2.60000E+00    1.74505E-02
 2.80000E+00    2.67681E-02
 3.00000E+00    3.99285E-02
 3.20000E+00    5.65433E-02
 3.40000E+00    7.55379E-02
 3.60000E+00    9.54346E-02
 3.80000E+00    1.14782E-01
 4.00000E+00    1.32533E-01
 4.20000E+00    1.48281E-01
 4.40000E+00    1.62261E-01
 4.60000E+00    1.75204E-01
 4.80000E+00    1.88123E-01
 5.00000E+00    2.02116E-01
 5.20000E+00    2.18262E-01
 5.40000E+00    2.37564E-01
 5.60000E+00    2.60921E-01
 5.80000E+00    2.89090E-01
 6.00000E+00    3.22637E-01
 6.20000E+00    3.61852E-01
 6.40000E+00    4.06659E-01
 6.60000E+00    4.56528E-01
 6.80000E+00    5.10456E-01
 7.00000E+00    5.66990E-01
 7.20000E+00    6.24353E-01
 7.40000E+00    6.80635E-01
 7.60000E+00    7.34009E-01
 7.80000E+00    7.82910E-01
 8.00000E+00    8.26170E-01
 8.50000E+00    9.05791E-01
 9.00000E+00    9.45151E-01
 9.50000E+00    9.52004E-01
 1.00000E+01    9.37245E-01
 1.05000E+01    9.11086E-01
 1.10000E+01    8.81142E-01
 1.15000E+01    8.51869E-01
 1.20000E+01    8.25104E-01
 1.25000E+01    8.01063E-01
 1.30000E+01    7.79295E-01
 1.35000E+01    7.59346E-01
 1.40000E+01    7.40982E-01
 1.45000E+01    7.24167E-01
 1.50000E+01    7.08981E-01
 1.60000E+01    6.83744E-01
 1.70000E+01    6.64949E-01
 1.80000E+01    6.50674E-01
 1.90000E+01    6.37890E-01
 2.00000E+01    6.23738E-01
 2.10000E+01    6.06836E-01
 2.20000E+01    5.87722E-01
 2.30000E+01    5.68208E-01
 2.40000E+01    5.50077E-01
 2.50000E+01    5.34219E-01
 2.60000E+01    5.20568E-01
 2.70000E+01    5.08409E-01
 2.80000E+01    4.96721E-01
 2.90000E+01    4.84574E-01
 3.00000E+01    4.71554E-01
