# n + Ac232 : (n,n'23)  
# tendl.2017 A.J. Koning and D. Rochman        EVAL-NOV17
# uncertainties: n
# # energies =    77
#   E(MeV)       xs(mb) 
 5.16147E-01    0.00000E+00
 5.18461E-01    5.89949E-17
 5.19771E-01    9.23932E-17
 5.21385E-01    1.33543E-16
 5.23265E-01    1.81473E-16
 5.24139E-01    2.03756E-16
 5.24886E-01    2.22801E-16
 5.28482E-01    3.14482E-16
 6.00000E-01    2.13784E-15
 7.00000E-01    1.25347E-13
 8.00000E-01    1.56121E-12
 9.00000E-01    9.99540E-12
 1.00000E+00    4.31637E-11
 1.20000E+00    3.96577E-10
 1.40000E+00    1.89721E-09
 1.60000E+00    5.72598E-09
 1.80000E+00    1.25280E-08
 2.00000E+00    2.26853E-08
 2.20000E+00    3.78886E-08
 2.40000E+00    6.22197E-08
 2.60000E+00    1.04755E-07
 2.80000E+00    1.85627E-07
 3.00000E+00    3.48782E-07
 3.20000E+00    6.81982E-07
 3.40000E+00    1.34532E-06
 3.60000E+00    2.61066E-06
 3.80000E+00    4.91528E-06
 4.00000E+00    8.93988E-06
 4.20000E+00    1.57294E-05
 4.40000E+00    2.68765E-05
 4.60000E+00    4.47871E-05
 4.80000E+00    7.30367E-05
 5.00000E+00    1.16825E-04
 5.20000E+00    1.83560E-04
 5.40000E+00    2.83488E-04
 5.60000E+00    4.30404E-04
 5.80000E+00    6.42279E-04
 6.00000E+00    9.41680E-04
 6.20000E+00    1.35579E-03
 6.40000E+00    1.91587E-03
 6.60000E+00    2.65602E-03
 6.80000E+00    3.61142E-03
 7.00000E+00    4.81620E-03
 7.20000E+00    6.30152E-03
 7.40000E+00    8.09421E-03
 7.60000E+00    1.02165E-02
 7.80000E+00    1.26864E-02
 8.00000E+00    1.55198E-02
 8.50000E+00    2.42916E-02
 9.00000E+00    3.56922E-02
 9.50000E+00    5.00294E-02
 1.00000E+01    6.75497E-02
 1.05000E+01    8.82641E-02
 1.10000E+01    1.11799E-01
 1.15000E+01    1.37345E-01
 1.20000E+01    1.63770E-01
 1.25000E+01    1.89845E-01
 1.30000E+01    2.14481E-01
 1.35000E+01    2.36906E-01
 1.40000E+01    2.56705E-01
 1.45000E+01    2.73781E-01
 1.50000E+01    2.88287E-01
 1.60000E+01    3.10834E-01
 1.70000E+01    3.27004E-01
 1.80000E+01    3.38587E-01
 1.90000E+01    3.46075E-01
 2.00000E+01    3.49378E-01
 2.10000E+01    3.48724E-01
 2.20000E+01    3.45131E-01
 2.30000E+01    3.40202E-01
 2.40000E+01    3.35415E-01
 2.50000E+01    3.31584E-01
 2.60000E+01    3.28808E-01
 2.70000E+01    3.26647E-01
 2.80000E+01    3.24358E-01
 2.90000E+01    3.21209E-01
 3.00000E+01    3.16835E-01
