# n + Ac232 : (n,n'28)  
# tendl.2017 A.J. Koning and D. Rochman        EVAL-NOV17
# uncertainties: n
# # energies =    71
#   E(MeV)       xs(mb) 
 5.24886E-01    0.00000E+00
 5.28482E-01    5.37663E-01
 6.00000E-01    1.12308E+01
 7.00000E-01    1.45712E+01
 8.00000E-01    1.34823E+01
 9.00000E-01    1.12358E+01
 1.00000E+00    9.00305E+00
 1.20000E+00    5.83139E+00
 1.40000E+00    3.75772E+00
 1.60000E+00    2.34472E+00
 1.80000E+00    1.41824E+00
 2.00000E+00    8.58501E-01
 2.20000E+00    5.34539E-01
 2.40000E+00    3.41542E-01
 2.60000E+00    2.20653E-01
 2.80000E+00    1.42562E-01
 3.00000E+00    9.17208E-02
 3.20000E+00    5.87681E-02
 3.40000E+00    3.75584E-02
 3.60000E+00    2.39961E-02
 3.80000E+00    1.53641E-02
 4.00000E+00    9.87677E-03
 4.20000E+00    6.38475E-03
 4.40000E+00    4.15132E-03
 4.60000E+00    2.71624E-03
 4.80000E+00    1.78697E-03
 5.00000E+00    1.18520E-03
 5.20000E+00    7.88170E-04
 5.40000E+00    5.27515E-04
 5.60000E+00    3.56075E-04
 5.80000E+00    2.41906E-04
 6.00000E+00    1.65811E-04
 6.20000E+00    1.14309E-04
 6.40000E+00    7.92933E-05
 6.60000E+00    5.53868E-05
 6.80000E+00    3.88763E-05
 7.00000E+00    2.74973E-05
 7.20000E+00    1.95402E-05
 7.40000E+00    1.39615E-05
 7.60000E+00    1.00362E-05
 7.80000E+00    7.24007E-06
 8.00000E+00    5.25529E-06
 8.50000E+00    2.40095E-06
 9.00000E+00    1.12625E-06
 9.50000E+00    5.41846E-07
 1.00000E+01    2.67168E-07
 1.05000E+01    1.34857E-07
 1.10000E+01    6.96633E-08
 1.15000E+01    3.67810E-08
 1.20000E+01    1.98289E-08
 1.25000E+01    1.08988E-08
 1.30000E+01    6.09807E-09
 1.35000E+01    3.46723E-09
 1.40000E+01    2.00117E-09
 1.45000E+01    1.17147E-09
 1.50000E+01    6.95242E-10
 1.60000E+01    2.54948E-10
 1.70000E+01    9.81297E-11
 1.80000E+01    3.99773E-11
 1.90000E+01    1.70979E-11
 2.00000E+01    7.63932E-12
 2.10000E+01    3.54742E-12
 2.20000E+01    1.70187E-12
 2.30000E+01    8.41851E-13
 2.40000E+01    4.29208E-13
 2.50000E+01    2.25417E-13
 2.60000E+01    1.21920E-13
 2.70000E+01    6.77898E-14
 2.80000E+01    3.85444E-14
 2.90000E+01    2.23866E-14
 3.00000E+01    1.32643E-14
