# n + Ac229 : (n,2n)    
# tendl.2017 A.J. Koning and D. Rochman        EVAL-NOV17
# uncertainties: y
# # energies =    69
#   E(MeV)       xs(mb)       xslow(mb)      xsupp(mb)
 6.30376E+00    0.00000E+00    0.00000E+00    0.00000E+00
 6.40000E+00    3.37505E+00    1.65934E+00    5.09076E+00
 6.60000E+00    3.23579E+01    1.59087E+01    4.88071E+01
 6.80000E+00    1.12516E+02    5.53182E+01    1.69714E+02
 7.00000E+00    2.42518E+02    1.19233E+02    3.65803E+02
 7.20000E+00    4.02787E+02    1.98029E+02    6.07545E+02
 7.40000E+00    5.76195E+02    2.83285E+02    8.69105E+02
 7.60000E+00    7.51709E+02    3.69576E+02    1.13384E+03
 7.80000E+00    9.23739E+02    4.54154E+02    1.39332E+03
 8.00000E+00    1.09412E+03    5.37922E+02    1.65032E+03
 8.50000E+00    1.47035E+03    7.22894E+02    2.21781E+03
 9.00000E+00    1.74666E+03    6.90713E+02    2.80261E+03
 9.50000E+00    1.93158E+03    7.63840E+02    3.09932E+03
 1.00000E+01    2.05364E+03    8.12108E+02    3.29517E+03
 1.05000E+01    2.13572E+03    8.44566E+02    3.42687E+03
 1.10000E+01    2.19343E+03    8.67388E+02    3.51947E+03
 1.15000E+01    2.23495E+03    8.83807E+02    3.58609E+03
 1.20000E+01    2.24359E+03    8.87223E+02    3.59996E+03
 1.25000E+01    2.17874E+03    8.61579E+02    3.49590E+03
 1.30000E+01    2.03336E+03    3.64546E+02    3.70217E+03
 1.35000E+01    1.82230E+03    3.26707E+02    3.31789E+03
 1.40000E+01    1.57656E+03    2.82650E+02    2.87047E+03
 1.45000E+01    1.33059E+03    2.38552E+02    2.42263E+03
 1.50000E+01    1.11194E+03    1.99352E+02    2.02453E+03
 1.60000E+01    7.74254E+02    0.00000E+00    1.81732E+03
 1.70000E+01    5.72009E+02    0.00000E+00    1.34262E+03
 1.80000E+01    4.52465E+02    0.00000E+00    1.06202E+03
 1.90000E+01    3.82961E+02    0.00000E+00    8.98883E+02
 2.00000E+01    3.40669E+02    0.00000E+00    7.48845E+02
 2.10000E+01    3.12383E+02    0.00000E+00    6.86668E+02
 2.20000E+01    2.92220E+02    0.00000E+00    6.42347E+02
 2.30000E+01    2.75261E+02    0.00000E+00    6.05068E+02
 2.40000E+01    2.61966E+02    1.03515E+01    5.13581E+02
 2.50000E+01    2.50193E+02    9.88631E+00    4.90500E+02
 2.60000E+01    2.40674E+02    9.51017E+00    4.71838E+02
 2.70000E+01    2.32136E+02    9.17279E+00    4.55099E+02
 2.80000E+01    2.25201E+02    8.89875E+00    4.41503E+02
 2.90000E+01    2.18264E+02    8.62464E+00    4.27903E+02
 3.00000E+01    2.12590E+02    8.40043E+00    4.16780E+02
 3.00000E+01    2.08587E+02    8.24225E+00    4.08931E+02
 3.20000E+01    2.00928E+02    7.93962E+00    3.93917E+02
 3.40000E+01    1.89644E+02    7.49372E+00    3.71794E+02
 3.60000E+01    1.78765E+02    7.06386E+00    3.50467E+02
 3.80000E+01    1.69451E+02    6.69579E+00    3.32205E+02
 4.00000E+01    1.60379E+02    6.33733E+00    3.14421E+02
 4.20000E+01    1.53046E+02    6.04756E+00    3.00044E+02
 4.40000E+01    1.45353E+02    5.74358E+00    2.84962E+02
 4.60000E+01    1.39190E+02    5.50007E+00    2.72881E+02
 4.80000E+01    1.33720E+02    5.28390E+00    2.62156E+02
 5.00000E+01    1.29972E+02    5.13580E+00    2.54808E+02
 5.20000E+01    1.29911E+02    5.13338E+00    2.54688E+02
 5.40000E+01    1.27498E+02    5.03804E+00    2.49957E+02
 5.60000E+01    1.23591E+02    4.88365E+00    2.42298E+02
 5.80000E+01    1.20063E+02    4.74426E+00    2.35382E+02
 6.00000E+01    1.17062E+02    4.62566E+00    2.29498E+02
 6.50000E+01    1.10835E+02    4.37962E+00    2.17291E+02
 7.00000E+01    1.04732E+02    4.13847E+00    2.05326E+02
 7.50000E+01    1.00021E+02    3.95232E+00    1.96090E+02
 8.00000E+01    9.50461E+01    3.75572E+00    1.86337E+02
 9.00000E+01    8.70413E+01    3.43941E+00    1.70643E+02
 1.00000E+02    8.00201E+01    3.16197E+00    1.56878E+02
 1.10000E+02    7.40154E+01    2.92470E+00    1.45106E+02
 1.20000E+02    6.87384E+01    2.71618E+00    1.34761E+02
 1.30000E+02    6.40681E+01    2.53163E+00    1.25605E+02
 1.40000E+02    5.92668E+01    2.34191E+00    1.16192E+02
 1.50000E+02    5.52742E+01    2.18414E+00    1.08364E+02
 1.60000E+02    5.19757E+01    2.05381E+00    1.01898E+02
 1.80000E+02    4.61129E+01    1.82214E+00    9.04036E+01
 2.00000E+02    3.92795E+01    1.55212E+00    7.70069E+01
