# n + Ac229 : (n,na)    
# tendl.2017 A.J. Koning and D. Rochman        EVAL-NOV17
# uncertainties: y
# # energies =   263
#   E(MeV)       xs(mb)       xslow(mb)      xsupp(mb)
 1.00000E-11    3.87998E-17    3.87998E-17    3.87998E-17
 1.03005E-11    3.82624E-17    3.82624E-17    3.82624E-17
 1.06099E-11    3.77334E-17    3.77334E-17    3.77334E-17
 1.09287E-11    3.72126E-17    3.72126E-17    3.72126E-17
 1.12571E-11    3.66999E-17    3.66999E-17    3.66999E-17
 1.15953E-11    3.61953E-17    3.61953E-17    3.61953E-17
 1.19437E-11    3.56986E-17    3.56986E-17    3.56986E-17
 1.23026E-11    3.52097E-17    3.52097E-17    3.52097E-17
 1.26722E-11    3.47284E-17    3.47284E-17    3.47284E-17
 1.30530E-11    3.42548E-17    3.42548E-17    3.42548E-17
 1.34452E-11    3.37886E-17    3.37886E-17    3.37886E-17
 1.38491E-11    3.33298E-17    3.33298E-17    3.33298E-17
 1.42652E-11    3.28783E-17    3.28783E-17    3.28783E-17
 1.46938E-11    3.24340E-17    3.24340E-17    3.24340E-17
 1.51353E-11    3.19967E-17    3.19967E-17    3.19967E-17
 1.55901E-11    3.15664E-17    3.15664E-17    3.15664E-17
 1.60585E-11    3.11430E-17    3.11430E-17    3.11430E-17
 1.65410E-11    3.07264E-17    3.07264E-17    3.07264E-17
 1.70380E-11    3.03165E-17    3.03165E-17    3.03165E-17
 1.75499E-11    2.99132E-17    2.99132E-17    2.99132E-17
 1.80772E-11    2.95164E-17    2.95164E-17    2.95164E-17
 1.86993E-11    2.90708E-17    2.90708E-17    2.90708E-17
 1.93427E-11    2.86334E-17    2.86334E-17    2.86334E-17
 2.00083E-11    2.82042E-17    2.82042E-17    2.82042E-17
 2.06968E-11    2.77830E-17    2.77830E-17    2.77830E-17
 2.14090E-11    2.73697E-17    2.73697E-17    2.73697E-17
 2.21458E-11    2.69642E-17    2.69642E-17    2.69642E-17
 2.29078E-11    2.65663E-17    2.65663E-17    2.65663E-17
 2.36961E-11    2.61759E-17    2.61759E-17    2.61759E-17
 2.45115E-11    2.57929E-17    2.57929E-17    2.57929E-17
 2.53550E-11    2.54173E-17    2.54173E-17    2.54173E-17
 2.62275E-11    2.50488E-17    2.50488E-17    2.50488E-17
 2.71300E-11    2.46874E-17    2.46874E-17    2.46874E-17
 2.80636E-11    2.43330E-17    2.43330E-17    2.43330E-17
 2.90293E-11    2.39855E-17    2.39855E-17    2.39855E-17
 3.00282E-11    2.36447E-17    2.36447E-17    2.36447E-17
 3.10615E-11    2.33106E-17    2.33106E-17    2.33106E-17
 3.21304E-11    2.29830E-17    2.29830E-17    2.29830E-17
 3.32360E-11    2.26619E-17    2.26619E-17    2.26619E-17
 3.43797E-11    2.23472E-17    2.23472E-17    2.23472E-17
 3.55627E-11    2.20387E-17    2.20387E-17    2.20387E-17
 3.67865E-11    2.17364E-17    2.17364E-17    2.17364E-17
 3.80524E-11    2.14402E-17    2.14402E-17    2.14402E-17
 3.93618E-11    2.11500E-17    2.11500E-17    2.11500E-17
 4.07163E-11    2.08656E-17    2.08656E-17    2.08656E-17
 4.21174E-11    2.05871E-17    2.05871E-17    2.05871E-17
 4.35667E-11    2.03143E-17    2.03143E-17    2.03143E-17
 4.50659E-11    2.00472E-17    2.00472E-17    2.00472E-17
 4.66166E-11    1.97855E-17    1.97855E-17    1.97855E-17
 4.82208E-11    1.95294E-17    1.95294E-17    1.95294E-17
 4.98801E-11    1.92786E-17    1.92786E-17    1.92786E-17
 5.15965E-11    1.90332E-17    1.90332E-17    1.90332E-17
 5.33720E-11    1.87930E-17    1.87930E-17    1.87930E-17
 5.52086E-11    1.85579E-17    1.85579E-17    1.85579E-17
 5.71084E-11    1.83279E-17    1.83279E-17    1.83279E-17
 5.90736E-11    1.81029E-17    1.81029E-17    1.81029E-17
 6.11064E-11    1.78828E-17    1.78828E-17    1.78828E-17
 6.32091E-11    1.76675E-17    1.76675E-17    1.76675E-17
 6.53842E-11    1.74570E-17    1.74570E-17    1.74570E-17
 6.76342E-11    1.72512E-17    1.72512E-17    1.72512E-17
 6.99616E-11    1.70501E-17    1.70501E-17    1.70501E-17
 7.23690E-11    1.68535E-17    1.68535E-17    1.68535E-17
 7.48593E-11    1.66613E-17    1.66613E-17    1.66613E-17
 7.74353E-11    1.64736E-17    1.64736E-17    1.64736E-17
 8.00999E-11    1.62902E-17    1.62902E-17    1.62902E-17
 8.32074E-11    1.60890E-17    1.60890E-17    1.60890E-17
 8.64355E-11    1.58931E-17    1.58931E-17    1.58931E-17
 8.97887E-11    1.57025E-17    1.57025E-17    1.57025E-17
 9.32721E-11    1.55169E-17    1.55169E-17    1.55169E-17
 9.68906E-11    1.53364E-17    1.53364E-17    1.53364E-17
 1.00649E-10    1.51608E-17    1.51608E-17    1.51608E-17
 1.04554E-10    1.49901E-17    1.49901E-17    1.49901E-17
 1.08610E-10    1.48242E-17    1.48242E-17    1.48242E-17
 1.12824E-10    1.46629E-17    1.46629E-17    1.46629E-17
 1.17201E-10    1.45061E-17    1.45061E-17    1.45061E-17
 1.21748E-10    1.43539E-17    1.43539E-17    1.43539E-17
 1.26471E-10    1.42061E-17    1.42061E-17    1.42061E-17
 1.31377E-10    1.40626E-17    1.40626E-17    1.40626E-17
 1.36474E-10    1.39233E-17    1.39233E-17    1.39233E-17
 1.41769E-10    1.37881E-17    1.37881E-17    1.37881E-17
 1.47268E-10    1.36570E-17    1.36570E-17    1.36570E-17
 1.53630E-10    1.35160E-17    1.35160E-17    1.35160E-17
 1.60267E-10    1.33798E-17    1.33798E-17    1.33798E-17
 1.67190E-10    1.32482E-17    1.32482E-17    1.32482E-17
 1.74412E-10    1.31212E-17    1.31212E-17    1.31212E-17
 1.81946E-10    1.29986E-17    1.29986E-17    1.29986E-17
 1.89806E-10    1.28804E-17    1.28804E-17    1.28804E-17
 1.98005E-10    1.27664E-17    1.27664E-17    1.27664E-17
 2.06558E-10    1.26564E-17    1.26564E-17    1.26564E-17
 2.15481E-10    1.25505E-17    1.25505E-17    1.25505E-17
 2.25742E-10    1.24384E-17    1.24384E-17    1.24384E-17
 2.36491E-10    1.23309E-17    1.23309E-17    1.23309E-17
 2.47752E-10    1.22278E-17    1.22278E-17    1.22278E-17
 2.59550E-10    1.21290E-17    1.21290E-17    1.21290E-17
 2.71909E-10    1.20342E-17    1.20342E-17    1.20342E-17
 2.84857E-10    1.19435E-17    1.19435E-17    1.19435E-17
 2.99687E-10    1.18489E-17    1.18489E-17    1.18489E-17
 3.15288E-10    1.17587E-17    1.17587E-17    1.17587E-17
 3.31701E-10    1.16727E-17    1.16727E-17    1.16727E-17
 3.48969E-10    1.15907E-17    1.15907E-17    1.15907E-17
 3.68692E-10    1.15063E-17    1.15063E-17    1.15063E-17
 3.89529E-10    1.14263E-17    1.14263E-17    1.14263E-17
 4.11544E-10    1.13504E-17    1.13504E-17    1.13504E-17
 4.36646E-10    1.12731E-17    1.12731E-17    1.12731E-17
 4.63279E-10    1.12001E-17    1.12001E-17    1.12001E-17
 4.91536E-10    1.11313E-17    1.11313E-17    1.11313E-17
 5.23727E-10    1.10619E-17    1.10619E-17    1.10619E-17
 5.58027E-10    1.09967E-17    1.09967E-17    1.09967E-17
 5.94572E-10    1.09355E-17    1.09355E-17    1.09355E-17
 6.36196E-10    1.08743E-17    1.08743E-17    1.08743E-17
 6.80734E-10    1.08172E-17    1.08172E-17    1.08172E-17
 7.31477E-10    1.07605E-17    1.07605E-17    1.07605E-17
 7.89333E-10    1.07047E-17    1.07047E-17    1.07047E-17
 8.51766E-10    1.06531E-17    1.06531E-17    1.06531E-17
 9.23031E-10    1.06027E-17    1.06027E-17    1.06027E-17
 1.00450E-09    1.05538E-17    1.05538E-17    1.05538E-17
 1.09779E-09    1.05067E-17    1.05067E-17    1.05067E-17
 1.20483E-09    1.04617E-17    1.04617E-17    1.04617E-17
 1.32791E-09    1.04189E-17    1.04189E-17    1.04189E-17
 1.46977E-09    1.03785E-17    1.03785E-17    1.03785E-17
 1.63367E-09    1.03405E-17    1.03405E-17    1.03405E-17
 1.82355E-09    1.03051E-17    1.03051E-17    1.03051E-17
 2.05278E-09    1.02710E-17    1.02710E-17    1.02710E-17
 2.33047E-09    1.02387E-17    1.02387E-17    1.02387E-17
 2.66818E-09    1.02085E-17    1.02085E-17    1.02085E-17
 3.08079E-09    1.01806E-17    1.01806E-17    1.01806E-17
 3.58741E-09    1.01551E-17    1.01551E-17    1.01551E-17
 4.23069E-09    1.01315E-17    1.01315E-17    1.01315E-17
 5.07442E-09    1.01096E-17    1.01096E-17    1.01096E-17
 6.19027E-09    1.00899E-17    1.00899E-17    1.00899E-17
 7.71286E-09    1.00721E-17    1.00721E-17    1.00721E-17
 9.89869E-09    1.00562E-17    1.00562E-17    1.00562E-17
 1.31411E-08    1.00423E-17    1.00423E-17    1.00423E-17
 1.83539E-08    1.00303E-17    1.00303E-17    1.00303E-17
 2.52045E-08    1.00221E-17    1.00221E-17    1.00221E-17
 2.53000E-08    1.00220E-17    1.00220E-17    1.00220E-17
 4.08002E-08    1.00136E-17    1.00136E-17    1.00136E-17
 7.66166E-08    1.00073E-17    1.00073E-17    1.00073E-17
 1.93441E-07    1.00029E-17    1.00029E-17    1.00029E-17
 1.14183E-06    1.00005E-17    1.00005E-17    1.00005E-17
 2.97850E+00    1.00000E-17    1.00000E-17    1.00000E-17
 3.00000E+00    2.08970E-17    2.08970E-17    2.08970E-17
 3.17291E+00    1.82813E-13    1.82813E-13    1.82813E-13
 3.20000E+00    2.11818E-13    2.11818E-13    2.11818E-13
 3.40000E+00    7.38865E-12    7.38865E-12    7.38865E-12
 3.60000E+00    3.18521E-11    3.18521E-11    3.18521E-11
 3.80000E+00    8.54868E-11    8.54868E-11    8.54868E-11
 4.00000E+00    2.02415E-10    2.02415E-10    2.02415E-10
 4.20000E+00    4.35806E-10    4.35806E-10    4.35806E-10
 4.40000E+00    8.89383E-10    8.89383E-10    8.89383E-10
 4.60000E+00    1.74129E-09    0.00000E+00    1.19161E-08
 4.80000E+00    3.22151E-09    0.00000E+00    2.20457E-08
 5.00000E+00    5.90743E-09    0.00000E+00    4.04262E-08
 5.20000E+00    1.05231E-08    0.00000E+00    7.20126E-08
 5.40000E+00    1.78026E-08    0.00000E+00    1.21828E-07
 5.60000E+00    2.97694E-08    0.00000E+00    2.03721E-07
 5.80000E+00    4.90933E-08    0.00000E+00    3.35960E-07
 6.00000E+00    7.97864E-08    0.00000E+00    5.46001E-07
 6.20000E+00    1.27460E-07    0.00000E+00    8.72245E-07
 6.40000E+00    2.00521E-07    0.00000E+00    1.37222E-06
 6.60000E+00    2.98794E-07    0.00000E+00    2.23390E-06
 6.84797E+00    4.28091E-07    0.00000E+00    3.20057E-06
 7.00000E+00    5.08510E-07    0.00000E+00    3.80182E-06
 7.20000E+00    6.37120E-07    0.00000E+00    4.76336E-06
 7.40000E+00    7.94922E-07    0.00000E+00    5.94315E-06
 7.60000E+00    9.63856E-07    0.00000E+00    7.20616E-06
 7.80000E+00    1.21931E-06    0.00000E+00    9.11603E-06
 8.00000E+00    1.58105E-06    0.00000E+00    1.18206E-05
 8.50000E+00    2.87556E-06    0.00000E+00    2.14988E-05
 9.00000E+00    5.14983E-06    0.00000E+00    3.51893E-05
 9.50000E+00    9.79966E-06    0.00000E+00    6.69621E-05
 1.00000E+01    1.94970E-05    0.00000E+00    1.33225E-04
 1.01411E+01    2.55934E-05    0.00000E+00    1.74882E-04
 1.02842E+01    3.17762E-05    0.00000E+00    2.17130E-04
 1.04292E+01    3.80462E-05    0.00000E+00    2.59974E-04
 1.05000E+01    4.11038E-05    0.00000E+00    2.80867E-04
 1.06481E+01    5.49266E-05    0.00000E+00    3.75319E-04
 1.07984E+01    6.89444E-05    0.00000E+00    4.71104E-04
 1.09507E+01    8.31600E-05    0.00000E+00    5.68241E-04
 1.10000E+01    8.77595E-05    0.00000E+00    5.99670E-04
 1.11552E+01    1.17562E-04    0.00000E+00    8.03312E-04
 1.13126E+01    1.47785E-04    0.00000E+00    1.00983E-03
 1.14722E+01    1.78434E-04    0.00000E+00    1.21926E-03
 1.15000E+01    1.83778E-04    0.00000E+00    1.25577E-03
 1.16622E+01    2.53460E-04    0.00000E+00    1.73192E-03
 1.18268E+01    3.24125E-04    0.00000E+00    2.21478E-03
 1.19936E+01    3.95787E-04    0.00000E+00    2.70445E-03
 1.20000E+01    3.98522E-04    0.00000E+00    2.72314E-03
 1.21693E+01    5.38337E-04    0.00000E+00    3.67852E-03
 1.23410E+01    6.80125E-04    0.00000E+00    4.64737E-03
 1.25000E+01    8.11448E-04    0.00000E+00    5.54471E-03
 1.26764E+01    1.17839E-03    0.00000E+00    8.05205E-03
 1.28552E+01    1.55051E-03    0.00000E+00    1.05948E-02
 1.30000E+01    1.85181E-03    0.00000E+00    7.94716E-03
 1.31834E+01    2.57186E-03    0.00000E+00    1.10373E-02
 1.33694E+01    3.30208E-03    0.00000E+00    1.41711E-02
 1.35000E+01    3.81481E-03    0.00000E+00    1.63715E-02
 1.36905E+01    5.42461E-03    0.00000E+00    2.32801E-02
 1.38836E+01    7.05712E-03    0.00000E+00    3.02861E-02
 1.40000E+01    8.04088E-03    0.00000E+00    3.45080E-02
 1.41975E+01    1.07865E-02    0.00000E+00    4.62911E-02
 1.43978E+01    1.35709E-02    0.00000E+00    5.82406E-02
 1.45000E+01    1.49914E-02    0.00000E+00    6.43366E-02
 1.47046E+01    2.04709E-02    0.00000E+00    8.78522E-02
 1.49120E+01    2.60277E-02    0.00000E+00    1.11700E-01
 1.50000E+01    2.83842E-02    0.00000E+00    1.21813E-01
 1.52116E+01    4.23026E-02    0.00000E+00    1.81544E-01
 1.54262E+01    5.64174E-02    0.00000E+00    2.42119E-01
 1.56439E+01    7.07313E-02    0.00000E+00    3.03548E-01
 1.58646E+01    8.52471E-02    0.00000E+00    3.65844E-01
 1.60000E+01    9.41540E-02    0.00000E+00    1.99563E-01
 1.62257E+01    1.31789E-01    0.00000E+00    2.79331E-01
 1.64546E+01    1.69955E-01    0.00000E+00    3.60226E-01
 1.66868E+01    2.08659E-01    0.00000E+00    4.42261E-01
 1.69222E+01    2.47910E-01    0.00000E+00    5.25454E-01
 1.70000E+01    2.60879E-01    0.00000E+00    5.52942E-01
 1.72398E+01    3.39042E-01    0.00000E+00    7.18611E-01
 1.74831E+01    4.18307E-01    0.00000E+00    8.86616E-01
 1.77297E+01    4.98690E-01    0.00000E+00    1.05699E+00
 1.79799E+01    5.80208E-01    0.00000E+00    1.22977E+00
 1.80000E+01    5.86774E-01    0.00000E+00    1.24369E+00
 1.82539E+01    7.28486E-01    0.00000E+00    1.54405E+00
 1.85115E+01    8.72197E-01    0.00000E+00    1.84865E+00
 1.87726E+01    1.01794E+00    0.00000E+00    2.15755E+00
 1.90000E+01    1.14481E+00    0.00000E+00    2.42647E+00
 1.92681E+01    1.38440E+00    0.00000E+00    2.93429E+00
 1.95399E+01    1.62738E+00    0.00000E+00    3.44929E+00
 1.98156E+01    1.87378E+00    0.00000E+00    3.97154E+00
 2.00000E+01    2.03863E+00    4.07330E-01    3.66993E+00
 2.02822E+01    2.42282E+00    4.84094E-01    4.36156E+00
 2.05683E+01    2.81244E+00    5.61941E-01    5.06294E+00
 2.08585E+01    3.20755E+00    6.40887E-01    5.77422E+00
 2.10000E+01    3.40023E+00    6.79385E-01    6.12108E+00
 2.12963E+01    4.00196E+00    7.99614E-01    7.20430E+00
 2.15967E+01    4.61218E+00    9.21539E-01    8.30282E+00
 2.19014E+01    5.23100E+00    1.04518E+00    9.41682E+00
 2.20000E+01    5.43123E+00    1.08519E+00    9.77727E+00
 2.23104E+01    6.32916E+00    1.26460E+00    1.13937E+01
 2.26251E+01    7.23976E+00    1.44654E+00    1.30330E+01
 2.29443E+01    8.16321E+00    1.63105E+00    1.46954E+01
 2.30000E+01    8.32423E+00    1.66323E+00    1.49852E+01
 2.33245E+01    9.33601E+00    1.86539E+00    1.68066E+01
 2.36536E+01    1.03621E+01    2.07040E+00    1.86537E+01
 2.39873E+01    1.14026E+01    2.27830E+00    2.05269E+01
 2.40000E+01    1.14423E+01    2.24469E+00    2.06399E+01
 2.43386E+01    1.19925E+01    2.35262E+00    2.16323E+01
 2.46820E+01    1.25504E+01    2.46208E+00    2.26388E+01
 2.50000E+01    1.30672E+01    2.56346E+00    2.35709E+01
 2.53527E+01    1.34033E+01    2.62940E+00    2.41773E+01
 2.57104E+01    1.37442E+01    2.69627E+00    2.47921E+01
 2.60000E+01    1.40202E+01    2.75041E+00    2.52900E+01
 2.63668E+01    1.32159E+01    2.59262E+00    2.38392E+01
 2.67388E+01    1.24002E+01    2.43261E+00    2.23678E+01
 2.70000E+01    1.18275E+01    2.32026E+00    2.13347E+01
 2.73809E+01    1.12816E+01    2.21316E+00    2.03500E+01
 2.77672E+01    1.07279E+01    2.10455E+00    1.93513E+01
 2.80000E+01    1.03943E+01    2.03910E+00    1.87495E+01
 2.83950E+01    9.93336E+00    1.94868E+00    1.79181E+01
 2.87956E+01    9.46592E+00    1.85698E+00    1.70749E+01
 2.90000E+01    9.22746E+00    1.81020E+00    1.66447E+01
 2.94091E+01    8.83716E+00    1.73363E+00    1.59407E+01
 2.98240E+01    8.44134E+00    1.65598E+00    1.52267E+01
 3.00000E+01    8.27349E+00    1.62305E+00    1.49239E+01
