# n + Ac229 : (n,nt)    
# tendl.2017 A.J. Koning and D. Rochman        EVAL-NOV17
# uncertainties: y
# # energies =    24
#   E(MeV)       xs(mb)       xslow(mb)      xsupp(mb)
 7.96260E+00    0.00000E+00   -0.00000E+00    0.00000E+00
 1.15000E+01    1.23521E-14    0.00000E+00    1.23521E-13
 1.20000E+01    1.24344E-11    0.00000E+00    1.24344E-10
 1.25000E+01    3.13435E-10    0.00000E+00    3.13435E-09
 1.30000E+01    6.89428E-09    0.00000E+00    1.53015E-08
 1.35000E+01    5.64354E-08    0.00000E+00    1.25255E-07
 1.40000E+01    6.51880E-07    0.00000E+00    1.44681E-06
 1.45000E+01    3.77666E-06    0.00000E+00    8.38210E-06
 1.50000E+01    2.40212E-05    0.00000E+00    5.33138E-05
 1.60000E+01    4.16063E-04    9.39074E-05    7.38218E-04
 1.70000E+01    4.28193E-03    9.66452E-04    7.59741E-03
 1.80000E+01    2.87859E-02    6.49712E-03    5.10747E-02
 1.90000E+01    1.12756E-01    2.54496E-02    2.00062E-01
 2.00000E+01    3.22843E-01    8.48210E-02    5.60865E-01
 2.10000E+01    6.82384E-01    1.79284E-01    1.18548E+00
 2.20000E+01    1.20354E+00    3.16208E-01    2.09087E+00
 2.30000E+01    1.84183E+00    4.83907E-01    3.19975E+00
 2.40000E+01    2.58868E+00    8.90135E-02    5.08835E+00
 2.50000E+01    3.38029E+00    1.16234E-01    6.64435E+00
 2.60000E+01    4.17391E+00    1.43523E-01    8.20430E+00
 2.70000E+01    4.90527E+00    1.68671E-01    9.64187E+00
 2.80000E+01    5.50042E+00    1.89136E-01    1.08117E+01
 2.90000E+01    5.96301E+00    2.05042E-01    1.17210E+01
 3.00000E+01    6.28158E+00    2.15996E-01    1.23472E+01
