# n + Ac229 :  n        
# tendl.2017 A.J. Koning and D. Rochman        EVAL-NOV17
# uncertainties: n
# # energies =    46
#   E(MeV)       xs(mb) 
 1.45000E+01    0.00000E+00
 1.50000E+01    1.57982E-17
 1.60000E+01    2.01240E-13
 1.70000E+01    6.11660E-10
 1.80000E+01    1.96813E-06
 1.90000E+01    1.30488E-03
 2.00000E+01    3.46256E-02
 2.10000E+01    1.71200E-01
 2.20000E+01    4.53240E-01
 2.30000E+01    8.15478E-01
 2.40000E+01    1.20434E+00
 2.50000E+01    1.57574E+00
 2.60000E+01    1.91068E+00
 2.70000E+01    2.24433E+00
 2.80000E+01    2.58074E+00
 2.90000E+01    2.91576E+00
 3.00000E+01    3.23242E+00
 3.20000E+01    3.80295E+00
 3.40000E+01    4.31850E+00
 3.60000E+01    4.78274E+00
 3.80000E+01    5.14221E+00
 4.00000E+01    5.44898E+00
 4.20000E+01    5.64989E+00
 4.40000E+01    5.84687E+00
 4.60000E+01    5.98850E+00
 4.80000E+01    6.10714E+00
 5.00000E+01    6.22248E+00
 5.20000E+01    6.36905E+00
 5.40000E+01    6.54230E+00
 5.60000E+01    6.79328E+00
 5.80000E+01    7.15317E+00
 6.00000E+01    7.60614E+00
 6.50000E+01    9.56410E+00
 7.00000E+01    1.32956E+01
 7.50000E+01    1.90653E+01
 8.00000E+01    2.51531E+01
 9.00000E+01    2.55804E+01
 1.00000E+02    1.71030E+01
 1.10000E+02    1.25801E+01
 1.20000E+02    1.07846E+01
 1.30000E+02    9.82649E+00
 1.40000E+02    9.05285E+00
 1.50000E+02    8.43293E+00
 1.60000E+02    7.97424E+00
 1.80000E+02    7.39684E+00
 2.00000E+02    6.68601E+00
