# n + Ac229 : (n,2np)   
# tendl.2017 A.J. Koning and D. Rochman        EVAL-NOV17
# uncertainties: y
# # energies =    19
#   E(MeV)       xs(mb)       xslow(mb)      xsupp(mb)
 1.19002E+01    0.00000E+00   -0.00000E+00    0.00000E+00
 1.40000E+01    2.05356E-13    0.00000E+00    9.21840E-13
 1.45000E+01    1.88453E-11    0.00000E+00    8.45962E-11
 1.50000E+01    9.07346E-10    0.00000E+00    4.07306E-09
 1.60000E+01    3.28948E-07    0.00000E+00    7.09433E-07
 1.70000E+01    1.78772E-05    0.00000E+00    3.85553E-05
 1.80000E+01    3.09576E-04    0.00000E+00    6.67654E-04
 1.90000E+01    2.79699E-03    0.00000E+00    6.03219E-03
 2.00000E+01    1.66009E-02    0.00000E+00    3.47551E-02
 2.10000E+01    6.89959E-02    0.00000E+00    1.44448E-01
 2.20000E+01    2.18134E-01    0.00000E+00    4.56678E-01
 2.30000E+01    5.81956E-01    0.00000E+00    1.21836E+00
 2.40000E+01    1.30514E+00    3.38311E-01    2.27197E+00
 2.50000E+01    2.53370E+00    6.56772E-01    4.41063E+00
 2.60000E+01    4.39305E+00    1.13874E+00    7.64736E+00
 2.70000E+01    6.84824E+00    1.77516E+00    1.19213E+01
 2.80000E+01    9.81008E+00    2.54292E+00    1.70772E+01
 2.90000E+01    1.31019E+01    3.39620E+00    2.28076E+01
 3.00000E+01    1.64715E+01    4.26965E+00    2.86733E+01
