# n + Ac229 : (n,any)   
# tendl.2017 A.J. Koning and D. Rochman        EVAL-NOV17
# uncertainties: n
# # energies =    31
#   E(MeV)       xs(mb) 
 3.00000E+01    0.00000E+00
 3.00000E+01    2.49384E+03
 3.20000E+01    2.47654E+03
 3.40000E+01    2.44977E+03
 3.60000E+01    2.42574E+03
 3.80000E+01    2.40195E+03
 4.00000E+01    2.37494E+03
 4.20000E+01    2.34566E+03
 4.40000E+01    2.31669E+03
 4.60000E+01    2.28974E+03
 4.80000E+01    2.26482E+03
 5.00000E+01    2.24193E+03
 5.20000E+01    2.22143E+03
 5.40000E+01    2.20345E+03
 5.60000E+01    2.18772E+03
 5.80000E+01    2.17378E+03
 6.00000E+01    2.16133E+03
 6.50000E+01    2.13436E+03
 7.00000E+01    2.10955E+03
 7.50000E+01    2.08346E+03
 8.00000E+01    2.05635E+03
 9.00000E+01    2.00484E+03
 1.00000E+02    1.95973E+03
 1.10000E+02    1.91739E+03
 1.20000E+02    1.87829E+03
 1.30000E+02    1.83935E+03
 1.40000E+02    1.79673E+03
 1.50000E+02    1.75830E+03
 1.60000E+02    1.72900E+03
 1.80000E+02    1.68667E+03
 2.00000E+02    1.62460E+03
