# n + Ac229 : (n,n'04)  
# tendl.2017 A.J. Koning and D. Rochman        EVAL-NOV17
# uncertainties: y
# # energies =   101
#   E(MeV)       xs(mb)       xslow(mb)      xsupp(mb)
 7.01074E-02    0.00000E+00    0.00000E+00    0.00000E+00
 9.14008E-02    4.50877E+01    1.89771E+01    7.11982E+01
 1.00000E-01    6.32960E+01    2.66409E+01    9.99511E+01
 1.04759E-01    6.54218E+01    2.75356E+01    1.03308E+02
 1.20328E-01    7.23763E+01    3.04627E+01    1.14290E+02
 1.42123E-01    8.21119E+01    3.45604E+01    1.29663E+02
 1.51665E-01    8.63742E+01    3.63544E+01    1.36394E+02
 1.64722E-01    9.22067E+01    3.88092E+01    1.45604E+02
 1.75570E-01    9.70524E+01    4.08487E+01    1.53256E+02
 1.89832E-01    1.03423E+02    4.35301E+01    1.63316E+02
 2.00000E-01    1.07965E+02    4.54418E+01    1.70488E+02
 2.22978E-01    1.07811E+02    4.53768E+01    1.70244E+02
 2.82137E-01    1.07413E+02    4.52095E+01    1.69617E+02
 2.94290E-01    1.07331E+02    4.51751E+01    1.69488E+02
 3.00000E-01    1.07293E+02    4.51590E+01    1.69427E+02
 3.36978E-01    1.05313E+02    4.43257E+01    1.66301E+02
 3.69621E-01    1.03565E+02    4.35901E+01    1.63541E+02
 4.00000E-01    1.01939E+02    4.29055E+01    1.60973E+02
 4.23858E-01    1.00555E+02    4.23231E+01    1.58787E+02
 4.66043E-01    9.81085E+01    4.12932E+01    1.54924E+02
 4.91154E-01    9.66520E+01    4.06802E+01    1.52624E+02
 5.00000E-01    9.61389E+01    4.04643E+01    1.51814E+02
 5.97620E-01    9.11696E+01    3.83727E+01    1.43966E+02
 6.00000E-01    9.10484E+01    3.88663E+01    1.43230E+02
 6.31770E-01    8.94239E+01    3.81728E+01    1.40675E+02
 6.56880E-01    8.81398E+01    3.76247E+01    1.38655E+02
 7.00000E-01    8.59349E+01    3.66835E+01    1.35186E+02
 7.23171E-01    8.48675E+01    3.62278E+01    1.33507E+02
 8.00000E-01    8.13283E+01    3.47170E+01    1.27940E+02
 8.28633E-01    8.01291E+01    3.42051E+01    1.26053E+02
 8.53743E-01    7.90774E+01    3.37562E+01    1.24399E+02
 9.00000E-01    7.71401E+01    3.29292E+01    1.21351E+02
 9.34096E-01    7.58472E+01    3.23773E+01    1.19317E+02
 1.00000E+00    7.33480E+01    2.65563E+01    1.20140E+02
 1.00842E+00    7.29022E+01    2.63949E+01    1.19409E+02
 1.02550E+00    7.19978E+01    2.60674E+01    1.17928E+02
 1.04860E+00    7.07746E+01    2.56246E+01    1.15925E+02
 1.20000E+00    6.27579E+01    2.27220E+01    1.02794E+02
 1.40000E+00    4.78823E+01    1.73362E+01    7.84284E+01
 1.60000E+00    3.59347E+01    1.30105E+01    5.88589E+01
 1.80000E+00    2.72166E+01    1.11747E+01    4.32585E+01
 2.00000E+00    2.07558E+01    8.52202E+00    3.29896E+01
 2.20000E+00    1.59849E+01    6.56316E+00    2.54066E+01
 2.40000E+00    1.25084E+01    5.13576E+00    1.98810E+01
 2.60000E+00    1.00020E+01    5.76095E+00    1.42430E+01
 2.80000E+00    8.19974E+00    4.72289E+00    1.16766E+01
 3.00000E+00    6.89563E+00    3.97174E+00    9.81952E+00
 3.20000E+00    5.93675E+00    3.41945E+00    8.45405E+00
 3.40000E+00    5.21237E+00    3.00222E+00    7.42252E+00
 3.60000E+00    4.64468E+00    2.67524E+00    6.61412E+00
 3.80000E+00    4.18215E+00    2.40883E+00    5.95547E+00
 4.00000E+00    3.79350E+00    2.18498E+00    5.40202E+00
 4.20000E+00    3.46100E+00    1.99347E+00    4.92853E+00
 4.40000E+00    3.17452E+00    1.82846E+00    4.52058E+00
 4.60000E+00    2.92773E+00    1.78368E+00    4.07178E+00
 4.80000E+00    2.71568E+00    1.65450E+00    3.77687E+00
 5.00000E+00    2.53425E+00    1.54396E+00    3.52454E+00
 5.20000E+00    2.37986E+00    1.44990E+00    3.30982E+00
 5.40000E+00    2.24943E+00    1.37044E+00    3.12842E+00
 5.60000E+00    2.14030E+00    1.30395E+00    2.97665E+00
 5.80000E+00    2.05013E+00    1.24902E+00    2.85124E+00
 6.00000E+00    1.97678E+00    1.20433E+00    2.74923E+00
 6.20000E+00    1.91815E+00    1.16861E+00    2.66769E+00
 6.40000E+00    1.87199E+00    1.14049E+00    2.60349E+00
 6.60000E+00    1.83593E+00    1.12982E+00    2.54204E+00
 6.80000E+00    1.80739E+00    1.11225E+00    2.50253E+00
 7.00000E+00    1.78375E+00    1.09771E+00    2.46979E+00
 7.20000E+00    1.76253E+00    1.08465E+00    2.44041E+00
 7.40000E+00    1.74169E+00    1.07182E+00    2.41156E+00
 7.60000E+00    1.71972E+00    1.05830E+00    2.38114E+00
 7.80000E+00    1.69570E+00    1.04352E+00    2.34788E+00
 8.00000E+00    1.66926E+00    1.02725E+00    2.31127E+00
 8.50000E+00    1.59352E+00    9.80640E-01    2.20640E+00
 9.00000E+00    1.50904E+00    9.62403E-01    2.05568E+00
 9.50000E+00    1.42238E+00    9.07135E-01    1.93763E+00
 1.00000E+01    1.33843E+00    8.53595E-01    1.82326E+00
 1.05000E+01    1.26035E+00    8.03799E-01    1.71690E+00
 1.10000E+01    1.18972E+00    7.58754E-01    1.62069E+00
 1.15000E+01    1.12654E+00    7.18460E-01    1.53462E+00
 1.20000E+01    1.06966E+00    6.82185E-01    1.45714E+00
 1.25000E+01    1.01752E+00    6.48932E-01    1.38611E+00
 1.30000E+01    9.68783E-01    5.61639E-01    1.37593E+00
 1.35000E+01    9.22727E-01    5.34939E-01    1.31052E+00
 1.40000E+01    8.79186E-01    5.09697E-01    1.24868E+00
 1.45000E+01    8.38369E-01    4.86034E-01    1.19070E+00
 1.50000E+01    8.00615E-01    4.64146E-01    1.13708E+00
 1.60000E+01    7.35286E-01    3.67876E-01    1.10270E+00
 1.70000E+01    6.83512E-01    3.41973E-01    1.02505E+00
 1.80000E+01    6.42632E-01    3.21520E-01    9.63744E-01
 1.90000E+01    6.08038E-01    3.04212E-01    9.11864E-01
 2.00000E+01    5.75325E-01    3.59472E-01    7.91178E-01
 2.10000E+01    5.42228E-01    3.38793E-01    7.45663E-01
 2.20000E+01    5.09065E-01    3.18072E-01    7.00058E-01
 2.30000E+01    4.77738E-01    2.98498E-01    6.56978E-01
 2.40000E+01    4.50106E-01    1.66137E-01    7.34075E-01
 2.50000E+01    4.26974E-01    1.57599E-01    6.96349E-01
 2.60000E+01    4.08056E-01    1.50616E-01    6.65496E-01
 2.70000E+01    3.92351E-01    1.44819E-01    6.39883E-01
 2.80000E+01    3.78567E-01    1.39732E-01    6.17402E-01
 2.90000E+01    3.65502E-01    1.34909E-01    5.96095E-01
 3.00000E+01    3.52465E-01    1.30097E-01    5.74833E-01
