# n + Ac229 : (n,n'18)  
# tendl.2017 A.J. Koning and D. Rochman        EVAL-NOV17
# uncertainties: n
# # energies =    83
#   E(MeV)       xs(mb) 
 4.23858E-01    0.00000E+00
 4.66043E-01    4.68847E-01
 4.91154E-01    7.47932E-01
 5.00000E-01    8.46247E-01
 5.97620E-01    2.07012E+00
 6.00000E-01    2.09996E+00
 6.31770E-01    2.53164E+00
 6.56880E-01    2.87283E+00
 7.00000E-01    3.45873E+00
 7.23171E-01    3.77884E+00
 8.00000E-01    4.84022E+00
 8.28633E-01    5.22668E+00
 8.53743E-01    5.56559E+00
 9.00000E-01    6.18993E+00
 9.34096E-01    6.63920E+00
 1.00000E+00    7.50760E+00
 1.00842E+00    7.58320E+00
 1.02550E+00    7.73655E+00
 1.04860E+00    7.94394E+00
 1.20000E+00    9.30326E+00
 1.40000E+00    8.82263E+00
 1.60000E+00    7.53263E+00
 1.80000E+00    6.28132E+00
 2.00000E+00    5.17586E+00
 2.20000E+00    4.20397E+00
 2.40000E+00    3.38470E+00
 2.60000E+00    2.73053E+00
 2.80000E+00    2.22808E+00
 3.00000E+00    1.85093E+00
 3.20000E+00    1.57034E+00
 3.40000E+00    1.36068E+00
 3.60000E+00    1.20134E+00
 3.80000E+00    1.07670E+00
 4.00000E+00    9.75826E-01
 4.20000E+00    8.91664E-01
 4.40000E+00    8.20025E-01
 4.60000E+00    7.58520E-01
 4.80000E+00    7.05648E-01
 5.00000E+00    6.60379E-01
 5.20000E+00    6.21876E-01
 5.40000E+00    5.89423E-01
 5.60000E+00    5.62395E-01
 5.80000E+00    5.40236E-01
 6.00000E+00    5.22450E-01
 6.20000E+00    5.08579E-01
 6.40000E+00    4.98169E-01
 6.60000E+00    4.90734E-01
 6.80000E+00    4.85740E-01
 7.00000E+00    4.82593E-01
 7.20000E+00    4.80676E-01
 7.40000E+00    4.79389E-01
 7.60000E+00    4.78202E-01
 7.80000E+00    4.76691E-01
 8.00000E+00    4.74562E-01
 8.50000E+00    4.65747E-01
 9.00000E+00    4.52205E-01
 9.50000E+00    4.35476E-01
 1.00000E+01    4.17316E-01
 1.05000E+01    3.99184E-01
 1.10000E+01    3.82077E-01
 1.15000E+01    3.66453E-01
 1.20000E+01    3.52295E-01
 1.25000E+01    3.39318E-01
 1.30000E+01    3.27177E-01
 1.35000E+01    3.15637E-01
 1.40000E+01    3.04616E-01
 1.45000E+01    2.94155E-01
 1.50000E+01    2.84356E-01
 1.60000E+01    2.67128E-01
 1.70000E+01    2.53306E-01
 1.80000E+01    2.42466E-01
 1.90000E+01    2.33551E-01
 2.00000E+01    2.25361E-01
 2.10000E+01    2.17092E-01
 2.20000E+01    2.08598E-01
 2.30000E+01    2.00288E-01
 2.40000E+01    1.92707E-01
 2.50000E+01    1.86174E-01
 2.60000E+01    1.80681E-01
 2.70000E+01    1.75966E-01
 2.80000E+01    1.71639E-01
 2.90000E+01    1.67307E-01
 3.00000E+01    1.62736E-01
