# n + Ac229 : (n,n'28)  
# tendl.2017 A.J. Koning and D. Rochman        EVAL-NOV17
# uncertainties: n
# # energies =    67
#   E(MeV)       xs(mb) 
 1.00842E+00    0.00000E+00
 1.02550E+00    8.78656E-01
 1.04860E+00    2.06699E+00
 1.20000E+00    9.85552E+00
 1.40000E+00    1.18805E+01
 1.60000E+00    1.04490E+01
 1.80000E+00    8.48284E+00
 2.00000E+00    6.79602E+00
 2.20000E+00    5.51731E+00
 2.40000E+00    4.58084E+00
 2.60000E+00    3.89905E+00
 2.80000E+00    3.41731E+00
 3.00000E+00    3.09725E+00
 3.20000E+00    2.90033E+00
 3.40000E+00    2.79008E+00
 3.60000E+00    2.73717E+00
 3.80000E+00    2.72043E+00
 4.00000E+00    2.72599E+00
 4.20000E+00    2.74527E+00
 4.40000E+00    2.77320E+00
 4.60000E+00    2.80672E+00
 4.80000E+00    2.84410E+00
 5.00000E+00    2.88458E+00
 5.20000E+00    2.92807E+00
 5.40000E+00    2.97480E+00
 5.60000E+00    3.02498E+00
 5.80000E+00    3.07853E+00
 6.00000E+00    3.13489E+00
 6.20000E+00    3.19301E+00
 6.40000E+00    3.25135E+00
 6.60000E+00    3.30806E+00
 6.80000E+00    3.36119E+00
 7.00000E+00    3.40890E+00
 7.20000E+00    3.44970E+00
 7.40000E+00    3.48253E+00
 7.60000E+00    3.50688E+00
 7.80000E+00    3.52263E+00
 8.00000E+00    3.53003E+00
 8.50000E+00    3.51645E+00
 9.00000E+00    3.46887E+00
 9.50000E+00    3.40368E+00
 1.00000E+01    3.33489E+00
 1.05000E+01    3.27120E+00
 1.10000E+01    3.21611E+00
 1.15000E+01    3.16925E+00
 1.20000E+01    3.12802E+00
 1.25000E+01    3.08925E+00
 1.30000E+01    3.05012E+00
 1.35000E+01    3.00887E+00
 1.40000E+01    2.96486E+00
 1.45000E+01    2.91838E+00
 1.50000E+01    2.87033E+00
 1.60000E+01    2.77363E+00
 1.70000E+01    2.68145E+00
 1.80000E+01    2.59621E+00
 1.90000E+01    2.51693E+00
 2.00000E+01    2.44135E+00
 2.10000E+01    2.36765E+00
 2.20000E+01    2.29539E+00
 2.30000E+01    2.22561E+00
 2.40000E+01    2.15983E+00
 2.50000E+01    2.09895E+00
 2.60000E+01    2.04281E+00
 2.70000E+01    1.99039E+00
 2.80000E+01    1.94026E+00
 2.90000E+01    1.89097E+00
 3.00000E+01    1.84165E+00
