# n + Ac229 :  n        
# tendl.2017 A.J. Koning and D. Rochman        EVAL-NOV17
# uncertainties: y
# # energies =    65
#   E(MeV)       xs(mb)       xslow(mb)      xsupp(mb)
 1.04860E+00    0.00000E+00    0.00000E+00    0.00000E+00
 1.20000E+00    2.13581E+02    8.47953E+01    3.42367E+02
 1.40000E+00    7.43293E+02    2.95100E+02    1.19149E+03
 1.60000E+00    1.28246E+03    5.09158E+02    2.05576E+03
 1.80000E+00    1.66076E+03    9.91547E+02    2.32997E+03
 2.00000E+00    1.89043E+03    1.12867E+03    2.65219E+03
 2.20000E+00    2.01160E+03    1.20101E+03    2.82218E+03
 2.40000E+00    2.06664E+03    1.23388E+03    2.89941E+03
 2.60000E+00    2.08109E+03    1.32353E+03    2.83865E+03
 2.80000E+00    2.07837E+03    1.32180E+03    2.83494E+03
 3.00000E+00    2.06896E+03    1.31581E+03    2.82211E+03
 3.20000E+00    2.06168E+03    1.31118E+03    2.81218E+03
 3.40000E+00    2.05653E+03    1.30791E+03    2.80515E+03
 3.60000E+00    2.05228E+03    1.30520E+03    2.79936E+03
 3.80000E+00    2.04849E+03    1.30279E+03    2.79418E+03
 4.00000E+00    2.04427E+03    1.30011E+03    2.78843E+03
 4.20000E+00    2.04088E+03    1.29796E+03    2.78381E+03
 4.40000E+00    2.03915E+03    1.29685E+03    2.78144E+03
 4.60000E+00    2.03926E+03    1.28128E+03    2.79724E+03
 4.80000E+00    2.04199E+03    1.28300E+03    2.80099E+03
 5.00000E+00    2.04783E+03    1.28667E+03    2.80899E+03
 5.20000E+00    2.05768E+03    1.29286E+03    2.82251E+03
 5.40000E+00    2.07173E+03    1.30168E+03    2.84177E+03
 5.60000E+00    2.08963E+03    1.31293E+03    2.86634E+03
 5.80000E+00    2.11198E+03    1.32697E+03    2.89698E+03
 6.00000E+00    2.13782E+03    1.34321E+03    2.93244E+03
 6.20000E+00    2.16748E+03    1.36184E+03    2.97312E+03
 6.40000E+00    2.19662E+03    1.38015E+03    3.01309E+03
 6.60000E+00    2.20171E+03    5.82709E+02    3.82070E+03
 6.80000E+00    2.15634E+03    5.70702E+02    3.74197E+03
 7.00000E+00    2.05987E+03    5.45171E+02    3.57457E+03
 7.20000E+00    1.93122E+03    5.11121E+02    3.35131E+03
 7.40000E+00    1.78638E+03    4.72787E+02    3.09996E+03
 7.60000E+00    1.63565E+03    4.32896E+02    2.83840E+03
 7.80000E+00    1.48476E+03    3.92960E+02    2.57655E+03
 8.00000E+00    1.33140E+03    3.52371E+02    2.31042E+03
 8.50000E+00    9.82943E+02    2.60148E+02    1.70574E+03
 9.00000E+00    7.19057E+02    3.65972E+02    1.07214E+03
 9.50000E+00    5.38540E+02    2.74096E+02    8.02984E+02
 1.00000E+01    4.18824E+02    2.13165E+02    6.24482E+02
 1.05000E+01    3.40922E+02    1.73516E+02    5.08328E+02
 1.10000E+01    2.90776E+02    1.47994E+02    4.33558E+02
 1.15000E+01    2.58630E+02    1.31633E+02    3.85628E+02
 1.20000E+01    2.37555E+02    1.20906E+02    3.54204E+02
 1.25000E+01    2.23400E+02    1.13702E+02    3.33098E+02
 1.30000E+01    2.13116E+02    1.09233E+02    3.16998E+02
 1.35000E+01    2.04693E+02    1.04916E+02    3.04469E+02
 1.40000E+01    1.97171E+02    1.01061E+02    2.93281E+02
 1.45000E+01    1.90304E+02    9.75411E+01    2.83066E+02
 1.50000E+01    1.83612E+02    9.41112E+01    2.73113E+02
 1.60000E+01    1.71595E+02    9.02404E+01    2.52949E+02
 1.70000E+01    1.65197E+02    8.68759E+01    2.43518E+02
 1.80000E+01    1.57045E+02    8.25887E+01    2.31501E+02
 1.90000E+01    1.49839E+02    7.87994E+01    2.20879E+02
 2.00000E+01    1.43020E+02    7.51107E+01    2.10930E+02
 2.10000E+01    1.36506E+02    7.16896E+01    2.01323E+02
 2.20000E+01    1.29215E+02    6.78607E+01    1.90570E+02
 2.30000E+01    1.23260E+02    6.47329E+01    1.81787E+02
 2.40000E+01    1.17929E+02    6.22645E+01    1.73593E+02
 2.50000E+01    1.13632E+02    5.99957E+01    1.67268E+02
 2.60000E+01    1.09923E+02    5.80377E+01    1.61809E+02
 2.70000E+01    1.06625E+02    5.62964E+01    1.56954E+02
 2.80000E+01    1.03246E+02    5.45120E+01    1.51979E+02
 2.90000E+01    9.94176E+01    5.24908E+01    1.46344E+02
 3.00000E+01    9.53255E+01    5.03303E+01    1.40321E+02
