# n + Ac227 : (n,p)     
# tendl.2017 A.J. Koning and D. Rochman        EVAL-NOV17
# uncertainties: y
# # energies =    90
#   E(MeV)       xs(mb)       xslow(mb)      xsupp(mb)
 5.48203E-01    0.00000E+00    0.00000E+00    0.00000E+00
 2.20000E+00    1.12830E-16    1.12830E-16    1.12830E-16
 2.40000E+00    2.70336E-15    2.70336E-15    2.70336E-15
 2.60000E+00    5.02828E-14    0.00000E+00    1.52285E-13
 2.80000E+00    2.07652E-12    0.00000E+00    6.28887E-12
 3.00000E+00    1.46407E-11    0.00000E+00    4.43403E-11
 3.20000E+00    7.86632E-11    0.00000E+00    2.38236E-10
 3.40000E+00    3.44127E-10    0.00000E+00    1.04221E-09
 3.60000E+00    1.27236E-09    0.00000E+00    3.85342E-09
 3.80000E+00    4.10717E-09    0.00000E+00    1.24388E-08
 4.00000E+00    1.19078E-08    0.00000E+00    3.60635E-08
 4.20000E+00    3.17922E-08    0.00000E+00    9.62847E-08
 4.40000E+00    7.98259E-08    0.00000E+00    2.41758E-07
 4.60000E+00    1.92701E-07    0.00000E+00    6.25277E-07
 4.80000E+00    3.93740E-07    0.00000E+00    1.27761E-06
 5.00000E+00    6.53052E-07    0.00000E+00    2.11903E-06
 5.20000E+00    2.07325E-06    0.00000E+00    6.72729E-06
 5.40000E+00    3.69143E-06    0.00000E+00    1.19780E-05
 5.60000E+00    6.41599E-06    0.00000E+00    2.08186E-05
 5.80000E+00    1.60900E-05    0.00000E+00    5.22089E-05
 6.00000E+00    2.51938E-05    0.00000E+00    8.17490E-05
 6.20000E+00    5.42402E-05    0.00000E+00    1.75999E-04
 6.40000E+00    9.45690E-05    0.00000E+00    3.06858E-04
 6.60000E+00    1.40807E-04    0.00000E+00    3.51222E-04
 6.80000E+00    2.84007E-04    0.00000E+00    7.08413E-04
 7.00000E+00    4.33119E-04    0.00000E+00    1.08035E-03
 7.20000E+00    7.08200E-04    0.00000E+00    1.76650E-03
 7.40000E+00    1.12725E-03    0.00000E+00    2.81176E-03
 7.60000E+00    1.52249E-03    0.00000E+00    3.79762E-03
 7.80000E+00    2.52412E-03    0.00000E+00    6.29604E-03
 8.00000E+00    3.67376E-03    0.00000E+00    9.16364E-03
 8.50000E+00    8.71621E-03    0.00000E+00    2.17413E-02
 9.00000E+00    1.86043E-02    3.66531E-03    3.35433E-02
 9.50000E+00    3.64363E-02    7.17847E-03    6.56941E-02
 1.00000E+01    6.64355E-02    1.30887E-02    1.19782E-01
 1.05000E+01    1.14262E-01    2.25113E-02    2.06013E-01
 1.10000E+01    1.87168E-01    3.68748E-02    3.37461E-01
 1.15000E+01    2.93705E-01    5.78641E-02    5.29546E-01
 1.20000E+01    4.42954E-01    8.72683E-02    7.98640E-01
 1.25000E+01    6.43621E-01    1.26803E-01    1.16044E+00
 1.30000E+01    9.02057E-01    2.63195E-01    1.54092E+00
 1.35000E+01    1.22473E+00    3.57342E-01    2.09212E+00
 1.40000E+01    1.60938E+00    4.69572E-01    2.74919E+00
 1.45000E+01    2.05426E+00    5.99375E-01    3.50914E+00
 1.50000E+01    2.55834E+00    7.46452E-01    4.37023E+00
 1.60000E+01    3.68346E+00    1.32098E+00    6.04594E+00
 1.70000E+01    5.03675E+00    1.80630E+00    8.26720E+00
 1.80000E+01    6.24721E+00    2.24040E+00    1.02540E+01
 1.90000E+01    7.27590E+00    2.60931E+00    1.19425E+01
 2.00000E+01    8.18399E+00    2.76151E+00    1.36065E+01
 2.10000E+01    8.74541E+00    2.95095E+00    1.45399E+01
 2.20000E+01    9.20400E+00    3.10569E+00    1.53023E+01
 2.30000E+01    9.63045E+00    3.24959E+00    1.60113E+01
 2.40000E+01    9.79584E+00    2.84539E+00    1.67463E+01
 2.50000E+01    9.92592E+00    2.88317E+00    1.69687E+01
 2.60000E+01    9.93598E+00    2.88610E+00    1.69859E+01
 2.70000E+01    9.87063E+00    2.86711E+00    1.68741E+01
 2.80000E+01    9.76485E+00    2.83639E+00    1.66933E+01
 2.90000E+01    9.67158E+00    2.80930E+00    1.65339E+01
 3.00000E+01    9.44623E+00    2.74384E+00    1.61486E+01
 3.00000E+01    9.24907E+00    2.68657E+00    1.58116E+01
 3.20000E+01    8.86574E+00    2.57523E+00    1.51563E+01
 3.40000E+01    8.34395E+00    2.42366E+00    1.42642E+01
 3.60000E+01    7.74280E+00    2.24905E+00    1.32366E+01
 3.80000E+01    7.25588E+00    2.10761E+00    1.24042E+01
 4.00000E+01    6.73568E+00    1.95651E+00    1.15148E+01
 4.20000E+01    6.16226E+00    1.78995E+00    1.05346E+01
 4.40000E+01    5.85813E+00    1.70161E+00    1.00147E+01
 4.60000E+01    5.45557E+00    1.58468E+00    9.32647E+00
 4.80000E+01    5.08327E+00    1.47653E+00    8.69001E+00
 5.00000E+01    4.80181E+00    1.39478E+00    8.20884E+00
 5.20000E+01    4.52856E+00    1.31541E+00    7.74172E+00
 5.40000E+01    4.27208E+00    1.24091E+00    7.30326E+00
 5.60000E+01    4.02081E+00    1.16792E+00    6.87369E+00
 5.80000E+01    3.82340E+00    1.11058E+00    6.53622E+00
 6.00000E+01    3.65571E+00    1.06187E+00    6.24955E+00
 6.50000E+01    3.24758E+00    9.43322E-01    5.55184E+00
 7.00000E+01    2.89965E+00    8.42260E-01    4.95705E+00
 7.50000E+01    2.62081E+00    7.61266E-01    4.48036E+00
 8.00000E+01    2.37593E+00    6.90134E-01    4.06173E+00
 9.00000E+01    2.01396E+00    5.84993E-01    3.44293E+00
 1.00000E+02    1.69456E+00    4.92217E-01    2.89690E+00
 1.10000E+02    1.45506E+00    4.22650E-01    2.48747E+00
 1.20000E+02    1.24405E+00    3.61357E-01    2.12674E+00
 1.30000E+02    1.09095E+00    3.16887E-01    1.86501E+00
 1.40000E+02    9.60250E-01    2.78923E-01    1.64158E+00
 1.50000E+02    8.55183E-01    2.48404E-01    1.46196E+00
 1.60000E+02    7.81407E-01    2.26975E-01    1.33584E+00
 1.80000E+02    6.32673E-01    1.83772E-01    1.08157E+00
 2.00000E+02    5.03944E-01    1.46380E-01    8.61507E-01
