# n + Ac227 : (n,xg)    
# tendl.2017 A.J. Koning and D. Rochman        EVAL-NOV17
# 
# # energies =   136
#   E(MeV)        xs(mb) 
 2.74916E-02    0.00000E+00
 3.00000E-02    0.00000E+00
 3.01132E-02    0.00000E+00
 4.65559E-02    0.00000E+00
 6.00000E-02    0.00000E+00
 7.44694E-02    0.00000E+00
 8.49256E-02    0.00000E+00
 1.00000E-01    0.00000E+00
 1.10428E-01    0.00000E+00
 1.27424E-01    0.00000E+00
 1.48658E-01    0.00000E+00
 1.60711E-01    0.00000E+00
 1.88152E-01    0.00000E+00
 1.99593E-01    0.00000E+00
 2.00000E-01    0.00000E+00
 2.11716E-01    0.00000E+00
 2.28009E-01    0.00000E+00
 2.50106E-01    0.00000E+00
 2.72495E-01    0.00000E+00
 2.74354E-01    0.00000E+00
 3.00000E-01    0.00000E+00
 3.06084E-01    0.00000E+00
 3.17404E-01    0.00000E+00
 3.31506E-01    0.00000E+00
 3.43519E-01    0.00000E+00
 3.56075E-01    0.00000E+00
 3.73653E-01    0.00000E+00
 3.88950E-01    0.00000E+00
 4.00000E-01    0.00000E+00
 4.04790E-01    0.00000E+00
 4.27481E-01    0.00000E+00
 4.30303E-01    0.00000E+00
 4.37124E-01    0.00000E+00
 4.39906E-01    0.00000E+00
 4.71325E-01    0.00000E+00
 5.00000E-01    0.00000E+00
 5.03507E-01    0.00000E+00
 6.00000E-01    0.00000E+00
 7.00000E-01    0.00000E+00
 8.00000E-01    0.00000E+00
 9.00000E-01    0.00000E+00
 1.00000E+00    0.00000E+00
 1.20000E+00    0.00000E+00
 1.40000E+00    0.00000E+00
 1.60000E+00    0.00000E+00
 1.80000E+00    0.00000E+00
 2.00000E+00    0.00000E+00
 2.20000E+00    0.00000E+00
 2.40000E+00    0.00000E+00
 2.60000E+00    0.00000E+00
 2.80000E+00    0.00000E+00
 3.00000E+00    0.00000E+00
 3.20000E+00    0.00000E+00
 3.40000E+00    0.00000E+00
 3.60000E+00    0.00000E+00
 3.80000E+00    0.00000E+00
 4.00000E+00    0.00000E+00
 4.20000E+00    0.00000E+00
 4.40000E+00    0.00000E+00
 4.60000E+00    0.00000E+00
 4.80000E+00    0.00000E+00
 5.00000E+00    0.00000E+00
 5.20000E+00    0.00000E+00
 5.40000E+00    0.00000E+00
 5.60000E+00    0.00000E+00
 5.80000E+00    0.00000E+00
 6.00000E+00    0.00000E+00
 6.20000E+00    0.00000E+00
 6.40000E+00    0.00000E+00
 6.60000E+00    0.00000E+00
 6.80000E+00    0.00000E+00
 7.00000E+00    0.00000E+00
 7.20000E+00    0.00000E+00
 7.40000E+00    0.00000E+00
 7.60000E+00    0.00000E+00
 7.80000E+00    0.00000E+00
 8.00000E+00    0.00000E+00
 8.50000E+00    0.00000E+00
 9.00000E+00    0.00000E+00
 9.50000E+00    0.00000E+00
 1.00000E+01    0.00000E+00
 1.05000E+01    0.00000E+00
 1.10000E+01    0.00000E+00
 1.15000E+01    0.00000E+00
 1.20000E+01    0.00000E+00
 1.25000E+01    0.00000E+00
 1.30000E+01    0.00000E+00
 1.35000E+01    0.00000E+00
 1.40000E+01    0.00000E+00
 1.45000E+01    0.00000E+00
 1.50000E+01    0.00000E+00
 1.60000E+01    0.00000E+00
 1.70000E+01    0.00000E+00
 1.80000E+01    0.00000E+00
 1.90000E+01    0.00000E+00
 2.00000E+01    0.00000E+00
 2.10000E+01    0.00000E+00
 2.20000E+01    0.00000E+00
 2.30000E+01    0.00000E+00
 2.40000E+01    0.00000E+00
 2.50000E+01    0.00000E+00
 2.60000E+01    0.00000E+00
 2.70000E+01    0.00000E+00
 2.80000E+01    0.00000E+00
 2.90000E+01    0.00000E+00
 3.00000E+01    0.00000E+00
 3.00000E+01    1.28277E+04
 3.20000E+01    1.29090E+04
 3.40000E+01    1.28375E+04
 3.60000E+01    1.27968E+04
 3.80000E+01    1.27089E+04
 4.00000E+01    1.25607E+04
 4.20000E+01    1.23540E+04
 4.40000E+01    1.21208E+04
 4.60000E+01    1.18722E+04
 4.80000E+01    1.16680E+04
 5.00000E+01    1.14285E+04
 5.20000E+01    1.12648E+04
 5.40000E+01    1.10854E+04
 5.60000E+01    1.09298E+04
 5.80000E+01    1.08113E+04
 6.00000E+01    1.06813E+04
 6.50000E+01    1.03936E+04
 7.00000E+01    1.01130E+04
 7.50000E+01    9.76945E+03
 8.00000E+01    9.41242E+03
 9.00000E+01    8.69751E+03
 1.00000E+02    8.08575E+03
 1.10000E+02    7.67524E+03
 1.20000E+02    7.32447E+03
 1.30000E+02    7.02256E+03
 1.40000E+02    6.77662E+03
 1.50000E+02    6.63763E+03
 1.60000E+02    6.50788E+03
 1.80000E+02    6.30457E+03
 2.00000E+02    5.74283E+03
