# n + Ac227 : (n,xp)    
# tendl.2017 A.J. Koning and D. Rochman        EVAL-NOV17
# 
# # energies =   136
#   E(MeV)        xs(mb) 
 2.74916E-02    1.00000E-17
 3.00000E-02    1.00000E-17
 3.01132E-02    1.00000E-17
 4.65559E-02    1.00000E-17
 6.00000E-02    1.00000E-17
 7.44694E-02    1.00000E-17
 8.49256E-02    1.00000E-17
 1.00000E-01    1.00000E-17
 1.10428E-01    1.00000E-17
 1.27424E-01    1.00000E-17
 1.48658E-01    1.00000E-17
 1.60711E-01    1.00000E-17
 1.88152E-01    1.00000E-17
 1.99593E-01    1.00000E-17
 2.00000E-01    1.00000E-17
 2.11716E-01    1.00000E-17
 2.28009E-01    1.00000E-17
 2.50106E-01    1.00399E-17
 2.72495E-01    1.01111E-17
 2.74354E-01    1.01170E-17
 3.00000E-01    1.01986E-17
 3.06084E-01    1.02179E-17
 3.17404E-01    1.02539E-17
 3.31506E-01    1.02988E-17
 3.43519E-01    1.03370E-17
 3.56075E-01    1.03769E-17
 3.73653E-01    1.04328E-17
 3.88950E-01    1.04815E-17
 4.00000E-01    1.05166E-17
 4.04790E-01    1.05319E-17
 4.27481E-01    1.06040E-17
 4.30303E-01    1.06130E-17
 4.37124E-01    1.06347E-17
 4.39906E-01    1.06435E-17
 4.71325E-01    1.07435E-17
 5.00000E-01    1.08347E-17
 5.03507E-01    1.08458E-17
 6.00000E-01    1.46908E-17
 7.00000E-01    2.18396E-17
 8.00000E-01    2.89884E-17
 9.00000E-01    3.61371E-17
 1.00000E+00    4.32859E-17
 1.20000E+00    5.75835E-17
 1.40000E+00    7.18810E-17
 1.60000E+00    8.61786E-17
 1.80000E+00    1.00476E-16
 2.00000E+00    1.14774E-16
 2.20000E+00    1.29071E-16
 2.40000E+00    2.72024E-15
 2.60000E+00    5.03003E-14
 2.80000E+00    2.07654E-12
 3.00000E+00    1.46407E-11
 3.20000E+00    7.86632E-11
 3.40000E+00    3.44127E-10
 3.60000E+00    1.27236E-09
 3.80000E+00    4.10717E-09
 4.00000E+00    1.19078E-08
 4.20000E+00    3.17922E-08
 4.40000E+00    7.98259E-08
 4.60000E+00    1.92701E-07
 4.80000E+00    3.93740E-07
 5.00000E+00    6.53052E-07
 5.20000E+00    2.07325E-06
 5.40000E+00    3.69143E-06
 5.60000E+00    6.41599E-06
 5.80000E+00    1.60900E-05
 6.00000E+00    2.51938E-05
 6.20000E+00    5.42402E-05
 6.40000E+00    9.45690E-05
 6.60000E+00    1.40807E-04
 6.80000E+00    2.84007E-04
 7.00000E+00    4.33119E-04
 7.20000E+00    7.08200E-04
 7.40000E+00    1.12725E-03
 7.60000E+00    1.52249E-03
 7.80000E+00    2.52412E-03
 8.00000E+00    3.67376E-03
 8.50000E+00    8.71622E-03
 9.00000E+00    1.86045E-02
 9.50000E+00    3.64383E-02
 1.00000E+01    6.64496E-02
 1.05000E+01    1.14333E-01
 1.10000E+01    1.87471E-01
 1.15000E+01    2.94735E-01
 1.20000E+01    4.46072E-01
 1.25000E+01    6.51694E-01
 1.30000E+01    9.21574E-01
 1.35000E+01    1.26512E+00
 1.40000E+01    1.69152E+00
 1.45000E+01    2.20955E+00
 1.50000E+01    2.82734E+00
 1.60000E+01    4.39813E+00
 1.70000E+01    6.66105E+00
 1.80000E+01    9.36319E+00
 1.90000E+01    1.26558E+01
 2.00000E+01    1.65196E+01
 2.10000E+01    2.07735E+01
 2.20000E+01    2.55584E+01
 2.30000E+01    3.07937E+01
 2.40000E+01    3.62711E+01
 2.50000E+01    4.21416E+01
 2.60000E+01    4.83921E+01
 2.70000E+01    5.50115E+01
 2.80000E+01    6.19685E+01
 2.90000E+01    6.92883E+01
 3.00000E+01    7.67407E+01
 3.00000E+01    7.49481E+01
 3.20000E+01    9.09115E+01
 3.40000E+01    1.06782E+02
 3.60000E+01    1.23736E+02
 3.80000E+01    1.41657E+02
 4.00000E+01    1.60642E+02
 4.20000E+01    1.80632E+02
 4.40000E+01    2.00824E+02
 4.60000E+01    2.21452E+02
 4.80000E+01    2.41980E+02
 5.00000E+01    2.61986E+02
 5.20000E+01    2.81443E+02
 5.40000E+01    2.99928E+02
 5.60000E+01    3.17839E+02
 5.80000E+01    3.34522E+02
 6.00000E+01    3.50494E+02
 6.50000E+01    3.85746E+02
 7.00000E+01    4.16968E+02
 7.50000E+01    4.46825E+02
 8.00000E+01    4.75822E+02
 9.00000E+01    5.29871E+02
 1.00000E+02    5.79460E+02
 1.10000E+02    6.21378E+02
 1.20000E+02    6.60474E+02
 1.30000E+02    6.92977E+02
 1.40000E+02    7.29816E+02
 1.50000E+02    7.73271E+02
 1.60000E+02    8.27024E+02
 1.80000E+02    9.92845E+02
 2.00000E+02    1.32117E+03
