# n + Ac227 : (n,n'14)  
# tendl.2017 A.J. Koning and D. Rochman        EVAL-NOV17
# uncertainties: n
# # energies =    89
#   E(MeV)       xs(mb) 
 2.50106E-01    0.00000E+00
 2.72495E-01    1.93724E-06
 2.74354E-01    2.09810E-06
 3.00000E-01    4.31716E-06
 3.06084E-01    1.30375E-05
 3.17404E-01    2.92626E-05
 3.31506E-01    4.94753E-05
 3.43519E-01    6.66937E-05
 3.56075E-01    8.46905E-05
 3.73653E-01    1.09885E-04
 3.88950E-01    1.31811E-04
 4.00000E-01    1.47649E-04
 4.04790E-01    1.85401E-04
 4.27481E-01    3.64237E-04
 4.30303E-01    3.86478E-04
 4.37124E-01    4.40237E-04
 4.39906E-01    4.62163E-04
 4.71325E-01    7.09788E-04
 5.00000E-01    9.35787E-04
 5.03507E-01    1.01974E-03
 6.00000E-01    3.32969E-03
 7.00000E-01    8.35663E-03
 8.00000E-01    1.68009E-02
 9.00000E-01    2.91308E-02
 1.00000E+00    4.53282E-02
 1.20000E+00    8.84045E-02
 1.40000E+00    1.37516E-01
 1.60000E+00    1.78820E-01
 1.80000E+00    1.99517E-01
 2.00000E+00    1.97459E-01
 2.20000E+00    1.80063E-01
 2.40000E+00    1.56434E-01
 2.60000E+00    1.32626E-01
 2.80000E+00    1.11765E-01
 3.00000E+00    9.48840E-02
 3.20000E+00    8.18957E-02
 3.40000E+00    7.21915E-02
 3.60000E+00    6.50343E-02
 3.80000E+00    5.97606E-02
 4.00000E+00    5.59039E-02
 4.20000E+00    5.31588E-02
 4.40000E+00    5.13646E-02
 4.60000E+00    5.04602E-02
 4.80000E+00    5.04179E-02
 5.00000E+00    5.12865E-02
 5.20000E+00    5.30733E-02
 5.40000E+00    5.58455E-02
 5.60000E+00    5.96852E-02
 5.80000E+00    6.46509E-02
 6.00000E+00    7.07990E-02
 6.20000E+00    7.81385E-02
 6.40000E+00    8.66259E-02
 6.60000E+00    9.61411E-02
 6.80000E+00    1.06477E-01
 7.00000E+00    1.17347E-01
 7.20000E+00    1.28410E-01
 7.40000E+00    1.39296E-01
 7.60000E+00    1.49657E-01
 7.80000E+00    1.59190E-01
 8.00000E+00    1.67670E-01
 8.50000E+00    1.83501E-01
 9.00000E+00    1.91663E-01
 9.50000E+00    1.93527E-01
 1.00000E+01    1.91096E-01
 1.05000E+01    1.86303E-01
 1.10000E+01    1.80622E-01
 1.15000E+01    1.74956E-01
 1.20000E+01    1.69698E-01
 1.25000E+01    1.64915E-01
 1.30000E+01    1.60534E-01
 1.35000E+01    1.56467E-01
 1.40000E+01    1.52672E-01
 1.45000E+01    1.49150E-01
 1.50000E+01    1.45925E-01
 1.60000E+01    1.40459E-01
 1.70000E+01    1.36291E-01
 1.80000E+01    1.33125E-01
 1.90000E+01    1.30424E-01
 2.00000E+01    1.27632E-01
 2.10000E+01    1.24404E-01
 2.20000E+01    1.20720E-01
 2.30000E+01    1.16842E-01
 2.40000E+01    1.13118E-01
 2.50000E+01    1.09778E-01
 2.60000E+01    1.06876E-01
 2.70000E+01    1.04325E-01
 2.80000E+01    1.01955E-01
 2.90000E+01    9.95786E-02
 3.00000E+01    9.70668E-02
