# n + Ac227 : (n,n'22)  
# tendl.2017 A.J. Koning and D. Rochman        EVAL-NOV17
# uncertainties: n
# # energies =    80
#   E(MeV)       xs(mb) 
 3.73653E-01    0.00000E+00
 3.88950E-01    1.17786E+00
 4.00000E-01    2.02871E+00
 4.04790E-01    2.47801E+00
 4.27481E-01    4.60640E+00
 4.30303E-01    4.87110E+00
 4.37124E-01    5.51090E+00
 4.39906E-01    5.77185E+00
 4.71325E-01    8.71892E+00
 5.00000E-01    1.14086E+01
 5.03507E-01    1.16503E+01
 6.00000E-01    1.83005E+01
 7.00000E-01    2.25743E+01
 8.00000E-01    2.52937E+01
 9.00000E-01    2.71729E+01
 1.00000E+00    2.84801E+01
 1.20000E+00    3.02541E+01
 1.40000E+00    3.04456E+01
 1.60000E+00    2.87850E+01
 1.80000E+00    2.51732E+01
 2.00000E+00    2.03852E+01
 2.20000E+00    1.56662E+01
 2.40000E+00    1.18494E+01
 2.60000E+00    9.12380E+00
 2.80000E+00    7.32462E+00
 3.00000E+00    6.19962E+00
 3.20000E+00    5.52785E+00
 3.40000E+00    5.14608E+00
 3.60000E+00    4.94362E+00
 3.80000E+00    4.84884E+00
 4.00000E+00    4.81737E+00
 4.20000E+00    4.82251E+00
 4.40000E+00    4.84917E+00
 4.60000E+00    4.88974E+00
 4.80000E+00    4.94067E+00
 5.00000E+00    5.00093E+00
 5.20000E+00    5.07043E+00
 5.40000E+00    5.14951E+00
 5.60000E+00    5.23833E+00
 5.80000E+00    5.33634E+00
 6.00000E+00    5.44219E+00
 6.20000E+00    5.55345E+00
 6.40000E+00    5.66668E+00
 6.60000E+00    5.77776E+00
 6.80000E+00    5.88207E+00
 7.00000E+00    5.97521E+00
 7.20000E+00    6.05336E+00
 7.40000E+00    6.11378E+00
 7.60000E+00    6.15516E+00
 7.80000E+00    6.17733E+00
 8.00000E+00    6.18165E+00
 8.50000E+00    6.12854E+00
 9.00000E+00    6.01749E+00
 9.50000E+00    5.88540E+00
 1.00000E+01    5.75677E+00
 1.05000E+01    5.64398E+00
 1.10000E+01    5.54997E+00
 1.15000E+01    5.47145E+00
 1.20000E+01    5.40204E+00
 1.25000E+01    5.33497E+00
 1.30000E+01    5.26506E+00
 1.35000E+01    5.18963E+00
 1.40000E+01    5.10845E+00
 1.45000E+01    5.02294E+00
 1.50000E+01    4.93530E+00
 1.60000E+01    4.76228E+00
 1.70000E+01    4.60116E+00
 1.80000E+01    4.45464E+00
 1.90000E+01    4.31935E+00
 2.00000E+01    4.19011E+00
 2.10000E+01    4.06308E+00
 2.20000E+01    3.93764E+00
 2.30000E+01    3.81633E+00
 2.40000E+01    3.70251E+00
 2.50000E+01    3.59780E+00
 2.60000E+01    3.50169E+00
 2.70000E+01    3.41210E+00
 2.80000E+01    3.32624E+00
 2.90000E+01    3.24148E+00
 3.00000E+01    3.15627E+00
