# n + Ac227 : (n,n'27)  
# tendl.2017 A.J. Koning and D. Rochman        EVAL-NOV17
# uncertainties: n
# # energies =    74
#   E(MeV)       xs(mb) 
 4.37124E-01    0.00000E+00
 4.39906E-01    6.19748E-01
 4.71325E-01    7.61902E+00
 5.00000E-01    1.40070E+01
 5.03507E-01    1.42690E+01
 6.00000E-01    2.14788E+01
 7.00000E-01    2.40767E+01
 8.00000E-01    2.39859E+01
 9.00000E-01    2.24607E+01
 1.00000E+00    2.02739E+01
 1.20000E+00    1.59517E+01
 1.40000E+00    1.24699E+01
 1.60000E+00    9.97599E+00
 1.80000E+00    8.14121E+00
 2.00000E+00    6.67819E+00
 2.20000E+00    5.44719E+00
 2.40000E+00    4.41938E+00
 2.60000E+00    3.59089E+00
 2.80000E+00    2.94386E+00
 3.00000E+00    2.44858E+00
 3.20000E+00    2.07330E+00
 3.40000E+00    1.78887E+00
 3.60000E+00    1.57091E+00
 3.80000E+00    1.40032E+00
 4.00000E+00    1.26299E+00
 4.20000E+00    1.14920E+00
 4.40000E+00    1.05266E+00
 4.60000E+00    9.69625E-01
 4.80000E+00    8.97737E-01
 5.00000E+00    8.35490E-01
 5.20000E+00    7.81712E-01
 5.40000E+00    7.35479E-01
 5.60000E+00    6.96023E-01
 5.80000E+00    6.62644E-01
 6.00000E+00    6.34729E-01
 6.20000E+00    6.11706E-01
 6.40000E+00    5.93003E-01
 6.60000E+00    5.78036E-01
 6.80000E+00    5.66162E-01
 7.00000E+00    5.56701E-01
 7.20000E+00    5.48944E-01
 7.40000E+00    5.42206E-01
 7.60000E+00    5.35884E-01
 7.80000E+00    5.29493E-01
 8.00000E+00    5.22700E-01
 8.50000E+00    5.03033E-01
 9.00000E+00    4.79854E-01
 9.50000E+00    4.54831E-01
 1.00000E+01    4.29657E-01
 1.05000E+01    4.05584E-01
 1.10000E+01    3.83373E-01
 1.15000E+01    3.63308E-01
 1.20000E+01    3.45249E-01
 1.25000E+01    3.28800E-01
 1.30000E+01    3.13524E-01
 1.35000E+01    2.99102E-01
 1.40000E+01    2.85394E-01
 1.45000E+01    2.72413E-01
 1.50000E+01    2.60252E-01
 1.60000E+01    2.38812E-01
 1.70000E+01    2.21499E-01
 1.80000E+01    2.07847E-01
 1.90000E+01    1.96626E-01
 2.00000E+01    1.86426E-01
 2.10000E+01    1.76290E-01
 2.20000E+01    1.66024E-01
 2.30000E+01    1.56052E-01
 2.40000E+01    1.46987E-01
 2.50000E+01    1.39224E-01
 2.60000E+01    1.32814E-01
 2.70000E+01    1.27539E-01
 2.80000E+01    1.23035E-01
 2.90000E+01    1.18910E-01
 3.00000E+01    1.14869E-01
