# n + Ac227 :  n        
# tendl.2017 A.J. Koning and D. Rochman        EVAL-NOV17
# uncertainties: y
# # energies =    70
#   E(MeV)       xs(mb)       xslow(mb)      xsupp(mb)
 5.03507E-01    0.00000E+00   -0.00000E+00    0.00000E+00
 6.00000E-01    6.15381E+01    0.00000E+00    1.49002E+02
 7.00000E-01    1.95329E+02    0.00000E+00    4.72948E+02
 8.00000E-01    3.73905E+02    0.00000E+00    9.05333E+02
 9.00000E-01    5.71847E+02    0.00000E+00    1.38461E+03
 1.00000E+00    7.84078E+02    5.93014E+02    9.75142E+02
 1.20000E+00    1.22519E+03    9.26637E+02    1.52375E+03
 1.40000E+00    1.65885E+03    1.25463E+03    2.06308E+03
 1.60000E+00    2.02785E+03    1.53371E+03    2.52200E+03
 1.80000E+00    2.28978E+03    1.79795E+03    2.78160E+03
 2.00000E+00    2.45236E+03    1.92561E+03    2.97911E+03
 2.20000E+00    2.53848E+03    1.99324E+03    3.08373E+03
 2.40000E+00    2.56857E+03    2.01686E+03    3.12028E+03
 2.60000E+00    2.57170E+03    2.14079E+03    3.00262E+03
 2.80000E+00    2.56035E+03    2.13134E+03    2.98936E+03
 3.00000E+00    2.54789E+03    2.12097E+03    2.97481E+03
 3.20000E+00    2.53978E+03    2.11421E+03    2.96534E+03
 3.40000E+00    2.53294E+03    2.10853E+03    2.95736E+03
 3.60000E+00    2.52520E+03    2.10208E+03    2.94832E+03
 3.80000E+00    2.51417E+03    2.09290E+03    2.93544E+03
 4.00000E+00    2.49781E+03    2.07927E+03    2.91634E+03
 4.20000E+00    2.47708E+03    2.06202E+03    2.89214E+03
 4.40000E+00    2.45450E+03    2.04323E+03    2.86577E+03
 4.60000E+00    2.43181E+03    2.14371E+03    2.71991E+03
 4.80000E+00    2.41068E+03    2.12508E+03    2.69628E+03
 5.00000E+00    2.39292E+03    2.10942E+03    2.67641E+03
 5.20000E+00    2.37992E+03    2.09796E+03    2.66187E+03
 5.40000E+00    2.37214E+03    2.09110E+03    2.65317E+03
 5.60000E+00    2.36996E+03    2.08918E+03    2.65073E+03
 5.80000E+00    2.37357E+03    2.09237E+03    2.65477E+03
 6.00000E+00    2.38278E+03    2.10049E+03    2.66508E+03
 6.20000E+00    2.39712E+03    2.11313E+03    2.68111E+03
 6.40000E+00    2.41569E+03    2.12950E+03    2.70188E+03
 6.60000E+00    2.43679E+03    6.84852E+02    4.18873E+03
 6.80000E+00    2.43362E+03    6.83960E+02    4.18328E+03
 7.00000E+00    2.38882E+03    6.71370E+02    4.10627E+03
 7.20000E+00    2.29593E+03    6.45263E+02    3.94659E+03
 7.40000E+00    2.15411E+03    6.05406E+02    3.70282E+03
 7.60000E+00    2.00504E+03    5.63510E+02    3.44657E+03
 7.80000E+00    1.83734E+03    5.16378E+02    3.15830E+03
 8.00000E+00    1.67458E+03    4.70634E+02    2.87852E+03
 8.50000E+00    1.27209E+03    3.57516E+02    2.18666E+03
 9.00000E+00    9.41908E+02    1.80734E+02    1.70308E+03
 9.50000E+00    7.04313E+02    1.35144E+02    1.27348E+03
 1.00000E+01    5.43374E+02    1.04263E+02    9.82485E+02
 1.05000E+01    4.36650E+02    8.37847E+01    7.89516E+02
 1.10000E+01    3.65891E+02    7.02075E+01    6.61575E+02
 1.15000E+01    3.18804E+02    6.11722E+01    5.76435E+02
 1.20000E+01    2.87897E+02    5.52419E+01    5.20553E+02
 1.25000E+01    2.67168E+02    5.12644E+01    4.83072E+02
 1.30000E+01    2.51976E+02    1.26761E+02    3.77190E+02
 1.35000E+01    2.40753E+02    1.21115E+02    3.60390E+02
 1.40000E+01    2.31073E+02    1.16246E+02    3.45900E+02
 1.45000E+01    2.22669E+02    1.12018E+02    3.33320E+02
 1.50000E+01    2.14687E+02    1.08003E+02    3.21372E+02
 1.60000E+01    2.00631E+02    1.08610E+02    2.92652E+02
 1.70000E+01    1.92924E+02    1.04438E+02    2.81410E+02
 1.80000E+01    1.83351E+02    9.92557E+01    2.67446E+02
 1.90000E+01    1.75029E+02    9.47510E+01    2.55308E+02
 2.00000E+01    1.67379E+02    9.17278E+01    2.43030E+02
 2.10000E+01    1.59474E+02    8.73956E+01    2.31552E+02
 2.20000E+01    1.51878E+02    8.32331E+01    2.20523E+02
 2.30000E+01    1.44674E+02    7.92851E+01    2.10063E+02
 2.40000E+01    1.38254E+02    7.80397E+01    1.98468E+02
 2.50000E+01    1.32758E+02    7.49375E+01    1.90579E+02
 2.60000E+01    1.28267E+02    7.24026E+01    1.84132E+02
 2.70000E+01    1.24135E+02    7.00702E+01    1.78200E+02
 2.80000E+01    1.20140E+02    6.78148E+01    1.72464E+02
 2.90000E+01    1.15818E+02    6.53757E+01    1.66261E+02
 3.00000E+01    1.11091E+02    6.27073E+01    1.59475E+02
