# n + Ac226 : (n,g)     
# eaf.2010   Manhattan project, site A         EVAL-JUN10
# uncertainties: n
# # energies =  1635
#   E(MeV)       xs(mb) 
 1.00000E-11    5.03000E+06
 1.02191E-11    4.97579E+06
 1.04359E-11    4.92384E+06
 1.06503E-11    4.87403E+06
 1.08622E-11    4.82625E+06
 1.10715E-11    4.78041E+06
 1.12780E-11    4.73643E+06
 1.14819E-11    4.69420E+06
 1.16828E-11    4.65365E+06
 1.18809E-11    4.61471E+06
 1.22740E-11    4.54019E+06
 1.26544E-11    4.47143E+06
 1.30218E-11    4.40791E+06
 1.33758E-11    4.34918E+06
 1.37165E-11    4.29483E+06
 1.40437E-11    4.24450E+06
 1.43576E-11    4.19785E+06
 1.46582E-11    4.15458E+06
 1.49458E-11    4.11442E+06
 1.52205E-11    4.07712E+06
 1.54826E-11    4.04246E+06
 1.59861E-11    3.97828E+06
 1.64402E-11    3.92296E+06
 1.68480E-11    3.87519E+06
 1.72132E-11    3.83386E+06
 1.75392E-11    3.79807E+06
 1.78295E-11    3.76702E+06
 1.83491E-11    3.71330E+06
 1.87486E-11    3.67352E+06
 1.93643E-11    3.61466E+06
 2.00000E-11    3.55674E+06
 2.04380E-11    3.51842E+06
 2.08715E-11    3.48169E+06
 2.13002E-11    3.44647E+06
 2.17240E-11    3.41270E+06
 2.21425E-11    3.38029E+06
 2.25556E-11    3.34919E+06
 2.29631E-11    3.31934E+06
 2.33649E-11    3.29067E+06
 2.37609E-11    3.26314E+06
 2.45472E-11    3.21045E+06
 2.53080E-11    3.16183E+06
 2.60426E-11    3.11692E+06
 2.67506E-11    3.07539E+06
 2.74319E-11    3.03696E+06
 2.80863E-11    3.00137E+06
 2.87140E-11    2.96838E+06
 2.93152E-11    2.93779E+06
 2.98903E-11    2.90939E+06
 3.04396E-11    2.88302E+06
 3.09638E-11    2.85851E+06
 3.19710E-11    2.81312E+06
 3.28791E-11    2.77400E+06
 3.36949E-11    2.74022E+06
 3.44253E-11    2.71099E+06
 3.50773E-11    2.68568E+06
 3.56579E-11    2.66372E+06
 3.66972E-11    2.62573E+06
 3.74965E-11    2.59759E+06
 3.87281E-11    2.55596E+06
 4.00000E-11    2.51499E+06
 4.08760E-11    2.48790E+06
 4.17429E-11    2.46193E+06
 4.26002E-11    2.43703E+06
 4.34475E-11    2.41315E+06
 4.42844E-11    2.39024E+06
 4.51106E-11    2.36825E+06
 4.59256E-11    2.34714E+06
 4.67291E-11    2.32687E+06
 4.75210E-11    2.30740E+06
 4.90935E-11    2.27015E+06
 5.06150E-11    2.23577E+06
 5.20841E-11    2.20401E+06
 5.35002E-11    2.17465E+06
 5.48627E-11    2.14747E+06
 5.61715E-11    2.12231E+06
 5.74268E-11    2.09898E+06
 5.86292E-11    2.07735E+06
 5.97793E-11    2.05727E+06
 6.08780E-11    2.03862E+06
 6.19263E-11    2.02129E+06
 6.39407E-11    1.98920E+06
 6.57570E-11    1.96153E+06
 6.73886E-11    1.93764E+06
 6.88493E-11    1.91697E+06
 7.01535E-11    1.89907E+06
 7.13148E-11    1.88355E+06
 7.33935E-11    1.85668E+06
 7.49922E-11    1.83678E+06
 7.74557E-11    1.80734E+06
 8.00000E-11    1.77837E+06
 8.17519E-11    1.75921E+06
 8.34856E-11    1.74084E+06
 8.52002E-11    1.72324E+06
 8.68948E-11    1.70635E+06
 8.85686E-11    1.69015E+06
 9.02208E-11    1.67461E+06
 9.18508E-11    1.65968E+06
 9.34579E-11    1.64535E+06
 9.50416E-11    1.63158E+06
 9.81869E-11    1.60524E+06
 1.01231E-10    1.58092E+06
 1.04170E-10    1.55846E+06
 1.07002E-10    1.53769E+06
 1.09728E-10    1.51847E+06
 1.12346E-10    1.50067E+06
 1.14858E-10    1.48418E+06
 1.17263E-10    1.46888E+06
 1.19564E-10    1.45468E+06
 1.21761E-10    1.44149E+06
 1.23859E-10    1.42923E+06
 1.27887E-10    1.40654E+06
 1.31520E-10    1.38698E+06
 1.34783E-10    1.37008E+06
 1.37705E-10    1.35547E+06
 1.40313E-10    1.34282E+06
 1.42636E-10    1.33184E+06
 1.46793E-10    1.31284E+06
 1.49989E-10    1.29878E+06
 1.54914E-10    1.27797E+06
 1.60000E-10    1.25749E+06
 1.63505E-10    1.24394E+06
 1.66973E-10    1.23096E+06
 1.70403E-10    1.21850E+06
 1.73792E-10    1.20656E+06
 1.77140E-10    1.19511E+06
 1.80445E-10    1.18411E+06
 1.83706E-10    1.17355E+06
 1.86921E-10    1.16342E+06
 1.90089E-10    1.15368E+06
 1.96379E-10    1.13506E+06
 2.02466E-10    1.11787E+06
 2.08343E-10    1.10199E+06
 2.14007E-10    1.08730E+06
 2.19457E-10    1.07372E+06
 2.24693E-10    1.06113E+06
 2.29714E-10    1.04947E+06
 2.34524E-10    1.03865E+06
 2.39125E-10    1.02861E+06
 2.43520E-10    1.01929E+06
 2.47713E-10    1.01063E+06
 2.55771E-10    9.94579E+05
 2.63036E-10    9.80748E+05
 2.69562E-10    9.68804E+05
 2.75404E-10    9.58472E+05
 2.80620E-10    9.49522E+05
 2.85266E-10    9.41759E+05
 2.93579E-10    9.28329E+05
 2.99973E-10    9.18382E+05
 3.09825E-10    9.03662E+05
 3.20000E-10    8.89180E+05
 3.27008E-10    8.79600E+05
 3.33943E-10    8.70418E+05
 3.40802E-10    8.61615E+05
 3.47581E-10    8.53172E+05
 3.54276E-10    8.45071E+05
 3.60886E-10    8.37297E+05
 3.67406E-10    8.29834E+05
 3.73835E-10    8.22668E+05
 3.80170E-10    8.15785E+05
 3.92750E-10    8.02613E+05
 4.04922E-10    7.90458E+05
 4.16675E-10    7.79230E+05
 4.28003E-10    7.68848E+05
 4.38903E-10    7.59241E+05
 4.49374E-10    7.50344E+05
 4.59417E-10    7.42097E+05
 4.69036E-10    7.34448E+05
 4.78237E-10    7.27349E+05
 4.87026E-10    7.20756E+05
 4.95413E-10    7.14629E+05
 5.11528E-10    7.03282E+05
 5.26059E-10    6.93501E+05
 5.39111E-10    6.85054E+05
 5.50797E-10    6.77748E+05
 5.61230E-10    6.71419E+05
 5.70521E-10    6.65930E+05
 5.87150E-10    6.56432E+05
 5.99939E-10    6.49397E+05
 6.19647E-10    6.38987E+05
 6.40000E-10    6.28744E+05
 6.54015E-10    6.21971E+05
 6.67885E-10    6.15479E+05
 6.81602E-10    6.09254E+05
 6.95158E-10    6.03284E+05
 7.08548E-10    5.97557E+05
 7.21766E-10    5.92060E+05
 7.34805E-10    5.86783E+05
 7.47662E-10    5.81716E+05
 7.60331E-10    5.76849E+05
 7.85491E-10    5.67536E+05
 8.09834E-10    5.58941E+05
 8.33340E-10    5.51001E+05
 8.55997E-10    5.43660E+05
 8.77796E-10    5.36867E+05
 8.98737E-10    5.30576E+05
 9.18822E-10    5.24744E+05
 9.38060E-10    5.19336E+05
 9.56461E-10    5.14316E+05
 9.74040E-10    5.09654E+05
 9.90813E-10    5.05321E+05
 1.02304E-09    4.97298E+05
 1.05210E-09    4.90381E+05
 1.07821E-09    4.84408E+05
 1.10158E-09    4.79242E+05
 1.12245E-09    4.74767E+05
 1.14103E-09    4.70885E+05
 1.17429E-09    4.64168E+05
 1.19987E-09    4.59194E+05
 1.23929E-09    4.51832E+05
 1.28000E-09    4.44588E+05
 1.30803E-09    4.39799E+05
 1.33577E-09    4.35209E+05
 1.36320E-09    4.30808E+05
 1.39031E-09    4.26586E+05
 1.41709E-09    4.22536E+05
 1.44353E-09    4.18650E+05
 1.46960E-09    4.14919E+05
 1.49532E-09    4.11336E+05
 1.52065E-09    4.07894E+05
 1.57097E-09    4.01309E+05
 1.61966E-09    3.95231E+05
 1.66667E-09    3.89617E+05
 1.71198E-09    3.84426E+05
 1.75558E-09    3.79623E+05
 1.79746E-09    3.75174E+05
 1.83763E-09    3.71051E+05
 1.87611E-09    3.67226E+05
 1.91291E-09    3.63677E+05
 1.94807E-09    3.60380E+05
 1.98161E-09    3.57317E+05
 2.04607E-09    3.51643E+05
 2.10420E-09    3.46752E+05
 2.15641E-09    3.42529E+05
 2.20315E-09    3.38876E+05
 2.24489E-09    3.35711E+05
 2.28205E-09    3.32966E+05
 2.34857E-09    3.28217E+05
 2.39973E-09    3.24699E+05
 2.47857E-09    3.19493E+05
 2.56000E-09    3.14371E+05
 2.61606E-09    3.10985E+05
 2.67153E-09    3.07739E+05
 2.72640E-09    3.04627E+05
 2.78062E-09    3.01642E+05
 2.83418E-09    2.98778E+05
 2.88705E-09    2.96030E+05
 2.93920E-09    2.93392E+05
 2.99063E-09    2.90858E+05
 3.04130E-09    2.88425E+05
 3.14194E-09    2.83768E+05
 3.23931E-09    2.79471E+05
 3.33333E-09    2.75501E+05
 3.42396E-09    2.71830E+05
 3.51115E-09    2.68434E+05
 3.59491E-09    2.65288E+05
 3.67525E-09    2.62373E+05
 3.75220E-09    2.59668E+05
 3.82581E-09    2.57158E+05
 3.89612E-09    2.54827E+05
 3.96321E-09    2.52661E+05
 4.09214E-09    2.48649E+05
 4.20838E-09    2.45191E+05
 4.31280E-09    2.42204E+05
 4.40629E-09    2.39621E+05
 4.48976E-09    2.37383E+05
 4.56409E-09    2.35443E+05
 4.69714E-09    2.32084E+05
 4.79946E-09    2.29597E+05
 4.95714E-09    2.25916E+05
 5.12000E-09    2.22294E+05
 5.23211E-09    2.19899E+05
 5.34307E-09    2.17604E+05
 5.45279E-09    2.15403E+05
 5.56124E-09    2.13293E+05
 5.66835E-09    2.11268E+05
 5.77409E-09    2.09324E+05
 5.87840E-09    2.07459E+05
 5.98124E-09    2.05668E+05
 6.08259E-09    2.03947E+05
 6.28387E-09    2.00654E+05
 6.47861E-09    1.97615E+05
 6.66665E-09    1.94808E+05
 6.84790E-09    1.92213E+05
 7.02229E-09    1.89811E+05
 7.18982E-09    1.87587E+05
 7.35050E-09    1.85525E+05
 7.50440E-09    1.83613E+05
 7.65160E-09    1.81838E+05
 7.79223E-09    1.80190E+05
 7.92641E-09    1.78658E+05
 8.18426E-09    1.75821E+05
 8.41675E-09    1.73376E+05
 8.62559E-09    1.71264E+05
 8.81258E-09    1.69438E+05
 8.97951E-09    1.67855E+05
 9.12817E-09    1.66483E+05
 9.39426E-09    1.64108E+05
 9.59891E-09    1.62349E+05
 9.91428E-09    1.59746E+05
 1.02400E-08    1.57185E+05
 1.04642E-08    1.55492E+05
 1.06861E-08    1.53869E+05
 1.09056E-08    1.52313E+05
 1.11225E-08    1.50820E+05
 1.13367E-08    1.49389E+05
 1.15482E-08    1.48015E+05
 1.17568E-08    1.46695E+05
 1.19625E-08    1.45429E+05
 1.21652E-08    1.44212E+05
 1.25677E-08    1.41884E+05
 1.29572E-08    1.39735E+05
 1.33333E-08    1.37750E+05
 1.36958E-08    1.35915E+05
 1.40446E-08    1.34217E+05
 1.43796E-08    1.32644E+05
 1.47010E-08    1.31186E+05
 1.50088E-08    1.29834E+05
 1.53032E-08    1.28579E+05
 1.55844E-08    1.27413E+05
 1.58528E-08    1.26330E+05
 1.63685E-08    1.24324E+05
 1.68335E-08    1.22595E+05
 1.72512E-08    1.21102E+05
 1.76251E-08    1.19810E+05
 1.79590E-08    1.18691E+05
 1.82563E-08    1.17721E+05
 1.87885E-08    1.16042E+05
 1.91978E-08    1.14798E+05
 1.98285E-08    1.12957E+05
 2.04800E-08    1.11146E+05
 2.10283E-08    1.09688E+05
 2.15201E-08    1.08427E+05
 2.19598E-08    1.07336E+05
 2.23519E-08    1.06391E+05
 2.30551E-08    1.04756E+05
 2.35969E-08    1.03546E+05
 2.40116E-08    1.02648E+05
 2.46474E-08    1.01315E+05
 2.53000E-08    1.00000E+05
 2.58540E-08    9.89228E+04
 2.64022E-08    9.78904E+04
 2.69445E-08    9.69004E+04
 2.74803E-08    9.59510E+04
 2.80096E-08    9.50401E+04
 2.85321E-08    9.41659E+04
 2.90475E-08    9.33267E+04
 2.95557E-08    9.25209E+04
 3.00565E-08    9.17469E+04
 3.10511E-08    9.02656E+04
 3.20134E-08    8.88986E+04
 3.29426E-08    8.76359E+04
 3.38382E-08    8.64684E+04
 3.47000E-08    8.53880E+04
 3.55278E-08    8.43873E+04
 3.63217E-08    8.34599E+04
 3.70822E-08    8.25997E+04
 3.78096E-08    8.18013E+04
 3.85045E-08    8.10598E+04
 3.91676E-08    8.03708E+04
 4.04417E-08    7.90946E+04
 4.15905E-08    7.79946E+04
 4.26225E-08    7.70446E+04
 4.35465E-08    7.62229E+04
 4.43714E-08    7.55110E+04
 4.51059E-08    7.48937E+04
 4.64208E-08    7.38254E+04
 4.74321E-08    7.30341E+04
 4.89905E-08    7.18632E+04
 5.06000E-08    7.07110E+04
 5.17080E-08    6.99493E+04
 5.28045E-08    6.92192E+04
 5.38889E-08    6.85193E+04
 5.49607E-08    6.78479E+04
 5.60192E-08    6.72038E+04
 5.70642E-08    6.65857E+04
 5.80950E-08    6.59923E+04
 5.91115E-08    6.54225E+04
 6.01131E-08    6.48751E+04
 6.21022E-08    6.38277E+04
 6.40268E-08    6.28611E+04
 6.58852E-08    6.19682E+04
 6.76764E-08    6.11427E+04
 6.93999E-08    6.03787E+04
 7.10555E-08    5.96711E+04
 7.26435E-08    5.90153E+04
 7.41644E-08    5.84071E+04
 7.56192E-08    5.78425E+04
 7.70090E-08    5.73182E+04
 7.83351E-08    5.68310E+04
 8.08834E-08    5.59286E+04
 8.31811E-08    5.51507E+04
 8.52450E-08    5.44790E+04
 8.70929E-08    5.38979E+04
 8.87427E-08    5.33946E+04
 9.02119E-08    5.29581E+04
 9.28417E-08    5.22026E+04
 9.48642E-08    5.16432E+04
 9.79809E-08    5.08152E+04
 1.01200E-07    5.00004E+04
 1.03416E-07    4.94618E+04
 1.05609E-07    4.89456E+04
 1.07778E-07    4.84507E+04
 1.09921E-07    4.79759E+04
 1.12038E-07    4.75205E+04
 1.14128E-07    4.70834E+04
 1.16190E-07    4.66638E+04
 1.18223E-07    4.62609E+04
 1.20226E-07    4.58739E+04
 1.24204E-07    4.51332E+04
 1.28054E-07    4.44497E+04
 1.31770E-07    4.38183E+04
 1.35353E-07    4.32346E+04
 1.38800E-07    4.26944E+04
 1.42111E-07    4.21941E+04
 1.45287E-07    4.17303E+04
 1.48329E-07    4.13002E+04
 1.51238E-07    4.09010E+04
 1.54018E-07    4.05303E+04
 1.56670E-07    4.01858E+04
 1.61767E-07    3.95477E+04
 1.66362E-07    3.89976E+04
 1.70490E-07    3.85226E+04
 1.74186E-07    3.81118E+04
 1.77485E-07    3.77559E+04
 1.80424E-07    3.74472E+04
 1.85683E-07    3.69130E+04
 1.89728E-07    3.65174E+04
 1.95962E-07    3.59319E+04
 2.02400E-07    3.53558E+04
 2.06755E-07    3.49815E+04
 2.11063E-07    3.46226E+04
 2.15322E-07    3.42785E+04
 2.19530E-07    3.39484E+04
 2.23685E-07    3.36316E+04
 2.27785E-07    3.33276E+04
 2.31828E-07    3.30357E+04
 2.35814E-07    3.27553E+04
 2.39740E-07    3.24860E+04
 2.47535E-07    3.19704E+04
 2.55072E-07    3.14946E+04
 2.62346E-07    3.10548E+04
 2.69354E-07    3.06482E+04
 2.76094E-07    3.02718E+04
 2.82566E-07    2.99231E+04
 2.88771E-07    2.95999E+04
 2.94712E-07    2.93000E+04
 3.00393E-07    2.90217E+04
 3.05818E-07    2.87631E+04
 3.10993E-07    2.85228E+04
 3.20932E-07    2.80776E+04
 3.29890E-07    2.76938E+04
 3.37933E-07    2.73623E+04
 3.45131E-07    2.70754E+04
 3.51555E-07    2.68269E+04
 3.63087E-07    2.63975E+04
 3.71983E-07    2.60799E+04
 3.78797E-07    2.58443E+04
 3.89254E-07    2.54948E+04
 4.00000E-07    2.51500E+04
 4.00000E-07    2.70115E+04
 4.00000E-07    2.74933E+04
 4.00000E-07    3.00030E+04
 4.00000E-07    3.05256E+04
 4.00000E-07    3.32447E+04
 4.00000E-07    3.38102E+04
 4.00000E-07    3.73594E+04
 4.00000E-07    3.79776E+04
 4.00000E-07    4.17009E+04
 4.00000E-07    4.28978E+04
 4.00000E-07    4.66372E+04
 4.00000E-07    4.79339E+04
 4.00000E-07    5.19779E+04
 4.00000E-07    5.33779E+04
 4.00000E-07    5.77366E+04
 4.00000E-07    5.92430E+04
 4.00000E-07    6.39255E+04
 4.00000E-07    6.55412E+04
 4.00000E-07    7.22831E+04
 4.00000E-07    7.40390E+04
 4.00000E-07    7.94777E+04
 4.00000E-07    8.13481E+04
 4.00000E-07    8.91192E+04
 4.00000E-07    9.11349E+04
 4.00000E-07    9.94912E+04
 4.00000E-07    1.01654E+05
 4.00000E-07    1.10601E+05
 4.00000E-07    1.12912E+05
 4.00000E-07    1.24911E+05
 4.00000E-07    1.27400E+05
 4.00000E-07    1.37650E+05
 4.00000E-07    1.40286E+05
 4.00000E-07    1.53904E+05
 4.00001E-07    1.56715E+05
 4.00001E-07    1.71197E+05
 4.00001E-07    1.74178E+05
 4.00001E-07    1.92650E+05
 4.00001E-07    1.95825E+05
 4.00001E-07    2.10612E+05
 4.00001E-07    2.16512E+05
 4.00001E-07    2.40788E+05
 4.00001E-07    2.47016E+05
 4.00001E-07    2.66054E+05
 4.00001E-07    2.72510E+05
 4.00001E-07    2.98838E+05
 4.00001E-07    3.05535E+05
 4.00001E-07    3.32722E+05
 4.00001E-07    3.39608E+05
 4.00001E-07    3.67447E+05
 4.00001E-07    3.74471E+05
 4.00001E-07    4.09868E+05
 4.00001E-07    4.16990E+05
 4.00001E-07    4.58288E+05
 4.00001E-07    4.70972E+05
 4.00001E-07    5.08612E+05
 4.00001E-07    5.20989E+05
 4.00001E-07    5.69423E+05
 4.00001E-07    5.81225E+05
 4.00001E-07    6.38095E+05
 4.00001E-07    6.49007E+05
 4.00001E-07    7.14219E+05
 4.00001E-07    7.30987E+05
 4.00001E-07    7.91234E+05
 4.00001E-07    8.04643E+05
 4.00001E-07    8.82350E+05
 4.00001E-07    8.96871E+05
 4.00001E-07    9.79980E+05
 4.08760E-07    9.69311E+05
 4.17428E-07    9.59087E+05
 4.26000E-07    9.49284E+05
 4.34473E-07    9.39884E+05
 4.42841E-07    9.30866E+05
 4.51101E-07    9.22213E+05
 4.59250E-07    9.13906E+05
 4.67285E-07    9.05931E+05
 4.75203E-07    8.98271E+05
 4.83001E-07    8.90912E+05
 4.98477E-07    8.76826E+05
 5.13435E-07    8.63822E+05
 5.27865E-07    8.51806E+05
 5.41762E-07    8.40694E+05
 5.55122E-07    8.30407E+05
 5.67947E-07    8.20878E+05
 5.80239E-07    8.12043E+05
 5.92004E-07    8.03847E+05
 6.03250E-07    7.96239E+05
 6.13987E-07    7.89171E+05
 6.24227E-07    7.82602E+05
 6.43889E-07    7.70433E+05
 6.61601E-07    7.59940E+05
 6.77498E-07    7.50876E+05
 6.91721E-07    7.43033E+05
 7.04411E-07    7.36238E+05
 7.27180E-07    7.24496E+05
 7.44740E-07    7.15813E+05
 7.58187E-07    7.09369E+05
 7.78814E-07    6.99811E+05
 8.00002E-07    6.90382E+05
 8.22630E-07    6.80719E+05
 8.42954E-07    6.72375E+05
 8.61150E-07    6.65158E+05
 8.77392E-07    6.58906E+05
 8.91856E-07    6.53484E+05
 9.17743E-07    6.44103E+05
 9.37650E-07    6.37156E+05
 9.68323E-07    6.26875E+05
 1.00000E-06    6.16760E+05
 1.02190E-06    6.09905E+05
 1.04357E-06    6.03338E+05
 1.06500E-06    5.97043E+05
 1.08618E-06    5.91007E+05
 1.10710E-06    5.85218E+05
 1.12775E-06    5.79664E+05
 1.14812E-06    5.74334E+05
 1.16821E-06    5.69217E+05
 1.18800E-06    5.64304E+05
 1.20750E-06    5.59585E+05
 1.24619E-06    5.50553E+05
 1.28358E-06    5.42218E+05
 1.31966E-06    5.34519E+05
 1.35440E-06    5.27400E+05
 1.38780E-06    5.20812E+05
 1.41986E-06    5.14711E+05
 1.45059E-06    5.09056E+05
 1.48001E-06    5.03811E+05
 1.50812E-06    4.98943E+05
 1.53496E-06    4.94421E+05
 1.56056E-06    4.90220E+05
 1.60972E-06    4.82438E+05
 1.65400E-06    4.75731E+05
 1.69374E-06    4.69938E+05
 1.72930E-06    4.64928E+05
 1.76102E-06    4.60587E+05
 1.81795E-06    4.53089E+05
 1.86184E-06    4.47545E+05
 1.89546E-06    4.43432E+05
 1.94703E-06    4.37333E+05
 2.00000E-06    4.31318E+05
 2.04379E-06    4.26524E+05
 2.08713E-06    4.21931E+05
 2.13000E-06    4.17529E+05
 2.17236E-06    4.13308E+05
 2.21420E-06    4.09260E+05
 2.25550E-06    4.05376E+05
 2.29625E-06    4.01648E+05
 2.33642E-06    3.98070E+05
 2.37601E-06    3.94634E+05
 2.41500E-06    3.91333E+05
 2.49238E-06    3.85017E+05
 2.56717E-06    3.79188E+05
 2.63932E-06    3.73804E+05
 2.70880E-06    3.68826E+05
 2.77561E-06    3.64219E+05
 2.83973E-06    3.59952E+05
 2.90119E-06    3.55997E+05
 2.96001E-06    3.52329E+05
 3.01624E-06    3.48925E+05
 3.06993E-06    3.45763E+05
 3.12113E-06    3.42825E+05
 3.21944E-06    3.37383E+05
 3.30800E-06    3.32692E+05
 3.38748E-06    3.28641E+05
 3.45860E-06    3.25137E+05
 3.52204E-06    3.22102E+05
 3.63589E-06    3.16858E+05
 3.72369E-06    3.12981E+05
 3.79092E-06    3.10104E+05
 3.89406E-06    3.05839E+05
 4.00000E-06    3.01633E+05
 4.08759E-06    2.98280E+05
 4.17427E-06    2.95068E+05
 4.25999E-06    2.91990E+05
 4.34472E-06    2.89038E+05
 4.42840E-06    2.86207E+05
 4.51100E-06    2.83491E+05
 4.59249E-06    2.80884E+05
 4.67284E-06    2.78381E+05
 4.75202E-06    2.75978E+05
 4.83000E-06    2.73670E+05
 4.98475E-06    2.69253E+05
 5.13433E-06    2.65177E+05
 5.27864E-06    2.61412E+05
 5.41761E-06    2.57930E+05
 5.55121E-06    2.54708E+05
 5.67945E-06    2.51724E+05
 5.80237E-06    2.48959E+05
 5.92002E-06    2.46394E+05
 6.03248E-06    2.44013E+05
 6.13986E-06    2.41802E+05
 6.24226E-06    2.39747E+05
 6.43888E-06    2.35941E+05
 6.61599E-06    2.32661E+05
 6.77496E-06    2.29828E+05
 6.91719E-06    2.27377E+05
 7.04409E-06    2.25255E+05
 7.27179E-06    2.21588E+05
 7.44738E-06    2.18876E+05
 7.58185E-06    2.16865E+05
 7.78812E-06    2.13882E+05
 8.00000E-06    2.10940E+05
 8.22628E-06    2.07926E+05
 8.42953E-06    2.05324E+05
 8.61148E-06    2.03074E+05
 8.77391E-06    2.01126E+05
 8.91855E-06    1.99436E+05
 9.17742E-06    1.96514E+05
 9.37649E-06    1.94350E+05
 9.52863E-06    1.92742E+05
 9.76147E-06    1.90356E+05
 1.00000E-05    1.88000E+05
 1.02190E-05    1.85802E+05
 1.04357E-05    1.83697E+05
 1.06500E-05    1.81680E+05
 1.08618E-05    1.79748E+05
 1.10710E-05    1.77895E+05
 1.12775E-05    1.76119E+05
 1.14812E-05    1.74415E+05
 1.16821E-05    1.72780E+05
 1.18800E-05    1.71211E+05
 1.20750E-05    1.69704E+05
 1.22669E-05    1.68257E+05
 1.26475E-05    1.65489E+05
 1.30150E-05    1.62935E+05
 1.33692E-05    1.60577E+05
 1.37100E-05    1.58397E+05
 1.40374E-05    1.56380E+05
 1.43515E-05    1.54512E+05
 1.46523E-05    1.52782E+05
 1.49400E-05    1.51177E+05
 1.52148E-05    1.49688E+05
 1.54771E-05    1.48305E+05
 1.57271E-05    1.47020E+05
 1.62068E-05    1.44641E+05
 1.66385E-05    1.42591E+05
 1.70256E-05    1.40821E+05
 1.73718E-05    1.39291E+05
 1.76804E-05    1.37965E+05
 1.82338E-05    1.35675E+05
 1.86601E-05    1.33983E+05
 1.89864E-05    1.32728E+05
 1.94866E-05    1.30867E+05
 2.00000E-05    1.29032E+05
 2.04379E-05    1.27523E+05
 2.08713E-05    1.26078E+05
 2.13000E-05    1.24694E+05
 2.17236E-05    1.23368E+05
 2.21420E-05    1.22097E+05
 2.25550E-05    1.20877E+05
 2.29625E-05    1.19708E+05
 2.33642E-05    1.18586E+05
 2.37601E-05    1.17509E+05
 2.41500E-05    1.16475E+05
 2.45338E-05    1.15482E+05
 2.52950E-05    1.13582E+05
 2.60299E-05    1.11829E+05
 2.67384E-05    1.10210E+05
 2.74200E-05    1.08714E+05
 2.80748E-05    1.07330E+05
 2.87029E-05    1.06048E+05
 2.93045E-05    1.04860E+05
 2.98799E-05    1.03759E+05
 3.04297E-05    1.02737E+05
 3.09542E-05    1.01788E+05
 3.14542E-05    1.00906E+05
 3.24135E-05    9.92730E+04
 3.32769E-05    9.78660E+04
 3.40512E-05    9.66512E+04
 3.47435E-05    9.56007E+04
 3.53608E-05    9.46909E+04
 3.64675E-05    9.31194E+04
 3.73203E-05    9.19580E+04
 3.79729E-05    9.10964E+04
 3.89733E-05    8.98191E+04
 4.00000E-05    8.85598E+04
 4.08759E-05    8.75243E+04
 4.17427E-05    8.65326E+04
 4.25999E-05    8.55827E+04
 4.34472E-05    8.46724E+04
 4.42840E-05    8.37998E+04
 4.51100E-05    8.29631E+04
 4.59249E-05    8.21604E+04
 4.67284E-05    8.13902E+04
 4.75202E-05    8.06510E+04
 4.83000E-05    7.99413E+04
 4.90677E-05    7.92598E+04
 5.05899E-05    7.79557E+04
 5.20599E-05    7.67527E+04
 5.34767E-05    7.56417E+04
 5.48400E-05    7.46147E+04
 5.61497E-05    7.36646E+04
 5.74058E-05    7.27849E+04
 5.86090E-05    7.19697E+04
 5.97599E-05    7.12138E+04
 6.08593E-05    7.05123E+04
 6.19085E-05    6.98609E+04
 6.29084E-05    6.92557E+04
 6.48271E-05    6.81350E+04
 6.65538E-05    6.71694E+04
 6.81024E-05    6.63356E+04
 6.94870E-05    6.56146E+04
 7.07216E-05    6.49901E+04
 7.29351E-05    6.39116E+04
 7.46405E-05    6.31144E+04
 7.59458E-05    6.25231E+04
 7.79465E-05    6.16465E+04
 8.00000E-05    6.07821E+04
 8.22628E-05    5.98685E+04
 8.42953E-05    5.90803E+04
 8.61148E-05    5.83991E+04
 8.77391E-05    5.78096E+04
 8.91855E-05    5.72986E+04
 9.17742E-05    5.64152E+04
 9.37649E-05    5.57617E+04
 9.52863E-05    5.52764E+04
 9.76147E-05    5.45565E+04
 1.00000E-04    5.38460E+04
 1.02190E-04    5.31559E+04
 1.04357E-04    5.24958E+04
 1.06500E-04    5.18642E+04
 1.08618E-04    5.12596E+04
 1.10710E-04    5.06805E+04
 1.12775E-04    5.01258E+04
 1.14812E-04    4.95943E+04
 1.16821E-04    4.90847E+04
 1.18800E-04    4.85960E+04
 1.20750E-04    4.81273E+04
 1.22669E-04    4.76775E+04
 1.24557E-04    4.72457E+04
 1.26414E-04    4.68312E+04
 1.30091E-04    4.60384E+04
 1.33636E-04    4.53074E+04
 1.37046E-04    4.46326E+04
 1.40322E-04    4.40091E+04
 1.43465E-04    4.34324E+04
 1.46475E-04    4.28987E+04
 1.49354E-04    4.24043E+04
 1.52105E-04    4.19460E+04
 1.54730E-04    4.15208E+04
 1.57232E-04    4.11261E+04
 1.59614E-04    4.07595E+04
 1.64178E-04    4.00809E+04
 1.68279E-04    3.94964E+04
 1.71951E-04    3.89919E+04
 1.75230E-04    3.85558E+04
 1.78150E-04    3.81782E+04
 1.83378E-04    3.75263E+04
 1.87399E-04    3.70447E+04
 1.90473E-04    3.66875E+04
 1.95178E-04    3.61582E+04
 2.00000E-04    3.56366E+04
 2.04379E-04    3.51799E+04
 2.08713E-04    3.47430E+04
 2.13000E-04    3.43250E+04
 2.17236E-04    3.39248E+04
 2.21420E-04    3.35416E+04
 2.25550E-04    3.31745E+04
 2.29625E-04    3.28227E+04
 2.33642E-04    3.24854E+04
 2.37601E-04    3.21620E+04
 2.41500E-04    3.18518E+04
 2.45338E-04    3.15541E+04
 2.49115E-04    3.12684E+04
 2.52829E-04    3.09940E+04
 2.60183E-04    3.04693E+04
 2.67271E-04    2.99855E+04
 2.74092E-04    2.95389E+04
 2.80645E-04    2.91263E+04
 2.86930E-04    2.87446E+04
 2.92950E-04    2.83914E+04
 2.98709E-04    2.80642E+04
 3.04210E-04    2.77609E+04
 3.09460E-04    2.74795E+04
 3.14463E-04    2.72183E+04
 3.19228E-04    2.69756E+04
 3.28356E-04    2.65265E+04
 3.36558E-04    2.61396E+04
 3.43902E-04    2.58058E+04
 3.50460E-04    2.55172E+04
 3.56300E-04    2.52673E+04
 3.66756E-04    2.48358E+04
 3.74798E-04    2.45171E+04
 3.80946E-04    2.42807E+04
 3.90357E-04    2.39304E+04
 4.00000E-04    2.35851E+04
 4.08759E-04    2.32829E+04
 4.17427E-04    2.29938E+04
 4.25999E-04    2.27171E+04
 4.34472E-04    2.24523E+04
 4.42840E-04    2.21986E+04
 4.51100E-04    2.19557E+04
 4.59249E-04    2.17228E+04
 4.67284E-04    2.14996E+04
 4.75202E-04    2.12856E+04
 4.83000E-04    2.10803E+04
 4.90677E-04    2.08833E+04
 4.98230E-04    2.06942E+04
 5.05658E-04    2.05126E+04
 5.20366E-04    2.01653E+04
 5.34543E-04    1.98451E+04
 5.48185E-04    1.95496E+04
 5.61290E-04    1.92765E+04
 5.73860E-04    1.90239E+04
 5.85900E-04    1.87901E+04
 5.97417E-04    1.85736E+04
 6.08420E-04    1.83728E+04
 6.18919E-04    1.81866E+04
 6.28927E-04    1.80137E+04
 6.38455E-04    1.78531E+04
 6.56713E-04    1.75559E+04
 6.73116E-04    1.72998E+04
 6.87804E-04    1.70789E+04
 7.00919E-04    1.68879E+04
 7.12600E-04    1.67225E+04
 7.33511E-04    1.64369E+04
 7.49597E-04    1.62260E+04
 7.61892E-04    1.60695E+04
 7.80713E-04    1.58377E+04
 8.00000E-04    1.56092E+04
 8.22628E-04    1.53521E+04
 8.42953E-04    1.51306E+04
 8.61148E-04    1.49394E+04
 8.77391E-04    1.47741E+04
 8.91854E-04    1.46309E+04
 9.17742E-04    1.43838E+04
 9.37649E-04    1.42011E+04
 9.52863E-04    1.40657E+04
 9.76147E-04    1.38649E+04
 1.00000E-03    1.36670E+04
 1.02190E-03    1.34824E+04
 1.04357E-03    1.33059E+04
 1.06500E-03    1.31372E+04
 1.08618E-03    1.29757E+04
 1.10710E-03    1.28212E+04
 1.12775E-03    1.26733E+04
 1.14812E-03    1.25317E+04
 1.16821E-03    1.23959E+04
 1.18800E-03    1.22659E+04
 1.20750E-03    1.21411E+04
 1.22669E-03    1.20215E+04
 1.24557E-03    1.19068E+04
 1.26414E-03    1.17967E+04
 1.28240E-03    1.16910E+04
 1.31852E-03    1.14888E+04
 1.35330E-03    1.13025E+04
 1.38675E-03    1.11306E+04
 1.41885E-03    1.09718E+04
 1.44962E-03    1.08250E+04
 1.47908E-03    1.06891E+04
 1.50723E-03    1.05633E+04
 1.53412E-03    1.04467E+04
 1.55976E-03    1.03386E+04
 1.58418E-03    1.02382E+04
 1.60743E-03    1.01450E+04
 1.65194E-03    9.97250E+03
 1.69190E-03    9.82397E+03
 1.72765E-03    9.69583E+03
 1.75955E-03    9.58507E+03
 1.78795E-03    9.48920E+03
 1.81318E-03    9.40610E+03
 1.85818E-03    9.26242E+03
 1.89266E-03    9.15610E+03
 1.94559E-03    8.99891E+03
 2.00000E-03    8.84442E+03
 2.04379E-03    8.72495E+03
 2.08713E-03    8.61075E+03
 2.13000E-03    8.50155E+03
 2.17236E-03    8.39708E+03
 2.21420E-03    8.29710E+03
 2.25550E-03    8.20138E+03
 2.29625E-03    8.10970E+03
 2.33642E-03    8.02187E+03
 2.37601E-03    7.93769E+03
 2.41500E-03    7.85698E+03
 2.45338E-03    7.77957E+03
 2.49115E-03    7.70532E+03
 2.52829E-03    7.63406E+03
 2.56480E-03    7.56565E+03
 2.63703E-03    7.43485E+03
 2.70660E-03    7.31429E+03
 2.77349E-03    7.20303E+03
 2.83770E-03    7.10027E+03
 2.89924E-03    7.00526E+03
 2.95815E-03    6.91734E+03
 3.01447E-03    6.83592E+03
 3.06824E-03    6.76046E+03
 3.11951E-03    6.69047E+03
 3.16837E-03    6.62552E+03
 3.21486E-03    6.56520E+03
 3.30388E-03    6.45357E+03
 3.38379E-03    6.35745E+03
 3.45530E-03    6.27452E+03
 3.51911E-03    6.20285E+03
 3.57590E-03    6.14081E+03
 3.62635E-03    6.08703E+03
 3.71636E-03    5.99405E+03
 3.78533E-03    5.92525E+03
 3.89118E-03    5.82352E+03
 4.00000E-03    5.72355E+03
 4.08759E-03    5.64623E+03
 4.17427E-03    5.57233E+03
 4.25999E-03    5.50166E+03
 4.34472E-03    5.43406E+03
 4.42840E-03    5.36936E+03
 4.51100E-03    5.30741E+03
 4.59249E-03    5.24808E+03
 4.67284E-03    5.19124E+03
 4.75202E-03    5.13677E+03
 4.83000E-03    5.08454E+03
 4.90677E-03    5.03445E+03
 4.98230E-03    4.98639E+03
 5.05658E-03    4.94028E+03
 5.12959E-03    4.89601E+03
 5.27407E-03    4.81137E+03
 5.41321E-03    4.73334E+03
 5.54698E-03    4.66135E+03
 5.67540E-03    4.59484E+03
 5.79849E-03    4.53336E+03
 5.91631E-03    4.47646E+03
 6.02894E-03    4.42377E+03
 6.13647E-03    4.37494E+03
 6.23903E-03    4.32965E+03
 6.33673E-03    4.28762E+03
 6.42972E-03    4.24858E+03
 6.60776E-03    4.17634E+03
 6.76758E-03    4.11414E+03
 6.91060E-03    4.06047E+03
 7.03821E-03    4.01409E+03
 7.15181E-03    3.97394E+03
 7.25271E-03    3.93914E+03
 7.43272E-03    3.87897E+03
 7.57065E-03    3.83445E+03
 7.78236E-03    3.76862E+03
 8.00000E-03    3.70392E+03
 8.22628E-03    3.63961E+03
 8.42953E-03    3.58427E+03
 8.61148E-03    3.53653E+03
 8.77391E-03    3.49528E+03
 8.91855E-03    3.45958E+03
 9.04706E-03    3.42865E+03
 9.27642E-03    3.37517E+03
 9.45225E-03    3.33561E+03
 9.58631E-03    3.30625E+03
 9.79097E-03    3.26269E+03
 1.00000E-02    3.21970E+03
 1.02190E-02    3.18273E+03
 1.04357E-02    3.14733E+03
 1.06500E-02    3.11340E+03
 1.08618E-02    3.08089E+03
 1.10710E-02    3.04971E+03
 1.12775E-02    3.01981E+03
 1.14812E-02    2.99112E+03
 1.16821E-02    2.96359E+03
 1.18800E-02    2.93716E+03
 1.20750E-02    2.91179E+03
 1.22669E-02    2.88741E+03
 1.26475E-02    2.84076E+03
 1.30150E-02    2.79771E+03
 1.33692E-02    2.75795E+03
 1.37100E-02    2.72118E+03
 1.40374E-02    2.68716E+03
 1.43515E-02    2.65565E+03
 1.46523E-02    2.62644E+03
 1.49400E-02    2.59936E+03
 1.52148E-02    2.57422E+03
 1.54771E-02    2.55087E+03
 1.57271E-02    2.52917E+03
 1.62068E-02    2.48898E+03
 1.66385E-02    2.45434E+03
 1.70256E-02    2.42443E+03
 1.73718E-02    2.39856E+03
 1.76804E-02    2.37614E+03
 1.82338E-02    2.33742E+03
 1.86601E-02    2.30879E+03
 1.89864E-02    2.28755E+03
 1.94866E-02    2.25606E+03
 2.00000E-02    2.22500E+03
 2.04379E-02    2.20467E+03
 2.08713E-02    2.18516E+03
 2.13000E-02    2.16642E+03
 2.17236E-02    2.14842E+03
 2.21420E-02    2.13113E+03
 2.25550E-02    2.11451E+03
 2.33773E-02    2.08267E+03
 2.41754E-02    2.05326E+03
 2.49483E-02    2.02607E+03
 2.56954E-02    2.00090E+03
 2.64160E-02    1.97759E+03
 2.71100E-02    1.95598E+03
 2.77772E-02    1.93594E+03
 2.84175E-02    1.91733E+03
 2.90312E-02    1.90005E+03
 2.96187E-02    1.88400E+03
 3.01801E-02    1.86907E+03
 3.12618E-02    1.84139E+03
 3.22400E-02    1.81751E+03
 3.31209E-02    1.79687E+03
 3.39115E-02    1.77900E+03
 3.46187E-02    1.76351E+03
 3.58921E-02    1.73673E+03
 3.68777E-02    1.71691E+03
 3.76347E-02    1.70220E+03
 3.87993E-02    1.68036E+03
 4.00000E-02    1.65880E+03
 4.17710E-02    1.63595E+03
 4.35024E-02    1.61482E+03
 4.51907E-02    1.59526E+03
 4.68329E-02    1.57713E+03
 4.84267E-02    1.56033E+03
 4.99701E-02    1.54473E+03
 5.14617E-02    1.53026E+03
 5.29005E-02    1.51681E+03
 5.42858E-02    1.50431E+03
 5.56175E-02    1.49268E+03
 5.68956E-02    1.48187E+03
 5.93718E-02    1.46179E+03
 6.16267E-02    1.44445E+03
 6.36699E-02    1.42945E+03
 6.55132E-02    1.41645E+03
 6.71698E-02    1.40517E+03
 6.86536E-02    1.39538E+03
 7.13296E-02    1.37840E+03
 7.34049E-02    1.36580E+03
 7.66315E-02    1.34712E+03
 8.00000E-02    1.32870E+03
 8.22628E-02    1.31915E+03
 8.63779E-02    1.30260E+03
 8.95988E-02    1.29033E+03
 9.20930E-02    1.28120E+03
 9.59651E-02    1.26763E+03
 1.00000E-01    1.25420E+03
 1.04427E-01    1.24444E+03
 1.08756E-01    1.23535E+03
 1.12977E-01    1.22690E+03
 1.17082E-01    1.21903E+03
 1.21067E-01    1.21169E+03
 1.24925E-01    1.20485E+03
 1.32495E-01    1.19214E+03
 1.39493E-01    1.18112E+03
 1.45919E-01    1.17156E+03
 1.51784E-01    1.16326E+03
 1.57109E-01    1.15605E+03
 1.66882E-01    1.14354E+03
 1.74608E-01    1.13424E+03
 1.80637E-01    1.12732E+03
 1.90072E-01    1.11701E+03
 2.00000E-01    1.10680E+03
 2.19712E-01    1.10042E+03
 2.35761E-01    1.09566E+03
 2.62059E-01    1.08856E+03
 2.91290E-01    1.08150E+03
 2.94191E-01    1.06210E+03
 2.97029E-01    1.04364E+03
 2.99805E-01    1.02606E+03
 3.02519E-01    1.00932E+03
 3.05171E-01    9.93355E+02
 3.07762E-01    9.78132E+02
 3.10294E-01    9.63608E+02
 3.12766E-01    9.49743E+02
 3.15180E-01    9.36502E+02
 3.17536E-01    9.23851E+02
 3.19835E-01    9.11758E+02
 3.22078E-01    9.00194E+02
 3.24266E-01    8.89131E+02
 3.26400E-01    8.78543E+02
 3.28481E-01    8.68407E+02
 3.32550E-01    8.49099E+02
 3.36411E-01    8.31389E+02
 3.40071E-01    8.15120E+02
 3.43538E-01    8.00158E+02
 3.46821E-01    7.86380E+02
 3.49927E-01    7.73680E+02
 3.52864E-01    7.61959E+02
 3.55640E-01    7.51132E+02
 3.58263E-01    7.41121E+02
 3.60739E-01    7.31858E+02
 3.63075E-01    7.23278E+02
 3.67498E-01    7.07462E+02
 3.71412E-01    6.93907E+02
 3.74870E-01    6.82259E+02
 3.77923E-01    6.72228E+02
 3.80615E-01    6.63572E+02
 3.85371E-01    6.48691E+02
 3.88977E-01    6.37749E+02
 3.91704E-01    6.29664E+02
 3.95830E-01    6.17729E+02
 4.00000E-01    6.06020E+02
 4.02172E-01    5.98288E+02
 4.04339E-01    5.90714E+02
 4.06500E-01    5.83294E+02
 4.08656E-01    5.76023E+02
 4.10806E-01    5.68900E+02
 4.12951E-01    5.61919E+02
 4.15089E-01    5.55077E+02
 4.17223E-01    5.48371E+02
 4.19350E-01    5.41797E+02
 4.21471E-01    5.35353E+02
 4.23587E-01    5.29035E+02
 4.27816E-01    5.16717E+02
 4.32021E-01    5.04872E+02
 4.36200E-01    4.93477E+02
 4.40354E-01    4.82511E+02
 4.44481E-01    4.71955E+02
 4.48581E-01    4.61789E+02
 4.52654E-01    4.51996E+02
 4.56700E-01    4.42559E+02
 4.60718E-01    4.33462E+02
 4.64708E-01    4.24689E+02
 4.68669E-01    4.16227E+02
 4.72601E-01    4.08062E+02
 4.76504E-01    4.00181E+02
 4.80377E-01    3.92572E+02
 4.84221E-01    3.85223E+02
 4.88034E-01    3.78124E+02
 4.91817E-01    3.71263E+02
 4.95570E-01    3.64630E+02
 4.99293E-01    3.58217E+02
 5.02984E-01    3.52015E+02
 5.06644E-01    3.46014E+02
 5.10273E-01    3.40207E+02
 5.13871E-01    3.34586E+02
 5.17438E-01    3.29144E+02
 5.20972E-01    3.23873E+02
 5.24476E-01    3.18767E+02
 5.27947E-01    3.13819E+02
 5.31387E-01    3.09023E+02
 5.34794E-01    3.04374E+02
 5.38170E-01    2.99866E+02
 5.41514E-01    2.95494E+02
 5.44826E-01    2.91252E+02
 5.48106E-01    2.87136E+02
 5.51354E-01    2.83141E+02
 5.54570E-01    2.79263E+02
 5.57755E-01    2.75498E+02
 5.60907E-01    2.71840E+02
 5.64027E-01    2.68288E+02
 5.67116E-01    2.64836E+02
 5.70173E-01    2.61481E+02
 5.73198E-01    2.58221E+02
 5.76192E-01    2.55051E+02
 5.79154E-01    2.51968E+02
 5.82084E-01    2.48971E+02
 5.87898E-01    2.43172E+02
 5.93585E-01    2.37684E+02
 5.99146E-01    2.32486E+02
 6.04584E-01    2.27558E+02
 6.09899E-01    2.22884E+02
 6.15092E-01    2.18448E+02
 6.20165E-01    2.14234E+02
 6.25119E-01    2.10230E+02
 6.29956E-01    2.06422E+02
 6.34678E-01    2.02799E+02
 6.39286E-01    1.99350E+02
 6.43782E-01    1.96064E+02
 6.48168E-01    1.92933E+02
 6.52445E-01    1.89948E+02
 6.56615E-01    1.87099E+02
 6.60680E-01    1.84381E+02
 6.64643E-01    1.81785E+02
 6.68504E-01    1.79305E+02
 6.72266E-01    1.76935E+02
 6.75930E-01    1.74669E+02
 6.79499E-01    1.72501E+02
 6.82975E-01    1.70427E+02
 6.89759E-01    1.66479E+02
 6.96181E-01    1.62861E+02
 7.02255E-01    1.59540E+02
 7.07998E-01    1.56488E+02
 7.13425E-01    1.53680E+02
 7.18550E-01    1.51094E+02
 7.23389E-01    1.48708E+02
 7.27954E-01    1.46506E+02
 7.32261E-01    1.44471E+02
 7.36321E-01    1.42589E+02
 7.40148E-01    1.40847E+02
 7.47378E-01    1.37638E+02
 7.53761E-01    1.34890E+02
 7.59392E-01    1.32530E+02
 7.64353E-01    1.30500E+02
 7.68720E-01    1.28748E+02
 7.76424E-01    1.25740E+02
 7.82252E-01    1.23530E+02
 7.86652E-01    1.21898E+02
 7.93298E-01    1.19490E+02
 8.00000E-01    1.17130E+02
 8.05598E-01    1.15811E+02
 8.16556E-01    1.13299E+02
 8.26965E-01    1.10992E+02
 8.36843E-01    1.08873E+02
 8.46211E-01    1.06923E+02
 8.55089E-01    1.05126E+02
 8.63496E-01    1.03469E+02
 8.71454E-01    1.01940E+02
 8.78980E-01    1.00526E+02
 8.86095E-01    9.92190E+01
 8.92818E-01    9.80089E+01
 8.99167E-01    9.68878E+01
 9.11192E-01    9.48202E+01
 9.21847E-01    9.30472E+01
 9.31272E-01    9.15231E+01
 9.39598E-01    9.02100E+01
 9.46944E-01    8.90765E+01
 9.59938E-01    8.71271E+01
 9.69800E-01    8.56930E+01
 9.77264E-01    8.46330E+01
 9.88567E-01    8.30675E+01
 1.00000E+00    8.15310E+01
 1.01275E+00    8.01184E+01
 1.02526E+00    7.87732E+01
 1.03752E+00    7.74917E+01
 1.04954E+00    7.62701E+01
 1.06132E+00    7.51050E+01
 1.07286E+00    7.39933E+01
 1.08415E+00    7.29320E+01
 1.09521E+00    7.19184E+01
 1.10603E+00    7.09500E+01
 1.11661E+00    7.00242E+01
 1.12696E+00    6.91389E+01
 1.13707E+00    6.82919E+01
 1.14696E+00    6.74813E+01
 1.15662E+00    6.67052E+01
 1.16605E+00    6.59619E+01
 1.17526E+00    6.52497E+01
 1.19332E+00    6.38916E+01
 1.21050E+00    6.26441E+01
 1.22684E+00    6.14966E+01
 1.24235E+00    6.04400E+01
 1.25707E+00    5.94659E+01
 1.27103E+00    5.85670E+01
 1.28425E+00    5.77366E+01
 1.29678E+00    5.69688E+01
 1.30863E+00    5.62582E+01
 1.31984E+00    5.56001E+01
 1.33044E+00    5.49902E+01
 1.35054E+00    5.38644E+01
 1.36837E+00    5.28984E+01
 1.38417E+00    5.20673E+01
 1.39815E+00    5.13508E+01
 1.41049E+00    5.07320E+01
 1.43236E+00    4.96669E+01
 1.44897E+00    4.88828E+01
 1.46157E+00    4.83029E+01
 1.48066E+00    4.74458E+01
 1.50000E+00    4.66040E+01
 1.51355E+00    4.59269E+01
 1.52679E+00    4.52804E+01
 1.53972E+00    4.46628E+01
 1.55236E+00    4.40725E+01
 1.56470E+00    4.35081E+01
 1.57675E+00    4.29682E+01
 1.58851E+00    4.24516E+01
 1.59998E+00    4.19570E+01
 1.61118E+00    4.14834E+01
 1.63310E+00    4.05810E+01
 1.65391E+00    3.97527E+01
 1.67367E+00    3.89917E+01
 1.69241E+00    3.82914E+01
 1.71016E+00    3.76463E+01
 1.72698E+00    3.70514E+01
 1.74290E+00    3.65022E+01
 1.75795E+00    3.59948E+01
 1.77218E+00    3.55254E+01
 1.78563E+00    3.50910E+01
 1.79832E+00    3.46885E+01
 1.82238E+00    3.39463E+01
 1.84369E+00    3.33099E+01
 1.86254E+00    3.27629E+01
 1.87919E+00    3.22916E+01
 1.89388E+00    3.18848E+01
 1.91987E+00    3.11851E+01
 1.93960E+00    3.06705E+01
 1.95453E+00    3.02901E+01
 1.97713E+00    2.97283E+01
 2.00000E+00    2.91770E+01
 2.01271E+00    2.86932E+01
 2.02530E+00    2.82248E+01
 2.03777E+00    2.77712E+01
 2.05013E+00    2.73318E+01
 2.06236E+00    2.69061E+01
 2.07447E+00    2.64934E+01
 2.08646E+00    2.60935E+01
 2.09833E+00    2.57056E+01
 2.11009E+00    2.53295E+01
 2.12172E+00    2.49646E+01
 2.13323E+00    2.46105E+01
 2.14463E+00    2.42669E+01
 2.15591E+00    2.39333E+01
 2.16707E+00    2.36095E+01
 2.17811E+00    2.32949E+01
 2.18903E+00    2.29894E+01
 2.19984E+00    2.26926E+01
 2.21053E+00    2.24041E+01
 2.22110E+00    2.21237E+01
 2.23156E+00    2.18512E+01
 2.24190E+00    2.15861E+01
 2.26240E+00    2.10737E+01
 2.28244E+00    2.05889E+01
 2.30202E+00    2.01299E+01
 2.32115E+00    1.96950E+01
 2.33983E+00    1.92827E+01
 2.35808E+00    1.88915E+01
 2.37588E+00    1.85200E+01
 2.39327E+00    1.81672E+01
 2.41022E+00    1.78318E+01
 2.42677E+00    1.75127E+01
 2.44290E+00    1.72091E+01
 2.45864E+00    1.69200E+01
 2.47397E+00    1.66446E+01
 2.48892E+00    1.63820E+01
 2.50349E+00    1.61316E+01
 2.51769E+00    1.58927E+01
 2.53151E+00    1.56646E+01
 2.54498E+00    1.54468E+01
 2.55810E+00    1.52386E+01
 2.57087E+00    1.50397E+01
 2.58330E+00    1.48494E+01
 2.59540E+00    1.46674E+01
 2.61901E+00    1.43211E+01
 2.64133E+00    1.40038E+01
 2.66244E+00    1.37127E+01
 2.68237E+00    1.34454E+01
 2.70120E+00    1.31995E+01
 2.71897E+00    1.29730E+01
 2.73574E+00    1.27642E+01
 2.75155E+00    1.25715E+01
 2.76646E+00    1.23936E+01
 2.78051E+00    1.22290E+01
 2.79374E+00    1.20767E+01
 2.81873E+00    1.17962E+01
 2.84077E+00    1.15561E+01
 2.86020E+00    1.13501E+01
 2.87732E+00    1.11728E+01
 2.89237E+00    1.10199E+01
 2.90561E+00    1.08879E+01
 2.92893E+00    1.06607E+01
 2.94654E+00    1.04934E+01
 2.97315E+00    1.02473E+01
 3.00000E+00    1.00070E+01
 3.01352E+00    9.82569E+00
 3.02688E+00    9.65042E+00
 3.04009E+00    9.48094E+00
 3.05315E+00    9.31702E+00
 3.06607E+00    9.15843E+00
 3.07883E+00    9.00496E+00
 3.09145E+00    8.85639E+00
 3.10392E+00    8.71254E+00
 3.11625E+00    8.57322E+00
 3.12843E+00    8.43825E+00
 3.14046E+00    8.30747E+00
 3.15236E+00    8.18071E+00
 3.16411E+00    8.05781E+00
 3.17572E+00    7.93865E+00
 3.18719E+00    7.82306E+00
 3.19852E+00    7.71093E+00
 3.20972E+00    7.60212E+00
 3.22078E+00    7.49651E+00
 3.23170E+00    7.39398E+00
 3.24249E+00    7.29442E+00
 3.25314E+00    7.19773E+00
 3.26366E+00    7.10380E+00
 3.27405E+00    7.01254E+00
 3.28432E+00    6.92384E+00
 3.30461E+00    6.75249E+00
 3.32439E+00    6.59054E+00
 3.34367E+00    6.43736E+00
 3.36245E+00    6.29236E+00
 3.38074E+00    6.15500E+00
 3.39856E+00    6.02480E+00
 3.41591E+00    5.90129E+00
 3.43280E+00    5.78406E+00
 3.44924E+00    5.67271E+00
 3.46525E+00    5.56689E+00
 3.48082E+00    5.46626E+00
 3.49598E+00    5.37051E+00
 3.51072E+00    5.27934E+00
 3.52507E+00    5.19251E+00
 3.53902E+00    5.10975E+00
 3.55258E+00    5.03083E+00
 3.56578E+00    4.95554E+00
 3.57861E+00    4.88368E+00
 3.59108E+00    4.81506E+00
 3.60320E+00    4.74951E+00
 3.61498E+00    4.68685E+00
 3.62643E+00    4.62694E+00
 3.64872E+00    4.51303E+00
 3.66975E+00    4.40879E+00
 3.68956E+00    4.31326E+00
 3.70824E+00    4.22557E+00
 3.72583E+00    4.14499E+00
 3.74241E+00    4.07084E+00
 3.75801E+00    4.00252E+00
 3.77269E+00    3.93952E+00
 3.78651E+00    3.88136E+00
 3.79952E+00    3.82762E+00
 3.81175E+00    3.77790E+00
 3.83479E+00    3.68643E+00
 3.85506E+00    3.60820E+00
 3.87288E+00    3.54112E+00
 3.88855E+00    3.48345E+00
 3.90231E+00    3.43376E+00
 3.92651E+00    3.34849E+00
 3.94475E+00    3.28594E+00
 3.95849E+00    3.23979E+00
 3.97919E+00    3.17178E+00
 4.00000E+00    3.10520E+00
 4.01904E+00    3.05537E+00
 4.03788E+00    3.00710E+00
 4.05650E+00    2.96032E+00
 4.07492E+00    2.91499E+00
 4.09313E+00    2.87104E+00
 4.11114E+00    2.82843E+00
 4.12894E+00    2.78710E+00
 4.14654E+00    2.74701E+00
 4.16394E+00    2.70811E+00
 4.18113E+00    2.67035E+00
 4.19813E+00    2.63370E+00
 4.21493E+00    2.59811E+00
 4.23154E+00    2.56355E+00
 4.24794E+00    2.52997E+00
 4.26416E+00    2.49735E+00
 4.28018E+00    2.46565E+00
 4.29601E+00    2.43484E+00
 4.32734E+00    2.37530E+00
 4.35791E+00    2.31902E+00
 4.38774E+00    2.26576E+00
 4.41682E+00    2.21533E+00
 4.44519E+00    2.16755E+00
 4.47284E+00    2.12225E+00
 4.49978E+00    2.07926E+00
 4.52604E+00    2.03845E+00
 4.55163E+00    1.99968E+00
 4.57656E+00    1.96282E+00
 4.60083E+00    1.92776E+00
 4.62447E+00    1.89440E+00
 4.64749E+00    1.86263E+00
 4.66990E+00    1.83236E+00
 4.69171E+00    1.80350E+00
 4.71294E+00    1.77598E+00
 4.73359E+00    1.74972E+00
 4.75369E+00    1.72465E+00
 4.77323E+00    1.70071E+00
 4.79225E+00    1.67783E+00
 4.81074E+00    1.65596E+00
 4.82872E+00    1.63505E+00
 4.86376E+00    1.59528E+00
 4.89683E+00    1.55887E+00
 4.92804E+00    1.52549E+00
 4.95748E+00    1.49485E+00
 4.98524E+00    1.46669E+00
 5.01141E+00    1.44076E+00
 5.03606E+00    1.41688E+00
 5.05929E+00    1.39484E+00
 5.08116E+00    1.37449E+00
 5.10175E+00    1.35569E+00
 5.12113E+00    1.33829E+00
 5.15766E+00    1.30627E+00
 5.18984E+00    1.27889E+00
 5.21817E+00    1.25540E+00
 5.24307E+00    1.23519E+00
 5.26497E+00    1.21779E+00
 5.30350E+00    1.18791E+00
 5.33259E+00    1.16598E+00
 5.35450E+00    1.14980E+00
 5.38755E+00    1.12595E+00
 5.42080E+00    1.10260E+00
 5.56013E+00    1.09089E+00
 5.66698E+00    1.08219E+00
 5.83111E+00    1.06927E+00
 6.00000E+00    1.05650E+00
 6.10886E+00    1.08891E+00
 6.21270E+00    1.12019E+00
 6.31166E+00    1.15033E+00
 6.40587E+00    1.17933E+00
 6.49546E+00    1.20718E+00
 6.66684E+00    1.26118E+00
 6.82050E+00    1.31040E+00
 6.95785E+00    1.35505E+00
 7.08031E+00    1.39536E+00
 7.18922E+00    1.43162E+00
 7.28589E+00    1.46411E+00
 7.45821E+00    1.52277E+00
 7.59012E+00    1.56829E+00
 7.79236E+00    1.63915E+00
 8.00000E+00    1.71320E+00
 8.23907E+00    1.73366E+00
 8.61113E+00    1.76480E+00
 9.00000E+00    1.79650E+00
 9.24021E+00    1.77966E+00
 9.61260E+00    1.75471E+00
 1.00000E+01    1.73010E+00
 1.01199E+01    1.71358E+00
 1.03331E+01    1.68506E+00
 1.04959E+01    1.66398E+00
 1.07450E+01    1.63285E+00
 1.10000E+01    1.60230E+00
 1.11203E+01    1.58349E+00
 1.12266E+01    1.56722E+00
 1.14152E+01    1.53915E+00
 1.15586E+01    1.51842E+00
 1.17773E+01    1.48785E+00
 1.20000E+01    1.45790E+00
 1.21150E+01    1.44130E+00
 1.22222E+01    1.42508E+00
 1.24122E+01    1.39712E+00
 1.25566E+01    1.37651E+00
 1.26660E+01    1.36126E+00
 1.28319E+01    1.33869E+00
 1.30000E+01    1.31650E+00
 1.31232E+01    1.29942E+00
 1.33103E+01    1.27422E+00
 1.35000E+01    1.24950E+00
 1.36233E+01    1.23324E+00
 1.38104E+01    1.20923E+00
 1.40000E+01    1.18570E+00
 1.41213E+01    1.17028E+00
 1.42282E+01    1.15695E+00
 1.44174E+01    1.13399E+00
 1.45609E+01    1.11706E+00
 1.46694E+01    1.10454E+00
 1.48338E+01    1.08601E+00
 1.50000E+01    1.06780E+00
 1.51215E+01    1.05408E+00
 1.52286E+01    1.04223E+00
 1.54179E+01    1.02180E+00
 1.55614E+01    1.00674E+00
 1.56699E+01    9.95590E-01
 1.58341E+01    9.79098E-01
 1.60000E+01    9.62880E-01
 1.61182E+01    9.50911E-01
 1.62298E+01    9.39826E-01
 1.64412E+01    9.19388E-01
 1.66284E+01    9.01870E-01
 1.67940E+01    8.86815E-01
 1.69402E+01    8.73849E-01
 1.70692E+01    8.62659E-01
 1.71829E+01    8.52985E-01
 1.73836E+01    8.36317E-01
 1.75357E+01    8.24029E-01
 1.77663E+01    8.05936E-01
 1.80000E+01    7.88240E-01
 1.81189E+01    7.78959E-01
 1.83440E+01    7.61850E-01
 1.85433E+01    7.47188E-01
 1.87194E+01    7.34591E-01
 1.88749E+01    7.23742E-01
 1.90120E+01    7.14382E-01
 1.91328E+01    7.06290E-01
 1.93460E+01    6.92351E-01
 1.95075E+01    6.82077E-01
 1.97522E+01    6.66950E-01
 2.00000E+01    6.52160E-01
 2.10000E+01    6.03413E-01
 2.20000E+01    5.61657E-01
 2.30000E+01    5.31170E-01
 2.40000E+01    4.99818E-01
 2.50000E+01    4.75050E-01
 2.60000E+01    4.60759E-01
 2.70000E+01    4.36137E-01
 2.80000E+01    4.25604E-01
 2.90000E+01    4.08241E-01
 3.00000E+01    3.94329E-01
 3.20000E+01    3.74393E-01
 3.40000E+01    3.42290E-01
 3.60000E+01    3.17902E-01
 3.80000E+01    3.03120E-01
 4.00000E+01    2.97091E-01
 4.20000E+01    2.74886E-01
 4.40000E+01    2.69750E-01
 4.60000E+01    2.65046E-01
 4.80000E+01    2.43118E-01
 5.00000E+01    2.41415E-01
 5.20000E+01    2.37823E-01
 5.40000E+01    2.24951E-01
 5.60000E+01    2.11568E-01
 5.80000E+01    2.11361E-01
 6.00000E+01    2.09247E-01
