# n + Ac226 : (n,p)     
# eaf.2010   Manhattan project, site A         EVAL-JUN10
# uncertainties: n
# # energies =   957
#   E(MeV)       xs(mb) 
 1.00000E-11    1.07323E-13
 2.00000E-11    7.58888E-14
 4.00000E-11    5.36615E-14
 8.00000E-11    3.79444E-14
 1.60000E-10    2.68308E-14
 3.20000E-10    1.89722E-14
 6.40000E-10    1.34154E-14
 1.28000E-09    9.48611E-15
 2.56000E-09    6.70770E-15
 5.12000E-09    4.74306E-15
 1.02400E-08    3.35385E-15
 2.04800E-08    2.37153E-15
 2.53000E-08    2.13370E-15
 5.06000E-08    1.50876E-15
 7.60728E-08    1.23050E-15
 1.52146E-07    4.33164E-15
 3.04291E-07    1.52483E-14
 3.80364E-07    2.28654E-14
 7.60728E-07    1.61519E-14
 1.00000E-06    1.40820E-14
 2.00000E-06    9.89289E-15
 4.00000E-06    6.94996E-15
 8.00000E-06    4.88249E-15
 1.60000E-05    3.43005E-15
 3.20000E-05    2.40968E-15
 6.40000E-05    1.69285E-15
 1.28000E-04    1.18926E-15
 2.56000E-04    8.35480E-16
 5.12000E-04    5.86941E-16
 1.00000E-03    4.17350E-16
 2.00000E-03    2.95656E-16
 4.00000E-03    2.17264E-16
 5.00000E-03    1.96750E-16
 1.00000E-02    1.50446E-16
 2.00000E-02    1.35650E-16
 4.00000E-02    1.54965E-16
 5.00000E-02    1.61751E-16
 1.00000E-01    3.86898E-16
 2.00000E-01    1.98906E-15
 3.00000E-01    9.82796E-15
 4.00000E-01    4.41635E-14
 5.00000E-01    3.42420E-13
 6.00000E-01    1.42389E-12
 7.00000E-01    2.96255E-12
 8.00000E-01    3.74884E-12
 9.00000E-01    7.11713E-12
 1.00000E+00    1.11469E-11
 1.20000E+00    4.09733E-11
 1.40000E+00    1.56236E-10
 1.60000E+00    5.71867E-10
 1.80000E+00    1.94616E-09
 2.00000E+00    6.13831E-09
 2.20000E+00    1.80864E-08
 2.40000E+00    5.01925E-08
 2.49800E+00    8.13846E-08
 2.52312E+00    9.18371E-08
 2.53260E+00    9.60941E-08
 2.54093E+00    9.99805E-08
 2.54458E+00    1.01730E-07
 2.54801E+00    1.03398E-07
 2.55123E+00    1.04986E-07
 2.55728E+00    1.08030E-07
 2.56258E+00    1.10766E-07
 2.56723E+00    1.13217E-07
 2.57130E+00    1.15406E-07
 2.57487E+00    1.17356E-07
 2.58113E+00    1.20849E-07
 2.58583E+00    1.23536E-07
 2.58937E+00    1.25590E-07
 2.59468E+00    1.28736E-07
 2.60000E+00    1.31961E-07
 2.60603E+00    1.35553E-07
 2.61188E+00    1.39126E-07
 2.61756E+00    1.42677E-07
 2.62308E+00    1.46203E-07
 2.62844E+00    1.49703E-07
 2.63364E+00    1.53173E-07
 2.63868E+00    1.56611E-07
 2.64358E+00    1.60015E-07
 2.64833E+00    1.63383E-07
 2.65295E+00    1.66714E-07
 2.65742E+00    1.70006E-07
 2.66177E+00    1.73256E-07
 2.66598E+00    1.76464E-07
 2.67007E+00    1.79629E-07
 2.67404E+00    1.82749E-07
 2.67789E+00    1.85823E-07
 2.68162E+00    1.88850E-07
 2.68524E+00    1.91829E-07
 2.68876E+00    1.94761E-07
 2.69558E+00    2.00568E-07
 2.70199E+00    2.06170E-07
 2.70801E+00    2.11563E-07
 2.71367E+00    2.16748E-07
 2.71899E+00    2.21724E-07
 2.72398E+00    2.26492E-07
 2.72867E+00    2.31056E-07
 2.73308E+00    2.35418E-07
 2.73721E+00    2.39582E-07
 2.74110E+00    2.43553E-07
 2.74474E+00    2.47335E-07
 2.75159E+00    2.54586E-07
 2.75759E+00    2.61104E-07
 2.76286E+00    2.66945E-07
 2.76747E+00    2.72162E-07
 2.77152E+00    2.76811E-07
 2.77506E+00    2.80944E-07
 2.78128E+00    2.88325E-07
 2.78595E+00    2.93988E-07
 2.79296E+00    3.02692E-07
 2.80000E+00    3.11654E-07
 2.81210E+00    3.21124E-07
 2.82349E+00    3.30263E-07
 2.83421E+00    3.39067E-07
 2.84430E+00    3.47534E-07
 2.85379E+00    3.55663E-07
 2.86272E+00    3.63457E-07
 2.87111E+00    3.70919E-07
 2.87900E+00    3.78054E-07
 2.88642E+00    3.84867E-07
 2.89339E+00    3.91366E-07
 2.89994E+00    3.97559E-07
 2.91226E+00    4.09435E-07
 2.92309E+00    4.20117E-07
 2.93259E+00    4.29693E-07
 2.94093E+00    4.38250E-07
 2.94825E+00    4.45878E-07
 2.96111E+00    4.59546E-07
 2.97078E+00    4.70072E-07
 2.97806E+00    4.78124E-07
 2.98901E+00    4.90462E-07
 3.00000E+00    5.03118E-07
 3.00606E+00    5.17763E-07
 3.01194E+00    5.32357E-07
 3.01764E+00    5.46886E-07
 3.02318E+00    5.61340E-07
 3.02855E+00    5.75707E-07
 3.03377E+00    5.89974E-07
 3.03883E+00    6.04134E-07
 3.04374E+00    6.18174E-07
 3.04851E+00    6.32087E-07
 3.05313E+00    6.45864E-07
 3.05762E+00    6.59496E-07
 3.06197E+00    6.72977E-07
 3.06619E+00    6.86299E-07
 3.07029E+00    6.99457E-07
 3.07426E+00    7.12444E-07
 3.07811E+00    7.25254E-07
 3.08185E+00    7.37884E-07
 3.08548E+00    7.50329E-07
 3.08899E+00    7.62586E-07
 3.09240E+00    7.74650E-07
 3.09571E+00    7.86519E-07
 3.09892E+00    7.98191E-07
 3.10514E+00    8.21299E-07
 3.11099E+00    8.43571E-07
 3.11648E+00    8.64999E-07
 3.12163E+00    8.85582E-07
 3.12647E+00    9.05323E-07
 3.13102E+00    9.24230E-07
 3.13529E+00    9.42314E-07
 3.13929E+00    9.59588E-07
 3.14305E+00    9.76070E-07
 3.14658E+00    9.91780E-07
 3.14989E+00    1.00674E-06
 3.15611E+00    1.03539E-06
 3.16157E+00    1.06113E-06
 3.16635E+00    1.08418E-06
 3.17053E+00    1.10476E-06
 3.17420E+00    1.12308E-06
 3.18063E+00    1.15589E-06
 3.18546E+00    1.18112E-06
 3.18909E+00    1.20040E-06
 3.19454E+00    1.22992E-06
 3.20000E+00    1.26016E-06
 3.20607E+00    1.29313E-06
 3.21196E+00    1.32588E-06
 3.21767E+00    1.35841E-06
 3.22322E+00    1.39068E-06
 3.22860E+00    1.42268E-06
 3.23383E+00    1.45437E-06
 3.23889E+00    1.48575E-06
 3.24381E+00    1.51679E-06
 3.24858E+00    1.54748E-06
 3.25321E+00    1.57781E-06
 3.25770E+00    1.60775E-06
 3.26206E+00    1.63730E-06
 3.26628E+00    1.66644E-06
 3.27038E+00    1.69517E-06
 3.27435E+00    1.72347E-06
 3.27821E+00    1.75134E-06
 3.28195E+00    1.77877E-06
 3.28557E+00    1.80575E-06
 3.29261E+00    1.85919E-06
 3.29922E+00    1.91073E-06
 3.30543E+00    1.96034E-06
 3.31127E+00    2.00802E-06
 3.31674E+00    2.05378E-06
 3.32189E+00    2.09762E-06
 3.32672E+00    2.13957E-06
 3.33125E+00    2.17966E-06
 3.33550E+00    2.21792E-06
 3.33950E+00    2.25441E-06
 3.34325E+00    2.28916E-06
 3.35029E+00    2.35576E-06
 3.35646E+00    2.41563E-06
 3.36188E+00    2.46926E-06
 3.36662E+00    2.51716E-06
 3.37077E+00    2.55984E-06
 3.37441E+00    2.59778E-06
 3.38079E+00    2.66552E-06
 3.38558E+00    2.71749E-06
 3.39278E+00    2.79734E-06
 3.40000E+00    2.87954E-06
 3.41217E+00    2.95882E-06
 3.42361E+00    3.03512E-06
 3.43438E+00    3.10844E-06
 3.44451E+00    3.17879E-06
 3.45402E+00    3.24618E-06
 3.46297E+00    3.31066E-06
 3.47138E+00    3.37228E-06
 3.47928E+00    3.43108E-06
 3.48671E+00    3.48714E-06
 3.49368E+00    3.54053E-06
 3.50680E+00    3.64284E-06
 3.51832E+00    3.73478E-06
 3.52842E+00    3.81714E-06
 3.53729E+00    3.89069E-06
 3.54507E+00    3.95620E-06
 3.55872E+00    4.07352E-06
 3.56900E+00    4.16379E-06
 3.57672E+00    4.23280E-06
 3.58834E+00    4.33847E-06
 3.60000E+00    4.44677E-06
 3.60304E+00    4.51351E-06
 3.60604E+00    4.58018E-06
 3.61195E+00    4.71433E-06
 3.61768E+00    4.84803E-06
 3.62325E+00    4.98117E-06
 3.62864E+00    5.11364E-06
 3.63388E+00    5.24532E-06
 3.63896E+00    5.37612E-06
 3.64389E+00    5.50595E-06
 3.64867E+00    5.63471E-06
 3.65330E+00    5.76231E-06
 3.65780E+00    5.88868E-06
 3.66216E+00    6.01374E-06
 3.66639E+00    6.13743E-06
 3.67050E+00    6.25968E-06
 3.67448E+00    6.38043E-06
 3.67833E+00    6.49963E-06
 3.68208E+00    6.61722E-06
 3.68571E+00    6.73317E-06
 3.68923E+00    6.84743E-06
 3.69264E+00    6.95997E-06
 3.69595E+00    7.07076E-06
 3.69915E+00    7.17977E-06
 3.70227E+00    7.28697E-06
 3.70830E+00    7.49925E-06
 3.71396E+00    7.70388E-06
 3.71928E+00    7.90078E-06
 3.72428E+00    8.08995E-06
 3.72897E+00    8.27140E-06
 3.73337E+00    8.44521E-06
 3.73750E+00    8.61148E-06
 3.74137E+00    8.77032E-06
 3.74501E+00    8.92189E-06
 3.74842E+00    9.06637E-06
 3.75163E+00    9.20394E-06
 3.75764E+00    9.46754E-06
 3.76291E+00    9.70438E-06
 3.76753E+00    9.91647E-06
 3.77157E+00    1.01058E-05
 3.77511E+00    1.02745E-05
 3.78132E+00    1.05765E-05
 3.78598E+00    1.08088E-05
 3.78948E+00    1.09863E-05
 3.79474E+00    1.12581E-05
 3.80000E+00    1.15367E-05
 3.80610E+00    1.17219E-05
 3.81201E+00    1.19043E-05
 3.81775E+00    1.20836E-05
 3.82889E+00    1.24387E-05
 3.83937E+00    1.27812E-05
 3.84922E+00    1.31108E-05
 3.85847E+00    1.34275E-05
 3.86717E+00    1.37313E-05
 3.87534E+00    1.40224E-05
 3.88302E+00    1.43010E-05
 3.89023E+00    1.45671E-05
 3.89700E+00    1.48211E-05
 3.90336E+00    1.50632E-05
 3.90933E+00    1.52938E-05
 3.92055E+00    1.57357E-05
 3.93039E+00    1.61329E-05
 3.93903E+00    1.64886E-05
 3.94660E+00    1.68063E-05
 3.95323E+00    1.70893E-05
 3.96487E+00    1.75960E-05
 3.97363E+00    1.79859E-05
 3.98020E+00    1.82840E-05
 3.99009E+00    1.87404E-05
 4.00000E+00    1.92082E-05
 4.00610E+00    1.96128E-05
 4.01202E+00    2.00128E-05
 4.01777E+00    2.04080E-05
 4.02334E+00    2.07984E-05
 4.02875E+00    2.11837E-05
 4.03399E+00    2.15638E-05
 4.03908E+00    2.19384E-05
 4.04401E+00    2.23076E-05
 4.04880E+00    2.26712E-05
 4.05344E+00    2.30290E-05
 4.05794E+00    2.33811E-05
 4.06231E+00    2.37273E-05
 4.07078E+00    2.44127E-05
 4.07874E+00    2.50732E-05
 4.08622E+00    2.57087E-05
 4.09324E+00    2.63190E-05
 4.09983E+00    2.69044E-05
 4.10602E+00    2.74650E-05
 4.11183E+00    2.80012E-05
 4.11729E+00    2.85134E-05
 4.12241E+00    2.90020E-05
 4.12721E+00    2.94677E-05
 4.13173E+00    2.99111E-05
 4.14020E+00    3.07606E-05
 4.14763E+00    3.15236E-05
 4.15414E+00    3.22068E-05
 4.15984E+00    3.28167E-05
 4.16484E+00    3.33598E-05
 4.17360E+00    3.43320E-05
 4.18019E+00    3.50797E-05
 4.18513E+00    3.56511E-05
 4.19256E+00    3.65258E-05
 4.20000E+00    3.74219E-05
 4.20611E+00    3.82527E-05
 4.21204E+00    3.90751E-05
 4.21779E+00    3.98886E-05
 4.22337E+00    4.06929E-05
 4.22878E+00    4.14875E-05
 4.23403E+00    4.22721E-05
 4.23912E+00    4.30463E-05
 4.24405E+00    4.38099E-05
 4.24884E+00    4.45625E-05
 4.25349E+00    4.53038E-05
 4.25799E+00    4.60338E-05
 4.26236E+00    4.67522E-05
 4.26659E+00    4.74589E-05
 4.27481E+00    4.88585E-05
 4.28253E+00    5.02081E-05
 4.28978E+00    5.15072E-05
 4.29659E+00    5.27556E-05
 4.30298E+00    5.39535E-05
 4.30898E+00    5.51012E-05
 4.31461E+00    5.61993E-05
 4.31990E+00    5.72486E-05
 4.32486E+00    5.82502E-05
 4.32952E+00    5.92051E-05
 4.33389E+00    6.01145E-05
 4.34210E+00    6.18574E-05
 4.34930E+00    6.34239E-05
 4.35560E+00    6.48271E-05
 4.36113E+00    6.60803E-05
 4.36597E+00    6.71967E-05
 4.37021E+00    6.81890E-05
 4.37764E+00    6.99610E-05
 4.38322E+00    7.13202E-05
 4.39160E+00    7.34085E-05
 4.40000E+00    7.55580E-05
 4.41224E+00    7.71658E-05
 4.42375E+00    7.87041E-05
 4.43456E+00    8.01741E-05
 4.44473E+00    8.15771E-05
 4.45428E+00    8.29148E-05
 4.46325E+00    8.41887E-05
 4.48012E+00    8.66304E-05
 4.49493E+00    8.88249E-05
 4.50793E+00    9.07906E-05
 4.51934E+00    9.25463E-05
 4.52934E+00    9.41103E-05
 4.54690E+00    9.69113E-05
 4.56012E+00    9.90665E-05
 4.57006E+00    1.00714E-04
 4.58500E+00    1.03238E-04
 4.60000E+00    1.05824E-04
 4.60612E+00    1.08039E-04
 4.61206E+00    1.10228E-04
 4.61782E+00    1.12391E-04
 4.62341E+00    1.14527E-04
 4.62883E+00    1.16635E-04
 4.63408E+00    1.18714E-04
 4.63918E+00    1.20764E-04
 4.64412E+00    1.22783E-04
 4.64892E+00    1.24771E-04
 4.65356E+00    1.26728E-04
 4.65807E+00    1.28653E-04
 4.66682E+00    1.32467E-04
 4.67503E+00    1.36144E-04
 4.68275E+00    1.39685E-04
 4.68999E+00    1.43087E-04
 4.69679E+00    1.46352E-04
 4.70318E+00    1.49481E-04
 4.70917E+00    1.52475E-04
 4.71480E+00    1.55336E-04
 4.72008E+00    1.58067E-04
 4.72503E+00    1.60672E-04
 4.72968E+00    1.63152E-04
 4.73842E+00    1.67906E-04
 4.74607E+00    1.72179E-04
 4.75278E+00    1.76008E-04
 4.75866E+00    1.79427E-04
 4.76380E+00    1.82474E-04
 4.76831E+00    1.85182E-04
 4.77622E+00    1.90019E-04
 4.78215E+00    1.93728E-04
 4.79107E+00    1.99430E-04
 4.80000E+00    2.05299E-04
 4.81226E+00    2.10817E-04
 4.82379E+00    2.16125E-04
 4.83462E+00    2.21223E-04
 4.84479E+00    2.26111E-04
 4.85435E+00    2.30791E-04
 4.86333E+00    2.35268E-04
 4.87176E+00    2.39543E-04
 4.87967E+00    2.43621E-04
 4.88711E+00    2.47508E-04
 4.90108E+00    2.54963E-04
 4.91334E+00    2.61670E-04
 4.92409E+00    2.67684E-04
 4.93351E+00    2.73059E-04
 4.94178E+00    2.77851E-04
 4.94902E+00    2.82112E-04
 4.96171E+00    2.89728E-04
 4.97126E+00    2.95575E-04
 4.97843E+00    3.00037E-04
 4.98920E+00    3.06856E-04
 5.00000E+00    3.13831E-04
 5.01227E+00    3.23160E-04
 5.02380E+00    3.32157E-04
 5.03464E+00    3.40820E-04
 5.04482E+00    3.49146E-04
 5.05438E+00    3.57136E-04
 5.06336E+00    3.64793E-04
 5.07179E+00    3.72120E-04
 5.07971E+00    3.79123E-04
 5.08715E+00    3.85808E-04
 5.09413E+00    3.92182E-04
 5.10068E+00    3.98253E-04
 5.11299E+00    4.09892E-04
 5.12379E+00    4.20354E-04
 5.13325E+00    4.29727E-04
 5.14155E+00    4.38100E-04
 5.14882E+00    4.45560E-04
 5.15519E+00    4.52192E-04
 5.16636E+00    4.64035E-04
 5.17475E+00    4.73121E-04
 5.18736E+00    4.87085E-04
 5.20000E+00    5.01460E-04
 5.20614E+00    5.09758E-04
 5.21209E+00    5.17927E-04
 5.21786E+00    5.25966E-04
 5.22346E+00    5.33872E-04
 5.23432E+00    5.49531E-04
 5.24452E+00    5.64628E-04
 5.25411E+00    5.79158E-04
 5.26311E+00    5.93119E-04
 5.27156E+00    6.06513E-04
 5.27950E+00    6.19344E-04
 5.28695E+00    6.31620E-04
 5.29395E+00    6.43350E-04
 5.30052E+00    6.54544E-04
 5.30668E+00    6.65215E-04
 5.31246E+00    6.75378E-04
 5.32333E+00    6.94853E-04
 5.33285E+00    7.12353E-04
 5.34120E+00    7.28028E-04
 5.34851E+00    7.42025E-04
 5.35492E+00    7.54494E-04
 5.36616E+00    7.76820E-04
 5.37460E+00    7.93997E-04
 5.38094E+00    8.07129E-04
 5.39046E+00    8.27234E-04
 5.40000E+00    8.47841E-04
 5.42460E+00    8.73802E-04
 5.44622E+00    8.97169E-04
 5.46521E+00    9.18127E-04
 5.48188E+00    9.36867E-04
 5.49651E+00    9.53578E-04
 5.50934E+00    9.68444E-04
 5.53187E+00    9.95019E-04
 5.54882E+00    1.01543E-03
 5.57435E+00    1.04683E-03
 5.60000E+00    1.07920E-03
 5.60614E+00    1.09662E-03
 5.61210E+00    1.11376E-03
 5.61788E+00    1.13062E-03
 5.62909E+00    1.16402E-03
 5.63963E+00    1.19623E-03
 5.64952E+00    1.22723E-03
 5.65881E+00    1.25702E-03
 5.66753E+00    1.28561E-03
 5.67572E+00    1.31300E-03
 5.68341E+00    1.33921E-03
 5.69063E+00    1.36426E-03
 5.69740E+00    1.38817E-03
 5.70376E+00    1.41096E-03
 5.70973E+00    1.43267E-03
 5.72094E+00    1.47427E-03
 5.73076E+00    1.51167E-03
 5.73937E+00    1.54517E-03
 5.74691E+00    1.57509E-03
 5.75352E+00    1.60174E-03
 5.75931E+00    1.62543E-03
 5.76946E+00    1.66774E-03
 5.77708E+00    1.70019E-03
 5.78853E+00    1.75006E-03
 5.80000E+00    1.80139E-03
 5.81230E+00    1.84120E-03
 5.82386E+00    1.87933E-03
 5.83471E+00    1.91580E-03
 5.84491E+00    1.95062E-03
 5.85449E+00    1.98385E-03
 5.86348E+00    2.01551E-03
 5.88037E+00    2.07624E-03
 5.89519E+00    2.13089E-03
 5.90819E+00    2.17988E-03
 5.91959E+00    2.22367E-03
 5.92958E+00    2.26270E-03
 5.93834E+00    2.29742E-03
 5.95369E+00    2.35947E-03
 5.96524E+00    2.40710E-03
 5.97391E+00    2.44345E-03
 5.98694E+00    2.49901E-03
 6.00000E+00    2.55584E-03
 6.01231E+00    2.61429E-03
 6.02387E+00    2.67030E-03
 6.03473E+00    2.72390E-03
 6.04493E+00    2.77513E-03
 6.05451E+00    2.82403E-03
 6.06350E+00    2.87065E-03
 6.07194E+00    2.91506E-03
 6.08780E+00    3.00019E-03
 6.10172E+00    3.07672E-03
 6.11392E+00    3.14528E-03
 6.12461E+00    3.20652E-03
 6.13398E+00    3.26108E-03
 6.15042E+00    3.35881E-03
 6.16278E+00    3.43403E-03
 6.17206E+00    3.49154E-03
 6.18602E+00    3.57963E-03
 6.20000E+00    3.66993E-03
 6.21232E+00    3.76135E-03
 6.22388E+00    3.84913E-03
 6.23475E+00    3.93328E-03
 6.24495E+00    4.01383E-03
 6.25453E+00    4.09086E-03
 6.26352E+00    4.16441E-03
 6.27197E+00    4.23456E-03
 6.27989E+00    4.30140E-03
 6.29478E+00    4.42959E-03
 6.30784E+00    4.54488E-03
 6.31929E+00    4.64822E-03
 6.32932E+00    4.74057E-03
 6.33811E+00    4.82287E-03
 6.34582E+00    4.89606E-03
 6.35932E+00    5.02683E-03
 6.36946E+00    5.12719E-03
 6.37708E+00    5.20378E-03
 6.38853E+00    5.32080E-03
 6.40000E+00    5.44046E-03
 6.42466E+00    5.59566E-03
 6.44632E+00    5.73508E-03
 6.46534E+00    5.85992E-03
 6.48202E+00    5.97139E-03
 6.49665E+00    6.07066E-03
 6.52233E+00    6.24837E-03
 6.54167E+00    6.38506E-03
 6.55620E+00    6.48953E-03
 6.57806E+00    6.64946E-03
 6.60000E+00    6.81332E-03
 6.61233E+00    6.97371E-03
 6.62390E+00    7.12750E-03
 6.63477E+00    7.27476E-03
 6.64498E+00    7.41557E-03
 6.65457E+00    7.55006E-03
 6.66356E+00    7.67836E-03
 6.67201E+00    7.80062E-03
 6.67994E+00    7.91700E-03
 6.69483E+00    8.13992E-03
 6.70789E+00    8.34012E-03
 6.71933E+00    8.51933E-03
 6.72936E+00    8.67929E-03
 6.73815E+00    8.82172E-03
 6.75356E+00    9.07662E-03
 6.76514E+00    9.27262E-03
 6.77384E+00    9.42239E-03
 6.78691E+00    9.65159E-03
 6.80000E+00    9.88637E-03
 6.81233E+00    1.00628E-02
 6.82391E+00    1.02311E-02
 6.83479E+00    1.03915E-02
 6.85522E+00    1.06989E-02
 6.87315E+00    1.09754E-02
 6.88888E+00    1.12231E-02
 6.90268E+00    1.14445E-02
 6.91477E+00    1.16418E-02
 6.92536E+00    1.18172E-02
 6.94395E+00    1.21305E-02
 6.95792E+00    1.23709E-02
 6.97893E+00    1.27406E-02
 7.00000E+00    1.31213E-02
 7.01234E+00    1.33641E-02
 7.02392E+00    1.35958E-02
 7.03480E+00    1.38167E-02
 7.04501E+00    1.40270E-02
 7.06420E+00    1.44301E-02
 7.08103E+00    1.47923E-02
 7.09580E+00    1.51166E-02
 7.10874E+00    1.54063E-02
 7.12008E+00    1.56642E-02
 7.13998E+00    1.61261E-02
 7.15494E+00    1.64815E-02
 7.16618E+00    1.67531E-02
 7.18307E+00    1.71690E-02
 7.20000E+00    1.75952E-02
 7.21234E+00    1.79139E-02
 7.22393E+00    1.82179E-02
 7.23481E+00    1.85076E-02
 7.25525E+00    1.90633E-02
 7.27319E+00    1.95632E-02
 7.28892E+00    2.00114E-02
 7.30272E+00    2.04119E-02
 7.31481E+00    2.07690E-02
 7.32540E+00    2.10865E-02
 7.34398E+00    2.16539E-02
 7.35795E+00    2.20895E-02
 7.36844E+00    2.24219E-02
 7.38420E+00    2.29299E-02
 7.40000E+00    2.34494E-02
 7.42471E+00    2.40336E-02
 7.44640E+00    2.45567E-02
 7.46543E+00    2.50237E-02
 7.48212E+00    2.54396E-02
 7.51142E+00    2.61841E-02
 7.53346E+00    2.67568E-02
 7.55004E+00    2.71945E-02
 7.57498E+00    2.78646E-02
 7.60000E+00    2.85511E-02
 7.61235E+00    2.90463E-02
 7.62394E+00    2.95183E-02
 7.63483E+00    2.99678E-02
 7.65528E+00    3.08292E-02
 7.67322E+00    3.16031E-02
 7.68896E+00    3.22963E-02
 7.70275E+00    3.29152E-02
 7.71484E+00    3.34665E-02
 7.73604E+00    3.44536E-02
 7.75198E+00    3.52130E-02
 7.76396E+00    3.57935E-02
 7.78196E+00    3.66823E-02
 7.80000E+00    3.75931E-02
 7.82472E+00    3.86443E-02
 7.84642E+00    3.95882E-02
 7.86546E+00    4.04330E-02
 7.88215E+00    4.11870E-02
 7.89679E+00    4.18583E-02
 7.92246E+00    4.30594E-02
 7.94178E+00    4.39829E-02
 7.95629E+00    4.46884E-02
 7.97812E+00    4.57680E-02
 8.00000E+00    4.68737E-02
 8.01517E+00    4.76482E-02
 8.02989E+00    4.84107E-02
 8.04418E+00    4.91610E-02
 8.07194E+00    5.06479E-02
 8.09805E+00    5.20828E-02
 8.12261E+00    5.34649E-02
 8.14570E+00    5.47939E-02
 8.16740E+00    5.60698E-02
 8.18780E+00    5.72929E-02
 8.20697E+00    5.84638E-02
 8.22499E+00    5.95833E-02
 8.24191E+00    6.06523E-02
 8.25781E+00    6.16718E-02
 8.27274E+00    6.26432E-02
 8.30081E+00    6.45060E-02
 8.32546E+00    6.61813E-02
 8.34708E+00    6.76829E-02
 8.36604E+00    6.90247E-02
 8.38267E+00    7.02205E-02
 8.41185E+00    7.23633E-02
 8.43380E+00    7.40133E-02
 8.45030E+00    7.52754E-02
 8.47511E+00    7.72090E-02
 8.50000E+00    7.91922E-02
 8.53042E+00    8.15201E-02
 8.55904E+00    8.37647E-02
 8.58595E+00    8.59250E-02
 8.61126E+00    8.80009E-02
 8.63506E+00    8.99926E-02
 8.65743E+00    9.19007E-02
 8.67845E+00    9.37263E-02
 8.69821E+00    9.54707E-02
 8.71677E+00    9.71356E-02
 8.73421E+00    9.87227E-02
 8.75059E+00    1.00234E-01
 8.78138E+00    1.03131E-01
 8.80842E+00    1.05734E-01
 8.83214E+00    1.08066E-01
 8.85295E+00    1.10148E-01
 8.87120E+00    1.12003E-01
 8.90322E+00    1.15325E-01
 8.92732E+00    1.17881E-01
 8.94543E+00    1.19834E-01
 8.97268E+00    1.22826E-01
 9.00000E+00    1.25893E-01
 9.03046E+00    1.29178E-01
 9.05912E+00    1.32336E-01
 9.08606E+00    1.35367E-01
 9.11140E+00    1.38271E-01
 9.13521E+00    1.41050E-01
 9.15760E+00    1.43706E-01
 9.17863E+00    1.46242E-01
 9.19839E+00    1.48660E-01
 9.21696E+00    1.50963E-01
 9.25187E+00    1.55377E-01
 9.28253E+00    1.59346E-01
 9.30944E+00    1.62902E-01
 9.33305E+00    1.66078E-01
 9.35376E+00    1.68908E-01
 9.39011E+00    1.73977E-01
 9.41746E+00    1.77878E-01
 9.43803E+00    1.80861E-01
 9.46896E+00    1.85430E-01
 9.50000E+00    1.90114E-01
 9.53050E+00    1.94542E-01
 9.55919E+00    1.98786E-01
 9.58616E+00    2.02850E-01
 9.61152E+00    2.06735E-01
 9.63535E+00    2.10444E-01
 9.65775E+00    2.13982E-01
 9.67879E+00    2.17353E-01
 9.71837E+00    2.23817E-01
 9.75313E+00    2.29631E-01
 9.78366E+00    2.34842E-01
 9.81044E+00    2.39498E-01
 9.83394E+00    2.43648E-01
 9.87519E+00    2.51085E-01
 9.90625E+00    2.56810E-01
 9.92960E+00    2.61190E-01
 9.96474E+00    2.67900E-01
 1.00000E+01    2.74783E-01
 1.00305E+01    2.80514E-01
 1.00593E+01    2.85996E-01
 1.00863E+01    2.91232E-01
 1.01116E+01    2.96228E-01
 1.01355E+01    3.00989E-01
 1.01803E+01    3.10124E-01
 1.02198E+01    3.18344E-01
 1.02544E+01    3.25715E-01
 1.02848E+01    3.32305E-01
 1.03114E+01    3.38180E-01
 1.03348E+01    3.43406E-01
 1.03759E+01    3.52747E-01
 1.04068E+01    3.59918E-01
 1.04533E+01    3.70950E-01
 1.05000E+01    3.82320E-01
 1.05306E+01    3.89472E-01
 1.05593E+01    3.96297E-01
 1.05863E+01    4.02805E-01
 1.06372E+01    4.15296E-01
 1.06819E+01    4.26543E-01
 1.07211E+01    4.36634E-01
 1.07556E+01    4.45659E-01
 1.07858E+01    4.53709E-01
 1.08124E+01    4.60871E-01
 1.08590E+01    4.73679E-01
 1.08941E+01    4.83518E-01
 1.09205E+01    4.91032E-01
 1.09602E+01    5.02521E-01
 1.10000E+01    5.14279E-01
 1.10306E+01    5.22902E-01
 1.10594E+01    5.31118E-01
 1.11135E+01    5.46871E-01
 1.11611E+01    5.61039E-01
 1.12029E+01    5.73736E-01
 1.12396E+01    5.85081E-01
 1.12718E+01    5.95192E-01
 1.13285E+01    6.13309E-01
 1.13711E+01    6.27258E-01
 1.14032E+01    6.37927E-01
 1.14515E+01    6.54272E-01
 1.15000E+01    6.71036E-01
 1.15613E+01    6.90712E-01
 1.16153E+01    7.08402E-01
 1.16627E+01    7.24251E-01
 1.17043E+01    7.38410E-01
 1.17409E+01    7.51026E-01
 1.18051E+01    7.73625E-01
 1.18536E+01    7.91019E-01
 1.18900E+01    8.04321E-01
 1.19449E+01    8.24694E-01
 1.20000E+01    8.45584E-01
 1.20614E+01    8.68643E-01
 1.21154E+01    8.89335E-01
 1.21628E+01    9.07845E-01
 1.22044E+01    9.24356E-01
 1.22410E+01    9.39050E-01
 1.23052E+01    9.65329E-01
 1.23536E+01    9.85519E-01
 1.24266E+01    1.01660E+00
 1.25000E+01    1.04866E+00
 1.25614E+01    1.07422E+00
 1.26154E+01    1.09710E+00
 1.26629E+01    1.11752E+00
 1.27045E+01    1.13569E+00
 1.27778E+01    1.16821E+00
 1.28330E+01    1.19322E+00
 1.28745E+01    1.21232E+00
 1.29371E+01    1.24155E+00
 1.30000E+01    1.27148E+00
 1.30615E+01    1.29925E+00
 1.31155E+01    1.32404E+00
 1.31630E+01    1.34613E+00
 1.32464E+01    1.38566E+00
 1.33094E+01    1.41607E+00
 1.33568E+01    1.43932E+00
 1.34282E+01    1.47491E+00
 1.35000E+01    1.51137E+00
 1.35615E+01    1.54099E+00
 1.36156E+01    1.56737E+00
 1.37107E+01    1.61464E+00
 1.37824E+01    1.65103E+00
 1.38365E+01    1.67885E+00
 1.39180E+01    1.72147E+00
 1.40000E+01    1.76517E+00
 1.40615E+01    1.79623E+00
 1.41699E+01    1.85191E+00
 1.42517E+01    1.89479E+00
 1.43134E+01    1.92761E+00
 1.44064E+01    1.97790E+00
 1.45000E+01    2.02951E+00
 1.46234E+01    2.09441E+00
 1.47167E+01    2.14444E+00
 1.47870E+01    2.18275E+00
 1.48931E+01    2.24150E+00
 1.50000E+01    2.30184E+00
 1.51215E+01    2.36432E+00
 1.52286E+01    2.42038E+00
 1.53230E+01    2.47053E+00
 1.54060E+01    2.51526E+00
 1.55524E+01    2.59549E+00
 1.56631E+01    2.65734E+00
 1.57467E+01    2.70470E+00
 1.58728E+01    2.77731E+00
 1.60000E+01    2.85188E+00
 1.61217E+01    2.92413E+00
 1.62290E+01    2.98885E+00
 1.63234E+01    3.04665E+00
 1.64900E+01    3.15051E+00
 1.66160E+01    3.23072E+00
 1.67112E+01    3.29221E+00
 1.68550E+01    3.38666E+00
 1.70000E+01    3.48381E+00
 1.72447E+01    3.60012E+00
 1.74305E+01    3.68990E+00
 1.77129E+01    3.82878E+00
 1.80000E+01    3.97288E+00
 1.82450E+01    4.06759E+00
 1.86187E+01    4.21390E+00
 1.90000E+01    4.36547E+00
 1.94936E+01    4.52519E+00
 2.00000E+01    4.69076E+00
 2.10000E+01    4.91170E+00
 2.20000E+01    5.10070E+00
 2.30000E+01    5.12099E+00
 2.40000E+01    5.14439E+00
 2.50000E+01    5.09305E+00
 2.54951E+01    5.04648E+00
 2.60000E+01    5.00033E+00
 2.64953E+01    4.95312E+00
 2.70000E+01    4.90636E+00
 2.80000E+01    4.83333E+00
 2.82467E+01    4.78257E+00
 2.86209E+01    4.70742E+00
 2.90000E+01    4.63346E+00
 3.00000E+01    4.58517E+00
 3.02430E+01    4.53598E+00
 3.06730E+01    4.45115E+00
 3.09995E+01    4.38857E+00
 3.14958E+01    4.29634E+00
 3.20000E+01    4.20606E+00
 3.24887E+01    4.13080E+00
 3.28601E+01    4.07524E+00
 3.34252E+01    3.99330E+00
 3.40000E+01    3.91301E+00
 3.44893E+01    3.83363E+00
 3.48610E+01    3.77515E+00
 3.51423E+01    3.73187E+00
 3.55686E+01    3.66789E+00
 3.60000E+01    3.60501E+00
 3.62441E+01    3.56457E+00
 3.66753E+01    3.49490E+00
 3.70021E+01    3.44355E+00
 3.74977E+01    3.36792E+00
 3.80000E+01    3.29396E+00
 3.82444E+01    3.25187E+00
 3.86760E+01    3.17951E+00
 3.90028E+01    3.12630E+00
 3.92497E+01    3.08697E+00
 3.96231E+01    3.02891E+00
 4.00000E+01    2.97194E+00
 4.04909E+01    2.93845E+00
 4.12385E+01    2.88891E+00
 4.20000E+01    2.84021E+00
 4.22449E+01    2.78750E+00
 4.24604E+01    2.74219E+00
 4.26499E+01    2.70314E+00
 4.28164E+01    2.66943E+00
 4.31093E+01    2.61144E+00
 4.33302E+01    2.56878E+00
 4.36638E+01    2.50610E+00
 4.40000E+01    2.44494E+00
 4.49889E+01    2.39920E+00
 4.60000E+01    2.35431E+00
 4.69894E+01    2.32234E+00
 4.80000E+01    2.29081E+00
 4.82456E+01    2.23949E+00
 4.84615E+01    2.19553E+00
 4.86512E+01    2.15778E+00
 4.88177E+01    2.12528E+00
 4.89640E+01    2.09724E+00
 4.92210E+01    2.04906E+00
 4.94146E+01    2.01365E+00
 4.95603E+01    1.98750E+00
 4.97797E+01    1.94891E+00
 5.00000E+01    1.91106E+00
 5.04927E+01    1.88822E+00
 5.12408E+01    1.85447E+00
 5.20000E+01    1.82132E+00
 5.40000E+01    1.80414E+00
 5.49909E+01    1.78471E+00
 5.60000E+01    1.76549E+00
 5.62462E+01    1.72685E+00
 5.64625E+01    1.69373E+00
 5.66524E+01    1.66527E+00
 5.68191E+01    1.64076E+00
 5.69654E+01    1.61961E+00
 5.72223E+01    1.58326E+00
 5.74158E+01    1.55653E+00
 5.77071E+01    1.51728E+00
 5.80000E+01    1.47901E+00
 5.84937E+01    1.45220E+00
 5.88667E+01    1.43241E+00
 5.94306E+01    1.40323E+00
 6.00000E+01    1.37465E+00
