# n + Ac226 : (n,d)     
# eaf.2010   Manhattan project, site A         EVAL-JUN10
# uncertainties: n
# # energies =    59
#   E(MeV)       xs(mb) 
 2.76155E+00    0.00000E+00
 5.40000E+00    1.07283E-17
 5.60000E+00    1.29719E-16
 5.80000E+00    1.22428E-15
 6.00000E+00    9.32507E-15
 6.20000E+00    1.03793E-12
 6.40000E+00    6.62475E-12
 6.60000E+00    3.60631E-11
 6.80000E+00    1.68404E-10
 7.00000E+00    6.60079E-10
 7.20000E+00    9.88829E-10
 7.40000E+00    1.28834E-08
 7.60000E+00    2.71074E-08
 7.80000E+00    3.91263E-08
 8.00000E+00    2.62671E-07
 8.50000E+00    2.41521E-06
 9.00000E+00    1.63506E-05
 9.50000E+00    8.64388E-05
 1.00000E+01    3.72253E-04
 1.05000E+01    1.34724E-03
 1.10000E+01    4.19502E-03
 1.15000E+01    1.14419E-02
 1.20000E+01    2.77250E-02
 1.25000E+01    6.03895E-02
 1.30000E+01    1.19492E-01
 1.35000E+01    2.16933E-01
 1.40000E+01    3.64721E-01
 1.45000E+01    5.72646E-01
 1.50000E+01    8.46190E-01
 1.60000E+01    1.58600E+00
 1.70000E+01    2.57523E+00
 1.80000E+01    3.66509E+00
 1.90000E+01    4.77785E+00
 2.00000E+01    5.78535E+00
 2.10000E+01    6.65132E+00
 2.20000E+01    7.33874E+00
 2.30000E+01    7.72024E+00
 2.40000E+01    7.97969E+00
 2.50000E+01    8.19959E+00
 2.60000E+01    8.37928E+00
 2.70000E+01    8.44965E+00
 2.80000E+01    8.45932E+00
 2.90000E+01    8.44126E+00
 3.00000E+01    8.37967E+00
 3.20000E+01    8.29697E+00
 3.40000E+01    7.93610E+00
 3.60000E+01    7.56720E+00
 3.80000E+01    6.91038E+00
 4.00000E+01    6.45976E+00
 4.20000E+01    6.24540E+00
 4.40000E+01    5.93862E+00
 4.60000E+01    5.61599E+00
 4.80000E+01    5.43747E+00
 5.00000E+01    5.02199E+00
 5.20000E+01    4.76980E+00
 5.40000E+01    4.63979E+00
 5.60000E+01    4.48862E+00
 5.80000E+01    4.00504E+00
 6.00000E+01    3.79578E+00
