# n + Ac226 : (n,h)     
# eaf.2010   Manhattan project, site A         EVAL-JUN10
# uncertainties: n
# # energies =    35
#   E(MeV)       xs(mb) 
 4.21983E+00    0.00000E+00
 1.35000E+01    1.50123E-12
 1.40000E+01    9.32028E-12
 1.45000E+01    4.88285E-11
 1.50000E+01    2.21650E-10
 1.60000E+01    3.20241E-09
 1.70000E+01    3.16429E-08
 1.80000E+01    2.32242E-07
 1.90000E+01    1.34477E-06
 2.00000E+01    6.42958E-06
 2.10000E+01    2.62789E-05
 2.20000E+01    9.42486E-05
 2.30000E+01    3.02185E-04
 2.40000E+01    8.76035E-04
 2.50000E+01    2.23456E-03
 2.60000E+01    5.27417E-03
 2.70000E+01    1.14215E-02
 2.80000E+01    2.20856E-02
 2.90000E+01    3.85983E-02
 3.00000E+01    5.96917E-02
 3.20000E+01    1.11304E-01
 3.40000E+01    1.58439E-01
 3.60000E+01    1.83343E-01
 3.80000E+01    2.04769E-01
 4.00000E+01    2.04228E-01
 4.20000E+01    2.11031E-01
 4.40000E+01    1.91427E-01
 4.60000E+01    1.91251E-01
 4.80000E+01    1.75030E-01
 5.00000E+01    1.56219E-01
 5.20000E+01    1.52318E-01
 5.40000E+01    1.46378E-01
 5.60000E+01    1.16753E-01
 5.80000E+01    1.08117E-01
 6.00000E+01    1.03867E-01
