# n + Ac226 : (n,a)     
# eaf.2010   Manhattan project, site A         EVAL-JUN10
# uncertainties: n
# # energies =  1720
#   E(MeV)       xs(mb) 
 1.00000E-11    6.86815E+00
 1.02191E-11    6.79414E+00
 1.04359E-11    6.72320E+00
 1.06503E-11    6.65518E+00
 1.08622E-11    6.58994E+00
 1.10715E-11    6.52736E+00
 1.12780E-11    6.46730E+00
 1.14819E-11    6.40964E+00
 1.16828E-11    6.35427E+00
 1.18809E-11    6.30110E+00
 1.22740E-11    6.19935E+00
 1.26544E-11    6.10546E+00
 1.30218E-11    6.01873E+00
 1.33758E-11    5.93854E+00
 1.37165E-11    5.86433E+00
 1.40437E-11    5.79560E+00
 1.43576E-11    5.73190E+00
 1.46582E-11    5.67282E+00
 1.49458E-11    5.61799E+00
 1.52205E-11    5.56706E+00
 1.54826E-11    5.51974E+00
 1.59861E-11    5.43210E+00
 1.64402E-11    5.35656E+00
 1.68480E-11    5.29133E+00
 1.72132E-11    5.23491E+00
 1.75392E-11    5.18603E+00
 1.78295E-11    5.14363E+00
 1.83491E-11    5.07029E+00
 1.87486E-11    5.01597E+00
 1.93643E-11    4.93559E+00
 2.00000E-11    4.85652E+00
 2.04380E-11    4.80419E+00
 2.08715E-11    4.75404E+00
 2.13002E-11    4.70595E+00
 2.17240E-11    4.65983E+00
 2.21425E-11    4.61559E+00
 2.25556E-11    4.57312E+00
 2.29631E-11    4.53236E+00
 2.33649E-11    4.49322E+00
 2.37609E-11    4.45562E+00
 2.45472E-11    4.38368E+00
 2.53080E-11    4.31729E+00
 2.60426E-11    4.25596E+00
 2.67506E-11    4.19926E+00
 2.74319E-11    4.14679E+00
 2.80863E-11    4.09819E+00
 2.87140E-11    4.05315E+00
 2.93152E-11    4.01137E+00
 2.98903E-11    3.97260E+00
 3.04396E-11    3.93659E+00
 3.09638E-11    3.90313E+00
 3.19710E-11    3.84115E+00
 3.28791E-11    3.78773E+00
 3.36949E-11    3.74160E+00
 3.44253E-11    3.70170E+00
 3.50773E-11    3.66714E+00
 3.56579E-11    3.63715E+00
 3.66972E-11    3.58528E+00
 3.74965E-11    3.54686E+00
 3.87281E-11    3.49001E+00
 4.00000E-11    3.43408E+00
 4.08760E-11    3.39708E+00
 4.17429E-11    3.36162E+00
 4.26002E-11    3.32762E+00
 4.34475E-11    3.29501E+00
 4.42844E-11    3.26373E+00
 4.51106E-11    3.23371E+00
 4.59256E-11    3.20489E+00
 4.67291E-11    3.17721E+00
 4.75210E-11    3.15063E+00
 4.90935E-11    3.09976E+00
 5.06150E-11    3.05281E+00
 5.20841E-11    3.00945E+00
 5.35002E-11    2.96936E+00
 5.48627E-11    2.93225E+00
 5.61715E-11    2.89789E+00
 5.74268E-11    2.86604E+00
 5.86292E-11    2.83650E+00
 5.97793E-11    2.80908E+00
 6.08780E-11    2.78362E+00
 6.19263E-11    2.75996E+00
 6.39407E-11    2.71613E+00
 6.57570E-11    2.67836E+00
 6.73886E-11    2.64574E+00
 6.88493E-11    2.61752E+00
 7.01535E-11    2.59308E+00
 7.13148E-11    2.57188E+00
 7.33935E-11    2.53519E+00
 7.49922E-11    2.50802E+00
 7.74557E-11    2.46782E+00
 8.00000E-11    2.42826E+00
 8.17519E-11    2.40210E+00
 8.34856E-11    2.37703E+00
 8.52002E-11    2.35299E+00
 8.68948E-11    2.32993E+00
 8.85686E-11    2.30781E+00
 9.02208E-11    2.28658E+00
 9.18508E-11    2.26620E+00
 9.34579E-11    2.24663E+00
 9.50416E-11    2.22783E+00
 9.81869E-11    2.19186E+00
 1.01231E-10    2.15866E+00
 1.04170E-10    2.12799E+00
 1.07002E-10    2.09963E+00
 1.09728E-10    2.07339E+00
 1.12346E-10    2.04909E+00
 1.14858E-10    2.02656E+00
 1.17263E-10    2.00567E+00
 1.19564E-10    1.98628E+00
 1.21761E-10    1.96827E+00
 1.23859E-10    1.95154E+00
 1.27887E-10    1.92055E+00
 1.31520E-10    1.89384E+00
 1.34783E-10    1.87078E+00
 1.37705E-10    1.85082E+00
 1.40313E-10    1.83354E+00
 1.42636E-10    1.81855E+00
 1.46793E-10    1.79262E+00
 1.49989E-10    1.77341E+00
 1.54914E-10    1.74499E+00
 1.60000E-10    1.71704E+00
 1.63505E-10    1.69854E+00
 1.66973E-10    1.68080E+00
 1.70403E-10    1.66380E+00
 1.73792E-10    1.64750E+00
 1.77140E-10    1.63185E+00
 1.80445E-10    1.61684E+00
 1.83706E-10    1.60243E+00
 1.86921E-10    1.58859E+00
 1.90089E-10    1.57529E+00
 1.96379E-10    1.54986E+00
 2.02466E-10    1.52639E+00
 2.08343E-10    1.50470E+00
 2.14007E-10    1.48466E+00
 2.19457E-10    1.46610E+00
 2.24693E-10    1.44892E+00
 2.29714E-10    1.43300E+00
 2.34524E-10    1.41823E+00
 2.39125E-10    1.40452E+00
 2.43520E-10    1.39179E+00
 2.47713E-10    1.37996E+00
 2.55771E-10    1.35805E+00
 2.63036E-10    1.33916E+00
 2.69562E-10    1.32285E+00
 2.75404E-10    1.30874E+00
 2.80620E-10    1.29652E+00
 2.85266E-10    1.28592E+00
 2.93579E-10    1.26758E+00
 2.99973E-10    1.25400E+00
 3.09825E-10    1.23390E+00
 3.20000E-10    1.21413E+00
 3.27008E-10    1.20105E+00
 3.33943E-10    1.18851E+00
 3.40802E-10    1.17649E+00
 3.47581E-10    1.16496E+00
 3.54276E-10    1.15390E+00
 3.60886E-10    1.14329E+00
 3.67406E-10    1.13310E+00
 3.73835E-10    1.12331E+00
 3.80170E-10    1.11391E+00
 3.92750E-10    1.09593E+00
 4.04922E-10    1.07933E+00
 4.16675E-10    1.06400E+00
 4.28003E-10    1.04982E+00
 4.38903E-10    1.03671E+00
 4.49374E-10    1.02456E+00
 4.59417E-10    1.01330E+00
 4.69036E-10    1.00285E+00
 4.78237E-10    9.93158E-01
 4.87026E-10    9.84156E-01
 4.95413E-10    9.75790E-01
 5.11528E-10    9.60296E-01
 5.26059E-10    9.46941E-01
 5.39111E-10    9.35408E-01
 5.50797E-10    9.25431E-01
 5.61230E-10    9.16789E-01
 5.70521E-10    9.09294E-01
 5.87150E-10    8.96325E-01
 5.99939E-10    8.86720E-01
 6.19647E-10    8.72505E-01
 6.40000E-10    8.58519E-01
 6.54015E-10    8.49271E-01
 6.67885E-10    8.40406E-01
 6.81602E-10    8.31907E-01
 6.95158E-10    8.23755E-01
 7.08548E-10    8.15934E-01
 7.21766E-10    8.08429E-01
 7.34805E-10    8.01224E-01
 7.47662E-10    7.94305E-01
 7.60331E-10    7.87660E-01
 7.85491E-10    7.74942E-01
 8.09834E-10    7.63206E-01
 8.33340E-10    7.52365E-01
 8.55997E-10    7.42342E-01
 8.77796E-10    7.33066E-01
 8.98737E-10    7.24476E-01
 9.18822E-10    7.16513E-01
 9.38060E-10    7.09128E-01
 9.56461E-10    7.02274E-01
 9.74040E-10    6.95908E-01
 9.90813E-10    6.89992E-01
 1.02304E-09    6.79036E-01
 1.05210E-09    6.69592E-01
 1.07821E-09    6.61437E-01
 1.10158E-09    6.54382E-01
 1.12245E-09    6.48271E-01
 1.14103E-09    6.42971E-01
 1.17429E-09    6.33800E-01
 1.19987E-09    6.27008E-01
 1.23929E-09    6.16956E-01
 1.28000E-09    6.07065E-01
 1.30803E-09    6.00525E-01
 1.33577E-09    5.94257E-01
 1.36320E-09    5.88248E-01
 1.39031E-09    5.82484E-01
 1.41709E-09    5.76954E-01
 1.44353E-09    5.71647E-01
 1.46960E-09    5.66552E-01
 1.49532E-09    5.61660E-01
 1.52065E-09    5.56961E-01
 1.57097E-09    5.47969E-01
 1.61966E-09    5.39670E-01
 1.66667E-09    5.32004E-01
 1.71198E-09    5.24917E-01
 1.75558E-09    5.18358E-01
 1.79746E-09    5.12283E-01
 1.83763E-09    5.06653E-01
 1.87611E-09    5.01431E-01
 1.91291E-09    4.96584E-01
 1.94807E-09    4.92083E-01
 1.98161E-09    4.87900E-01
 2.04607E-09    4.80153E-01
 2.10420E-09    4.73475E-01
 2.15641E-09    4.67708E-01
 2.20315E-09    4.62719E-01
 2.24489E-09    4.58398E-01
 2.28205E-09    4.54650E-01
 2.34857E-09    4.48165E-01
 2.39973E-09    4.43362E-01
 2.47857E-09    4.36254E-01
 2.56000E-09    4.29260E-01
 2.61606E-09    4.24636E-01
 2.67153E-09    4.20204E-01
 2.72640E-09    4.15954E-01
 2.78062E-09    4.11878E-01
 2.83418E-09    4.07968E-01
 2.88705E-09    4.04216E-01
 2.93920E-09    4.00613E-01
 2.99063E-09    3.97154E-01
 3.04130E-09    3.93831E-01
 3.14194E-09    3.87473E-01
 3.23931E-09    3.81605E-01
 3.33333E-09    3.76184E-01
 3.42396E-09    3.71173E-01
 3.51115E-09    3.66535E-01
 3.59491E-09    3.62240E-01
 3.67525E-09    3.58258E-01
 3.75220E-09    3.54566E-01
 3.82581E-09    3.51139E-01
 3.89612E-09    3.47956E-01
 3.96321E-09    3.44998E-01
 4.09214E-09    3.39520E-01
 4.20838E-09    3.34798E-01
 4.31280E-09    3.30720E-01
 4.40629E-09    3.27193E-01
 4.48976E-09    3.24137E-01
 4.56409E-09    3.21487E-01
 4.69714E-09    3.16901E-01
 4.79946E-09    3.13505E-01
 4.95714E-09    3.08478E-01
 5.12000E-09    3.03532E-01
 5.23211E-09    3.00263E-01
 5.34307E-09    2.97129E-01
 5.45279E-09    2.94124E-01
 5.56124E-09    2.91242E-01
 5.66835E-09    2.88477E-01
 5.77409E-09    2.85824E-01
 5.87840E-09    2.83277E-01
 5.98124E-09    2.80831E-01
 6.08259E-09    2.78481E-01
 6.28387E-09    2.73985E-01
 6.47861E-09    2.69836E-01
 6.66665E-09    2.66003E-01
 6.84790E-09    2.62459E-01
 7.02229E-09    2.59180E-01
 7.18982E-09    2.56142E-01
 7.35050E-09    2.53327E-01
 7.50440E-09    2.50716E-01
 7.65160E-09    2.48293E-01
 7.79223E-09    2.46042E-01
 7.92641E-09    2.43951E-01
 8.18426E-09    2.40077E-01
 8.41675E-09    2.36738E-01
 8.62559E-09    2.33854E-01
 8.81258E-09    2.31360E-01
 8.97951E-09    2.29200E-01
 9.12817E-09    2.27326E-01
 9.39426E-09    2.24083E-01
 9.59891E-09    2.21681E-01
 9.91428E-09    2.18127E-01
 1.02400E-08    2.14630E-01
 1.04642E-08    2.12318E-01
 1.06861E-08    2.10102E-01
 1.09056E-08    2.07977E-01
 1.11225E-08    2.05939E-01
 1.13367E-08    2.03984E-01
 1.15482E-08    2.02108E-01
 1.17568E-08    2.00307E-01
 1.19625E-08    1.98577E-01
 1.21652E-08    1.96916E-01
 1.25677E-08    1.93737E-01
 1.29572E-08    1.90803E-01
 1.33333E-08    1.88092E-01
 1.36958E-08    1.85587E-01
 1.40446E-08    1.83268E-01
 1.43796E-08    1.81120E-01
 1.47010E-08    1.79130E-01
 1.50088E-08    1.77283E-01
 1.53032E-08    1.75570E-01
 1.55844E-08    1.73978E-01
 1.58528E-08    1.72499E-01
 1.63685E-08    1.69760E-01
 1.68335E-08    1.67399E-01
 1.72512E-08    1.65360E-01
 1.76251E-08    1.63596E-01
 1.79590E-08    1.62069E-01
 1.82563E-08    1.60743E-01
 1.87885E-08    1.58451E-01
 1.91978E-08    1.56752E-01
 1.98285E-08    1.54239E-01
 2.04800E-08    1.51766E-01
 2.10283E-08    1.49775E-01
 2.15201E-08    1.48053E-01
 2.19598E-08    1.46564E-01
 2.23519E-08    1.45272E-01
 2.30551E-08    1.43040E-01
 2.35969E-08    1.41388E-01
 2.40116E-08    1.40162E-01
 2.46474E-08    1.38342E-01
 2.53000E-08    1.36546E-01
 2.58540E-08    1.35075E-01
 2.64022E-08    1.33666E-01
 2.69445E-08    1.32314E-01
 2.74803E-08    1.31018E-01
 2.80096E-08    1.29774E-01
 2.85321E-08    1.28580E-01
 2.90475E-08    1.27434E-01
 2.95557E-08    1.26334E-01
 3.00565E-08    1.25277E-01
 3.10511E-08    1.23254E-01
 3.20134E-08    1.21388E-01
 3.29426E-08    1.19663E-01
 3.38382E-08    1.18069E-01
 3.47000E-08    1.16594E-01
 3.55278E-08    1.15227E-01
 3.63217E-08    1.13961E-01
 3.70822E-08    1.12787E-01
 3.78096E-08    1.11696E-01
 3.85045E-08    1.10684E-01
 3.91676E-08    1.09743E-01
 4.04417E-08    1.08000E-01
 4.15905E-08    1.06498E-01
 4.26225E-08    1.05201E-01
 4.35465E-08    1.04079E-01
 4.43714E-08    1.03107E-01
 4.51059E-08    1.02264E-01
 4.64208E-08    1.00805E-01
 4.74321E-08    9.97250E-02
 4.89905E-08    9.81261E-02
 5.06000E-08    9.65528E-02
 5.19060E-08    9.53303E-02
 5.31611E-08    9.41983E-02
 5.43652E-08    9.31493E-02
 5.55188E-08    9.21765E-02
 5.66226E-08    9.12736E-02
 5.76773E-08    9.04353E-02
 5.86838E-08    8.96563E-02
 6.06188E-08    8.82138E-02
 6.23642E-08    8.69706E-02
 6.39325E-08    8.58972E-02
 6.53372E-08    8.49689E-02
 6.65915E-08    8.41648E-02
 6.77088E-08    8.34675E-02
 6.97094E-08    8.22611E-02
 7.12485E-08    8.13677E-02
 7.24251E-08    8.07041E-02
 7.42266E-08    7.97187E-02
 7.60728E-08    7.87454E-02
 7.77386E-08    8.19041E-02
 7.93871E-08    8.50849E-02
 8.10174E-08    8.82840E-02
 8.26287E-08    9.14977E-02
 8.42202E-08    9.47226E-02
 8.57911E-08    9.79551E-02
 8.73410E-08    1.01192E-01
 8.88690E-08    1.04429E-01
 9.03749E-08    1.07664E-01
 9.18580E-08    1.10893E-01
 9.33179E-08    1.14114E-01
 9.47544E-08    1.17324E-01
 9.61670E-08    1.20519E-01
 9.75556E-08    1.23697E-01
 9.89199E-08    1.26856E-01
 1.00260E-07    1.29993E-01
 1.01575E-07    1.33106E-01
 1.02866E-07    1.36192E-01
 1.04132E-07    1.39251E-01
 1.05373E-07    1.42279E-01
 1.07820E-07    1.48336E-01
 1.10166E-07    1.54247E-01
 1.12411E-07    1.60003E-01
 1.14558E-07    1.65594E-01
 1.16608E-07    1.71013E-01
 1.18563E-07    1.76254E-01
 1.20425E-07    1.81314E-01
 1.22198E-07    1.86189E-01
 1.23884E-07    1.90878E-01
 1.25485E-07    1.95382E-01
 1.27005E-07    1.99700E-01
 1.29905E-07    2.08056E-01
 1.32497E-07    2.15654E-01
 1.34807E-07    2.22530E-01
 1.36861E-07    2.28725E-01
 1.38684E-07    2.34288E-01
 1.41934E-07    2.44349E-01
 1.44421E-07    2.52178E-01
 1.46314E-07    2.58214E-01
 1.49201E-07    2.67540E-01
 1.52146E-07    2.77202E-01
 1.55477E-07    2.88321E-01
 1.58774E-07    2.99518E-01
 1.62035E-07    3.10780E-01
 1.65257E-07    3.22093E-01
 1.68440E-07    3.33445E-01
 1.71582E-07    3.44824E-01
 1.74682E-07    3.56218E-01
 1.77738E-07    3.67614E-01
 1.80750E-07    3.79002E-01
 1.83716E-07    3.90370E-01
 1.86636E-07    4.01709E-01
 1.89509E-07    4.13006E-01
 1.92334E-07    4.24254E-01
 1.95111E-07    4.35442E-01
 1.97840E-07    4.46561E-01
 2.00519E-07    4.57604E-01
 2.03150E-07    4.68563E-01
 2.05731E-07    4.79428E-01
 2.08263E-07    4.90195E-01
 2.10746E-07    5.00856E-01
 2.15640E-07    5.22175E-01
 2.20332E-07    5.42985E-01
 2.24823E-07    5.63248E-01
 2.29116E-07    5.82930E-01
 2.33216E-07    6.02006E-01
 2.37126E-07    6.20456E-01
 2.40851E-07    6.38267E-01
 2.44396E-07    6.55428E-01
 2.47767E-07    6.71935E-01
 2.50970E-07    6.87789E-01
 2.54010E-07    7.02991E-01
 2.59810E-07    7.32406E-01
 2.64993E-07    7.59152E-01
 2.69614E-07    7.83355E-01
 2.73722E-07    8.05165E-01
 2.77369E-07    8.24746E-01
 2.83867E-07    8.60165E-01
 2.88841E-07    8.87725E-01
 2.92629E-07    9.08972E-01
 2.98403E-07    9.41801E-01
 3.04291E-07    9.75815E-01
 3.08565E-07    1.00084E+00
 3.12626E-07    1.02488E+00
 3.16481E-07    1.04795E+00
 3.23839E-07    1.09261E+00
 3.30418E-07    1.13324E+00
 3.36283E-07    1.17003E+00
 3.41501E-07    1.20320E+00
 3.46133E-07    1.23299E+00
 3.50237E-07    1.25967E+00
 3.57538E-07    1.30774E+00
 3.63112E-07    1.34500E+00
 3.71638E-07    1.40289E+00
 3.80364E-07    1.46327E+00
 3.88693E-07    1.44747E+00
 3.96935E-07    1.43233E+00
 4.05087E-07    1.41782E+00
 4.13143E-07    1.40389E+00
 4.21101E-07    1.39054E+00
 4.28956E-07    1.37772E+00
 4.36705E-07    1.36541E+00
 4.44345E-07    1.35360E+00
 4.51874E-07    1.34225E+00
 4.66827E-07    1.32053E+00
 4.81294E-07    1.30049E+00
 4.95264E-07    1.28198E+00
 5.08729E-07    1.26486E+00
 5.21684E-07    1.24902E+00
 5.34129E-07    1.23435E+00
 5.46066E-07    1.22076E+00
 5.57499E-07    1.20815E+00
 5.68435E-07    1.19645E+00
 5.78882E-07    1.18558E+00
 5.88851E-07    1.17548E+00
 6.08007E-07    1.15677E+00
 6.25278E-07    1.14065E+00
 6.40793E-07    1.12672E+00
 6.54684E-07    1.11468E+00
 6.67086E-07    1.10425E+00
 6.78129E-07    1.09520E+00
 6.97898E-07    1.07955E+00
 7.13101E-07    1.06795E+00
 7.36530E-07    1.05079E+00
 7.60728E-07    1.03391E+00
 7.73842E-07    1.02509E+00
 7.99045E-07    1.00876E+00
 8.21769E-07    9.94682E-01
 8.42182E-07    9.82527E-01
 8.60459E-07    9.72013E-01
 8.76777E-07    9.62906E-01
 8.91308E-07    9.55007E-01
 9.17320E-07    9.41340E-01
 9.37326E-07    9.31218E-01
 9.68156E-07    9.16239E-01
 1.00000E-06    9.01501E-01
 1.02190E-06    8.91632E-01
 1.04357E-06    8.82175E-01
 1.06500E-06    8.73110E-01
 1.08618E-06    8.64416E-01
 1.10710E-06    8.56076E-01
 1.12775E-06    8.48074E-01
 1.14812E-06    8.40393E-01
 1.16821E-06    8.33019E-01
 1.18800E-06    8.25937E-01
 1.20750E-06    8.19133E-01
 1.24619E-06    8.06111E-01
 1.28358E-06    7.94090E-01
 1.31966E-06    7.82984E-01
 1.35440E-06    7.72713E-01
 1.38780E-06    7.63206E-01
 1.41986E-06    7.54399E-01
 1.45059E-06    7.46235E-01
 1.48001E-06    7.38662E-01
 1.50812E-06    7.31632E-01
 1.53496E-06    7.25102E-01
 1.56056E-06    7.19033E-01
 1.60972E-06    7.07791E-01
 1.65400E-06    6.98098E-01
 1.69374E-06    6.89726E-01
 1.72930E-06    6.82482E-01
 1.76102E-06    6.76206E-01
 1.81795E-06    6.65363E-01
 1.86184E-06    6.57344E-01
 1.89546E-06    6.51394E-01
 1.94703E-06    6.42569E-01
 2.00000E-06    6.33864E-01
 2.04379E-06    6.26925E-01
 2.08713E-06    6.20276E-01
 2.13000E-06    6.13901E-01
 2.17236E-06    6.07789E-01
 2.21420E-06    6.01925E-01
 2.25550E-06    5.96299E-01
 2.29625E-06    5.90898E-01
 2.33642E-06    5.85713E-01
 2.37601E-06    5.80733E-01
 2.41500E-06    5.75950E-01
 2.49238E-06    5.66793E-01
 2.56717E-06    5.58341E-01
 2.63932E-06    5.50532E-01
 2.70880E-06    5.43310E-01
 2.77561E-06    5.36626E-01
 2.83973E-06    5.30434E-01
 2.90119E-06    5.24694E-01
 2.96001E-06    5.19369E-01
 3.01624E-06    5.14426E-01
 3.06993E-06    5.09835E-01
 3.12113E-06    5.05567E-01
 3.21944E-06    4.97662E-01
 3.30800E-06    4.90847E-01
 3.38748E-06    4.84960E-01
 3.45860E-06    4.79867E-01
 3.52204E-06    4.75455E-01
 3.63589E-06    4.67831E-01
 3.72369E-06    4.62192E-01
 3.79092E-06    4.58009E-01
 3.89406E-06    4.51804E-01
 4.00000E-06    4.45683E-01
 4.08759E-06    4.40804E-01
 4.17427E-06    4.36129E-01
 4.25999E-06    4.31647E-01
 4.34472E-06    4.27349E-01
 4.42840E-06    4.23226E-01
 4.51100E-06    4.19270E-01
 4.59249E-06    4.15473E-01
 4.67284E-06    4.11827E-01
 4.75202E-06    4.08326E-01
 4.83000E-06    4.04962E-01
 4.98475E-06    3.98524E-01
 5.13433E-06    3.92581E-01
 5.27864E-06    3.87091E-01
 5.41761E-06    3.82013E-01
 5.55121E-06    3.77313E-01
 5.67945E-06    3.72959E-01
 5.80237E-06    3.68923E-01
 5.92002E-06    3.65179E-01
 6.03248E-06    3.61704E-01
 6.13986E-06    3.58475E-01
 6.24226E-06    3.55475E-01
 6.43888E-06    3.49917E-01
 6.61599E-06    3.45125E-01
 6.77496E-06    3.40986E-01
 6.91719E-06    3.37405E-01
 7.04409E-06    3.34302E-01
 7.27179E-06    3.28941E-01
 7.44738E-06    3.24977E-01
 7.58185E-06    3.22035E-01
 7.78812E-06    3.17673E-01
 8.00000E-06    3.13369E-01
 8.17518E-06    3.09939E-01
 8.34854E-06    3.06651E-01
 8.51998E-06    3.03500E-01
 8.68943E-06    3.00478E-01
 8.85679E-06    2.97579E-01
 9.02200E-06    2.94797E-01
 9.18499E-06    2.92127E-01
 9.34568E-06    2.89564E-01
 9.50404E-06    2.87102E-01
 9.66000E-06    2.84737E-01
 9.96951E-06    2.80211E-01
 1.02687E-05    2.76032E-01
 1.05573E-05    2.72171E-01
 1.08352E-05    2.68601E-01
 1.11024E-05    2.65296E-01
 1.13589E-05    2.62235E-01
 1.16047E-05    2.59397E-01
 1.18400E-05    2.56765E-01
 1.20650E-05    2.54321E-01
 1.22797E-05    2.52051E-01
 1.24845E-05    2.49942E-01
 1.28778E-05    2.46034E-01
 1.32320E-05    2.42664E-01
 1.35499E-05    2.39754E-01
 1.38344E-05    2.37236E-01
 1.40882E-05    2.35055E-01
 1.45436E-05    2.31286E-01
 1.48948E-05    2.28498E-01
 1.51637E-05    2.26430E-01
 1.55762E-05    2.23362E-01
 1.60000E-05    2.20336E-01
 1.63504E-05    2.17924E-01
 1.66971E-05    2.15613E-01
 1.70400E-05    2.13397E-01
 1.73789E-05    2.11272E-01
 1.77136E-05    2.09234E-01
 1.80440E-05    2.07278E-01
 1.83700E-05    2.05401E-01
 1.86914E-05    2.03598E-01
 1.90081E-05    2.01868E-01
 1.93200E-05    2.00205E-01
 1.99390E-05    1.97022E-01
 2.05373E-05    1.94084E-01
 2.11146E-05    1.91369E-01
 2.16704E-05    1.88859E-01
 2.22048E-05    1.86535E-01
 2.27178E-05    1.84383E-01
 2.32095E-05    1.82388E-01
 2.36801E-05    1.80537E-01
 2.41299E-05    1.78819E-01
 2.45594E-05    1.77222E-01
 2.49690E-05    1.75739E-01
 2.57555E-05    1.72991E-01
 2.64640E-05    1.70622E-01
 2.70999E-05    1.68576E-01
 2.76688E-05    1.66806E-01
 2.81764E-05    1.65272E-01
 2.90871E-05    1.62622E-01
 2.97895E-05    1.60662E-01
 3.03274E-05    1.59207E-01
 3.11525E-05    1.57051E-01
 3.20000E-05    1.54923E-01
 3.27007E-05    1.53227E-01
 3.33941E-05    1.51602E-01
 3.40799E-05    1.50044E-01
 3.47577E-05    1.48550E-01
 3.54272E-05    1.47117E-01
 3.60880E-05    1.45742E-01
 3.67399E-05    1.44422E-01
 3.73827E-05    1.43154E-01
 3.80162E-05    1.41937E-01
 3.86400E-05    1.40768E-01
 3.98780E-05    1.38530E-01
 4.10747E-05    1.36464E-01
 4.22291E-05    1.34556E-01
 4.33409E-05    1.32791E-01
 4.44097E-05    1.31157E-01
 4.54356E-05    1.29643E-01
 4.64190E-05    1.28241E-01
 4.73602E-05    1.26939E-01
 4.82599E-05    1.25731E-01
 4.91189E-05    1.24609E-01
 4.99380E-05    1.23566E-01
 5.15110E-05    1.21634E-01
 5.29280E-05    1.19968E-01
 5.41997E-05    1.18529E-01
 5.53375E-05    1.17285E-01
 5.63527E-05    1.16206E-01
 5.81743E-05    1.14343E-01
 5.95790E-05    1.12965E-01
 6.06548E-05    1.11942E-01
 6.23049E-05    1.10426E-01
 6.40000E-05    1.08930E-01
 6.54014E-05    1.07737E-01
 6.67883E-05    1.06594E-01
 6.81599E-05    1.05499E-01
 6.95155E-05    1.04449E-01
 7.08544E-05    1.03441E-01
 7.21760E-05    1.02474E-01
 7.34799E-05    1.01546E-01
 7.47655E-05    1.00655E-01
 7.60323E-05    9.97991E-02
 7.72800E-05    9.89770E-02
 7.97561E-05    9.74035E-02
 8.21493E-05    9.59510E-02
 8.44582E-05    9.46090E-02
 8.66817E-05    9.33679E-02
 8.88194E-05    9.22192E-02
 9.08713E-05    9.11551E-02
 9.28379E-05    9.01686E-02
 9.47203E-05    8.92536E-02
 9.65198E-05    8.84041E-02
 9.82377E-05    8.76151E-02
 9.98761E-05    8.68818E-02
 1.03022E-04    8.55233E-02
 1.05856E-04    8.43521E-02
 1.08399E-04    8.33405E-02
 1.10675E-04    8.24652E-02
 1.12705E-04    8.17069E-02
 1.16349E-04    8.03967E-02
 1.19158E-04    7.94278E-02
 1.21310E-04    7.87088E-02
 1.24610E-04    7.76425E-02
 1.28000E-04    7.65906E-02
 1.30803E-04    7.57522E-02
 1.33577E-04    7.49488E-02
 1.36320E-04    7.41785E-02
 1.39031E-04    7.34399E-02
 1.41709E-04    7.27314E-02
 1.44352E-04    7.20516E-02
 1.46960E-04    7.13990E-02
 1.49531E-04    7.07725E-02
 1.52065E-04    7.01708E-02
 1.54560E-04    6.95928E-02
 1.59512E-04    6.84864E-02
 1.64299E-04    6.74651E-02
 1.68916E-04    6.65215E-02
 1.73363E-04    6.56489E-02
 1.77639E-04    6.48412E-02
 1.81743E-04    6.40930E-02
 1.85676E-04    6.33994E-02
 1.89441E-04    6.27560E-02
 1.93040E-04    6.21588E-02
 1.96475E-04    6.16040E-02
 1.99752E-04    6.10884E-02
 2.06044E-04    6.01332E-02
 2.11712E-04    5.93097E-02
 2.16799E-04    5.85984E-02
 2.21350E-04    5.79830E-02
 2.25411E-04    5.74499E-02
 2.32697E-04    5.65286E-02
 2.38316E-04    5.58473E-02
 2.42619E-04    5.53418E-02
 2.49220E-04    5.45920E-02
 2.56000E-04    5.38525E-02
 2.61606E-04    5.32630E-02
 2.67153E-04    5.26980E-02
 2.72640E-04    5.21565E-02
 2.78062E-04    5.16371E-02
 2.83417E-04    5.11390E-02
 2.88704E-04    5.06609E-02
 2.93920E-04    5.02021E-02
 2.99062E-04    4.97616E-02
 3.04129E-04    4.93385E-02
 3.09120E-04    4.89321E-02
 3.19024E-04    4.81542E-02
 3.28597E-04    4.74361E-02
 3.37833E-04    4.67727E-02
 3.46727E-04    4.61591E-02
 3.55277E-04    4.55912E-02
 3.63485E-04    4.50651E-02
 3.71352E-04    4.45775E-02
 3.78881E-04    4.41251E-02
 3.86079E-04    4.37051E-02
 3.92951E-04    4.33150E-02
 3.99504E-04    4.29525E-02
 4.12088E-04    4.22809E-02
 4.23424E-04    4.17019E-02
 4.33598E-04    4.12018E-02
 4.42700E-04    4.07691E-02
 4.50822E-04    4.03942E-02
 4.65394E-04    3.97464E-02
 4.76632E-04    3.92674E-02
 4.85238E-04    3.89120E-02
 4.98440E-04    3.83848E-02
 5.12000E-04    3.78648E-02
 5.22824E-04    3.74644E-02
 5.33527E-04    3.70806E-02
 5.44105E-04    3.67125E-02
 5.54553E-04    3.63594E-02
 5.64865E-04    3.60205E-02
 5.75038E-04    3.56953E-02
 5.85067E-04    3.53830E-02
 5.94950E-04    3.50831E-02
 6.04684E-04    3.47950E-02
 6.23997E-04    3.42435E-02
 6.42664E-04    3.37344E-02
 6.60670E-04    3.32640E-02
 6.78009E-04    3.28290E-02
 6.94678E-04    3.24263E-02
 7.10677E-04    3.20533E-02
 7.26010E-04    3.17075E-02
 7.40685E-04    3.13867E-02
 7.54712E-04    3.10889E-02
 7.68104E-04    3.08123E-02
 7.80875E-04    3.05552E-02
 8.05395E-04    3.00789E-02
 8.27480E-04    2.96682E-02
 8.47301E-04    2.93135E-02
 8.65034E-04    2.90066E-02
 8.80854E-04    2.87407E-02
 9.09239E-04    2.82812E-02
 9.31126E-04    2.79414E-02
 9.47887E-04    2.76892E-02
 9.73595E-04    2.73152E-02
 1.00000E-03    2.69463E-02
 1.02190E-03    2.66521E-02
 1.04357E-03    2.63701E-02
 1.06500E-03    2.60998E-02
 1.08618E-03    2.58406E-02
 1.10710E-03    2.55920E-02
 1.12775E-03    2.53534E-02
 1.14812E-03    2.51244E-02
 1.16821E-03    2.49045E-02
 1.18800E-03    2.46933E-02
 1.20750E-03    2.44904E-02
 1.24619E-03    2.41021E-02
 1.28358E-03    2.37436E-02
 1.31966E-03    2.34124E-02
 1.35440E-03    2.31060E-02
 1.38780E-03    2.28225E-02
 1.41986E-03    2.25598E-02
 1.45059E-03    2.23163E-02
 1.48001E-03    2.20904E-02
 1.50812E-03    2.18807E-02
 1.53496E-03    2.16859E-02
 1.56056E-03    2.15049E-02
 1.60972E-03    2.11695E-02
 1.65400E-03    2.08804E-02
 1.69374E-03    2.06306E-02
 1.72930E-03    2.04145E-02
 1.76102E-03    2.02272E-02
 1.81795E-03    1.99037E-02
 1.86184E-03    1.96645E-02
 1.89546E-03    1.94869E-02
 1.94703E-03    1.92236E-02
 2.00000E-03    1.89639E-02
 2.04379E-03    1.87696E-02
 2.08713E-03    1.85833E-02
 2.13000E-03    1.84045E-02
 2.17236E-03    1.82330E-02
 2.21420E-03    1.80684E-02
 2.25550E-03    1.79104E-02
 2.29625E-03    1.77586E-02
 2.33642E-03    1.76128E-02
 2.41627E-03    1.73336E-02
 2.49360E-03    1.70760E-02
 2.56835E-03    1.68379E-02
 2.64046E-03    1.66177E-02
 2.70990E-03    1.64139E-02
 2.77666E-03    1.62251E-02
 2.84074E-03    1.60501E-02
 2.90216E-03    1.58877E-02
 2.96094E-03    1.57370E-02
 3.01713E-03    1.55969E-02
 3.07077E-03    1.54668E-02
 3.17395E-03    1.52257E-02
 3.26706E-03    1.50179E-02
 3.35077E-03    1.48383E-02
 3.42578E-03    1.46830E-02
 3.49279E-03    1.45484E-02
 3.55249E-03    1.44316E-02
 3.65944E-03    1.42296E-02
 3.74176E-03    1.40799E-02
 3.86873E-03    1.38583E-02
 4.00000E-03    1.36402E-02
 4.11314E-03    1.34605E-02
 4.21476E-03    1.33052E-02
 4.30574E-03    1.31709E-02
 4.38695E-03    1.30544E-02
 4.53278E-03    1.28530E-02
 4.64533E-03    1.27040E-02
 4.73156E-03    1.25934E-02
 4.86393E-03    1.24293E-02
 5.00000E-03    1.22673E-02
 5.10949E-03    1.21552E-02
 5.21784E-03    1.20476E-02
 5.32499E-03    1.19442E-02
 5.43089E-03    1.18450E-02
 5.53550E-03    1.17496E-02
 5.63875E-03    1.16579E-02
 5.84432E-03    1.14823E-02
 6.04384E-03    1.13201E-02
 6.23708E-03    1.11701E-02
 6.42384E-03    1.10312E-02
 6.60401E-03    1.09027E-02
 6.77750E-03    1.07835E-02
 6.94429E-03    1.06729E-02
 7.10438E-03    1.05703E-02
 7.25781E-03    1.04750E-02
 7.40466E-03    1.03865E-02
 7.54503E-03    1.03041E-02
 7.81544E-03    1.01515E-02
 8.05999E-03    1.00198E-02
 8.28023E-03    9.90593E-03
 8.47788E-03    9.80738E-03
 8.65469E-03    9.72196E-03
 8.97302E-03    9.57424E-03
 9.21943E-03    9.46494E-03
 9.40866E-03    9.38378E-03
 9.69983E-03    9.26334E-03
 1.00000E-02    9.14444E-03
 1.04427E-02    9.02875E-03
 1.08756E-02    8.92162E-03
 1.12977E-02    8.82235E-03
 1.17082E-02    8.73028E-03
 1.21067E-02    8.64483E-03
 1.24925E-02    8.56549E-03
 1.28654E-02    8.49177E-03
 1.32251E-02    8.42323E-03
 1.35715E-02    8.35948E-03
 1.39044E-02    8.30015E-03
 1.45508E-02    8.19004E-03
 1.51410E-02    8.09489E-03
 1.56770E-02    8.01254E-03
 1.61616E-02    7.94118E-03
 1.65979E-02    7.87925E-03
 1.69893E-02    7.82547E-03
 1.76966E-02    7.73222E-03
 1.82463E-02    7.66302E-03
 1.86697E-02    7.61152E-03
 1.93234E-02    7.53492E-03
 2.00000E-02    7.45910E-03
 2.08855E-02    7.41286E-03
 2.17512E-02    7.36978E-03
 2.25953E-02    7.32961E-03
 2.34165E-02    7.29215E-03
 2.50374E-02    7.22244E-03
 2.65474E-02    7.16198E-03
 2.79433E-02    7.10950E-03
 2.92247E-02    7.06389E-03
 3.03941E-02    7.02422E-03
 3.25542E-02    6.95534E-03
 3.42744E-02    6.90413E-03
 3.56240E-02    6.86596E-03
 3.77486E-02    6.80911E-03
 4.00000E-02    6.75273E-03
 4.22949E-02    6.69888E-03
 4.41020E-02    6.65877E-03
 4.69585E-02    6.59906E-03
 5.00000E-02    6.53988E-03
 5.22137E-02    6.50194E-03
 5.43780E-02    6.46657E-03
 5.64884E-02    6.43359E-03
 6.06686E-02    6.37219E-03
 6.45793E-02    6.31895E-03
 6.82075E-02    6.27274E-03
 7.15489E-02    6.23257E-03
 7.46066E-02    6.19764E-03
 7.73892E-02    6.16723E-03
 8.25107E-02    6.11438E-03
 8.65730E-02    6.07504E-03
 9.30446E-02    6.01651E-03
 1.00000E-01    5.95853E-03
 1.04427E-01    5.91946E-03
 1.08756E-01    5.88307E-03
 1.12977E-01    5.84915E-03
 1.17082E-01    5.81753E-03
 1.25187E-01    5.75870E-03
 1.32737E-01    5.70771E-03
 1.39716E-01    5.66347E-03
 1.46124E-01    5.62504E-03
 1.51970E-01    5.59162E-03
 1.57278E-01    5.56255E-03
 1.67016E-01    5.51203E-03
 1.74713E-01    5.47445E-03
 1.86930E-01    5.41855E-03
 2.00000E-01    5.36322E-03
 2.21336E-01    5.34636E-03
 2.57684E-01    5.32118E-03
 3.00000E-01    5.29612E-03
 3.22371E-01    5.32428E-03
 3.59094E-01    5.36680E-03
 4.00000E-01    5.40966E-03
 4.22949E-01    5.49617E-03
 4.41020E-01    5.56197E-03
 4.55078E-01    5.61183E-03
 4.77011E-01    5.68746E-03
 5.00000E-01    5.76411E-03
 5.23318E-01    5.86845E-03
 5.41517E-01    5.94795E-03
 5.70009E-01    6.06922E-03
 6.00000E-01    6.19296E-03
 6.02897E-01    6.07771E-03
 6.05717E-01    5.96811E-03
 6.08462E-01    5.86381E-03
 6.11133E-01    5.76452E-03
 6.13731E-01    5.66993E-03
 6.16259E-01    5.57977E-03
 6.18717E-01    5.49380E-03
 6.21108E-01    5.41178E-03
 6.23434E-01    5.33350E-03
 6.25695E-01    5.25873E-03
 6.27893E-01    5.18731E-03
 6.30029E-01    5.11904E-03
 6.32106E-01    5.05376E-03
 6.36150E-01    4.92964E-03
 6.39964E-01    4.81605E-03
 6.43560E-01    4.71194E-03
 6.46951E-01    4.61638E-03
 6.50145E-01    4.52855E-03
 6.53154E-01    4.44773E-03
 6.55988E-01    4.37328E-03
 6.58656E-01    4.30461E-03
 6.61167E-01    4.24120E-03
 6.63530E-01    4.18262E-03
 6.65752E-01    4.12842E-03
 6.69940E-01    4.02870E-03
 6.73626E-01    3.94342E-03
 6.76867E-01    3.87028E-03
 6.79717E-01    3.80739E-03
 6.82219E-01    3.75321E-03
 6.86622E-01    3.66024E-03
 6.89942E-01    3.59202E-03
 6.92443E-01    3.54170E-03
 6.96211E-01    3.46753E-03
 7.00000E-01    3.39491E-03
 7.02927E-01    3.32426E-03
 7.05774E-01    3.25723E-03
 7.08544E-01    3.19358E-03
 7.11237E-01    3.13310E-03
 7.13856E-01    3.07561E-03
 7.16402E-01    3.02092E-03
 7.18877E-01    2.96886E-03
 7.21283E-01    2.91929E-03
 7.23621E-01    2.87206E-03
 7.25894E-01    2.82703E-03
 7.28103E-01    2.78408E-03
 7.30248E-01    2.74310E-03
 7.32333E-01    2.70397E-03
 7.34358E-01    2.66660E-03
 7.36326E-01    2.63089E-03
 7.38237E-01    2.59675E-03
 7.41953E-01    2.53186E-03
 7.45454E-01    2.47250E-03
 7.48752E-01    2.41811E-03
 7.51856E-01    2.36821E-03
 7.54779E-01    2.32237E-03
 7.57529E-01    2.28019E-03
 7.60116E-01    2.24135E-03
 7.62549E-01    2.20554E-03
 7.64838E-01    2.17248E-03
 7.66989E-01    2.14194E-03
 7.69012E-01    2.11370E-03
 7.72819E-01    2.06175E-03
 7.76165E-01    2.01734E-03
 7.79105E-01    1.97927E-03
 7.81687E-01    1.94655E-03
 7.83953E-01    1.91836E-03
 7.87934E-01    1.87001E-03
 7.90934E-01    1.83454E-03
 7.93190E-01    1.80839E-03
 7.96588E-01    1.76985E-03
 8.00000E-01    1.73214E-03
 8.02950E-01    1.70743E-03
 8.05818E-01    1.68383E-03
 8.08607E-01    1.66128E-03
 8.11317E-01    1.63972E-03
 8.13951E-01    1.61910E-03
 8.19080E-01    1.57989E-03
 8.23917E-01    1.54399E-03
 8.28478E-01    1.51108E-03
 8.32777E-01    1.48086E-03
 8.36827E-01    1.45307E-03
 8.40642E-01    1.42750E-03
 8.44234E-01    1.40394E-03
 8.47616E-01    1.38220E-03
 8.50799E-01    1.36212E-03
 8.53794E-01    1.34357E-03
 8.56611E-01    1.32640E-03
 8.61918E-01    1.29481E-03
 8.66589E-01    1.26778E-03
 8.70696E-01    1.24459E-03
 8.74306E-01    1.22465E-03
 8.77478E-01    1.20747E-03
 8.83055E-01    1.17797E-03
 8.87261E-01    1.15632E-03
 8.90429E-01    1.14035E-03
 8.95202E-01    1.11680E-03
 9.00000E-01    1.09374E-03
 9.05946E-01    1.07421E-03
 9.11556E-01    1.05621E-03
 9.16847E-01    1.03962E-03
 9.21835E-01    1.02429E-03
 9.26537E-01    1.01014E-03
 9.30966E-01    9.97040E-04
 9.35137E-01    9.84917E-04
 9.43009E-01    9.62582E-04
 9.49951E-01    9.43455E-04
 9.56068E-01    9.27031E-04
 9.61452E-01    9.12894E-04
 9.66188E-01    9.00702E-04
 9.74532E-01    8.79755E-04
 9.80838E-01    8.64366E-04
 9.85594E-01    8.53001E-04
 9.92771E-01    8.36233E-04
 1.00000E+00    8.19794E-04
 1.01146E+00    8.06111E-04
 1.02232E+00    7.93490E-04
 1.03261E+00    7.81837E-04
 1.04235E+00    7.71069E-04
 1.05157E+00    7.61108E-04
 1.06028E+00    7.51886E-04
 1.06852E+00    7.43342E-04
 1.08413E+00    7.27584E-04
 1.09798E+00    7.14069E-04
 1.11024E+00    7.02450E-04
 1.12108E+00    6.92439E-04
 1.13066E+00    6.83796E-04
 1.13910E+00    6.76321E-04
 1.15403E+00    6.63438E-04
 1.16535E+00    6.53937E-04
 1.18255E+00    6.39939E-04
 1.20000E+00    6.26241E-04
 1.22335E+00    6.21370E-04
 1.26530E+00    6.12936E-04
 1.29771E+00    6.06686E-04
 1.32256E+00    6.02041E-04
 1.36073E+00    5.95139E-04
 1.40000E+00    5.88316E-04
 1.60000E+00    5.89680E-04
 1.69706E+00    5.93617E-04
 1.80000E+00    5.97580E-04
 1.89737E+00    6.02229E-04
 2.00000E+00    6.06913E-04
 2.09762E+00    6.13449E-04
 2.20000E+00    6.20054E-04
 2.29783E+00    6.28990E-04
 2.40000E+00    6.38055E-04
 2.49800E+00    6.51466E-04
 2.60000E+00    6.65158E-04
 2.69815E+00    6.82799E-04
 2.80000E+00    7.00907E-04
 3.00000E+00    7.51601E-04
 3.20000E+00    8.06745E-04
 3.29848E+00    8.43267E-04
 3.40000E+00    8.81443E-04
 3.49857E+00    9.19612E-04
 3.60000E+00    9.59434E-04
 3.69865E+00    9.97473E-04
 3.80000E+00    1.03702E-03
 3.89872E+00    1.08322E-03
 4.00000E+00    1.13148E-03
 4.09878E+00    1.17689E-03
 4.20000E+00    1.22413E-03
 4.24913E+00    1.25449E-03
 4.32391E+00    1.30145E-03
 4.40000E+00    1.35017E-03
 4.49889E+00    1.39853E-03
 4.60000E+00    1.44862E-03
 4.64921E+00    1.48457E-03
 4.72400E+00    1.54018E-03
 4.80000E+00    1.59787E-03
 4.89898E+00    1.66194E-03
 5.00000E+00    1.72858E-03
 5.04927E+00    1.77412E-03
 5.08654E+00    1.80906E-03
 5.14295E+00    1.86276E-03
 5.20000E+00    1.91806E-03
 5.24929E+00    1.98059E-03
 5.28657E+00    2.02882E-03
 5.31470E+00    2.06576E-03
 5.35718E+00    2.12244E-03
 5.40000E+00    2.18067E-03
 5.49909E+00    2.25804E-03
 5.60000E+00    2.33815E-03
 5.62462E+00    2.37714E-03
 5.66796E+00    2.44695E-03
 5.70069E+00    2.50064E-03
 5.75013E+00    2.58341E-03
 5.80000E+00    2.66891E-03
 5.84937E+00    2.72821E-03
 5.92420E+00    2.81965E-03
 6.00000E+00    2.91416E-03
 6.02464E+00    2.96713E-03
 6.06801E+00    3.06216E-03
 6.10074E+00    3.13542E-03
 6.12541E+00    3.19151E-03
 6.16259E+00    3.27754E-03
 6.20000E+00    3.36589E-03
 6.22465E+00    3.43659E-03
 6.24631E+00    3.49966E-03
 6.26532E+00    3.55581E-03
 6.29872E+00    3.65623E-03
 6.32389E+00    3.73340E-03
 6.36183E+00    3.85223E-03
 6.40000E+00    3.97484E-03
 6.49923E+00    4.11898E-03
 6.60000E+00    4.26836E-03
 6.62467E+00    4.35859E-03
 6.64634E+00    4.43911E-03
 6.66536E+00    4.51079E-03
 6.69877E+00    4.63901E-03
 6.72393E+00    4.73757E-03
 6.74287E+00    4.81286E-03
 6.77137E+00    4.92804E-03
 6.80000E+00    5.04598E-03
 6.84946E+00    5.16475E-03
 6.88679E+00    5.25567E-03
 6.94316E+00    5.39505E-03
 7.00000E+00    5.53813E-03
 7.02469E+00    5.65439E-03
 7.04637E+00    5.75812E-03
 7.06539E+00    5.85044E-03
 7.09881E+00    6.01559E-03
 7.12397E+00    6.14250E-03
 7.14290E+00    6.23943E-03
 7.17139E+00    6.38771E-03
 7.20000E+00    6.53951E-03
 7.22470E+00    6.69024E-03
 7.24638E+00    6.82497E-03
 7.26541E+00    6.94509E-03
 7.29883E+00    7.16040E-03
 7.32399E+00    7.32625E-03
 7.34292E+00    7.45316E-03
 7.37140E+00    7.64765E-03
 7.40000E+00    7.84721E-03
 7.44950E+00    7.99787E-03
 7.52437E+00    8.22930E-03
 7.60000E+00    8.46742E-03
 7.62472E+00    8.65874E-03
 7.64641E+00    8.82968E-03
 7.66544E+00    8.98202E-03
 7.69886E+00    9.25497E-03
 7.72402E+00    9.46512E-03
 7.74295E+00    9.62585E-03
 7.77142E+00    9.87208E-03
 7.80000E+00    1.01246E-02
 7.84953E+00    1.03831E-02
 7.88688E+00    1.05812E-02
 7.94324E+00    1.08856E-02
 8.00000E+00    1.11987E-02
 8.03037E+00    1.14191E-02
 8.05895E+00    1.16297E-02
 8.08583E+00    1.18307E-02
 8.11111E+00    1.20222E-02
 8.15873E+00    1.23898E-02
 8.20063E+00    1.27206E-02
 8.23747E+00    1.30173E-02
 8.26984E+00    1.32826E-02
 8.29826E+00    1.35191E-02
 8.34824E+00    1.39433E-02
 8.38593E+00    1.42701E-02
 8.41430E+00    1.45202E-02
 8.45704E+00    1.49036E-02
 8.50000E+00    1.52972E-02
 8.53042E+00    1.57116E-02
 8.55904E+00    1.61102E-02
 8.58595E+00    1.64931E-02
 8.61126E+00    1.68603E-02
 8.63506E+00    1.72120E-02
 8.65743E+00    1.75484E-02
 8.67845E+00    1.78697E-02
 8.69821E+00    1.81763E-02
 8.71677E+00    1.84685E-02
 8.75168E+00    1.90291E-02
 8.78234E+00    1.95335E-02
 8.80926E+00    1.99859E-02
 8.83288E+00    2.03902E-02
 8.85360E+00    2.07508E-02
 8.87177E+00    2.10715E-02
 8.90365E+00    2.16447E-02
 8.92764E+00    2.20848E-02
 8.96375E+00    2.27618E-02
 9.00000E+00    2.34596E-02
 9.03046E+00    2.39710E-02
 9.05912E+00    2.44605E-02
 9.08606E+00    2.49285E-02
 9.11140E+00    2.53754E-02
 9.13521E+00    2.58016E-02
 9.15760E+00    2.62077E-02
 9.19971E+00    2.69864E-02
 9.23672E+00    2.76868E-02
 9.26923E+00    2.83145E-02
 9.29777E+00    2.88754E-02
 9.32281E+00    2.93752E-02
 9.36679E+00    3.02710E-02
 9.39992E+00    3.09606E-02
 9.42484E+00    3.14882E-02
 9.46235E+00    3.22964E-02
 9.50000E+00    3.31253E-02
 9.53050E+00    3.39114E-02
 9.55919E+00    3.46652E-02
 9.58616E+00    3.53871E-02
 9.61152E+00    3.60775E-02
 9.63535E+00    3.67370E-02
 9.65775E+00    3.73663E-02
 9.67879E+00    3.79660E-02
 9.71837E+00    3.91165E-02
 9.75313E+00    4.01518E-02
 9.78366E+00    4.10801E-02
 9.81044E+00    4.19099E-02
 9.83394E+00    4.26498E-02
 9.85454E+00    4.33079E-02
 9.89071E+00    4.44841E-02
 9.91792E+00    4.53871E-02
 9.95887E+00    4.67762E-02
 1.00000E+01    4.82078E-02
 1.00305E+01    4.92973E-02
 1.00593E+01    5.03411E-02
 1.00863E+01    5.13397E-02
 1.01116E+01    5.22939E-02
 1.01355E+01    5.32045E-02
 1.01579E+01    5.40727E-02
 1.02000E+01    5.57388E-02
 1.02371E+01    5.72386E-02
 1.02696E+01    5.85841E-02
 1.02981E+01    5.97873E-02
 1.03231E+01    6.08604E-02
 1.03451E+01    6.18151E-02
 1.03836E+01    6.35221E-02
 1.04126E+01    6.48331E-02
 1.04344E+01    6.58341E-02
 1.04671E+01    6.73647E-02
 1.05000E+01    6.89309E-02
 1.05306E+01    7.04317E-02
 1.05593E+01    7.18683E-02
 1.05863E+01    7.32417E-02
 1.06117E+01    7.45531E-02
 1.06356E+01    7.58039E-02
 1.06580E+01    7.69956E-02
 1.07002E+01    7.92806E-02
 1.07372E+01    8.13356E-02
 1.07697E+01    8.31774E-02
 1.07982E+01    8.48231E-02
 1.08232E+01    8.62898E-02
 1.08672E+01    8.89178E-02
 1.09002E+01    9.09412E-02
 1.09251E+01    9.24889E-02
 1.09625E+01    9.48600E-02
 1.10000E+01    9.72919E-02
 1.10306E+01    9.93572E-02
 1.10594E+01    1.01333E-01
 1.10864E+01    1.03221E-01
 1.11118E+01    1.05024E-01
 1.11357E+01    1.06742E-01
 1.11581E+01    1.08378E-01
 1.12003E+01    1.11514E-01
 1.12373E+01    1.14332E-01
 1.12698E+01    1.16856E-01
 1.12983E+01    1.19111E-01
 1.13234E+01    1.21119E-01
 1.13673E+01    1.24715E-01
 1.14003E+01    1.27482E-01
 1.14251E+01    1.29598E-01
 1.14625E+01    1.32837E-01
 1.15000E+01    1.36157E-01
 1.15306E+01    1.38814E-01
 1.15594E+01    1.41352E-01
 1.15865E+01    1.43773E-01
 1.16119E+01    1.46081E-01
 1.16597E+01    1.50508E-01
 1.17017E+01    1.54492E-01
 1.17386E+01    1.58064E-01
 1.17710E+01    1.61257E-01
 1.17993E+01    1.64104E-01
 1.18242E+01    1.66637E-01
 1.18679E+01    1.71163E-01
 1.19008E+01    1.74638E-01
 1.19503E+01    1.79983E-01
 1.20000E+01    1.85492E-01
 1.20307E+01    1.88900E-01
 1.20595E+01    1.92152E-01
 1.20865E+01    1.95252E-01
 1.21375E+01    2.01199E-01
 1.21822E+01    2.06551E-01
 1.22215E+01    2.11351E-01
 1.22560E+01    2.15642E-01
 1.22862E+01    2.19469E-01
 1.23127E+01    2.22873E-01
 1.23593E+01    2.28956E-01
 1.23943E+01    2.33628E-01
 1.24470E+01    2.40815E-01
 1.25000E+01    2.48223E-01
 1.25307E+01    2.52292E-01
 1.25884E+01    2.60103E-01
 1.26391E+01    2.67135E-01
 1.26837E+01    2.73444E-01
 1.27228E+01    2.79087E-01
 1.27571E+01    2.84120E-01
 1.27872E+01    2.88598E-01
 1.28401E+01    2.96605E-01
 1.28799E+01    3.02756E-01
 1.29098E+01    3.07452E-01
 1.29548E+01    3.14634E-01
 1.30000E+01    3.21984E-01
 1.30307E+01    3.27178E-01
 1.30885E+01    3.37143E-01
 1.31392E+01    3.46112E-01
 1.31838E+01    3.54154E-01
 1.32229E+01    3.61345E-01
 1.32572E+01    3.67757E-01
 1.32873E+01    3.73460E-01
 1.33402E+01    3.83655E-01
 1.33800E+01    3.91483E-01
 1.34398E+01    4.03525E-01
 1.35000E+01    4.15938E-01
 1.35615E+01    4.27713E-01
 1.36156E+01    4.38289E-01
 1.36630E+01    4.47757E-01
 1.37047E+01    4.56210E-01
 1.37413E+01    4.63736E-01
 1.38055E+01    4.77208E-01
 1.38539E+01    4.87568E-01
 1.38903E+01    4.95485E-01
 1.39450E+01    5.07603E-01
 1.40000E+01    5.20017E-01
 1.40615E+01    5.32520E-01
 1.41156E+01    5.43707E-01
 1.41631E+01    5.53688E-01
 1.42048E+01    5.62571E-01
 1.42780E+01    5.78462E-01
 1.43332E+01    5.90674E-01
 1.43747E+01    6.00001E-01
 1.44372E+01    6.14270E-01
 1.45000E+01    6.28878E-01
 1.45616E+01    6.43518E-01
 1.46157E+01    6.56608E-01
 1.46632E+01    6.68279E-01
 1.47467E+01    6.89206E-01
 1.48096E+01    7.05330E-01
 1.48570E+01    7.17670E-01
 1.49283E+01    7.36586E-01
 1.50000E+01    7.56001E-01
 1.50606E+01    7.71568E-01
 1.51177E+01    7.86453E-01
 1.51714E+01    8.00668E-01
 1.52219E+01    8.14228E-01
 1.53170E+01    8.40276E-01
 1.54008E+01    8.63750E-01
 1.54744E+01    8.84827E-01
 1.55392E+01    9.03691E-01
 1.55961E+01    9.20527E-01
 1.56460E+01    9.35515E-01
 1.57337E+01    9.62334E-01
 1.57999E+01    9.82952E-01
 1.58497E+01    9.98704E-01
 1.59247E+01    1.02281E+00
 1.60000E+01    1.04749E+00
 1.61217E+01    1.07887E+00
 1.62290E+01    1.10710E+00
 1.63234E+01    1.13241E+00
 1.64065E+01    1.15502E+00
 1.64795E+01    1.17518E+00
 1.66081E+01    1.21131E+00
 1.67052E+01    1.23914E+00
 1.67784E+01    1.26042E+00
 1.68889E+01    1.29304E+00
 1.70000E+01    1.32650E+00
 1.70608E+01    1.34915E+00
 1.71755E+01    1.39266E+00
 1.72765E+01    1.43188E+00
 1.73653E+01    1.46710E+00
 1.74434E+01    1.49863E+00
 1.75120E+01    1.52678E+00
 1.75723E+01    1.55184E+00
 1.76782E+01    1.59669E+00
 1.77581E+01    1.63117E+00
 1.78183E+01    1.65752E+00
 1.79089E+01    1.69785E+00
 1.80000E+01    1.73916E+00
 1.81221E+01    1.77458E+00
 1.82295E+01    1.80616E+00
 1.84192E+01    1.86279E+00
 1.85627E+01    1.90642E+00
 1.86711E+01    1.93982E+00
 1.88348E+01    1.99101E+00
 1.90000E+01    2.04355E+00
 1.91222E+01    2.10677E+00
 1.92298E+01    2.16369E+00
 1.93244E+01    2.21476E+00
 1.94076E+01    2.26043E+00
 1.94807E+01    2.30117E+00
 1.96092E+01    2.37423E+00
 1.97062E+01    2.43054E+00
 1.97792E+01    2.47365E+00
 1.98893E+01    2.53975E+00
 2.00000E+01    2.60762E+00
 2.01223E+01    2.66669E+00
 2.02300E+01    2.71946E+00
 2.03247E+01    2.76650E+00
 2.04915E+01    2.85078E+00
 2.06174E+01    2.91567E+00
 2.07124E+01    2.96531E+00
 2.08557E+01    3.04135E+00
 2.10000E+01    3.11935E+00
 2.20000E+01    3.13134E+00
 2.24944E+01    3.10376E+00
 2.30000E+01    3.07642E+00
 2.31227E+01    3.03937E+00
 2.33390E+01    2.97560E+00
 2.35025E+01    2.92865E+00
 2.36259E+01    2.89393E+00
 2.38122E+01    2.84261E+00
 2.40000E+01    2.79221E+00
 2.40613E+01    2.73050E+00
 2.41189E+01    2.67389E+00
 2.41731E+01    2.62188E+00
 2.42239E+01    2.57405E+00
 2.42717E+01    2.52999E+00
 2.43166E+01    2.48938E+00
 2.43588E+01    2.45189E+00
 2.43984E+01    2.41727E+00
 2.44728E+01    2.35365E+00
 2.45381E+01    2.29936E+00
 2.45953E+01    2.25288E+00
 2.46456E+01    2.21299E+00
 2.46896E+01    2.17866E+00
 2.47282E+01    2.14906E+00
 2.47959E+01    2.09823E+00
 2.48467E+01    2.06089E+00
 2.48850E+01    2.03333E+00
 2.49424E+01    1.99267E+00
 2.50000E+01    1.95282E+00
 2.51229E+01    1.91540E+00
 2.52309E+01    1.88324E+00
 2.53258E+01    1.85555E+00
 2.54091E+01    1.83165E+00
 2.55555E+01    1.79057E+00
 2.56659E+01    1.76036E+00
 2.57490E+01    1.73804E+00
 2.58742E+01    1.70509E+00
 2.60000E+01    1.67277E+00
 2.61229E+01    1.64730E+00
 2.62310E+01    1.62534E+00
 2.64212E+01    1.58761E+00
 2.65647E+01    1.55988E+00
 2.66729E+01    1.53941E+00
 2.68359E+01    1.50920E+00
 2.70000E+01    1.47958E+00
 2.71230E+01    1.45344E+00
 2.72311E+01    1.43095E+00
 2.73261E+01    1.41155E+00
 2.74930E+01    1.37823E+00
 2.76189E+01    1.35376E+00
 2.77137E+01    1.33569E+00
 2.78565E+01    1.30904E+00
 2.80000E+01    1.28293E+00
 2.80615E+01    1.25702E+00
 2.81192E+01    1.23320E+00
 2.81735E+01    1.21129E+00
 2.82244E+01    1.19110E+00
 2.82723E+01    1.17248E+00
 2.83172E+01    1.15528E+00
 2.83594E+01    1.13939E+00
 2.84387E+01    1.11018E+00
 2.85083E+01    1.08524E+00
 2.85693E+01    1.06387E+00
 2.86228E+01    1.04552E+00
 2.86697E+01    1.02973E+00
 2.87519E+01    1.00266E+00
 2.88137E+01    9.82823E-01
 2.88602E+01    9.68205E-01
 2.89300E+01    9.46684E-01
 2.90000E+01    9.25642E-01
 2.92468E+01    9.15167E-01
 2.96210E+01    8.99676E-01
 3.00000E+01    8.84447E-01
 3.02430E+01    8.66614E-01
 3.04572E+01    8.51306E-01
 3.06459E+01    8.38133E-01
 3.08120E+01    8.26774E-01
 3.11048E+01    8.07266E-01
 3.13262E+01    7.92937E-01
 3.14933E+01    7.82357E-01
 3.17457E+01    7.66752E-01
 3.20000E+01    7.51458E-01
 3.21215E+01    7.36138E-01
 3.22358E+01    7.22060E-01
 3.23433E+01    7.09106E-01
 3.24445E+01    6.97172E-01
 3.25396E+01    6.86167E-01
 3.26290E+01    6.76008E-01
 3.27130E+01    6.66620E-01
 3.27920E+01    6.57938E-01
 3.29406E+01    6.41962E-01
 3.30712E+01    6.28301E-01
 3.31859E+01    6.16587E-01
 3.32866E+01    6.06516E-01
 3.33750E+01    5.97839E-01
 3.35301E+01    5.82952E-01
 3.36470E+01    5.72031E-01
 3.37349E+01    5.63974E-01
 3.38672E+01    5.52102E-01
 3.40000E+01    5.40479E-01
 3.42438E+01    5.28602E-01
 3.44585E+01    5.18425E-01
 3.46476E+01    5.09680E-01
 3.48138E+01    5.02150E-01
 3.49599E+01    4.95652E-01
 3.52171E+01    4.84482E-01
 3.54112E+01    4.76271E-01
 3.55575E+01    4.70203E-01
 3.57781E+01    4.61247E-01
 3.60000E+01    4.52461E-01
 3.62441E+01    4.45652E-01
 3.64591E+01    4.39777E-01
 3.68384E+01    4.29682E-01
 3.71254E+01    4.22263E-01
 3.73421E+01    4.16784E-01
 3.76696E+01    4.08697E-01
 3.80000E+01    4.00767E-01
 3.81220E+01    3.93449E-01
 3.82368E+01    3.86710E-01
 3.83447E+01    3.80497E-01
 3.84461E+01    3.74763E-01
 3.85414E+01    3.69465E-01
 3.86310E+01    3.64567E-01
 3.87995E+01    3.55558E-01
 3.89476E+01    3.47857E-01
 3.90776E+01    3.41256E-01
 3.91917E+01    3.35583E-01
 3.92919E+01    3.30696E-01
 3.94677E+01    3.22315E-01
 3.96001E+01    3.16170E-01
 3.96997E+01    3.11637E-01
 3.98496E+01    3.04960E-01
 4.00000E+01    2.98426E-01
 4.01222E+01    2.94288E-01
 4.02370E+01    2.90461E-01
 4.04533E+01    2.83418E-01
 4.06435E+01    2.77396E-01
 4.08106E+01    2.72232E-01
 4.09574E+01    2.67793E-01
 4.10863E+01    2.63967E-01
 4.13129E+01    2.57404E-01
 4.14836E+01    2.52589E-01
 4.16121E+01    2.49037E-01
 4.18056E+01    2.43802E-01
 4.20000E+01    2.38678E-01
 4.22449E+01    2.35491E-01
 4.26770E+01    2.30017E-01
 4.30040E+01    2.25995E-01
 4.32509E+01    2.23025E-01
 4.36238E+01    2.18642E-01
 4.40000E+01    2.14346E-01
 4.42452E+01    2.11537E-01
 4.46775E+01    2.06708E-01
 4.50045E+01    2.03159E-01
 4.52513E+01    2.00538E-01
 4.56241E+01    1.96668E-01
 4.60000E+01    1.92874E-01
 4.62454E+01    1.89681E-01
 4.64611E+01    1.86931E-01
 4.66508E+01    1.84557E-01
 4.69845E+01    1.80475E-01
 4.72363E+01    1.77473E-01
 4.74261E+01    1.75254E-01
 4.77122E+01    1.71978E-01
 4.80000E+01    1.68763E-01
 4.81226E+01    1.65141E-01
 4.82379E+01    1.61815E-01
 4.83462E+01    1.58759E-01
 4.84479E+01    1.55945E-01
 4.85435E+01    1.53353E-01
 4.86333E+01    1.50963E-01
 4.87176E+01    1.48755E-01
 4.87968E+01    1.46715E-01
 4.89456E+01    1.42964E-01
 4.90761E+01    1.39761E-01
 4.91907E+01    1.37018E-01
 4.92911E+01    1.34661E-01
 4.93792E+01    1.32633E-01
 4.95337E+01    1.29156E-01
 4.96498E+01    1.26608E-01
 4.97371E+01    1.24731E-01
 4.98684E+01    1.21966E-01
 5.00000E+01    1.19263E-01
 5.02457E+01    1.17845E-01
 5.06787E+01    1.15404E-01
 5.10058E+01    1.13606E-01
 5.15005E+01    1.10962E-01
 5.20000E+01    1.08379E-01
 5.24929E+01    1.06452E-01
 5.28657E+01    1.05028E-01
 5.34299E+01    1.02929E-01
 5.40000E+01    1.00872E-01
 5.44932E+01    9.92039E-02
 5.48661E+01    9.79711E-02
 5.54301E+01    9.61505E-02
 5.60000E+01    9.43638E-02
 5.69912E+01    9.34219E-02
 5.80000E+01    9.24894E-02
 5.82463E+01    9.03171E-02
 5.84627E+01    8.84582E-02
 5.86527E+01    8.68632E-02
 5.88194E+01    8.54911E-02
 5.89657E+01    8.43083E-02
 5.92226E+01    8.22777E-02
 5.94160E+01    8.07869E-02
 5.95615E+01    7.96865E-02
 5.97803E+01    7.80640E-02
 6.00000E+01    7.64746E-02
