# n + Ac226 : (n,2nd)   
# eaf.2010   Manhattan project, site A         EVAL-JUN10
# uncertainties: n
# # energies =    30
#   E(MeV)       xs(mb) 
 1.41976E+01    0.00000E+00
 1.70000E+01    1.98079E-16
 1.80000E+01    4.96666E-12
 1.90000E+01    3.43182E-09
 2.00000E+01    3.07961E-07
 2.10000E+01    9.93025E-06
 2.20000E+01    1.59724E-04
 2.30000E+01    1.51621E-03
 2.40000E+01    9.20705E-03
 2.50000E+01    3.95828E-02
 2.60000E+01    1.33557E-01
 2.70000E+01    3.41273E-01
 2.80000E+01    7.29170E-01
 2.90000E+01    1.32965E+00
 3.00000E+01    2.15376E+00
 3.20000E+01    4.38970E+00
 3.40000E+01    7.01990E+00
 3.60000E+01    9.49216E+00
 3.80000E+01    1.17248E+01
 4.00000E+01    1.31845E+01
 4.20000E+01    1.44021E+01
 4.40000E+01    1.50514E+01
 4.60000E+01    1.58501E+01
 4.80000E+01    1.56660E+01
 5.00000E+01    1.58991E+01
 5.20000E+01    1.57751E+01
 5.40000E+01    1.55081E+01
 5.60000E+01    1.49131E+01
 5.80000E+01    1.48757E+01
 6.00000E+01    1.47098E+01
