# n + Ac226 : (n,2p)    
# eaf.2010   Manhattan project, site A         EVAL-JUN10
# uncertainties: n
# # energies =    33
#   E(MeV)       xs(mb) 
 6.08379E+00    0.00000E+00
 1.45000E+01    2.54373E-17
 1.50000E+01    1.38270E-16
 1.60000E+01    2.17356E-15
 1.70000E+01    2.06648E-14
 1.80000E+01    2.14489E-12
 1.90000E+01    1.37914E-11
 2.00000E+01    1.87225E-10
 2.10000E+01    1.25329E-09
 2.20000E+01    7.26359E-09
 2.30000E+01    3.70149E-08
 2.40000E+01    1.60831E-07
 2.50000E+01    6.19725E-07
 2.60000E+01    2.11155E-06
 2.70000E+01    6.40996E-06
 2.80000E+01    1.70291E-05
 2.90000E+01    4.22882E-05
 3.00000E+01    9.63371E-05
 3.20000E+01    3.82834E-04
 3.40000E+01    1.11329E-03
 3.60000E+01    2.46946E-03
 3.80000E+01    4.34259E-03
 4.00000E+01    7.09704E-03
 4.20000E+01    1.01270E-02
 4.40000E+01    1.24716E-02
 4.60000E+01    1.64829E-02
 4.80000E+01    2.24260E-02
 5.00000E+01    2.09863E-02
 5.20000E+01    2.66339E-02
 5.40000E+01    3.24714E-02
 5.60000E+01    2.61289E-02
 5.80000E+01    3.11606E-02
 6.00000E+01    3.71528E-02
