# n + Ac226 :  n        
# eaf.2010   Manhattan project, site A         EVAL-JUN10
# uncertainties: n
# # energies =    39
#   E(MeV)       xs(mb) 
 1.87067E+00    0.00000E+00
 1.15000E+01    1.17838E-17
 1.20000E+01    6.34119E-16
 1.25000E+01    2.83882E-14
 1.30000E+01    4.59324E-13
 1.35000E+01    4.15735E-12
 1.40000E+01    3.09615E-11
 1.45000E+01    1.64417E-10
 1.50000E+01    7.28929E-10
 1.60000E+01    8.72853E-09
 1.70000E+01    6.18497E-08
 1.80000E+01    2.62305E-07
 1.90000E+01    8.40245E-07
 2.00000E+01    1.98170E-06
 2.10000E+01    3.72586E-06
 2.20000E+01    6.06455E-06
 2.30000E+01    9.06151E-06
 2.40000E+01    1.35345E-05
 2.50000E+01    2.05759E-05
 2.60000E+01    2.99049E-05
 2.70000E+01    4.20428E-05
 2.80000E+01    5.64498E-05
 2.90000E+01    7.01052E-05
 3.00000E+01    8.48875E-05
 3.20000E+01    1.08654E-04
 3.40000E+01    1.42612E-04
 3.60000E+01    1.82708E-04
 3.80000E+01    2.45821E-04
 4.00000E+01    3.12003E-04
 4.20000E+01    4.11744E-04
 4.40000E+01    5.11242E-04
 4.60000E+01    5.85708E-04
 4.80000E+01    5.47007E-04
 5.00000E+01    5.69096E-04
 5.20000E+01    6.15143E-04
 5.40000E+01    6.83844E-04
 5.60000E+01    6.88721E-04
 5.80000E+01    6.83673E-04
 6.00000E+01    5.43807E-04
