# n + Ac226 :  n        
# eaf.2010   Manhattan project, site A         EVAL-JUN10
# uncertainties: n
# # energies =    36
#   E(MeV)       xs(mb) 
 4.10517E+00    0.00000E+00
 1.30000E+01    1.26167E-16
 1.35000E+01    8.88478E-15
 1.40000E+01    2.66428E-13
 1.45000E+01    3.66798E-12
 1.50000E+01    3.40884E-11
 1.60000E+01    9.32424E-10
 1.70000E+01    1.03130E-08
 1.80000E+01    5.88127E-08
 1.90000E+01    2.58802E-07
 2.00000E+01    7.80619E-07
 2.10000E+01    1.99562E-06
 2.20000E+01    4.26933E-06
 2.30000E+01    7.91878E-06
 2.40000E+01    1.35598E-05
 2.50000E+01    2.23163E-05
 2.60000E+01    3.39826E-05
 2.70000E+01    5.17168E-05
 2.80000E+01    7.78928E-05
 2.90000E+01    1.12221E-04
 3.00000E+01    1.58181E-04
 3.20000E+01    2.63173E-04
 3.40000E+01    4.29717E-04
 3.60000E+01    6.76437E-04
 3.80000E+01    1.16879E-03
 4.00000E+01    1.94278E-03
 4.20000E+01    3.15783E-03
 4.40000E+01    4.59921E-03
 4.60000E+01    6.16009E-03
 4.80000E+01    6.43425E-03
 5.00000E+01    7.14405E-03
 5.20000E+01    7.88161E-03
 5.40000E+01    8.62033E-03
 5.60000E+01    8.50757E-03
 5.80000E+01    8.27506E-03
 6.00000E+01    6.42513E-03
