# n + Ac226 : (n,2n)    
# eaf.2010   Manhattan project, site A         EVAL-JUN10
# uncertainties: n
# # energies =    58
#   E(MeV)       xs(mb) 
 5.42270E+00    0.00000E+00
 5.60000E+00    2.07717E+01
 5.80000E+00    1.32224E+02
 6.00000E+00    3.19435E+02
 6.20000E+00    5.33704E+02
 6.40000E+00    7.46767E+02
 6.60000E+00    9.50943E+02
 6.80000E+00    1.14319E+03
 7.00000E+00    1.32662E+03
 7.20000E+00    1.49455E+03
 7.40000E+00    1.64508E+03
 7.60000E+00    1.77908E+03
 7.80000E+00    1.89187E+03
 8.00000E+00    1.98582E+03
 8.50000E+00    2.15507E+03
 9.00000E+00    2.25309E+03
 9.50000E+00    2.30786E+03
 1.00000E+01    2.33883E+03
 1.05000E+01    2.35805E+03
 1.10000E+01    2.37256E+03
 1.15000E+01    2.38507E+03
 1.20000E+01    2.39478E+03
 1.25000E+01    2.40184E+03
 1.30000E+01    2.37597E+03
 1.35000E+01    2.27186E+03
 1.40000E+01    2.08428E+03
 1.45000E+01    1.83232E+03
 1.50000E+01    1.55353E+03
 1.60000E+01    1.05571E+03
 1.70000E+01    7.26959E+02
 1.80000E+01    5.41347E+02
 1.90000E+01    4.42654E+02
 2.00000E+01    3.99919E+02
 2.10000E+01    3.70319E+02
 2.20000E+01    3.49001E+02
 2.30000E+01    3.31940E+02
 2.40000E+01    3.17218E+02
 2.50000E+01    3.04202E+02
 2.60000E+01    2.92424E+02
 2.70000E+01    2.81523E+02
 2.80000E+01    2.72543E+02
 2.90000E+01    2.63969E+02
 3.00000E+01    2.54626E+02
 3.20000E+01    2.40179E+02
 3.40000E+01    2.23548E+02
 3.60000E+01    2.08781E+02
 3.80000E+01    1.94511E+02
 4.00000E+01    1.82024E+02
 4.20000E+01    1.71838E+02
 4.40000E+01    1.61953E+02
 4.60000E+01    1.53632E+02
 4.80000E+01    1.45289E+02
 5.00000E+01    1.38740E+02
 5.20000E+01    1.28687E+02
 5.40000E+01    1.26329E+02
 5.60000E+01    1.18784E+02
 5.80000E+01    1.11363E+02
 6.00000E+01    1.07760E+02
