# n + Ac226 : (n,3n)    
# eaf.2010   Manhattan project, site A         EVAL-JUN10
# uncertainties: n
# # energies =    37
#   E(MeV)       xs(mb) 
 1.21152E+01    0.00000E+00
 1.25000E+01    1.41816E+00
 1.30000E+01    3.18126E+01
 1.35000E+01    1.35173E+02
 1.40000E+01    3.17154E+02
 1.45000E+01    5.59142E+02
 1.50000E+01    8.25600E+02
 1.60000E+01    1.29705E+03
 1.70000E+01    1.59935E+03
 1.80000E+01    1.76872E+03
 1.90000E+01    1.85169E+03
 2.00000E+01    1.83871E+03
 2.10000E+01    1.71024E+03
 2.20000E+01    1.46663E+03
 2.30000E+01    1.17877E+03
 2.40000E+01    9.16318E+02
 2.50000E+01    7.07780E+02
 2.60000E+01    5.63791E+02
 2.70000E+01    4.65099E+02
 2.80000E+01    4.00582E+02
 2.90000E+01    3.57378E+02
 3.00000E+01    3.28916E+02
 3.20000E+01    2.91841E+02
 3.40000E+01    2.66533E+02
 3.60000E+01    2.48487E+02
 3.80000E+01    2.32826E+02
 4.00000E+01    2.20543E+02
 4.20000E+01    2.06689E+02
 4.40000E+01    1.97046E+02
 4.60000E+01    1.85898E+02
 4.80000E+01    1.74623E+02
 5.00000E+01    1.65353E+02
 5.20000E+01    1.58747E+02
 5.40000E+01    1.49165E+02
 5.60000E+01    1.44795E+02
 5.80000E+01    1.37347E+02
 6.00000E+01    1.31334E+02
