# n + Ac226 : (n,f)     
# eaf.2010   Manhattan project, site A         EVAL-JUN10
# uncertainties: n
# # energies =  1160
#   E(MeV)       xs(mb) 
 1.00000E-11    4.02393E+05
 1.02191E-11    3.98056E+05
 1.04359E-11    3.93900E+05
 1.06503E-11    3.89915E+05
 1.08622E-11    3.86093E+05
 1.10715E-11    3.82426E+05
 1.12780E-11    3.78907E+05
 1.14819E-11    3.75529E+05
 1.16828E-11    3.72286E+05
 1.18809E-11    3.69170E+05
 1.22740E-11    3.63209E+05
 1.26544E-11    3.57708E+05
 1.30218E-11    3.52627E+05
 1.33758E-11    3.47928E+05
 1.37165E-11    3.43581E+05
 1.40437E-11    3.39554E+05
 1.43576E-11    3.35822E+05
 1.46582E-11    3.32361E+05
 1.49458E-11    3.29148E+05
 1.52205E-11    3.26164E+05
 1.54826E-11    3.23392E+05
 1.59861E-11    3.18257E+05
 1.64402E-11    3.13832E+05
 1.68480E-11    3.10010E+05
 1.72132E-11    3.06704E+05
 1.75392E-11    3.03840E+05
 1.78295E-11    3.01356E+05
 1.83491E-11    2.97059E+05
 1.87486E-11    2.93877E+05
 1.93643E-11    2.89168E+05
 2.00000E-11    2.84535E+05
 2.05811E-11    2.80489E+05
 2.11411E-11    2.76749E+05
 2.16800E-11    2.73288E+05
 2.21977E-11    2.70083E+05
 2.26942E-11    2.67112E+05
 2.31698E-11    2.64356E+05
 2.36247E-11    2.61799E+05
 2.40593E-11    2.59423E+05
 2.44739E-11    2.57216E+05
 2.52707E-11    2.53129E+05
 2.59891E-11    2.49606E+05
 2.66345E-11    2.46563E+05
 2.72123E-11    2.43931E+05
 2.77281E-11    2.41652E+05
 2.81875E-11    2.39674E+05
 2.90097E-11    2.36254E+05
 2.96421E-11    2.33720E+05
 3.06165E-11    2.29971E+05
 3.16228E-11    2.26282E+05
 3.23153E-11    2.23844E+05
 3.30007E-11    2.21508E+05
 3.36785E-11    2.19267E+05
 3.43484E-11    2.17119E+05
 3.50100E-11    2.15057E+05
 3.56631E-11    2.13079E+05
 3.63075E-11    2.11180E+05
 3.69428E-11    2.09356E+05
 3.75688E-11    2.07604E+05
 3.88120E-11    2.04252E+05
 4.00148E-11    2.01159E+05
 4.11763E-11    1.98302E+05
 4.22958E-11    1.95660E+05
 4.33730E-11    1.93215E+05
 4.44077E-11    1.90951E+05
 4.54002E-11    1.88852E+05
 4.63507E-11    1.86905E+05
 4.72599E-11    1.85099E+05
 4.81285E-11    1.83421E+05
 4.89573E-11    1.81862E+05
 5.05499E-11    1.78974E+05
 5.19858E-11    1.76485E+05
 5.32756E-11    1.74336E+05
 5.44304E-11    1.72476E+05
 5.54614E-11    1.70866E+05
 5.63795E-11    1.69469E+05
 5.80229E-11    1.67052E+05
 5.92867E-11    1.65261E+05
 6.12342E-11    1.62612E+05
 6.32456E-11    1.60006E+05
 6.50828E-11    1.57731E+05
 6.68537E-11    1.55628E+05
 6.85576E-11    1.53682E+05
 7.01944E-11    1.51879E+05
 7.17644E-11    1.50209E+05
 7.32682E-11    1.48659E+05
 7.47066E-11    1.47221E+05
 7.60807E-11    1.45886E+05
 7.73918E-11    1.44645E+05
 7.99114E-11    1.42346E+05
 8.21832E-11    1.40365E+05
 8.42240E-11    1.38654E+05
 8.60512E-11    1.37174E+05
 8.76824E-11    1.35892E+05
 8.91351E-11    1.34780E+05
 9.17354E-11    1.32856E+05
 9.37353E-11    1.31431E+05
 9.68170E-11    1.29323E+05
 1.00000E-10    1.27248E+05
 1.02191E-10    1.25877E+05
 1.04359E-10    1.24562E+05
 1.06503E-10    1.23302E+05
 1.08622E-10    1.22093E+05
 1.10715E-10    1.20934E+05
 1.12781E-10    1.19821E+05
 1.14819E-10    1.18753E+05
 1.16828E-10    1.17727E+05
 1.18809E-10    1.16742E+05
 1.22740E-10    1.14857E+05
 1.26544E-10    1.13117E+05
 1.30218E-10    1.11510E+05
 1.33758E-10    1.10025E+05
 1.37165E-10    1.08650E+05
 1.40437E-10    1.07376E+05
 1.43576E-10    1.06196E+05
 1.46582E-10    1.05102E+05
 1.49458E-10    1.04086E+05
 1.52205E-10    1.03142E+05
 1.54826E-10    1.02265E+05
 1.59861E-10    1.00642E+05
 1.64402E-10    9.92423E+04
 1.68480E-10    9.80337E+04
 1.72132E-10    9.69883E+04
 1.75392E-10    9.60827E+04
 1.78295E-10    9.52973E+04
 1.83491E-10    9.39384E+04
 1.87486E-10    9.29320E+04
 1.93643E-10    9.14429E+04
 2.00000E-10    8.99778E+04
 2.05811E-10    8.86985E+04
 2.11411E-10    8.75158E+04
 2.16800E-10    8.64213E+04
 2.21977E-10    8.54076E+04
 2.26942E-10    8.44681E+04
 2.31698E-10    8.35968E+04
 2.36247E-10    8.27880E+04
 2.40592E-10    8.20369E+04
 2.44739E-10    8.13389E+04
 2.52707E-10    8.00464E+04
 2.59891E-10    7.89323E+04
 2.66345E-10    7.79701E+04
 2.72123E-10    7.71379E+04
 2.77281E-10    7.64170E+04
 2.81875E-10    7.57917E+04
 2.90097E-10    7.47099E+04
 2.96421E-10    7.39087E+04
 3.06165E-10    7.27231E+04
 3.16228E-10    7.15567E+04
 3.23153E-10    7.07858E+04
 3.30007E-10    7.00469E+04
 3.36785E-10    6.93384E+04
 3.43484E-10    6.86590E+04
 3.50100E-10    6.80071E+04
 3.56632E-10    6.73815E+04
 3.63075E-10    6.67809E+04
 3.69428E-10    6.62042E+04
 3.75688E-10    6.56503E+04
 3.88120E-10    6.45903E+04
 4.00148E-10    6.36121E+04
 4.11763E-10    6.27085E+04
 4.22958E-10    6.18730E+04
 4.33730E-10    6.10999E+04
 4.44077E-10    6.03839E+04
 4.54002E-10    5.97202E+04
 4.63507E-10    5.91047E+04
 4.72600E-10    5.85334E+04
 4.81285E-10    5.80028E+04
 4.89573E-10    5.75097E+04
 5.05499E-10    5.65966E+04
 5.19858E-10    5.58095E+04
 5.32756E-10    5.51298E+04
 5.44304E-10    5.45418E+04
 5.54614E-10    5.40325E+04
 5.63795E-10    5.35907E+04
 5.80229E-10    5.28264E+04
 5.92867E-10    5.22603E+04
 6.12342E-10    5.14225E+04
 6.32456E-10    5.05982E+04
 6.50828E-10    4.98789E+04
 6.68537E-10    4.92139E+04
 6.85576E-10    4.85985E+04
 7.01944E-10    4.80285E+04
 7.17644E-10    4.75002E+04
 7.32682E-10    4.70102E+04
 7.47066E-10    4.65555E+04
 7.60807E-10    4.61331E+04
 7.73919E-10    4.57407E+04
 7.99114E-10    4.50138E+04
 8.21832E-10    4.43873E+04
 8.42240E-10    4.38462E+04
 8.60511E-10    4.33782E+04
 8.76824E-10    4.29728E+04
 8.91351E-10    4.26212E+04
 9.17354E-10    4.20128E+04
 9.37353E-10    4.15622E+04
 9.68170E-10    4.08954E+04
 1.00000E-09    4.02393E+04
 1.02190E-09    3.98058E+04
 1.04357E-09    3.93903E+04
 1.06500E-09    3.89920E+04
 1.08618E-09    3.86099E+04
 1.10710E-09    3.82434E+04
 1.12776E-09    3.78916E+04
 1.14813E-09    3.75539E+04
 1.16822E-09    3.72296E+04
 1.18801E-09    3.69181E+04
 1.22732E-09    3.63221E+04
 1.26536E-09    3.57720E+04
 1.30209E-09    3.52639E+04
 1.33749E-09    3.47941E+04
 1.37155E-09    3.43593E+04
 1.40427E-09    3.39567E+04
 1.43565E-09    3.35835E+04
 1.46571E-09    3.32373E+04
 1.49446E-09    3.29160E+04
 1.52193E-09    3.26177E+04
 1.54814E-09    3.23404E+04
 1.59850E-09    3.18269E+04
 1.64391E-09    3.13842E+04
 1.68470E-09    3.10020E+04
 1.72122E-09    3.06713E+04
 1.75382E-09    3.03849E+04
 1.78285E-09    3.01365E+04
 1.83482E-09    2.97066E+04
 1.87479E-09    2.93882E+04
 1.93639E-09    2.89171E+04
 2.00000E-09    2.84535E+04
 2.05810E-09    2.80490E+04
 2.11409E-09    2.76750E+04
 2.16798E-09    2.73290E+04
 2.21973E-09    2.70085E+04
 2.26938E-09    2.67114E+04
 2.31693E-09    2.64359E+04
 2.36242E-09    2.61801E+04
 2.40587E-09    2.59426E+04
 2.44733E-09    2.57220E+04
 2.52701E-09    2.53132E+04
 2.59885E-09    2.49609E+04
 2.66338E-09    2.46566E+04
 2.72116E-09    2.43934E+04
 2.77275E-09    2.41655E+04
 2.81868E-09    2.39677E+04
 2.90091E-09    2.36256E+04
 2.96416E-09    2.33722E+04
 3.06162E-09    2.29972E+04
 3.16228E-09    2.26282E+04
 3.23152E-09    2.23845E+04
 3.30005E-09    2.21508E+04
 3.36782E-09    2.19268E+04
 3.43480E-09    2.17120E+04
 3.50096E-09    2.15058E+04
 3.56627E-09    2.13080E+04
 3.63069E-09    2.11181E+04
 3.69421E-09    2.09358E+04
 3.75681E-09    2.07606E+04
 3.88112E-09    2.04254E+04
 4.00140E-09    2.01161E+04
 4.11754E-09    1.98304E+04
 4.22949E-09    1.95662E+04
 4.33720E-09    1.93217E+04
 4.44067E-09    1.90953E+04
 4.53991E-09    1.88854E+04
 4.63496E-09    1.86908E+04
 4.72588E-09    1.85101E+04
 4.81274E-09    1.83423E+04
 4.89561E-09    1.81864E+04
 5.05487E-09    1.78976E+04
 5.19846E-09    1.76487E+04
 5.32745E-09    1.74337E+04
 5.44294E-09    1.72478E+04
 5.54604E-09    1.70867E+04
 5.63786E-09    1.69470E+04
 5.80220E-09    1.67053E+04
 5.92860E-09    1.65262E+04
 6.12338E-09    1.62613E+04
 6.32456E-09    1.60006E+04
 6.50827E-09    1.57731E+04
 6.68535E-09    1.55628E+04
 6.85573E-09    1.53682E+04
 7.01941E-09    1.51880E+04
 7.17640E-09    1.50209E+04
 7.32677E-09    1.48660E+04
 7.47061E-09    1.47222E+04
 7.60801E-09    1.45886E+04
 7.73912E-09    1.44645E+04
 7.99108E-09    1.42347E+04
 8.21826E-09    1.40366E+04
 8.42233E-09    1.38655E+04
 8.60505E-09    1.37175E+04
 8.76817E-09    1.35893E+04
 8.91344E-09    1.34781E+04
 9.17348E-09    1.32857E+04
 9.37348E-09    1.31432E+04
 9.68167E-09    1.29323E+04
 1.00000E-08    1.27248E+04
 1.02190E-08    1.25877E+04
 1.04357E-08    1.24563E+04
 1.06500E-08    1.23304E+04
 1.08618E-08    1.22095E+04
 1.10710E-08    1.20936E+04
 1.12775E-08    1.19824E+04
 1.14812E-08    1.18756E+04
 1.16821E-08    1.17731E+04
 1.18801E-08    1.16746E+04
 1.22732E-08    1.14861E+04
 1.26535E-08    1.13121E+04
 1.30208E-08    1.11515E+04
 1.33748E-08    1.10029E+04
 1.37154E-08    1.08654E+04
 1.40426E-08    1.07381E+04
 1.43564E-08    1.06201E+04
 1.46570E-08    1.05106E+04
 1.49445E-08    1.04090E+04
 1.52192E-08    1.03147E+04
 1.54813E-08    1.02270E+04
 1.59849E-08    1.00646E+04
 1.64390E-08    9.92460E+03
 1.68469E-08    9.80372E+03
 1.72121E-08    9.69916E+03
 1.75381E-08    9.60858E+03
 1.78284E-08    9.53001E+03
 1.83482E-08    9.39407E+03
 1.87479E-08    9.29339E+03
 1.93638E-08    9.14439E+03
 2.00000E-08    8.99778E+03
 2.05964E-08    8.86655E+03
 2.11328E-08    8.75329E+03
 2.16136E-08    8.65538E+03
 2.20433E-08    8.57061E+03
 2.24263E-08    8.49712E+03
 2.31126E-08    8.37001E+03
 2.36410E-08    8.27594E+03
 2.40453E-08    8.20607E+03
 2.46647E-08    8.10238E+03
 2.53000E-08    8.00000E+03
 2.60154E-08    7.88924E+03
 2.66579E-08    7.79358E+03
 2.72332E-08    7.71083E+03
 2.77467E-08    7.63914E+03
 2.82039E-08    7.57697E+03
 2.90223E-08    7.46937E+03
 2.96517E-08    7.38968E+03
 3.06214E-08    7.27173E+03
 3.16228E-08    7.15567E+03
 3.23152E-08    7.07859E+03
 3.30005E-08    7.00471E+03
 3.36782E-08    6.93387E+03
 3.43480E-08    6.86593E+03
 3.50096E-08    6.80075E+03
 3.56626E-08    6.73820E+03
 3.63069E-08    6.67815E+03
 3.69421E-08    6.62048E+03
 3.75680E-08    6.56510E+03
 3.88112E-08    6.45910E+03
 4.00139E-08    6.36128E+03
 4.11754E-08    6.27092E+03
 4.22948E-08    6.18738E+03
 4.33719E-08    6.11007E+03
 4.44066E-08    6.03847E+03
 4.53990E-08    5.97210E+03
 4.63495E-08    5.91055E+03
 4.72587E-08    5.85342E+03
 4.81272E-08    5.80036E+03
 4.89560E-08    5.75105E+03
 5.05486E-08    5.65973E+03
 5.19845E-08    5.58101E+03
 5.32744E-08    5.51304E+03
 5.44293E-08    5.45424E+03
 5.54603E-08    5.40330E+03
 5.63785E-08    5.35912E+03
 5.80220E-08    5.28268E+03
 5.92860E-08    5.22606E+03
 6.12338E-08    5.14227E+03
 6.32456E-08    5.05982E+03
 6.50827E-08    4.98790E+03
 6.68535E-08    4.92140E+03
 6.85573E-08    4.85985E+03
 7.01941E-08    4.80286E+03
 7.17640E-08    4.75004E+03
 7.32677E-08    4.70104E+03
 7.47060E-08    4.65557E+03
 7.60800E-08    4.61333E+03
 7.73912E-08    4.57409E+03
 7.99107E-08    4.50140E+03
 8.21825E-08    4.43875E+03
 8.42232E-08    4.38464E+03
 8.60504E-08    4.33784E+03
 8.76817E-08    4.29730E+03
 8.91344E-08    4.26214E+03
 9.17348E-08    4.20130E+03
 9.37347E-08    4.15623E+03
 9.68167E-08    4.08955E+03
 1.00000E-07    4.02393E+03
 1.02190E-07    3.98058E+03
 1.04357E-07    3.93904E+03
 1.06500E-07    3.89920E+03
 1.08618E-07    3.86100E+03
 1.10710E-07    3.82434E+03
 1.12775E-07    3.78917E+03
 1.14812E-07    3.75540E+03
 1.16821E-07    3.72297E+03
 1.18800E-07    3.69182E+03
 1.22732E-07    3.63222E+03
 1.26535E-07    3.57721E+03
 1.30208E-07    3.52640E+03
 1.33748E-07    3.47942E+03
 1.37154E-07    3.43594E+03
 1.40426E-07    3.39568E+03
 1.43564E-07    3.35836E+03
 1.46570E-07    3.32374E+03
 1.49445E-07    3.29162E+03
 1.52192E-07    3.26178E+03
 1.54812E-07    3.23405E+03
 1.59849E-07    3.18270E+03
 1.64389E-07    3.13844E+03
 1.68468E-07    3.10021E+03
 1.72120E-07    3.06714E+03
 1.75381E-07    3.03850E+03
 1.78284E-07    3.01366E+03
 1.83482E-07    2.97067E+03
 1.87479E-07    2.93883E+03
 1.93638E-07    2.89171E+03
 2.00000E-07    2.84535E+03
 2.05810E-07    2.80490E+03
 2.11409E-07    2.76750E+03
 2.16797E-07    2.73290E+03
 2.21973E-07    2.70085E+03
 2.26938E-07    2.67114E+03
 2.31693E-07    2.64359E+03
 2.36241E-07    2.61802E+03
 2.40586E-07    2.59427E+03
 2.44732E-07    2.57220E+03
 2.52700E-07    2.53132E+03
 2.59884E-07    2.49609E+03
 2.66337E-07    2.46567E+03
 2.72115E-07    2.43935E+03
 2.77274E-07    2.41655E+03
 2.81868E-07    2.39678E+03
 2.90091E-07    2.36256E+03
 2.96415E-07    2.33722E+03
 3.06161E-07    2.29972E+03
 3.16228E-07    2.26282E+03
 3.23152E-07    2.23845E+03
 3.30005E-07    2.21508E+03
 3.36782E-07    2.19268E+03
 3.43480E-07    2.17120E+03
 3.50096E-07    2.15059E+03
 3.56626E-07    2.13080E+03
 3.63068E-07    2.11182E+03
 3.69421E-07    2.09358E+03
 3.75680E-07    2.07607E+03
 3.88111E-07    2.04255E+03
 4.00139E-07    2.01161E+03
 4.11754E-07    1.98304E+03
 4.22948E-07    1.95662E+03
 4.33719E-07    1.93217E+03
 4.44066E-07    1.90953E+03
 4.53990E-07    1.88854E+03
 4.63495E-07    1.86908E+03
 4.72587E-07    1.85101E+03
 4.81272E-07    1.83423E+03
 4.89560E-07    1.81864E+03
 5.05486E-07    1.78976E+03
 5.19845E-07    1.76487E+03
 5.32744E-07    1.74338E+03
 5.44293E-07    1.72478E+03
 5.54603E-07    1.70867E+03
 5.63785E-07    1.69470E+03
 5.80220E-07    1.67053E+03
 5.92860E-07    1.65263E+03
 6.12338E-07    1.62613E+03
 6.32456E-07    1.60006E+03
 6.50827E-07    1.57731E+03
 6.68535E-07    1.55628E+03
 6.85573E-07    1.53682E+03
 7.01941E-07    1.51880E+03
 7.17640E-07    1.50209E+03
 7.32677E-07    1.48660E+03
 7.47060E-07    1.47222E+03
 7.60800E-07    1.45886E+03
 7.73912E-07    1.44645E+03
 7.99107E-07    1.42347E+03
 8.21825E-07    1.40366E+03
 8.42232E-07    1.38655E+03
 8.60504E-07    1.37175E+03
 8.76817E-07    1.35893E+03
 8.91344E-07    1.34781E+03
 9.17348E-07    1.32857E+03
 9.37347E-07    1.31432E+03
 9.68167E-07    1.29323E+03
 1.00000E-06    1.27248E+03
 1.02190E-06    1.25877E+03
 1.04357E-06    1.24563E+03
 1.06500E-06    1.23304E+03
 1.08618E-06    1.22095E+03
 1.10710E-06    1.20936E+03
 1.12775E-06    1.19824E+03
 1.14812E-06    1.18756E+03
 1.16821E-06    1.17731E+03
 1.18800E-06    1.16746E+03
 1.22732E-06    1.14861E+03
 1.26535E-06    1.13121E+03
 1.30208E-06    1.11515E+03
 1.33748E-06    1.10029E+03
 1.37154E-06    1.08654E+03
 1.40426E-06    1.07381E+03
 1.43564E-06    1.06201E+03
 1.46570E-06    1.05106E+03
 1.49445E-06    1.04090E+03
 1.52192E-06    1.03147E+03
 1.54812E-06    1.02270E+03
 1.59849E-06    1.00646E+03
 1.64389E-06    9.92461E+02
 1.68468E-06    9.80372E+02
 1.72120E-06    9.69916E+02
 1.75381E-06    9.60858E+02
 1.78284E-06    9.53002E+02
 1.83482E-06    9.39408E+02
 1.87479E-06    9.29339E+02
 1.93638E-06    9.14439E+02
 2.00000E-06    8.99778E+02
 2.05810E-06    8.86987E+02
 2.11409E-06    8.75162E+02
 2.16797E-06    8.64218E+02
 2.21973E-06    8.54083E+02
 2.26938E-06    8.44689E+02
 2.31693E-06    8.35976E+02
 2.36241E-06    8.27890E+02
 2.40586E-06    8.20380E+02
 2.44732E-06    8.13401E+02
 2.52700E-06    8.00475E+02
 2.59884E-06    7.89334E+02
 2.66337E-06    7.79712E+02
 2.72115E-06    7.71390E+02
 2.77274E-06    7.64180E+02
 2.81868E-06    7.57927E+02
 2.90091E-06    7.47108E+02
 2.96415E-06    7.39095E+02
 3.06161E-06    7.27236E+02
 3.16228E-06    7.15567E+02
 3.23152E-06    7.07859E+02
 3.30005E-06    7.00471E+02
 3.36782E-06    6.93387E+02
 3.43480E-06    6.86593E+02
 3.50096E-06    6.80075E+02
 3.56626E-06    6.73820E+02
 3.63069E-06    6.67815E+02
 3.69421E-06    6.62048E+02
 3.75680E-06    6.56510E+02
 3.88111E-06    6.45910E+02
 4.00139E-06    6.36128E+02
 4.11753E-06    6.27092E+02
 4.22948E-06    6.18738E+02
 4.33719E-06    6.11007E+02
 4.44066E-06    6.03847E+02
 4.53990E-06    5.97210E+02
 4.63495E-06    5.91055E+02
 4.72587E-06    5.85342E+02
 4.81272E-06    5.80036E+02
 4.89560E-06    5.75105E+02
 5.05486E-06    5.65973E+02
 5.19845E-06    5.58102E+02
 5.32744E-06    5.51304E+02
 5.44293E-06    5.45424E+02
 5.54603E-06    5.40330E+02
 5.63785E-06    5.35912E+02
 5.80220E-06    5.28268E+02
 5.92859E-06    5.22606E+02
 6.12338E-06    5.14227E+02
 6.32456E-06    5.05982E+02
 6.50827E-06    4.98790E+02
 6.68535E-06    4.92139E+02
 6.85573E-06    4.85986E+02
 7.01941E-06    4.80286E+02
 7.17640E-06    4.75004E+02
 7.32677E-06    4.70104E+02
 7.47060E-06    4.65557E+02
 7.60800E-06    4.61333E+02
 7.73912E-06    4.57409E+02
 7.99107E-06    4.50140E+02
 8.21825E-06    4.43875E+02
 8.42232E-06    4.38464E+02
 8.60504E-06    4.33784E+02
 8.76817E-06    4.29730E+02
 8.91344E-06    4.26214E+02
 9.17348E-06    4.20130E+02
 9.37347E-06    4.15623E+02
 9.68167E-06    4.08955E+02
 1.00000E-05    4.02393E+02
 1.02190E-05    3.98058E+02
 1.04357E-05    3.93904E+02
 1.06500E-05    3.89920E+02
 1.08618E-05    3.86100E+02
 1.10710E-05    3.82434E+02
 1.12775E-05    3.78917E+02
 1.14812E-05    3.75540E+02
 1.16821E-05    3.72297E+02
 1.18800E-05    3.69182E+02
 1.22732E-05    3.63222E+02
 1.26535E-05    3.57721E+02
 1.30208E-05    3.52640E+02
 1.33748E-05    3.47942E+02
 1.37154E-05    3.43594E+02
 1.40426E-05    3.39568E+02
 1.43564E-05    3.35836E+02
 1.46570E-05    3.32374E+02
 1.49445E-05    3.29162E+02
 1.52192E-05    3.26178E+02
 1.54812E-05    3.23405E+02
 1.59849E-05    3.18270E+02
 1.64389E-05    3.13844E+02
 1.68468E-05    3.10021E+02
 1.72120E-05    3.06714E+02
 1.75381E-05    3.03850E+02
 1.78284E-05    3.01366E+02
 1.83482E-05    2.97067E+02
 1.87479E-05    2.93883E+02
 1.93638E-05    2.89171E+02
 2.00000E-05    2.84535E+02
 2.05810E-05    2.80490E+02
 2.11409E-05    2.76750E+02
 2.16797E-05    2.73290E+02
 2.21973E-05    2.70085E+02
 2.26938E-05    2.67114E+02
 2.31693E-05    2.64359E+02
 2.36241E-05    2.61802E+02
 2.40586E-05    2.59427E+02
 2.44732E-05    2.57220E+02
 2.52700E-05    2.53132E+02
 2.59884E-05    2.49609E+02
 2.66337E-05    2.46567E+02
 2.72115E-05    2.43935E+02
 2.77274E-05    2.41655E+02
 2.81868E-05    2.39678E+02
 2.90091E-05    2.36256E+02
 2.96415E-05    2.33722E+02
 3.06161E-05    2.29972E+02
 3.16228E-05    2.26282E+02
 3.23152E-05    2.23845E+02
 3.30005E-05    2.21508E+02
 3.36782E-05    2.19268E+02
 3.43480E-05    2.17120E+02
 3.50096E-05    2.15059E+02
 3.56626E-05    2.13080E+02
 3.63069E-05    2.11182E+02
 3.69421E-05    2.09358E+02
 3.75680E-05    2.07607E+02
 3.88112E-05    2.04255E+02
 4.00139E-05    2.01161E+02
 4.11753E-05    1.98304E+02
 4.22948E-05    1.95662E+02
 4.33719E-05    1.93217E+02
 4.44066E-05    1.90953E+02
 4.53990E-05    1.88854E+02
 4.63495E-05    1.86908E+02
 4.72587E-05    1.85101E+02
 4.81272E-05    1.83423E+02
 4.89560E-05    1.81864E+02
 5.05486E-05    1.78976E+02
 5.19845E-05    1.76487E+02
 5.32744E-05    1.74338E+02
 5.44293E-05    1.72478E+02
 5.54603E-05    1.70867E+02
 5.63785E-05    1.69470E+02
 5.80220E-05    1.67053E+02
 5.92860E-05    1.65263E+02
 6.12338E-05    1.62613E+02
 6.32456E-05    1.60006E+02
 6.50827E-05    1.57731E+02
 6.68535E-05    1.55628E+02
 6.85573E-05    1.53682E+02
 7.01941E-05    1.51880E+02
 7.17640E-05    1.50209E+02
 7.32677E-05    1.48660E+02
 7.47060E-05    1.47222E+02
 7.60800E-05    1.45886E+02
 7.73912E-05    1.44645E+02
 7.99107E-05    1.42347E+02
 8.21825E-05    1.40366E+02
 8.42232E-05    1.38655E+02
 8.60504E-05    1.37175E+02
 8.76817E-05    1.35893E+02
 8.91344E-05    1.34781E+02
 9.17348E-05    1.32857E+02
 9.37347E-05    1.31432E+02
 9.68167E-05    1.29323E+02
 1.00000E-04    1.27248E+02
 1.02190E-04    1.25877E+02
 1.04357E-04    1.24563E+02
 1.06500E-04    1.23304E+02
 1.08618E-04    1.22095E+02
 1.10710E-04    1.20936E+02
 1.12775E-04    1.19824E+02
 1.14812E-04    1.18756E+02
 1.16821E-04    1.17731E+02
 1.18800E-04    1.16746E+02
 1.22732E-04    1.14861E+02
 1.26535E-04    1.13121E+02
 1.30208E-04    1.11515E+02
 1.33748E-04    1.10029E+02
 1.37154E-04    1.08654E+02
 1.40426E-04    1.07381E+02
 1.43564E-04    1.06201E+02
 1.46570E-04    1.05106E+02
 1.49445E-04    1.04090E+02
 1.52192E-04    1.03147E+02
 1.54812E-04    1.02270E+02
 1.59849E-04    1.00646E+02
 1.64389E-04    9.92461E+01
 1.68468E-04    9.80372E+01
 1.72120E-04    9.69916E+01
 1.75381E-04    9.60858E+01
 1.78284E-04    9.53002E+01
 1.83482E-04    9.39408E+01
 1.87479E-04    9.29339E+01
 1.93638E-04    9.14439E+01
 2.00000E-04    8.99778E+01
 2.05810E-04    8.86987E+01
 2.11409E-04    8.75162E+01
 2.16797E-04    8.64218E+01
 2.21973E-04    8.54083E+01
 2.26938E-04    8.44689E+01
 2.31693E-04    8.35976E+01
 2.36241E-04    8.27890E+01
 2.40586E-04    8.20380E+01
 2.44732E-04    8.13401E+01
 2.52700E-04    8.00475E+01
 2.59884E-04    7.89334E+01
 2.66337E-04    7.79712E+01
 2.72115E-04    7.71390E+01
 2.77274E-04    7.64180E+01
 2.81868E-04    7.57927E+01
 2.90091E-04    7.47108E+01
 2.96415E-04    7.39095E+01
 3.06161E-04    7.27236E+01
 3.16228E-04    7.15567E+01
 3.23152E-04    7.07859E+01
 3.30005E-04    7.00471E+01
 3.36782E-04    6.93387E+01
 3.43480E-04    6.86593E+01
 3.50096E-04    6.80075E+01
 3.56626E-04    6.73820E+01
 3.63069E-04    6.67815E+01
 3.69421E-04    6.62048E+01
 3.75680E-04    6.56510E+01
 3.88112E-04    6.45910E+01
 4.00139E-04    6.36128E+01
 4.11753E-04    6.27093E+01
 4.22948E-04    6.18738E+01
 4.33719E-04    6.11007E+01
 4.44066E-04    6.03847E+01
 4.53990E-04    5.97210E+01
 4.63495E-04    5.91055E+01
 4.72587E-04    5.85342E+01
 4.81272E-04    5.80036E+01
 4.89560E-04    5.75105E+01
 5.05486E-04    5.65973E+01
 5.19845E-04    5.58102E+01
 5.32744E-04    5.51304E+01
 5.44293E-04    5.45424E+01
 5.54603E-04    5.40330E+01
 5.63785E-04    5.35912E+01
 5.80220E-04    5.28268E+01
 5.92860E-04    5.22606E+01
 6.12338E-04    5.14227E+01
 6.32456E-04    5.05982E+01
 6.50827E-04    4.98790E+01
 6.68535E-04    4.92139E+01
 6.85573E-04    4.85985E+01
 7.01941E-04    4.80286E+01
 7.17640E-04    4.75004E+01
 7.32677E-04    4.70104E+01
 7.47060E-04    4.65557E+01
 7.60800E-04    4.61333E+01
 7.73912E-04    4.57409E+01
 7.99107E-04    4.50140E+01
 8.21825E-04    4.43875E+01
 8.42232E-04    4.38464E+01
 8.60504E-04    4.33784E+01
 8.76817E-04    4.29730E+01
 8.91344E-04    4.26214E+01
 9.17348E-04    4.20130E+01
 9.37347E-04    4.15623E+01
 9.68167E-04    4.08955E+01
 1.00000E-03    4.02393E+01
 1.02190E-03    3.98058E+01
 1.04357E-03    3.93904E+01
 1.06500E-03    3.89920E+01
 1.08618E-03    3.86100E+01
 1.10710E-03    3.82434E+01
 1.12775E-03    3.78917E+01
 1.14812E-03    3.75540E+01
 1.16821E-03    3.72297E+01
 1.18800E-03    3.69182E+01
 1.22732E-03    3.63222E+01
 1.26535E-03    3.57721E+01
 1.30208E-03    3.52640E+01
 1.33748E-03    3.47942E+01
 1.37154E-03    3.43594E+01
 1.40426E-03    3.39568E+01
 1.43564E-03    3.35836E+01
 1.46570E-03    3.32374E+01
 1.49445E-03    3.29162E+01
 1.52192E-03    3.26178E+01
 1.54812E-03    3.23405E+01
 1.59849E-03    3.18270E+01
 1.64389E-03    3.13844E+01
 1.68468E-03    3.10021E+01
 1.72120E-03    3.06714E+01
 1.75381E-03    3.03850E+01
 1.78284E-03    3.01366E+01
 1.83482E-03    2.97067E+01
 1.87479E-03    2.93883E+01
 1.93638E-03    2.89171E+01
 2.00000E-03    2.84535E+01
 2.05810E-03    2.80490E+01
 2.11409E-03    2.76750E+01
 2.16797E-03    2.73290E+01
 2.21973E-03    2.70085E+01
 2.26938E-03    2.67114E+01
 2.31693E-03    2.64359E+01
 2.36241E-03    2.61802E+01
 2.40586E-03    2.59427E+01
 2.44732E-03    2.57220E+01
 2.52700E-03    2.53132E+01
 2.59884E-03    2.49609E+01
 2.66337E-03    2.46567E+01
 2.72115E-03    2.43935E+01
 2.77274E-03    2.41655E+01
 2.81868E-03    2.39678E+01
 2.90091E-03    2.36256E+01
 2.96415E-03    2.33722E+01
 3.06161E-03    2.29972E+01
 3.16228E-03    2.26282E+01
 3.23152E-03    2.23845E+01
 3.30005E-03    2.21508E+01
 3.36782E-03    2.19268E+01
 3.43480E-03    2.17120E+01
 3.50096E-03    2.15059E+01
 3.56626E-03    2.13081E+01
 3.63069E-03    2.11182E+01
 3.69421E-03    2.09358E+01
 3.75680E-03    2.07607E+01
 3.88112E-03    2.04255E+01
 4.00139E-03    2.01161E+01
 4.11753E-03    1.98304E+01
 4.22948E-03    1.95662E+01
 4.33719E-03    1.93217E+01
 4.44066E-03    1.90953E+01
 4.53990E-03    1.88854E+01
 4.63495E-03    1.86908E+01
 4.72587E-03    1.85101E+01
 4.81272E-03    1.83423E+01
 4.89560E-03    1.81864E+01
 5.05486E-03    1.78976E+01
 5.19845E-03    1.76487E+01
 5.32744E-03    1.74338E+01
 5.44293E-03    1.72478E+01
 5.54603E-03    1.70867E+01
 5.63785E-03    1.69470E+01
 5.80220E-03    1.67053E+01
 5.92860E-03    1.65263E+01
 6.12338E-03    1.62613E+01
 6.32456E-03    1.60006E+01
 6.50827E-03    1.57731E+01
 6.68535E-03    1.55628E+01
 6.85573E-03    1.53682E+01
 7.01941E-03    1.51880E+01
 7.17640E-03    1.50209E+01
 7.32677E-03    1.48660E+01
 7.47060E-03    1.47222E+01
 7.60800E-03    1.45886E+01
 7.73912E-03    1.44645E+01
 7.99107E-03    1.42347E+01
 8.21825E-03    1.40366E+01
 8.42232E-03    1.38655E+01
 8.60504E-03    1.37175E+01
 8.76817E-03    1.35893E+01
 8.91344E-03    1.34781E+01
 9.17348E-03    1.32857E+01
 9.37347E-03    1.31432E+01
 9.68167E-03    1.29323E+01
 1.00000E-02    1.27248E+01
 1.02190E-02    1.25877E+01
 1.04357E-02    1.24563E+01
 1.06500E-02    1.23304E+01
 1.08618E-02    1.22095E+01
 1.10710E-02    1.20936E+01
 1.12775E-02    1.19824E+01
 1.14812E-02    1.18756E+01
 1.16821E-02    1.17731E+01
 1.18800E-02    1.16746E+01
 1.22732E-02    1.14861E+01
 1.26535E-02    1.13121E+01
 1.30208E-02    1.11515E+01
 1.33748E-02    1.10029E+01
 1.37154E-02    1.08654E+01
 1.40426E-02    1.07381E+01
 1.43564E-02    1.06201E+01
 1.46570E-02    1.05106E+01
 1.49445E-02    1.04090E+01
 1.52192E-02    1.03147E+01
 1.54812E-02    1.02270E+01
 1.59849E-02    1.00646E+01
 1.64389E-02    9.92461E+00
 1.68468E-02    9.80372E+00
 1.72120E-02    9.69916E+00
 1.75381E-02    9.60858E+00
 1.78284E-02    9.53002E+00
 1.83482E-02    9.39408E+00
 1.87479E-02    9.29340E+00
 1.93638E-02    9.14439E+00
 2.00000E-02    8.99778E+00
 2.05810E-02    8.86987E+00
 2.11409E-02    8.75162E+00
 2.16797E-02    8.64218E+00
 2.21973E-02    8.54083E+00
 2.26938E-02    8.44689E+00
 2.31693E-02    8.35976E+00
 2.36241E-02    8.27890E+00
 2.40586E-02    8.20380E+00
 2.44732E-02    8.13401E+00
 2.52700E-02    8.00475E+00
 2.59884E-02    7.89334E+00
 2.66337E-02    7.79712E+00
 2.72115E-02    7.71390E+00
 2.77274E-02    7.64180E+00
 2.81868E-02    7.57928E+00
 2.90091E-02    7.47108E+00
 2.96415E-02    7.39095E+00
 3.06161E-02    7.27236E+00
 3.16228E-02    7.15567E+00
 3.17945E-02    7.28650E+00
 3.19658E-02    7.41868E+00
 3.21366E-02    7.55220E+00
 3.23071E-02    7.68704E+00
 3.24771E-02    7.82322E+00
 3.26466E-02    7.96071E+00
 3.28157E-02    8.09952E+00
 3.29843E-02    8.23963E+00
 3.31525E-02    8.38105E+00
 3.34888E-02    8.66889E+00
 3.38232E-02    8.96189E+00
 3.41556E-02    9.25999E+00
 3.44859E-02    9.56311E+00
 3.48143E-02    9.87119E+00
 3.51406E-02    1.01841E+01
 3.54647E-02    1.05019E+01
 3.57867E-02    1.08244E+01
 3.61066E-02    1.11515E+01
 3.64242E-02    1.14831E+01
 3.67396E-02    1.18192E+01
 3.70527E-02    1.21596E+01
 3.73636E-02    1.25043E+01
 3.76721E-02    1.28532E+01
 3.79783E-02    1.32061E+01
 3.82822E-02    1.35629E+01
 3.85837E-02    1.39236E+01
 3.88828E-02    1.42881E+01
 3.91794E-02    1.46561E+01
 3.94737E-02    1.50277E+01
 3.97655E-02    1.54026E+01
 4.00549E-02    1.57809E+01
 4.03418E-02    1.61623E+01
 4.06262E-02    1.65467E+01
 4.09081E-02    1.69340E+01
 4.11876E-02    1.73242E+01
 4.14645E-02    1.77170E+01
 4.17389E-02    1.81124E+01
 4.20109E-02    1.85103E+01
 4.22803E-02    1.89104E+01
 4.25471E-02    1.93128E+01
 4.28115E-02    1.97172E+01
 4.30733E-02    2.01236E+01
 4.33326E-02    2.05318E+01
 4.35894E-02    2.09417E+01
 4.38436E-02    2.13532E+01
 4.40954E-02    2.17662E+01
 4.43446E-02    2.21805E+01
 4.45912E-02    2.25961E+01
 4.48354E-02    2.30127E+01
 4.50771E-02    2.34304E+01
 4.53162E-02    2.38489E+01
 4.55529E-02    2.42682E+01
 4.57870E-02    2.46881E+01
 4.62516E-02    2.55362E+01
 4.67061E-02    2.63856E+01
 4.71507E-02    2.72354E+01
 4.75854E-02    2.80847E+01
 4.80103E-02    2.89327E+01
 4.84256E-02    2.97786E+01
 4.88314E-02    3.06216E+01
 4.92277E-02    3.14611E+01
 4.96146E-02    3.22963E+01
 4.99924E-02    3.31265E+01
 5.03611E-02    3.39511E+01
 5.07209E-02    3.47695E+01
 5.10719E-02    3.55811E+01
 5.14143E-02    3.63855E+01
 5.17481E-02    3.71820E+01
 5.20736E-02    3.79703E+01
 5.23909E-02    3.87499E+01
 5.27000E-02    3.95203E+01
 5.30013E-02    4.02813E+01
 5.32948E-02    4.10325E+01
 5.35807E-02    4.17736E+01
 5.38591E-02    4.25043E+01
 5.44026E-02    4.39565E+01
 5.49171E-02    4.53631E+01
 5.54039E-02    4.67225E+01
 5.58642E-02    4.80340E+01
 5.62992E-02    4.92969E+01
 5.67100E-02    5.05110E+01
 5.70980E-02    5.16764E+01
 5.74640E-02    5.27934E+01
 5.78094E-02    5.38624E+01
 5.81350E-02    5.48843E+01
 5.84420E-02    5.58600E+01
 5.90219E-02    5.77362E+01
 5.95340E-02    5.94296E+01
 5.99858E-02    6.09520E+01
 6.03839E-02    6.23161E+01
 6.07344E-02    6.35347E+01
 6.10427E-02    6.46205E+01
 6.15861E-02    6.65654E+01
 6.19969E-02    6.80624E+01
 6.26181E-02    7.03714E+01
 6.32456E-02    7.27586E+01
 6.36999E-02    7.45224E+01
 6.41504E-02    7.63003E+01
 6.45969E-02    7.80919E+01
 6.50395E-02    7.98966E+01
 6.54781E-02    8.17138E+01
 6.59128E-02    8.35430E+01
 6.63435E-02    8.53836E+01
 6.67702E-02    8.72351E+01
 6.71929E-02    8.90968E+01
 6.76117E-02    9.09682E+01
 6.80264E-02    9.28488E+01
 6.84372E-02    9.47379E+01
 6.88439E-02    9.66351E+01
 6.92467E-02    9.85398E+01
 6.96454E-02    1.00451E+02
 7.00402E-02    1.02369E+02
 7.04310E-02    1.04293E+02
 7.08178E-02    1.06222E+02
 7.12007E-02    1.08155E+02
 7.15796E-02    1.10093E+02
 7.19545E-02    1.12035E+02
 7.23255E-02    1.13979E+02
 7.26926E-02    1.15926E+02
 7.34207E-02    1.19857E+02
 7.41330E-02    1.23793E+02
 7.48297E-02    1.27728E+02
 7.55108E-02    1.31660E+02
 7.61765E-02    1.35584E+02
 7.68271E-02    1.39497E+02
 7.74626E-02    1.43396E+02
 7.80833E-02    1.47276E+02
 7.86893E-02    1.51136E+02
 7.92808E-02    1.54971E+02
 7.98581E-02    1.58779E+02
 8.04214E-02    1.62558E+02
 8.09709E-02    1.66304E+02
 8.15067E-02    1.70015E+02
 8.20292E-02    1.73689E+02
 8.25386E-02    1.77324E+02
 8.30351E-02    1.80918E+02
 8.35189E-02    1.84470E+02
 8.39903E-02    1.87976E+02
 8.44494E-02    1.91437E+02
 8.48967E-02    1.94850E+02
 8.53322E-02    1.98215E+02
 8.61823E-02    2.04900E+02
 8.69871E-02    2.11372E+02
 8.77483E-02    2.17625E+02
 8.84680E-02    2.23655E+02
 8.91481E-02    2.29460E+02
 8.97904E-02    2.35039E+02
 9.03968E-02    2.40392E+02
 9.09691E-02    2.45522E+02
 9.15088E-02    2.50430E+02
 9.20177E-02    2.55120E+02
 9.24974E-02    2.59597E+02
 9.34035E-02    2.68205E+02
 9.42037E-02    2.75970E+02
 9.49094E-02    2.82949E+02
 9.55313E-02    2.89200E+02
 9.60788E-02    2.94783E+02
 9.70444E-02    3.04813E+02
 9.77750E-02    3.12560E+02
 9.83266E-02    3.18498E+02
 9.91598E-02    3.27619E+02
 1.00000E-01    3.37000E+02
 2.00000E-01    3.37000E+02
 4.00000E-01    3.37000E+02
 8.00000E-01    3.37000E+02
 1.00000E+00    3.37000E+02
 1.00000E+00    3.29878E+02
 1.00000E+00    3.10617E+02
 1.00000E+00    3.04828E+02
 1.00000E+00    2.94085E+02
 1.00000E+00    2.89097E+02
 1.00000E+00    2.73874E+02
 1.00000E+00    2.67235E+02
 1.00000E+00    2.55585E+02
 1.00000E+00    2.50469E+02
 1.00000E+00    2.41437E+02
 1.00000E+00    2.34746E+02
 1.00000E+00    2.24169E+02
 1.00000E+00    2.19988E+02
 1.00000E+00    2.13972E+02
 1.00000E+00    2.09568E+02
 1.00000E+00    2.00000E+02
 2.00000E+00    2.00000E+02
 4.00000E+00    2.00000E+02
 6.00000E+00    2.00000E+02
 6.00000E+00    2.34117E+02
 6.00000E+00    2.39673E+02
 6.00000E+00    3.32641E+02
 6.00000E+00    3.42469E+02
 6.00000E+00    4.00000E+02
 1.20000E+01    4.00000E+02
 1.40000E+01    4.00000E+02
 1.40000E+01    4.06467E+02
 1.40000E+01    4.17943E+02
 1.40000E+01    4.28249E+02
 1.40000E+01    4.37476E+02
 1.40000E+01    4.45712E+02
 1.40000E+01    4.53045E+02
 1.40000E+01    4.65131E+02
 1.40000E+01    4.74407E+02
 1.40000E+01    4.87579E+02
 1.40000E+01    5.00000E+02
 2.00000E+01    5.00000E+02
 2.11474E+01    4.96114E+02
 2.20510E+01    4.93220E+02
 2.34792E+01    4.88910E+02
 2.50000E+01    4.84638E+02
 2.61659E+01    4.81766E+02
 2.80174E+01    4.77489E+02
 3.00000E+01    4.73250E+02
 3.11787E+01    4.69455E+02
 3.20930E+01    4.66629E+02
 3.35150E+01    4.62421E+02
 3.50000E+01    4.58251E+02
 3.61881E+01    4.54263E+02
 3.71056E+01    4.51295E+02
 3.85256E+01    4.46878E+02
 4.00000E+01    4.42505E+02
 4.14223E+01    4.38920E+02
 4.36512E+01    4.33598E+02
 4.60000E+01    4.28340E+02
 4.79583E+01    4.23581E+02
 5.00000E+01    4.18875E+02
 5.14369E+01    4.15943E+02
 5.36700E+01    4.11585E+02
 5.60000E+01    4.07273E+02
 5.79655E+01    4.04023E+02
 6.00000E+01    4.00799E+02
