# n + Ac226 :  n        
# eaf.2010   Manhattan project, site A         EVAL-JUN10
# uncertainties: n
# # energies =   763
#   E(MeV)       xs(mb) 
 1.00000E-11    1.00000E-17
 2.00000E-11    2.04637E-17
 4.00000E-11    4.18764E-17
 8.00000E-11    8.56948E-17
 1.60000E-10    1.75364E-16
 3.20000E-10    3.58859E-16
 6.40000E-10    7.34360E-16
 1.28000E-09    1.50277E-15
 2.56000E-09    3.07524E-15
 5.12000E-09    6.29308E-15
 1.02400E-08    1.28780E-14
 2.04800E-08    2.63532E-14
 2.53000E-08    3.27838E-14
 5.06000E-08    6.70879E-14
 1.01200E-07    1.37287E-13
 2.02400E-07    2.80940E-13
 4.04800E-07    5.74908E-13
 8.09600E-07    1.17648E-12
 1.61920E-06    2.40751E-12
 3.23840E-06    4.92667E-12
 6.47680E-06    1.00818E-11
 1.29536E-05    2.06311E-11
 2.59072E-05    4.22190E-11
 5.18144E-05    8.63958E-11
 1.03629E-04    1.76798E-10
 2.07258E-04    3.61795E-10
 4.14515E-04    7.40367E-10
 8.29030E-04    1.51507E-09
 1.65806E-03    3.10039E-09
 3.31612E-03    6.34456E-09
 6.63224E-03    1.29833E-08
 1.32645E-02    2.65688E-08
 2.65290E-02    5.43696E-08
 3.75176E-02    7.77765E-08
 4.46162E-02    9.30240E-08
 4.86544E-02    1.01734E-07
 5.30579E-02    1.11261E-07
 5.78601E-02    1.21679E-07
 6.73332E-02    1.42312E-07
 7.54427E-02    1.60053E-07
 8.21595E-02    1.74795E-07
 9.33726E-02    1.99493E-07
 1.06116E-01    2.27681E-07
 1.15720E-01    2.49000E-07
 1.34666E-01    2.91224E-07
 1.50885E-01    3.27528E-07
 1.64319E-01    3.57696E-07
 1.86745E-01    4.08237E-07
 2.12232E-01    4.65919E-07
 2.31440E-01    5.09547E-07
 2.69333E-01    5.95953E-07
 3.01771E-01    6.70244E-07
 3.28638E-01    7.31979E-07
 3.73490E-01    8.35405E-07
 4.24464E-01    9.53445E-07
 4.62881E-01    1.04272E-06
 5.38666E-01    1.21954E-06
 6.03542E-01    1.37157E-06
 6.57276E-01    1.49790E-06
 7.46980E-01    1.70955E-06
 8.48927E-01    1.95110E-06
 9.25762E-01    2.13380E-06
 1.07733E+00    2.49564E-06
 1.20708E+00    2.80674E-06
 1.31455E+00    3.06527E-06
 1.49396E+00    3.49838E-06
 1.69785E+00    3.99269E-06
 1.85152E+00    4.36655E-06
 2.15466E+00    5.10701E-06
 2.41417E+00    5.74364E-06
 2.62911E+00    6.27268E-06
 2.98792E+00    7.15899E-06
 3.39571E+00    8.17053E-06
 3.70305E+00    8.93559E-06
 4.30933E+00    1.04508E-05
 4.82833E+00    1.17536E-05
 5.25821E+00    1.28362E-05
 5.97584E+00    1.46500E-05
 6.79142E+00    1.67200E-05
 7.91039E+00    1.95732E-05
 8.86903E+00    2.20284E-05
 9.66350E+00    2.40699E-05
 1.09906E+01    2.74922E-05
 1.25000E+01    3.14012E-05
 1.25019E+01    3.19233E-05
 1.25038E+01    3.24520E-05
 1.25057E+01    3.29874E-05
 1.25076E+01    3.35294E-05
 1.25095E+01    3.40782E-05
 1.25114E+01    3.46338E-05
 1.25133E+01    3.51962E-05
 1.25151E+01    3.57655E-05
 1.25170E+01    3.63417E-05
 1.25188E+01    3.69249E-05
 1.25207E+01    3.75151E-05
 1.25225E+01    3.81124E-05
 1.25243E+01    3.87168E-05
 1.25262E+01    3.93284E-05
 1.25280E+01    3.99472E-05
 1.25298E+01    4.05732E-05
 1.25316E+01    4.12066E-05
 1.25334E+01    4.18473E-05
 1.25352E+01    4.24954E-05
 1.25370E+01    4.31510E-05
 1.25387E+01    4.38140E-05
 1.25405E+01    4.44846E-05
 1.25423E+01    4.51628E-05
 1.25440E+01    4.58486E-05
 1.25458E+01    4.65421E-05
 1.25475E+01    4.72433E-05
 1.25493E+01    4.79523E-05
 1.25510E+01    4.86691E-05
 1.25527E+01    4.93937E-05
 1.25544E+01    5.01262E-05
 1.25561E+01    5.08667E-05
 1.25578E+01    5.16151E-05
 1.25595E+01    5.23716E-05
 1.25612E+01    5.31361E-05
 1.25629E+01    5.39087E-05
 1.25646E+01    5.46895E-05
 1.25663E+01    5.54785E-05
 1.25679E+01    5.62757E-05
 1.25696E+01    5.70812E-05
 1.25729E+01    5.87204E-05
 1.25762E+01    6.03932E-05
 1.25794E+01    6.21001E-05
 1.25827E+01    6.38414E-05
 1.25859E+01    6.56173E-05
 1.25891E+01    6.74281E-05
 1.25922E+01    6.92742E-05
 1.25954E+01    7.11558E-05
 1.25985E+01    7.30732E-05
 1.26016E+01    7.50267E-05
 1.26046E+01    7.70165E-05
 1.26077E+01    7.90429E-05
 1.26107E+01    8.11062E-05
 1.26137E+01    8.32067E-05
 1.26167E+01    8.53444E-05
 1.26196E+01    8.75198E-05
 1.26225E+01    8.97329E-05
 1.26254E+01    9.19840E-05
 1.26283E+01    9.42734E-05
 1.26312E+01    9.66012E-05
 1.26340E+01    9.89676E-05
 1.26369E+01    1.01373E-04
 1.26396E+01    1.03817E-04
 1.26424E+01    1.06300E-04
 1.26452E+01    1.08823E-04
 1.26479E+01    1.11385E-04
 1.26506E+01    1.13987E-04
 1.26533E+01    1.16628E-04
 1.26560E+01    1.19309E-04
 1.26586E+01    1.22031E-04
 1.26613E+01    1.24792E-04
 1.26639E+01    1.27593E-04
 1.26665E+01    1.30435E-04
 1.26691E+01    1.33317E-04
 1.26716E+01    1.36240E-04
 1.26741E+01    1.39203E-04
 1.26767E+01    1.42206E-04
 1.26791E+01    1.45250E-04
 1.26816E+01    1.48335E-04
 1.26841E+01    1.51461E-04
 1.26865E+01    1.54627E-04
 1.26889E+01    1.57833E-04
 1.26913E+01    1.61081E-04
 1.26937E+01    1.64369E-04
 1.26961E+01    1.67697E-04
 1.26984E+01    1.71067E-04
 1.27008E+01    1.74477E-04
 1.27031E+01    1.77927E-04
 1.27054E+01    1.81418E-04
 1.27076E+01    1.84949E-04
 1.27099E+01    1.88521E-04
 1.27121E+01    1.92133E-04
 1.27144E+01    1.95785E-04
 1.27166E+01    1.99477E-04
 1.27188E+01    2.03209E-04
 1.27209E+01    2.06981E-04
 1.27231E+01    2.10793E-04
 1.27252E+01    2.14644E-04
 1.27274E+01    2.18535E-04
 1.27295E+01    2.22465E-04
 1.27316E+01    2.26434E-04
 1.27336E+01    2.30442E-04
 1.27357E+01    2.34489E-04
 1.27377E+01    2.38575E-04
 1.27398E+01    2.42698E-04
 1.27418E+01    2.46861E-04
 1.27438E+01    2.51061E-04
 1.27458E+01    2.55299E-04
 1.27477E+01    2.59575E-04
 1.27497E+01    2.63888E-04
 1.27516E+01    2.68238E-04
 1.27535E+01    2.72625E-04
 1.27554E+01    2.77049E-04
 1.27573E+01    2.81509E-04
 1.27592E+01    2.86005E-04
 1.27611E+01    2.90537E-04
 1.27629E+01    2.95104E-04
 1.27648E+01    2.99707E-04
 1.27666E+01    3.04345E-04
 1.27684E+01    3.09017E-04
 1.27702E+01    3.13724E-04
 1.27720E+01    3.18465E-04
 1.27737E+01    3.23240E-04
 1.27755E+01    3.28048E-04
 1.27772E+01    3.32890E-04
 1.27789E+01    3.37764E-04
 1.27807E+01    3.42670E-04
 1.27824E+01    3.47609E-04
 1.27857E+01    3.57621E-04
 1.27891E+01    3.67757E-04
 1.27923E+01    3.78016E-04
 1.27955E+01    3.88395E-04
 1.27987E+01    3.98889E-04
 1.28018E+01    4.09496E-04
 1.28049E+01    4.20213E-04
 1.28079E+01    4.31036E-04
 1.28109E+01    4.41963E-04
 1.28138E+01    4.52989E-04
 1.28167E+01    4.64112E-04
 1.28196E+01    4.75327E-04
 1.28224E+01    4.86632E-04
 1.28251E+01    4.98023E-04
 1.28278E+01    5.09496E-04
 1.28305E+01    5.21048E-04
 1.28332E+01    5.32675E-04
 1.28357E+01    5.44374E-04
 1.28383E+01    5.56142E-04
 1.28408E+01    5.67973E-04
 1.28433E+01    5.79866E-04
 1.28457E+01    5.91816E-04
 1.28481E+01    6.03820E-04
 1.28505E+01    6.15874E-04
 1.28528E+01    6.27975E-04
 1.28551E+01    6.40119E-04
 1.28573E+01    6.52302E-04
 1.28595E+01    6.64522E-04
 1.28617E+01    6.76774E-04
 1.28639E+01    6.89055E-04
 1.28660E+01    7.01362E-04
 1.28681E+01    7.13692E-04
 1.28701E+01    7.26040E-04
 1.28721E+01    7.38404E-04
 1.28741E+01    7.50781E-04
 1.28761E+01    7.63167E-04
 1.28780E+01    7.75559E-04
 1.28799E+01    7.87953E-04
 1.28818E+01    8.00348E-04
 1.28836E+01    8.12739E-04
 1.28854E+01    8.25124E-04
 1.28872E+01    8.37500E-04
 1.28890E+01    8.49864E-04
 1.28907E+01    8.62213E-04
 1.28941E+01    8.87050E-04
 1.28974E+01    9.11794E-04
 1.29006E+01    9.36422E-04
 1.29037E+01    9.60915E-04
 1.29067E+01    9.85254E-04
 1.29096E+01    1.00942E-03
 1.29124E+01    1.03339E-03
 1.29151E+01    1.05716E-03
 1.29178E+01    1.08071E-03
 1.29203E+01    1.10402E-03
 1.29228E+01    1.12709E-03
 1.29252E+01    1.14989E-03
 1.29276E+01    1.17241E-03
 1.29298E+01    1.19466E-03
 1.29320E+01    1.21661E-03
 1.29341E+01    1.23826E-03
 1.29362E+01    1.25961E-03
 1.29382E+01    1.28063E-03
 1.29401E+01    1.30134E-03
 1.29420E+01    1.32171E-03
 1.29438E+01    1.34175E-03
 1.29455E+01    1.36146E-03
 1.29489E+01    1.40047E-03
 1.29521E+01    1.43805E-03
 1.29551E+01    1.47420E-03
 1.29579E+01    1.50892E-03
 1.29605E+01    1.54220E-03
 1.29630E+01    1.57408E-03
 1.29653E+01    1.60456E-03
 1.29675E+01    1.63367E-03
 1.29695E+01    1.66144E-03
 1.29714E+01    1.68790E-03
 1.29732E+01    1.71310E-03
 1.29765E+01    1.76135E-03
 1.29795E+01    1.80468E-03
 1.29820E+01    1.84348E-03
 1.29843E+01    1.87810E-03
 1.29862E+01    1.90893E-03
 1.29880E+01    1.93632E-03
 1.29910E+01    1.98521E-03
 1.29932E+01    2.02268E-03
 1.29966E+01    2.08021E-03
 1.30000E+01    2.13938E-03
 1.30038E+01    2.17084E-03
 1.30076E+01    2.20252E-03
 1.30114E+01    2.23440E-03
 1.30189E+01    2.29905E-03
 1.30263E+01    2.36451E-03
 1.30336E+01    2.43076E-03
 1.30407E+01    2.49780E-03
 1.30478E+01    2.56559E-03
 1.30547E+01    2.63412E-03
 1.30616E+01    2.70336E-03
 1.30683E+01    2.77330E-03
 1.30750E+01    2.84392E-03
 1.30815E+01    2.91519E-03
 1.30879E+01    2.98709E-03
 1.30943E+01    3.05960E-03
 1.31005E+01    3.13269E-03
 1.31067E+01    3.20635E-03
 1.31127E+01    3.28054E-03
 1.31187E+01    3.35526E-03
 1.31246E+01    3.43047E-03
 1.31303E+01    3.50615E-03
 1.31360E+01    3.58228E-03
 1.31417E+01    3.65883E-03
 1.31472E+01    3.73578E-03
 1.31526E+01    3.81312E-03
 1.31580E+01    3.89080E-03
 1.31633E+01    3.96882E-03
 1.31685E+01    4.04715E-03
 1.31736E+01    4.12577E-03
 1.31786E+01    4.20464E-03
 1.31836E+01    4.28376E-03
 1.31885E+01    4.36309E-03
 1.31933E+01    4.44262E-03
 1.31980E+01    4.52233E-03
 1.32027E+01    4.60218E-03
 1.32073E+01    4.68216E-03
 1.32118E+01    4.76226E-03
 1.32163E+01    4.84243E-03
 1.32206E+01    4.92268E-03
 1.32250E+01    5.00296E-03
 1.32292E+01    5.08328E-03
 1.32334E+01    5.16359E-03
 1.32375E+01    5.24390E-03
 1.32416E+01    5.32416E-03
 1.32456E+01    5.40437E-03
 1.32495E+01    5.48451E-03
 1.32534E+01    5.56456E-03
 1.32610E+01    5.72558E-03
 1.32684E+01    5.88601E-03
 1.32756E+01    6.04571E-03
 1.32826E+01    6.20455E-03
 1.32893E+01    6.36241E-03
 1.32959E+01    6.51916E-03
 1.33022E+01    6.67470E-03
 1.33083E+01    6.82891E-03
 1.33143E+01    6.98171E-03
 1.33200E+01    7.13298E-03
 1.33256E+01    7.28266E-03
 1.33310E+01    7.43065E-03
 1.33363E+01    7.57688E-03
 1.33414E+01    7.72129E-03
 1.33463E+01    7.86381E-03
 1.33511E+01    8.00438E-03
 1.33557E+01    8.14296E-03
 1.33602E+01    8.27949E-03
 1.33645E+01    8.41394E-03
 1.33688E+01    8.54627E-03
 1.33728E+01    8.67645E-03
 1.33768E+01    8.80445E-03
 1.33845E+01    9.05784E-03
 1.33917E+01    9.30202E-03
 1.33984E+01    9.53692E-03
 1.34047E+01    9.76251E-03
 1.34107E+01    9.97885E-03
 1.34162E+01    1.01860E-02
 1.34214E+01    1.03841E-02
 1.34263E+01    1.05734E-02
 1.34309E+01    1.07539E-02
 1.34352E+01    1.09260E-02
 1.34393E+01    1.10898E-02
 1.34469E+01    1.14036E-02
 1.34535E+01    1.16854E-02
 1.34593E+01    1.19377E-02
 1.34644E+01    1.21630E-02
 1.34688E+01    1.23635E-02
 1.34727E+01    1.25418E-02
 1.34795E+01    1.28598E-02
 1.34846E+01    1.31036E-02
 1.34923E+01    1.34781E-02
 1.35000E+01    1.38632E-02
 1.35077E+01    1.40843E-02
 1.35152E+01    1.43054E-02
 1.35227E+01    1.45264E-02
 1.35300E+01    1.47474E-02
 1.35372E+01    1.49681E-02
 1.35443E+01    1.51886E-02
 1.35584E+01    1.56323E-02
 1.35719E+01    1.60745E-02
 1.35851E+01    1.65148E-02
 1.35979E+01    1.69528E-02
 1.36103E+01    1.73882E-02
 1.36223E+01    1.78207E-02
 1.36339E+01    1.82499E-02
 1.36452E+01    1.86755E-02
 1.36562E+01    1.90974E-02
 1.36668E+01    1.95151E-02
 1.36771E+01    1.99284E-02
 1.36871E+01    2.03372E-02
 1.36967E+01    2.07413E-02
 1.37061E+01    2.11403E-02
 1.37152E+01    2.15342E-02
 1.37240E+01    2.19228E-02
 1.37326E+01    2.23059E-02
 1.37408E+01    2.26835E-02
 1.37489E+01    2.30553E-02
 1.37566E+01    2.34213E-02
 1.37642E+01    2.37814E-02
 1.37715E+01    2.41356E-02
 1.37857E+01    2.48368E-02
 1.37990E+01    2.55127E-02
 1.38114E+01    2.61631E-02
 1.38232E+01    2.67879E-02
 1.38341E+01    2.73871E-02
 1.38445E+01    2.79611E-02
 1.38541E+01    2.85101E-02
 1.38632E+01    2.90346E-02
 1.38717E+01    2.95351E-02
 1.38797E+01    3.00121E-02
 1.38872E+01    3.04663E-02
 1.39012E+01    3.13366E-02
 1.39135E+01    3.21184E-02
 1.39243E+01    3.28185E-02
 1.39338E+01    3.34435E-02
 1.39420E+01    3.40003E-02
 1.39493E+01    3.44950E-02
 1.39619E+01    3.53781E-02
 1.39714E+01    3.60552E-02
 1.39857E+01    3.70953E-02
 1.40000E+01    3.81654E-02
 1.40154E+01    3.89282E-02
 1.40303E+01    3.96817E-02
 1.40447E+01    4.04255E-02
 1.40587E+01    4.11594E-02
 1.40723E+01    4.18831E-02
 1.40855E+01    4.25963E-02
 1.40982E+01    4.32988E-02
 1.41106E+01    4.39903E-02
 1.41226E+01    4.46708E-02
 1.41343E+01    4.53401E-02
 1.41569E+01    4.66654E-02
 1.41781E+01    4.79431E-02
 1.41980E+01    4.91727E-02
 1.42167E+01    5.03540E-02
 1.42342E+01    5.14873E-02
 1.42507E+01    5.25729E-02
 1.42661E+01    5.36114E-02
 1.42806E+01    5.46037E-02
 1.42943E+01    5.55506E-02
 1.43070E+01    5.64532E-02
 1.43190E+01    5.73128E-02
 1.43415E+01    5.89598E-02
 1.43612E+01    6.04398E-02
 1.43785E+01    6.17652E-02
 1.43936E+01    6.29487E-02
 1.44069E+01    6.40029E-02
 1.44301E+01    6.58904E-02
 1.44476E+01    6.73424E-02
 1.44606E+01    6.84524E-02
 1.44803E+01    7.01518E-02
 1.45000E+01    7.18934E-02
 1.45308E+01    7.34452E-02
 1.45596E+01    7.49304E-02
 1.45868E+01    7.63500E-02
 1.46123E+01    7.77054E-02
 1.46362E+01    7.89978E-02
 1.46587E+01    8.02291E-02
 1.47009E+01    8.25895E-02
 1.47380E+01    8.47118E-02
 1.47705E+01    8.66135E-02
 1.47990E+01    8.83125E-02
 1.48240E+01    8.98264E-02
 1.48678E+01    9.25385E-02
 1.49007E+01    9.46262E-02
 1.49255E+01    9.62228E-02
 1.49627E+01    9.86683E-02
 1.50000E+01    1.01176E-01
 1.50606E+01    1.03225E-01
 1.51177E+01    1.05183E-01
 1.51714E+01    1.07053E-01
 1.52219E+01    1.08836E-01
 1.53170E+01    1.12260E-01
 1.54008E+01    1.15344E-01
 1.54744E+01    1.18111E-01
 1.55392E+01    1.20588E-01
 1.55961E+01    1.22797E-01
 1.56460E+01    1.24763E-01
 1.57337E+01    1.28281E-01
 1.57999E+01    1.30983E-01
 1.58996E+01    1.35145E-01
 1.60000E+01    1.39438E-01
 1.70000E+01    1.39129E-01
 1.71219E+01    1.36483E-01
 1.72293E+01    1.34209E-01
 1.73238E+01    1.32250E-01
 1.74069E+01    1.30560E-01
 1.75533E+01    1.27654E-01
 1.76639E+01    1.25516E-01
 1.77474E+01    1.23937E-01
 1.78732E+01    1.21605E-01
 1.80000E+01    1.19317E-01
 1.81221E+01    1.16503E-01
 1.82295E+01    1.14095E-01
 1.83241E+01    1.12030E-01
 1.84073E+01    1.10253E-01
 1.84803E+01    1.08721E-01
 1.86089E+01    1.06092E-01
 1.87059E+01    1.04161E-01
 1.87790E+01    1.02737E-01
 1.88892E+01    1.00636E-01
 1.90000E+01    9.85788E-02
 1.90610E+01    9.65901E-02
 1.91184E+01    9.47621E-02
 1.91723E+01    9.30798E-02
 1.92230E+01    9.15297E-02
 1.92707E+01    9.01000E-02
 1.93155E+01    8.87800E-02
 1.93576E+01    8.75600E-02
 1.94367E+01    8.53175E-02
 1.95063E+01    8.34026E-02
 1.95673E+01    8.17622E-02
 1.96209E+01    8.03534E-02
 1.96679E+01    7.91406E-02
 1.97091E+01    7.80945E-02
 1.97814E+01    7.62969E-02
 1.98358E+01    7.49759E-02
 1.99177E+01    7.30372E-02
 2.00000E+01    7.11486E-02
 2.00611E+01    6.99228E-02
 2.01185E+01    6.87929E-02
 2.01725E+01    6.77501E-02
 2.02233E+01    6.67869E-02
 2.02710E+01    6.58963E-02
 2.03607E+01    6.42583E-02
 2.04395E+01    6.28586E-02
 2.05087E+01    6.16588E-02
 2.05695E+01    6.06278E-02
 2.06228E+01    5.97398E-02
 2.07165E+01    5.82171E-02
 2.07870E+01    5.71005E-02
 2.08401E+01    5.62772E-02
 2.09199E+01    5.50644E-02
 2.10000E+01    5.38777E-02
 2.10611E+01    5.28203E-02
 2.11186E+01    5.18479E-02
 2.11727E+01    5.09525E-02
 2.12235E+01    5.01272E-02
 2.12712E+01    4.93655E-02
 2.13160E+01    4.86620E-02
 2.13581E+01    4.80116E-02
 2.14373E+01    4.68153E-02
 2.15069E+01    4.57931E-02
 2.15679E+01    4.49170E-02
 2.16214E+01    4.41641E-02
 2.16684E+01    4.35157E-02
 2.17508E+01    4.24039E-02
 2.18129E+01    4.15887E-02
 2.18595E+01    4.09876E-02
 2.19296E+01    4.01022E-02
 2.20000E+01    3.92359E-02
 2.20612E+01    3.83350E-02
 2.21187E+01    3.75091E-02
 2.21728E+01    3.67510E-02
 2.22236E+01    3.60543E-02
 2.22714E+01    3.54130E-02
 2.23162E+01    3.48223E-02
 2.23584E+01    3.42774E-02
 2.23979E+01    3.37743E-02
 2.24351E+01    3.33093E-02
 2.25049E+01    3.24547E-02
 2.25662E+01    3.17250E-02
 2.26200E+01    3.10999E-02
 2.26672E+01    3.05631E-02
 2.27085E+01    3.01010E-02
 2.27810E+01    2.93090E-02
 2.28356E+01    2.87287E-02
 2.28766E+01    2.83011E-02
 2.29382E+01    2.76715E-02
 2.30000E+01    2.70560E-02
 2.30613E+01    2.63697E-02
 2.31188E+01    2.57422E-02
 2.31730E+01    2.51674E-02
 2.32238E+01    2.46402E-02
 2.32716E+01    2.41560E-02
 2.33164E+01    2.37107E-02
 2.33586E+01    2.33007E-02
 2.33982E+01    2.29228E-02
 2.34353E+01    2.25740E-02
 2.34702E+01    2.22519E-02
 2.35030E+01    2.19541E-02
 2.35646E+01    2.14064E-02
 2.36186E+01    2.09383E-02
 2.36659E+01    2.05372E-02
 2.37074E+01    2.01926E-02
 2.37438E+01    1.98957E-02
 2.38076E+01    1.93867E-02
 2.38555E+01    1.90135E-02
 2.38916E+01    1.87383E-02
 2.39457E+01    1.83330E-02
 2.40000E+01    1.79365E-02
 2.40613E+01    1.75382E-02
 2.41189E+01    1.71728E-02
 2.41731E+01    1.68371E-02
 2.42239E+01    1.65284E-02
 2.42717E+01    1.62442E-02
 2.43166E+01    1.59821E-02
 2.43588E+01    1.57403E-02
 2.43984E+01    1.55169E-02
 2.44728E+01    1.51065E-02
 2.45381E+01    1.47564E-02
 2.45953E+01    1.44566E-02
 2.46456E+01    1.41994E-02
 2.46896E+01    1.39780E-02
 2.47282E+01    1.37872E-02
 2.47959E+01    1.34595E-02
 2.48467E+01    1.32188E-02
 2.48850E+01    1.30411E-02
 2.49424E+01    1.27791E-02
 2.50000E+01    1.25223E-02
 2.50614E+01    1.22742E-02
 2.51190E+01    1.20460E-02
 2.51732E+01    1.18360E-02
 2.52241E+01    1.16424E-02
 2.52719E+01    1.14638E-02
 2.53168E+01    1.12989E-02
 2.53590E+01    1.11464E-02
 2.54382E+01    1.08660E-02
 2.55078E+01    1.06264E-02
 2.55688E+01    1.04212E-02
 2.56223E+01    1.02448E-02
 2.56692E+01    1.00930E-02
 2.57515E+01    9.83261E-03
 2.58134E+01    9.64176E-03
 2.58599E+01    9.50106E-03
 2.59299E+01    9.29384E-03
 2.60000E+01    9.09115E-03
 2.60614E+01    8.96741E-03
 2.61769E+01    8.73992E-03
 2.62784E+01    8.54560E-03
 2.63675E+01    8.37912E-03
 2.64458E+01    8.23611E-03
 2.65144E+01    8.11299E-03
 2.65747E+01    8.00676E-03
 2.66804E+01    7.82420E-03
 2.67599E+01    7.69002E-03
 2.68797E+01    7.49305E-03
 2.70000E+01    7.30112E-03
 2.80000E+01    7.33771E-03
 2.82467E+01    7.51029E-03
 2.86209E+01    7.77680E-03
 2.90000E+01    8.05277E-03
 2.90615E+01    8.20514E-03
 2.91193E+01    8.35060E-03
 2.91736E+01    8.48931E-03
 2.92246E+01    8.62144E-03
 2.93204E+01    8.87476E-03
 2.94045E+01    9.10251E-03
 2.94783E+01    9.30658E-03
 2.95430E+01    9.48890E-03
 2.95997E+01    9.65135E-03
 2.96993E+01    9.94236E-03
 2.97742E+01    1.01664E-02
 2.98305E+01    1.03377E-02
 2.99151E+01    1.06000E-02
 3.00000E+01    1.08691E-02
 3.01213E+01    1.11880E-02
 3.02354E+01    1.14954E-02
 3.03428E+01    1.17913E-02
 3.04438E+01    1.20756E-02
 3.05388E+01    1.23484E-02
 3.06281E+01    1.26097E-02
 3.07121E+01    1.28597E-02
 3.07911E+01    1.30985E-02
 3.08653E+01    1.33265E-02
 3.09350E+01    1.35438E-02
 3.10662E+01    1.39609E-02
 3.11814E+01    1.43364E-02
 3.12826E+01    1.46732E-02
 3.13713E+01    1.49744E-02
 3.14492E+01    1.52430E-02
 3.15176E+01    1.54820E-02
 3.16375E+01    1.59092E-02
 3.17277E+01    1.62374E-02
 3.17956E+01    1.64880E-02
 3.18976E+01    1.68711E-02
 3.20000E+01    1.72631E-02
 3.21215E+01    1.77487E-02
 3.22358E+01    1.82163E-02
 3.23433E+01    1.86658E-02
 3.24445E+01    1.90974E-02
 3.25396E+01    1.95110E-02
 3.26290E+01    1.99069E-02
 3.27130E+01    2.02853E-02
 3.27920E+01    2.06467E-02
 3.28662E+01    2.09913E-02
 3.29360E+01    2.13195E-02
 3.30671E+01    2.19489E-02
 3.31823E+01    2.25149E-02
 3.32834E+01    2.30221E-02
 3.33722E+01    2.34752E-02
 3.34500E+01    2.38790E-02
 3.35867E+01    2.46025E-02
 3.36895E+01    2.51594E-02
 3.37669E+01    2.55854E-02
 3.38832E+01    2.62379E-02
 3.40000E+01    2.69070E-02
 3.42438E+01    2.75141E-02
 3.44585E+01    2.80566E-02
 3.48376E+01    2.90317E-02
 3.51246E+01    2.97853E-02
 3.53415E+01    3.03632E-02
 3.56692E+01    3.12513E-02
 3.60000E+01    3.21653E-02
 3.64899E+01    3.31388E-02
 3.68617E+01    3.38881E-02
 3.74265E+01    3.50441E-02
 3.80000E+01    3.62395E-02
 4.00000E+01    3.63189E-02
 4.04909E+01    3.59242E-02
 4.12385E+01    3.53403E-02
 4.20000E+01    3.47658E-02
 4.22449E+01    3.42575E-02
 4.24604E+01    3.38188E-02
 4.28402E+01    3.30645E-02
 4.31273E+01    3.25099E-02
 4.33438E+01    3.21001E-02
 4.36707E+01    3.14950E-02
 4.40000E+01    3.09013E-02
 4.44917E+01    3.05662E-02
 4.52396E+01    3.00703E-02
 4.60000E+01    2.95825E-02
 4.80000E+01    2.98519E-02
 5.00000E+01    3.07201E-02
 5.02457E+01    3.00770E-02
 5.04617E+01    2.95254E-02
 5.06515E+01    2.90511E-02
 5.08181E+01    2.86422E-02
 5.11111E+01    2.79406E-02
 5.13319E+01    2.74257E-02
 5.14981E+01    2.70458E-02
 5.17484E+01    2.64857E-02
 5.20000E+01    2.59372E-02
 5.40000E+01    2.61962E-02
 5.60000E+01    2.58043E-02
 5.69912E+01    2.65531E-02
 5.80000E+01    2.73236E-02
 5.82463E+01    2.66733E-02
 5.84627E+01    2.61170E-02
 5.86527E+01    2.56398E-02
 5.88194E+01    2.52294E-02
 5.89657E+01    2.48757E-02
 5.92226E+01    2.42686E-02
 5.94160E+01    2.38230E-02
 5.95615E+01    2.34942E-02
 5.97803E+01    2.30094E-02
 6.00000E+01    2.25347E-02
