# n + Ac226 :  n        
# eaf.2010   Manhattan project, site A         EVAL-JUN10
# uncertainties: n
# # energies =    29
#   E(MeV)       xs(mb) 
 3.51118E+00    0.00000E+00
 1.80000E+01    8.23538E-11
 1.90000E+01    1.44689E-04
 2.00000E+01    7.52670E-03
 2.10000E+01    5.99167E-02
 2.20000E+01    2.05401E-01
 2.30000E+01    4.74525E-01
 2.40000E+01    7.81424E-01
 2.50000E+01    1.03190E+00
 2.60000E+01    1.23415E+00
 2.70000E+01    1.33372E+00
 2.80000E+01    1.34047E+00
 2.90000E+01    1.21556E+00
 3.00000E+01    1.38927E+00
 3.20000E+01    2.17209E-01
 3.40000E+01    1.52838E-01
 3.60000E+01    2.40057E-01
 3.80000E+01    3.02140E-01
 4.00000E+01    3.35249E-01
 4.20000E+01    4.25204E-01
 4.40000E+01    4.99168E-01
 4.60000E+01    5.19722E-01
 4.80000E+01    4.90715E-01
 5.00000E+01    4.48279E-01
 5.20000E+01    4.51216E-01
 5.40000E+01    4.24006E-01
 5.60000E+01    4.01145E-01
 5.80000E+01    2.96981E-01
 6.00000E+01    2.95771E-01
