# n + Ac226 : (n,na)    
# eaf.2010   Manhattan project, site A         EVAL-JUN10
# uncertainties: n
# # energies =  1055
#   E(MeV)       xs(mb) 
 1.00000E-11    1.00000E-17
 2.00000E-11    1.00000E-17
 4.00000E-11    1.00000E-17
 8.00000E-11    1.00000E-17
 1.60000E-10    1.00000E-17
 3.20000E-10    1.00000E-17
 6.40000E-10    1.00000E-17
 1.28000E-09    1.00000E-17
 2.56000E-09    1.00000E-17
 5.12000E-09    1.00000E-17
 1.02400E-08    1.00000E-17
 2.04800E-08    1.00000E-17
 2.53000E-08    1.00000E-17
 5.06000E-08    1.00000E-17
 7.60728E-08    1.00000E-17
 1.52146E-07    1.00000E-17
 3.04291E-07    1.00000E-17
 3.80364E-07    1.00000E-17
 7.60728E-07    1.00000E-17
 1.00000E-06    1.00000E-17
 2.00000E-06    1.00000E-17
 4.00000E-06    1.00000E-17
 8.00000E-06    1.00000E-17
 1.60000E-05    1.00000E-17
 3.20000E-05    1.00000E-17
 6.40000E-05    1.00000E-17
 1.28000E-04    1.00000E-17
 2.56000E-04    1.00000E-17
 5.12000E-04    1.00000E-17
 1.00000E-03    1.00000E-17
 2.00000E-03    1.00000E-17
 4.00000E-03    1.00000E-17
 5.00000E-03    1.00000E-17
 1.00000E-02    1.00000E-17
 2.00000E-02    1.00000E-17
 4.00000E-02    1.00000E-17
 5.00000E-02    1.00000E-17
 1.00000E-01    1.00000E-17
 2.00000E-01    1.00000E-17
 3.00000E-01    1.00000E-17
 4.00000E-01    1.00000E-17
 5.00000E-01    2.45930E-10
 6.00000E-01    6.11637E-08
 6.05809E-01    8.04077E-08
 6.08551E-01    9.14086E-08
 6.09883E-01    9.72661E-08
 6.10212E-01    9.87643E-08
 6.10539E-01    1.00280E-07
 6.10865E-01    1.01812E-07
 6.11190E-01    1.03362E-07
 6.11514E-01    1.04929E-07
 6.11837E-01    1.06513E-07
 6.12159E-01    1.08116E-07
 6.12480E-01    1.09736E-07
 6.12799E-01    1.11373E-07
 6.13118E-01    1.13029E-07
 6.13435E-01    1.14703E-07
 6.13752E-01    1.16394E-07
 6.14067E-01    1.18104E-07
 6.14381E-01    1.19832E-07
 6.14695E-01    1.21579E-07
 6.15007E-01    1.23344E-07
 6.15629E-01    1.26937E-07
 6.16247E-01    1.30606E-07
 6.16861E-01    1.34350E-07
 6.17471E-01    1.38172E-07
 6.18076E-01    1.42071E-07
 6.18677E-01    1.46048E-07
 6.19274E-01    1.50104E-07
 6.19868E-01    1.54240E-07
 6.20457E-01    1.58457E-07
 6.21042E-01    1.62754E-07
 6.21623E-01    1.67132E-07
 6.22199E-01    1.71593E-07
 6.22773E-01    1.76137E-07
 6.23342E-01    1.80764E-07
 6.23907E-01    1.85476E-07
 6.24468E-01    1.90271E-07
 6.25025E-01    1.95152E-07
 6.25579E-01    2.00118E-07
 6.26128E-01    2.05171E-07
 6.26674E-01    2.10310E-07
 6.27216E-01    2.15536E-07
 6.27754E-01    2.20850E-07
 6.28289E-01    2.26251E-07
 6.28819E-01    2.31741E-07
 6.29346E-01    2.37320E-07
 6.29870E-01    2.42988E-07
 6.30389E-01    2.48745E-07
 6.30905E-01    2.54592E-07
 6.31418E-01    2.60530E-07
 6.31927E-01    2.66557E-07
 6.32432E-01    2.72676E-07
 6.32934E-01    2.78885E-07
 6.33432E-01    2.85186E-07
 6.33927E-01    2.91578E-07
 6.34418E-01    2.98062E-07
 6.34906E-01    3.04638E-07
 6.35390E-01    3.11305E-07
 6.35871E-01    3.18065E-07
 6.36348E-01    3.24917E-07
 6.36823E-01    3.31862E-07
 6.37293E-01    3.38898E-07
 6.37761E-01    3.46028E-07
 6.38225E-01    3.53250E-07
 6.38686E-01    3.60564E-07
 6.39143E-01    3.67971E-07
 6.39598E-01    3.75470E-07
 6.40049E-01    3.83062E-07
 6.40496E-01    3.90746E-07
 6.40941E-01    3.98523E-07
 6.41383E-01    4.06391E-07
 6.41821E-01    4.14352E-07
 6.42256E-01    4.22405E-07
 6.42688E-01    4.30549E-07
 6.43117E-01    4.38785E-07
 6.43543E-01    4.47113E-07
 6.43966E-01    4.55531E-07
 6.44386E-01    4.64041E-07
 6.44803E-01    4.72641E-07
 6.45217E-01    4.81331E-07
 6.45628E-01    4.90111E-07
 6.46036E-01    4.98981E-07
 6.46441E-01    5.07941E-07
 6.46843E-01    5.16989E-07
 6.47242E-01    5.26126E-07
 6.47639E-01    5.35351E-07
 6.48032E-01    5.44664E-07
 6.48423E-01    5.54064E-07
 6.48811E-01    5.63552E-07
 6.49196E-01    5.73125E-07
 6.49578E-01    5.82785E-07
 6.49957E-01    5.92530E-07
 6.50334E-01    6.02360E-07
 6.50708E-01    6.12274E-07
 6.51080E-01    6.22272E-07
 6.51448E-01    6.32353E-07
 6.51814E-01    6.42517E-07
 6.52177E-01    6.52763E-07
 6.52538E-01    6.63091E-07
 6.52896E-01    6.73499E-07
 6.53251E-01    6.83987E-07
 6.53604E-01    6.94555E-07
 6.53955E-01    7.05202E-07
 6.54302E-01    7.15926E-07
 6.54648E-01    7.26728E-07
 6.54990E-01    7.37607E-07
 6.55330E-01    7.48562E-07
 6.55668E-01    7.59592E-07
 6.56003E-01    7.70697E-07
 6.56336E-01    7.81875E-07
 6.56997E-01    8.04539E-07
 6.57648E-01    8.27490E-07
 6.58290E-01    8.50722E-07
 6.58922E-01    8.74228E-07
 6.59545E-01    8.98001E-07
 6.60159E-01    9.22034E-07
 6.60763E-01    9.46319E-07
 6.61359E-01    9.70850E-07
 6.61946E-01    9.95618E-07
 6.62525E-01    1.02062E-06
 6.63094E-01    1.04584E-06
 6.63656E-01    1.07127E-06
 6.64209E-01    1.09691E-06
 6.64754E-01    1.12275E-06
 6.65291E-01    1.14879E-06
 6.65820E-01    1.17500E-06
 6.66341E-01    1.20139E-06
 6.66854E-01    1.22794E-06
 6.67359E-01    1.25466E-06
 6.67858E-01    1.28152E-06
 6.68348E-01    1.30853E-06
 6.68832E-01    1.33567E-06
 6.69308E-01    1.36293E-06
 6.69777E-01    1.39031E-06
 6.70239E-01    1.41780E-06
 6.70694E-01    1.44540E-06
 6.71142E-01    1.47308E-06
 6.71584E-01    1.50085E-06
 6.72019E-01    1.52871E-06
 6.72448E-01    1.55662E-06
 6.72870E-01    1.58460E-06
 6.73285E-01    1.61264E-06
 6.73695E-01    1.64072E-06
 6.74098E-01    1.66884E-06
 6.74495E-01    1.69699E-06
 6.74887E-01    1.72516E-06
 6.75272E-01    1.75335E-06
 6.75652E-01    1.78156E-06
 6.76026E-01    1.80976E-06
 6.76394E-01    1.83796E-06
 6.76756E-01    1.86614E-06
 6.77113E-01    1.89431E-06
 6.77465E-01    1.92246E-06
 6.77812E-01    1.95057E-06
 6.78494E-01    2.00712E-06
 6.79156E-01    2.06347E-06
 6.79798E-01    2.11956E-06
 6.80421E-01    2.17536E-06
 6.81024E-01    2.23081E-06
 6.81609E-01    2.28588E-06
 6.82177E-01    2.34053E-06
 6.82727E-01    2.39471E-06
 6.83260E-01    2.44839E-06
 6.83777E-01    2.50154E-06
 6.84278E-01    2.55414E-06
 6.84764E-01    2.60614E-06
 6.85235E-01    2.65753E-06
 6.85692E-01    2.70827E-06
 6.86135E-01    2.75836E-06
 6.86564E-01    2.80776E-06
 6.86980E-01    2.85647E-06
 6.87383E-01    2.90445E-06
 6.87774E-01    2.95171E-06
 6.88152E-01    2.99822E-06
 6.88520E-01    3.04398E-06
 6.88875E-01    3.08897E-06
 6.89566E-01    3.17805E-06
 6.90213E-01    3.26389E-06
 6.90821E-01    3.34647E-06
 6.91391E-01    3.42579E-06
 6.91926E-01    3.50185E-06
 6.92428E-01    3.57469E-06
 6.92899E-01    3.64436E-06
 6.93340E-01    3.71090E-06
 6.93755E-01    3.77439E-06
 6.94143E-01    3.83490E-06
 6.94508E-01    3.89251E-06
 6.95192E-01    4.00286E-06
 6.95791E-01    4.10198E-06
 6.96316E-01    4.19073E-06
 6.96775E-01    4.26995E-06
 6.97178E-01    4.34050E-06
 6.97882E-01    4.46678E-06
 6.98411E-01    4.56389E-06
 6.98808E-01    4.63811E-06
 6.99404E-01    4.75170E-06
 7.00000E-01    4.86808E-06
 7.02927E-01    4.97702E-06
 7.05774E-01    5.08488E-06
 7.08544E-01    5.19160E-06
 7.11237E-01    5.29713E-06
 7.13856E-01    5.40139E-06
 7.16402E-01    5.50436E-06
 7.18877E-01    5.60598E-06
 7.21283E-01    5.70621E-06
 7.23621E-01    5.80502E-06
 7.25894E-01    5.90238E-06
 7.28103E-01    5.99824E-06
 7.32400E-01    6.18844E-06
 7.36453E-01    6.37222E-06
 7.40272E-01    6.54948E-06
 7.43871E-01    6.72012E-06
 7.47261E-01    6.88414E-06
 7.50453E-01    7.04154E-06
 7.53457E-01    7.19237E-06
 7.56285E-01    7.33671E-06
 7.58946E-01    7.47465E-06
 7.61449E-01    7.60633E-06
 7.63803E-01    7.73189E-06
 7.68237E-01    7.97291E-06
 7.72137E-01    8.18997E-06
 7.75566E-01    8.38473E-06
 7.78579E-01    8.55894E-06
 7.81225E-01    8.71435E-06
 7.83548E-01    8.85264E-06
 7.87629E-01    9.09995E-06
 7.90703E-01    9.28996E-06
 7.95338E-01    9.58244E-06
 8.00000E-01    9.88412E-06
 8.11865E-01    1.01817E-05
 8.22392E-01    1.04494E-05
 8.31715E-01    1.06894E-05
 8.48284E-01    1.11227E-05
 8.60928E-01    1.14592E-05
 8.70534E-01    1.17182E-05
 8.85144E-01    1.21178E-05
 9.00000E-01    1.25310E-05
 1.00000E+00    1.38788E-05
 1.04664E+00    1.43015E-05
 1.08303E+00    1.46270E-05
 1.14002E+00    1.51292E-05
 1.20000E+00    1.56486E-05
 1.40000E+00    1.82990E-05
 1.44752E+00    1.91105E-05
 1.48422E+00    1.97426E-05
 1.54103E+00    2.07303E-05
 1.60000E+00    2.17673E-05
 1.64781E+00    2.27125E-05
 1.68461E+00    2.34482E-05
 1.74135E+00    2.45967E-05
 1.80000E+00    2.58015E-05
 1.82386E+00    2.64770E-05
 1.84500E+00    2.70825E-05
 1.88259E+00    2.81758E-05
 1.91128E+00    2.90245E-05
 1.93308E+00    2.96779E-05
 1.96626E+00    3.06855E-05
 2.00000E+00    3.17274E-05
 2.02397E+00    3.26569E-05
 2.04518E+00    3.34925E-05
 2.06392E+00    3.42412E-05
 2.08046E+00    3.49100E-05
 2.10972E+00    3.61120E-05
 2.13194E+00    3.70406E-05
 2.14875E+00    3.77527E-05
 2.17423E+00    3.88465E-05
 2.20000E+00    3.99721E-05
 2.21200E+00    4.07185E-05
 2.22330E+00    4.14310E-05
 2.24466E+00    4.28006E-05
 2.26351E+00    4.40361E-05
 2.28014E+00    4.51463E-05
 2.29479E+00    4.61408E-05
 2.30768E+00    4.70288E-05
 2.33042E+00    4.86243E-05
 2.34763E+00    4.98563E-05
 2.36061E+00    5.08007E-05
 2.38022E+00    5.22511E-05
 2.40000E+00    5.37428E-05
 2.41204E+00    5.49863E-05
 2.42338E+00    5.61782E-05
 2.43405E+00    5.73190E-05
 2.44411E+00    5.84096E-05
 2.45357E+00    5.94509E-05
 2.46248E+00    6.04439E-05
 2.47926E+00    6.23508E-05
 2.49404E+00    6.40686E-05
 2.50705E+00    6.56104E-05
 2.51848E+00    6.69899E-05
 2.52853E+00    6.82208E-05
 2.54621E+00    7.04295E-05
 2.55955E+00    7.21328E-05
 2.56961E+00    7.34372E-05
 2.58476E+00    7.54382E-05
 2.60000E+00    7.74938E-05
 2.61207E+00    7.94649E-05
 2.62344E+00    8.13583E-05
 2.63414E+00    8.31743E-05
 2.64421E+00    8.49136E-05
 2.65369E+00    8.65772E-05
 2.66261E+00    8.81664E-05
 2.67099E+00    8.96828E-05
 2.67888E+00    9.11281E-05
 2.69373E+00    9.39011E-05
 2.70679E+00    9.63966E-05
 2.71827E+00    9.86345E-05
 2.72835E+00    1.00635E-04
 2.73721E+00    1.02419E-04
 2.75277E+00    1.05617E-04
 2.76450E+00    1.08081E-04
 2.77333E+00    1.09967E-04
 2.78664E+00    1.12858E-04
 2.80000E+00    1.15824E-04
 2.81210E+00    1.19187E-04
 2.82349E+00    1.22429E-04
 2.83421E+00    1.25548E-04
 2.84430E+00    1.28544E-04
 2.85379E+00    1.31417E-04
 2.86272E+00    1.34170E-04
 2.87111E+00    1.36803E-04
 2.87900E+00    1.39318E-04
 2.88642E+00    1.41718E-04
 2.89339E+00    1.44005E-04
 2.90650E+00    1.48394E-04
 2.91803E+00    1.52344E-04
 2.92815E+00    1.55887E-04
 2.93704E+00    1.59054E-04
 2.94484E+00    1.61878E-04
 2.95168E+00    1.64390E-04
 2.96368E+00    1.68880E-04
 2.97272E+00    1.72328E-04
 2.98633E+00    1.77632E-04
 3.00000E+00    1.83100E-04
 3.01213E+00    1.88545E-04
 3.02354E+00    1.93797E-04
 3.03428E+00    1.98853E-04
 3.04438E+00    2.03713E-04
 3.05388E+00    2.08377E-04
 3.06281E+00    2.12847E-04
 3.07121E+00    2.17124E-04
 3.07911E+00    2.21212E-04
 3.08653E+00    2.25114E-04
 3.09350E+00    2.28835E-04
 3.10005E+00    2.32379E-04
 3.11237E+00    2.39173E-04
 3.12319E+00    2.45280E-04
 3.13269E+00    2.50752E-04
 3.14103E+00    2.55640E-04
 3.14834E+00    2.59995E-04
 3.16118E+00    2.67795E-04
 3.17084E+00    2.73799E-04
 3.17810E+00    2.78390E-04
 3.18903E+00    2.85421E-04
 3.20000E+00    2.92629E-04
 3.21215E+00    3.01471E-04
 3.22358E+00    3.10002E-04
 3.23433E+00    3.18219E-04
 3.24445E+00    3.26121E-04
 3.25396E+00    3.33707E-04
 3.26290E+00    3.40979E-04
 3.27130E+00    3.47940E-04
 3.27920E+00    3.54595E-04
 3.28662E+00    3.60950E-04
 3.29360E+00    3.67011E-04
 3.30015E+00    3.72785E-04
 3.31247E+00    3.83859E-04
 3.32328E+00    3.93817E-04
 3.33278E+00    4.02743E-04
 3.34111E+00    4.10719E-04
 3.34841E+00    4.17827E-04
 3.36124E+00    4.30563E-04
 3.37089E+00    4.40370E-04
 3.37814E+00    4.47871E-04
 3.38905E+00    4.59363E-04
 3.40000E+00    4.71150E-04
 3.40608E+00    4.78309E-04
 3.41789E+00    4.92489E-04
 3.42899E+00    5.06165E-04
 3.43944E+00    5.19330E-04
 3.44926E+00    5.31984E-04
 3.45849E+00    5.44127E-04
 3.46717E+00    5.55762E-04
 3.47533E+00    5.66897E-04
 3.48299E+00    5.77537E-04
 3.49019E+00    5.87694E-04
 3.49696E+00    5.97379E-04
 3.50331E+00    6.06603E-04
 3.51525E+00    6.24283E-04
 3.52574E+00    6.40176E-04
 3.53493E+00    6.54413E-04
 3.54300E+00    6.67131E-04
 3.55008E+00    6.78461E-04
 3.56249E+00    6.98754E-04
 3.57183E+00    7.14371E-04
 3.57885E+00    7.26313E-04
 3.58941E+00    7.44600E-04
 3.60000E+00    7.63348E-04
 3.61219E+00    7.85553E-04
 3.62365E+00    8.06957E-04
 3.63443E+00    8.27552E-04
 3.64456E+00    8.47337E-04
 3.65409E+00    8.66315E-04
 3.66304E+00    8.84493E-04
 3.67145E+00    9.01880E-04
 3.67936E+00    9.18492E-04
 3.68678E+00    9.34343E-04
 3.69376E+00    9.49451E-04
 3.70688E+00    9.78441E-04
 3.71839E+00    1.00453E-03
 3.72849E+00    1.02793E-03
 3.73736E+00    1.04886E-03
 3.74513E+00    1.06751E-03
 3.75195E+00    1.08411E-03
 3.76390E+00    1.11377E-03
 3.77290E+00    1.13655E-03
 3.77965E+00    1.15394E-03
 3.78981E+00    1.18053E-03
 3.80000E+00    1.20773E-03
 3.81220E+00    1.24217E-03
 3.82368E+00    1.27536E-03
 3.83447E+00    1.30727E-03
 3.84461E+00    1.33791E-03
 3.85414E+00    1.36730E-03
 3.86310E+00    1.39542E-03
 3.87152E+00    1.42232E-03
 3.87942E+00    1.44801E-03
 3.88685E+00    1.47251E-03
 3.89383E+00    1.49586E-03
 3.90694E+00    1.54064E-03
 3.91846E+00    1.58092E-03
 3.92856E+00    1.61703E-03
 3.93742E+00    1.64930E-03
 3.94519E+00    1.67806E-03
 3.95200E+00    1.70364E-03
 3.96394E+00    1.74935E-03
 3.97293E+00    1.78443E-03
 3.98644E+00    1.83838E-03
 4.00000E+00    1.89396E-03
 4.01222E+00    1.94578E-03
 4.02370E+00    1.99566E-03
 4.03450E+00    2.04357E-03
 4.04465E+00    2.08954E-03
 4.05419E+00    2.13357E-03
 4.06315E+00    2.17569E-03
 4.07157E+00    2.21593E-03
 4.07948E+00    2.25434E-03
 4.08691E+00    2.29095E-03
 4.09389E+00    2.32581E-03
 4.10701E+00    2.39260E-03
 4.11852E+00    2.45262E-03
 4.12862E+00    2.50638E-03
 4.13747E+00    2.55437E-03
 4.14524E+00    2.59713E-03
 4.15886E+00    2.67367E-03
 4.16911E+00    2.73256E-03
 4.17681E+00    2.77757E-03
 4.18839E+00    2.84649E-03
 4.20000E+00    2.91711E-03
 4.21223E+00    2.99228E-03
 4.22373E+00    3.06452E-03
 4.23453E+00    3.13382E-03
 4.24469E+00    3.20021E-03
 4.25423E+00    3.26373E-03
 4.26320E+00    3.32443E-03
 4.27163E+00    3.38235E-03
 4.27954E+00    3.43758E-03
 4.28697E+00    3.49017E-03
 4.30094E+00    3.59095E-03
 4.31320E+00    3.68152E-03
 4.32395E+00    3.76264E-03
 4.33339E+00    3.83509E-03
 4.34166E+00    3.89962E-03
 4.35617E+00    4.01517E-03
 4.36709E+00    4.10408E-03
 4.37529E+00    4.17206E-03
 4.38763E+00    4.27613E-03
 4.40000E+00    4.38280E-03
 4.41224E+00    4.49182E-03
 4.42375E+00    4.59648E-03
 4.43456E+00    4.69681E-03
 4.44473E+00    4.79287E-03
 4.45428E+00    4.88470E-03
 4.46325E+00    4.97239E-03
 4.47167E+00    5.05603E-03
 4.47959E+00    5.13572E-03
 4.49447E+00    5.28854E-03
 4.50752E+00    5.42598E-03
 4.51898E+00    5.54917E-03
 4.52903E+00    5.65925E-03
 4.53784E+00    5.75736E-03
 4.54556E+00    5.84460E-03
 4.55911E+00    6.00047E-03
 4.56930E+00    6.12009E-03
 4.58462E+00    6.30401E-03
 4.60000E+00    6.49345E-03
 4.61225E+00    6.64449E-03
 4.62377E+00    6.78929E-03
 4.63459E+00    6.92789E-03
 4.64476E+00    7.06040E-03
 4.65431E+00    7.18694E-03
 4.66329E+00    7.30762E-03
 4.67172E+00    7.42260E-03
 4.68756E+00    7.64308E-03
 4.70147E+00    7.84137E-03
 4.71368E+00    8.01909E-03
 4.72438E+00    8.17789E-03
 4.73377E+00    8.31943E-03
 4.75024E+00    8.57303E-03
 4.76263E+00    8.76829E-03
 4.77195E+00    8.91765E-03
 4.78595E+00    9.14647E-03
 4.80000E+00    9.38116E-03
 4.81226E+00    9.58830E-03
 4.82379E+00    9.78665E-03
 4.83462E+00    9.97632E-03
 4.84479E+00    1.01575E-02
 4.85435E+00    1.03303E-02
 4.86333E+00    1.04950E-02
 4.88020E+00    1.08109E-02
 4.89502E+00    1.10951E-02
 4.90802E+00    1.13499E-02
 4.91943E+00    1.15776E-02
 4.92943E+00    1.17807E-02
 4.93819E+00    1.19612E-02
 4.95357E+00    1.22839E-02
 4.96514E+00    1.25316E-02
 4.98254E+00    1.29126E-02
 5.00000E+00    1.33051E-02
 5.01227E+00    1.35815E-02
 5.02380E+00    1.38458E-02
 5.03464E+00    1.40983E-02
 5.04482E+00    1.43392E-02
 5.05438E+00    1.45688E-02
 5.07236E+00    1.50091E-02
 5.08814E+00    1.54054E-02
 5.10199E+00    1.57607E-02
 5.11414E+00    1.60783E-02
 5.12479E+00    1.63614E-02
 5.13413E+00    1.66132E-02
 5.15052E+00    1.70633E-02
 5.16285E+00    1.74088E-02
 5.18139E+00    1.79403E-02
 5.20000E+00    1.84880E-02
 5.21228E+00    1.88458E-02
 5.22382E+00    1.91875E-02
 5.23466E+00    1.95136E-02
 5.24484E+00    1.98242E-02
 5.26399E+00    2.04201E-02
 5.28080E+00    2.09561E-02
 5.29556E+00    2.14367E-02
 5.30850E+00    2.18663E-02
 5.31985E+00    2.22492E-02
 5.32981E+00    2.25897E-02
 5.34727E+00    2.31983E-02
 5.36040E+00    2.36654E-02
 5.38017E+00    2.43838E-02
 5.40000E+00    2.51240E-02
 5.41229E+00    2.55557E-02
 5.42383E+00    2.59672E-02
 5.44555E+00    2.67567E-02
 5.46462E+00    2.74672E-02
 5.48136E+00    2.81043E-02
 5.49605E+00    2.86739E-02
 5.50894E+00    2.91817E-02
 5.52024E+00    2.96334E-02
 5.54007E+00    3.04409E-02
 5.55499E+00    3.10609E-02
 5.57745E+00    3.20146E-02
 5.60000E+00    3.29976E-02
 5.62462E+00    3.36913E-02
 5.64625E+00    3.43102E-02
 5.66524E+00    3.48611E-02
 5.69863E+00    3.58465E-02
 5.72381E+00    3.66038E-02
 5.76178E+00    3.77698E-02
 5.80000E+00    3.89730E-02
 5.84937E+00    3.97874E-02
 5.92420E+00    4.10409E-02
 6.00000E+00    4.23340E-02
 6.20000E+00    4.42094E-02
 6.40000E+00    4.54957E-02
 6.60000E+00    4.66260E-02
 6.80000E+00    4.74248E-02
 7.00000E+00    4.77846E-02
 7.20000E+00    4.77716E-02
 7.40000E+00    4.76111E-02
 7.60000E+00    4.72813E-02
 7.80000E+00    4.67272E-02
 8.00000E+00    4.61528E-02
 8.24621E+00    4.54294E-02
 8.50000E+00    4.47174E-02
 8.62233E+00    4.42497E-02
 8.80914E+00    4.35574E-02
 9.00000E+00    4.28759E-02
 9.12248E+00    4.23333E-02
 9.30933E+00    4.15322E-02
 9.50000E+00    4.07463E-02
 9.74679E+00    4.02573E-02
 1.00000E+01    3.97741E-02
 1.02470E+01    3.92688E-02
 1.05000E+01    3.87699E-02
 1.10000E+01    4.05613E-02
 1.12472E+01    4.21338E-02
 1.15000E+01    4.37672E-02
 1.16230E+01    4.49222E-02
 1.17161E+01    4.58084E-02
 1.18572E+01    4.71707E-02
 1.20000E+01    4.85734E-02
 1.20614E+01    4.99959E-02
 1.21154E+01    5.12747E-02
 1.21628E+01    5.24205E-02
 1.22044E+01    5.34440E-02
 1.22410E+01    5.43560E-02
 1.23052E+01    5.59895E-02
 1.23536E+01    5.72468E-02
 1.23901E+01    5.82083E-02
 1.24449E+01    5.96809E-02
 1.25000E+01    6.11907E-02
 1.25614E+01    6.31065E-02
 1.26154E+01    6.48319E-02
 1.26629E+01    6.63803E-02
 1.27045E+01    6.77655E-02
 1.27411E+01    6.90012E-02
 1.27732E+01    7.01009E-02
 1.28295E+01    7.20678E-02
 1.28719E+01    7.35791E-02
 1.29038E+01    7.47333E-02
 1.29518E+01    7.64987E-02
 1.30000E+01    7.83057E-02
 1.30615E+01    8.05861E-02
 1.31155E+01    8.26359E-02
 1.31630E+01    8.44723E-02
 1.32046E+01    8.61125E-02
 1.32412E+01    8.75737E-02
 1.33054E+01    9.01909E-02
 1.33538E+01    9.22050E-02
 1.33902E+01    9.37450E-02
 1.34450E+01    9.61034E-02
 1.35000E+01    9.85211E-02
 1.35307E+01    1.00296E-01
 1.35596E+01    1.01989E-01
 1.35867E+01    1.03602E-01
 1.36377E+01    1.06695E-01
 1.36825E+01    1.09477E-01
 1.37218E+01    1.11971E-01
 1.37562E+01    1.14200E-01
 1.37865E+01    1.16187E-01
 1.38395E+01    1.19747E-01
 1.38795E+01    1.22488E-01
 1.39095E+01    1.24585E-01
 1.39547E+01    1.27799E-01
 1.40000E+01    1.31095E-01
 1.40307E+01    1.34966E-01
 1.40596E+01    1.38700E-01
 1.40867E+01    1.42293E-01
 1.41122E+01    1.45747E-01
 1.41362E+01    1.49061E-01
 1.41586E+01    1.52236E-01
 1.41797E+01    1.55274E-01
 1.41995E+01    1.58177E-01
 1.42181E+01    1.60948E-01
 1.42356E+01    1.63590E-01
 1.42520E+01    1.66106E-01
 1.42827E+01    1.70928E-01
 1.43097E+01    1.75263E-01
 1.43334E+01    1.79145E-01
 1.43541E+01    1.82613E-01
 1.43722E+01    1.85703E-01
 1.44041E+01    1.91235E-01
 1.44280E+01    1.95493E-01
 1.44460E+01    1.98748E-01
 1.44730E+01    2.03732E-01
 1.45000E+01    2.08842E-01
 1.45308E+01    2.13122E-01
 1.45596E+01    2.17214E-01
 1.45868E+01    2.21122E-01
 1.46123E+01    2.24849E-01
 1.46362E+01    2.28401E-01
 1.46812E+01    2.35211E-01
 1.47207E+01    2.41337E-01
 1.47553E+01    2.46828E-01
 1.47857E+01    2.51735E-01
 1.48123E+01    2.56108E-01
 1.48356E+01    2.59997E-01
 1.48766E+01    2.66946E-01
 1.49073E+01    2.72278E-01
 1.49536E+01    2.80478E-01
 1.50000E+01    2.88925E-01
 1.50303E+01    2.94928E-01
 1.50597E+01    3.00863E-01
 1.50882E+01    3.06726E-01
 1.51159E+01    3.12515E-01
 1.51428E+01    3.18228E-01
 1.51689E+01    3.23861E-01
 1.51942E+01    3.29413E-01
 1.52187E+01    3.34883E-01
 1.52425E+01    3.40268E-01
 1.52657E+01    3.45567E-01
 1.52881E+01    3.50780E-01
 1.53316E+01    3.61104E-01
 1.53726E+01    3.71059E-01
 1.54111E+01    3.80640E-01
 1.54472E+01    3.89848E-01
 1.54812E+01    3.98682E-01
 1.55131E+01    4.07145E-01
 1.55431E+01    4.15243E-01
 1.55713E+01    4.22981E-01
 1.55978E+01    4.30366E-01
 1.56226E+01    4.37407E-01
 1.56459E+01    4.44112E-01
 1.56897E+01    4.56962E-01
 1.57282E+01    4.68511E-01
 1.57619E+01    4.78855E-01
 1.57915E+01    4.88094E-01
 1.58174E+01    4.96324E-01
 1.58629E+01    5.11061E-01
 1.58970E+01    5.22400E-01
 1.59227E+01    5.31070E-01
 1.59613E+01    5.44345E-01
 1.60000E+01    5.57951E-01
 1.60303E+01    5.70989E-01
 1.60598E+01    5.83910E-01
 1.60884E+01    5.96705E-01
 1.61161E+01    6.09369E-01
 1.61430E+01    6.21892E-01
 1.61691E+01    6.34270E-01
 1.61945E+01    6.46496E-01
 1.62191E+01    6.58564E-01
 1.62429E+01    6.70470E-01
 1.62661E+01    6.82210E-01
 1.62885E+01    6.93778E-01
 1.63103E+01    7.05172E-01
 1.63314E+01    7.16388E-01
 1.63519E+01    7.27424E-01
 1.63718E+01    7.38277E-01
 1.64103E+01    7.59768E-01
 1.64466E+01    7.80483E-01
 1.64806E+01    8.00416E-01
 1.65126E+01    8.19566E-01
 1.65427E+01    8.37935E-01
 1.65709E+01    8.55529E-01
 1.65974E+01    8.72359E-01
 1.66223E+01    8.88438E-01
 1.66456E+01    9.03781E-01
 1.66676E+01    9.18405E-01
 1.66882E+01    9.32330E-01
 1.67268E+01    9.59012E-01
 1.67607E+01    9.82984E-01
 1.67904E+01    1.00445E+00
 1.68165E+01    1.02362E+00
 1.68393E+01    1.04069E+00
 1.68794E+01    1.07125E+00
 1.69094E+01    1.09476E+00
 1.69320E+01    1.11273E+00
 1.69660E+01    1.14024E+00
 1.70000E+01    1.16843E+00
 1.70304E+01    1.18720E+00
 1.70599E+01    1.20567E+00
 1.71172E+01    1.24228E+00
 1.71711E+01    1.27760E+00
 1.72217E+01    1.31164E+00
 1.72694E+01    1.34436E+00
 1.73142E+01    1.37579E+00
 1.73562E+01    1.40591E+00
 1.73958E+01    1.43475E+00
 1.74330E+01    1.46233E+00
 1.74679E+01    1.48866E+00
 1.75007E+01    1.51378E+00
 1.75315E+01    1.53772E+00
 1.75894E+01    1.58362E+00
 1.76402E+01    1.62490E+00
 1.76848E+01    1.66191E+00
 1.77239E+01    1.69498E+00
 1.77581E+01    1.72446E+00
 1.77882E+01    1.75067E+00
 1.78409E+01    1.79750E+00
 1.78806E+01    1.83345E+00
 1.79402E+01    1.88872E+00
 1.80000E+01    1.94566E+00
 1.80304E+01    1.98389E+00
 1.80600E+01    2.02165E+00
 1.80886E+01    2.05891E+00
 1.81164E+01    2.09566E+00
 1.81434E+01    2.13189E+00
 1.81696E+01    2.16758E+00
 1.81950E+01    2.20273E+00
 1.82196E+01    2.23732E+00
 1.82435E+01    2.27135E+00
 1.82899E+01    2.33876E+00
 1.83335E+01    2.40378E+00
 1.83745E+01    2.46637E+00
 1.84129E+01    2.52653E+00
 1.84491E+01    2.58426E+00
 1.84831E+01    2.63958E+00
 1.85149E+01    2.69252E+00
 1.85449E+01    2.74311E+00
 1.85730E+01    2.79141E+00
 1.85994E+01    2.83745E+00
 1.86242E+01    2.88131E+00
 1.86708E+01    2.96539E+00
 1.87116E+01    3.04096E+00
 1.87474E+01    3.10866E+00
 1.87788E+01    3.16914E+00
 1.88063E+01    3.22302E+00
 1.88546E+01    3.31953E+00
 1.88908E+01    3.39380E+00
 1.89180E+01    3.45059E+00
 1.89590E+01    3.53756E+00
 1.90000E+01    3.62673E+00
 1.90610E+01    3.72201E+00
 1.91184E+01    3.81361E+00
 1.91723E+01    3.90153E+00
 1.92230E+01    3.98579E+00
 1.92707E+01    4.06644E+00
 1.93155E+01    4.14353E+00
 1.93576E+01    4.21713E+00
 1.93971E+01    4.28731E+00
 1.94343E+01    4.35417E+00
 1.95041E+01    4.48236E+00
 1.95654E+01    4.59761E+00
 1.96192E+01    4.70089E+00
 1.96664E+01    4.79316E+00
 1.97078E+01    4.87537E+00
 1.97804E+01    5.02266E+00
 1.98351E+01    5.13604E+00
 1.98762E+01    5.22275E+00
 1.99380E+01    5.35557E+00
 2.00000E+01    5.49177E+00
 2.00611E+01    5.62019E+00
 2.01185E+01    5.74332E+00
 2.01725E+01    5.86120E+00
 2.02233E+01    5.97390E+00
 2.02710E+01    6.08153E+00
 2.03158E+01    6.18420E+00
 2.03579E+01    6.28201E+00
 2.04370E+01    6.46962E+00
 2.05066E+01    6.63836E+00
 2.05676E+01    6.78962E+00
 2.06212E+01    6.92479E+00
 2.06682E+01    7.04527E+00
 2.07506E+01    7.26118E+00
 2.08127E+01    7.42745E+00
 2.08594E+01    7.55464E+00
 2.09296E+01    7.74952E+00
 2.10000E+01    7.94943E+00
 2.10611E+01    8.10113E+00
 2.11186E+01    8.24598E+00
 2.11727E+01    8.38413E+00
 2.12235E+01    8.51574E+00
 2.13190E+01    8.76811E+00
 2.14030E+01    8.99506E+00
 2.14767E+01    9.19846E+00
 2.15414E+01    9.38020E+00
 2.15982E+01    9.54217E+00
 2.16980E+01    9.83237E+00
 2.17731E+01    1.00558E+01
 2.18296E+01    1.02267E+01
 2.19146E+01    1.04885E+01
 2.20000E+01    1.07570E+01
 2.22458E+01    1.10146E+01
 2.26198E+01    1.14125E+01
 2.30000E+01    1.18249E+01
 2.40000E+01    1.18502E+01
 2.42462E+01    1.17318E+01
 2.46202E+01    1.15564E+01
 2.50000E+01    1.13836E+01
 2.52463E+01    1.11722E+01
 2.54327E+01    1.10163E+01
 2.57148E+01    1.07864E+01
 2.60000E+01    1.05614E+01
 2.62465E+01    1.03517E+01
 2.64329E+01    1.01972E+01
 2.67149E+01    9.96973E+00
 2.70000E+01    9.74734E+00
 2.72466E+01    9.53248E+00
 2.74330E+01    9.37445E+00
 2.75737E+01    9.25765E+00
 2.77860E+01    9.08517E+00
 2.80000E+01    8.91590E+00
 2.82467E+01    8.76323E+00
 2.84332E+01    8.65045E+00
 2.87152E+01    8.48399E+00
 2.90000E+01    8.32074E+00
 2.92468E+01    8.17846E+00
 2.94333E+01    8.07335E+00
 2.97153E+01    7.91821E+00
 3.00000E+01    7.76605E+00
 3.02430E+01    7.60719E+00
 3.04572E+01    7.47085E+00
 3.06459E+01    7.35357E+00
 3.08120E+01    7.25245E+00
 3.09581E+01    7.16511E+00
 3.12153E+01    7.01480E+00
 3.14097E+01    6.90414E+00
 3.17035E+01    6.74141E+00
 3.20000E+01    6.58252E+00
 3.22434E+01    6.48639E+00
 3.24579E+01    6.40343E+00
 3.28368E+01    6.26079E+00
 3.31238E+01    6.15590E+00
 3.33407E+01    6.07838E+00
 3.36687E+01    5.96394E+00
 3.40000E+01    5.85165E+00
 3.41217E+01    5.76223E+00
 3.42361E+01    5.67963E+00
 3.43438E+01    5.60327E+00
 3.45466E+01    5.46286E+00
 3.47250E+01    5.34288E+00
 3.48819E+01    5.24007E+00
 3.50197E+01    5.15173E+00
 3.51408E+01    5.07566E+00
 3.52471E+01    5.01002E+00
 3.54338E+01    4.89718E+00
 3.55745E+01    4.81422E+00
 3.56804E+01    4.75293E+00
 3.58398E+01    4.66245E+00
 3.60000E+01    4.57369E+00
 3.62441E+01    4.48933E+00
 3.64591E+01    4.41679E+00
 3.66482E+01    4.35428E+00
 3.68145E+01    4.30031E+00
 3.71074E+01    4.20746E+00
 3.73286E+01    4.13915E+00
 3.74953E+01    4.08864E+00
 3.77468E+01    4.01404E+00
 3.80000E+01    3.94079E+00
 3.84904E+01    3.85483E+00
 3.88624E+01    3.79159E+00
 3.91437E+01    3.74484E+00
 3.95695E+01    3.67579E+00
 4.00000E+01    3.60802E+00
 4.01222E+01    3.55831E+00
 4.02370E+01    3.51233E+00
 4.04533E+01    3.42771E+00
 4.06435E+01    3.35535E+00
 4.08106E+01    3.29328E+00
 4.09574E+01    3.23991E+00
 4.10863E+01    3.19393E+00
 4.13129E+01    3.11502E+00
 4.14836E+01    3.05712E+00
 4.16121E+01    3.01440E+00
 4.18056E+01    2.95144E+00
 4.20000E+01    2.88980E+00
 4.21223E+01    2.85264E+00
 4.23526E+01    2.78426E+00
 4.25551E+01    2.72577E+00
 4.27331E+01    2.67560E+00
 4.28894E+01    2.63246E+00
 4.30267E+01    2.59528E+00
 4.32680E+01    2.53148E+00
 4.34498E+01    2.48466E+00
 4.35867E+01    2.45012E+00
 4.37929E+01    2.39920E+00
 4.40000E+01    2.34934E+00
 4.42452E+01    2.31006E+00
 4.44608E+01    2.27623E+00
 4.46504E+01    2.24704E+00
 4.49840E+01    2.19685E+00
 4.52359E+01    2.15994E+00
 4.54257E+01    2.13267E+00
 4.57120E+01    2.09240E+00
 4.60000E+01    2.05290E+00
 4.62454E+01    2.02303E+00
 4.64611E+01    1.99724E+00
 4.68412E+01    1.95291E+00
 4.71282E+01    1.92031E+00
 4.73447E+01    1.89622E+00
 4.76712E+01    1.86065E+00
 4.80000E+01    1.82574E+00
 4.84924E+01    1.78540E+00
 4.88650E+01    1.75573E+00
 4.91463E+01    1.73380E+00
 4.95713E+01    1.70142E+00
 5.00000E+01    1.66965E+00
 5.01227E+01    1.63896E+00
 5.02380E+01    1.61069E+00
 5.03464E+01    1.58464E+00
 5.04482E+01    1.56060E+00
 5.05438E+01    1.53839E+00
 5.06336E+01    1.51786E+00
 5.08024E+01    1.48010E+00
 5.09506E+01    1.44782E+00
 5.10806E+01    1.42016E+00
 5.11946E+01    1.39640E+00
 5.12946E+01    1.37593E+00
 5.14701E+01    1.34082E+00
 5.16020E+01    1.31508E+00
 5.17012E+01    1.29610E+00
 5.18504E+01    1.26814E+00
 5.20000E+01    1.24079E+00
 5.22459E+01    1.21325E+00
 5.24620E+01    1.18965E+00
 5.26518E+01    1.16938E+00
 5.28185E+01    1.15192E+00
 5.29648E+01    1.13686E+00
 5.32217E+01    1.11098E+00
 5.34152E+01    1.09196E+00
 5.35608E+01    1.07790E+00
 5.37800E+01    1.05716E+00
 5.40000E+01    1.03682E+00
 5.42460E+01    1.02001E+00
 5.44622E+01    1.00552E+00
 5.46521E+01    9.93018E-01
 5.49860E+01    9.71505E-01
 5.52378E+01    9.55677E-01
 5.56176E+01    9.32418E-01
 5.60000E+01    9.09724E-01
 5.64934E+01    8.91610E-01
 5.68664E+01    8.78262E-01
 5.74304E+01    8.58613E-01
 5.80000E+01    8.39404E-01
 5.84937E+01    8.28677E-01
 5.92420E+01    8.12843E-01
 6.00000E+01    7.97312E-01
