# n + Ac226 : (n,2na)   
# eaf.2010   Manhattan project, site A         EVAL-JUN10
# uncertainties: n
# # energies =  1328
#   E(MeV)       xs(mb) 
 1.00000E-11    1.00000E-17
 2.00000E-11    1.00000E-17
 4.00000E-11    1.00000E-17
 8.00000E-11    1.00000E-17
 1.60000E-10    1.00000E-17
 3.20000E-10    1.00000E-17
 6.40000E-10    1.00000E-17
 1.28000E-09    1.00000E-17
 2.56000E-09    1.00000E-17
 5.12000E-09    1.00000E-17
 1.02400E-08    1.00000E-17
 2.04800E-08    1.00000E-17
 2.53000E-08    1.00000E-17
 5.06000E-08    1.00000E-17
 7.60728E-08    1.00000E-17
 1.52146E-07    1.00000E-17
 3.04291E-07    1.00000E-17
 3.80364E-07    1.00000E-17
 7.60728E-07    1.00000E-17
 1.00000E-06    1.00000E-17
 2.00000E-06    1.00000E-17
 4.00000E-06    1.00000E-17
 8.00000E-06    1.00000E-17
 1.60000E-05    1.00000E-17
 3.20000E-05    1.00000E-17
 6.40000E-05    1.00000E-17
 1.28000E-04    1.00000E-17
 2.56000E-04    1.00000E-17
 5.12000E-04    1.00000E-17
 1.00000E-03    1.00000E-17
 2.00000E-03    1.00000E-17
 4.00000E-03    1.00000E-17
 5.00000E-03    1.00000E-17
 1.00000E-02    1.00000E-17
 2.00000E-02    1.00000E-17
 4.00000E-02    1.00000E-17
 5.00000E-02    1.00000E-17
 1.00000E-01    1.00000E-17
 2.00000E-01    1.00000E-17
 3.00000E-01    1.00000E-17
 4.00000E-01    1.00000E-17
 5.00000E-01    1.00000E-17
 6.00000E-01    1.00000E-17
 7.00000E-01    1.00000E-17
 8.00000E-01    1.00000E-17
 9.00000E-01    1.00000E-17
 1.00000E+00    1.00000E-17
 1.20000E+00    1.00000E-17
 1.40000E+00    1.00000E-17
 1.60000E+00    1.00000E-17
 1.80000E+00    1.00000E-17
 2.00000E+00    1.00000E-17
 2.20000E+00    1.00000E-17
 2.40000E+00    1.00000E-17
 2.60000E+00    1.00000E-17
 2.80000E+00    1.00000E-17
 3.00000E+00    1.00000E-17
 3.20000E+00    1.00000E-17
 3.40000E+00    1.00000E-17
 3.60000E+00    1.00000E-17
 3.80000E+00    1.00000E-17
 4.00000E+00    1.00000E-17
 4.20000E+00    1.00000E-17
 4.40000E+00    1.00000E-17
 4.60000E+00    1.00000E-17
 4.80000E+00    1.00000E-17
 5.00000E+00    1.00000E-17
 5.20000E+00    1.00000E-17
 5.40000E+00    1.00000E-17
 5.60000E+00    6.09389E-12
 5.64934E+00    1.09714E-09
 5.68664E+00    5.39245E-08
 5.69015E+00    7.76903E-08
 5.69185E+00    9.27214E-08
 5.69227E+00    9.68464E-08
 5.69247E+00    9.89688E-08
 5.69268E+00    1.01134E-07
 5.69289E+00    1.03341E-07
 5.69310E+00    1.05593E-07
 5.69330E+00    1.07888E-07
 5.69351E+00    1.10230E-07
 5.69372E+00    1.12617E-07
 5.69392E+00    1.15051E-07
 5.69413E+00    1.17533E-07
 5.69433E+00    1.20063E-07
 5.69454E+00    1.22643E-07
 5.69474E+00    1.25273E-07
 5.69494E+00    1.27954E-07
 5.69515E+00    1.30687E-07
 5.69535E+00    1.33473E-07
 5.69555E+00    1.36313E-07
 5.69576E+00    1.39208E-07
 5.69596E+00    1.42158E-07
 5.69616E+00    1.45164E-07
 5.69636E+00    1.48228E-07
 5.69656E+00    1.51351E-07
 5.69676E+00    1.54533E-07
 5.69696E+00    1.57776E-07
 5.69716E+00    1.61080E-07
 5.69736E+00    1.64447E-07
 5.69756E+00    1.67877E-07
 5.69776E+00    1.71372E-07
 5.69795E+00    1.74932E-07
 5.69815E+00    1.78560E-07
 5.69835E+00    1.82255E-07
 5.69854E+00    1.86020E-07
 5.69874E+00    1.89854E-07
 5.69894E+00    1.93760E-07
 5.69913E+00    1.97738E-07
 5.69933E+00    2.01790E-07
 5.69952E+00    2.05917E-07
 5.69972E+00    2.10120E-07
 5.69991E+00    2.14401E-07
 5.70011E+00    2.18759E-07
 5.70030E+00    2.23198E-07
 5.70049E+00    2.27718E-07
 5.70069E+00    2.32320E-07
 5.70088E+00    2.37007E-07
 5.70107E+00    2.41778E-07
 5.70126E+00    2.46635E-07
 5.70145E+00    2.51581E-07
 5.70164E+00    2.56615E-07
 5.70183E+00    2.61741E-07
 5.70202E+00    2.66958E-07
 5.70221E+00    2.72269E-07
 5.70240E+00    2.77675E-07
 5.70259E+00    2.83177E-07
 5.70278E+00    2.88777E-07
 5.70297E+00    2.94477E-07
 5.70316E+00    3.00277E-07
 5.70334E+00    3.06181E-07
 5.70353E+00    3.12188E-07
 5.70372E+00    3.18302E-07
 5.70390E+00    3.24522E-07
 5.70409E+00    3.30852E-07
 5.70428E+00    3.37293E-07
 5.70446E+00    3.43846E-07
 5.70465E+00    3.50513E-07
 5.70483E+00    3.57296E-07
 5.70502E+00    3.64196E-07
 5.70520E+00    3.71216E-07
 5.70538E+00    3.78358E-07
 5.70557E+00    3.85622E-07
 5.70575E+00    3.93011E-07
 5.70593E+00    4.00527E-07
 5.70611E+00    4.08171E-07
 5.70630E+00    4.15946E-07
 5.70648E+00    4.23854E-07
 5.70666E+00    4.31896E-07
 5.70684E+00    4.40074E-07
 5.70702E+00    4.48391E-07
 5.70720E+00    4.56848E-07
 5.70738E+00    4.65448E-07
 5.70756E+00    4.74192E-07
 5.70774E+00    4.83083E-07
 5.70792E+00    4.92123E-07
 5.70810E+00    5.01314E-07
 5.70827E+00    5.10659E-07
 5.70845E+00    5.20158E-07
 5.70863E+00    5.29815E-07
 5.70881E+00    5.39633E-07
 5.70898E+00    5.49612E-07
 5.70916E+00    5.59756E-07
 5.70934E+00    5.70067E-07
 5.70951E+00    5.80547E-07
 5.70969E+00    5.91198E-07
 5.70986E+00    6.02024E-07
 5.71004E+00    6.13026E-07
 5.71021E+00    6.24207E-07
 5.71038E+00    6.35570E-07
 5.71056E+00    6.47116E-07
 5.71073E+00    6.58850E-07
 5.71091E+00    6.70772E-07
 5.71108E+00    6.82886E-07
 5.71125E+00    6.95195E-07
 5.71142E+00    7.07701E-07
 5.71159E+00    7.20407E-07
 5.71176E+00    7.33315E-07
 5.71194E+00    7.46429E-07
 5.71211E+00    7.59751E-07
 5.71228E+00    7.73284E-07
 5.71245E+00    7.87031E-07
 5.71262E+00    8.00995E-07
 5.71279E+00    8.15179E-07
 5.71296E+00    8.29585E-07
 5.71312E+00    8.44217E-07
 5.71329E+00    8.59078E-07
 5.71346E+00    8.74171E-07
 5.71363E+00    8.89498E-07
 5.71380E+00    9.05064E-07
 5.71396E+00    9.20870E-07
 5.71413E+00    9.36921E-07
 5.71430E+00    9.53220E-07
 5.71446E+00    9.69769E-07
 5.71463E+00    9.86573E-07
 5.71479E+00    1.00363E-06
 5.71496E+00    1.02096E-06
 5.71512E+00    1.03854E-06
 5.71529E+00    1.05640E-06
 5.71545E+00    1.07452E-06
 5.71562E+00    1.09292E-06
 5.71578E+00    1.11160E-06
 5.71594E+00    1.13056E-06
 5.71611E+00    1.14980E-06
 5.71627E+00    1.16934E-06
 5.71643E+00    1.18917E-06
 5.71659E+00    1.20929E-06
 5.71676E+00    1.22971E-06
 5.71692E+00    1.25044E-06
 5.71708E+00    1.27148E-06
 5.71724E+00    1.29282E-06
 5.71740E+00    1.31449E-06
 5.71756E+00    1.33647E-06
 5.71772E+00    1.35877E-06
 5.71788E+00    1.38141E-06
 5.71804E+00    1.40437E-06
 5.71820E+00    1.42768E-06
 5.71836E+00    1.45132E-06
 5.71851E+00    1.47530E-06
 5.71867E+00    1.49964E-06
 5.71883E+00    1.52432E-06
 5.71899E+00    1.54937E-06
 5.71914E+00    1.57477E-06
 5.71930E+00    1.60054E-06
 5.71946E+00    1.62668E-06
 5.71961E+00    1.65320E-06
 5.71977E+00    1.68009E-06
 5.71993E+00    1.70737E-06
 5.72008E+00    1.73504E-06
 5.72024E+00    1.76310E-06
 5.72039E+00    1.79156E-06
 5.72054E+00    1.82042E-06
 5.72070E+00    1.84968E-06
 5.72085E+00    1.87936E-06
 5.72101E+00    1.90946E-06
 5.72116E+00    1.93997E-06
 5.72131E+00    1.97092E-06
 5.72147E+00    2.00229E-06
 5.72162E+00    2.03411E-06
 5.72177E+00    2.06636E-06
 5.72192E+00    2.09906E-06
 5.72207E+00    2.13221E-06
 5.72222E+00    2.16582E-06
 5.72237E+00    2.19990E-06
 5.72253E+00    2.23444E-06
 5.72268E+00    2.26945E-06
 5.72283E+00    2.30495E-06
 5.72298E+00    2.34092E-06
 5.72313E+00    2.37739E-06
 5.72327E+00    2.41435E-06
 5.72342E+00    2.45181E-06
 5.72357E+00    2.48978E-06
 5.72372E+00    2.52827E-06
 5.72387E+00    2.56727E-06
 5.72402E+00    2.60679E-06
 5.72416E+00    2.64684E-06
 5.72431E+00    2.68743E-06
 5.72446E+00    2.72856E-06
 5.72460E+00    2.77023E-06
 5.72475E+00    2.81246E-06
 5.72490E+00    2.85525E-06
 5.72504E+00    2.89861E-06
 5.72519E+00    2.94253E-06
 5.72533E+00    2.98704E-06
 5.72548E+00    3.03213E-06
 5.72562E+00    3.07780E-06
 5.72577E+00    3.12408E-06
 5.72591E+00    3.17096E-06
 5.72605E+00    3.21845E-06
 5.72620E+00    3.26655E-06
 5.72634E+00    3.31528E-06
 5.72648E+00    3.36464E-06
 5.72663E+00    3.41463E-06
 5.72677E+00    3.46527E-06
 5.72691E+00    3.51656E-06
 5.72705E+00    3.56850E-06
 5.72719E+00    3.62111E-06
 5.72734E+00    3.67438E-06
 5.72748E+00    3.72834E-06
 5.72762E+00    3.78298E-06
 5.72776E+00    3.83831E-06
 5.72790E+00    3.89434E-06
 5.72804E+00    3.95108E-06
 5.72818E+00    4.00853E-06
 5.72832E+00    4.06670E-06
 5.72846E+00    4.12560E-06
 5.72860E+00    4.18523E-06
 5.72873E+00    4.24561E-06
 5.72887E+00    4.30673E-06
 5.72901E+00    4.36862E-06
 5.72915E+00    4.43127E-06
 5.72929E+00    4.49470E-06
 5.72942E+00    4.55890E-06
 5.72956E+00    4.62390E-06
 5.72983E+00    4.75641E-06
 5.73011E+00    4.89219E-06
 5.73038E+00    5.03128E-06
 5.73065E+00    5.17377E-06
 5.73092E+00    5.31970E-06
 5.73119E+00    5.46916E-06
 5.73145E+00    5.62222E-06
 5.73172E+00    5.77893E-06
 5.73198E+00    5.93937E-06
 5.73225E+00    6.10361E-06
 5.73251E+00    6.27173E-06
 5.73277E+00    6.44379E-06
 5.73303E+00    6.61988E-06
 5.73329E+00    6.80006E-06
 5.73355E+00    6.98441E-06
 5.73381E+00    7.17301E-06
 5.73407E+00    7.36593E-06
 5.73432E+00    7.56326E-06
 5.73458E+00    7.76507E-06
 5.73483E+00    7.97145E-06
 5.73509E+00    8.18248E-06
 5.73534E+00    8.39823E-06
 5.73559E+00    8.61880E-06
 5.73584E+00    8.84427E-06
 5.73609E+00    9.07472E-06
 5.73634E+00    9.31023E-06
 5.73659E+00    9.55091E-06
 5.73683E+00    9.79682E-06
 5.73708E+00    1.00481E-05
 5.73732E+00    1.03047E-05
 5.73757E+00    1.05669E-05
 5.73781E+00    1.08348E-05
 5.73805E+00    1.11082E-05
 5.73829E+00    1.13875E-05
 5.73853E+00    1.16727E-05
 5.73877E+00    1.19639E-05
 5.73901E+00    1.22612E-05
 5.73924E+00    1.25646E-05
 5.73948E+00    1.28743E-05
 5.73972E+00    1.31904E-05
 5.73995E+00    1.35130E-05
 5.74018E+00    1.38421E-05
 5.74042E+00    1.41780E-05
 5.74065E+00    1.45206E-05
 5.74088E+00    1.48701E-05
 5.74111E+00    1.52267E-05
 5.74134E+00    1.55903E-05
 5.74156E+00    1.59611E-05
 5.74179E+00    1.63393E-05
 5.74202E+00    1.67249E-05
 5.74224E+00    1.71180E-05
 5.74247E+00    1.75188E-05
 5.74269E+00    1.79273E-05
 5.74291E+00    1.83437E-05
 5.74314E+00    1.87682E-05
 5.74336E+00    1.92007E-05
 5.74358E+00    1.96414E-05
 5.74380E+00    2.00905E-05
 5.74402E+00    2.05480E-05
 5.74423E+00    2.10141E-05
 5.74445E+00    2.14889E-05
 5.74467E+00    2.19724E-05
 5.74488E+00    2.24650E-05
 5.74509E+00    2.29665E-05
 5.74531E+00    2.34773E-05
 5.74552E+00    2.39973E-05
 5.74573E+00    2.45268E-05
 5.74594E+00    2.50658E-05
 5.74615E+00    2.56144E-05
 5.74636E+00    2.61729E-05
 5.74657E+00    2.67413E-05
 5.74678E+00    2.73198E-05
 5.74699E+00    2.79084E-05
 5.74719E+00    2.85073E-05
 5.74740E+00    2.91167E-05
 5.74760E+00    2.97366E-05
 5.74781E+00    3.03673E-05
 5.74801E+00    3.10087E-05
 5.74821E+00    3.16612E-05
 5.74841E+00    3.23247E-05
 5.74861E+00    3.29995E-05
 5.74881E+00    3.36856E-05
 5.74901E+00    3.43832E-05
 5.74921E+00    3.50925E-05
 5.74941E+00    3.58136E-05
 5.74961E+00    3.65465E-05
 5.74980E+00    3.72915E-05
 5.75000E+00    3.80487E-05
 5.75019E+00    3.88182E-05
 5.75038E+00    3.96002E-05
 5.75058E+00    4.03948E-05
 5.75077E+00    4.12022E-05
 5.75096E+00    4.20224E-05
 5.75115E+00    4.28557E-05
 5.75134E+00    4.37021E-05
 5.75153E+00    4.45618E-05
 5.75172E+00    4.54350E-05
 5.75191E+00    4.63218E-05
 5.75210E+00    4.72224E-05
 5.75228E+00    4.81368E-05
 5.75247E+00    4.90653E-05
 5.75265E+00    5.00079E-05
 5.75284E+00    5.09648E-05
 5.75302E+00    5.19363E-05
 5.75320E+00    5.29223E-05
 5.75338E+00    5.39231E-05
 5.75357E+00    5.49388E-05
 5.75375E+00    5.59695E-05
 5.75393E+00    5.70155E-05
 5.75411E+00    5.80768E-05
 5.75428E+00    5.91536E-05
 5.75446E+00    6.02460E-05
 5.75464E+00    6.13542E-05
 5.75482E+00    6.24784E-05
 5.75499E+00    6.36186E-05
 5.75517E+00    6.47751E-05
 5.75534E+00    6.59479E-05
 5.75552E+00    6.71373E-05
 5.75569E+00    6.83434E-05
 5.75586E+00    6.95662E-05
 5.75603E+00    7.08061E-05
 5.75620E+00    7.20631E-05
 5.75637E+00    7.33374E-05
 5.75654E+00    7.46290E-05
 5.75671E+00    7.59383E-05
 5.75688E+00    7.72653E-05
 5.75705E+00    7.86101E-05
 5.75722E+00    7.99730E-05
 5.75738E+00    8.13540E-05
 5.75755E+00    8.27534E-05
 5.75771E+00    8.41712E-05
 5.75788E+00    8.56076E-05
 5.75804E+00    8.70627E-05
 5.75821E+00    8.85368E-05
 5.75837E+00    9.00299E-05
 5.75853E+00    9.15423E-05
 5.75869E+00    9.30739E-05
 5.75885E+00    9.46251E-05
 5.75901E+00    9.61959E-05
 5.75917E+00    9.77865E-05
 5.75933E+00    9.93971E-05
 5.75949E+00    1.01028E-04
 5.75965E+00    1.02678E-04
 5.75980E+00    1.04350E-04
 5.75996E+00    1.06041E-04
 5.76012E+00    1.07754E-04
 5.76027E+00    1.09487E-04
 5.76043E+00    1.11241E-04
 5.76058E+00    1.13016E-04
 5.76073E+00    1.14813E-04
 5.76089E+00    1.16631E-04
 5.76104E+00    1.18470E-04
 5.76119E+00    1.20331E-04
 5.76134E+00    1.22214E-04
 5.76149E+00    1.24118E-04
 5.76164E+00    1.26045E-04
 5.76179E+00    1.27994E-04
 5.76194E+00    1.29965E-04
 5.76209E+00    1.31959E-04
 5.76224E+00    1.33975E-04
 5.76238E+00    1.36015E-04
 5.76253E+00    1.38077E-04
 5.76268E+00    1.40162E-04
 5.76282E+00    1.42270E-04
 5.76297E+00    1.44401E-04
 5.76311E+00    1.46556E-04
 5.76325E+00    1.48735E-04
 5.76340E+00    1.50937E-04
 5.76354E+00    1.53163E-04
 5.76368E+00    1.55413E-04
 5.76382E+00    1.57687E-04
 5.76396E+00    1.59985E-04
 5.76410E+00    1.62308E-04
 5.76424E+00    1.64655E-04
 5.76438E+00    1.67026E-04
 5.76452E+00    1.69422E-04
 5.76466E+00    1.71843E-04
 5.76494E+00    1.76770E-04
 5.76521E+00    1.81798E-04
 5.76548E+00    1.86927E-04
 5.76575E+00    1.92160E-04
 5.76602E+00    1.97497E-04
 5.76628E+00    2.02938E-04
 5.76654E+00    2.08485E-04
 5.76680E+00    2.14138E-04
 5.76706E+00    2.19899E-04
 5.76732E+00    2.25768E-04
 5.76757E+00    2.31746E-04
 5.76783E+00    2.37834E-04
 5.76808E+00    2.44032E-04
 5.76833E+00    2.50341E-04
 5.76857E+00    2.56762E-04
 5.76882E+00    2.63296E-04
 5.76906E+00    2.69943E-04
 5.76930E+00    2.76704E-04
 5.76954E+00    2.83579E-04
 5.76978E+00    2.90570E-04
 5.77001E+00    2.97676E-04
 5.77025E+00    3.04899E-04
 5.77048E+00    3.12238E-04
 5.77071E+00    3.19695E-04
 5.77094E+00    3.27269E-04
 5.77116E+00    3.34961E-04
 5.77139E+00    3.42772E-04
 5.77161E+00    3.50702E-04
 5.77183E+00    3.58752E-04
 5.77205E+00    3.66921E-04
 5.77227E+00    3.75210E-04
 5.77249E+00    3.83619E-04
 5.77270E+00    3.92149E-04
 5.77291E+00    4.00800E-04
 5.77312E+00    4.09572E-04
 5.77333E+00    4.18465E-04
 5.77354E+00    4.27479E-04
 5.77375E+00    4.36615E-04
 5.77395E+00    4.45872E-04
 5.77416E+00    4.55251E-04
 5.77436E+00    4.64751E-04
 5.77456E+00    4.74374E-04
 5.77476E+00    4.84118E-04
 5.77495E+00    4.93984E-04
 5.77515E+00    5.03971E-04
 5.77534E+00    5.14080E-04
 5.77553E+00    5.24310E-04
 5.77572E+00    5.34662E-04
 5.77591E+00    5.45135E-04
 5.77610E+00    5.55728E-04
 5.77629E+00    5.66442E-04
 5.77647E+00    5.77277E-04
 5.77666E+00    5.88232E-04
 5.77684E+00    5.99307E-04
 5.77702E+00    6.10501E-04
 5.77720E+00    6.21815E-04
 5.77738E+00    6.33247E-04
 5.77755E+00    6.44798E-04
 5.77773E+00    6.56466E-04
 5.77790E+00    6.68252E-04
 5.77807E+00    6.80156E-04
 5.77824E+00    6.92175E-04
 5.77841E+00    7.04311E-04
 5.77858E+00    7.16563E-04
 5.77875E+00    7.28929E-04
 5.77891E+00    7.41409E-04
 5.77908E+00    7.54003E-04
 5.77924E+00    7.66710E-04
 5.77940E+00    7.79530E-04
 5.77956E+00    7.92461E-04
 5.77972E+00    8.05503E-04
 5.77988E+00    8.18656E-04
 5.78004E+00    8.31918E-04
 5.78019E+00    8.45288E-04
 5.78035E+00    8.58767E-04
 5.78050E+00    8.72352E-04
 5.78065E+00    8.86044E-04
 5.78081E+00    8.99842E-04
 5.78096E+00    9.13744E-04
 5.78110E+00    9.27749E-04
 5.78125E+00    9.41857E-04
 5.78140E+00    9.56067E-04
 5.78154E+00    9.70378E-04
 5.78169E+00    9.84789E-04
 5.78183E+00    9.99299E-04
 5.78197E+00    1.01391E-03
 5.78211E+00    1.02861E-03
 5.78225E+00    1.04341E-03
 5.78239E+00    1.05831E-03
 5.78266E+00    1.08850E-03
 5.78294E+00    1.11905E-03
 5.78320E+00    1.14997E-03
 5.78346E+00    1.18124E-03
 5.78372E+00    1.21285E-03
 5.78398E+00    1.24480E-03
 5.78423E+00    1.27707E-03
 5.78447E+00    1.30964E-03
 5.78471E+00    1.34253E-03
 5.78495E+00    1.37570E-03
 5.78519E+00    1.40915E-03
 5.78542E+00    1.44288E-03
 5.78565E+00    1.47687E-03
 5.78587E+00    1.51111E-03
 5.78609E+00    1.54559E-03
 5.78631E+00    1.58030E-03
 5.78652E+00    1.61523E-03
 5.78673E+00    1.65037E-03
 5.78694E+00    1.68570E-03
 5.78714E+00    1.72122E-03
 5.78734E+00    1.75692E-03
 5.78754E+00    1.79278E-03
 5.78774E+00    1.82880E-03
 5.78793E+00    1.86496E-03
 5.78812E+00    1.90125E-03
 5.78830E+00    1.93767E-03
 5.78848E+00    1.97420E-03
 5.78866E+00    2.01083E-03
 5.78884E+00    2.04755E-03
 5.78901E+00    2.08435E-03
 5.78919E+00    2.12123E-03
 5.78935E+00    2.15816E-03
 5.78952E+00    2.19515E-03
 5.78968E+00    2.23218E-03
 5.78985E+00    2.26924E-03
 5.79000E+00    2.30632E-03
 5.79016E+00    2.34341E-03
 5.79031E+00    2.38050E-03
 5.79046E+00    2.41759E-03
 5.79061E+00    2.45467E-03
 5.79076E+00    2.49172E-03
 5.79090E+00    2.52874E-03
 5.79105E+00    2.56571E-03
 5.79119E+00    2.60264E-03
 5.79146E+00    2.67690E-03
 5.79173E+00    2.75085E-03
 5.79199E+00    2.82444E-03
 5.79224E+00    2.89761E-03
 5.79248E+00    2.97030E-03
 5.79271E+00    3.04246E-03
 5.79294E+00    3.11403E-03
 5.79316E+00    3.18498E-03
 5.79338E+00    3.25524E-03
 5.79358E+00    3.32479E-03
 5.79378E+00    3.39358E-03
 5.79398E+00    3.46158E-03
 5.79417E+00    3.52875E-03
 5.79435E+00    3.59507E-03
 5.79452E+00    3.66050E-03
 5.79470E+00    3.72502E-03
 5.79486E+00    3.78861E-03
 5.79502E+00    3.85125E-03
 5.79518E+00    3.91292E-03
 5.79533E+00    3.97361E-03
 5.79547E+00    4.03329E-03
 5.79562E+00    4.09196E-03
 5.79589E+00    4.20808E-03
 5.79615E+00    4.31993E-03
 5.79639E+00    4.42748E-03
 5.79661E+00    4.53075E-03
 5.79682E+00    4.62975E-03
 5.79702E+00    4.72452E-03
 5.79721E+00    4.81514E-03
 5.79738E+00    4.90166E-03
 5.79755E+00    4.98419E-03
 5.79770E+00    5.06283E-03
 5.79784E+00    5.13767E-03
 5.79811E+00    5.28100E-03
 5.79835E+00    5.40968E-03
 5.79856E+00    5.52485E-03
 5.79874E+00    5.62764E-03
 5.79889E+00    5.71914E-03
 5.79917E+00    5.88286E-03
 5.79938E+00    6.00871E-03
 5.79953E+00    6.10487E-03
 5.79977E+00    6.25199E-03
 5.80000E+00    6.40265E-03
 5.80154E+00    6.49871E-03
 5.80306E+00    6.59544E-03
 5.80457E+00    6.69284E-03
 5.80608E+00    6.79090E-03
 5.80757E+00    6.88961E-03
 5.80905E+00    6.98897E-03
 5.81198E+00    7.19040E-03
 5.81487E+00    7.39435E-03
 5.81772E+00    7.60077E-03
 5.82053E+00    7.80958E-03
 5.82329E+00    8.02074E-03
 5.82601E+00    8.23417E-03
 5.82869E+00    8.44981E-03
 5.83133E+00    8.66760E-03
 5.83393E+00    8.88747E-03
 5.83649E+00    9.10935E-03
 5.83901E+00    9.33317E-03
 5.84149E+00    9.55886E-03
 5.84393E+00    9.78636E-03
 5.84634E+00    1.00156E-02
 5.84871E+00    1.02465E-02
 5.85105E+00    1.04790E-02
 5.85334E+00    1.07130E-02
 5.85561E+00    1.09484E-02
 5.85784E+00    1.11852E-02
 5.86003E+00    1.14234E-02
 5.86219E+00    1.16627E-02
 5.86432E+00    1.19032E-02
 5.86642E+00    1.21448E-02
 5.86848E+00    1.23874E-02
 5.87052E+00    1.26310E-02
 5.87252E+00    1.28754E-02
 5.87449E+00    1.31206E-02
 5.87643E+00    1.33666E-02
 5.87834E+00    1.36132E-02
 5.88022E+00    1.38604E-02
 5.88207E+00    1.41081E-02
 5.88390E+00    1.43563E-02
 5.88570E+00    1.46049E-02
 5.88747E+00    1.48538E-02
 5.88921E+00    1.51029E-02
 5.89092E+00    1.53522E-02
 5.89261E+00    1.56017E-02
 5.89427E+00    1.58512E-02
 5.89591E+00    1.61007E-02
 5.89752E+00    1.63502E-02
 5.89911E+00    1.65995E-02
 5.90068E+00    1.68486E-02
 5.90222E+00    1.70975E-02
 5.90373E+00    1.73461E-02
 5.90672E+00    1.78462E-02
 5.90961E+00    1.83443E-02
 5.91241E+00    1.88402E-02
 5.91513E+00    1.93333E-02
 5.91776E+00    1.98233E-02
 5.92032E+00    2.03099E-02
 5.92279E+00    2.07926E-02
 5.92519E+00    2.12712E-02
 5.92751E+00    2.17453E-02
 5.92976E+00    2.22147E-02
 5.93195E+00    2.26791E-02
 5.93406E+00    2.31382E-02
 5.93611E+00    2.35919E-02
 5.93810E+00    2.40398E-02
 5.94002E+00    2.44819E-02
 5.94189E+00    2.49179E-02
 5.94369E+00    2.53476E-02
 5.94545E+00    2.57711E-02
 5.94714E+00    2.61880E-02
 5.94879E+00    2.65983E-02
 5.95038E+00    2.70019E-02
 5.95193E+00    2.73988E-02
 5.95492E+00    2.81844E-02
 5.95773E+00    2.89413E-02
 5.96036E+00    2.96694E-02
 5.96283E+00    3.03685E-02
 5.96515E+00    3.10390E-02
 5.96732E+00    3.16810E-02
 5.96936E+00    3.22949E-02
 5.97127E+00    3.28812E-02
 5.97306E+00    3.34406E-02
 5.97474E+00    3.39736E-02
 5.97632E+00    3.44811E-02
 5.97927E+00    3.54530E-02
 5.98186E+00    3.63260E-02
 5.98412E+00    3.71074E-02
 5.98610E+00    3.78049E-02
 5.98784E+00    3.84260E-02
 5.99088E+00    3.95375E-02
 5.99316E+00    4.03922E-02
 5.99487E+00    4.10453E-02
 5.99743E+00    4.20448E-02
 6.00000E+00    4.30687E-02
 6.00308E+00    4.39399E-02
 6.00610E+00    4.48147E-02
 6.00909E+00    4.56928E-02
 6.01202E+00    4.65740E-02
 6.01492E+00    4.74581E-02
 6.01777E+00    4.83447E-02
 6.02057E+00    4.92336E-02
 6.02333E+00    5.01246E-02
 6.02606E+00    5.10175E-02
 6.02874E+00    5.19119E-02
 6.03137E+00    5.28076E-02
 6.03397E+00    5.37045E-02
 6.03653E+00    5.46022E-02
 6.03905E+00    5.55005E-02
 6.04154E+00    5.63993E-02
 6.04398E+00    5.72982E-02
 6.04639E+00    5.81971E-02
 6.04876E+00    5.90956E-02
 6.05109E+00    5.99937E-02
 6.05339E+00    6.08911E-02
 6.05566E+00    6.17876E-02
 6.05789E+00    6.26830E-02
 6.06228E+00    6.44838E-02
 6.06653E+00    6.62777E-02
 6.07066E+00    6.80631E-02
 6.07466E+00    6.98385E-02
 6.07854E+00    7.16026E-02
 6.08230E+00    7.33541E-02
 6.08594E+00    7.50917E-02
 6.08948E+00    7.68142E-02
 6.09290E+00    7.85206E-02
 6.09622E+00    8.02098E-02
 6.09944E+00    8.18808E-02
 6.10255E+00    8.35328E-02
 6.10558E+00    8.51650E-02
 6.10850E+00    8.67766E-02
 6.11134E+00    8.83669E-02
 6.11409E+00    8.99352E-02
 6.11676E+00    9.14811E-02
 6.11934E+00    9.30041E-02
 6.12185E+00    9.45036E-02
 6.12428E+00    9.59793E-02
 6.12663E+00    9.74308E-02
 6.12891E+00    9.88579E-02
 6.13333E+00    1.01683E-01
 6.13747E+00    1.04404E-01
 6.14136E+00    1.07022E-01
 6.14501E+00    1.09535E-01
 6.14843E+00    1.11945E-01
 6.15164E+00    1.14253E-01
 6.15466E+00    1.16459E-01
 6.15748E+00    1.18567E-01
 6.16013E+00    1.20577E-01
 6.16261E+00    1.22492E-01
 6.16494E+00    1.24316E-01
 6.16931E+00    1.27808E-01
 6.17314E+00    1.30944E-01
 6.17649E+00    1.33751E-01
 6.17943E+00    1.36257E-01
 6.18199E+00    1.38488E-01
 6.18649E+00    1.42480E-01
 6.18987E+00    1.45550E-01
 6.19240E+00    1.47895E-01
 6.19620E+00    1.51485E-01
 6.20000E+00    1.55161E-01
 6.20615E+00    1.59112E-01
 6.21212E+00    1.63035E-01
 6.21791E+00    1.66928E-01
 6.22352E+00    1.70788E-01
 6.22896E+00    1.74613E-01
 6.23424E+00    1.78399E-01
 6.23935E+00    1.82146E-01
 6.24431E+00    1.85851E-01
 6.24912E+00    1.89511E-01
 6.25378E+00    1.93126E-01
 6.25830E+00    1.96694E-01
 6.26268E+00    2.00213E-01
 6.26692E+00    2.03682E-01
 6.27104E+00    2.07100E-01
 6.27503E+00    2.10466E-01
 6.27890E+00    2.13778E-01
 6.28265E+00    2.17037E-01
 6.28628E+00    2.20242E-01
 6.29333E+00    2.26586E-01
 6.29994E+00    2.32699E-01
 6.30615E+00    2.38581E-01
 6.31198E+00    2.44229E-01
 6.31744E+00    2.49646E-01
 6.32257E+00    2.54833E-01
 6.32738E+00    2.59794E-01
 6.33190E+00    2.64533E-01
 6.33613E+00    2.69054E-01
 6.34011E+00    2.73362E-01
 6.34383E+00    2.77464E-01
 6.35083E+00    2.85321E-01
 6.35695E+00    2.92379E-01
 6.36232E+00    2.98698E-01
 6.36702E+00    3.04338E-01
 6.37113E+00    3.09361E-01
 6.37833E+00    3.18351E-01
 6.38374E+00    3.25265E-01
 6.38780E+00    3.30548E-01
 6.39390E+00    3.38635E-01
 6.40000E+00    3.46920E-01
 6.40616E+00    3.52792E-01
 6.41213E+00    3.58574E-01
 6.41792E+00    3.64267E-01
 6.42353E+00    3.69868E-01
 6.42897E+00    3.75375E-01
 6.43953E+00    3.86281E-01
 6.44944E+00    3.96793E-01
 6.45875E+00    4.06908E-01
 6.46749E+00    4.16624E-01
 6.47570E+00    4.25944E-01
 6.48340E+00    4.34870E-01
 6.49062E+00    4.43409E-01
 6.49741E+00    4.51566E-01
 6.50377E+00    4.59349E-01
 6.50974E+00    4.66768E-01
 6.51535E+00    4.73831E-01
 6.52587E+00    4.87366E-01
 6.53509E+00    4.99525E-01
 6.54317E+00    5.10412E-01
 6.55025E+00    5.20134E-01
 6.55645E+00    5.28792E-01
 6.56731E+00    5.44291E-01
 6.57546E+00    5.56213E-01
 6.58159E+00    5.65326E-01
 6.59079E+00    5.79275E-01
 6.60000E+00    5.93569E-01
 6.61233E+00    6.07846E-01
 6.62390E+00    6.21542E-01
 6.63477E+00    6.34663E-01
 6.64498E+00    6.47214E-01
 6.65457E+00    6.59207E-01
 6.66356E+00    6.70652E-01
 6.67201E+00    6.81562E-01
 6.67994E+00    6.91951E-01
 6.69483E+00    7.11860E-01
 6.70789E+00    7.29749E-01
 6.71933E+00    7.45770E-01
 6.72936E+00    7.60077E-01
 6.73815E+00    7.72821E-01
 6.75356E+00    7.95639E-01
 6.76514E+00    8.13193E-01
 6.77384E+00    8.26612E-01
 6.78691E+00    8.47158E-01
 6.80000E+00    8.68214E-01
 6.81233E+00    8.84784E-01
 6.82391E+00    9.00604E-01
 6.83479E+00    9.15693E-01
 6.84500E+00    9.30069E-01
 6.86418E+00    9.57634E-01
 6.88101E+00    9.82422E-01
 6.89578E+00    1.00464E+00
 6.90872E+00    1.02449E+00
 6.92006E+00    1.04218E+00
 6.93001E+00    1.05791E+00
 6.94744E+00    1.08601E+00
 6.96054E+00    1.10757E+00
 6.98024E+00    1.14073E+00
 7.00000E+00    1.17487E+00
 7.02469E+00    1.20791E+00
 7.04637E+00    1.23759E+00
 7.06539E+00    1.26415E+00
 7.08208E+00    1.28786E+00
 7.09671E+00    1.30897E+00
 7.12240E+00    1.34675E+00
 7.14172E+00    1.37579E+00
 7.15624E+00    1.39799E+00
 7.17809E+00    1.43196E+00
 7.20000E+00    1.46675E+00
 7.22470E+00    1.49885E+00
 7.24638E+00    1.52751E+00
 7.26541E+00    1.55304E+00
 7.29883E+00    1.59874E+00
 7.32399E+00    1.63390E+00
 7.34292E+00    1.66078E+00
 7.37140E+00    1.70192E+00
 7.40000E+00    1.74409E+00
 7.42471E+00    1.77736E+00
 7.44640E+00    1.80699E+00
 7.48450E+00    1.86004E+00
 7.51321E+00    1.90085E+00
 7.53482E+00    1.93204E+00
 7.56734E+00    1.97979E+00
 7.60000E+00    2.02872E+00
 7.64951E+00    2.08082E+00
 7.68686E+00    2.12077E+00
 7.74322E+00    2.18214E+00
 7.80000E+00    2.24528E+00
 7.84953E+00    2.28710E+00
 7.92441E+00    2.35129E+00
 8.00000E+00    2.41728E+00
 8.24621E+00    2.53264E+00
 8.50000E+00    2.65350E+00
 9.00000E+00    2.67901E+00
 9.12248E+00    2.65394E+00
 9.30933E+00    2.61677E+00
 9.50000E+00    2.58012E+00
 9.62261E+00    2.54006E+00
 9.71560E+00    2.51042E+00
 9.85677E+00    2.46661E+00
 1.00000E+01    2.42357E+00
 1.01227E+01    2.37840E+00
 1.02158E+01    2.34508E+00
 1.03569E+01    2.29597E+00
 1.05000E+01    2.24789E+00
 1.06228E+01    2.20326E+00
 1.07159E+01    2.17036E+00
 1.07862E+01    2.14601E+00
 1.08926E+01    2.11000E+00
 1.10000E+01    2.07460E+00
 1.11229E+01    2.03308E+00
 1.12160E+01    2.00249E+00
 1.12863E+01    1.97985E+00
 1.13927E+01    1.94637E+00
 1.15000E+01    1.91345E+00
 1.16230E+01    1.87582E+00
 1.17161E+01    1.84808E+00
 1.18572E+01    1.80724E+00
 1.20000E+01    1.76730E+00
 1.21231E+01    1.73438E+00
 1.22162E+01    1.71009E+00
 1.23573E+01    1.67430E+00
 1.25000E+01    1.63925E+00
 1.26232E+01    1.60996E+00
 1.27163E+01    1.58833E+00
 1.28574E+01    1.55643E+00
 1.30000E+01    1.52518E+00
 1.30615E+01    1.50644E+00
 1.31698E+01    1.47420E+00
 1.32515E+01    1.45047E+00
 1.33132E+01    1.43293E+00
 1.34063E+01    1.40701E+00
 1.35000E+01    1.38156E+00
 1.35615E+01    1.35887E+00
 1.36156E+01    1.33932E+00
 1.36630E+01    1.32245E+00
 1.37465E+01    1.29343E+00
 1.38094E+01    1.27208E+00
 1.39044E+01    1.24073E+00
 1.40000E+01    1.21014E+00
 1.40615E+01    1.18444E+00
 1.41156E+01    1.16240E+00
 1.41631E+01    1.14345E+00
 1.42048E+01    1.12712E+00
 1.42780E+01    1.09910E+00
 1.43332E+01    1.07855E+00
 1.43747E+01    1.06339E+00
 1.44372E+01    1.04104E+00
 1.45000E+01    1.01917E+00
 1.45616E+01    9.92920E-01
 1.46157E+01    9.70507E-01
 1.46632E+01    9.51311E-01
 1.47049E+01    9.34826E-01
 1.47414E+01    9.20636E-01
 1.47735E+01    9.08397E-01
 1.48298E+01    8.87368E-01
 1.48722E+01    8.71917E-01
 1.49040E+01    8.60506E-01
 1.49519E+01    8.43668E-01
 1.50000E+01    8.27159E-01
 1.50303E+01    8.14986E-01
 1.50597E+01    8.03364E-01
 1.50882E+01    7.92264E-01
 1.51159E+01    7.81656E-01
 1.51697E+01    7.61507E-01
 1.52203E+01    7.43089E-01
 1.52679E+01    7.26227E-01
 1.53127E+01    7.10766E-01
 1.53547E+01    6.96571E-01
 1.53943E+01    6.83521E-01
 1.54315E+01    6.71508E-01
 1.54664E+01    6.60438E-01
 1.54992E+01    6.50226E-01
 1.55301E+01    6.40795E-01
 1.55590E+01    6.32078E-01
 1.56135E+01    6.16052E-01
 1.56613E+01    6.02363E-01
 1.57032E+01    5.90635E-01
 1.57400E+01    5.80560E-01
 1.57723E+01    5.71886E-01
 1.58289E+01    5.57017E-01
 1.58715E+01    5.46119E-01
 1.59035E+01    5.38086E-01
 1.59517E+01    5.26258E-01
 1.60000E+01    5.14689E-01
 1.60303E+01    5.07665E-01
 1.60598E+01    5.00951E-01
 1.61170E+01    4.88195E-01
 1.61708E+01    4.76531E-01
 1.62214E+01    4.65850E-01
 1.62690E+01    4.56054E-01
 1.63138E+01    4.47057E-01
 1.63558E+01    4.38783E-01
 1.63954E+01    4.31166E-01
 1.64325E+01    4.24146E-01
 1.64674E+01    4.17667E-01
 1.65002E+01    4.11684E-01
 1.65310E+01    4.06152E-01
 1.65889E+01    3.95980E-01
 1.66398E+01    3.87289E-01
 1.66844E+01    3.79840E-01
 1.67235E+01    3.73441E-01
 1.67578E+01    3.67929E-01
 1.68180E+01    3.58480E-01
 1.68633E+01    3.51552E-01
 1.68974E+01    3.46444E-01
 1.69486E+01    3.38921E-01
 1.70000E+01    3.31562E-01
 1.70608E+01    3.25846E-01
 1.71181E+01    3.20576E-01
 1.71719E+01    3.15714E-01
 1.72225E+01    3.11222E-01
 1.72701E+01    3.07069E-01
 1.73597E+01    2.99431E-01
 1.74385E+01    2.92904E-01
 1.75077E+01    2.87309E-01
 1.75685E+01    2.82502E-01
 1.76219E+01    2.78361E-01
 1.76687E+01    2.74788E-01
 1.77509E+01    2.68645E-01
 1.78129E+01    2.64128E-01
 1.79062E+01    2.57495E-01
 1.80000E+01    2.51028E-01
 1.84932E+01    2.46620E-01
 1.90000E+01    2.42289E-01
 1.90610E+01    2.46394E-01
 1.91184E+01    2.50305E-01
 1.92264E+01    2.57807E-01
 1.93215E+01    2.64555E-01
 1.94050E+01    2.70604E-01
 1.94784E+01    2.76011E-01
 1.95428E+01    2.80830E-01
 1.96561E+01    2.89468E-01
 1.97416E+01    2.96119E-01
 1.98058E+01    3.01208E-01
 1.99027E+01    3.09006E-01
 2.00000E+01    3.17006E-01
 2.00611E+01    3.26439E-01
 2.01185E+01    3.35537E-01
 2.01725E+01    3.44296E-01
 2.02233E+01    3.52716E-01
 2.02710E+01    3.60796E-01
 2.03158E+01    3.68539E-01
 2.03579E+01    3.75949E-01
 2.03974E+01    3.83031E-01
 2.04346E+01    3.89792E-01
 2.04695E+01    3.96239E-01
 2.05022E+01    4.02379E-01
 2.05638E+01    4.14150E-01
 2.06178E+01    4.24732E-01
 2.06652E+01    4.34212E-01
 2.07068E+01    4.42681E-01
 2.07432E+01    4.50227E-01
 2.08071E+01    4.63742E-01
 2.08552E+01    4.74145E-01
 2.08913E+01    4.82100E-01
 2.09456E+01    4.94282E-01
 2.10000E+01    5.06773E-01
 2.10306E+01    5.16248E-01
 2.10602E+01    5.25595E-01
 2.10889E+01    5.34811E-01
 2.11168E+01    5.43894E-01
 2.11439E+01    5.52840E-01
 2.11701E+01    5.61647E-01
 2.11956E+01    5.70312E-01
 2.12203E+01    5.78834E-01
 2.12682E+01    5.95709E-01
 2.13132E+01    6.11976E-01
 2.13555E+01    6.27629E-01
 2.13952E+01    6.42668E-01
 2.14325E+01    6.57093E-01
 2.14676E+01    6.70911E-01
 2.15005E+01    6.84130E-01
 2.15313E+01    6.96758E-01
 2.15603E+01    7.08809E-01
 2.15876E+01    7.20296E-01
 2.16131E+01    7.31234E-01
 2.16611E+01    7.52192E-01
 2.17032E+01    7.71023E-01
 2.17401E+01    7.87887E-01
 2.17724E+01    8.02944E-01
 2.18007E+01    8.16355E-01
 2.18504E+01    8.40366E-01
 2.18877E+01    8.58837E-01
 2.19157E+01    8.72956E-01
 2.19578E+01    8.94570E-01
 2.20000E+01    9.16720E-01
 2.20306E+01    9.33645E-01
 2.20602E+01    9.50339E-01
 2.20890E+01    9.66795E-01
 2.21169E+01    9.83009E-01
 2.21440E+01    9.98976E-01
 2.21703E+01    1.01469E+00
 2.21957E+01    1.03015E+00
 2.22452E+01    1.06078E+00
 2.22916E+01    1.09032E+00
 2.23352E+01    1.11875E+00
 2.23762E+01    1.14609E+00
 2.24147E+01    1.17232E+00
 2.24509E+01    1.19746E+00
 2.24848E+01    1.22152E+00
 2.25166E+01    1.24451E+00
 2.25466E+01    1.26646E+00
 2.25746E+01    1.28738E+00
 2.26010E+01    1.30732E+00
 2.26505E+01    1.34553E+00
 2.26939E+01    1.37988E+00
 2.27319E+01    1.41065E+00
 2.27653E+01    1.43814E+00
 2.27945E+01    1.46264E+00
 2.28201E+01    1.48441E+00
 2.28649E+01    1.52329E+00
 2.28986E+01    1.55313E+00
 2.29492E+01    1.59897E+00
 2.30000E+01    1.64617E+00
 2.30613E+01    1.68983E+00
 2.31188E+01    1.73182E+00
 2.31730E+01    1.77213E+00
 2.32238E+01    1.81077E+00
 2.32716E+01    1.84776E+00
 2.33164E+01    1.88313E+00
 2.33586E+01    1.91690E+00
 2.33982E+01    1.94911E+00
 2.34353E+01    1.97980E+00
 2.35052E+01    2.03864E+00
 2.35665E+01    2.09157E+00
 2.36202E+01    2.13900E+00
 2.36674E+01    2.18139E+00
 2.37087E+01    2.21917E+00
 2.37449E+01    2.25276E+00
 2.38084E+01    2.31277E+00
 2.38562E+01    2.35883E+00
 2.39280E+01    2.42964E+00
 2.40000E+01    2.50257E+00
 2.40613E+01    2.55121E+00
 2.41189E+01    2.59768E+00
 2.41731E+01    2.64200E+00
 2.42239E+01    2.68425E+00
 2.43196E+01    2.76528E+00
 2.44036E+01    2.83819E+00
 2.44774E+01    2.90356E+00
 2.45421E+01    2.96199E+00
 2.45989E+01    3.01409E+00
 2.46487E+01    3.06042E+00
 2.47360E+01    3.14322E+00
 2.48018E+01    3.20679E+00
 2.49007E+01    3.30456E+00
 2.50000E+01    3.40531E+00
 2.50614E+01    3.47222E+00
 2.51190E+01    3.53614E+00
 2.51732E+01    3.59713E+00
 2.52241E+01    3.65527E+00
 2.53198E+01    3.76682E+00
 2.54038E+01    3.86722E+00
 2.54776E+01    3.95725E+00
 2.55423E+01    4.03776E+00
 2.55991E+01    4.10954E+00
 2.56489E+01    4.17339E+00
 2.57362E+01    4.28754E+00
 2.58019E+01    4.37519E+00
 2.58513E+01    4.44210E+00
 2.59255E+01    4.54439E+00
 2.60000E+01    4.64904E+00
 2.61229E+01    4.78110E+00
 2.62310E+01    4.89972E+00
 2.63259E+01    5.00593E+00
 2.64092E+01    5.10075E+00
 2.64824E+01    5.18519E+00
 2.66108E+01    5.33634E+00
 2.67076E+01    5.45258E+00
 2.67804E+01    5.54143E+00
 2.68900E+01    5.67741E+00
 2.70000E+01    5.81673E+00
 2.71230E+01    5.92678E+00
 2.72311E+01    6.02478E+00
 2.74213E+01    6.20019E+00
 2.75649E+01    6.33509E+00
 2.77816E+01    6.54297E+00
 2.80000E+01    6.75767E+00
 2.82467E+01    6.98263E+00
 2.84332E+01    7.15626E+00
 2.85738E+01    7.28930E+00
 2.87861E+01    7.49352E+00
 2.90000E+01    7.70346E+00
 2.91232E+01    7.83558E+00
 2.93399E+01    8.07226E+00
 2.95036E+01    8.25445E+00
 2.96269E+01    8.39379E+00
 2.98129E+01    8.60722E+00
 3.00000E+01    8.82607E+00
 3.04880E+01    9.07566E+00
 3.12348E+01    9.46333E+00
 3.20000E+01    9.86757E+00
 3.29848E+01    9.75073E+00
 3.40000E+01    9.63527E+00
 3.49857E+01    9.75951E+00
 3.60000E+01    9.88534E+00
 3.62441E+01    9.71722E+00
 3.64591E+01    9.57247E+00
 3.66482E+01    9.44757E+00
 3.69816E+01    9.23292E+00
 3.72336E+01    9.07514E+00
 3.74237E+01    8.95858E+00
 3.77108E+01    8.78653E+00
 3.80000E+01    8.61779E+00
 3.84904E+01    8.43337E+00
 3.88624E+01    8.29765E+00
 3.91437E+01    8.19729E+00
 3.95695E+01    8.04903E+00
 4.00000E+01    7.90345E+00
 4.04909E+01    7.80524E+00
 4.12385E+01    7.66022E+00
 4.20000E+01    7.51789E+00
 4.21223E+01    7.41957E+00
 4.23526E+01    7.23866E+00
 4.25551E+01    7.08399E+00
 4.27331E+01    6.95137E+00
 4.28894E+01    6.83736E+00
 4.30267E+01    6.73914E+00
 4.32680E+01    6.57064E+00
 4.34498E+01    6.44703E+00
 4.35867E+01    6.35586E+00
 4.37929E+01    6.22150E+00
 4.40000E+01    6.08999E+00
 4.42452E+01    6.00531E+00
 4.44608E+01    5.93219E+00
 4.48407E+01    5.80635E+00
 4.51278E+01    5.71373E+00
 4.53443E+01    5.64524E+00
 4.56710E+01    5.54403E+00
 4.60000E+01    5.44464E+00
 4.64920E+01    5.32079E+00
 4.68645E+01    5.22976E+00
 4.71459E+01    5.16251E+00
 4.75710E+01    5.06325E+00
 4.80000E+01    4.96590E+00
 4.81226E+01    4.89844E+00
 4.83534E+01    4.77440E+00
 4.85562E+01    4.66845E+00
 4.87344E+01    4.57768E+00
 4.88908E+01    4.49970E+00
 4.90281E+01    4.43255E+00
 4.91485E+01    4.37463E+00
 4.93600E+01    4.27507E+00
 4.95193E+01    4.20189E+00
 4.97590E+01    4.09447E+00
 5.00000E+01    3.98979E+00
 5.02457E+01    3.94063E+00
 5.06787E+01    3.85605E+00
 5.10058E+01    3.79381E+00
 5.12526E+01    3.74780E+00
 5.16249E+01    3.67981E+00
 5.20000E+01    3.61306E+00
 5.24929E+01    3.52837E+00
 5.28657E+01    3.46615E+00
 5.31470E+01    3.42022E+00
 5.35718E+01    3.35245E+00
 5.40000E+01    3.28602E+00
 5.42460E+01    3.24036E+00
 5.46793E+01    3.16196E+00
 5.50065E+01    3.10441E+00
 5.52532E+01    3.06194E+00
 5.56254E+01    2.99932E+00
 5.60000E+01    2.93798E+00
 5.62462E+01    2.89943E+00
 5.66796E+01    2.83317E+00
 5.70069E+01    2.78448E+00
 5.72535E+01    2.74851E+00
 5.76256E+01    2.69542E+00
 5.80000E+01    2.64336E+00
 5.81230E+01    2.59607E+00
 5.82386E+01    2.55251E+00
 5.83472E+01    2.51234E+00
 5.84491E+01    2.47525E+00
 5.85449E+01    2.44097E+00
 5.87248E+01    2.37798E+00
 5.88827E+01    2.32420E+00
 5.90212E+01    2.27814E+00
 5.91427E+01    2.23859E+00
 5.92492E+01    2.20454E+00
 5.93425E+01    2.17518E+00
 5.95062E+01    2.12473E+00
 5.96293E+01    2.08766E+00
 5.98144E+01    2.03327E+00
 6.00000E+01    1.98029E+00
