# n + Ac226 : (n,3na)   
# eaf.2010   Manhattan project, site A         EVAL-JUN10
# uncertainties: n
# # energies =    38
#   E(MeV)       xs(mb) 
 5.76008E+00    0.00000E+00
 1.20000E+01    1.74527E-14
 1.25000E+01    3.00354E-03
 1.30000E+01    2.06226E-01
 1.35000E+01    1.33512E+00
 1.40000E+01    3.68635E+00
 1.45000E+01    6.99042E+00
 1.50000E+01    9.93731E+00
 1.60000E+01    1.42445E+01
 1.70000E+01    1.48214E+01
 1.80000E+01    1.30977E+01
 1.90000E+01    1.10471E+01
 2.00000E+01    8.18226E+00
 2.10000E+01    6.37629E+00
 2.20000E+01    4.76665E+00
 2.30000E+01    3.40725E+00
 2.40000E+01    2.38236E+00
 2.50000E+01    1.78657E+00
 2.60000E+01    1.38373E+00
 2.70000E+01    1.18587E+00
 2.80000E+01    1.19449E+00
 2.90000E+01    1.35442E+00
 3.00000E+01    1.86653E+00
 3.20000E+01    3.28677E+00
 3.40000E+01    5.73469E+00
 3.60000E+01    7.79456E+00
 3.80000E+01    9.73768E+00
 4.00000E+01    1.05001E+01
 4.20000E+01    1.06593E+01
 4.40000E+01    1.02938E+01
 4.60000E+01    9.64204E+00
 4.80000E+01    9.03494E+00
 5.00000E+01    8.65308E+00
 5.20000E+01    7.42934E+00
 5.40000E+01    6.65439E+00
 5.60000E+01    6.03889E+00
 5.80000E+01    5.61510E+00
 6.00000E+01    5.45888E+00
