# n + Ac226 : (n,np)    
# eaf.2010   Manhattan project, site A         EVAL-JUN10
# uncertainties: n
# # energies =    52
#   E(MeV)       xs(mb) 
 4.99604E+00    0.00000E+00
 6.80000E+00    1.48169E-15
 7.00000E+00    4.92078E-14
 7.20000E+00    8.25885E-13
 7.40000E+00    8.49642E-12
 7.60000E+00    6.44109E-11
 7.80000E+00    3.79653E-10
 8.00000E+00    1.85925E-09
 8.50000E+00    4.77443E-08
 9.00000E+00    6.52180E-07
 9.50000E+00    6.55500E-06
 1.00000E+01    3.80223E-05
 1.05000E+01    1.74046E-04
 1.10000E+01    6.27606E-04
 1.15000E+01    1.98892E-03
 1.20000E+01    5.60960E-03
 1.25000E+01    1.41674E-02
 1.30000E+01    3.20748E-02
 1.35000E+01    6.65668E-02
 1.40000E+01    1.29478E-01
 1.45000E+01    2.37182E-01
 1.50000E+01    4.06496E-01
 1.60000E+01    1.02761E+00
 1.70000E+01    2.21584E+00
 1.80000E+01    4.08063E+00
 1.90000E+01    6.73626E+00
 2.00000E+01    1.02717E+01
 2.10000E+01    1.40622E+01
 2.20000E+01    1.78878E+01
 2.30000E+01    2.18104E+01
 2.40000E+01    2.51726E+01
 2.50000E+01    2.81102E+01
 2.60000E+01    3.07485E+01
 2.70000E+01    3.28301E+01
 2.80000E+01    3.44685E+01
 2.90000E+01    3.62243E+01
 3.00000E+01    3.70439E+01
 3.20000E+01    3.98112E+01
 3.40000E+01    4.01219E+01
 3.60000E+01    4.02382E+01
 3.80000E+01    4.09315E+01
 4.00000E+01    4.00527E+01
 4.20000E+01    4.01015E+01
 4.40000E+01    3.99817E+01
 4.60000E+01    3.92317E+01
 4.80000E+01    3.91683E+01
 5.00000E+01    3.88307E+01
 5.20000E+01    3.85513E+01
 5.40000E+01    3.86292E+01
 5.60000E+01    3.84498E+01
 5.80000E+01    3.65373E+01
 6.00000E+01    3.63082E+01
