# n + Ac226 : (n,2n2a)  
# eaf.2010   Manhattan project, site A         EVAL-JUN10
# uncertainties: n
# # energies =   740
#   E(MeV)       xs(mb) 
 1.00000E-11    1.00000E-17
 2.00000E-11    1.00000E-17
 4.00000E-11    1.00000E-17
 8.00000E-11    1.00000E-17
 1.60000E-10    1.00000E-17
 3.20000E-10    1.00000E-17
 6.40000E-10    1.00000E-17
 1.28000E-09    1.00000E-17
 2.56000E-09    1.00000E-17
 5.12000E-09    1.00000E-17
 1.02400E-08    1.00000E-17
 2.04800E-08    1.00000E-17
 2.53000E-08    1.00000E-17
 5.06000E-08    1.00000E-17
 7.60728E-08    1.00000E-17
 1.52146E-07    1.00000E-17
 3.04291E-07    1.00000E-17
 3.80364E-07    1.00000E-17
 7.60728E-07    1.00000E-17
 1.00000E-06    1.00000E-17
 2.00000E-06    1.00000E-17
 4.00000E-06    1.00000E-17
 8.00000E-06    1.00000E-17
 1.60000E-05    1.00000E-17
 3.20000E-05    1.00000E-17
 6.40000E-05    1.00000E-17
 1.28000E-04    1.00000E-17
 2.56000E-04    1.00000E-17
 5.12000E-04    1.00000E-17
 1.00000E-03    1.00000E-17
 2.00000E-03    1.00000E-17
 4.00000E-03    1.00000E-17
 5.00000E-03    1.00000E-17
 1.00000E-02    1.00000E-17
 2.00000E-02    1.00000E-17
 4.00000E-02    1.00000E-17
 5.00000E-02    1.00000E-17
 1.00000E-01    1.00000E-17
 2.00000E-01    1.00000E-17
 3.00000E-01    1.00000E-17
 4.00000E-01    1.00000E-17
 5.00000E-01    1.00000E-17
 6.00000E-01    1.00000E-17
 7.00000E-01    1.00000E-17
 8.00000E-01    1.00000E-17
 9.00000E-01    1.00000E-17
 1.00000E+00    1.00000E-17
 1.20000E+00    1.00000E-17
 1.40000E+00    1.00000E-17
 1.60000E+00    1.00000E-17
 1.80000E+00    1.00000E-17
 2.00000E+00    1.00000E-17
 2.20000E+00    1.00000E-17
 2.40000E+00    1.00000E-17
 2.60000E+00    1.00000E-17
 2.80000E+00    1.00000E-17
 3.00000E+00    1.00000E-17
 3.20000E+00    1.00000E-17
 3.40000E+00    1.00000E-17
 3.60000E+00    1.00000E-17
 3.80000E+00    1.00000E-17
 4.00000E+00    1.00000E-17
 4.20000E+00    1.00000E-17
 4.40000E+00    1.00000E-17
 4.60000E+00    1.00000E-17
 4.80000E+00    1.00000E-17
 5.00000E+00    1.00000E-17
 5.20000E+00    1.00000E-17
 5.40000E+00    1.00000E-17
 5.60000E+00    1.00000E-17
 5.80000E+00    1.43244E-15
 6.00000E+00    1.62289E-13
 6.20000E+00    2.38179E-12
 6.40000E+00    6.82463E-12
 6.60000E+00    1.35954E-11
 6.80000E+00    1.81931E-10
 7.00000E+00    3.40751E-10
 7.20000E+00    5.99555E-10
 7.40000E+00    1.02038E-09
 7.60000E+00    1.72501E-09
 7.80000E+00    2.90534E-09
 8.00000E+00    4.89504E-09
 8.50000E+00    3.57584E-08
 8.74643E+00    6.51569E-08
 8.87231E+00    8.79531E-08
 8.90406E+00    9.48034E-08
 8.91600E+00    9.75077E-08
 8.92645E+00    9.99371E-08
 8.93561E+00    1.02112E-07
 8.94364E+00    1.04055E-07
 8.95066E+00    1.05784E-07
 8.96297E+00    1.08881E-07
 8.97221E+00    1.11263E-07
 8.97915E+00    1.13083E-07
 8.98957E+00    1.15870E-07
 9.00000E+00    1.18725E-07
 9.00761E+00    1.20871E-07
 9.01510E+00    1.23022E-07
 9.02248E+00    1.25177E-07
 9.02976E+00    1.27335E-07
 9.03692E+00    1.29495E-07
 9.04398E+00    1.31657E-07
 9.05093E+00    1.33821E-07
 9.05779E+00    1.35986E-07
 9.06454E+00    1.38151E-07
 9.07118E+00    1.40316E-07
 9.07773E+00    1.42481E-07
 9.08418E+00    1.44644E-07
 9.09054E+00    1.46805E-07
 9.09680E+00    1.48965E-07
 9.10914E+00    1.53309E-07
 9.12110E+00    1.57638E-07
 9.13271E+00    1.61948E-07
 9.14397E+00    1.66236E-07
 9.15489E+00    1.70499E-07
 9.16549E+00    1.74732E-07
 9.17576E+00    1.78933E-07
 9.18572E+00    1.83099E-07
 9.19538E+00    1.87228E-07
 9.20475E+00    1.91316E-07
 9.21384E+00    1.95362E-07
 9.22265E+00    1.99362E-07
 9.23119E+00    2.03316E-07
 9.23948E+00    2.07221E-07
 9.24751E+00    2.11076E-07
 9.25530E+00    2.14878E-07
 9.26285E+00    2.18627E-07
 9.27017E+00    2.22321E-07
 9.27727E+00    2.25959E-07
 9.28415E+00    2.29540E-07
 9.29082E+00    2.33064E-07
 9.29728E+00    2.36529E-07
 9.30983E+00    2.43389E-07
 9.32160E+00    2.50002E-07
 9.33265E+00    2.56364E-07
 9.34302E+00    2.62475E-07
 9.35276E+00    2.68337E-07
 9.36189E+00    2.73951E-07
 9.37047E+00    2.79321E-07
 9.37851E+00    2.84451E-07
 9.38606E+00    2.89346E-07
 9.39314E+00    2.94011E-07
 9.39978E+00    2.98453E-07
 9.41225E+00    3.06964E-07
 9.42317E+00    3.14610E-07
 9.43274E+00    3.21456E-07
 9.44112E+00    3.27568E-07
 9.44847E+00    3.33011E-07
 9.46132E+00    3.42756E-07
 9.47098E+00    3.50251E-07
 9.47822E+00    3.55980E-07
 9.48911E+00    3.64750E-07
 9.50000E+00    3.73735E-07
 9.50762E+00    3.79928E-07
 9.51512E+00    3.86124E-07
 9.52251E+00    3.92323E-07
 9.52980E+00    3.98521E-07
 9.53697E+00    4.04718E-07
 9.54404E+00    4.10913E-07
 9.55100E+00    4.17104E-07
 9.55786E+00    4.23288E-07
 9.57137E+00    4.35734E-07
 9.58449E+00    4.48140E-07
 9.59721E+00    4.60494E-07
 9.60954E+00    4.72787E-07
 9.62151E+00    4.85009E-07
 9.63312E+00    4.97150E-07
 9.64438E+00    5.09202E-07
 9.65530E+00    5.21155E-07
 9.66589E+00    5.33003E-07
 9.67616E+00    5.44737E-07
 9.68612E+00    5.56350E-07
 9.69578E+00    5.67837E-07
 9.70514E+00    5.79191E-07
 9.71422E+00    5.90406E-07
 9.72303E+00    6.01478E-07
 9.73157E+00    6.12402E-07
 9.73985E+00    6.23174E-07
 9.74787E+00    6.33790E-07
 9.75565E+00    6.44247E-07
 9.76320E+00    6.54541E-07
 9.77051E+00    6.64670E-07
 9.77760E+00    6.74633E-07
 9.79136E+00    6.94361E-07
 9.80427E+00    7.13381E-07
 9.81639E+00    7.31684E-07
 9.82776E+00    7.49270E-07
 9.83844E+00    7.66141E-07
 9.84846E+00    7.82302E-07
 9.85787E+00    7.97762E-07
 9.86669E+00    8.12533E-07
 9.87497E+00    8.26630E-07
 9.88274E+00    8.40067E-07
 9.89003E+00    8.52863E-07
 9.90371E+00    8.77384E-07
 9.91569E+00    8.99416E-07
 9.92619E+00    9.19148E-07
 9.93539E+00    9.36769E-07
 9.94344E+00    9.52463E-07
 9.95049E+00    9.66412E-07
 9.96285E+00    9.91315E-07
 9.97212E+00    1.01041E-06
 9.98605E+00    1.03975E-06
 1.00000E+01    1.06994E-06
 1.00153E+01    1.09748E-06
 1.00301E+01    1.12485E-06
 1.00444E+01    1.15200E-06
 1.00584E+01    1.17893E-06
 1.00719E+01    1.20563E-06
 1.00850E+01    1.23206E-06
 1.00977E+01    1.25822E-06
 1.01100E+01    1.28409E-06
 1.01220E+01    1.30966E-06
 1.01336E+01    1.33492E-06
 1.01449E+01    1.35985E-06
 1.01558E+01    1.38444E-06
 1.01664E+01    1.40870E-06
 1.01766E+01    1.43260E-06
 1.01866E+01    1.45614E-06
 1.01962E+01    1.47931E-06
 1.02056E+01    1.50211E-06
 1.02147E+01    1.52453E-06
 1.02323E+01    1.56893E-06
 1.02488E+01    1.61173E-06
 1.02643E+01    1.65291E-06
 1.02789E+01    1.69248E-06
 1.02926E+01    1.73043E-06
 1.03054E+01    1.76678E-06
 1.03175E+01    1.80155E-06
 1.03288E+01    1.83477E-06
 1.03394E+01    1.86647E-06
 1.03494E+01    1.89669E-06
 1.03587E+01    1.92546E-06
 1.03763E+01    1.98059E-06
 1.03917E+01    2.03012E-06
 1.04051E+01    2.07448E-06
 1.04170E+01    2.11409E-06
 1.04273E+01    2.14936E-06
 1.04454E+01    2.21251E-06
 1.04590E+01    2.26109E-06
 1.04693E+01    2.29822E-06
 1.04846E+01    2.35507E-06
 1.05000E+01    2.41332E-06
 1.05153E+01    2.46867E-06
 1.05301E+01    2.52349E-06
 1.05445E+01    2.57776E-06
 1.05584E+01    2.63145E-06
 1.05719E+01    2.68453E-06
 1.05851E+01    2.73697E-06
 1.05978E+01    2.78875E-06
 1.06101E+01    2.83985E-06
 1.06221E+01    2.89024E-06
 1.06337E+01    2.93990E-06
 1.06450E+01    2.98883E-06
 1.06559E+01    3.03701E-06
 1.06665E+01    3.08442E-06
 1.06768E+01    3.13106E-06
 1.06967E+01    3.22343E-06
 1.07154E+01    3.31250E-06
 1.07330E+01    3.39824E-06
 1.07495E+01    3.48064E-06
 1.07649E+01    3.55970E-06
 1.07795E+01    3.63544E-06
 1.07931E+01    3.70792E-06
 1.08060E+01    3.77718E-06
 1.08180E+01    3.84329E-06
 1.08293E+01    3.90631E-06
 1.08399E+01    3.96633E-06
 1.08597E+01    4.08137E-06
 1.08772E+01    4.18477E-06
 1.08925E+01    4.27738E-06
 1.09058E+01    4.36010E-06
 1.09176E+01    4.43379E-06
 1.09278E+01    4.49929E-06
 1.09458E+01    4.61625E-06
 1.09594E+01    4.70596E-06
 1.09797E+01    4.84381E-06
 1.10000E+01    4.98569E-06
 1.10153E+01    5.10441E-06
 1.10301E+01    5.22211E-06
 1.10445E+01    5.33873E-06
 1.10585E+01    5.45418E-06
 1.10720E+01    5.56840E-06
 1.10851E+01    5.68134E-06
 1.10979E+01    5.79293E-06
 1.11102E+01    5.90312E-06
 1.11222E+01    6.01187E-06
 1.11338E+01    6.11913E-06
 1.11451E+01    6.22486E-06
 1.11560E+01    6.32903E-06
 1.11666E+01    6.43161E-06
 1.11769E+01    6.53256E-06
 1.11868E+01    6.63187E-06
 1.11965E+01    6.72952E-06
 1.12152E+01    6.92282E-06
 1.12328E+01    7.10908E-06
 1.12493E+01    7.28825E-06
 1.12648E+01    7.46032E-06
 1.12794E+01    7.62533E-06
 1.12931E+01    7.78333E-06
 1.13059E+01    7.93443E-06
 1.13179E+01    8.07875E-06
 1.13292E+01    8.21643E-06
 1.13398E+01    8.34764E-06
 1.13498E+01    8.47255E-06
 1.13684E+01    8.71181E-06
 1.13848E+01    8.92670E-06
 1.13991E+01    9.11907E-06
 1.14117E+01    9.29080E-06
 1.14227E+01    9.44371E-06
 1.14420E+01    9.71738E-06
 1.14564E+01    9.92782E-06
 1.14673E+01    1.00887E-05
 1.14836E+01    1.03348E-05
 1.15000E+01    1.05869E-05
 1.15153E+01    1.08037E-05
 1.15302E+01    1.10180E-05
 1.15446E+01    1.12296E-05
 1.15585E+01    1.14385E-05
 1.15721E+01    1.16446E-05
 1.15852E+01    1.18477E-05
 1.15979E+01    1.20479E-05
 1.16103E+01    1.22451E-05
 1.16223E+01    1.24392E-05
 1.16339E+01    1.26301E-05
 1.16452E+01    1.28179E-05
 1.16670E+01    1.31897E-05
 1.16876E+01    1.35480E-05
 1.17069E+01    1.38928E-05
 1.17250E+01    1.42240E-05
 1.17420E+01    1.45417E-05
 1.17579E+01    1.48460E-05
 1.17729E+01    1.51370E-05
 1.17870E+01    1.54150E-05
 1.18002E+01    1.56803E-05
 1.18126E+01    1.59331E-05
 1.18242E+01    1.61738E-05
 1.18460E+01    1.66350E-05
 1.18652E+01    1.70494E-05
 1.18820E+01    1.74204E-05
 1.18966E+01    1.77516E-05
 1.19095E+01    1.80467E-05
 1.19321E+01    1.85748E-05
 1.19490E+01    1.89810E-05
 1.19617E+01    1.92914E-05
 1.19809E+01    1.97667E-05
 1.20000E+01    2.02536E-05
 1.20153E+01    2.06094E-05
 1.20302E+01    2.09601E-05
 1.20446E+01    2.13055E-05
 1.20586E+01    2.16456E-05
 1.20721E+01    2.19801E-05
 1.20853E+01    2.23092E-05
 1.21108E+01    2.29609E-05
 1.21347E+01    2.35891E-05
 1.21573E+01    2.41936E-05
 1.21784E+01    2.47744E-05
 1.21983E+01    2.53316E-05
 1.22169E+01    2.58653E-05
 1.22344E+01    2.63759E-05
 1.22508E+01    2.68637E-05
 1.22663E+01    2.73292E-05
 1.22807E+01    2.77729E-05
 1.22943E+01    2.81955E-05
 1.23199E+01    2.90052E-05
 1.23422E+01    2.97327E-05
 1.23618E+01    3.03842E-05
 1.23790E+01    3.09660E-05
 1.23941E+01    3.14842E-05
 1.24205E+01    3.24120E-05
 1.24403E+01    3.31258E-05
 1.24552E+01    3.36714E-05
 1.24776E+01    3.45067E-05
 1.25000E+01    3.53627E-05
 1.25307E+01    3.64197E-05
 1.25595E+01    3.74393E-05
 1.25866E+01    3.84211E-05
 1.26120E+01    3.93649E-05
 1.26360E+01    4.02707E-05
 1.26584E+01    4.11389E-05
 1.26795E+01    4.19698E-05
 1.26993E+01    4.27640E-05
 1.27179E+01    4.35222E-05
 1.27353E+01    4.42452E-05
 1.27517E+01    4.49339E-05
 1.27825E+01    4.62543E-05
 1.28095E+01    4.74414E-05
 1.28331E+01    4.85051E-05
 1.28539E+01    4.94555E-05
 1.28721E+01    5.03022E-05
 1.28880E+01    5.10550E-05
 1.29159E+01    5.23996E-05
 1.29369E+01    5.34313E-05
 1.29684E+01    5.50170E-05
 1.30000E+01    5.66497E-05
 1.30307E+01    5.79401E-05
 1.30595E+01    5.91765E-05
 1.30866E+01    6.03596E-05
 1.31121E+01    6.14903E-05
 1.31360E+01    6.25695E-05
 1.31585E+01    6.35984E-05
 1.31796E+01    6.45784E-05
 1.32192E+01    6.64568E-05
 1.32540E+01    6.81451E-05
 1.32845E+01    6.96576E-05
 1.33112E+01    7.10085E-05
 1.33347E+01    7.22120E-05
 1.33758E+01    7.43674E-05
 1.34068E+01    7.60261E-05
 1.34300E+01    7.72944E-05
 1.34650E+01    7.92365E-05
 1.35000E+01    8.12275E-05
 1.35615E+01    8.36924E-05
 1.36156E+01    8.59104E-05
 1.36630E+01    8.78994E-05
 1.37047E+01    8.96775E-05
 1.37413E+01    9.12628E-05
 1.38055E+01    9.41048E-05
 1.38539E+01    9.62943E-05
 1.38903E+01    9.79697E-05
 1.39450E+01    1.00538E-04
 1.40000E+01    1.03173E-04
 1.40615E+01    1.04924E-04
 1.41699E+01    1.08060E-04
 1.42517E+01    1.10473E-04
 1.43134E+01    1.12318E-04
 1.44064E+01    1.15144E-04
 1.45000E+01    1.18041E-04
 1.46234E+01    1.20317E-04
 1.48105E+01    1.23814E-04
 1.50000E+01    1.27413E-04
 1.60000E+01    1.28926E-04
 1.60303E+01    1.27179E-04
 1.60893E+01    1.23862E-04
 1.61448E+01    1.20831E-04
 1.61969E+01    1.18056E-04
 1.62460E+01    1.15513E-04
 1.62921E+01    1.13179E-04
 1.63355E+01    1.11033E-04
 1.63762E+01    1.09058E-04
 1.64145E+01    1.07239E-04
 1.64505E+01    1.05561E-04
 1.64844E+01    1.04012E-04
 1.65161E+01    1.02580E-04
 1.65758E+01    9.99485E-05
 1.66283E+01    9.77012E-05
 1.66743E+01    9.57763E-05
 1.67147E+01    9.41232E-05
 1.67501E+01    9.27001E-05
 1.67811E+01    9.14726E-05
 1.68356E+01    8.93634E-05
 1.68765E+01    8.78135E-05
 1.69382E+01    8.55389E-05
 1.70000E+01    8.33232E-05
 1.71219E+01    8.52585E-05
 1.72293E+01    8.69886E-05
 1.73238E+01    8.85313E-05
 1.74904E+01    9.12972E-05
 1.76164E+01    9.34281E-05
 1.77116E+01    9.50589E-05
 1.78552E+01    9.75586E-05
 1.80000E+01    1.00124E-04
 1.80609E+01    1.02493E-04
 1.81182E+01    1.04764E-04
 1.81721E+01    1.06940E-04
 1.82228E+01    1.09020E-04
 1.82704E+01    1.11007E-04
 1.83152E+01    1.12903E-04
 1.83573E+01    1.14710E-04
 1.84364E+01    1.18175E-04
 1.85059E+01    1.21294E-04
 1.85670E+01    1.24090E-04
 1.86206E+01    1.26589E-04
 1.86676E+01    1.28817E-04
 1.87501E+01    1.32811E-04
 1.88123E+01    1.35888E-04
 1.88590E+01    1.38242E-04
 1.89294E+01    1.41850E-04
 1.90000E+01    1.45552E-04
 1.90305E+01    1.47904E-04
 1.90601E+01    1.50219E-04
 1.90887E+01    1.52496E-04
 1.91445E+01    1.57006E-04
 1.91968E+01    1.61355E-04
 1.92461E+01    1.65542E-04
 1.92924E+01    1.69566E-04
 1.93358E+01    1.73427E-04
 1.93767E+01    1.77127E-04
 1.94151E+01    1.80667E-04
 1.94511E+01    1.84050E-04
 1.94850E+01    1.87279E-04
 1.95168E+01    1.90358E-04
 1.95466E+01    1.93290E-04
 1.96027E+01    1.98910E-04
 1.96520E+01    2.03962E-04
 1.96951E+01    2.08487E-04
 1.97330E+01    2.12529E-04
 1.97662E+01    2.16129E-04
 1.98244E+01    2.22579E-04
 1.98681E+01    2.27541E-04
 1.99010E+01    2.31336E-04
 1.99504E+01    2.37146E-04
 2.00000E+01    2.43103E-04
 2.00611E+01    2.48011E-04
 2.01185E+01    2.52702E-04
 2.01725E+01    2.57180E-04
 2.02233E+01    2.61450E-04
 2.02710E+01    2.65518E-04
 2.03607E+01    2.73317E-04
 2.04395E+01    2.80328E-04
 2.05087E+01    2.86611E-04
 2.05695E+01    2.92223E-04
 2.06228E+01    2.97224E-04
 2.07165E+01    3.06183E-04
 2.07870E+01    3.13079E-04
 2.08401E+01    3.18352E-04
 2.09199E+01    3.26430E-04
 2.10000E+01    3.34712E-04
 2.10611E+01    3.41771E-04
 2.11186E+01    3.48523E-04
 2.11727E+01    3.54975E-04
 2.12235E+01    3.61132E-04
 2.12712E+01    3.67001E-04
 2.13609E+01    3.78264E-04
 2.14398E+01    3.88402E-04
 2.15090E+01    3.97495E-04
 2.15698E+01    4.05627E-04
 2.16231E+01    4.12878E-04
 2.16699E+01    4.19329E-04
 2.17519E+01    4.30861E-04
 2.18137E+01    4.39719E-04
 2.18601E+01    4.46481E-04
 2.19299E+01    4.56820E-04
 2.20000E+01    4.67398E-04
 2.20306E+01    4.75346E-04
 2.20602E+01    4.83175E-04
 2.20890E+01    4.90882E-04
 2.21169E+01    4.98465E-04
 2.21440E+01    5.05923E-04
 2.21966E+01    5.20691E-04
 2.22460E+01    5.34928E-04
 2.22923E+01    5.48629E-04
 2.23359E+01    5.61792E-04
 2.23769E+01    5.74418E-04
 2.24153E+01    5.86514E-04
 2.24514E+01    5.98084E-04
 2.24853E+01    6.09138E-04
 2.25171E+01    6.19687E-04
 2.25470E+01    6.29743E-04
 2.25751E+01    6.39318E-04
 2.26278E+01    6.57666E-04
 2.26740E+01    6.74152E-04
 2.27145E+01    6.88916E-04
 2.27500E+01    7.02099E-04
 2.27811E+01    7.13841E-04
 2.28356E+01    7.34864E-04
 2.28766E+01    7.51037E-04
 2.29074E+01    7.63400E-04
 2.29536E+01    7.82326E-04
 2.30000E+01    8.01722E-04
 2.30613E+01    8.24270E-04
 2.31188E+01    8.45984E-04
 2.31730E+01    8.66861E-04
 2.32238E+01    8.86900E-04
 2.32716E+01    9.06107E-04
 2.33164E+01    9.24491E-04
 2.33586E+01    9.42065E-04
 2.33982E+01    9.58844E-04
 2.34353E+01    9.74846E-04
 2.34702E+01    9.90090E-04
 2.35358E+01    1.01932E-03
 2.35933E+01    1.04560E-03
 2.36438E+01    1.06915E-03
 2.36880E+01    1.09019E-03
 2.37268E+01    1.10894E-03
 2.37608E+01    1.12561E-03
 2.38204E+01    1.15540E-03
 2.38651E+01    1.17825E-03
 2.39325E+01    1.21338E-03
 2.40000E+01    1.24955E-03
 2.40613E+01    1.27416E-03
 2.41189E+01    1.29766E-03
 2.41731E+01    1.32010E-03
 2.42239E+01    1.34148E-03
 2.43196E+01    1.38251E-03
 2.44036E+01    1.41944E-03
 2.44774E+01    1.45256E-03
 2.45421E+01    1.48217E-03
 2.45989E+01    1.50858E-03
 2.46487E+01    1.53207E-03
 2.47360E+01    1.57407E-03
 2.48018E+01    1.60632E-03
 2.48512E+01    1.63094E-03
 2.49255E+01    1.66858E-03
 2.50000E+01    1.70709E-03
 2.51229E+01    1.74553E-03
 2.52309E+01    1.77988E-03
 2.53258E+01    1.81049E-03
 2.54927E+01    1.86533E-03
 2.56186E+01    1.90755E-03
 2.57134E+01    1.93983E-03
 2.58563E+01    1.98929E-03
 2.60000E+01    2.04001E-03
 2.60614E+01    2.07937E-03
 2.61191E+01    2.11696E-03
 2.61733E+01    2.15281E-03
 2.62242E+01    2.18697E-03
 2.63200E+01    2.25250E-03
 2.64040E+01    2.31145E-03
 2.64778E+01    2.36429E-03
 2.65425E+01    2.41151E-03
 2.65993E+01    2.45361E-03
 2.66490E+01    2.49105E-03
 2.67363E+01    2.55794E-03
 2.68020E+01    2.60929E-03
 2.69008E+01    2.68824E-03
 2.70000E+01    2.76959E-03
 2.71230E+01    2.83676E-03
 2.72311E+01    2.89686E-03
 2.73261E+01    2.95050E-03
 2.74094E+01    2.99824E-03
 2.75559E+01    3.08366E-03
 2.76662E+01    3.14932E-03
 2.77493E+01    3.19948E-03
 2.78744E+01    3.27623E-03
 2.80000E+01    3.35481E-03
 2.82467E+01    3.43217E-03
 2.86209E+01    3.55157E-03
 2.90000E+01    3.67513E-03
 2.91232E+01    3.75849E-03
 2.92313E+01    3.83297E-03
 2.93263E+01    3.89936E-03
 2.94933E+01    4.01831E-03
 2.96192E+01    4.10990E-03
 2.97139E+01    4.17996E-03
 2.98566E+01    4.28729E-03
 3.00000E+01    4.39738E-03
 3.04880E+01    4.52214E-03
 3.12348E+01    4.71596E-03
 3.20000E+01    4.91808E-03
 3.22434E+01    4.84162E-03
 3.24579E+01    4.77569E-03
 3.26468E+01    4.71874E-03
 3.29800E+01    4.62070E-03
 3.32321E+01    4.54851E-03
 3.34224E+01    4.49512E-03
 3.37100E+01    4.41619E-03
 3.40000E+01    4.33865E-03
 3.44893E+01    4.46547E-03
 3.48610E+01    4.56302E-03
 3.54259E+01    4.71335E-03
 3.60000E+01    4.86863E-03
 3.62441E+01    4.76795E-03
 3.64591E+01    4.68155E-03
 3.66482E+01    4.60725E-03
 3.68145E+01    4.54320E-03
 3.71074E+01    4.43325E-03
 3.73286E+01    4.35253E-03
 3.74953E+01    4.29296E-03
 3.77468E+01    4.20513E-03
 3.80000E+01    4.11910E-03
 3.84904E+01    4.22397E-03
 3.92380E+01    4.38629E-03
 4.00000E+01    4.55486E-03
 4.20000E+01    4.65663E-03
 4.24913E+01    4.60896E-03
 4.32391E+01    4.53838E-03
 4.40000E+01    4.46887E-03
 4.44917E+01    4.56757E-03
 4.52396E+01    4.71971E-03
 4.60000E+01    4.87693E-03
 4.64920E+01    4.78776E-03
 4.68645E+01    4.72196E-03
 4.74289E+01    4.62494E-03
 4.80000E+01    4.52992E-03
 4.84924E+01    4.47174E-03
 4.92404E+01    4.38586E-03
 5.00000E+01    4.30164E-03
 5.01227E+01    4.22639E-03
 5.02380E+01    4.15705E-03
 5.03464E+01    4.09306E-03
 5.04482E+01    4.03398E-03
 5.05438E+01    3.97936E-03
 5.07236E+01    3.87893E-03
 5.08814E+01    3.79314E-03
 5.10199E+01    3.71963E-03
 5.11414E+01    3.65648E-03
 5.12479E+01    3.60211E-03
 5.14349E+01    3.50888E-03
 5.15756E+01    3.44056E-03
 5.16814E+01    3.39018E-03
 5.18404E+01    3.31601E-03
 5.20000E+01    3.24345E-03
 5.24929E+01    3.16718E-03
 5.28657E+01    3.11116E-03
 5.31470E+01    3.06979E-03
 5.35718E+01    3.00878E-03
 5.40000E+01    2.94897E-03
 5.41229E+01    2.89928E-03
 5.42383E+01    2.85346E-03
 5.43468E+01    2.81115E-03
 5.44487E+01    2.77207E-03
 5.46402E+01    2.70024E-03
 5.48084E+01    2.63891E-03
 5.49559E+01    2.58640E-03
 5.50854E+01    2.54131E-03
 5.51989E+01    2.50249E-03
 5.52984E+01    2.46902E-03
 5.54730E+01    2.41152E-03
 5.56043E+01    2.36927E-03
 5.58018E+01    2.30729E-03
 5.60000E+01    2.24692E-03
 5.61230E+01    2.28713E-03
 5.62385E+01    2.32547E-03
 5.63470E+01    2.36201E-03
 5.65510E+01    2.43207E-03
 5.67301E+01    2.49507E-03
 5.68873E+01    2.55153E-03
 5.70252E+01    2.60198E-03
 5.71462E+01    2.64695E-03
 5.73585E+01    2.72751E-03
 5.75182E+01    2.78954E-03
 5.76383E+01    2.83699E-03
 5.78188E+01    2.90967E-03
 5.80000E+01    2.98422E-03
 5.81230E+01    2.93076E-03
 5.82386E+01    2.88150E-03
 5.83472E+01    2.83608E-03
 5.84491E+01    2.79415E-03
 5.85449E+01    2.75540E-03
 5.87248E+01    2.68419E-03
 5.88827E+01    2.62339E-03
 5.90212E+01    2.57132E-03
 5.91427E+01    2.52661E-03
 5.92492E+01    2.48813E-03
 5.93425E+01    2.45493E-03
 5.95062E+01    2.39791E-03
 5.96293E+01    2.35601E-03
 5.98144E+01    2.29453E-03
 6.00000E+01    2.23466E-03
