# n + Ac226 : (n,nh)    
# eaf.2010   Manhattan project, site A         EVAL-JUN10
# uncertainties: n
# # energies =    30
#   E(MeV)       xs(mb) 
 9.04790E+00    0.00000E+00
 1.70000E+01    2.80845E-14
 1.80000E+01    2.18971E-12
 1.90000E+01    9.41455E-11
 2.00000E+01    1.72156E-09
 2.10000E+01    2.21216E-08
 2.20000E+01    1.99449E-07
 2.30000E+01    1.38191E-06
 2.40000E+01    7.77785E-06
 2.50000E+01    3.68752E-05
 2.60000E+01    1.38806E-04
 2.70000E+01    4.68315E-04
 2.80000E+01    1.52391E-03
 2.90000E+01    3.92361E-03
 3.00000E+01    1.06160E-02
 3.20000E+01    4.61269E-02
 3.40000E+01    1.32889E-01
 3.60000E+01    2.88857E-01
 3.80000E+01    4.80470E-01
 4.00000E+01    6.45660E-01
 4.20000E+01    7.52362E-01
 4.40000E+01    8.67638E-01
 4.60000E+01    9.28265E-01
 4.80000E+01    9.48431E-01
 5.00000E+01    8.16795E-01
 5.20000E+01    8.07196E-01
 5.40000E+01    8.04810E-01
 5.60000E+01    8.11153E-01
 5.80000E+01    7.97121E-01
 6.00000E+01    7.14100E-01
