# n + Ac226 : (n,nt2a)  
# eaf.2010   Manhattan project, site A         EVAL-JUN10
# uncertainties: n
# # energies =   290
#   E(MeV)       xs(mb) 
 1.00000E-11    1.00000E-17
 2.00000E-11    1.00000E-17
 4.00000E-11    1.00000E-17
 8.00000E-11    1.00000E-17
 1.60000E-10    1.00000E-17
 3.20000E-10    1.00000E-17
 6.40000E-10    1.00000E-17
 1.28000E-09    1.00000E-17
 2.56000E-09    1.00000E-17
 5.12000E-09    1.00000E-17
 1.02400E-08    1.00000E-17
 2.04800E-08    1.00000E-17
 2.53000E-08    1.00000E-17
 5.06000E-08    1.00000E-17
 7.60728E-08    1.00000E-17
 1.52146E-07    1.00000E-17
 3.04291E-07    1.00000E-17
 3.80364E-07    1.00000E-17
 7.60728E-07    1.00000E-17
 1.00000E-06    1.00000E-17
 2.00000E-06    1.00000E-17
 4.00000E-06    1.00000E-17
 8.00000E-06    1.00000E-17
 1.60000E-05    1.00000E-17
 3.20000E-05    1.00000E-17
 6.40000E-05    1.00000E-17
 1.28000E-04    1.00000E-17
 2.56000E-04    1.00000E-17
 5.12000E-04    1.00000E-17
 1.00000E-03    1.00000E-17
 2.00000E-03    1.00000E-17
 4.00000E-03    1.00000E-17
 5.00000E-03    1.00000E-17
 1.00000E-02    1.00000E-17
 2.00000E-02    1.00000E-17
 4.00000E-02    1.00000E-17
 5.00000E-02    1.00000E-17
 1.00000E-01    1.00000E-17
 2.00000E-01    1.00000E-17
 3.00000E-01    1.00000E-17
 4.00000E-01    1.00000E-17
 5.00000E-01    1.00000E-17
 6.00000E-01    1.00000E-17
 7.00000E-01    1.00000E-17
 8.00000E-01    1.00000E-17
 9.00000E-01    1.00000E-17
 1.00000E+00    1.00000E-17
 1.20000E+00    1.00000E-17
 1.40000E+00    1.00000E-17
 1.60000E+00    1.00000E-17
 1.80000E+00    1.00000E-17
 2.00000E+00    1.00000E-17
 2.20000E+00    1.00000E-17
 2.40000E+00    1.00000E-17
 2.60000E+00    1.00000E-17
 2.80000E+00    1.00000E-17
 3.00000E+00    1.00000E-17
 3.20000E+00    1.00000E-17
 3.40000E+00    1.00000E-17
 3.60000E+00    1.00000E-17
 3.80000E+00    1.00000E-17
 4.00000E+00    1.00000E-17
 4.20000E+00    1.00000E-17
 4.40000E+00    1.00000E-17
 4.60000E+00    1.00000E-17
 4.80000E+00    1.00000E-17
 5.00000E+00    1.00000E-17
 5.20000E+00    1.00000E-17
 5.40000E+00    1.00000E-17
 5.60000E+00    1.00000E-17
 5.80000E+00    1.00000E-17
 6.00000E+00    1.00000E-17
 6.20000E+00    1.00000E-17
 6.40000E+00    1.00000E-17
 6.60000E+00    1.00000E-17
 6.80000E+00    1.00000E-17
 7.00000E+00    1.00000E-17
 7.20000E+00    1.00000E-17
 7.40000E+00    1.00000E-17
 7.60000E+00    1.00000E-17
 7.80000E+00    1.00000E-17
 8.00000E+00    1.00000E-17
 8.50000E+00    1.00000E-17
 9.00000E+00    1.00000E-17
 9.50000E+00    1.00000E-17
 1.00000E+01    1.00000E-17
 1.05000E+01    1.00000E-17
 1.10000E+01    1.00000E-17
 1.15000E+01    1.00000E-17
 1.20000E+01    1.00000E-17
 1.25000E+01    1.00000E-17
 1.30000E+01    1.00000E-17
 1.35000E+01    1.00000E-17
 1.40000E+01    1.00000E-17
 1.45000E+01    1.00000E-17
 1.50000E+01    2.67623E-17
 1.60000E+01    1.83416E-15
 1.70000E+01    4.15588E-14
 1.80000E+01    5.99874E-13
 1.90000E+01    8.76113E-12
 2.00000E+01    5.70849E-11
 2.10000E+01    3.47027E-10
 2.20000E+01    1.84346E-09
 2.30000E+01    7.71315E-09
 2.40000E+01    5.31771E-08
 2.44949E+01    8.70511E-08
 2.46202E+01    9.84661E-08
 2.46438E+01    1.00767E-07
 2.46659E+01    1.02974E-07
 2.46866E+01    1.05086E-07
 2.47061E+01    1.07106E-07
 2.47244E+01    1.09034E-07
 2.47415E+01    1.10874E-07
 2.47576E+01    1.12627E-07
 2.47727E+01    1.14295E-07
 2.48010E+01    1.17491E-07
 2.48258E+01    1.20360E-07
 2.48475E+01    1.22927E-07
 2.48665E+01    1.25219E-07
 2.48831E+01    1.27259E-07
 2.49123E+01    1.30910E-07
 2.49342E+01    1.33717E-07
 2.49506E+01    1.35861E-07
 2.49753E+01    1.39143E-07
 2.50000E+01    1.42503E-07
 2.50307E+01    1.44927E-07
 2.50604E+01    1.47314E-07
 2.50892E+01    1.49664E-07
 2.51172E+01    1.51977E-07
 2.51443E+01    1.54251E-07
 2.51970E+01    1.58755E-07
 2.52464E+01    1.63096E-07
 2.52929E+01    1.67274E-07
 2.53365E+01    1.71288E-07
 2.53775E+01    1.75139E-07
 2.54160E+01    1.78827E-07
 2.54521E+01    1.82356E-07
 2.54860E+01    1.85727E-07
 2.55178E+01    1.88944E-07
 2.55477E+01    1.92010E-07
 2.55757E+01    1.94930E-07
 2.56284E+01    2.00526E-07
 2.56745E+01    2.05553E-07
 2.57150E+01    2.10056E-07
 2.57504E+01    2.14076E-07
 2.57815E+01    2.17657E-07
 2.58360E+01    2.24068E-07
 2.58769E+01    2.29001E-07
 2.59076E+01    2.32771E-07
 2.59538E+01    2.38543E-07
 2.60000E+01    2.44458E-07
 2.60307E+01    2.50171E-07
 2.60604E+01    2.55833E-07
 2.60893E+01    2.61440E-07
 2.61173E+01    2.66989E-07
 2.61444E+01    2.72477E-07
 2.61708E+01    2.77900E-07
 2.61963E+01    2.83258E-07
 2.62210E+01    2.88546E-07
 2.62450E+01    2.93763E-07
 2.62683E+01    2.98907E-07
 2.62909E+01    3.03977E-07
 2.63127E+01    3.08970E-07
 2.63339E+01    3.13885E-07
 2.63545E+01    3.18720E-07
 2.63744E+01    3.23476E-07
 2.64131E+01    3.32894E-07
 2.64494E+01    3.41971E-07
 2.64835E+01    3.50706E-07
 2.65155E+01    3.59098E-07
 2.65455E+01    3.67147E-07
 2.65737E+01    3.74857E-07
 2.66001E+01    3.82232E-07
 2.66250E+01    3.89278E-07
 2.66482E+01    3.96002E-07
 2.66701E+01    4.02410E-07
 2.66906E+01    4.08513E-07
 2.67291E+01    4.20205E-07
 2.67628E+01    4.30710E-07
 2.67923E+01    4.40117E-07
 2.68182E+01    4.48516E-07
 2.68409E+01    4.55997E-07
 2.68806E+01    4.69391E-07
 2.69104E+01    4.79693E-07
 2.69327E+01    4.87568E-07
 2.69664E+01    4.99624E-07
 2.70000E+01    5.11977E-07
 2.70614E+01    5.20118E-07
 2.71770E+01    5.35734E-07
 2.72786E+01    5.49781E-07
 2.73677E+01    5.62374E-07
 2.74460E+01    5.73630E-07
 2.75146E+01    5.83663E-07
 2.76352E+01    6.01646E-07
 2.77259E+01    6.15495E-07
 2.77942E+01    6.26091E-07
 2.78969E+01    6.42328E-07
 2.80000E+01    6.58986E-07
 2.80615E+01    6.72149E-07
 2.81192E+01    6.84728E-07
 2.81735E+01    6.96734E-07
 2.82244E+01    7.08181E-07
 2.82723E+01    7.19084E-07
 2.83623E+01    7.39980E-07
 2.84412E+01    7.58762E-07
 2.85105E+01    7.75587E-07
 2.85712E+01    7.90615E-07
 2.86245E+01    8.04003E-07
 2.87179E+01    8.27979E-07
 2.87882E+01    8.46429E-07
 2.88410E+01    8.60536E-07
 2.89204E+01    8.82139E-07
 2.90000E+01    9.04284E-07
 2.91232E+01    9.28266E-07
 2.92313E+01    9.49770E-07
 2.93263E+01    9.68996E-07
 2.94097E+01    9.86137E-07
 2.95562E+01    1.01687E-06
 2.96665E+01    1.04054E-06
 2.97495E+01    1.05866E-06
 2.98745E+01    1.08642E-06
 3.00000E+01    1.11492E-06
 3.01213E+01    1.13440E-06
 3.02354E+01    1.15298E-06
 3.04505E+01    1.18862E-06
 3.06400E+01    1.22072E-06
 3.08068E+01    1.24951E-06
 3.09535E+01    1.27526E-06
 3.10824E+01    1.29823E-06
 3.13093E+01    1.33942E-06
 3.14806E+01    1.37117E-06
 3.16096E+01    1.39548E-06
 3.18042E+01    1.43275E-06
 3.20000E+01    1.47101E-06
 3.22434E+01    1.50937E-06
 3.24579E+01    1.54375E-06
 3.26468E+01    1.57448E-06
 3.28130E+01    1.60187E-06
 3.31058E+01    1.65095E-06
 3.33271E+01    1.68874E-06
 3.34941E+01    1.71766E-06
 3.37461E+01    1.76196E-06
 3.40000E+01    1.80740E-06
 3.44893E+01    1.78646E-06
 3.52366E+01    1.75551E-06
 3.60000E+01    1.72509E-06
 3.62441E+01    1.76010E-06
 3.64591E+01    1.79131E-06
 3.68384E+01    1.84727E-06
 3.71254E+01    1.89038E-06
 3.75602E+01    1.95695E-06
 3.80000E+01    2.02586E-06
 3.81220E+01    2.06254E-06
 3.82368E+01    2.09753E-06
 3.83447E+01    2.13086E-06
 3.85478E+01    2.19481E-06
 3.87264E+01    2.25234E-06
 3.88833E+01    2.30391E-06
 3.90212E+01    2.35000E-06
 3.91422E+01    2.39109E-06
 3.93549E+01    2.46472E-06
 3.95152E+01    2.52143E-06
 3.96359E+01    2.56482E-06
 3.98175E+01    2.63131E-06
 4.00000E+01    2.69952E-06
 4.20000E+01    2.86883E-06
 4.22449E+01    2.82523E-06
 4.24604E+01    2.78763E-06
 4.28402E+01    2.72302E-06
 4.31273E+01    2.67555E-06
 4.33438E+01    2.64049E-06
 4.36707E+01    2.58876E-06
 4.40000E+01    2.53804E-06
 4.44917E+01    2.51205E-06
 4.52396E+01    2.47357E-06
 4.60000E+01    2.43568E-06
 4.62454E+01    2.40319E-06
 4.66779E+01    2.34738E-06
 4.70050E+01    2.30637E-06
 4.72518E+01    2.27608E-06
 4.76244E+01    2.23140E-06
 4.80000E+01    2.18759E-06
 5.00000E+01    2.16889E-06
 5.20000E+01    2.28141E-06
 5.24929E+01    2.33076E-06
 5.32411E+01    2.40680E-06
 5.40000E+01    2.48532E-06
 5.60000E+01    2.47251E-06
 5.80000E+01    2.58036E-06
 6.00000E+01    2.56342E-06
