# n + Ac226 : (n,2np)   
# eaf.2010   Manhattan project, site A         EVAL-JUN10
# uncertainties: n
# # energies =    38
#   E(MeV)       xs(mb) 
 9.91987E+00    0.00000E+00
 1.20000E+01    7.13290E-15
 1.25000E+01    3.19773E-12
 1.30000E+01    1.91380E-10
 1.35000E+01    7.22307E-09
 1.40000E+01    1.27481E-07
 1.45000E+01    1.38869E-06
 1.50000E+01    1.01281E-05
 1.60000E+01    2.27087E-04
 1.70000E+01    2.31266E-03
 1.80000E+01    1.41591E-02
 1.90000E+01    6.23511E-02
 2.00000E+01    2.03106E-01
 2.10000E+01    5.61838E-01
 2.20000E+01    1.30296E+00
 2.30000E+01    2.61618E+00
 2.40000E+01    4.63419E+00
 2.50000E+01    7.52562E+00
 2.60000E+01    1.09855E+01
 2.70000E+01    1.51575E+01
 2.80000E+01    1.97385E+01
 2.90000E+01    2.44830E+01
 3.00000E+01    2.92606E+01
 3.20000E+01    3.77443E+01
 3.40000E+01    4.47999E+01
 3.60000E+01    5.00085E+01
 3.80000E+01    5.22801E+01
 4.00000E+01    5.52130E+01
 4.20000E+01    5.55174E+01
 4.40000E+01    5.71911E+01
 4.60000E+01    5.61617E+01
 4.80000E+01    5.64476E+01
 5.00000E+01    5.67971E+01
 5.20000E+01    5.54050E+01
 5.40000E+01    5.53726E+01
 5.60000E+01    5.47576E+01
 5.80000E+01    5.45323E+01
 6.00000E+01    5.40825E+01
