# n + Ac237 : (n,3n)    
# tendl.2017 A.J. Koning and D. Rochman        EVAL-NOV17
# uncertainties: y
# # energies =    57
#   E(MeV)       xs(mb)       xslow(mb)      xsupp(mb)
 9.52014E+00    0.00000E+00    0.00000E+00    0.00000E+00
 1.00000E+01    1.77358E+01    4.38309E+00    3.10885E+01
 1.05000E+01    1.21380E+02    2.99969E+01    2.12763E+02
 1.10000E+01    2.99521E+02    7.40213E+01    5.25021E+02
 1.15000E+01    5.50781E+02    1.36116E+02    9.65446E+02
 1.20000E+01    8.27182E+02    2.04423E+02    1.44994E+03
 1.25000E+01    1.09889E+03    2.71571E+02    1.92621E+03
 1.30000E+01    1.33577E+03    4.86123E+02    2.18542E+03
 1.35000E+01    1.53142E+03    5.57325E+02    2.50552E+03
 1.40000E+01    1.68270E+03    6.12380E+02    2.75302E+03
 1.45000E+01    1.79999E+03    6.55065E+02    2.94492E+03
 1.50000E+01    1.88802E+03    6.87101E+02    3.08894E+03
 1.60000E+01    1.97651E+03    6.50593E+02    3.30243E+03
 1.70000E+01    1.93508E+03    6.36956E+02    3.23320E+03
 1.80000E+01    1.73964E+03    5.72624E+02    2.90666E+03
 1.90000E+01    1.43862E+03    4.73540E+02    2.40370E+03
 2.00000E+01    1.13852E+03    3.19735E+02    1.95731E+03
 2.10000E+01    8.82596E+02    2.47863E+02    1.51733E+03
 2.20000E+01    6.88444E+02    1.93338E+02    1.18355E+03
 2.30000E+01    5.52326E+02    1.55112E+02    9.49540E+02
 2.40000E+01    4.65710E+02    8.08115E+01    8.50609E+02
 2.50000E+01    4.01360E+02    6.96452E+01    7.33075E+02
 2.60000E+01    3.55921E+02    6.17605E+01    6.50081E+02
 2.70000E+01    3.27132E+02    5.67650E+01    5.97499E+02
 2.80000E+01    3.01071E+02    5.22428E+01    5.49899E+02
 2.90000E+01    2.84531E+02    4.93727E+01    5.19689E+02
 3.00000E+01    2.67073E+02    4.63433E+01    4.87803E+02
 3.00000E+01    2.69442E+02    4.67545E+01    4.92130E+02
 3.20000E+01    2.48843E+02    4.31800E+01    4.54506E+02
 3.40000E+01    2.30484E+02    3.99944E+01    4.20974E+02
 3.60000E+01    2.14752E+02    3.72645E+01    3.92240E+02
 3.80000E+01    2.02784E+02    3.51878E+01    3.70381E+02
 4.00000E+01    1.90780E+02    3.31047E+01    3.48455E+02
 4.20000E+01    1.82576E+02    3.16811E+01    3.33470E+02
 4.40000E+01    1.71961E+02    2.98392E+01    3.14082E+02
 4.60000E+01    1.65591E+02    2.87339E+01    3.02448E+02
 4.80000E+01    1.56594E+02    2.71727E+01    2.86016E+02
 5.00000E+01    1.50021E+02    2.60322E+01    2.74010E+02
 5.20000E+01    1.46710E+02    2.54576E+01    2.67963E+02
 5.40000E+01    1.41801E+02    2.46058E+01    2.58997E+02
 5.60000E+01    1.36717E+02    2.37235E+01    2.49710E+02
 5.80000E+01    1.33363E+02    2.31416E+01    2.43585E+02
 6.00000E+01    1.29760E+02    2.25164E+01    2.37004E+02
 6.50000E+01    1.21592E+02    2.10990E+01    2.22085E+02
 7.00000E+01    1.14247E+02    1.98246E+01    2.08670E+02
 7.50000E+01    1.08923E+02    1.89006E+01    1.98945E+02
 8.00000E+01    1.03819E+02    1.80150E+01    1.89623E+02
 9.00000E+01    9.59344E+01    1.66468E+01    1.75222E+02
 1.00000E+02    8.83386E+01    1.53288E+01    1.61348E+02
 1.10000E+02    8.30729E+01    1.44151E+01    1.51731E+02
 1.20000E+02    7.68329E+01    1.33323E+01    1.40333E+02
 1.30000E+02    7.29180E+01    1.26530E+01    1.33183E+02
 1.40000E+02    6.82203E+01    1.18378E+01    1.24603E+02
 1.50000E+02    6.41441E+01    1.11305E+01    1.17158E+02
 1.60000E+02    6.13945E+01    1.06534E+01    1.12136E+02
 1.80000E+02    5.36766E+01    9.31412E+00    9.80390E+01
 2.00000E+02    5.10411E+01    8.85682E+00    9.32254E+01
