# n + Ac237 : (n,xt)    
# tendl.2017 A.J. Koning and D. Rochman        EVAL-NOV17
# 
# # energies =   104
#   E(MeV)        xs(mb) 
 1.10171E-01    0.00000E+00
 2.00000E-01    0.00000E+00
 3.00000E-01    0.00000E+00
 4.00000E-01    0.00000E+00
 5.00000E-01    0.00000E+00
 6.00000E-01    0.00000E+00
 7.00000E-01    0.00000E+00
 8.00000E-01    0.00000E+00
 9.00000E-01    0.00000E+00
 1.00000E+00    0.00000E+00
 1.20000E+00    0.00000E+00
 1.40000E+00    0.00000E+00
 1.60000E+00    0.00000E+00
 1.80000E+00    0.00000E+00
 2.00000E+00    0.00000E+00
 2.20000E+00    0.00000E+00
 2.40000E+00    0.00000E+00
 2.60000E+00    0.00000E+00
 2.80000E+00    0.00000E+00
 3.00000E+00    0.00000E+00
 3.20000E+00    0.00000E+00
 3.40000E+00    0.00000E+00
 3.60000E+00    0.00000E+00
 3.80000E+00    0.00000E+00
 4.00000E+00    2.89983E-18
 4.20000E+00    6.47390E-18
 4.40000E+00    1.00480E-17
 4.60000E+00    1.36221E-17
 4.80000E+00    1.71961E-17
 5.00000E+00    2.07702E-17
 5.20000E+00    2.43443E-17
 5.40000E+00    2.79184E-17
 5.60000E+00    3.14924E-17
 5.80000E+00    3.50665E-17
 6.00000E+00    3.86406E-17
 6.20000E+00    4.22146E-17
 6.40000E+00    4.57887E-17
 6.60000E+00    4.93628E-17
 6.80000E+00    5.29369E-17
 7.00000E+00    5.65110E-17
 7.20000E+00    6.00850E-17
 7.40000E+00    6.36591E-17
 7.60000E+00    4.09990E-16
 7.80000E+00    2.29677E-15
 8.00000E+00    1.23510E-14
 8.50000E+00    1.88493E-12
 9.00000E+00    3.97450E-11
 9.50000E+00    6.24174E-10
 1.00000E+01    7.74318E-09
 1.05000E+01    7.80688E-08
 1.10000E+01    6.34912E-07
 1.15000E+01    4.17633E-06
 1.20000E+01    2.25423E-05
 1.25000E+01    1.01557E-04
 1.30000E+01    3.88405E-04
 1.35000E+01    1.27936E-03
 1.40000E+01    3.67993E-03
 1.45000E+01    9.36140E-03
 1.50000E+01    2.12841E-02
 1.60000E+01    8.17978E-02
 1.70000E+01    2.24904E-01
 1.80000E+01    4.78827E-01
 1.90000E+01    8.49123E-01
 2.00000E+01    1.32474E+00
 2.10000E+01    1.88696E+00
 2.20000E+01    2.51373E+00
 2.30000E+01    3.18039E+00
 2.40000E+01    3.84790E+00
 2.50000E+01    4.49481E+00
 2.60000E+01    5.00901E+00
 2.70000E+01    5.38628E+00
 2.80000E+01    5.63941E+00
 2.90000E+01    5.78133E+00
 3.00000E+01    5.79289E+00
 3.00000E+01    8.24701E+00
 3.20000E+01    9.72236E+00
 3.40000E+01    1.13150E+01
 3.60000E+01    1.31769E+01
 3.80000E+01    1.55317E+01
 4.00000E+01    1.86453E+01
 4.20000E+01    2.28372E+01
 4.40000E+01    2.82536E+01
 4.60000E+01    3.48358E+01
 4.80000E+01    4.22923E+01
 5.00000E+01    5.05448E+01
 5.20000E+01    5.94476E+01
 5.40000E+01    6.86104E+01
 5.60000E+01    7.73358E+01
 5.80000E+01    8.48947E+01
 6.00000E+01    9.08307E+01
 6.50000E+01    9.89459E+01
 7.00000E+01    1.02109E+02
 7.50000E+01    1.05572E+02
 8.00000E+01    1.09251E+02
 9.00000E+01    1.13798E+02
 1.00000E+02    1.16043E+02
 1.10000E+02    1.17229E+02
 1.20000E+02    1.17883E+02
 1.30000E+02    1.25691E+02
 1.40000E+02    1.46086E+02
 1.50000E+02    1.76806E+02
 1.60000E+02    2.49569E+02
 1.80000E+02    8.09135E+02
 2.00000E+02    1.07816E+03
