# n + Ac237 : (n,xa)    
# tendl.2017 A.J. Koning and D. Rochman        EVAL-NOV17
# 
# # energies =   104
#   E(MeV)        xs(mb) 
 1.10171E-01    2.00000E-17
 2.00000E-01    2.00000E-17
 3.00000E-01    2.00000E-17
 4.00000E-01    2.00000E-17
 5.00000E-01    2.00000E-17
 6.00000E-01    2.00352E-17
 7.00000E-01    7.95932E-16
 8.00000E-01    1.38023E-15
 9.00000E-01    1.85847E-15
 1.00000E+00    2.21523E-15
 1.20000E+00    8.27407E-15
 1.40000E+00    1.85667E-14
 1.60000E+00    2.21868E-14
 1.80000E+00    7.70359E-14
 2.00000E+00    1.17791E-12
 2.20000E+00    2.02458E-12
 2.40000E+00    3.39130E-12
 2.60000E+00    5.47884E-12
 2.80000E+00    8.03683E-12
 3.00000E+00    1.22618E-11
 3.20000E+00    1.73997E-11
 3.40000E+00    2.43534E-11
 3.60000E+00    3.46632E-11
 3.80000E+00    4.66943E-11
 4.00000E+00    6.57627E-11
 4.20000E+00    9.11697E-11
 4.40000E+00    1.26606E-10
 4.60000E+00    1.87269E-10
 4.80000E+00    2.66077E-10
 5.00000E+00    3.99855E-10
 5.20000E+00    6.23470E-10
 5.40000E+00    9.63637E-10
 5.60000E+00    1.69319E-09
 5.80000E+00    2.72048E-09
 6.00000E+00    4.60119E-09
 6.20000E+00    8.16269E-09
 6.40000E+00    1.36426E-08
 6.60000E+00    2.56855E-08
 6.80000E+00    4.33797E-08
 7.00000E+00    7.48660E-08
 7.20000E+00    1.44632E-07
 7.40000E+00    2.32594E-07
 7.60000E+00    4.40491E-07
 7.80000E+00    7.47115E-07
 8.00000E+00    1.24859E-06
 8.50000E+00    4.53096E-06
 9.00000E+00    1.47863E-05
 9.50000E+00    4.36932E-05
 1.00000E+01    1.17513E-04
 1.05000E+01    2.87605E-04
 1.10000E+01    6.41100E-04
 1.15000E+01    1.30717E-03
 1.20000E+01    2.45890E-03
 1.25000E+01    4.36497E-03
 1.30000E+01    7.49213E-03
 1.35000E+01    1.07233E-02
 1.40000E+01    2.25742E-02
 1.45000E+01    3.00086E-02
 1.50000E+01    5.62817E-02
 1.60000E+01    1.27865E-01
 1.70000E+01    2.59656E-01
 1.80000E+01    4.81114E-01
 1.90000E+01    8.30878E-01
 2.00000E+01    1.33931E+00
 2.10000E+01    2.09188E+00
 2.20000E+01    3.22679E+00
 2.30000E+01    4.97640E+00
 2.40000E+01    7.63604E+00
 2.50000E+01    1.12295E+01
 2.60000E+01    1.38702E+01
 2.70000E+01    1.59163E+01
 2.80000E+01    1.63571E+01
 2.90000E+01    1.48768E+01
 3.00000E+01    1.39337E+01
 3.00000E+01    1.39246E+01
 3.20000E+01    1.29284E+01
 3.40000E+01    1.21870E+01
 3.60000E+01    1.33320E+01
 3.80000E+01    1.52418E+01
 4.00000E+01    1.80345E+01
 4.20000E+01    2.19580E+01
 4.40000E+01    2.69277E+01
 4.60000E+01    3.27136E+01
 4.80000E+01    3.95765E+01
 5.00000E+01    4.70934E+01
 5.20000E+01    5.44363E+01
 5.40000E+01    6.14468E+01
 5.60000E+01    6.81268E+01
 5.80000E+01    7.42226E+01
 6.00000E+01    7.99363E+01
 6.50000E+01    9.21985E+01
 7.00000E+01    1.00341E+02
 7.50000E+01    1.06407E+02
 8.00000E+01    1.11407E+02
 9.00000E+01    1.27159E+02
 1.00000E+02    1.35827E+02
 1.10000E+02    1.44465E+02
 1.20000E+02    1.67572E+02
 1.30000E+02    1.91482E+02
 1.40000E+02    2.04472E+02
 1.50000E+02    1.95341E+02
 1.60000E+02    1.88443E+02
 1.80000E+02    2.06372E+02
 2.00000E+02    3.64293E+02
