# n + Ac237 : (n,2na)   
# tendl.2017 A.J. Koning and D. Rochman        EVAL-NOV17
# uncertainties: y
# # energies =    26
#   E(MeV)       xs(mb)       xslow(mb)      xsupp(mb)
 2.55991E+00    0.00000E+00    0.00000E+00    0.00000E+00
 1.05000E+01    1.26054E-15    1.26054E-15    1.26054E-15
 1.10000E+01    3.95197E-15    3.95197E-15    3.95197E-15
 1.15000E+01    2.66288E-14    2.66288E-14    2.66288E-14
 1.20000E+01    2.16800E-12    2.16800E-12    2.16800E-12
 1.25000E+01    1.81154E-11    1.81154E-11    1.81154E-11
 1.30000E+01    1.07613E-10    0.00000E+00    2.15253E-10
 1.35000E+01    4.17994E-10    0.00000E+00    8.36092E-10
 1.40000E+01    1.65963E-09    0.00000E+00    3.31967E-09
 1.45000E+01    8.34410E-09    0.00000E+00    1.66903E-08
 1.50000E+01    3.15614E-08    0.00000E+00    6.31307E-08
 1.60000E+01    3.11962E-07    0.00000E+00    6.24530E-07
 1.70000E+01    4.50110E-06    0.00000E+00    9.01095E-06
 1.80000E+01    3.68906E-05    0.00000E+00    7.38529E-05
 1.90000E+01    2.33498E-04    0.00000E+00    4.67450E-04
 2.00000E+01    1.37262E-03    3.19158E-07    2.74492E-03
 2.10000E+01    6.43012E-03    1.49512E-06    1.28587E-02
 2.20000E+01    2.59284E-02    6.02881E-06    5.18508E-02
 2.30000E+01    1.02533E-01    2.38407E-05    2.05042E-01
 2.40000E+01    3.29872E-01    1.43198E-04    6.59601E-01
 2.50000E+01    8.49376E-01    3.68715E-04    1.69838E+00
 2.60000E+01    1.66348E+00    7.22118E-04    3.32624E+00
 2.70000E+01    2.81511E+00    1.22204E-03    5.62900E+00
 2.80000E+01    3.82268E+00    1.65943E-03    7.64370E+00
 2.90000E+01    4.26341E+00    1.85075E-03    8.52497E+00
 3.00000E+01    4.57800E+00    1.98731E-03    9.15401E+00
