# n + Ac237 : (n,3na)   
# tendl.2017 A.J. Koning and D. Rochman        EVAL-NOV17
# uncertainties: y
# # energies =    18
#   E(MeV)       xs(mb)       xslow(mb)      xsupp(mb)
 6.65633E+00    0.00000E+00    0.00000E+00    0.00000E+00
 1.45000E+01    1.44484E-16    1.44484E-16    1.44484E-16
 1.50000E+01    1.81440E-15    1.81440E-15    1.81440E-15
 1.60000E+01    8.47259E-14    1.31636E-15    1.68135E-13
 1.70000E+01    3.28534E-11    5.10432E-13    6.51964E-11
 1.80000E+01    8.54753E-10    1.32800E-11    1.69623E-09
 1.90000E+01    1.72870E-08    2.68582E-10    3.43054E-08
 2.00000E+01    2.41135E-07    0.00000E+00    4.82334E-07
 2.10000E+01    2.93417E-06    0.00000E+00    5.86912E-06
 2.20000E+01    2.59221E-05    0.00000E+00    5.18511E-05
 2.30000E+01    1.79726E-04    0.00000E+00    3.59500E-04
 2.40000E+01    1.07199E-03    0.00000E+00    2.14622E-03
 2.50000E+01    5.33519E-03    0.00000E+00    1.06815E-02
 2.60000E+01    2.11537E-02    0.00000E+00    4.23517E-02
 2.70000E+01    7.13390E-02    0.00000E+00    1.42827E-01
 2.80000E+01    1.91846E-01    0.00000E+00    3.84093E-01
 2.90000E+01    3.94516E-01    0.00000E+00    7.89858E-01
 3.00000E+01    7.14660E-01    0.00000E+00    1.43082E+00
