# n + Ac237 : (n,4n)    
# tendl.2017 A.J. Koning and D. Rochman        EVAL-NOV17
# uncertainties: n
# # energies =    46
#   E(MeV)       xs(mb) 
 1.50991E+01    0.00000E+00
 1.60000E+01    2.08668E+01
 1.70000E+01    1.33976E+02
 1.80000E+01    3.84765E+02
 1.90000E+01    7.30221E+02
 2.00000E+01    1.06093E+03
 2.10000E+01    1.32929E+03
 2.20000E+01    1.49890E+03
 2.30000E+01    1.55968E+03
 2.40000E+01    1.51803E+03
 2.50000E+01    1.41034E+03
 2.60000E+01    1.26146E+03
 2.70000E+01    1.10106E+03
 2.80000E+01    9.53333E+02
 2.90000E+01    8.14527E+02
 3.00000E+01    7.02998E+02
 3.00000E+01    7.03657E+02
 3.20000E+01    5.32539E+02
 3.40000E+01    4.24652E+02
 3.60000E+01    3.53830E+02
 3.80000E+01    3.05536E+02
 4.00000E+01    2.72039E+02
 4.20000E+01    2.46201E+02
 4.40000E+01    2.27214E+02
 4.60000E+01    2.09910E+02
 4.80000E+01    1.97705E+02
 5.00000E+01    1.86733E+02
 5.20000E+01    1.75492E+02
 5.40000E+01    1.67906E+02
 5.60000E+01    1.61928E+02
 5.80000E+01    1.55056E+02
 6.00000E+01    1.49639E+02
 6.50000E+01    1.40336E+02
 7.00000E+01    1.30758E+02
 7.50000E+01    1.23552E+02
 8.00000E+01    1.16867E+02
 9.00000E+01    1.06936E+02
 1.00000E+02    9.96550E+01
 1.10000E+02    9.22117E+01
 1.20000E+02    8.68142E+01
 1.30000E+02    8.04327E+01
 1.40000E+02    7.67928E+01
 1.50000E+02    7.26443E+01
 1.60000E+02    6.78562E+01
 1.80000E+02    6.13635E+01
 2.00000E+02    5.70939E+01
