# n + Ac226 : (n,t)     
# eaf.2010   Manhattan project, site A         EVAL-JUN10
# uncertainties: n
# # energies =    63
#   E(MeV)       xs(mb) 
 1.40020E+00    0.00000E+00
 4.60000E+00    5.94479E-17
 4.80000E+00    5.54694E-16
 5.00000E+00    4.36348E-15
 5.20000E+00    2.92508E-14
 5.40000E+00    9.99012E-13
 5.60000E+00    5.48971E-12
 5.80000E+00    1.43670E-11
 6.00000E+00    6.01316E-11
 6.20000E+00    3.13893E-10
 6.40000E+00    7.34652E-10
 6.60000E+00    3.58073E-09
 6.80000E+00    1.01319E-08
 7.00000E+00    2.57465E-08
 7.20000E+00    8.48906E-08
 7.40000E+00    1.80191E-07
 7.60000E+00    5.08053E-07
 7.80000E+00    1.14678E-06
 8.00000E+00    2.30669E-06
 8.50000E+00    1.44560E-05
 9.00000E+00    7.32104E-05
 9.50000E+00    3.09970E-04
 1.00000E+01    1.12650E-03
 1.05000E+01    3.58032E-03
 1.10000E+01    1.00688E-02
 1.15000E+01    2.51979E-02
 1.20000E+01    5.43585E-02
 1.25000E+01    1.09518E-01
 1.30000E+01    1.99121E-01
 1.35000E+01    3.31238E-01
 1.40000E+01    5.11497E-01
 1.45000E+01    7.59760E-01
 1.50000E+01    1.04480E+00
 1.60000E+01    1.75917E+00
 1.70000E+01    2.63440E+00
 1.80000E+01    3.60267E+00
 1.90000E+01    4.54642E+00
 2.00000E+01    5.34171E+00
 2.10000E+01    5.91951E+00
 2.20000E+01    6.26249E+00
 2.30000E+01    6.41716E+00
 2.40000E+01    6.44697E+00
 2.50000E+01    6.38345E+00
 2.60000E+01    6.22794E+00
 2.70000E+01    6.02159E+00
 2.80000E+01    5.78861E+00
 2.90000E+01    5.52813E+00
 3.00000E+01    5.26207E+00
 3.20000E+01    4.71585E+00
 3.40000E+01    4.21000E+00
 3.60000E+01    3.76593E+00
 3.80000E+01    3.31388E+00
 4.00000E+01    2.95927E+00
 4.20000E+01    2.60625E+00
 4.40000E+01    2.33556E+00
 4.60000E+01    2.01114E+00
 4.80000E+01    1.85922E+00
 5.00000E+01    1.61425E+00
 5.20000E+01    1.41888E+00
 5.40000E+01    1.33792E+00
 5.60000E+01    1.20117E+00
 5.80000E+01    1.00216E+00
 6.00000E+01    9.16318E-01
