# n + Ac226 :  n        
# eaf.2010   Manhattan project, site A         EVAL-JUN10
# uncertainties: n
# # energies =    30
#   E(MeV)       xs(mb) 
 1.30862E+01    0.00000E+00
 1.70000E+01    1.84982E-14
 1.80000E+01    1.27499E-10
 1.90000E+01    2.24566E-08
 2.00000E+01    1.40055E-06
 2.10000E+01    3.47567E-05
 2.20000E+01    4.74539E-04
 2.30000E+01    4.07624E-03
 2.40000E+01    2.28636E-02
 2.50000E+01    8.74932E-02
 2.60000E+01    2.41114E-01
 2.70000E+01    5.20960E-01
 2.80000E+01    9.43572E-01
 2.90000E+01    1.50313E+00
 3.00000E+01    2.18828E+00
 3.20000E+01    3.79929E+00
 3.40000E+01    5.48599E+00
 3.60000E+01    7.03478E+00
 3.80000E+01    7.98637E+00
 4.00000E+01    8.44735E+00
 4.20000E+01    8.64004E+00
 4.40000E+01    8.55136E+00
 4.60000E+01    8.28492E+00
 4.80000E+01    7.85225E+00
 5.00000E+01    7.45107E+00
 5.20000E+01    6.99135E+00
 5.40000E+01    6.54787E+00
 5.60000E+01    6.01039E+00
 5.80000E+01    5.61266E+00
 6.00000E+01    5.25305E+00
