# n + Ac226 :  n        
# eaf.2010   Manhattan project, site A         EVAL-JUN10
# uncertainties: n
# # energies =   483
#   E(MeV)       xs(mb) 
 1.00000E-11    1.00000E-17
 2.00000E-11    1.00000E-17
 4.00000E-11    1.00000E-17
 8.00000E-11    1.00000E-17
 1.60000E-10    1.00000E-17
 3.20000E-10    1.00000E-17
 6.40000E-10    1.00000E-17
 1.28000E-09    1.00000E-17
 2.56000E-09    1.00000E-17
 5.12000E-09    1.00000E-17
 1.02400E-08    1.00000E-17
 2.04800E-08    1.00000E-17
 2.53000E-08    1.00000E-17
 5.06000E-08    1.00000E-17
 7.60728E-08    1.00000E-17
 1.52146E-07    1.00000E-17
 3.04291E-07    1.00000E-17
 3.80364E-07    1.00000E-17
 7.60728E-07    1.00000E-17
 1.00000E-06    1.00000E-17
 2.00000E-06    1.00000E-17
 4.00000E-06    1.00000E-17
 8.00000E-06    1.00000E-17
 1.60000E-05    1.00000E-17
 3.20000E-05    1.00000E-17
 6.40000E-05    1.00000E-17
 1.28000E-04    1.00000E-17
 2.56000E-04    1.00000E-17
 5.12000E-04    1.00000E-17
 1.00000E-03    1.00000E-17
 2.00000E-03    1.00000E-17
 4.00000E-03    1.00000E-17
 5.00000E-03    1.00000E-17
 1.00000E-02    1.00000E-17
 2.00000E-02    1.00000E-17
 4.00000E-02    1.00000E-17
 5.00000E-02    1.00000E-17
 1.00000E-01    1.00000E-17
 2.00000E-01    1.00000E-17
 3.00000E-01    1.00000E-17
 4.00000E-01    1.00000E-17
 5.00000E-01    1.00000E-17
 6.00000E-01    1.00000E-17
 7.00000E-01    1.00000E-17
 8.00000E-01    1.00000E-17
 9.00000E-01    1.00000E-17
 1.00000E+00    1.00000E-17
 1.20000E+00    1.00000E-17
 1.40000E+00    1.00000E-17
 1.60000E+00    1.00000E-17
 1.80000E+00    1.00000E-17
 2.00000E+00    1.00000E-17
 2.20000E+00    1.00000E-17
 2.40000E+00    1.00000E-17
 2.60000E+00    1.00000E-17
 2.80000E+00    1.00000E-17
 3.00000E+00    1.00000E-17
 3.20000E+00    1.00000E-17
 3.40000E+00    1.00000E-17
 3.60000E+00    1.00000E-17
 3.80000E+00    1.00000E-17
 4.00000E+00    1.00000E-17
 4.20000E+00    1.00000E-17
 4.40000E+00    1.00000E-17
 4.60000E+00    1.00000E-17
 4.80000E+00    1.00000E-17
 5.00000E+00    1.00000E-17
 5.20000E+00    1.00000E-17
 5.40000E+00    1.00000E-17
 5.60000E+00    1.00000E-17
 5.80000E+00    1.00000E-17
 6.00000E+00    1.00000E-17
 6.20000E+00    1.00000E-17
 6.40000E+00    1.00000E-17
 6.60000E+00    1.00000E-17
 6.80000E+00    1.00000E-17
 7.00000E+00    1.39158E-17
 7.20000E+00    1.40397E-12
 7.40000E+00    4.46937E-12
 7.60000E+00    1.14289E-11
 7.80000E+00    2.13241E-11
 8.00000E+00    5.68215E-11
 8.50000E+00    3.27068E-10
 9.00000E+00    1.50994E-09
 9.50000E+00    5.83133E-09
 1.00000E+01    1.94021E-08
 1.05000E+01    5.68653E-08
 1.07471E+01    9.19784E-08
 1.07784E+01    9.76766E-08
 1.07921E+01    1.00279E-07
 1.08050E+01    1.02782E-07
 1.08171E+01    1.05186E-07
 1.08284E+01    1.07490E-07
 1.08391E+01    1.09696E-07
 1.08490E+01    1.11805E-07
 1.08584E+01    1.13819E-07
 1.08672E+01    1.15740E-07
 1.08755E+01    1.17571E-07
 1.08832E+01    1.19313E-07
 1.08977E+01    1.22650E-07
 1.09105E+01    1.25646E-07
 1.09216E+01    1.28328E-07
 1.09314E+01    1.30722E-07
 1.09399E+01    1.32852E-07
 1.09549E+01    1.36665E-07
 1.09662E+01    1.39597E-07
 1.09746E+01    1.41836E-07
 1.09873E+01    1.45263E-07
 1.10000E+01    1.48773E-07
 1.10153E+01    1.52800E-07
 1.10301E+01    1.56804E-07
 1.10445E+01    1.60784E-07
 1.10585E+01    1.64736E-07
 1.10720E+01    1.68656E-07
 1.10851E+01    1.72543E-07
 1.10979E+01    1.76394E-07
 1.11102E+01    1.80207E-07
 1.11222E+01    1.83979E-07
 1.11338E+01    1.87709E-07
 1.11451E+01    1.91394E-07
 1.11560E+01    1.95032E-07
 1.11666E+01    1.98623E-07
 1.11769E+01    2.02165E-07
 1.11868E+01    2.05657E-07
 1.11965E+01    2.09097E-07
 1.12058E+01    2.12484E-07
 1.12149E+01    2.15817E-07
 1.12237E+01    2.19097E-07
 1.12323E+01    2.22321E-07
 1.12488E+01    2.28704E-07
 1.12643E+01    2.34854E-07
 1.12789E+01    2.40770E-07
 1.12926E+01    2.46451E-07
 1.13055E+01    2.51900E-07
 1.13175E+01    2.57116E-07
 1.13289E+01    2.62105E-07
 1.13395E+01    2.66870E-07
 1.13494E+01    2.71416E-07
 1.13588E+01    2.75748E-07
 1.13676E+01    2.79872E-07
 1.13840E+01    2.87772E-07
 1.13985E+01    2.94867E-07
 1.14111E+01    3.01218E-07
 1.14222E+01    3.06887E-07
 1.14319E+01    3.11935E-07
 1.14489E+01    3.20970E-07
 1.14616E+01    3.27918E-07
 1.14712E+01    3.33227E-07
 1.14856E+01    3.41353E-07
 1.15000E+01    3.49676E-07
 1.15153E+01    3.57959E-07
 1.15302E+01    3.66169E-07
 1.15446E+01    3.74303E-07
 1.15585E+01    3.82355E-07
 1.15721E+01    3.90320E-07
 1.15852E+01    3.98195E-07
 1.15979E+01    4.05975E-07
 1.16103E+01    4.13657E-07
 1.16223E+01    4.21237E-07
 1.16339E+01    4.28713E-07
 1.16452E+01    4.36082E-07
 1.16561E+01    4.43341E-07
 1.16667E+01    4.50489E-07
 1.16770E+01    4.57523E-07
 1.16869E+01    4.64442E-07
 1.17063E+01    4.78147E-07
 1.17244E+01    4.91362E-07
 1.17415E+01    5.04083E-07
 1.17574E+01    5.16308E-07
 1.17725E+01    5.28037E-07
 1.17866E+01    5.39276E-07
 1.17998E+01    5.50029E-07
 1.18122E+01    5.60305E-07
 1.18238E+01    5.70113E-07
 1.18348E+01    5.79464E-07
 1.18450E+01    5.88370E-07
 1.18643E+01    6.05438E-07
 1.18812E+01    6.20779E-07
 1.18960E+01    6.34521E-07
 1.19089E+01    6.46794E-07
 1.19203E+01    6.57727E-07
 1.19302E+01    6.67446E-07
 1.19476E+01    6.84800E-07
 1.19607E+01    6.98111E-07
 1.19803E+01    7.18564E-07
 1.20000E+01    7.39616E-07
 1.20153E+01    7.54678E-07
 1.20302E+01    7.69562E-07
 1.20446E+01    7.84261E-07
 1.20586E+01    7.98768E-07
 1.20721E+01    8.13077E-07
 1.20853E+01    8.27184E-07
 1.20980E+01    8.41083E-07
 1.21104E+01    8.54770E-07
 1.21224E+01    8.68243E-07
 1.21340E+01    8.81496E-07
 1.21453E+01    8.94529E-07
 1.21671E+01    9.20329E-07
 1.21877E+01    9.45193E-07
 1.22070E+01    9.69113E-07
 1.22251E+01    9.92087E-07
 1.22421E+01    1.01412E-06
 1.22581E+01    1.03522E-06
 1.22730E+01    1.05540E-06
 1.22871E+01    1.07467E-06
 1.23003E+01    1.09306E-06
 1.23127E+01    1.11059E-06
 1.23243E+01    1.12728E-06
 1.23461E+01    1.15924E-06
 1.23653E+01    1.18795E-06
 1.23820E+01    1.21366E-06
 1.23967E+01    1.23661E-06
 1.24096E+01    1.25705E-06
 1.24321E+01    1.29362E-06
 1.24491E+01    1.32176E-06
 1.24618E+01    1.34325E-06
 1.24809E+01    1.37616E-06
 1.25000E+01    1.40987E-06
 1.25153E+01    1.43416E-06
 1.25302E+01    1.45808E-06
 1.25446E+01    1.48164E-06
 1.25586E+01    1.50482E-06
 1.25722E+01    1.52763E-06
 1.25985E+01    1.57280E-06
 1.26232E+01    1.61637E-06
 1.26464E+01    1.65830E-06
 1.26683E+01    1.69861E-06
 1.26887E+01    1.73728E-06
 1.27080E+01    1.77434E-06
 1.27260E+01    1.80979E-06
 1.27430E+01    1.84368E-06
 1.27589E+01    1.87602E-06
 1.27738E+01    1.90686E-06
 1.27879E+01    1.93622E-06
 1.28142E+01    1.99252E-06
 1.28373E+01    2.04311E-06
 1.28575E+01    2.08844E-06
 1.28752E+01    2.12892E-06
 1.28908E+01    2.16498E-06
 1.29044E+01    2.19704E-06
 1.29282E+01    2.25429E-06
 1.29461E+01    2.29820E-06
 1.29730E+01    2.36568E-06
 1.30000E+01    2.43514E-06
 1.30307E+01    2.50590E-06
 1.30595E+01    2.57411E-06
 1.30866E+01    2.63974E-06
 1.31121E+01    2.70279E-06
 1.31360E+01    2.76326E-06
 1.31585E+01    2.82119E-06
 1.31796E+01    2.87659E-06
 1.31994E+01    2.92952E-06
 1.32180E+01    2.98003E-06
 1.32354E+01    3.02817E-06
 1.32518E+01    3.07400E-06
 1.32826E+01    3.16183E-06
 1.33096E+01    3.24072E-06
 1.33332E+01    3.31138E-06
 1.33540E+01    3.37446E-06
 1.33721E+01    3.43064E-06
 1.34040E+01    3.53122E-06
 1.34279E+01    3.60858E-06
 1.34459E+01    3.66771E-06
 1.34729E+01    3.75824E-06
 1.35000E+01    3.85099E-06
 1.35307E+01    3.94452E-06
 1.35596E+01    4.03428E-06
 1.35867E+01    4.12027E-06
 1.36122E+01    4.20256E-06
 1.36361E+01    4.28119E-06
 1.36586E+01    4.35624E-06
 1.36797E+01    4.42780E-06
 1.36995E+01    4.49596E-06
 1.37367E+01    4.62658E-06
 1.37693E+01    4.74399E-06
 1.37979E+01    4.84916E-06
 1.38230E+01    4.94310E-06
 1.38450E+01    5.02679E-06
 1.38836E+01    5.17666E-06
 1.39126E+01    5.29200E-06
 1.39344E+01    5.38018E-06
 1.39672E+01    5.51521E-06
 1.40000E+01    5.65364E-06
 1.40307E+01    5.76946E-06
 1.40596E+01    5.88018E-06
 1.40867E+01    5.98592E-06
 1.41122E+01    6.08678E-06
 1.41362E+01    6.18288E-06
 1.41811E+01    6.36716E-06
 1.42206E+01    6.53291E-06
 1.42552E+01    6.68148E-06
 1.42856E+01    6.81425E-06
 1.43122E+01    6.93258E-06
 1.43356E+01    7.03780E-06
 1.43765E+01    7.22580E-06
 1.44073E+01    7.37009E-06
 1.44536E+01    7.59195E-06
 1.45000E+01    7.82048E-06
 1.45308E+01    7.95811E-06
 1.45596E+01    8.08933E-06
 1.45868E+01    8.21431E-06
 1.46378E+01    8.45389E-06
 1.46826E+01    8.66924E-06
 1.47219E+01    8.86217E-06
 1.47564E+01    9.03450E-06
 1.47866E+01    9.18804E-06
 1.48397E+01    9.46304E-06
 1.48796E+01    9.67467E-06
 1.49096E+01    9.83650E-06
 1.49547E+01    1.00843E-05
 1.50000E+01    1.03384E-05
 1.50606E+01    1.06497E-05
 1.51177E+01    1.09501E-05
 1.51714E+01    1.12393E-05
 1.52219E+01    1.15175E-05
 1.52694E+01    1.17845E-05
 1.53141E+01    1.20404E-05
 1.53561E+01    1.22854E-05
 1.53955E+01    1.25196E-05
 1.54326E+01    1.27432E-05
 1.54675E+01    1.29564E-05
 1.55003E+01    1.31596E-05
 1.55619E+01    1.35492E-05
 1.56160E+01    1.38995E-05
 1.56635E+01    1.42135E-05
 1.57051E+01    1.44940E-05
 1.57417E+01    1.47440E-05
 1.58059E+01    1.51919E-05
 1.58542E+01    1.55367E-05
 1.58905E+01    1.58005E-05
 1.59452E+01    1.62045E-05
 1.60000E+01    1.66189E-05
 1.60607E+01    1.70696E-05
 1.61179E+01    1.75031E-05
 1.61717E+01    1.79196E-05
 1.62222E+01    1.83191E-05
 1.62698E+01    1.87017E-05
 1.63145E+01    1.90676E-05
 1.63565E+01    1.94171E-05
 1.63960E+01    1.97506E-05
 1.64331E+01    2.00685E-05
 1.65029E+01    2.06783E-05
 1.65643E+01    2.12271E-05
 1.66181E+01    2.17193E-05
 1.66654E+01    2.21593E-05
 1.67068E+01    2.25515E-05
 1.67432E+01    2.29005E-05
 1.68070E+01    2.35242E-05
 1.68551E+01    2.40031E-05
 1.69274E+01    2.47397E-05
 1.70000E+01    2.54990E-05
 1.70608E+01    2.61476E-05
 1.71181E+01    2.67706E-05
 1.71719E+01    2.73681E-05
 1.72225E+01    2.79405E-05
 1.72701E+01    2.84878E-05
 1.73149E+01    2.90108E-05
 1.73569E+01    2.95097E-05
 1.73964E+01    2.99853E-05
 1.74707E+01    3.08977E-05
 1.75360E+01    3.17189E-05
 1.75934E+01    3.24552E-05
 1.76437E+01    3.31136E-05
 1.76878E+01    3.37006E-05
 1.77266E+01    3.42227E-05
 1.77945E+01    3.51560E-05
 1.78457E+01    3.58727E-05
 1.79227E+01    3.69751E-05
 1.80000E+01    3.81114E-05
 1.80609E+01    3.89205E-05
 1.81182E+01    3.96947E-05
 1.81721E+01    4.04344E-05
 1.82228E+01    4.11404E-05
 1.82704E+01    4.18135E-05
 1.83601E+01    4.31054E-05
 1.84389E+01    4.42684E-05
 1.85081E+01    4.53118E-05
 1.85689E+01    4.62450E-05
 1.86222E+01    4.70772E-05
 1.86690E+01    4.78177E-05
 1.87512E+01    4.91417E-05
 1.88131E+01    5.01587E-05
 1.89063E+01    5.17238E-05
 1.90000E+01    5.33377E-05
 1.91222E+01    5.49974E-05
 1.92298E+01    5.64920E-05
 1.93244E+01    5.78330E-05
 1.94076E+01    5.90325E-05
 1.94807E+01    6.01025E-05
 1.96092E+01    6.20217E-05
 1.97062E+01    6.35013E-05
 1.97792E+01    6.46341E-05
 1.98893E+01    6.63713E-05
 2.00000E+01    6.81552E-05
 2.01223E+01    6.95276E-05
 2.02300E+01    7.07511E-05
 2.04198E+01    7.29443E-05
 2.05633E+01    7.46337E-05
 2.06717E+01    7.59263E-05
 2.08352E+01    7.79074E-05
 2.10000E+01    7.99402E-05
 2.12457E+01    8.19453E-05
 2.16195E+01    8.50476E-05
 2.20000E+01    8.82673E-05
 2.30000E+01    9.31136E-05
 2.40000E+01    9.67140E-05
 2.50000E+01    1.00052E-04
 2.60000E+01    1.00550E-04
 2.70000E+01    1.00493E-04
 2.80000E+01    1.01245E-04
 2.90000E+01    9.97025E-05
 3.00000E+01    9.98214E-05
 3.04880E+01    9.85150E-05
 3.08591E+01    9.75464E-05
 3.14244E+01    9.61114E-05
 3.20000E+01    9.46975E-05
 3.29848E+01    9.34732E-05
 3.40000E+01    9.22647E-05
 3.49857E+01    9.10246E-05
 3.60000E+01    8.98012E-05
 3.69865E+01    8.86264E-05
 3.80000E+01    8.74669E-05
 3.82444E+01    8.60312E-05
 3.84596E+01    8.47944E-05
 3.86488E+01    8.37267E-05
 3.89823E+01    8.18905E-05
 3.92343E+01    8.05399E-05
 3.94243E+01    7.95415E-05
 3.97111E+01    7.80671E-05
 4.00000E+01    7.66201E-05
 4.20000E+01    7.62324E-05
 4.29884E+01    7.49725E-05
 4.40000E+01    7.37334E-05
 4.42452E+01    7.26691E-05
 4.44608E+01    7.17504E-05
 4.48407E+01    7.01705E-05
 4.51278E+01    6.90085E-05
 4.53443E+01    6.81497E-05
 4.56710E+01    6.68814E-05
 4.60000E+01    6.56367E-05
 4.62454E+01    6.43722E-05
 4.64611E+01    6.32858E-05
 4.66508E+01    6.23502E-05
 4.68173E+01    6.15429E-05
 4.71102E+01    6.01553E-05
 4.73311E+01    5.91351E-05
 4.74975E+01    5.83813E-05
 4.77481E+01    5.72687E-05
 4.80000E+01    5.61772E-05
 4.82456E+01    5.54147E-05
 4.86783E+01    5.41051E-05
 4.90054E+01    5.31433E-05
 4.92522E+01    5.24332E-05
 4.96247E+01    5.13857E-05
 5.00000E+01    5.03592E-05
 5.04927E+01    4.92691E-05
 5.08654E+01    4.84671E-05
 5.11467E+01    4.78742E-05
 5.15716E+01    4.69983E-05
 5.20000E+01    4.61385E-05
 5.40000E+01    4.79754E-05
 5.44932E+01    4.73675E-05
 5.52415E+01    4.64700E-05
 5.60000E+01    4.55895E-05
 5.64934E+01    4.45712E-05
 5.68664E+01    4.38225E-05
 5.71477E+01    4.32692E-05
 5.75723E+01    4.24523E-05
 5.80000E+01    4.16509E-05
 5.81230E+01    4.09677E-05
 5.82386E+01    4.03374E-05
 5.83472E+01    3.97552E-05
 5.84491E+01    3.92171E-05
 5.86408E+01    3.82277E-05
 5.88090E+01    3.73825E-05
 5.89565E+01    3.66583E-05
 5.90860E+01    3.60361E-05
 5.91995E+01    3.55004E-05
 5.93986E+01    3.45819E-05
 5.95484E+01    3.39087E-05
 5.96610E+01    3.34124E-05
 5.98302E+01    3.26816E-05
 6.00000E+01    3.19667E-05
