# n + Ac226 :  n        
# eaf.2010   Manhattan project, site A         EVAL-JUN10
# uncertainties: n
# # energies =    29
#   E(MeV)       xs(mb) 
 1.09930E+01    0.00000E+00
 1.80000E+01    1.52898E-08
 1.90000E+01    2.59897E-02
 2.00000E+01    1.28763E+00
 2.10000E+01    1.01735E+01
 2.20000E+01    3.47475E+01
 2.30000E+01    8.09340E+01
 2.40000E+01    1.33600E+02
 2.50000E+01    1.82116E+02
 2.60000E+01    2.24265E+02
 2.70000E+01    2.52081E+02
 2.80000E+01    2.67444E+02
 2.90000E+01    2.70919E+02
 3.00000E+01    2.81979E+02
 3.20000E+01    5.10453E+01
 3.40000E+01    3.34331E+01
 3.60000E+01    2.83946E+01
 3.80000E+01    2.22984E+01
 4.00000E+01    1.93013E+01
 4.20000E+01    1.99058E+01
 4.40000E+01    2.20218E+01
 4.60000E+01    2.25329E+01
 4.80000E+01    2.13652E+01
 5.00000E+01    1.90301E+01
 5.20000E+01    1.90170E+01
 5.40000E+01    1.73261E+01
 5.60000E+01    1.60666E+01
 5.80000E+01    1.24604E+01
 6.00000E+01    1.12038E+01
