# n + Ac226 :  n        
# eaf.2010   Manhattan project, site A         EVAL-JUN10
# uncertainties: n
# # energies =    38
#   E(MeV)       xs(mb) 
 1.90639E+00    0.00000E+00
 1.20000E+01    6.12954E-17
 1.25000E+01    6.65744E-15
 1.30000E+01    1.08565E-12
 1.35000E+01    1.48898E-11
 1.40000E+01    1.54106E-10
 1.45000E+01    1.20690E-09
 1.50000E+01    7.10192E-09
 1.60000E+01    1.40437E-07
 1.70000E+01    1.09824E-06
 1.80000E+01    7.10112E-06
 1.90000E+01    2.70051E-05
 2.00000E+01    7.17551E-05
 2.10000E+01    1.40191E-04
 2.20000E+01    2.21876E-04
 2.30000E+01    3.05358E-04
 2.40000E+01    4.41009E-04
 2.50000E+01    5.25086E-04
 2.60000E+01    5.93528E-04
 2.70000E+01    7.03921E-04
 2.80000E+01    8.02521E-04
 2.90000E+01    8.32665E-04
 3.00000E+01    8.60460E-04
 3.20000E+01    9.18447E-04
 3.40000E+01    9.28583E-04
 3.60000E+01    6.84679E-04
 3.80000E+01    6.80198E-04
 4.00000E+01    7.53451E-04
 4.20000E+01    7.89355E-04
 4.40000E+01    7.05566E-04
 4.60000E+01    7.17323E-04
 4.80000E+01    6.44716E-04
 5.00000E+01    5.91995E-04
 5.20000E+01    5.55641E-04
 5.40000E+01    5.42058E-04
 5.60000E+01    4.97412E-04
 5.80000E+01    4.86341E-04
 6.00000E+01    4.63596E-04
