# n + Ac226 : (n,nd)    
# eaf.2010   Manhattan project, site A         EVAL-JUN10
# uncertainties: n
# # energies =    41
#   E(MeV)       xs(mb) 
 7.68537E+00    0.00000E+00
 1.05000E+01    1.35311E-17
 1.10000E+01    1.70807E-13
 1.15000E+01    1.16339E-11
 1.20000E+01    7.05342E-10
 1.25000E+01    1.25159E-08
 1.30000E+01    1.38116E-07
 1.35000E+01    1.15359E-06
 1.40000E+01    7.64434E-06
 1.45000E+01    3.76396E-05
 1.50000E+01    1.58591E-04
 1.60000E+01    1.85235E-03
 1.70000E+01    1.29014E-02
 1.80000E+01    5.81373E-02
 1.90000E+01    1.89350E-01
 2.00000E+01    4.78090E-01
 2.10000E+01    9.65511E-01
 2.20000E+01    1.65491E+00
 2.30000E+01    2.51781E+00
 2.40000E+01    3.53167E+00
 2.50000E+01    4.70175E+00
 2.60000E+01    5.86567E+00
 2.70000E+01    7.04993E+00
 2.80000E+01    8.14182E+00
 2.90000E+01    9.07773E+00
 3.00000E+01    9.85647E+00
 3.20000E+01    1.09418E+01
 3.40000E+01    1.16899E+01
 3.60000E+01    1.21478E+01
 3.80000E+01    1.20518E+01
 4.00000E+01    1.22176E+01
 4.20000E+01    1.18634E+01
 4.40000E+01    1.20315E+01
 4.60000E+01    1.14059E+01
 4.80000E+01    1.11987E+01
 5.00000E+01    1.08922E+01
 5.20000E+01    1.03222E+01
 5.40000E+01    1.00919E+01
 5.60000E+01    9.67956E+00
 5.80000E+01    9.16101E+00
 6.00000E+01    8.83167E+00
