# n + Ac226 : (n,nt)    
# eaf.2010   Manhattan project, site A         EVAL-JUN10
# uncertainties: n
# # energies =    40
#   E(MeV)       xs(mb) 
 7.91239E+00    0.00000E+00
 1.10000E+01    6.42377E-17
 1.15000E+01    2.47746E-14
 1.20000E+01    1.32649E-11
 1.25000E+01    5.86613E-10
 1.30000E+01    9.49849E-09
 1.35000E+01    1.31450E-07
 1.40000E+01    1.12517E-06
 1.45000E+01    7.57523E-06
 1.50000E+01    4.20667E-05
 1.60000E+01    7.57971E-04
 1.70000E+01    8.14275E-03
 1.80000E+01    5.19103E-02
 1.90000E+01    2.11520E-01
 2.00000E+01    5.78256E-01
 2.10000E+01    1.19571E+00
 2.20000E+01    2.04854E+00
 2.30000E+01    3.08241E+00
 2.40000E+01    4.23603E+00
 2.50000E+01    5.41725E+00
 2.60000E+01    6.56216E+00
 2.70000E+01    7.56939E+00
 2.80000E+01    8.38527E+00
 2.90000E+01    8.99500E+00
 3.00000E+01    9.40281E+00
 3.20000E+01    9.74257E+00
 3.40000E+01    9.59594E+00
 3.60000E+01    9.12878E+00
 3.80000E+01    8.57453E+00
 4.00000E+01    7.90419E+00
 4.20000E+01    7.29091E+00
 4.40000E+01    6.59531E+00
 4.60000E+01    6.09293E+00
 4.80000E+01    5.44584E+00
 5.00000E+01    5.01474E+00
 5.20000E+01    4.49002E+00
 5.40000E+01    4.10073E+00
 5.60000E+01    3.64007E+00
 5.80000E+01    3.32404E+00
 6.00000E+01    3.06568E+00
