# n + Ac235 : (n,p)     
# tendl.2017 A.J. Koning and D. Rochman        EVAL-NOV17
# uncertainties: y
# # energies =    76
#   E(MeV)       xs(mb)       xslow(mb)      xsupp(mb)
 3.00332E+00    0.00000E+00    0.00000E+00    0.00000E+00
 5.00000E+00    2.34016E-16    0.00000E+00    1.04598E-15
 5.20000E+00    1.20344E-15    0.00000E+00    5.37901E-15
 5.40000E+00    1.69320E-14    0.00000E+00    7.56809E-14
 5.60000E+00    1.76306E-13    0.00000E+00    7.88035E-13
 5.80000E+00    7.14141E-12    0.00000E+00    3.19199E-11
 6.00000E+00    4.69726E-11    0.00000E+00    2.09953E-10
 6.20000E+00    2.55031E-10    0.00000E+00    1.13991E-09
 6.40000E+00    1.16664E-09    0.00000E+00    5.21453E-09
 6.60000E+00    4.62585E-09    1.99685E-10    9.05202E-09
 6.80000E+00    1.62139E-08    6.99908E-10    3.17279E-08
 7.00000E+00    5.10364E-08    2.20310E-09    9.98697E-08
 7.20000E+00    1.20808E-07    5.21494E-09    2.36401E-07
 7.40000E+00    2.22560E-07    9.60729E-09    4.35513E-07
 7.60000E+00    8.59694E-07    3.71106E-08    1.68228E-06
 7.80000E+00    1.83408E-06    7.91720E-08    3.58899E-06
 8.00000E+00    2.28832E-06    9.87803E-08    4.47786E-06
 8.50000E+00    1.45674E-05    6.28833E-07    2.85060E-05
 9.00000E+00    6.82911E-05    4.99737E-06    1.31585E-04
 9.50000E+00    2.54720E-04    1.86398E-05    4.90800E-04
 1.00000E+01    7.94939E-04    5.81716E-05    1.53171E-03
 1.05000E+01    2.15466E-03    1.57673E-04    4.15165E-03
 1.10000E+01    5.21196E-03    3.81398E-04    1.00425E-02
 1.15000E+01    1.14664E-02    8.39082E-04    2.20937E-02
 1.20000E+01    2.32998E-02    1.70502E-03    4.48946E-02
 1.25000E+01    4.41521E-02    3.23094E-03    8.50733E-02
 1.30000E+01    7.86042E-02    6.35001E-03    1.50858E-01
 1.35000E+01    1.32364E-01    1.06930E-02    2.54035E-01
 1.40000E+01    2.11465E-01    1.70831E-02    4.05847E-01
 1.45000E+01    3.22331E-01    2.60394E-02    6.18623E-01
 1.50000E+01    4.70126E-01    3.79789E-02    9.02273E-01
 1.60000E+01    9.18797E-01    8.58260E-02    1.75177E+00
 1.70000E+01    1.53022E+00    1.42940E-01    2.91750E+00
 1.80000E+01    2.26810E+00    2.11866E-01    4.32433E+00
 1.90000E+01    3.06085E+00    2.85918E-01    5.83578E+00
 2.00000E+01    3.79797E+00    4.37629E-01    7.15831E+00
 2.10000E+01    4.44085E+00    5.11706E-01    8.36999E+00
 2.20000E+01    4.95846E+00    5.71349E-01    9.34557E+00
 2.30000E+01    5.38459E+00    6.20451E-01    1.01487E+01
 2.40000E+01    5.51052E+00    6.33704E-01    1.03873E+01
 2.50000E+01    5.83298E+00    6.70786E-01    1.09952E+01
 2.60000E+01    5.99336E+00    6.89230E-01    1.12975E+01
 2.70000E+01    6.08964E+00    7.00302E-01    1.14790E+01
 2.80000E+01    6.13095E+00    7.05052E-01    1.15568E+01
 2.90000E+01    6.11613E+00    7.03348E-01    1.15289E+01
 3.00000E+01    6.02826E+00    6.93243E-01    1.13633E+01
 3.00000E+01    6.01641E+00    6.91880E-01    1.13409E+01
 3.20000E+01    5.92325E+00    6.81167E-01    1.11653E+01
 3.40000E+01    5.63155E+00    6.47622E-01    1.06155E+01
 3.60000E+01    5.34310E+00    6.14451E-01    1.00718E+01
 3.80000E+01    5.03831E+00    5.79400E-01    9.49722E+00
 4.00000E+01    4.72829E+00    5.43749E-01    8.91284E+00
 4.20000E+01    4.47570E+00    5.14700E-01    8.43669E+00
 4.40000E+01    4.14456E+00    4.76620E-01    7.81250E+00
 4.60000E+01    4.06585E+00    4.67568E-01    7.66414E+00
 4.80000E+01    3.82493E+00    4.39863E-01    7.21000E+00
 5.00000E+01    3.61937E+00    4.16223E-01    6.82251E+00
 5.20000E+01    3.41332E+00    3.92528E-01    6.43411E+00
 5.40000E+01    3.23122E+00    3.71587E-01    6.09085E+00
 5.60000E+01    3.06662E+00    3.52657E-01    5.78057E+00
 5.80000E+01    2.92011E+00    3.35809E-01    5.50441E+00
 6.00000E+01    2.77298E+00    3.18890E-01    5.22708E+00
 6.50000E+01    2.32225E+00    2.67056E-01    4.37745E+00
 7.00000E+01    2.20877E+00    2.54006E-01    4.16354E+00
 7.50000E+01    1.87615E+00    2.15755E-01    3.53654E+00
 8.00000E+01    1.82027E+00    2.09329E-01    3.43121E+00
 9.00000E+01    1.53154E+00    1.76125E-01    2.88695E+00
 1.00000E+02    1.28769E+00    1.48083E-01    2.42730E+00
 1.10000E+02    1.08761E+00    1.25074E-01    2.05015E+00
 1.20000E+02    9.38017E-01    1.07871E-01    1.76816E+00
 1.30000E+02    8.22916E-01    9.46344E-02    1.55120E+00
 1.40000E+02    7.25988E-01    8.34878E-02    1.36849E+00
 1.50000E+02    6.51154E-01    7.48819E-02    1.22743E+00
 1.60000E+02    5.88096E-01    6.76304E-02    1.10856E+00
 1.80000E+02    4.84477E-01    5.57143E-02    9.13239E-01
 2.00000E+02    4.29085E-01    4.93443E-02    8.08825E-01
