# n + Ac235 : (n,t)     
# tendl.2017 A.J. Koning and D. Rochman        EVAL-NOV17
# uncertainties: y
# # energies =    34
#   E(MeV)       xs(mb)       xslow(mb)      xsupp(mb)
 3.87192E+00    0.00000E+00    0.00000E+00    0.00000E+00
 7.40000E+00    6.30665E-17    6.30665E-17    6.30665E-17
 7.60000E+00    4.06308E-16    4.06308E-16    4.06308E-16
 7.80000E+00    2.27427E-15    2.27427E-15    2.27427E-15
 8.00000E+00    1.21373E-14    1.21373E-14    1.21373E-14
 8.50000E+00    1.43415E-12    1.43415E-12    1.43415E-12
 9.00000E+00    3.09402E-11    0.00000E+00    3.09402E-10
 9.50000E+00    5.08641E-10    0.00000E+00    5.08641E-09
 1.00000E+01    6.59414E-09    0.00000E+00    6.59414E-08
 1.05000E+01    6.85809E-08    0.00000E+00    6.85809E-07
 1.10000E+01    5.67528E-07    0.00000E+00    5.67528E-06
 1.15000E+01    3.77150E-06    0.00000E+00    3.77150E-05
 1.20000E+01    2.05097E-05    0.00000E+00    2.05097E-04
 1.25000E+01    9.31605E-05    0.00000E+00    9.31605E-04
 1.30000E+01    3.59700E-04    0.00000E+00    2.61716E-03
 1.35000E+01    1.19925E-03    0.00000E+00    8.72567E-03
 1.40000E+01    3.49108E-03    0.00000E+00    2.54009E-02
 1.45000E+01    8.97449E-03    0.00000E+00    6.52978E-02
 1.50000E+01    2.05680E-02    0.00000E+00    1.49651E-01
 1.60000E+01    7.95691E-02    0.00000E+00    5.58590E-01
 1.70000E+01    2.18311E-01    0.00000E+00    1.53258E+00
 1.80000E+01    4.55698E-01    0.00000E+00    3.19908E+00
 1.90000E+01    7.70664E-01    0.00000E+00    5.41020E+00
 2.00000E+01    1.09341E+00    0.00000E+00    7.67052E+00
 2.10000E+01    1.39281E+00    0.00000E+00    9.77088E+00
 2.20000E+01    1.64201E+00    0.00000E+00    1.15191E+01
 2.30000E+01    1.81792E+00    0.00000E+00    1.27531E+01
 2.40000E+01    1.94068E+00    0.00000E+00    1.36175E+01
 2.50000E+01    2.01936E+00    0.00000E+00    1.41696E+01
 2.60000E+01    2.03835E+00    0.00000E+00    1.43028E+01
 2.70000E+01    2.02542E+00    0.00000E+00    1.42121E+01
 2.80000E+01    1.98090E+00    0.00000E+00    1.38997E+01
 2.90000E+01    1.92223E+00    0.00000E+00    1.34880E+01
 3.00000E+01    1.85670E+00    0.00000E+00    1.30282E+01
