# n + Ac235 :  n        
# tendl.2017 A.J. Koning and D. Rochman        EVAL-NOV17
# uncertainties: n
# # energies =    76
#   E(MeV)       xs(mb) 
 4.60000E+00    0.00000E+00
 4.80000E+00    3.11686E-15
 5.00000E+00    1.56327E-14
 5.20000E+00    7.02803E-14
 5.40000E+00    3.12347E-13
 5.60000E+00    1.38973E-12
 5.80000E+00    5.19691E-12
 6.00000E+00    1.09638E-11
 6.20000E+00    2.64272E-11
 6.40000E+00    7.20694E-11
 6.60000E+00    2.41851E-10
 6.80000E+00    9.27326E-10
 7.00000E+00    3.81831E-09
 7.20000E+00    1.63370E-08
 7.40000E+00    7.13409E-08
 7.60000E+00    3.16737E-07
 7.80000E+00    1.41465E-06
 8.00000E+00    6.35574E-06
 8.50000E+00    2.59660E-04
 9.00000E+00    2.40271E-03
 9.50000E+00    4.02721E-03
 1.00000E+01    5.13146E-03
 1.05000E+01    6.05683E-03
 1.10000E+01    7.01526E-03
 1.15000E+01    8.80522E-03
 1.20000E+01    1.15881E-02
 1.25000E+01    1.56378E-02
 1.30000E+01    2.08872E-02
 1.35000E+01    2.73884E-02
 1.40000E+01    3.49666E-02
 1.45000E+01    4.35838E-02
 1.50000E+01    5.32219E-02
 1.60000E+01    7.52312E-02
 1.70000E+01    1.01693E-01
 1.80000E+01    1.33301E-01
 1.90000E+01    1.69997E-01
 2.00000E+01    2.11516E-01
 2.10000E+01    2.57563E-01
 2.20000E+01    3.05697E-01
 2.30000E+01    3.58367E-01
 2.40000E+01    4.16131E-01
 2.50000E+01    4.80331E-01
 2.60000E+01    5.52049E-01
 2.70000E+01    6.32614E-01
 2.80000E+01    7.22190E-01
 2.90000E+01    8.21705E-01
 3.00000E+01    9.29748E-01
 3.20000E+01    1.16959E+00
 3.40000E+01    1.47183E+00
 3.60000E+01    1.84821E+00
 3.80000E+01    2.32111E+00
 4.00000E+01    2.91689E+00
 4.20000E+01    3.67200E+00
 4.40000E+01    4.63427E+00
 4.60000E+01    5.84546E+00
 4.80000E+01    7.35584E+00
 5.00000E+01    9.20092E+00
 5.20000E+01    1.14160E+01
 5.40000E+01    1.40303E+01
 5.60000E+01    1.70155E+01
 5.80000E+01    2.02833E+01
 6.00000E+01    2.37102E+01
 6.50000E+01    3.13434E+01
 7.00000E+01    3.37134E+01
 7.50000E+01    2.84249E+01
 8.00000E+01    2.00142E+01
 9.00000E+01    9.02393E+00
 1.00000E+02    5.06998E+00
 1.10000E+02    3.41951E+00
 1.20000E+02    2.52167E+00
 1.30000E+02    1.94005E+00
 1.40000E+02    1.55140E+00
 1.50000E+02    1.27334E+00
 1.60000E+02    1.06063E+00
 1.80000E+02    7.65747E-01
 2.00000E+02    5.91304E-01
