# n + Ac235 : (n,2na)   
# tendl.2017 A.J. Koning and D. Rochman        EVAL-NOV17
# uncertainties: y
# # energies =    26
#   E(MeV)       xs(mb)       xslow(mb)      xsupp(mb)
 2.63711E+00    0.00000E+00    0.00000E+00    0.00000E+00
 1.05000E+01    2.10861E-17    2.10861E-17    2.10861E-17
 1.10000E+01    1.24737E-15    1.24737E-15    1.24737E-15
 1.15000E+01    9.03104E-15    9.03104E-15    9.03104E-15
 1.20000E+01    2.14003E-12    2.14003E-12    2.14003E-12
 1.25000E+01    1.33440E-11    1.33440E-11    1.33440E-11
 1.30000E+01    7.71807E-11    4.06071E-14    1.54321E-10
 1.35000E+01    5.45063E-10    2.86774E-13    1.08984E-09
 1.40000E+01    1.84008E-09    9.68122E-13    3.67919E-09
 1.45000E+01    6.46895E-09    3.40351E-12    1.29345E-08
 1.50000E+01    2.07187E-08    1.09007E-11    4.14265E-08
 1.60000E+01    3.16860E-07    1.69977E-13    6.33720E-07
 1.70000E+01    2.98604E-06    1.60184E-12    5.97208E-06
 1.80000E+01    3.21446E-05    1.72437E-11    6.42892E-05
 1.90000E+01    2.06278E-04    1.10656E-10    4.12556E-04
 2.00000E+01    9.82608E-04    1.03751E-05    1.95484E-03
 2.10000E+01    5.39871E-03    5.70035E-05    1.07404E-02
 2.20000E+01    2.21431E-02    2.33803E-04    4.40524E-02
 2.30000E+01    7.56242E-02    7.98495E-04    1.50450E-01
 2.40000E+01    2.51902E-01    7.84885E-04    5.03019E-01
 2.50000E+01    7.25966E-01    2.26199E-03    1.44967E+00
 2.60000E+01    1.47707E+00    4.60230E-03    2.94954E+00
 2.70000E+01    2.47589E+00    7.71446E-03    4.94407E+00
 2.80000E+01    3.53494E+00    1.10143E-02    7.05887E+00
 2.90000E+01    4.20963E+00    1.31165E-02    8.40614E+00
 3.00000E+01    4.74120E+00    1.47728E-02    9.46763E+00
