# n + Ac235 : (n,np)    
# tendl.2017 A.J. Koning and D. Rochman        EVAL-NOV17
# uncertainties: y
# # energies =    29
#   E(MeV)       xs(mb)       xslow(mb)      xsupp(mb)
 6.89189E+00    0.00000E+00    0.00000E+00    0.00000E+00
 9.00000E+00    2.32788E-14    0.00000E+00    1.53717E-13
 9.50000E+00    7.12261E-12    0.00000E+00    4.70328E-11
 1.00000E+01    4.11074E-10    0.00000E+00    2.71445E-09
 1.05000E+01    1.05743E-08    0.00000E+00    6.98254E-08
 1.10000E+01    2.13636E-07    0.00000E+00    1.41071E-06
 1.15000E+01    2.23491E-06    0.00000E+00    1.47578E-05
 1.20000E+01    1.44559E-05    0.00000E+00    9.54568E-05
 1.25000E+01    7.10825E-05    0.00000E+00    4.69380E-04
 1.30000E+01    2.98414E-04    0.00000E+00    1.97021E-03
 1.35000E+01    9.73066E-04    0.00000E+00    6.42444E-03
 1.40000E+01    2.88443E-03    0.00000E+00    1.90438E-02
 1.45000E+01    7.24391E-03    0.00000E+00    4.78262E-02
 1.50000E+01    1.70418E-02    0.00000E+00    1.12515E-01
 1.60000E+01    7.46622E-02    4.29491E-03    1.45029E-01
 1.70000E+01    2.44869E-01    1.40860E-02    4.75652E-01
 1.80000E+01    6.56624E-01    3.77720E-02    1.27548E+00
 1.90000E+01    1.43977E+00    8.28221E-02    2.79672E+00
 2.00000E+01    2.72591E+00    5.99573E-01    4.85225E+00
 2.10000E+01    4.52500E+00    9.95288E-01    8.05471E+00
 2.20000E+01    6.78987E+00    1.49345E+00    1.20863E+01
 2.30000E+01    9.38807E+00    2.06494E+00    1.67112E+01
 2.40000E+01    1.21557E+01    2.44859E+00    2.18628E+01
 2.50000E+01    1.50369E+01    3.02897E+00    2.70448E+01
 2.60000E+01    1.78086E+01    3.58729E+00    3.20299E+01
 2.70000E+01    2.04296E+01    4.11525E+00    3.67439E+01
 2.80000E+01    2.29097E+01    4.61483E+00    4.12046E+01
 2.90000E+01    2.51134E+01    5.05873E+00    4.51681E+01
 3.00000E+01    2.71196E+01    5.46285E+00    4.87763E+01
