# n + Ac235 : (n,non)   
# tendl.2017 A.J. Koning and D. Rochman        EVAL-NOV17
# uncertainties: y
# # energies =   817
#   E(MeV)       xs(mb)       xslow(mb)      xsupp(mb)
 1.00000E-11    7.66617E-17    7.10410E-18    1.46219E-16
 1.03005E-11    7.56015E-17    7.00585E-18    1.44197E-16
 1.06099E-11    7.45578E-17    6.90914E-18    1.42206E-16
 1.09287E-11    7.35304E-17    6.81393E-18    1.40247E-16
 1.12571E-11    7.25191E-17    6.72021E-18    1.38318E-16
 1.15953E-11    7.15236E-17    6.62796E-18    1.36419E-16
 1.19437E-11    7.05438E-17    6.53716E-18    1.34550E-16
 1.23026E-11    6.95793E-17    6.44779E-18    1.32711E-16
 1.26722E-11    6.86301E-17    6.35983E-18    1.30900E-16
 1.30530E-11    6.76958E-17    6.27325E-18    1.29118E-16
 1.34452E-11    6.67764E-17    6.18805E-18    1.27365E-16
 1.38491E-11    6.58715E-17    6.10419E-18    1.25639E-16
 1.42652E-11    6.49809E-17    6.02166E-18    1.23940E-16
 1.46938E-11    6.41046E-17    5.94046E-18    1.22269E-16
 1.51353E-11    6.32423E-17    5.86055E-18    1.20624E-16
 1.55901E-11    6.23937E-17    5.78191E-18    1.19005E-16
 1.60585E-11    6.15587E-17    5.70453E-18    1.17413E-16
 1.65410E-11    6.07372E-17    5.62841E-18    1.15846E-16
 1.70380E-11    5.99289E-17    5.55350E-18    1.14304E-16
 1.75499E-11    5.91336E-17    5.47980E-18    1.12787E-16
 1.81538E-11    5.82405E-17    5.39704E-18    1.11084E-16
 1.87785E-11    5.73640E-17    5.31582E-18    1.09412E-16
 1.94247E-11    5.65037E-17    5.23610E-18    1.07771E-16
 2.00931E-11    5.56595E-17    5.15786E-18    1.06161E-16
 2.07845E-11    5.48312E-17    5.08111E-18    1.04581E-16
 2.14998E-11    5.40183E-17    5.00578E-18    1.03031E-16
 2.22396E-11    5.32208E-17    4.93187E-18    1.01510E-16
 2.30049E-11    5.24384E-17    4.85937E-18    1.00017E-16
 2.37965E-11    5.16708E-17    4.78824E-18    9.85534E-17
 2.46154E-11    5.09179E-17    4.71847E-18    9.71173E-17
 2.54624E-11    5.01793E-17    4.65002E-18    9.57086E-17
 2.63386E-11    4.94550E-17    4.58290E-18    9.43271E-17
 2.72450E-11    4.87446E-17    4.51707E-18    9.29721E-17
 2.81825E-11    4.80480E-17    4.45252E-18    9.16435E-17
 2.91523E-11    4.73649E-17    4.38922E-18    9.03406E-17
 3.01555E-11    4.66952E-17    4.32716E-18    8.90632E-17
 3.11931E-11    4.60386E-17    4.26631E-18    8.78109E-17
 3.22665E-11    4.53949E-17    4.20666E-18    8.65831E-17
 3.33769E-11    4.47640E-17    4.14820E-18    8.53798E-17
 3.45254E-11    4.41457E-17    4.09090E-18    8.42005E-17
 3.57135E-11    4.35397E-17    4.03474E-18    8.30447E-17
 3.69424E-11    4.29459E-17    3.97972E-18    8.19121E-17
 3.82136E-11    4.23641E-17    3.92580E-18    8.08024E-17
 3.95286E-11    4.17941E-17    3.87298E-18    7.97152E-17
 4.08888E-11    4.12358E-17    3.82125E-18    7.86504E-17
 4.22959E-11    4.06889E-17    3.77057E-18    7.76072E-17
 4.37513E-11    4.01533E-17    3.72093E-18    7.65857E-17
 4.52569E-11    3.96289E-17    3.67234E-18    7.55855E-17
 4.68142E-11    3.91154E-17    3.62475E-18    7.46060E-17
 4.84251E-11    3.86126E-17    3.57816E-18    7.36470E-17
 5.00915E-11    3.81205E-17    3.53256E-18    7.27084E-17
 5.18152E-11    3.76389E-17    3.48793E-18    7.17899E-17
 5.35982E-11    3.71676E-17    3.44425E-18    7.08909E-17
 5.54426E-11    3.67065E-17    3.40152E-18    7.00115E-17
 5.73505E-11    3.62553E-17    3.35971E-18    6.91509E-17
 5.93239E-11    3.58140E-17    3.31882E-18    6.83092E-17
 6.13653E-11    3.53824E-17    3.27882E-18    6.74860E-17
 6.34770E-11    3.49604E-17    3.23972E-18    6.66811E-17
 6.56613E-11    3.45477E-17    3.20147E-18    6.58939E-17
 6.79208E-11    3.41444E-17    3.16410E-18    6.51247E-17
 7.02580E-11    3.37501E-17    3.12756E-18    6.43726E-17
 7.26757E-11    3.33648E-17    3.09186E-18    6.36377E-17
 7.51766E-11    3.29884E-17    3.05697E-18    6.29198E-17
 7.77635E-11    3.26207E-17    3.02290E-18    6.22185E-17
 8.07803E-11    3.22172E-17    2.98551E-18    6.14489E-17
 8.39142E-11    3.18244E-17    2.94911E-18    6.06997E-17
 8.71696E-11    3.14420E-17    2.91367E-18    5.99703E-17
 9.05514E-11    3.10699E-17    2.87919E-18    5.92606E-17
 9.40643E-11    3.07079E-17    2.84565E-18    5.85702E-17
 9.77136E-11    3.03558E-17    2.81302E-18    5.78986E-17
 1.01504E-10    3.00134E-17    2.78129E-18    5.72455E-17
 1.05442E-10    2.96805E-17    2.75044E-18    5.66106E-17
 1.09533E-10    2.93570E-17    2.72046E-18    5.59935E-17
 1.13782E-10    2.90426E-17    2.69132E-18    5.53939E-17
 1.18196E-10    2.87373E-17    2.66303E-18    5.48116E-17
 1.22782E-10    2.84407E-17    2.63555E-18    5.42459E-17
 1.27545E-10    2.81529E-17    2.60888E-18    5.36969E-17
 1.32493E-10    2.78734E-17    2.58298E-18    5.31638E-17
 1.37633E-10    2.76023E-17    2.55785E-18    5.26467E-17
 1.42973E-10    2.73393E-17    2.53348E-18    5.21451E-17
 1.49149E-10    2.70564E-17    2.50727E-18    5.16055E-17
 1.55592E-10    2.67831E-17    2.48194E-18    5.10843E-17
 1.62313E-10    2.65192E-17    2.45749E-18    5.05809E-17
 1.69324E-10    2.62644E-17    2.43387E-18    5.00949E-17
 1.76639E-10    2.60184E-17    2.41108E-18    4.96257E-17
 1.84269E-10    2.57812E-17    2.38910E-18    4.91733E-17
 1.92229E-10    2.55524E-17    2.36789E-18    4.87369E-17
 2.00533E-10    2.53318E-17    2.34745E-18    4.83161E-17
 2.09195E-10    2.51192E-17    2.32775E-18    4.79107E-17
 2.19157E-10    2.48944E-17    2.30692E-18    4.74819E-17
 2.29593E-10    2.46786E-17    2.28692E-18    4.70703E-17
 2.40526E-10    2.44717E-17    2.26775E-18    4.66757E-17
 2.51979E-10    2.42733E-17    2.24936E-18    4.62972E-17
 2.63978E-10    2.40832E-17    2.23175E-18    4.59347E-17
 2.76548E-10    2.39011E-17    2.21487E-18    4.55873E-17
 2.90945E-10    2.37112E-17    2.19727E-18    4.52251E-17
 3.06091E-10    2.35301E-17    2.18049E-18    4.48797E-17
 3.22026E-10    2.33575E-17    2.16450E-18    4.45505E-17
 3.38790E-10    2.31930E-17    2.14925E-18    4.42367E-17
 3.57937E-10    2.30236E-17    2.13356E-18    4.39136E-17
 3.78167E-10    2.28630E-17    2.11867E-18    4.36073E-17
 3.99539E-10    2.27107E-17    2.10456E-18    4.33168E-17
 4.22120E-10    2.25663E-17    2.09118E-18    4.30414E-17
 4.47867E-10    2.24193E-17    2.07756E-18    4.27610E-17
 4.75185E-10    2.22805E-17    2.06469E-18    4.24963E-17
 5.06305E-10    2.21406E-17    2.05173E-18    4.22295E-17
 5.39463E-10    2.20092E-17    2.03955E-18    4.19788E-17
 5.74793E-10    2.18858E-17    2.02812E-18    4.17435E-17
 6.15032E-10    2.17625E-17    2.01669E-18    4.15083E-17
 6.58089E-10    2.16473E-17    2.00602E-18    4.12886E-17
 7.07143E-10    2.15330E-17    1.99542E-18    4.10706E-17
 7.63075E-10    2.14207E-17    1.98502E-18    4.08564E-17
 8.23430E-10    2.13165E-17    1.97536E-18    4.06576E-17
 8.92325E-10    2.12149E-17    1.96595E-18    4.04639E-17
 9.71083E-10    2.11164E-17    1.95682E-18    4.02760E-17
 1.06127E-09    2.10215E-17    1.94802E-18    4.00950E-17
 1.15983E-09    2.09347E-17    1.93998E-18    3.99294E-17
 1.27292E-09    2.08517E-17    1.93229E-18    3.97711E-17
 1.40296E-09    2.07727E-17    1.92497E-18    3.96204E-17
 1.55941E-09    2.06952E-17    1.91779E-18    3.94726E-17
 1.74066E-09    2.06228E-17    1.91108E-18    3.93345E-17
 1.95948E-09    2.05533E-17    1.90464E-18    3.92020E-17
 2.21515E-09    2.04894E-17    1.89872E-18    3.90801E-17
 2.52545E-09    2.04293E-17    1.89315E-18    3.89655E-17
 2.90368E-09    2.03734E-17    1.88797E-18    3.88588E-17
 3.38118E-09    2.03206E-17    1.88307E-18    3.87581E-17
 3.98747E-09    2.02719E-17    1.87856E-18    3.86652E-17
 4.76252E-09    2.02276E-17    1.87445E-18    3.85807E-17
 5.78526E-09    2.01874E-17    1.87073E-18    3.85041E-17
 7.17781E-09    2.01510E-17    1.86736E-18    3.84346E-17
 9.17314E-09    2.01182E-17    1.86432E-18    3.83721E-17
 1.21265E-08    2.00894E-17    1.86165E-18    3.83172E-17
 1.67233E-08    2.00648E-17    1.85937E-18    3.82702E-17
 2.45730E-08    2.00441E-17    1.85745E-18    3.82307E-17
 2.52045E-08    2.00430E-17    1.85735E-18    3.82287E-17
 2.53000E-08    2.00428E-17    0.00000E+00    4.19200E-17
 4.11467E-08    2.00263E-17    0.00000E+00    4.18854E-17
 7.82540E-08    2.00139E-17    0.00000E+00    4.18595E-17
 2.03512E-07    2.00053E-17    0.00000E+00    4.18415E-17
 1.35087E-06    2.00008E-17    0.00000E+00    5.49128E-17
 1.96603E-04    2.00000E-17    0.00000E+00    5.49106E-17
 1.97292E-04    1.51253E-08    0.00000E+00    4.15269E-08
 1.97335E-04    8.29428E-08    0.00000E+00    2.27722E-07
 1.97338E-04    9.11843E-08    0.00000E+00    2.50349E-07
 1.97339E-04    9.55812E-08    0.00000E+00    2.62421E-07
 1.97341E-04    1.02543E-07    0.00000E+00    2.81535E-07
 1.97343E-04    1.09969E-07    0.00000E+00    3.01923E-07
 1.97346E-04    1.20649E-07    0.00000E+00    3.31245E-07
 1.97348E-04    1.32296E-07    0.00000E+00    3.63222E-07
 1.97351E-04    1.44985E-07    0.00000E+00    3.98060E-07
 1.97354E-04    1.58815E-07    0.00000E+00    4.36031E-07
 1.97356E-04    1.73876E-07    0.00000E+00    4.77382E-07
 1.97359E-04    1.90293E-07    0.00000E+00    5.22455E-07
 1.97362E-04    2.08167E-07    0.00000E+00    5.71528E-07
 1.97365E-04    2.27634E-07    0.00000E+00    6.24976E-07
 1.97367E-04    2.48821E-07    0.00000E+00    6.83145E-07
 1.97370E-04    2.71896E-07    0.00000E+00    7.46498E-07
 1.97373E-04    2.97001E-07    0.00000E+00    8.15425E-07
 1.97375E-04    3.24325E-07    0.00000E+00    8.90444E-07
 1.97378E-04    3.54044E-07    0.00000E+00    9.72038E-07
 1.97381E-04    3.86395E-07    0.00000E+00    1.06086E-06
 1.97383E-04    4.21570E-07    0.00000E+00    1.15743E-06
 1.97386E-04    4.59829E-07    0.00000E+00    1.26247E-06
 1.97389E-04    5.01412E-07    0.00000E+00    1.37664E-06
 1.97391E-04    5.46638E-07    0.00000E+00    1.50081E-06
 1.97394E-04    5.95777E-07    0.00000E+00    1.63572E-06
 1.97397E-04    6.49188E-07    0.00000E+00    1.78236E-06
 1.97400E-04    7.07200E-07    0.00000E+00    1.94164E-06
 1.97402E-04    7.70260E-07    0.00000E+00    2.11477E-06
 1.97405E-04    8.38730E-07    0.00000E+00    2.30276E-06
 1.97408E-04    9.13102E-07    0.00000E+00    2.50695E-06
 1.97410E-04    9.93826E-07    0.00000E+00    2.72858E-06
 1.97413E-04    1.08150E-06    0.00000E+00    2.96930E-06
 1.97416E-04    1.17664E-06    0.00000E+00    3.23049E-06
 1.97418E-04    1.27990E-06    0.00000E+00    3.51400E-06
 1.97421E-04    1.39190E-06    0.00000E+00    3.82151E-06
 1.97424E-04    1.51350E-06    0.00000E+00    4.15536E-06
 1.97426E-04    1.64535E-06    0.00000E+00    4.51735E-06
 1.97429E-04    1.78837E-06    0.00000E+00    4.91002E-06
 1.97432E-04    1.94339E-06    0.00000E+00    5.33564E-06
 1.97434E-04    2.11154E-06    0.00000E+00    5.79730E-06
 1.97437E-04    2.29374E-06    0.00000E+00    6.29754E-06
 1.97440E-04    2.49125E-06    0.00000E+00    6.83979E-06
 1.97443E-04    2.70518E-06    0.00000E+00    7.42716E-06
 1.97445E-04    2.93711E-06    0.00000E+00    8.06391E-06
 1.97448E-04    3.18824E-06    0.00000E+00    8.75341E-06
 1.97451E-04    3.46029E-06    0.00000E+00    9.50032E-06
 1.97453E-04    3.75476E-06    0.00000E+00    1.03088E-05
 1.97456E-04    4.07374E-06    0.00000E+00    1.11846E-05
 1.97459E-04    4.41890E-06    0.00000E+00    1.21322E-05
 1.97461E-04    4.79255E-06    0.00000E+00    1.31581E-05
 1.97464E-04    5.19673E-06    0.00000E+00    1.42678E-05
 1.97467E-04    5.63435E-06    0.00000E+00    1.54693E-05
 1.97469E-04    6.10758E-06    0.00000E+00    1.67685E-05
 1.97472E-04    6.61953E-06    0.00000E+00    1.81741E-05
 1.97475E-04    7.17294E-06    0.00000E+00    1.96935E-05
 1.97478E-04    7.77158E-06    0.00000E+00    2.13371E-05
 1.97480E-04    8.41850E-06    0.00000E+00    2.31132E-05
 1.97483E-04    9.11785E-06    0.00000E+00    2.50333E-05
 1.97486E-04    9.87333E-06    0.00000E+00    2.71075E-05
 1.97488E-04    1.06901E-05    0.00000E+00    2.93500E-05
 1.97491E-04    1.15722E-05    0.00000E+00    3.17717E-05
 1.97494E-04    1.25251E-05    0.00000E+00    3.43880E-05
 1.97496E-04    1.35538E-05    0.00000E+00    3.72123E-05
 1.97499E-04    1.46650E-05    0.00000E+00    4.02633E-05
 1.97502E-04    1.58643E-05    0.00000E+00    4.35558E-05
 1.97504E-04    1.71589E-05    0.00000E+00    4.71104E-05
 1.97507E-04    1.85556E-05    0.00000E+00    5.09450E-05
 1.97510E-04    2.00637E-05    0.00000E+00    5.50855E-05
 1.97512E-04    2.16901E-05    0.00000E+00    5.95508E-05
 1.97515E-04    2.34448E-05    0.00000E+00    6.43683E-05
 1.97518E-04    2.53364E-05    0.00000E+00    6.95619E-05
 1.97521E-04    2.73771E-05    0.00000E+00    7.51646E-05
 1.97523E-04    2.95764E-05    0.00000E+00    8.12029E-05
 1.97526E-04    3.19475E-05    0.00000E+00    8.77128E-05
 1.97529E-04    3.45020E-05    0.00000E+00    9.47262E-05
 1.97531E-04    3.72563E-05    0.00000E+00    1.02288E-04
 1.97534E-04    4.02226E-05    0.00000E+00    1.10432E-04
 1.97537E-04    4.34185E-05    0.00000E+00    1.19207E-04
 1.97539E-04    4.68592E-05    0.00000E+00    1.28653E-04
 1.97542E-04    5.05660E-05    0.00000E+00    1.38830E-04
 1.97545E-04    5.45555E-05    0.00000E+00    1.49784E-04
 1.97547E-04    5.88508E-05    0.00000E+00    1.61576E-04
 1.97550E-04    6.34719E-05    0.00000E+00    1.74264E-04
 1.97553E-04    6.84483E-05    0.00000E+00    1.87927E-04
 1.97556E-04    7.38006E-05    0.00000E+00    2.02622E-04
 1.97558E-04    7.95593E-05    0.00000E+00    2.18432E-04
 1.97561E-04    8.57508E-05    0.00000E+00    2.35431E-04
 1.97564E-04    9.24122E-05    0.00000E+00    2.53720E-04
 1.97566E-04    9.95717E-05    0.00000E+00    2.73377E-04
 1.97569E-04    1.07270E-04    0.00000E+00    2.94512E-04
 1.97572E-04    1.15541E-04    0.00000E+00    3.17220E-04
 1.97574E-04    1.24434E-04    0.00000E+00    3.41638E-04
 1.97577E-04    1.33987E-04    0.00000E+00    3.67865E-04
 1.97580E-04    1.44251E-04    0.00000E+00    3.96044E-04
 1.97582E-04    1.55271E-04    0.00000E+00    4.26301E-04
 1.97585E-04    1.67111E-04    0.00000E+00    4.58809E-04
 1.97588E-04    1.79820E-04    0.00000E+00    4.93702E-04
 1.97591E-04    1.93466E-04    0.00000E+00    5.31167E-04
 1.97593E-04    2.08108E-04    0.00000E+00    5.71367E-04
 1.97596E-04    2.23832E-04    0.00000E+00    6.14537E-04
 1.97599E-04    2.40698E-04    0.00000E+00    6.60842E-04
 1.97601E-04    2.58795E-04    0.00000E+00    7.10529E-04
 1.97604E-04    2.78200E-04    0.00000E+00    7.63806E-04
 1.97607E-04    2.99021E-04    0.00000E+00    8.20970E-04
 1.97609E-04    3.21338E-04    0.00000E+00    8.82243E-04
 1.97612E-04    3.45269E-04    0.00000E+00    9.47946E-04
 1.97615E-04    3.70911E-04    0.00000E+00    1.01835E-03
 1.97617E-04    3.98409E-04    0.00000E+00    1.09384E-03
 1.97620E-04    4.27865E-04    0.00000E+00    1.17471E-03
 1.97623E-04    4.59428E-04    0.00000E+00    1.26137E-03
 1.97625E-04    4.93226E-04    0.00000E+00    1.35417E-03
 1.97628E-04    5.29440E-04    0.00000E+00    1.45359E-03
 1.97631E-04    5.68206E-04    0.00000E+00    1.56002E-03
 1.97634E-04    6.09717E-04    0.00000E+00    1.67400E-03
 1.97636E-04    6.54137E-04    0.00000E+00    1.79595E-03
 1.97639E-04    7.01713E-04    0.00000E+00    1.92657E-03
 1.97642E-04    7.52607E-04    0.00000E+00    2.06630E-03
 1.97644E-04    8.07070E-04    0.00000E+00    2.21583E-03
 1.97647E-04    8.65309E-04    0.00000E+00    2.37573E-03
 1.97650E-04    9.27629E-04    0.00000E+00    2.54683E-03
 1.97652E-04    9.94249E-04    0.00000E+00    2.72974E-03
 1.97655E-04    1.06549E-03    0.00000E+00    2.92534E-03
 1.97658E-04    1.14162E-03    0.00000E+00    3.13436E-03
 1.97660E-04    1.22304E-03    0.00000E+00    3.35790E-03
 1.97663E-04    1.31002E-03    0.00000E+00    3.59671E-03
 1.97666E-04    1.40298E-03    0.00000E+00    3.85191E-03
 1.97669E-04    1.50224E-03    0.00000E+00    4.12445E-03
 1.97671E-04    1.60832E-03    0.00000E+00    4.41568E-03
 1.97674E-04    1.72156E-03    0.00000E+00    4.72658E-03
 1.97677E-04    1.84249E-03    0.00000E+00    5.05861E-03
 1.97679E-04    1.97155E-03    0.00000E+00    5.41293E-03
 1.97682E-04    2.10939E-03    0.00000E+00    5.79140E-03
 1.97685E-04    2.25645E-03    0.00000E+00    6.19515E-03
 1.97687E-04    2.41340E-03    0.00000E+00    6.62605E-03
 1.97690E-04    2.58077E-03    0.00000E+00    7.08558E-03
 1.97693E-04    2.75939E-03    0.00000E+00    7.57598E-03
 1.97695E-04    2.94981E-03    0.00000E+00    8.09879E-03
 1.97698E-04    3.15290E-03    0.00000E+00    8.65637E-03
 1.97701E-04    3.36933E-03    0.00000E+00    9.25060E-03
 1.97703E-04    3.60018E-03    0.00000E+00    9.88439E-03
 1.97706E-04    3.84612E-03    0.00000E+00    1.05596E-02
 1.97709E-04    4.10824E-03    0.00000E+00    1.12793E-02
 1.97712E-04    4.38740E-03    0.00000E+00    1.20457E-02
 1.97714E-04    4.68490E-03    0.00000E+00    1.28625E-02
 1.97717E-04    5.00164E-03    0.00000E+00    1.37322E-02
 1.97720E-04    5.33899E-03    0.00000E+00    1.46583E-02
 1.97722E-04    5.69802E-03    0.00000E+00    1.56441E-02
 1.97725E-04    6.08048E-03    0.00000E+00    1.66941E-02
 1.97728E-04    6.48740E-03    0.00000E+00    1.78113E-02
 1.97730E-04    6.92050E-03    0.00000E+00    1.90004E-02
 1.97733E-04    7.38113E-03    0.00000E+00    2.02651E-02
 1.97736E-04    7.87138E-03    0.00000E+00    2.16111E-02
 1.97740E-04    8.66566E-03    0.00000E+00    2.37918E-02
 1.97744E-04    9.53624E-03    0.00000E+00    2.61820E-02
 1.97748E-04    1.04910E-02    0.00000E+00    2.88035E-02
 1.97752E-04    1.15368E-02    0.00000E+00    3.16747E-02
 1.97756E-04    1.26823E-02    0.00000E+00    3.48196E-02
 1.97760E-04    1.39361E-02    0.00000E+00    3.82620E-02
 1.97764E-04    1.53086E-02    0.00000E+00    4.20302E-02
 1.97768E-04    1.68100E-02    0.00000E+00    4.61523E-02
 1.97772E-04    1.84521E-02    0.00000E+00    5.06609E-02
 1.97776E-04    2.02466E-02    0.00000E+00    5.55876E-02
 1.97780E-04    2.22084E-02    0.00000E+00    6.09738E-02
 1.97784E-04    2.43506E-02    0.00000E+00    6.68551E-02
 1.97788E-04    2.66899E-02    0.00000E+00    7.32779E-02
 1.97792E-04    2.92430E-02    0.00000E+00    8.02876E-02
 1.97796E-04    3.20292E-02    0.00000E+00    8.79371E-02
 1.97800E-04    3.50675E-02    0.00000E+00    9.62787E-02
 1.97804E-04    3.83802E-02    0.00000E+00    1.05374E-01
 1.97808E-04    4.19892E-02    0.00000E+00    1.15282E-01
 1.97812E-04    4.59237E-02    0.00000E+00    1.26085E-01
 1.97816E-04    5.02069E-02    0.00000E+00    1.37844E-01
 1.97820E-04    5.48699E-02    0.00000E+00    1.50647E-01
 1.97825E-04    5.99433E-02    0.00000E+00    1.64576E-01
 1.97829E-04    6.54629E-02    0.00000E+00    1.79730E-01
 1.97833E-04    7.14641E-02    0.00000E+00    1.96207E-01
 1.97837E-04    7.79880E-02    0.00000E+00    2.14118E-01
 1.97841E-04    8.50737E-02    0.00000E+00    2.33572E-01
 1.97845E-04    9.27732E-02    0.00000E+00    2.54711E-01
 1.97849E-04    1.01129E-01    0.00000E+00    2.77653E-01
 1.97853E-04    1.10200E-01    0.00000E+00    3.02556E-01
 1.97857E-04    1.20039E-01    0.00000E+00    3.29571E-01
 1.97861E-04    1.30712E-01    0.00000E+00    3.58873E-01
 1.97865E-04    1.42280E-01    0.00000E+00    3.90633E-01
 1.97869E-04    1.54816E-01    0.00000E+00    4.25052E-01
 1.97873E-04    1.68390E-01    0.00000E+00    4.62320E-01
 1.97877E-04    1.83098E-01    0.00000E+00    5.02700E-01
 1.97881E-04    1.99011E-01    0.00000E+00    5.46391E-01
 1.97885E-04    2.16231E-01    0.00000E+00    5.93668E-01
 1.97889E-04    2.34852E-01    0.00000E+00    6.44793E-01
 1.97893E-04    2.54988E-01    0.00000E+00    7.00077E-01
 1.97897E-04    2.76750E-01    0.00000E+00    7.59824E-01
 1.97901E-04    3.00264E-01    0.00000E+00    8.24383E-01
 1.97905E-04    3.25648E-01    0.00000E+00    8.94077E-01
 1.97909E-04    3.53064E-01    0.00000E+00    9.69348E-01
 1.97913E-04    3.82638E-01    0.00000E+00    1.05054E+00
 1.97917E-04    4.14544E-01    0.00000E+00    1.13814E+00
 1.97921E-04    4.48945E-01    0.00000E+00    1.23259E+00
 1.97925E-04    4.86032E-01    0.00000E+00    1.33441E+00
 1.97929E-04    5.25984E-01    0.00000E+00    1.44410E+00
 1.97933E-04    5.69020E-01    0.00000E+00    1.56226E+00
 1.97937E-04    6.15337E-01    0.00000E+00    1.68942E+00
 1.97942E-04    6.65219E-01    0.00000E+00    1.82638E+00
 1.97946E-04    7.18864E-01    0.00000E+00    1.97366E+00
 1.97950E-04    7.76561E-01    0.00000E+00    2.13207E+00
 1.97954E-04    8.38575E-01    0.00000E+00    2.30233E+00
 1.97958E-04    9.05228E-01    0.00000E+00    2.48533E+00
 1.97962E-04    9.76820E-01    0.00000E+00    2.68189E+00
 1.97966E-04    1.05371E+00    0.00000E+00    2.89298E+00
 1.97970E-04    1.13620E+00    0.00000E+00    3.11948E+00
 1.97974E-04    1.22476E+00    0.00000E+00    3.36262E+00
 1.97978E-04    1.31971E+00    0.00000E+00    3.62331E+00
 1.97982E-04    1.42413E+00    0.00000E+00    3.91000E+00
 1.97986E-04    1.54183E+00    0.00000E+00    4.23315E+00
 1.97991E-04    1.66859E+00    0.00000E+00    4.58117E+00
 1.97995E-04    1.80500E+00    0.00000E+00    4.95569E+00
 1.97999E-04    1.95177E+00    0.00000E+00    5.35865E+00
 1.98004E-04    2.10954E+00    0.00000E+00    5.79182E+00
 1.98008E-04    2.27923E+00    0.00000E+00    6.25769E+00
 1.98012E-04    2.46148E+00    0.00000E+00    6.75807E+00
 1.98017E-04    2.65723E+00    0.00000E+00    7.29551E+00
 1.98021E-04    2.86733E+00    0.00000E+00    7.87233E+00
 1.98025E-04    3.09280E+00    0.00000E+00    8.49138E+00
 1.98030E-04    3.33462E+00    0.00000E+00    9.15530E+00
 1.98034E-04    3.59391E+00    0.00000E+00    9.86719E+00
 1.98038E-04    3.87167E+00    0.00000E+00    1.06298E+01
 1.98043E-04    4.16932E+00    0.00000E+00    1.14470E+01
 1.98047E-04    4.48789E+00    0.00000E+00    1.23216E+01
 1.98051E-04    4.82886E+00    0.00000E+00    1.32578E+01
 1.98056E-04    5.19358E+00    0.00000E+00    1.42591E+01
 1.98060E-04    5.58363E+00    0.00000E+00    1.53300E+01
 1.98064E-04    6.00044E+00    0.00000E+00    1.64744E+01
 1.98069E-04    6.44577E+00    0.00000E+00    1.76970E+01
 1.98073E-04    6.92114E+00    0.00000E+00    1.90022E+01
 1.98077E-04    7.42888E+00    0.00000E+00    2.03962E+01
 1.98082E-04    7.97042E+00    0.00000E+00    2.18830E+01
 1.98087E-04    8.74886E+00    0.00000E+00    2.40202E+01
 1.98093E-04    9.59632E+00    0.00000E+00    2.63470E+01
 1.98099E-04    1.05183E+01    0.00000E+00    2.88782E+01
 1.98105E-04    1.15205E+01    0.00000E+00    3.16298E+01
 1.98111E-04    1.26090E+01    0.00000E+00    3.46184E+01
 1.98116E-04    1.37904E+01    0.00000E+00    3.78619E+01
 1.98122E-04    1.50717E+01    0.00000E+00    4.13797E+01
 1.98128E-04    1.64602E+01    0.00000E+00    4.51919E+01
 1.98134E-04    1.79636E+01    0.00000E+00    4.93196E+01
 1.98139E-04    1.95902E+01    0.00000E+00    5.37855E+01
 1.98145E-04    2.13488E+01    0.00000E+00    5.86138E+01
 1.98151E-04    2.32486E+01    0.00000E+00    6.38297E+01
 1.98157E-04    2.52993E+01    0.00000E+00    6.94599E+01
 1.98162E-04    2.75110E+01    0.00000E+00    7.55322E+01
 1.98168E-04    2.98949E+01    0.00000E+00    8.20773E+01
 1.98174E-04    3.24624E+01    0.00000E+00    8.91265E+01
 1.98180E-04    3.52252E+01    0.00000E+00    9.67117E+01
 1.98186E-04    3.81957E+01    0.00000E+00    1.04867E+02
 1.98191E-04    4.13873E+01    0.00000E+00    1.13630E+02
 1.98197E-04    4.48139E+01    0.00000E+00    1.23038E+02
 1.98203E-04    4.84896E+01    0.00000E+00    1.33130E+02
 1.98209E-04    5.24295E+01    0.00000E+00    1.43947E+02
 1.98214E-04    5.66496E+01    0.00000E+00    1.55533E+02
 1.98220E-04    6.11664E+01    0.00000E+00    1.67934E+02
 1.98226E-04    6.59966E+01    0.00000E+00    1.81195E+02
 1.98232E-04    7.11578E+01    0.00000E+00    1.95366E+02
 1.98238E-04    7.66688E+01    0.00000E+00    2.10496E+02
 1.98243E-04    8.25487E+01    0.00000E+00    2.26640E+02
 1.98249E-04    8.88170E+01    0.00000E+00    2.43850E+02
 1.98255E-04    9.54941E+01    0.00000E+00    2.62182E+02
 1.98261E-04    1.02602E+02    0.00000E+00    2.81696E+02
 1.98266E-04    1.10162E+02    0.00000E+00    3.02454E+02
 1.98272E-04    1.18197E+02    0.00000E+00    3.24514E+02
 1.98278E-04    1.26730E+02    0.00000E+00    3.47940E+02
 1.98284E-04    1.35784E+02    0.00000E+00    3.72798E+02
 1.98290E-04    1.45384E+02    0.00000E+00    3.99156E+02
 1.98298E-04    1.60862E+02    0.00000E+00    4.41651E+02
 1.98307E-04    1.77713E+02    0.00000E+00    4.87915E+02
 1.98316E-04    1.96024E+02    0.00000E+00    5.38190E+02
 1.98324E-04    2.15891E+02    0.00000E+00    5.92734E+02
 1.98333E-04    2.37403E+02    0.00000E+00    6.51796E+02
 1.98342E-04    2.60659E+02    0.00000E+00    7.15647E+02
 1.98350E-04    2.85752E+02    0.00000E+00    7.84540E+02
 1.98359E-04    3.12793E+02    0.00000E+00    8.58782E+02
 1.98368E-04    3.41868E+02    0.00000E+00    9.38607E+02
 1.98376E-04    3.73081E+02    0.00000E+00    1.02430E+03
 1.98385E-04    4.06527E+02    0.00000E+00    1.11613E+03
 1.98394E-04    4.42310E+02    0.00000E+00    1.21438E+03
 1.98402E-04    4.80521E+02    0.00000E+00    1.31929E+03
 1.98411E-04    5.21258E+02    0.00000E+00    1.43113E+03
 1.98420E-04    5.64602E+02    0.00000E+00    1.55013E+03
 1.98428E-04    6.10656E+02    0.00000E+00    1.67657E+03
 1.98440E-04    6.76397E+02    0.00000E+00    1.85707E+03
 1.98451E-04    7.47275E+02    0.00000E+00    2.05167E+03
 1.98463E-04    8.23447E+02    0.00000E+00    2.26080E+03
 1.98472E-04    8.84136E+02    0.00000E+00    2.42742E+03
 1.98483E-04    9.69899E+02    0.00000E+00    2.66288E+03
 1.98495E-04    1.06129E+03    0.00000E+00    2.91379E+03
 1.98506E-04    1.15837E+03    0.00000E+00    3.18033E+03
 1.98518E-04    1.26117E+03    0.00000E+00    3.46258E+03
 1.98529E-04    1.36970E+03    0.00000E+00    3.76054E+03
 1.98547E-04    1.54314E+03    0.00000E+00    4.23674E+03
 1.98564E-04    1.72910E+03    0.00000E+00    4.74730E+03
 1.98581E-04    1.92707E+03    0.00000E+00    5.29083E+03
 1.98599E-04    2.13640E+03    0.00000E+00    5.86555E+03
 1.98622E-04    2.43156E+03    0.00000E+00    6.67591E+03
 1.98645E-04    2.74264E+03    0.00000E+00    7.52999E+03
 1.98680E-04    3.23200E+03    0.00000E+00    8.87355E+03
 1.98764E-04    4.46069E+03    0.00000E+00    1.09999E+04
 1.98797E-04    4.92262E+03    0.00000E+00    1.21390E+04
 1.98830E-04    5.35821E+03    0.00000E+00    1.32132E+04
 1.98862E-04    5.75884E+03    0.00000E+00    1.42011E+04
 1.98895E-04    6.11815E+03    0.00000E+00    1.50872E+04
 1.98928E-04    6.43246E+03    0.00000E+00    1.58623E+04
 1.98961E-04    6.70055E+03    0.00000E+00    1.65234E+04
 1.98994E-04    6.92354E+03    0.00000E+00    1.70733E+04
 1.99027E-04    7.10437E+03    0.00000E+00    1.75192E+04
 1.99059E-04    7.24734E+03    0.00000E+00    1.78718E+04
 1.99092E-04    7.35751E+03    0.00000E+00    1.81434E+04
 1.99136E-04    7.46259E+03    0.00000E+00    1.84026E+04
 1.99202E-04    7.55486E+03    0.00000E+00    1.86301E+04
 1.99289E-04    7.60604E+03    0.00000E+00    1.87563E+04
 1.99421E-04    7.62172E+03    0.00000E+00    1.87950E+04
 2.05808E-04    7.50990E+03    0.00000E+00    1.85192E+04
 3.00000E-04    6.00021E+03    0.00000E+00    1.47964E+04
 6.00000E-04    3.98073E+03    0.00000E+00    9.81638E+03
 1.00000E-03    2.93978E+03    0.00000E+00    7.24943E+03
 2.00000E-03    1.96971E+03    0.00000E+00    4.39707E+03
 3.00000E-03    1.58203E+03    0.00000E+00    3.53163E+03
 5.99882E-03    1.14334E+03    0.00000E+00    2.55233E+03
 1.00000E-02    9.49921E+02    5.27769E+00    1.89456E+03
 2.00000E-02    7.89182E+02    4.38464E+00    1.57398E+03
 3.02116E-02    7.18507E+02    0.00000E+00    1.93197E+03
 5.99882E-02    6.08850E+02    0.00000E+00    1.63712E+03
 1.00705E-01    5.36535E+02    0.00000E+00    1.44267E+03
 1.11113E-01    5.22568E+02    0.00000E+00    1.40512E+03
 1.99954E-01    6.46341E+02    0.00000E+00    1.73793E+03
 3.00000E-01    9.97220E+02    8.03871E+02    1.19057E+03
 4.00000E-01    1.22587E+03    9.88190E+02    1.46355E+03
 5.03527E-01    1.39912E+03    1.12785E+03    1.67039E+03
 6.17049E-01    1.54863E+03    1.01799E+03    2.07927E+03
 7.14883E-01    1.67178E+03    1.09894E+03    2.24462E+03
 8.05643E-01    1.79637E+03    1.18084E+03    2.41190E+03
 9.06349E-01    1.95947E+03    1.28805E+03    2.63089E+03
 1.00705E+00    2.15307E+03    9.65628E+02    3.34051E+03
 1.20846E+00    2.58925E+03    1.16125E+03    4.01724E+03
 1.40000E+00    2.96561E+03    1.33005E+03    4.60118E+03
 1.60000E+00    3.18968E+03    1.43054E+03    4.94882E+03
 1.80000E+00    3.24167E+03    1.88162E+03    4.60172E+03
 2.01411E+00    3.18192E+03    1.84694E+03    4.51690E+03
 2.27847E+00    3.04665E+03    1.76842E+03    4.32488E+03
 2.50000E+00    2.93021E+03    1.70084E+03    4.15959E+03
 2.63711E+00    2.86555E+03    2.40134E+03    3.32975E+03
 2.81975E+00    2.79427E+03    2.34161E+03    3.24693E+03
 3.04569E+00    2.72905E+03    2.28695E+03    3.17114E+03
 3.37016E+00    2.65913E+03    2.22836E+03    3.08990E+03
 4.22963E+00    2.49504E+03    2.09085E+03    2.89922E+03
 4.60000E+00    2.43884E+03    1.85998E+03    3.01771E+03
 4.90206E+00    2.40919E+03    1.83737E+03    2.98101E+03
 5.19026E+00    2.39448E+03    1.82615E+03    2.96281E+03
 5.40000E+00    2.39386E+03    1.82567E+03    2.96204E+03
 5.63950E+00    2.40379E+03    1.83325E+03    2.97433E+03
 5.92332E+00    2.42770E+03    1.85148E+03    3.00391E+03
 6.33182E+00    2.47984E+03    1.89125E+03    3.06843E+03
 7.04938E+00    2.58412E+03    1.72141E+03    3.44683E+03
 7.46694E+00    2.62873E+03    1.75113E+03    3.50633E+03
 7.85502E+00    2.65352E+03    1.76764E+03    3.53940E+03
 8.29705E+00    2.66296E+03    1.77393E+03    3.55198E+03
 8.50000E+00    2.66550E+03    1.77562E+03    3.55538E+03
 1.00000E+01    2.64217E+03    1.81075E+03    3.47358E+03
 1.01368E+01    2.63986E+03    1.80917E+03    3.47055E+03
 1.01560E+01    2.63981E+03    1.80913E+03    3.47048E+03
 1.02993E+01    2.63941E+03    1.80886E+03    3.46995E+03
 1.03556E+01    2.63925E+03    1.80875E+03    3.46975E+03
 1.05000E+01    2.63885E+03    1.80847E+03    3.46922E+03
 1.06481E+01    2.63932E+03    1.80880E+03    3.46984E+03
 1.07984E+01    2.63981E+03    1.80913E+03    3.47048E+03
 1.08808E+01    2.64007E+03    1.80931E+03    3.47083E+03
 1.09661E+01    2.64035E+03    1.80950E+03    3.47119E+03
 1.10000E+01    2.64046E+03    1.80958E+03    3.47133E+03
 1.10218E+01    2.64066E+03    1.80971E+03    3.47160E+03
 1.11773E+01    2.64208E+03    1.81069E+03    3.47347E+03
 1.13350E+01    2.64353E+03    1.81168E+03    3.47537E+03
 1.14949E+01    2.64499E+03    1.81269E+03    3.47730E+03
 1.15000E+01    2.64504E+03    1.81272E+03    3.47736E+03
 1.15677E+01    2.64565E+03    1.81314E+03    3.47816E+03
 1.17309E+01    2.64712E+03    1.81414E+03    3.48009E+03
 1.17331E+01    2.64714E+03    1.81416E+03    3.48012E+03
 1.18986E+01    2.64863E+03    1.81518E+03    3.48208E+03
 1.20000E+01    2.64954E+03    1.81580E+03    3.48328E+03
 1.21494E+01    2.65005E+03    1.81616E+03    3.48395E+03
 1.22967E+01    2.65056E+03    1.81650E+03    3.48462E+03
 1.23901E+01    2.65088E+03    1.81672E+03    3.48504E+03
 1.25000E+01    2.65126E+03    1.81698E+03    3.48554E+03
 1.26189E+01    2.65070E+03    1.81659E+03    3.48480E+03
 1.27203E+01    2.65021E+03    1.81626E+03    3.48416E+03
 1.28998E+01    2.64936E+03    1.81568E+03    3.48304E+03
 1.29384E+01    2.64918E+03    1.81555E+03    3.48280E+03
 1.30000E+01    2.64888E+03    1.76016E+03    3.53760E+03
 1.31834E+01    2.64655E+03    1.75861E+03    3.53448E+03
 1.32626E+01    2.64554E+03    1.75794E+03    3.53314E+03
 1.34497E+01    2.64315E+03    1.75635E+03    3.52995E+03
 1.35000E+01    2.64251E+03    1.75593E+03    3.52910E+03
 1.36905E+01    2.63899E+03    1.75359E+03    3.52440E+03
 1.37054E+01    2.63872E+03    1.75340E+03    3.52403E+03
 1.38018E+01    2.63694E+03    1.75222E+03    3.52165E+03
 1.39400E+01    2.63438E+03    1.75052E+03    3.51824E+03
 1.39760E+01    2.63371E+03    1.75008E+03    3.51735E+03
 1.40000E+01    2.63327E+03    1.74979E+03    3.51676E+03
 1.41975E+01    2.62912E+03    1.74703E+03    3.51122E+03
 1.43978E+01    2.62492E+03    1.74424E+03    3.50560E+03
 1.44084E+01    2.62470E+03    1.74409E+03    3.50530E+03
 1.45000E+01    2.62277E+03    1.74281E+03    3.50274E+03
 1.45308E+01    2.62216E+03    1.74240E+03    3.50191E+03
 1.47358E+01    2.61804E+03    1.73967E+03    3.49642E+03
 1.48009E+01    2.61673E+03    1.73880E+03    3.49467E+03
 1.48530E+01    2.61569E+03    1.73810E+03    3.49328E+03
 1.49714E+01    2.61331E+03    1.73652E+03    3.49010E+03
 1.50000E+01    2.61274E+03    1.73614E+03    3.48934E+03
 1.50160E+01    2.61252E+03    1.73600E+03    3.48905E+03
 1.52278E+01    2.60965E+03    1.73409E+03    3.48521E+03
 1.54427E+01    2.60673E+03    1.73215E+03    3.48131E+03
 1.55000E+01    2.60595E+03    1.73163E+03    3.48027E+03
 1.56200E+01    2.60432E+03    1.73055E+03    3.47810E+03
 1.58404E+01    2.60133E+03    1.72856E+03    3.47410E+03
 1.60000E+01    2.59917E+03    1.49376E+03    3.70457E+03
 1.60799E+01    2.59862E+03    1.49344E+03    3.70379E+03
 1.62101E+01    2.59857E+03    1.49342E+03    3.70372E+03
 1.63616E+01    2.59852E+03    1.49339E+03    3.70365E+03
 1.65000E+01    2.59847E+03    1.49336E+03    3.70358E+03
 1.65713E+01    2.59844E+03    1.49334E+03    3.70354E+03
 1.66425E+01    2.59842E+03    1.49333E+03    3.70351E+03
 1.68773E+01    2.59834E+03    1.49328E+03    3.70339E+03
 1.69884E+01    2.59830E+03    1.49326E+03    3.70334E+03
 1.70000E+01    2.59829E+03    1.49326E+03    3.70333E+03
 1.70350E+01    2.59865E+03    1.49347E+03    3.70384E+03
 1.71086E+01    2.59941E+03    1.49390E+03    3.70492E+03
 1.72502E+01    2.60086E+03    1.49473E+03    3.70699E+03
 1.73059E+01    2.60144E+03    1.49506E+03    3.70781E+03
 1.75000E+01    2.60343E+03    1.49621E+03    3.71065E+03
 1.77469E+01    2.60596E+03    1.49766E+03    3.71426E+03
 1.78020E+01    2.60653E+03    1.49799E+03    3.71506E+03
 1.78435E+01    2.60695E+03    1.49823E+03    3.71567E+03
 1.80000E+01    2.60856E+03    1.49916E+03    3.71796E+03
 1.82539E+01    2.61222E+03    1.50126E+03    3.72318E+03
 1.83299E+01    2.61332E+03    1.50189E+03    3.72474E+03
 1.85000E+01    2.61577E+03    1.50330E+03    3.72824E+03
 1.87610E+01    2.61954E+03    1.50547E+03    3.73361E+03
 1.88830E+01    2.62130E+03    1.50648E+03    3.73612E+03
 1.89030E+01    2.62159E+03    1.50665E+03    3.73653E+03
 1.90000E+01    2.62299E+03    1.50745E+03    3.73853E+03
 1.91744E+01    2.62475E+03    1.50846E+03    3.74104E+03
 1.92225E+01    2.62524E+03    1.50874E+03    3.74174E+03
 1.94843E+01    2.62789E+03    1.51027E+03    3.74551E+03
 1.95000E+01    2.62805E+03    1.51036E+03    3.74574E+03
 1.95400E+01    2.62845E+03    1.51059E+03    3.74632E+03
 1.98157E+01    2.63124E+03    1.51219E+03    3.75029E+03
 2.00000E+01    2.63311E+03    1.36893E+03    3.89728E+03
 2.02822E+01    2.63323E+03    1.36900E+03    3.89746E+03
 2.05683E+01    2.63335E+03    1.36906E+03    3.89764E+03
 2.08585E+01    2.63348E+03    1.36913E+03    3.89783E+03
 2.10000E+01    2.63354E+03    1.36916E+03    3.89792E+03
 2.12963E+01    2.62954E+03    1.36708E+03    3.89200E+03
 2.15967E+01    2.62549E+03    1.36497E+03    3.88600E+03
 2.19014E+01    2.62138E+03    1.36284E+03    3.87992E+03
 2.20000E+01    2.62005E+03    1.36214E+03    3.87795E+03
 2.23104E+01    2.60845E+03    1.35611E+03    3.86078E+03
 2.26251E+01    2.59668E+03    1.34999E+03    3.84336E+03
 2.29443E+01    2.58475E+03    1.34379E+03    3.82570E+03
 2.30000E+01    2.58267E+03    1.34271E+03    3.82262E+03
 2.33245E+01    2.55825E+03    1.33002E+03    3.78649E+03
 2.36536E+01    2.53350E+03    1.31715E+03    3.74985E+03
 2.39873E+01    2.50839E+03    1.30409E+03    3.71269E+03
 2.40000E+01    2.50743E+03    1.13282E+03    3.88205E+03
 2.43386E+01    2.46752E+03    1.11478E+03    3.82025E+03
 2.46820E+01    2.42704E+03    1.09649E+03    3.75758E+03
 2.50000E+01    2.38954E+03    1.07956E+03    3.69953E+03
 2.53527E+01    2.33504E+03    1.05493E+03    3.61515E+03
 2.57104E+01    2.27977E+03    1.02996E+03    3.52957E+03
 2.60000E+01    2.23501E+03    1.00974E+03    3.46028E+03
 2.63668E+01    2.17023E+03    9.80471E+02    3.35998E+03
 2.67388E+01    2.10453E+03    9.50789E+02    3.25826E+03
 2.70000E+01    2.05840E+03    9.29948E+02    3.18684E+03
 2.73809E+01    1.98925E+03    8.98707E+02    3.07978E+03
 2.77672E+01    1.91912E+03    8.67026E+02    2.97122E+03
 2.80000E+01    1.87686E+03    7.87228E+02    2.96650E+03
 2.83950E+01    1.80908E+03    7.58798E+02    2.85936E+03
 2.87956E+01    1.74034E+03    7.29966E+02    2.75072E+03
 2.90000E+01    1.70528E+03    7.15258E+02    2.69529E+03
 2.94091E+01    1.64192E+03    6.88684E+02    2.59515E+03
 2.98240E+01    1.57767E+03    6.61734E+02    2.49360E+03
 3.00000E+01    1.55042E+03    6.50306E+02    2.45054E+03
 3.04232E+01    1.98239E+03    8.31488E+02    3.13328E+03
 3.08525E+01    2.42044E+03    1.01523E+03    3.82566E+03
 3.10000E+01    2.57102E+03    1.07838E+03    4.06366E+03
 3.14374E+01    2.56678E+03    1.07660E+03    4.05695E+03
 3.18809E+01    2.56248E+03    1.07480E+03    4.05015E+03
 3.20000E+01    2.56132E+03    1.07432E+03    4.04832E+03
 3.24515E+01    2.55737E+03    1.07266E+03    4.04209E+03
 3.29093E+01    2.55337E+03    1.07098E+03    4.03576E+03
 3.30000E+01    2.55258E+03    1.07065E+03    4.03451E+03
 3.34656E+01    2.54851E+03    1.06894E+03    4.02808E+03
 3.39377E+01    2.54438E+03    1.06721E+03    4.02156E+03
 3.40000E+01    2.54384E+03    1.06698E+03    4.02070E+03
 3.44797E+01    2.54082E+03    1.06572E+03    4.01592E+03
 3.49661E+01    2.53775E+03    1.06443E+03    4.01108E+03
 3.50000E+01    2.53754E+03    1.06434E+03    4.01074E+03
 3.54938E+01    2.53443E+03    1.06304E+03    4.00583E+03
 3.59945E+01    2.53128E+03    1.06172E+03    4.00085E+03
 3.60000E+01    2.53125E+03    1.06170E+03    4.00080E+03
 3.65079E+01    2.52792E+03    1.06031E+03    3.99553E+03
 3.70000E+01    2.52469E+03    1.05895E+03    3.99043E+03
 3.75220E+01    2.52127E+03    1.05752E+03    3.98502E+03
 3.80000E+01    2.51814E+03    1.05620E+03    3.98008E+03
 3.85361E+01    2.51374E+03    1.05436E+03    3.97313E+03
 3.90000E+01    2.50994E+03    1.05276E+03    3.96711E+03
 3.95502E+01    2.50542E+03    1.05087E+03    3.95998E+03
 4.00000E+01    2.50173E+03    1.04932E+03    3.95414E+03
 4.05643E+01    2.49680E+03    1.04725E+03    3.94634E+03
 4.10000E+01    2.49299E+03    1.04566E+03    3.94032E+03
 4.15784E+01    2.48793E+03    1.04353E+03    3.93233E+03
 4.20000E+01    2.48425E+03    1.04199E+03    3.92651E+03
 4.25925E+01    2.47940E+03    1.03996E+03    3.91885E+03
 4.30000E+01    2.47607E+03    1.03856E+03    3.91358E+03
 4.36067E+01    2.47111E+03    1.03648E+03    3.90575E+03
 4.40000E+01    2.46790E+03    1.03513E+03    3.90067E+03
 4.46208E+01    2.46313E+03    1.03313E+03    3.89313E+03
 4.50000E+01    2.46022E+03    1.03191E+03    3.88853E+03
 4.56349E+01    2.45534E+03    1.02987E+03    3.88082E+03
 4.60000E+01    2.45254E+03    1.02869E+03    3.87639E+03
 4.66490E+01    2.44756E+03    1.02660E+03    3.86851E+03
 4.70000E+01    2.44486E+03    1.02547E+03    3.86425E+03
 4.76631E+01    2.43977E+03    1.02333E+03    3.85621E+03
 4.80000E+01    2.43719E+03    1.02225E+03    3.85213E+03
 4.86772E+01    2.43192E+03    1.02004E+03    3.84380E+03
 4.90000E+01    2.42941E+03    1.01899E+03    3.83983E+03
 4.96913E+01    2.42402E+03    1.01673E+03    3.83132E+03
 5.00000E+01    2.42162E+03    1.01572E+03    3.82752E+03
 5.07054E+01    2.41620E+03    1.01344E+03    3.81895E+03
 5.10000E+01    2.41393E+03    1.01249E+03    3.81537E+03
 5.17195E+01    2.40840E+03    1.01017E+03    3.80662E+03
 5.20000E+01    2.40624E+03    1.00927E+03    3.80321E+03
 5.27336E+01    2.40078E+03    1.00698E+03    3.79458E+03
 5.30000E+01    2.39880E+03    1.00615E+03    3.79145E+03
 5.37477E+01    2.39324E+03    1.00382E+03    3.78266E+03
 5.40000E+01    2.39136E+03    1.00303E+03    3.77969E+03
 5.47618E+01    2.38589E+03    1.00073E+03    3.77105E+03
 5.50000E+01    2.38418E+03    1.00002E+03    3.76834E+03
 5.57760E+01    2.37860E+03    9.97676E+02    3.75953E+03
 5.60000E+01    2.37699E+03    9.97000E+02    3.75698E+03
 5.67901E+01    2.37145E+03    9.94677E+02    3.74823E+03
 5.70000E+01    2.36998E+03    9.94060E+02    3.74590E+03
 5.78042E+01    2.36435E+03    9.91699E+02    3.73700E+03
 5.80000E+01    2.36298E+03    9.91124E+02    3.73484E+03
 5.88183E+01    2.35738E+03    9.88777E+02    3.72599E+03
 5.90000E+01    2.35614E+03    9.88255E+02    3.72402E+03
 5.98324E+01    2.35045E+03    9.85867E+02    3.71503E+03
 6.00000E+01    2.34930E+03    9.85386E+02    3.71321E+03
 6.08465E+01    2.34378E+03    9.83071E+02    3.70449E+03
 6.10000E+01    2.34278E+03    9.82652E+02    3.70291E+03
 6.18606E+01    2.33718E+03    9.80302E+02    3.69405E+03
 6.20000E+01    2.33627E+03    9.79921E+02    3.69262E+03
 6.28747E+01    2.33057E+03    9.77529E+02    3.68360E+03
 6.30000E+01    2.32975E+03    9.77186E+02    3.68231E+03
 6.38888E+01    2.32396E+03    9.74759E+02    3.67317E+03
 6.40000E+01    2.32324E+03    9.74456E+02    3.67202E+03
 6.49029E+01    2.31735E+03    9.71987E+02    3.66272E+03
 6.50000E+01    2.31672E+03    9.71721E+02    3.66172E+03
 6.59170E+01    2.31119E+03    9.69402E+02    3.65298E+03
 6.60000E+01    2.31069E+03    9.69192E+02    3.65219E+03
 6.69311E+01    2.30508E+03    9.66837E+02    3.64331E+03
 6.70000E+01    2.30466E+03    9.66663E+02    3.64266E+03
 6.79453E+01    2.29895E+03    9.64268E+02    3.63363E+03
 6.80000E+01    2.29862E+03    9.64129E+02    3.63311E+03
 6.89594E+01    2.29283E+03    9.61703E+02    3.62397E+03
 6.90000E+01    2.29259E+03    9.61600E+02    3.62358E+03
 6.99735E+01    2.28672E+03    9.59138E+02    3.61430E+03
 7.00000E+01    2.28656E+03    9.59071E+02    3.61405E+03
 7.09876E+01    2.28103E+03    9.56751E+02    3.60531E+03
 7.10000E+01    2.28096E+03    9.56722E+02    3.60520E+03
 7.20000E+01    2.27537E+03    9.54377E+02    3.59636E+03
 7.30000E+01    2.26977E+03    9.52028E+02    3.58751E+03
 7.40000E+01    2.26418E+03    9.49684E+02    3.57868E+03
 7.50000E+01    2.25858E+03    9.47335E+02    3.56983E+03
 7.60000E+01    2.25340E+03    9.45162E+02    3.56164E+03
 7.70000E+01    2.24821E+03    9.42985E+02    3.55343E+03
 7.80000E+01    2.24303E+03    9.40813E+02    3.54525E+03
 7.90000E+01    2.23784E+03    9.38636E+02    3.53704E+03
 8.00000E+01    2.23266E+03    9.36463E+02    3.52886E+03
 8.10000E+01    2.22802E+03    9.34517E+02    3.52152E+03
 8.20000E+01    2.22338E+03    9.32571E+02    3.51419E+03
 8.30000E+01    2.21875E+03    9.30629E+02    3.50687E+03
 8.40000E+01    2.21411E+03    9.28682E+02    3.49954E+03
 8.50000E+01    2.20947E+03    9.26736E+02    3.49220E+03
 8.60000E+01    2.20483E+03    9.24790E+02    3.48487E+03
 8.70000E+01    2.20019E+03    9.22844E+02    3.47754E+03
 8.80000E+01    2.19556E+03    9.20902E+02    3.47022E+03
 8.90000E+01    2.19092E+03    9.18956E+02    3.46288E+03
 9.00000E+01    2.18628E+03    9.17009E+02    3.45555E+03
 9.10000E+01    2.18226E+03    9.15323E+02    3.44920E+03
 9.20000E+01    2.17824E+03    9.13637E+02    3.44284E+03
 9.30000E+01    2.17421E+03    9.11947E+02    3.43647E+03
 9.40000E+01    2.17019E+03    9.10261E+02    3.43012E+03
 9.50000E+01    2.16617E+03    9.08575E+02    3.42377E+03
 9.60000E+01    2.16215E+03    9.06888E+02    3.41741E+03
 9.70000E+01    2.15813E+03    9.05202E+02    3.41106E+03
 9.80000E+01    2.15410E+03    9.03512E+02    3.40469E+03
 9.90000E+01    2.15008E+03    9.01826E+02    3.39833E+03
 1.00000E+02    2.14606E+03    9.00140E+02    3.39198E+03
 1.01411E+02    2.14109E+03    8.98057E+02    3.38413E+03
 1.02000E+02    2.13902E+03    8.97187E+02    3.38085E+03
 1.03439E+02    2.13395E+03    8.95062E+02    3.37285E+03
 1.04000E+02    2.13198E+03    8.94234E+02    3.36973E+03
 1.05467E+02    2.12682E+03    8.92071E+02    3.36157E+03
 1.06000E+02    2.12495E+03    8.91285E+02    3.35861E+03
 1.07495E+02    2.11969E+03    8.89077E+02    3.35029E+03
 1.08000E+02    2.11791E+03    8.88332E+02    3.34749E+03
 1.09524E+02    2.11255E+03    8.86083E+02    3.33901E+03
 1.10000E+02    2.11087E+03    8.85380E+02    3.33636E+03
 1.11552E+02    2.10604E+03    8.83355E+02    3.32873E+03
 1.12000E+02    2.10465E+03    8.82771E+02    3.32653E+03
 1.13580E+02    2.09974E+03    8.80713E+02    3.31877E+03
 1.14000E+02    2.09844E+03    8.80166E+02    3.31671E+03
 1.15608E+02    2.09344E+03    8.78068E+02    3.30881E+03
 1.16000E+02    2.09222E+03    8.77557E+02    3.30688E+03
 1.17637E+02    2.08714E+03    8.75426E+02    3.29885E+03
 1.18000E+02    2.08601E+03    8.74952E+02    3.29707E+03
 1.19665E+02    2.08083E+03    8.72781E+02    3.28888E+03
 1.20000E+02    2.07979E+03    8.72344E+02    3.28724E+03
 1.21693E+02    2.07510E+03    8.70376E+02    3.27982E+03
 1.22000E+02    2.07425E+03    8.70020E+02    3.27848E+03
 1.23721E+02    2.06948E+03    8.68020E+02    3.27094E+03
 1.24000E+02    2.06871E+03    8.67696E+02    3.26972E+03
 1.25749E+02    2.06387E+03    8.65667E+02    3.26208E+03
 1.26000E+02    2.06318E+03    8.65377E+02    3.26098E+03
 1.27778E+02    2.05826E+03    8.63311E+02    3.25320E+03
 1.28000E+02    2.05764E+03    8.63053E+02    3.25223E+03
 1.29806E+02    2.05264E+03    8.60955E+02    3.24432E+03
 1.30000E+02    2.05210E+03    8.60729E+02    3.24347E+03
 1.31834E+02    2.04753E+03    8.58814E+02    3.23625E+03
 1.32000E+02    2.04712E+03    8.58640E+02    3.23560E+03
 1.33862E+02    2.04249E+03    8.56699E+02    3.22829E+03
 1.34000E+02    2.04215E+03    8.56556E+02    3.22774E+03
 1.35891E+02    2.03744E+03    8.54581E+02    3.22030E+03
 1.36000E+02    2.03717E+03    8.54467E+02    3.21987E+03
 1.37919E+02    2.03240E+03    8.52467E+02    3.21234E+03
 1.38000E+02    2.03220E+03    8.52382E+02    3.21202E+03
 1.39947E+02    2.02735E+03    8.50349E+02    3.20436E+03
 1.40000E+02    2.02722E+03    8.50294E+02    3.20415E+03
 1.41975E+02    2.02277E+03    8.48425E+02    3.19711E+03
 1.42000E+02    2.02271E+03    8.48402E+02    3.19702E+03
 1.44000E+02    2.01821E+03    8.46514E+02    3.18991E+03
 1.46000E+02    2.01370E+03    8.44623E+02    3.18278E+03
 1.48000E+02    2.00920E+03    8.42735E+02    3.17566E+03
 1.50000E+02    2.00469E+03    8.40844E+02    3.16854E+03
 1.52000E+02    2.00058E+03    8.39120E+02    3.16204E+03
 1.54000E+02    1.99647E+03    8.37396E+02    3.15554E+03
 1.56000E+02    1.99237E+03    8.35676E+02    3.14906E+03
 1.58000E+02    1.98826E+03    8.33952E+02    3.14257E+03
 1.60000E+02    1.98415E+03    8.32228E+02    3.13607E+03
 1.62000E+02    1.98052E+03    8.30706E+02    3.13033E+03
 1.64000E+02    1.97689E+03    8.29183E+02    3.12460E+03
 1.66000E+02    1.97327E+03    8.27665E+02    3.11888E+03
 1.68000E+02    1.96964E+03    8.26142E+02    3.11314E+03
 1.70000E+02    1.96601E+03    8.24620E+02    3.10740E+03
 1.72000E+02    1.96238E+03    8.23097E+02    3.10166E+03
 1.74000E+02    1.95875E+03    8.21575E+02    3.09593E+03
 1.76000E+02    1.95513E+03    8.20056E+02    3.09020E+03
 1.78000E+02    1.95150E+03    8.18534E+02    3.08447E+03
 1.80000E+02    1.94787E+03    8.17011E+02    3.07873E+03
 1.82000E+02    1.94474E+03    8.15698E+02    3.07378E+03
 1.84000E+02    1.94162E+03    8.14390E+02    3.06885E+03
 1.86000E+02    1.93849E+03    8.13077E+02    3.06390E+03
 1.88000E+02    1.93537E+03    8.11768E+02    3.05897E+03
 1.90000E+02    1.93224E+03    8.10455E+02    3.05402E+03
 1.92000E+02    1.92911E+03    8.09143E+02    3.04908E+03
 1.94000E+02    1.92599E+03    8.07834E+02    3.04415E+03
 1.96000E+02    1.92286E+03    8.06521E+02    3.03920E+03
 1.98000E+02    1.91974E+03    8.05212E+02    3.03427E+03
 2.00000E+02    1.91661E+03    8.03900E+02    3.02932E+03
