# n + Ac235 : (n,nd)    
# tendl.2017 A.J. Koning and D. Rochman        EVAL-NOV17
# uncertainties: y
# # energies =    21
#   E(MeV)       xs(mb)       xslow(mb)      xsupp(mb)
 1.01560E+01    0.00000E+00    0.00000E+00    0.00000E+00
 1.30000E+01    3.68244E-15    0.00000E+00    2.58651E-14
 1.35000E+01    1.70276E-12    0.00000E+00    1.19600E-11
 1.40000E+01    1.27734E-10    0.00000E+00    8.97190E-10
 1.45000E+01    1.85904E-09    0.00000E+00    1.30577E-08
 1.50000E+01    4.79464E-08    0.00000E+00    3.36770E-07
 1.60000E+01    3.00312E-06    0.00000E+00    2.11745E-05
 1.70000E+01    7.14542E-05    0.00000E+00    5.03812E-04
 1.80000E+01    8.32508E-04    0.00000E+00    5.86988E-03
 1.90000E+01    6.01654E-03    0.00000E+00    4.24217E-02
 2.00000E+01    3.00338E-02    0.00000E+00    1.09545E-01
 2.10000E+01    1.06446E-01    0.00000E+00    3.88250E-01
 2.20000E+01    2.86814E-01    0.00000E+00    1.04612E+00
 2.30000E+01    6.03460E-01    0.00000E+00    2.20105E+00
 2.40000E+01    1.06730E+00    0.00000E+00    3.65064E+00
 2.50000E+01    1.63475E+00    0.00000E+00    5.59157E+00
 2.60000E+01    2.28321E+00    0.00000E+00    7.80960E+00
 2.70000E+01    2.93791E+00    0.00000E+00    1.00490E+01
 2.80000E+01    3.54938E+00    0.00000E+00    1.21405E+01
 2.90000E+01    4.09546E+00    0.00000E+00    1.40083E+01
 3.00000E+01    4.56937E+00    0.00000E+00    1.56293E+01
