# n + Ac235 : (n,4n)    
# tendl.2017 A.J. Koning and D. Rochman        EVAL-NOV17
# uncertainties: n
# # energies =    45
#   E(MeV)       xs(mb) 
 1.60799E+01    0.00000E+00
 1.70000E+01    6.00977E+00
 1.80000E+01    6.76713E+01
 1.90000E+01    2.25582E+02
 2.00000E+01    5.14199E+02
 2.10000E+01    8.23767E+02
 2.20000E+01    1.10257E+03
 2.30000E+01    1.29980E+03
 2.40000E+01    1.39348E+03
 2.50000E+01    1.39830E+03
 2.60000E+01    1.33382E+03
 2.70000E+01    1.21526E+03
 2.80000E+01    1.08127E+03
 2.90000E+01    9.44847E+02
 3.00000E+01    8.20115E+02
 3.00000E+01    8.19523E+02
 3.20000E+01    6.18776E+02
 3.40000E+01    4.81827E+02
 3.60000E+01    3.90021E+02
 3.80000E+01    3.30076E+02
 4.00000E+01    2.85463E+02
 4.20000E+01    2.54735E+02
 4.40000E+01    2.28767E+02
 4.60000E+01    2.11647E+02
 4.80000E+01    1.94280E+02
 5.00000E+01    1.82810E+02
 5.20000E+01    1.72346E+02
 5.40000E+01    1.62476E+02
 5.60000E+01    1.55482E+02
 5.80000E+01    1.49736E+02
 6.00000E+01    1.44121E+02
 6.50000E+01    1.33394E+02
 7.00000E+01    1.23896E+02
 7.50000E+01    1.17347E+02
 8.00000E+01    1.11203E+02
 9.00000E+01    1.02589E+02
 1.00000E+02    9.46433E+01
 1.10000E+02    8.70825E+01
 1.20000E+02    8.23367E+01
 1.30000E+02    7.63451E+01
 1.40000E+02    7.26320E+01
 1.50000E+02    6.88700E+01
 1.60000E+02    6.39362E+01
 1.80000E+02    5.82728E+01
 2.00000E+02    5.39558E+01
