# n + Ac235 : (n,2np)   
# tendl.2017 A.J. Koning and D. Rochman        EVAL-NOV17
# uncertainties: y
# # energies =    19
#   E(MeV)       xs(mb)       xslow(mb)      xsupp(mb)
 1.23901E+01    0.00000E+00   -0.00000E+00    0.00000E+00
 1.40000E+01    8.98920E-15    0.00000E+00    3.20935E-14
 1.45000E+01    3.56490E-13    0.00000E+00    1.27275E-12
 1.50000E+01    9.14643E-11    0.00000E+00    3.26548E-10
 1.60000E+01    5.64261E-08    0.00000E+00    3.98328E-07
 1.70000E+01    3.77151E-06    0.00000E+00    2.66242E-05
 1.80000E+01    7.90819E-05    0.00000E+00    5.58262E-04
 1.90000E+01    9.74749E-04    0.00000E+00    6.88104E-03
 2.00000E+01    6.95180E-03    0.00000E+00    2.39355E-02
 2.10000E+01    3.21953E-02    0.00000E+00    1.10850E-01
 2.20000E+01    1.23219E-01    0.00000E+00    4.24250E-01
 2.30000E+01    3.50363E-01    0.00000E+00    1.20632E+00
 2.40000E+01    8.57577E-01    8.52638E-03    1.70663E+00
 2.50000E+01    1.74533E+00    1.73528E-02    3.47331E+00
 2.60000E+01    3.13730E+00    3.11923E-02    6.24341E+00
 2.70000E+01    5.00511E+00    4.97629E-02    9.96046E+00
 2.80000E+01    7.25041E+00    7.20866E-02    1.44287E+01
 2.90000E+01    9.83810E+00    9.78145E-02    1.95784E+01
 3.00000E+01    1.25348E+01    1.24626E-01    2.49450E+01
