# n + Ac225 : (n,g)     
# jendl4.0   O.Iwamoto, T.Nakagawa, et al.     EVAL-FEB10
# uncertainties: y
# # energies =   886
#   E(MeV)       xs(mb)       xslow(mb)      xsupp(mb)
 1.00000E-11    2.01064E+06    2.01064E+06    2.01064E+06
 1.03223E-11    1.97899E+06    1.97899E+06    1.97899E+06
 1.06549E-11    1.94786E+06    1.94786E+06    1.94786E+06
 1.09984E-11    1.91721E+06    1.91721E+06    1.91721E+06
 1.13527E-11    1.88705E+06    1.88705E+06    1.88705E+06
 1.17186E-11    1.85736E+06    1.85736E+06    1.85736E+06
 1.20962E-11    1.82814E+06    1.82814E+06    1.82814E+06
 1.24861E-11    1.79937E+06    1.79937E+06    1.79937E+06
 1.28884E-11    1.77107E+06    1.77107E+06    1.77107E+06
 1.33038E-11    1.74320E+06    1.74320E+06    1.74320E+06
 1.37325E-11    1.71577E+06    1.71577E+06    1.71577E+06
 1.41751E-11    1.68877E+06    1.68877E+06    1.68877E+06
 1.46318E-11    1.66221E+06    1.66221E+06    1.66221E+06
 1.51034E-11    1.63605E+06    1.63605E+06    1.63605E+06
 1.55901E-11    1.61032E+06    1.61032E+06    1.61032E+06
 1.60926E-11    1.58498E+06    1.58498E+06    1.58498E+06
 1.66111E-11    1.56004E+06    1.56004E+06    1.56004E+06
 1.71465E-11    1.53549E+06    1.53549E+06    1.53549E+06
 1.76990E-11    1.51134E+06    1.51134E+06    1.51134E+06
 1.82694E-11    1.48756E+06    1.48756E+06    1.48756E+06
 1.88581E-11    1.46416E+06    1.46416E+06    1.46416E+06
 1.94659E-11    1.44112E+06    1.44112E+06    1.44112E+06
 2.00931E-11    1.41845E+06    1.41845E+06    1.41845E+06
 2.07407E-11    1.39613E+06    1.39613E+06    1.39613E+06
 2.14090E-11    1.37416E+06    1.37416E+06    1.37416E+06
 2.20991E-11    1.35254E+06    1.35254E+06    1.35254E+06
 2.28111E-11    1.33126E+06    1.33126E+06    1.33126E+06
 2.35464E-11    1.31031E+06    1.31031E+06    1.31031E+06
 2.43051E-11    1.28970E+06    1.28970E+06    1.28970E+06
 2.50884E-11    1.26941E+06    1.26941E+06    1.26941E+06
 2.58968E-11    1.24944E+06    1.24944E+06    1.24944E+06
 2.67315E-11    1.22978E+06    1.22978E+06    1.22978E+06
 2.75928E-11    1.21043E+06    1.21043E+06    1.21043E+06
 2.84822E-11    1.19139E+06    1.19139E+06    1.19139E+06
 2.93999E-11    1.17264E+06    1.17264E+06    1.17264E+06
 3.03475E-11    1.15419E+06    1.15419E+06    1.15419E+06
 3.13253E-11    1.13604E+06    1.13604E+06    1.13604E+06
 3.23350E-11    1.11816E+06    1.11816E+06    1.11816E+06
 3.33769E-11    1.10057E+06    1.10057E+06    1.10057E+06
 3.44526E-11    1.08325E+06    1.08325E+06    1.08325E+06
 3.55627E-11    1.06621E+06    1.06621E+06    1.06621E+06
 3.67089E-11    1.04943E+06    1.04943E+06    1.04943E+06
 3.78918E-11    1.03293E+06    1.03293E+06    1.03293E+06
 3.91130E-11    1.01667E+06    1.01667E+06    1.01667E+06
 4.03734E-11    1.00068E+06    1.00068E+06    1.00068E+06
 4.16746E-11    9.84934E+05    9.84934E+05    9.84934E+05
 4.30174E-11    9.69439E+05    9.69439E+05    9.69439E+05
 4.44039E-11    9.54186E+05    9.54186E+05    9.54186E+05
 4.58347E-11    9.39175E+05    9.39175E+05    9.39175E+05
 4.73119E-11    9.24398E+05    9.24398E+05    9.24398E+05
 4.88364E-11    9.09856E+05    9.09856E+05    9.09856E+05
 5.04104E-11    8.95540E+05    8.95540E+05    8.95540E+05
 5.20348E-11    8.81452E+05    8.81452E+05    8.81452E+05
 5.37119E-11    8.67582E+05    8.67582E+05    8.67582E+05
 5.54426E-11    8.53934E+05    8.53934E+05    8.53934E+05
 5.72295E-11    8.40498E+05    8.40498E+05    8.40498E+05
 5.90736E-11    8.27276E+05    8.27276E+05    8.27276E+05
 6.09775E-11    8.14260E+05    8.14260E+05    8.14260E+05
 6.29424E-11    8.01450E+05    8.01450E+05    8.01450E+05
 6.49710E-11    7.88840E+05    7.88840E+05    7.88840E+05
 6.70645E-11    7.76431E+05    7.76431E+05    7.76431E+05
 6.92260E-11    7.64214E+05    7.64214E+05    7.64214E+05
 7.14566E-11    7.52192E+05    7.52192E+05    7.52192E+05
 7.37596E-11    7.40358E+05    7.40358E+05    7.40358E+05
 7.61364E-11    7.28711E+05    7.28711E+05    7.28711E+05
 7.85902E-11    7.17245E+05    7.17245E+05    7.17245E+05
 8.11227E-11    7.05962E+05    7.05962E+05    7.05962E+05
 8.37372E-11    6.94855E+05    6.94855E+05    6.94855E+05
 8.64355E-11    6.83924E+05    6.83924E+05    6.83924E+05
 8.92212E-11    6.73164E+05    6.73164E+05    6.73164E+05
 9.20962E-11    6.62574E+05    6.62574E+05    6.62574E+05
 9.50644E-11    6.52149E+05    6.52149E+05    6.52149E+05
 9.81277E-11    6.41890E+05    6.41890E+05    6.41890E+05
 1.01291E-10    6.31790E+05    6.31790E+05    6.31790E+05
 1.04554E-10    6.21853E+05    6.21853E+05    6.21853E+05
 1.07924E-10    6.12068E+05    6.12068E+05    6.12068E+05
 1.11402E-10    6.02440E+05    6.02440E+05    6.02440E+05
 1.14992E-10    5.92961E+05    5.92961E+05    5.92961E+05
 1.18697E-10    5.83634E+05    5.83634E+05    5.83634E+05
 1.22523E-10    5.74451E+05    5.74451E+05    5.74451E+05
 1.26471E-10    5.65415E+05    5.65415E+05    5.65415E+05
 1.30547E-10    5.56519E+05    5.56519E+05    5.56519E+05
 1.34754E-10    5.47765E+05    5.47765E+05    5.47765E+05
 1.39097E-10    5.39146E+05    5.39146E+05    5.39146E+05
 1.43579E-10    5.30666E+05    5.30666E+05    5.30666E+05
 1.48207E-10    5.22316E+05    5.22316E+05    5.22316E+05
 1.52982E-10    5.14101E+05    5.14101E+05    5.14101E+05
 1.57913E-10    5.06012E+05    5.06012E+05    5.06012E+05
 1.63001E-10    4.98053E+05    4.98053E+05    4.98053E+05
 1.68254E-10    4.90216E+05    4.90216E+05    4.90216E+05
 1.73676E-10    4.82506E+05    4.82506E+05    4.82506E+05
 1.79274E-10    4.74914E+05    4.74914E+05    4.74914E+05
 1.85050E-10    4.67444E+05    4.67444E+05    4.67444E+05
 1.91014E-10    4.60089E+05    4.60089E+05    4.60089E+05
 1.97169E-10    4.52853E+05    4.52853E+05    4.52853E+05
 2.03524E-10    4.45728E+05    4.45728E+05    4.45728E+05
 2.10082E-10    4.38717E+05    4.38717E+05    4.38717E+05
 2.16853E-10    4.31814E+05    4.31814E+05    4.31814E+05
 2.23840E-10    4.25022E+05    4.25022E+05    4.25022E+05
 2.31055E-10    4.18335E+05    4.18335E+05    4.18335E+05
 2.38500E-10    4.11755E+05    4.11755E+05    4.11755E+05
 2.46187E-10    4.05277E+05    4.05277E+05    4.05277E+05
 2.54120E-10    3.98902E+05    3.98902E+05    3.98902E+05
 2.62310E-10    3.92626E+05    3.92626E+05    3.92626E+05
 2.70762E-10    3.86451E+05    3.86451E+05    3.86451E+05
 2.79489E-10    3.80371E+05    3.80371E+05    3.80371E+05
 2.88494E-10    3.74388E+05    3.74388E+05    3.74388E+05
 2.97793E-10    3.68498E+05    3.68498E+05    3.68498E+05
 3.07388E-10    3.62702E+05    3.62702E+05    3.62702E+05
 3.17295E-10    3.56995E+05    3.56995E+05    3.56995E+05
 3.27519E-10    3.51380E+05    3.51380E+05    3.51380E+05
 3.38075E-10    3.45852E+05    3.45852E+05    3.45852E+05
 3.48969E-10    3.40412E+05    3.40412E+05    3.40412E+05
 3.60216E-10    3.35057E+05    3.35057E+05    3.35057E+05
 3.71823E-10    3.29787E+05    3.29787E+05    3.29787E+05
 3.83807E-10    3.24598E+05    3.24598E+05    3.24598E+05
 3.96174E-10    3.19493E+05    3.19493E+05    3.19493E+05
 4.08943E-10    3.14466E+05    3.14466E+05    3.14466E+05
 4.22120E-10    3.09520E+05    3.09520E+05    3.09520E+05
 4.35725E-10    3.04651E+05    3.04651E+05    3.04651E+05
 4.49765E-10    2.99859E+05    2.99859E+05    2.99859E+05
 4.64261E-10    2.95141E+05    2.95141E+05    2.95141E+05
 4.79221E-10    2.90499E+05    2.90499E+05    2.90499E+05
 4.94666E-10    2.85929E+05    2.85929E+05    2.85929E+05
 5.10605E-10    2.81432E+05    2.81432E+05    2.81432E+05
 5.27062E-10    2.77004E+05    2.77004E+05    2.77004E+05
 5.44045E-10    2.72647E+05    2.72647E+05    2.72647E+05
 5.61580E-10    2.68358E+05    2.68358E+05    2.68358E+05
 5.79675E-10    2.64137E+05    2.64137E+05    2.64137E+05
 5.98358E-10    2.59982E+05    2.59982E+05    2.59982E+05
 6.17639E-10    2.55892E+05    2.55892E+05    2.55892E+05
 6.37545E-10    2.51867E+05    2.51867E+05    2.51867E+05
 6.58089E-10    2.47905E+05    2.47905E+05    2.47905E+05
 6.79298E-10    2.44005E+05    2.44005E+05    2.44005E+05
 7.01188E-10    2.40167E+05    2.40167E+05    2.40167E+05
 7.23786E-10    2.36389E+05    2.36389E+05    2.36389E+05
 7.47109E-10    2.32671E+05    2.32671E+05    2.32671E+05
 7.71188E-10    2.29011E+05    2.29011E+05    2.29011E+05
 7.96038E-10    2.25409E+05    2.25409E+05    2.25409E+05
 8.21693E-10    2.21863E+05    2.21863E+05    2.21863E+05
 8.48171E-10    2.18373E+05    2.18373E+05    2.18373E+05
 8.75507E-10    2.14938E+05    2.14938E+05    2.14938E+05
 9.03719E-10    2.11557E+05    2.11557E+05    2.11557E+05
 9.32845E-10    2.08229E+05    2.08229E+05    2.08229E+05
 9.62904E-10    2.04954E+05    2.04954E+05    2.04954E+05
 9.93937E-10    2.01729E+05    2.01729E+05    2.01729E+05
 1.02597E-09    1.98556E+05    1.98556E+05    1.98556E+05
 1.05903E-09    1.95433E+05    1.95433E+05    1.95433E+05
 1.09316E-09    1.92359E+05    1.92359E+05    1.92359E+05
 1.12839E-09    1.89333E+05    1.89333E+05    1.89333E+05
 1.16475E-09    1.86355E+05    1.86355E+05    1.86355E+05
 1.20229E-09    1.83423E+05    1.83423E+05    1.83423E+05
 1.24103E-09    1.80538E+05    1.80538E+05    1.80538E+05
 1.28103E-09    1.77698E+05    1.77698E+05    1.77698E+05
 1.32231E-09    1.74903E+05    1.74903E+05    1.74903E+05
 1.36492E-09    1.72152E+05    1.72152E+05    1.72152E+05
 1.40890E-09    1.69444E+05    1.69444E+05    1.69444E+05
 1.45431E-09    1.66778E+05    1.66778E+05    1.66778E+05
 1.50117E-09    1.64155E+05    1.64155E+05    1.64155E+05
 1.54956E-09    1.61573E+05    1.61573E+05    1.61573E+05
 1.59949E-09    1.59031E+05    1.59031E+05    1.59031E+05
 1.65104E-09    1.56530E+05    1.56530E+05    1.56530E+05
 1.70424E-09    1.54067E+05    1.54067E+05    1.54067E+05
 1.75917E-09    1.51644E+05    1.51644E+05    1.51644E+05
 1.81585E-09    1.49259E+05    1.49259E+05    1.49259E+05
 1.87438E-09    1.46911E+05    1.46911E+05    1.46911E+05
 1.93477E-09    1.44600E+05    1.44600E+05    1.44600E+05
 1.99713E-09    1.42325E+05    1.42325E+05    1.42325E+05
 2.06148E-09    1.40087E+05    1.40087E+05    1.40087E+05
 2.12792E-09    1.37883E+05    1.37883E+05    1.37883E+05
 2.19649E-09    1.35714E+05    1.35714E+05    1.35714E+05
 2.26728E-09    1.33579E+05    1.33579E+05    1.33579E+05
 2.34034E-09    1.31478E+05    1.31478E+05    1.31478E+05
 2.41577E-09    1.29410E+05    1.29410E+05    1.29410E+05
 2.49362E-09    1.27374E+05    1.27374E+05    1.27374E+05
 2.57398E-09    1.25371E+05    1.25371E+05    1.25371E+05
 2.65692E-09    1.23399E+05    1.23399E+05    1.23399E+05
 2.74255E-09    1.21458E+05    1.21458E+05    1.21458E+05
 2.83093E-09    1.19547E+05    1.19547E+05    1.19547E+05
 2.92217E-09    1.17667E+05    1.17667E+05    1.17667E+05
 3.01633E-09    1.15816E+05    1.15816E+05    1.15816E+05
 3.11354E-09    1.13994E+05    1.13994E+05    1.13994E+05
 3.21387E-09    1.12201E+05    1.12201E+05    1.12201E+05
 3.31745E-09    1.10436E+05    1.10436E+05    1.10436E+05
 3.42435E-09    1.08699E+05    1.08699E+05    1.08699E+05
 3.53471E-09    1.06989E+05    1.06989E+05    1.06989E+05
 3.64861E-09    1.05307E+05    1.05307E+05    1.05307E+05
 3.76620E-09    1.03650E+05    1.03650E+05    1.03650E+05
 3.88757E-09    1.02020E+05    1.02020E+05    1.02020E+05
 4.01286E-09    1.00416E+05    1.00416E+05    1.00416E+05
 4.14217E-09    9.88363E+04    9.88363E+04    9.88363E+04
 4.27566E-09    9.72817E+04    9.72817E+04    9.72817E+04
 4.41344E-09    9.57518E+04    9.57518E+04    9.57518E+04
 4.55568E-09    9.42457E+04    9.42457E+04    9.42457E+04
 4.70248E-09    9.27635E+04    9.27635E+04    9.27635E+04
 4.85404E-09    9.13044E+04    9.13044E+04    9.13044E+04
 5.01045E-09    8.98684E+04    8.98684E+04    8.98684E+04
 5.17193E-09    8.84549E+04    8.84549E+04    8.84549E+04
 5.33859E-09    8.70637E+04    8.70637E+04    8.70637E+04
 5.51065E-09    8.56942E+04    8.56942E+04    8.56942E+04
 5.68822E-09    8.43464E+04    8.43464E+04    8.43464E+04
 5.87154E-09    8.30197E+04    8.30197E+04    8.30197E+04
 6.06075E-09    8.17139E+04    8.17139E+04    8.17139E+04
 6.25608E-09    8.04285E+04    8.04285E+04    8.04285E+04
 6.45767E-09    7.91635E+04    7.91635E+04    7.91635E+04
 6.66579E-09    7.79182E+04    7.79182E+04    7.79182E+04
 6.88059E-09    7.66927E+04    7.66927E+04    7.66927E+04
 7.10234E-09    7.54862E+04    7.54862E+04    7.54862E+04
 7.33121E-09    7.42989E+04    7.42989E+04    7.42989E+04
 7.56748E-09    7.31301E+04    7.31301E+04    7.31301E+04
 7.81133E-09    7.19799E+04    7.19799E+04    7.19799E+04
 8.06308E-09    7.08476E+04    7.08476E+04    7.08476E+04
 8.32291E-09    6.97332E+04    6.97332E+04    6.97332E+04
 8.59114E-09    6.86363E+04    6.86363E+04    6.86363E+04
 8.86798E-09    6.75567E+04    6.75567E+04    6.75567E+04
 9.15378E-09    6.64940E+04    6.64940E+04    6.64940E+04
 9.44875E-09    6.54481E+04    6.54481E+04    6.54481E+04
 9.75327E-09    6.44185E+04    6.44185E+04    6.44185E+04
 1.00676E-08    6.34053E+04    6.34053E+04    6.34053E+04
 1.03920E-08    6.24078E+04    6.24078E+04    6.24078E+04
 1.07269E-08    6.14262E+04    6.14262E+04    6.14262E+04
 1.10726E-08    6.04599E+04    6.04599E+04    6.04599E+04
 1.14294E-08    5.95089E+04    5.95089E+04    5.95089E+04
 1.17978E-08    5.85728E+04    5.85728E+04    5.85728E+04
 1.21779E-08    5.76516E+04    5.76516E+04    5.76516E+04
 1.25704E-08    5.67446E+04    5.67446E+04    5.67446E+04
 1.29755E-08    5.58521E+04    5.58521E+04    5.58521E+04
 1.33937E-08    5.49735E+04    5.49735E+04    5.49735E+04
 1.38253E-08    5.41088E+04    5.41088E+04    5.41088E+04
 1.42708E-08    5.32576E+04    5.32576E+04    5.32576E+04
 1.47307E-08    5.24199E+04    5.24199E+04    5.24199E+04
 1.52054E-08    5.15953E+04    5.15953E+04    5.15953E+04
 1.56954E-08    5.07838E+04    5.07838E+04    5.07838E+04
 1.62012E-08    4.99849E+04    4.99849E+04    4.99849E+04
 1.67233E-08    4.91987E+04    4.91987E+04    4.91987E+04
 1.72623E-08    4.84248E+04    4.84248E+04    4.84248E+04
 1.78185E-08    4.76632E+04    4.76632E+04    4.76632E+04
 1.83928E-08    4.69135E+04    4.69135E+04    4.69135E+04
 1.89855E-08    4.61756E+04    4.61756E+04    4.61756E+04
 1.95974E-08    4.54492E+04    4.54492E+04    4.54492E+04
 2.02289E-08    4.47344E+04    4.47344E+04    4.47344E+04
 2.08808E-08    4.40306E+04    4.40306E+04    4.40306E+04
 2.15537E-08    4.33381E+04    4.33381E+04    4.33381E+04
 2.22483E-08    4.26563E+04    4.26563E+04    4.26563E+04
 2.29652E-08    4.19853E+04    4.19853E+04    4.19853E+04
 2.37054E-08    4.13249E+04    4.13249E+04    4.13249E+04
 2.44693E-08    4.06750E+04    4.06750E+04    4.06750E+04
 2.52522E-08    4.00398E+04    4.00398E+04    4.00398E+04
 2.53000E-08    4.00020E+04    4.00020E+04    4.00020E+04
 2.61154E-08    3.93730E+04    3.93730E+04    3.93730E+04
 2.69569E-08    3.87541E+04    3.87541E+04    3.87541E+04
 2.78257E-08    3.81449E+04    3.81449E+04    3.81449E+04
 2.87224E-08    3.75455E+04    3.75455E+04    3.75455E+04
 2.96480E-08    3.69554E+04    3.69554E+04    3.69554E+04
 3.06034E-08    3.63748E+04    3.63748E+04    3.63748E+04
 3.15897E-08    3.58031E+04    3.58031E+04    3.58031E+04
 3.26077E-08    3.52405E+04    3.52405E+04    3.52405E+04
 3.36586E-08    3.46865E+04    3.46865E+04    3.46865E+04
 3.47432E-08    3.41414E+04    3.41414E+04    3.41414E+04
 3.58629E-08    3.36047E+04    3.36047E+04    3.36047E+04
 3.70185E-08    3.30766E+04    3.30766E+04    3.30766E+04
 3.82116E-08    3.25567E+04    3.25567E+04    3.25567E+04
 3.94429E-08    3.20451E+04    3.20451E+04    3.20451E+04
 4.07141E-08    3.15415E+04    3.15415E+04    3.15415E+04
 4.20261E-08    3.10458E+04    3.10458E+04    3.10458E+04
 4.33805E-08    3.05579E+04    3.05579E+04    3.05579E+04
 4.47784E-08    3.00777E+04    3.00777E+04    3.00777E+04
 4.62215E-08    2.96050E+04    2.96050E+04    2.96050E+04
 4.77110E-08    2.91398E+04    2.91398E+04    2.91398E+04
 4.92486E-08    2.86818E+04    2.86818E+04    2.86818E+04
 5.08356E-08    2.82310E+04    2.82310E+04    2.82310E+04
 5.24740E-08    2.77871E+04    2.77871E+04    2.77871E+04
 5.41649E-08    2.73503E+04    2.73503E+04    2.73503E+04
 5.59105E-08    2.69204E+04    2.69204E+04    2.69204E+04
 5.77122E-08    2.64975E+04    2.64975E+04    2.64975E+04
 5.95722E-08    2.60811E+04    2.60811E+04    2.60811E+04
 6.14918E-08    2.56714E+04    2.56714E+04    2.56714E+04
 6.34736E-08    2.52680E+04    2.52680E+04    2.52680E+04
 6.55190E-08    2.48709E+04    2.48709E+04    2.48709E+04
 6.76305E-08    2.44799E+04    2.44799E+04    2.44799E+04
 6.98099E-08    2.40951E+04    2.40951E+04    2.40951E+04
 7.20597E-08    2.37163E+04    2.37163E+04    2.37163E+04
 7.43818E-08    2.33436E+04    2.33436E+04    2.33436E+04
 7.67790E-08    2.29767E+04    2.29767E+04    2.29767E+04
 7.92531E-08    2.26157E+04    2.26157E+04    2.26157E+04
 8.18073E-08    2.22603E+04    2.22603E+04    2.22603E+04
 8.44435E-08    2.19104E+04    2.19104E+04    2.19104E+04
 8.71649E-08    2.15660E+04    2.15660E+04    2.15660E+04
 8.99737E-08    2.12272E+04    2.12272E+04    2.12272E+04
 9.28735E-08    2.08936E+04    2.08936E+04    2.08936E+04
 9.58662E-08    2.05654E+04    2.05654E+04    2.05654E+04
 9.89558E-08    2.02421E+04    2.02421E+04    2.02421E+04
 1.02145E-07    1.99239E+04    1.99239E+04    1.99239E+04
 1.05437E-07    1.96106E+04    1.96106E+04    1.96106E+04
 1.08834E-07    1.93023E+04    1.93023E+04    1.93023E+04
 1.12342E-07    1.89989E+04    1.89989E+04    1.89989E+04
 1.15962E-07    1.87004E+04    1.87004E+04    1.87004E+04
 1.19699E-07    1.84067E+04    1.84067E+04    1.84067E+04
 1.23556E-07    1.81176E+04    1.81176E+04    1.81176E+04
 1.27538E-07    1.78329E+04    1.78329E+04    1.78329E+04
 1.31648E-07    1.75526E+04    1.75526E+04    1.75526E+04
 1.35891E-07    1.72766E+04    1.72766E+04    1.72766E+04
 1.40270E-07    1.70050E+04    1.70050E+04    1.70050E+04
 1.44790E-07    1.67376E+04    1.67376E+04    1.67376E+04
 1.49456E-07    1.64746E+04    1.64746E+04    1.64746E+04
 1.54273E-07    1.62157E+04    1.62157E+04    1.62157E+04
 1.59244E-07    1.59610E+04    1.59610E+04    1.59610E+04
 1.64376E-07    1.57102E+04    1.57102E+04    1.57102E+04
 1.69673E-07    1.54632E+04    1.54632E+04    1.54632E+04
 1.75142E-07    1.52201E+04    1.52201E+04    1.52201E+04
 1.80785E-07    1.49809E+04    1.49809E+04    1.49809E+04
 1.86612E-07    1.47456E+04    1.47456E+04    1.47456E+04
 1.92625E-07    1.45140E+04    1.45140E+04    1.45140E+04
 1.98833E-07    1.42859E+04    1.42859E+04    1.42859E+04
 2.05240E-07    1.40612E+04    1.40612E+04    1.40612E+04
 2.11855E-07    1.38400E+04    1.38400E+04    1.38400E+04
 2.18682E-07    1.36225E+04    1.36225E+04    1.36225E+04
 2.25730E-07    1.34084E+04    1.34084E+04    1.34084E+04
 2.33003E-07    1.31977E+04    1.31977E+04    1.31977E+04
 2.40513E-07    1.29905E+04    1.29905E+04    1.29905E+04
 2.48263E-07    1.27865E+04    1.27865E+04    1.27865E+04
 2.56264E-07    1.25855E+04    1.25855E+04    1.25855E+04
 2.64522E-07    1.23876E+04    1.23876E+04    1.23876E+04
 2.73047E-07    1.21929E+04    1.21929E+04    1.21929E+04
 2.81846E-07    1.20012E+04    1.20012E+04    1.20012E+04
 2.90929E-07    1.18125E+04    1.18125E+04    1.18125E+04
 3.00304E-07    1.16268E+04    1.16268E+04    1.16268E+04
 3.09982E-07    1.14442E+04    1.14442E+04    1.14442E+04
 3.19971E-07    1.12645E+04    1.12645E+04    1.12645E+04
 3.30284E-07    1.10874E+04    1.10874E+04    1.10874E+04
 3.40927E-07    1.09130E+04    1.09130E+04    1.09130E+04
 3.51914E-07    1.07415E+04    1.07415E+04    1.07415E+04
 3.63254E-07    1.05727E+04    1.05727E+04    1.05727E+04
 3.74961E-07    1.04067E+04    1.04067E+04    1.04067E+04
 3.87044E-07    1.02433E+04    1.02433E+04    1.02433E+04
 3.99518E-07    1.00824E+04    1.00824E+04    1.00824E+04
 4.05474E-07    1.00101E+04    1.00101E+04    1.00101E+04
 4.08056E-07    9.98379E+03    9.98379E+03    9.98379E+03
 4.09785E-07    9.97168E+03    9.97168E+03    9.97168E+03
 4.11087E-07    9.96855E+03    9.96855E+03    9.96855E+03
 4.11957E-07    9.97110E+03    9.97110E+03    9.97110E+03
 4.12829E-07    9.97905E+03    9.97905E+03    9.97905E+03
 4.13484E-07    9.98977E+03    9.98977E+03    9.98977E+03
 4.14140E-07    1.00057E+04    1.00057E+04    1.00057E+04
 4.14798E-07    1.00283E+04    1.00283E+04    1.00283E+04
 4.15237E-07    1.00479E+04    1.00479E+04    1.00479E+04
 4.15675E-07    1.00717E+04    1.00717E+04    1.00717E+04
 4.16115E-07    1.01004E+04    1.01004E+04    1.01004E+04
 4.16556E-07    1.01348E+04    1.01348E+04    1.01348E+04
 4.16996E-07    1.01757E+04    1.01757E+04    1.01757E+04
 4.17437E-07    1.02241E+04    1.02241E+04    1.02241E+04
 4.17768E-07    1.02660E+04    1.02660E+04    1.02660E+04
 4.18100E-07    1.03133E+04    1.03133E+04    1.03133E+04
 4.18432E-07    1.03664E+04    1.03664E+04    1.03664E+04
 4.18764E-07    1.04261E+04    1.04261E+04    1.04261E+04
 4.19095E-07    1.04928E+04    1.04928E+04    1.04928E+04
 4.19427E-07    1.05674E+04    1.05674E+04    1.05674E+04
 4.19761E-07    1.06510E+04    1.06510E+04    1.06510E+04
 4.19983E-07    1.07119E+04    1.07119E+04    1.07119E+04
 4.20205E-07    1.07772E+04    1.07772E+04    1.07772E+04
 4.20427E-07    1.08474E+04    1.08474E+04    1.08474E+04
 4.20649E-07    1.09226E+04    1.09226E+04    1.09226E+04
 4.20872E-07    1.10031E+04    1.10031E+04    1.10031E+04
 4.21094E-07    1.10893E+04    1.10893E+04    1.10893E+04
 4.21316E-07    1.11817E+04    1.11817E+04    1.11817E+04
 4.21540E-07    1.12807E+04    1.12807E+04    1.12807E+04
 4.21763E-07    1.13865E+04    1.13865E+04    1.13865E+04
 4.21986E-07    1.14994E+04    1.14994E+04    1.14994E+04
 4.22209E-07    1.16199E+04    1.16199E+04    1.16199E+04
 4.22432E-07    1.17485E+04    1.17485E+04    1.17485E+04
 4.22655E-07    1.18855E+04    1.18855E+04    1.18855E+04
 4.22878E-07    1.20314E+04    1.20314E+04    1.20314E+04
 4.23046E-07    1.21472E+04    1.21472E+04    1.21472E+04
 4.23214E-07    1.22688E+04    1.22688E+04    1.22688E+04
 4.23382E-07    1.23962E+04    1.23962E+04    1.23962E+04
 4.23550E-07    1.25295E+04    1.25295E+04    1.25295E+04
 4.23718E-07    1.26692E+04    1.26692E+04    1.26692E+04
 4.23886E-07    1.28152E+04    1.28152E+04    1.28152E+04
 4.24054E-07    1.29681E+04    1.29681E+04    1.29681E+04
 4.24222E-07    1.31279E+04    1.31279E+04    1.31279E+04
 4.24390E-07    1.32949E+04    1.32949E+04    1.32949E+04
 4.24558E-07    1.34694E+04    1.34694E+04    1.34694E+04
 4.24727E-07    1.36518E+04    1.36518E+04    1.36518E+04
 4.24895E-07    1.38428E+04    1.38428E+04    1.38428E+04
 4.25064E-07    1.40425E+04    1.40425E+04    1.40425E+04
 4.25233E-07    1.42509E+04    1.42509E+04    1.42509E+04
 4.25401E-07    1.44684E+04    1.44684E+04    1.44684E+04
 4.25570E-07    1.46953E+04    1.46953E+04    1.46953E+04
 4.25739E-07    1.49318E+04    1.49318E+04    1.49318E+04
 4.25908E-07    1.51785E+04    1.51785E+04    1.51785E+04
 4.26076E-07    1.54355E+04    1.54355E+04    1.54355E+04
 4.26245E-07    1.57033E+04    1.57033E+04    1.57033E+04
 4.26414E-07    1.59822E+04    1.59822E+04    1.59822E+04
 4.26583E-07    1.62725E+04    1.62725E+04    1.62725E+04
 4.26752E-07    1.65760E+04    1.65760E+04    1.65760E+04
 4.26922E-07    1.68919E+04    1.68919E+04    1.68919E+04
 4.27091E-07    1.72205E+04    1.72205E+04    1.72205E+04
 4.27261E-07    1.75622E+04    1.75622E+04    1.75622E+04
 4.27430E-07    1.79175E+04    1.79175E+04    1.79175E+04
 4.27600E-07    1.82868E+04    1.82868E+04    1.82868E+04
 4.27769E-07    1.86705E+04    1.86705E+04    1.86705E+04
 4.27939E-07    1.90690E+04    1.90690E+04    1.90690E+04
 4.28108E-07    1.94829E+04    1.94829E+04    1.94829E+04
 4.28278E-07    1.99124E+04    1.99124E+04    1.99124E+04
 4.28447E-07    2.03588E+04    2.03588E+04    2.03588E+04
 4.28618E-07    2.08233E+04    2.08233E+04    2.08233E+04
 4.28788E-07    2.13051E+04    2.13051E+04    2.13051E+04
 4.28958E-07    2.18046E+04    2.18046E+04    2.18046E+04
 4.29128E-07    2.23225E+04    2.23225E+04    2.23225E+04
 4.29298E-07    2.28591E+04    2.28591E+04    2.28591E+04
 4.29469E-07    2.34150E+04    2.34150E+04    2.34150E+04
 4.29639E-07    2.39907E+04    2.39907E+04    2.39907E+04
 4.29809E-07    2.45867E+04    2.45867E+04    2.45867E+04
 4.29979E-07    2.52036E+04    2.52036E+04    2.52036E+04
 4.30149E-07    2.58418E+04    2.58418E+04    2.58418E+04
 4.30320E-07    2.65039E+04    2.65039E+04    2.65039E+04
 4.30491E-07    2.71896E+04    2.71896E+04    2.71896E+04
 4.30662E-07    2.78984E+04    2.78984E+04    2.78984E+04
 4.30833E-07    2.86311E+04    2.86311E+04    2.86311E+04
 4.31004E-07    2.93880E+04    2.93880E+04    2.93880E+04
 4.31175E-07    3.01699E+04    3.01699E+04    3.01699E+04
 4.31346E-07    3.09772E+04    3.09772E+04    3.09772E+04
 4.31517E-07    3.18105E+04    3.18105E+04    3.18105E+04
 4.31688E-07    3.26705E+04    3.26705E+04    3.26705E+04
 4.31858E-07    3.35576E+04    3.35576E+04    3.35576E+04
 4.32029E-07    3.44725E+04    3.44725E+04    3.44725E+04
 4.32201E-07    3.54198E+04    3.54198E+04    3.54198E+04
 4.32373E-07    3.63963E+04    3.63963E+04    3.63963E+04
 4.32544E-07    3.74025E+04    3.74025E+04    3.74025E+04
 4.32716E-07    3.84391E+04    3.84391E+04    3.84391E+04
 4.32888E-07    3.95066E+04    3.95066E+04    3.95066E+04
 4.33059E-07    4.06056E+04    4.06056E+04    4.06056E+04
 4.33231E-07    4.17367E+04    4.17367E+04    4.17367E+04
 4.33403E-07    4.29004E+04    4.29004E+04    4.29004E+04
 4.33574E-07    4.40974E+04    4.40974E+04    4.40974E+04
 4.33746E-07    4.53283E+04    4.53283E+04    4.53283E+04
 4.33918E-07    4.65953E+04    4.65953E+04    4.65953E+04
 4.34090E-07    4.79010E+04    4.79010E+04    4.79010E+04
 4.34263E-07    4.92426E+04    4.92426E+04    4.92426E+04
 4.34435E-07    5.06205E+04    5.06205E+04    5.06205E+04
 4.34607E-07    5.20354E+04    5.20354E+04    5.20354E+04
 4.34780E-07    5.34876E+04    5.34876E+04    5.34876E+04
 4.34952E-07    5.49779E+04    5.49779E+04    5.49779E+04
 4.35124E-07    5.65066E+04    5.65066E+04    5.65066E+04
 4.35297E-07    5.80744E+04    5.80744E+04    5.80744E+04
 4.35469E-07    5.96816E+04    5.96816E+04    5.96816E+04
 4.35642E-07    6.13289E+04    6.13289E+04    6.13289E+04
 4.35814E-07    6.30214E+04    6.30214E+04    6.30214E+04
 4.35988E-07    6.47576E+04    6.47576E+04    6.47576E+04
 4.36161E-07    6.65355E+04    6.65355E+04    6.65355E+04
 4.36334E-07    6.83555E+04    6.83555E+04    6.83555E+04
 4.36507E-07    7.02182E+04    7.02182E+04    7.02182E+04
 4.36680E-07    7.21239E+04    7.21239E+04    7.21239E+04
 4.36853E-07    7.40730E+04    7.40730E+04    7.40730E+04
 4.37026E-07    7.60658E+04    7.60658E+04    7.60658E+04
 4.37199E-07    7.81028E+04    7.81028E+04    7.81028E+04
 4.37372E-07    8.01842E+04    8.01842E+04    8.01842E+04
 4.37546E-07    8.23104E+04    8.23104E+04    8.23104E+04
 4.37719E-07    8.44910E+04    8.44910E+04    8.44910E+04
 4.37893E-07    8.67173E+04    8.67173E+04    8.67173E+04
 4.38067E-07    8.89896E+04    8.89896E+04    8.89896E+04
 4.38241E-07    9.13080E+04    9.13080E+04    9.13080E+04
 4.38415E-07    9.36730E+04    9.36730E+04    9.36730E+04
 4.38589E-07    9.60845E+04    9.60845E+04    9.60845E+04
 4.38762E-07    9.85427E+04    9.85427E+04    9.85427E+04
 4.38936E-07    1.01048E+05    1.01048E+05    1.01048E+05
 4.39110E-07    1.03600E+05    1.03600E+05    1.03600E+05
 4.39284E-07    1.06199E+05    1.06199E+05    1.06199E+05
 4.39516E-07    1.09746E+05    1.09746E+05    1.09746E+05
 4.39749E-07    1.13384E+05    1.13384E+05    1.13384E+05
 4.39982E-07    1.17107E+05    1.17107E+05    1.17107E+05
 4.40215E-07    1.20914E+05    1.20914E+05    1.20914E+05
 4.40447E-07    1.24806E+05    1.24806E+05    1.24806E+05
 4.40680E-07    1.28781E+05    1.28781E+05    1.28781E+05
 4.40913E-07    1.32840E+05    1.32840E+05    1.32840E+05
 4.41146E-07    1.36981E+05    1.36981E+05    1.36981E+05
 4.41379E-07    1.41213E+05    1.41213E+05    1.41213E+05
 4.41613E-07    1.45537E+05    1.45537E+05    1.45537E+05
 4.41846E-07    1.49941E+05    1.49941E+05    1.49941E+05
 4.42080E-07    1.54427E+05    1.54427E+05    1.54427E+05
 4.42314E-07    1.58991E+05    1.58991E+05    1.58991E+05
 4.42548E-07    1.63633E+05    1.63633E+05    1.63633E+05
 4.42781E-07    1.68352E+05    1.68352E+05    1.68352E+05
 4.43015E-07    1.73147E+05    1.73147E+05    1.73147E+05
 4.43249E-07    1.78026E+05    1.78026E+05    1.78026E+05
 4.43602E-07    1.85496E+05    1.85496E+05    1.85496E+05
 4.43954E-07    1.93124E+05    1.93124E+05    1.93124E+05
 4.44306E-07    2.00905E+05    2.00905E+05    2.00905E+05
 4.44658E-07    2.08830E+05    2.08830E+05    2.08830E+05
 4.45010E-07    2.16893E+05    2.16893E+05    2.16893E+05
 4.45364E-07    2.25121E+05    2.25121E+05    2.25121E+05
 4.45717E-07    2.33472E+05    2.33472E+05    2.33472E+05
 4.45953E-07    2.39103E+05    2.39103E+05    2.39103E+05
 4.46425E-07    2.50505E+05    2.50505E+05    2.50505E+05
 4.46896E-07    2.62077E+05    2.62077E+05    2.62077E+05
 4.47369E-07    2.73844E+05    2.73844E+05    2.73844E+05
 4.48080E-07    2.91715E+05    2.91715E+05    2.91715E+05
 4.48790E-07    3.09773E+05    3.09773E+05    3.09773E+05
 4.50477E-07    3.52886E+05    1.47154E+05    5.58619E+05
 4.51192E-07    3.71034E+05    1.54721E+05    5.87348E+05
 4.51907E-07    3.88972E+05    1.62201E+05    6.15743E+05
 4.52625E-07    4.06686E+05    1.69588E+05    6.43784E+05
 4.53104E-07    4.18287E+05    1.74426E+05    6.62148E+05
 4.53583E-07    4.29694E+05    1.79182E+05    6.80205E+05
 4.54063E-07    4.40907E+05    1.83858E+05    6.97955E+05
 4.54544E-07    4.51904E+05    1.88444E+05    7.15364E+05
 4.55024E-07    4.62642E+05    1.92922E+05    7.32363E+05
 4.55505E-07    4.73103E+05    1.97284E+05    7.48923E+05
 4.55987E-07    4.83292E+05    2.01533E+05    7.65051E+05
 4.56470E-07    4.93191E+05    2.05661E+05    7.80722E+05
 4.56953E-07    5.02767E+05    2.09654E+05    7.95880E+05
 4.57436E-07    5.12008E+05    2.13507E+05    8.10508E+05
 4.57919E-07    5.20923E+05    2.17225E+05    8.24621E+05
 4.58404E-07    5.29503E+05    2.20803E+05    8.38203E+05
 4.58889E-07    5.37723E+05    2.24231E+05    8.51216E+05
 4.59374E-07    5.45579E+05    2.27507E+05    8.63652E+05
 4.59860E-07    5.53085E+05    2.30637E+05    8.75534E+05
 4.60347E-07    5.60238E+05    2.33619E+05    8.86857E+05
 4.60834E-07    5.67024E+05    2.36449E+05    8.97598E+05
 4.61321E-07    5.73444E+05    2.39126E+05    9.07762E+05
 4.61809E-07    5.79517E+05    2.41658E+05    9.17375E+05
 4.62298E-07    5.85245E+05    2.44047E+05    9.26442E+05
 4.62787E-07    5.90622E+05    2.46289E+05    9.34955E+05
 4.63276E-07    5.95657E+05    2.48389E+05    9.42925E+05
 4.63766E-07    6.00368E+05    2.50354E+05    9.50383E+05
 4.64257E-07    6.04764E+05    2.52187E+05    9.57342E+05
 4.64748E-07    6.08846E+05    2.53889E+05    9.63803E+05
 4.65239E-07    6.12624E+05    2.55464E+05    9.69783E+05
 4.65732E-07    6.16118E+05    2.56921E+05    9.75315E+05
 4.66225E-07    6.19340E+05    2.58265E+05    9.80415E+05
 4.66718E-07    6.22294E+05    2.59497E+05    9.85091E+05
 4.67458E-07    6.26253E+05    2.61147E+05    9.91358E+05
 4.68201E-07    6.29698E+05    2.62584E+05    9.96812E+05
 4.68944E-07    6.32657E+05    2.63818E+05    1.00150E+06
 4.69688E-07    6.35178E+05    2.64869E+05    1.00549E+06
 4.70434E-07    6.37305E+05    2.65756E+05    1.00885E+06
 4.71180E-07    6.39072E+05    2.66493E+05    1.01165E+06
 4.71928E-07    6.40522E+05    2.67098E+05    1.01395E+06
 4.72927E-07    6.42020E+05    2.67722E+05    1.01632E+06
 4.73928E-07    6.43091E+05    2.68169E+05    1.01801E+06
 4.74931E-07    6.43806E+05    2.68467E+05    1.01915E+06
 4.75936E-07    6.44228E+05    2.68643E+05    1.01981E+06
 4.77447E-07    6.44424E+05    2.68725E+05    1.02012E+06
 4.78965E-07    6.44228E+05    2.68643E+05    1.01981E+06
 4.80487E-07    6.43755E+05    2.68446E+05    1.01906E+06
 4.83544E-07    6.42302E+05    2.67840E+05    1.01676E+06
 4.89717E-07    6.38562E+05    2.66280E+05    1.01084E+06
 5.07643E-07    6.27287E+05    2.61579E+05    9.92996E+05
 5.24001E-07    6.17480E+05    2.57489E+05    9.77470E+05
 5.40889E-07    6.07837E+05    2.53468E+05    9.62206E+05
 5.58318E-07    5.98334E+05    2.49505E+05    9.47163E+05
 5.76312E-07    5.88971E+05    2.45601E+05    9.32341E+05
 5.94883E-07    5.79755E+05    2.41758E+05    9.17753E+05
 6.14055E-07    5.70683E+05    2.37975E+05    9.03391E+05
 6.33842E-07    5.61754E+05    2.34252E+05    8.89257E+05
 6.54270E-07    5.52964E+05    2.30586E+05    8.75342E+05
 6.75353E-07    5.44314E+05    2.26979E+05    8.61649E+05
 6.97119E-07    5.35810E+05    2.23433E+05    8.48187E+05
 7.21108E-07    5.26882E+05    2.19710E+05    8.34054E+05
 7.44344E-07    5.18634E+05    2.16271E+05    8.20998E+05
 7.68334E-07    5.10516E+05    2.12885E+05    8.08146E+05
 7.93092E-07    5.02531E+05    2.09555E+05    7.95506E+05
 8.18652E-07    4.94678E+05    2.06281E+05    7.83075E+05
 8.45033E-07    4.86945E+05    2.03056E+05    7.70833E+05
 8.72267E-07    4.79335E+05    1.99882E+05    7.58787E+05
 9.00375E-07    4.71833E+05    1.96754E+05    7.46911E+05
 9.29392E-07    4.64444E+05    1.93673E+05    7.35215E+05
 9.59341E-07    4.57188E+05    1.90647E+05    7.23728E+05
 9.92353E-07    4.49549E+05    1.87462E+05    7.11635E+05
 1.02639E-06    4.41961E+05    1.84298E+05    6.99624E+05
 1.06295E-06    4.34182E+05    1.81054E+05    6.87310E+05
 1.10858E-06    4.25020E+05    1.77233E+05    6.72807E+05
 1.15616E-06    4.16052E+05    1.73494E+05    6.58610E+05
 1.21430E-06    4.05836E+05    1.69234E+05    6.42439E+05
 1.28429E-06    3.94461E+05    1.64490E+05    6.24432E+05
 1.36783E-06    3.82044E+05    1.59312E+05    6.04775E+05
 1.46707E-06    3.68700E+05    1.53748E+05    5.83652E+05
 1.57352E-06    3.55837E+05    1.48384E+05    5.63289E+05
 1.71151E-06    3.40972E+05    1.42185E+05    5.39758E+05
 1.87473E-06    3.25573E+05    1.35764E+05    5.15381E+05
 2.06789E-06    3.09751E+05    1.29166E+05    4.90335E+05
 2.28096E-06    2.94648E+05    1.22868E+05    4.66427E+05
 2.51599E-06    2.80291E+05    1.16881E+05    4.43700E+05
 2.77522E-06    2.66628E+05    1.11184E+05    4.22072E+05
 3.06118E-06    2.53630E+05    1.05764E+05    4.01496E+05
 3.37659E-06    2.41205E+05    1.00582E+05    3.81828E+05
 3.72450E-06    2.29393E+05    9.56569E+04    3.63129E+05
 4.10826E-06    2.18167E+05    9.09755E+04    3.45358E+05
 4.53157E-06    2.07489E+05    8.65231E+04    3.28456E+05
 4.99849E-06    1.97326E+05    8.22848E+04    3.12367E+05
 5.51352E-06    1.87621E+05    7.82380E+04    2.97004E+05
 6.08161E-06    1.78386E+05    7.43869E+04    2.82385E+05
 6.70824E-06    1.69615E+05    7.07295E+04    2.68501E+05
 7.39944E-06    1.61244E+05    6.72388E+04    2.55250E+05
 8.16185E-06    1.53278E+05    6.39169E+04    2.42639E+05
 9.00283E-06    1.45706E+05    6.07593E+04    2.30652E+05
 9.93045E-06    1.38499E+05    5.77541E+04    2.19244E+05
 1.09537E-05    1.31596E+05    5.48757E+04    2.08317E+05
 1.20823E-05    1.25036E+05    5.21399E+04    1.97931E+05
 1.33272E-05    1.18806E+05    4.95420E+04    1.88069E+05
 1.47004E-05    1.12880E+05    4.70709E+04    1.78689E+05
 1.62151E-05    1.07255E+05    4.47252E+04    1.69784E+05
 1.78858E-05    1.01904E+05    4.24941E+04    1.61315E+05
 1.97287E-05    9.68311E+04    4.03786E+04    1.53284E+05
 2.17615E-05    9.19538E+04    3.83448E+04    1.45563E+05
 2.38356E-05    8.76485E+04    3.65494E+04    1.38748E+05
 2.62916E-05    8.32270E+04    3.47057E+04    1.31748E+05
 2.90006E-05    7.90351E+04    3.29577E+04    1.25113E+05
 3.19887E-05    7.50263E+04    3.12860E+04    1.18767E+05
 3.52847E-05    7.12026E+04    2.96915E+04    1.12714E+05
 3.89204E-05    6.75744E+04    2.81785E+04    1.06970E+05
 4.29306E-05    6.41336E+04    2.67437E+04    1.01523E+05
 4.73541E-05    6.08654E+04    2.53809E+04    9.63499E+04
 5.26017E-05    5.75323E+04    2.39910E+04    9.10737E+04
 5.80216E-05    5.45681E+04    2.27549E+04    8.63813E+04
 6.35313E-05    5.19660E+04    2.16698E+04    8.22622E+04
 7.00000E-05    4.93155E+04    2.05646E+04    7.80665E+04
 7.72126E-05    4.67493E+04    1.94945E+04    7.40041E+04
 8.50248E-05    4.43576E+04    1.84971E+04    7.02180E+04
 9.34728E-05    4.21271E+04    1.75670E+04    6.66872E+04
 1.03567E-04    3.98246E+04    1.66068E+04    6.30423E+04
 1.13280E-04    3.78928E+04    1.58013E+04    5.99843E+04
 1.24400E-04    3.59752E+04    1.50017E+04    5.69487E+04
 1.36263E-04    3.42048E+04    1.42634E+04    5.41462E+04
 1.49781E-04    3.24568E+04    1.35345E+04    5.13791E+04
 1.64287E-04    3.08358E+04    1.28585E+04    4.88131E+04
 1.79990E-04    2.93151E+04    1.22244E+04    4.64058E+04
 1.96400E-04    2.79295E+04    1.16466E+04    4.42124E+04
 2.16311E-04    2.64509E+04    1.10300E+04    4.18718E+04
 2.36688E-04    2.51381E+04    1.04826E+04    3.97937E+04
 2.59526E-04    2.38632E+04    9.95096E+03    3.77755E+04
 2.84960E-04    2.26344E+04    9.43855E+03    3.58303E+04
 3.15084E-04    2.13755E+04    8.91358E+03    3.38374E+04
 3.45115E-04    2.02873E+04    8.45981E+03    3.21148E+04
 3.77291E-04    1.92742E+04    8.03735E+03    3.05111E+04
 4.13580E-04    1.82848E+04    7.62475E+03    2.89448E+04
 4.52960E-04    1.73546E+04    7.23687E+03    2.74723E+04
 4.94681E-04    1.64979E+04    6.87964E+03    2.61162E+04
 5.39781E-04    1.56814E+04    6.53915E+03    2.48237E+04
 5.91257E-04    1.48724E+04    6.20178E+03    2.35430E+04
 6.47559E-04    1.41057E+04    5.88209E+03    2.23294E+04
 7.09876E-04    1.33703E+04    5.57543E+03    2.11653E+04
 7.75316E-04    1.26956E+04    5.29407E+03    2.00971E+04
 8.46381E-04    1.20590E+04    5.02862E+03    1.90895E+04
 9.22837E-04    1.14623E+04    4.77977E+03    1.81448E+04
 1.00705E-03    1.08894E+04    4.54090E+03    1.72380E+04
 1.10430E-03    1.03137E+04    4.30082E+03    1.63266E+04
 1.20750E-03    9.78490E+03    4.08030E+03    1.54895E+04
 1.31737E-03    9.29646E+03    3.87663E+03    1.47163E+04
 1.43465E-03    8.84033E+03    3.68642E+03    1.39942E+04
 1.56913E-03    8.38601E+03    3.49697E+03    1.32751E+04
 1.71951E-03    7.94588E+03    3.31343E+03    1.25783E+04
 1.88721E-03    7.52231E+03    3.13680E+03    1.19078E+04
 2.05133E-03    7.16307E+03    3.43827E+03    1.08879E+04
 2.23664E-03    6.81210E+03    3.26981E+03    1.03544E+04
 2.44202E-03    6.47365E+03    3.10735E+03    9.83995E+03
 2.67051E-03    6.14547E+03    2.94982E+03    9.34111E+03
 2.92727E-03    5.82635E+03    2.79665E+03    8.85605E+03
 3.15701E-03    5.58298E+03    2.67983E+03    8.48613E+03
 3.45255E-03    5.31025E+03    2.54892E+03    8.07159E+03
 3.78256E-03    5.04638E+03    2.42226E+03    7.67050E+03
 4.14700E-03    4.79370E+03    2.30098E+03    7.28643E+03
 4.52482E-03    4.56592E+03    2.19164E+03    6.94020E+03
 4.94287E-03    4.34592E+03    2.08604E+03    6.60579E+03
 5.37993E-03    4.15569E+03    2.53081E+03    5.78056E+03
 5.91815E-03    3.95368E+03    2.40779E+03    5.49958E+03
 6.52478E-03    3.75692E+03    2.28797E+03    5.22588E+03
 7.04938E-03    3.60928E+03    2.19805E+03    5.02050E+03
 7.77810E-03    3.44273E+03    2.09662E+03    4.78883E+03
 8.59493E-03    3.28123E+03    2.28045E+03    4.28200E+03
 9.52312E-03    3.12362E+03    2.17092E+03    4.07633E+03
 1.00705E-02    3.04243E+03    2.22706E+03    3.85781E+03
 1.12272E-02    2.91212E+03    2.13167E+03    3.69257E+03
 1.25468E-02    2.78441E+03    2.03819E+03    3.53063E+03
 1.40529E-02    2.65986E+03    1.94702E+03    3.37270E+03
 1.57259E-02    2.54210E+03    1.86082E+03    3.22338E+03
 1.75952E-02    2.42961E+03    1.77847E+03    3.08074E+03
 1.96540E-02    2.32352E+03    1.70082E+03    2.94622E+03
 2.05133E-02    2.28788E+03    1.78454E+03    2.79121E+03
 2.33930E-02    2.19099E+03    1.70897E+03    2.67301E+03
 2.66829E-02    2.09797E+03    1.63642E+03    2.55952E+03
 3.02863E-02    2.00979E+03    1.50935E+03    2.51023E+03
 3.35528E-02    1.91098E+03    1.43515E+03    2.38681E+03
 3.69996E-02    1.82114E+03    1.36767E+03    2.27460E+03
 4.05538E-02    1.73897E+03    1.22076E+03    2.25719E+03
 4.40427E-02    1.64981E+03    1.15816E+03    2.14145E+03
 4.80094E-02    1.56178E+03    1.09637E+03    2.02719E+03
 5.03527E-02    1.51617E+03    1.06435E+03    1.96799E+03
 5.55110E-02    1.44047E+03    1.01121E+03    1.86973E+03
 6.13945E-02    1.36620E+03    9.15353E+02    1.81704E+03
 6.49900E-02    1.32592E+03    8.88365E+02    1.76347E+03
 6.89120E-02    1.25324E+03    8.39670E+02    1.66681E+03
 7.00000E-02    1.23450E+03    8.27113E+02    1.64188E+03
 7.56741E-02    1.16512E+03    7.80630E+02    1.54961E+03
 7.85586E-02    1.13457E+03    7.60165E+02    1.50898E+03
 8.57229E-02    1.07167E+03    6.90154E+02    1.45318E+03
 9.28761E-02    1.01694E+03    6.54912E+02    1.37898E+03
 1.00000E-01    9.68911E+02    6.21072E+02    1.31675E+03
 1.11294E-01    8.75933E+02    5.61473E+02    1.19039E+03
 1.18109E-01    8.25902E+02    5.29403E+02    1.12240E+03
 1.20671E-01    8.09224E+02    5.18713E+02    1.09974E+03
 1.24840E-01    7.80645E+02    5.00393E+02    1.06090E+03
 1.27429E-01    7.63170E+02    4.89192E+02    1.03715E+03
 1.36175E-01    7.19121E+02    4.60956E+02    9.77285E+02
 1.40988E-01    6.97633E+02    4.47183E+02    9.48084E+02
 1.47654E-01    6.73406E+02    4.31653E+02    9.15159E+02
 1.57451E-01    6.42003E+02    4.11524E+02    8.72482E+02
 1.67024E-01    6.07853E+02    3.89634E+02    8.26072E+02
 1.70778E-01    5.96111E+02    3.82107E+02    8.10115E+02
 1.84980E-01    5.67298E+02    3.63638E+02    7.70958E+02
 2.00373E-01    5.39794E+02    3.17399E+02    7.62188E+02
 2.12391E-01    5.07553E+02    2.98441E+02    7.16665E+02
 2.32366E-01    4.59427E+02    2.70143E+02    6.48711E+02
 2.36556E-01    4.50037E+02    2.64622E+02    6.35452E+02
 2.50000E-01    4.28181E+02    2.51770E+02    6.04591E+02
 2.73395E-01    4.06176E+02    2.38831E+02    5.73520E+02
 2.98725E-01    3.85446E+02    2.26642E+02    5.44250E+02
 3.24773E-01    3.60222E+02    2.00284E+02    5.20161E+02
 3.47676E-01    3.40626E+02    1.89388E+02    4.91864E+02
 3.73641E-01    3.21094E+02    1.78528E+02    4.63659E+02
 4.00000E-01    3.03600E+02    1.63337E+02    4.43863E+02
 4.41790E-01    2.88781E+02    1.55364E+02    4.22198E+02
 4.87577E-01    2.74795E+02    1.47840E+02    4.01751E+02
 5.00000E-01    2.71315E+02    1.45968E+02    3.96663E+02
 5.34760E-01    2.56773E+02    1.38144E+02    3.75402E+02
 5.73010E-01    2.42615E+02    1.30527E+02    3.54703E+02
 6.00000E-01    2.33625E+02    1.20551E+02    3.46700E+02
 6.52400E-01    2.22089E+02    1.14598E+02    3.29580E+02
 7.04938E-01    2.11699E+02    1.09237E+02    3.14162E+02
 7.60741E-01    1.99903E+02    1.03150E+02    2.96656E+02
 8.05643E-01    1.91586E+02    9.57928E+01    2.87378E+02
 8.77255E-01    1.81010E+02    9.05052E+01    2.71516E+02
 9.12697E-01    1.76450E+02    8.82250E+01    2.64675E+02
 9.95909E-01    1.67351E+02    8.36757E+01    2.51027E+02
 1.08571E+00    1.57883E+02    7.68890E+01    2.38877E+02
 1.17925E+00    1.49214E+02    7.26670E+01    2.25760E+02
 1.28003E+00    1.40926E+02    6.67990E+01    2.15053E+02
 1.41975E+00    1.30244E+02    6.17355E+01    1.98752E+02
 1.64301E+00    1.14472E+02    5.21992E+01    1.76745E+02
 1.87133E+00    9.92427E+01    4.52547E+01    1.53231E+02
 2.05727E+00    8.75114E+01    3.71048E+01    1.37918E+02
 2.18570E+00    7.98770E+01    3.38679E+01    1.25886E+02
 2.29529E+00    7.34852E+01    3.11577E+01    1.15813E+02
 2.38716E+00    6.86612E+01    2.91123E+01    1.08210E+02
 2.49542E+00    6.29588E+01    2.66945E+01    9.92231E+01
 2.58508E+00    5.87061E+01    2.26019E+01    9.48104E+01
 2.69557E+00    5.35171E+01    2.06041E+01    8.64301E+01
 2.77764E+00    5.00329E+01    1.92627E+01    8.08031E+01
 2.89570E+00    4.51624E+01    1.73875E+01    7.29373E+01
 2.97769E+00    4.21032E+01    1.62097E+01    6.79967E+01
 3.00724E+00    4.10255E+01    1.39076E+01    6.81433E+01
 3.08129E+00    3.81443E+01    1.29309E+01    6.33576E+01
 3.16155E+00    3.53219E+01    1.19741E+01    5.86696E+01
 3.24376E+00    3.27085E+01    1.10882E+01    5.43289E+01
 3.32470E+00    3.03855E+01    1.03007E+01    5.04703E+01
 3.40299E+00    2.83421E+01    9.60795E+00    4.70761E+01
 3.48818E+00    2.63204E+01    8.92261E+00    4.37181E+01
 3.50732E+00    2.58556E+01    7.54982E+00    4.41613E+01
 3.58201E+00    2.39309E+01    6.98782E+00    4.08739E+01
 3.65195E+00    2.22934E+01    6.50966E+00    3.80771E+01
 3.72838E+00    2.06613E+01    6.03311E+00    3.52895E+01
 3.79515E+00    1.93577E+01    5.65245E+00    3.30629E+01
 3.87861E+00    1.78725E+01    5.21878E+00    3.05263E+01
 3.95476E+00    1.66420E+01    4.85948E+00    2.84246E+01
 4.00737E+00    1.58360E+01    3.87982E+00    2.77922E+01
 4.07616E+00    1.47150E+01    3.60518E+00    2.58249E+01
 4.14203E+00    1.37315E+01    3.36421E+00    2.40988E+01
 4.21190E+00    1.27763E+01    3.13019E+00    2.24224E+01
 4.28946E+00    1.18090E+01    2.89320E+00    2.07247E+01
 4.37084E+00    1.08896E+01    2.66796E+00    1.91113E+01
 4.44763E+00    1.01011E+01    2.47478E+00    1.77275E+01
 4.55690E+00    9.07762E+00    2.22402E+00    1.59312E+01
 4.63159E+00    8.44004E+00    2.06781E+00    1.48123E+01
 4.71295E+00    7.80585E+00    1.91243E+00    1.36993E+01
 4.78381E+00    7.30025E+00    1.78856E+00    1.28119E+01
 4.86312E+00    6.78169E+00    1.66151E+00    1.19019E+01
 4.94453E+00    6.29512E+00    1.54230E+00    1.10479E+01
 5.04350E+00    5.75686E+00    1.13410E+00    1.03796E+01
 5.12101E+00    5.37068E+00    1.05802E+00    9.68333E+00
 5.20488E+00    4.98786E+00    9.82608E-01    8.99311E+00
 5.29237E+00    4.62328E+00    9.10787E-01    8.33578E+00
 5.38492E+00    4.27268E+00    8.41718E-01    7.70364E+00
 5.46955E+00    3.97986E+00    7.84032E-01    7.17569E+00
 5.50000E+00    3.88059E+00    7.64475E-01    6.99670E+00
 5.60997E+00    3.58207E+00    7.05667E-01    6.45846E+00
 5.71494E+00    3.32339E+00    6.54708E-01    5.99207E+00
 5.81936E+00    3.08890E+00    6.08513E-01    5.56929E+00
 5.92673E+00    2.86877E+00    5.65147E-01    5.17239E+00
 6.00000E+00    2.72965E+00    7.37007E-01    4.72230E+00
 6.13393E+00    2.52868E+00    6.82743E-01    4.37461E+00
 6.26762E+00    2.34669E+00    6.33606E-01    4.05977E+00
 6.41145E+00    2.16937E+00    5.85729E-01    3.75300E+00
 6.50000E+00    2.06863E+00    5.58532E-01    3.57874E+00
 6.70243E+00    1.92066E+00    5.18577E-01    3.32273E+00
 6.88865E+00    1.79740E+00    4.85298E-01    3.10950E+00
 7.00000E+00    1.72898E+00    7.69398E-01    2.68857E+00
 7.31140E+00    1.62573E+00    7.23450E-01    2.52801E+00
 7.50000E+00    1.56820E+00    6.97851E-01    2.43856E+00
 8.00000E+00    1.53406E+00    8.19189E-01    2.24893E+00
 8.50000E+00    1.55806E+00    8.32005E-01    2.28412E+00
 9.12697E+00    1.62498E+00    8.12490E-01    2.43747E+00
 9.50000E+00    1.66070E+00    8.30350E-01    2.49105E+00
 1.00000E+01    1.66998E+00    7.59841E-01    2.58012E+00
 1.01411E+01    1.67596E+00    7.62563E-01    2.58936E+00
 1.02842E+01    1.68203E+00    7.65323E-01    2.59873E+00
 1.04292E+01    1.68818E+00    7.68122E-01    2.60824E+00
 1.05000E+01    1.69118E+00    7.69487E-01    2.61287E+00
 1.06481E+01    1.68664E+00    7.67422E-01    2.60586E+00
 1.07984E+01    1.68204E+00    7.65327E-01    2.59875E+00
 1.09507E+01    1.67737E+00    7.63203E-01    2.59154E+00
 1.10000E+01    1.67586E+00    7.62516E-01    2.58920E+00
 1.11552E+01    1.66207E+00    7.56240E-01    2.56789E+00
 1.12472E+01    1.65389E+00    7.52518E-01    2.55525E+00
 1.14059E+01    1.64027E+00    7.46324E-01    2.53422E+00
 1.15000E+01    1.63220E+00    7.42651E-01    2.52175E+00
 1.16622E+01    1.61262E+00    7.33744E-01    2.49150E+00
 1.17473E+01    1.60236E+00    7.29072E-01    2.47564E+00
 1.19131E+01    1.58314E+00    7.20328E-01    2.44595E+00
 1.20000E+01    1.57306E+00    6.40235E-01    2.50588E+00
 1.21231E+01    1.55525E+00    6.32986E-01    2.47751E+00
 1.22941E+01    1.53116E+00    6.23181E-01    2.43913E+00
 1.23101E+01    1.52891E+00    6.22265E-01    2.43555E+00
 1.24838E+01    1.50522E+00    6.12625E-01    2.39782E+00
 1.25000E+01    1.50301E+00    6.11725E-01    2.39429E+00
 1.26232E+01    1.48097E+00    6.02755E-01    2.35918E+00
 1.27163E+01    1.46465E+00    5.96113E-01    2.33319E+00
 1.28574E+01    1.44051E+00    5.86288E-01    2.29474E+00
 1.30000E+01    1.41677E+00    5.76625E-01    2.25691E+00
 1.31232E+01    1.39473E+00    5.67657E-01    2.22181E+00
 1.32164E+01    1.37843E+00    5.61022E-01    2.19584E+00
 1.33575E+01    1.35433E+00    5.51214E-01    2.15746E+00
 1.35000E+01    1.33066E+00    5.41579E-01    2.11974E+00
 1.36233E+01    1.30056E+00    5.29326E-01    2.07179E+00
 1.37165E+01    1.27843E+00    5.20319E-01    2.03653E+00
 1.37868E+01    1.26208E+00    5.13665E-01    2.01049E+00
 1.38930E+01    1.23794E+00    5.03842E-01    1.97204E+00
 1.40000E+01    1.21427E+00    4.82065E-01    1.94647E+00
 1.41234E+01    1.18733E+00    4.71372E-01    1.90330E+00
 1.42166E+01    1.16753E+00    4.63508E-01    1.87154E+00
 1.42869E+01    1.15289E+00    4.57696E-01    1.84808E+00
 1.43931E+01    1.13127E+00    4.49114E-01    1.81343E+00
 1.45000E+01    1.11006E+00    4.40694E-01    1.77943E+00
 1.46234E+01    1.08418E+00    4.30420E-01    1.73794E+00
 1.47167E+01    1.06517E+00    4.22872E-01    1.70747E+00
 1.47870E+01    1.05113E+00    4.17298E-01    1.68496E+00
 1.48931E+01    1.03042E+00    4.09075E-01    1.65176E+00
 1.50000E+01    1.01011E+00    4.00004E-01    1.62022E+00
 1.50616E+01    9.96087E-01    3.94450E-01    1.59772E+00
 1.51700E+01    9.72013E-01    3.84917E-01    1.55911E+00
 1.52519E+01    9.54340E-01    3.77919E-01    1.53076E+00
 1.53135E+01    9.41296E-01    3.72753E-01    1.50984E+00
 1.54065E+01    9.22065E-01    3.65138E-01    1.47899E+00
 1.55000E+01    9.03226E-01    3.57677E-01    1.44877E+00
 1.55616E+01    8.91230E-01    3.52927E-01    1.42953E+00
 1.56701E+01    8.70618E-01    3.44765E-01    1.39647E+00
 1.57519E+01    8.55473E-01    3.38767E-01    1.37218E+00
 1.58136E+01    8.44287E-01    3.34338E-01    1.35424E+00
 1.59065E+01    8.27782E-01    3.27802E-01    1.32776E+00
 1.60000E+01    8.11600E-01    3.20582E-01    1.30262E+00
 1.61236E+01    7.94585E-01    3.13861E-01    1.27531E+00
 1.62169E+01    7.82058E-01    3.08913E-01    1.25520E+00
 1.63578E+01    7.63637E-01    3.01637E-01    1.22564E+00
 1.65000E+01    7.45650E-01    2.94532E-01    1.19677E+00
 1.66236E+01    7.30919E-01    2.88713E-01    1.17312E+00
 1.67169E+01    7.20061E-01    2.84424E-01    1.15570E+00
 1.68579E+01    7.04077E-01    2.78111E-01    1.13004E+00
 1.70000E+01    6.88448E-01    2.71937E-01    1.10496E+00
 1.71236E+01    6.79592E-01    2.68439E-01    1.09075E+00
 1.73108E+01    6.66522E-01    2.63276E-01    1.06977E+00
 1.75000E+01    6.53703E-01    2.58213E-01    1.04919E+00
 1.76237E+01    6.42644E-01    2.53844E-01    1.03144E+00
 1.77170E+01    6.34472E-01    2.50617E-01    1.01833E+00
 1.78579E+01    6.22410E-01    2.45852E-01    9.98967E-01
 1.80000E+01    6.10576E-01    2.39956E-01    9.81196E-01
 1.81237E+01    6.00828E-01    2.36125E-01    9.65530E-01
 1.82171E+01    5.93619E-01    2.33292E-01    9.53946E-01
 1.83580E+01    5.82967E-01    2.29106E-01    9.36829E-01
 1.85000E+01    5.72507E-01    2.24995E-01    9.20019E-01
 1.86238E+01    5.63818E-01    2.21581E-01    9.06056E-01
 1.88109E+01    5.51032E-01    2.16556E-01    8.85509E-01
 1.90000E+01    5.38536E-01    2.11645E-01    8.65427E-01
 1.91238E+01    5.30666E-01    2.08552E-01    8.52781E-01
 1.93110E+01    5.19076E-01    2.03997E-01    8.34156E-01
 1.95000E+01    5.07740E-01    1.99542E-01    8.15938E-01
 1.97484E+01    5.00668E-01    1.96762E-01    8.04573E-01
 2.00000E+01    4.93694E-01    1.94022E-01    7.93366E-01
