# n + Ac225 :  n        
# jendl4.0   O.Iwamoto, T.Nakagawa, et al.     EVAL-FEB10
# uncertainties: n
# # energies =    35
#   E(MeV)       xs(mb) 
 3.00000E+00    0.00000E+00
 3.50000E+00    7.49311E-07
 4.00000E+00    1.14907E-05
 4.50000E+00    1.20643E-04
 5.00000E+00    1.17859E-03
 5.50000E+00    1.09550E-02
 6.00000E+00    1.01355E-01
 6.50000E+00    9.36432E-01
 7.00000E+00    7.09168E+00
 7.50000E+00    1.81476E+01
 8.00000E+00    2.74288E+01
 8.50000E+00    3.27942E+01
 9.00000E+00    3.52375E+01
 9.50000E+00    3.57083E+01
 1.00000E+01    3.53878E+01
 1.05000E+01    3.53115E+01
 1.10000E+01    3.52217E+01
 1.15000E+01    3.53885E+01
 1.20000E+01    3.58085E+01
 1.25000E+01    3.67140E+01
 1.30000E+01    3.75540E+01
 1.35000E+01    3.83206E+01
 1.40000E+01    3.89531E+01
 1.45000E+01    3.97977E+01
 1.50000E+01    4.02370E+01
 1.55000E+01    4.08893E+01
 1.60000E+01    4.11638E+01
 1.65000E+01    4.16535E+01
 1.70000E+01    4.20942E+01
 1.75000E+01    4.24943E+01
 1.80000E+01    4.28692E+01
 1.85000E+01    4.32151E+01
 1.90000E+01    4.35191E+01
 1.95000E+01    4.37837E+01
 2.00000E+01    4.40271E+01
