# n + Ac225 : (n,n'06)  
# jendl4.0   O.Iwamoto, T.Nakagawa, et al.     EVAL-FEB10
# uncertainties: y
# # energies =    71
#   E(MeV)       xs(mb)       xslow(mb)      xsupp(mb)
 1.21341E-01    0.00000E+00    0.00000E+00    0.00000E+00
 1.27429E-01    3.69319E+01    1.77642E+01    5.60996E+01
 1.40000E-01    6.91060E+01    3.32400E+01    1.04972E+02
 1.45600E-01    8.14209E+01    3.91635E+01    1.23678E+02
 1.56348E-01    1.03325E+02    4.96993E+01    1.56951E+02
 1.70000E-01    1.26065E+02    6.06373E+01    1.91493E+02
 1.71556E-01    1.28667E+02    6.18888E+01    1.95445E+02
 1.99601E-01    1.69933E+02    8.17378E+01    2.58128E+02
 2.00000E-01    1.70478E+02    8.19999E+01    2.58956E+02
 2.00746E-01    1.71131E+02    8.23140E+01    2.59948E+02
 2.21991E-01    1.86646E+02    8.97767E+01    2.83515E+02
 2.36556E-01    1.90829E+02    9.17887E+01    2.89869E+02
 2.50000E-01    1.96623E+02    9.45757E+01    2.98670E+02
 3.00000E-01    2.20641E+02    9.00215E+01    3.51260E+02
 4.00000E-01    2.15043E+02    9.37587E+01    3.36327E+02
 5.00000E-01    2.02252E+02    8.81819E+01    3.16322E+02
 6.00000E-01    1.72727E+02    1.00182E+02    2.45272E+02
 7.00000E-01    1.48318E+02    8.60244E+01    2.10612E+02
 8.00000E-01    1.24192E+02    8.09732E+01    1.67411E+02
 9.00000E-01    1.03915E+02    6.77526E+01    1.40077E+02
 1.00000E+00    8.77882E+01    6.00471E+01    1.15529E+02
 1.10000E+00    7.42657E+01    5.07977E+01    9.77337E+01
 1.20000E+00    6.27183E+01    4.38401E+01    8.15965E+01
 1.30000E+00    5.30156E+01    3.70579E+01    6.89733E+01
 1.40000E+00    4.46557E+01    3.12143E+01    5.80971E+01
 1.50000E+00    3.77763E+01    2.73123E+01    4.82403E+01
 1.60000E+00    3.17782E+01    2.29756E+01    4.05808E+01
 1.70000E+00    2.67688E+01    1.93538E+01    3.41838E+01
 1.80000E+00    2.24139E+01    1.62052E+01    2.86225E+01
 1.90000E+00    1.87645E+01    1.35667E+01    2.39623E+01
 2.00000E+00    1.56200E+01    1.19962E+01    1.92438E+01
 2.10000E+00    1.29940E+01    9.97939E+00    1.60086E+01
 2.20000E+00    1.07399E+01    8.24824E+00    1.32316E+01
 2.40000E+00    7.31543E+00    5.61825E+00    9.01261E+00
 2.60000E+00    4.91346E+00    3.92585E+00    5.90106E+00
 2.80000E+00    3.28637E+00    2.62581E+00    3.94693E+00
 3.00000E+00    2.18040E+00    1.67891E+00    2.68189E+00
 3.50000E+00    7.76591E-01    5.57592E-01    9.95590E-01
 4.00000E+00    2.84544E-01    1.91783E-01    3.77305E-01
 4.50000E+00    1.12898E-01    7.60933E-02    1.49703E-01
 5.00000E+00    5.36568E-02    3.81500E-02    6.91636E-02
 5.50000E+00    3.14936E-02    2.23919E-02    4.05953E-02
 6.00000E+00    2.27320E-02    1.76400E-02    2.78240E-02
 6.50000E+00    1.85815E-02    1.44192E-02    2.27438E-02
 7.00000E+00    1.64140E-02    1.24254E-02    2.04026E-02
 7.50000E+00    1.49883E-02    1.13461E-02    1.86305E-02
 8.00000E+00    1.40219E-02    1.04603E-02    1.75835E-02
 8.50000E+00    1.31796E-02    9.83198E-03    1.65272E-02
 9.00000E+00    1.24944E-02    9.33332E-03    1.56555E-02
 9.50000E+00    1.18359E-02    8.84142E-03    1.48304E-02
 1.00000E+01    1.12528E-02    8.47336E-03    1.40322E-02
 1.05000E+01    1.07040E-02    8.06011E-03    1.33479E-02
 1.10000E+01    1.02028E-02    7.68271E-03    1.27229E-02
 1.15000E+01    9.73936E-03    7.33374E-03    1.21450E-02
 1.20000E+01    9.30435E-03    7.10852E-03    1.15002E-02
 1.25000E+01    8.90438E-03    6.80295E-03    1.10058E-02
 1.30000E+01    8.52984E-03    6.51680E-03    1.05429E-02
 1.35000E+01    8.18843E-03    6.25596E-03    1.01209E-02
 1.40000E+01    7.86523E-03    6.07982E-03    9.65064E-03
 1.45000E+01    7.56303E-03    5.84622E-03    9.27984E-03
 1.50000E+01    7.27679E-03    5.65407E-03    8.89951E-03
 1.55000E+01    7.01159E-03    5.44801E-03    8.57517E-03
 1.60000E+01    6.75959E-03    5.27924E-03    8.23994E-03
 1.65000E+01    6.52425E-03    5.09544E-03    7.95306E-03
 1.70000E+01    6.30007E-03    4.92035E-03    7.67979E-03
 1.75000E+01    6.08929E-03    4.75574E-03    7.42284E-03
 1.80000E+01    5.88841E-03    4.64007E-03    7.13675E-03
 1.85000E+01    5.69850E-03    4.49042E-03    6.90658E-03
 1.90000E+01    5.51729E-03    4.34762E-03    6.68696E-03
 1.95000E+01    5.34066E-03    4.20844E-03    6.47288E-03
 2.00000E+01    5.17267E-03    4.07606E-03    6.26928E-03
