# n + Ac225 : (n,n'11)  
# jendl4.0   O.Iwamoto, T.Nakagawa, et al.     EVAL-FEB10
# uncertainties: y
# # energies =    64
#   E(MeV)       xs(mb)       xslow(mb)      xsupp(mb)
 1.99601E-01    0.00000E+00    0.00000E+00    0.00000E+00
 2.00000E-01    1.42596E-03    4.03547E-04    2.44837E-03
 2.00746E-01    4.35045E-03    1.23118E-03    7.46972E-03
 2.21991E-01    1.56747E-01    4.43594E-02    2.69135E-01
 2.36556E-01    3.20684E-01    9.07536E-02    5.50614E-01
 2.50000E-01    5.05949E-01    1.43184E-01    8.68714E-01
 3.00000E-01    1.46812E+00    6.65058E-01    2.27118E+00
 4.00000E-01    4.68518E+00    2.63307E+00    6.73729E+00
 5.00000E-01    8.43977E+00    4.74315E+00    1.21364E+01
 6.00000E-01    1.25846E+01    7.12288E+00    1.80463E+01
 7.00000E-01    1.67316E+01    9.47009E+00    2.39931E+01
 8.00000E-01    2.08872E+01    1.09867E+01    3.07877E+01
 9.00000E-01    2.48393E+01    1.30655E+01    3.66131E+01
 1.00000E+00    2.83255E+01    1.41061E+01    4.25449E+01
 1.10000E+00    3.17220E+01    1.57976E+01    4.76464E+01
 1.20000E+00    3.48813E+01    1.74407E+01    5.23220E+01
 1.30000E+00    3.74261E+01    1.87130E+01    5.61391E+01
 1.40000E+00    3.98140E+01    1.99070E+01    5.97210E+01
 1.50000E+00    4.14548E+01    2.15980E+01    6.13116E+01
 1.60000E+00    4.30895E+01    2.24496E+01    6.37294E+01
 1.70000E+00    4.39544E+01    2.29002E+01    6.50086E+01
 1.80000E+00    4.48675E+01    2.33760E+01    6.63590E+01
 1.90000E+00    4.51352E+01    2.35154E+01    6.67550E+01
 2.00000E+00    4.54870E+01    2.45175E+01    6.64565E+01
 2.10000E+00    4.52598E+01    2.43950E+01    6.61246E+01
 2.20000E+00    4.51301E+01    2.43251E+01    6.59351E+01
 2.40000E+00    4.45817E+01    2.40295E+01    6.51339E+01
 2.60000E+00    4.38755E+01    2.37805E+01    6.39705E+01
 2.80000E+00    4.28862E+01    2.32443E+01    6.25281E+01
 3.00000E+00    4.20867E+01    2.27689E+01    6.14045E+01
 3.50000E+00    3.95852E+01    2.12968E+01    5.78736E+01
 4.00000E+00    3.75570E+01    2.02808E+01    5.48332E+01
 4.50000E+00    3.50453E+01    1.89245E+01    5.11661E+01
 5.00000E+00    3.26107E+01    1.77076E+01    4.75138E+01
 5.50000E+00    3.05733E+01    1.66013E+01    4.45453E+01
 6.00000E+00    2.85472E+01    1.53869E+01    4.17075E+01
 6.50000E+00    2.69261E+01    1.45132E+01    3.93390E+01
 7.00000E+00    2.53073E+01    1.32610E+01    3.73536E+01
 7.50000E+00    2.36690E+01    1.24026E+01    3.49354E+01
 8.00000E+00    2.20314E+01    1.13241E+01    3.27387E+01
 8.50000E+00    2.04020E+01    1.04866E+01    3.03174E+01
 9.00000E+00    1.87729E+01    9.70559E+00    2.78402E+01
 9.50000E+00    1.73987E+01    8.99513E+00    2.58023E+01
 1.00000E+01    1.60247E+01    8.41297E+00    2.36364E+01
 1.05000E+01    1.49610E+01    7.85452E+00    2.20675E+01
 1.10000E+01    1.38974E+01    7.29613E+00    2.04987E+01
 1.15000E+01    1.30560E+01    6.85440E+00    1.92576E+01
 1.20000E+01    1.22146E+01    6.55924E+00    1.78700E+01
 1.25000E+01    1.15133E+01    6.18264E+00    1.68440E+01
 1.30000E+01    1.08120E+01    5.80604E+00    1.58180E+01
 1.35000E+01    1.02144E+01    5.48513E+00    1.49437E+01
 1.40000E+01    9.61681E+00    5.30848E+00    1.39251E+01
 1.45000E+01    9.10989E+00    5.02866E+00    1.31911E+01
 1.50000E+01    8.60301E+00    4.81769E+00    1.23883E+01
 1.55000E+01    8.17595E+00    4.57853E+00    1.17734E+01
 1.60000E+01    7.74892E+00    4.39364E+00    1.11042E+01
 1.65000E+01    7.38743E+00    4.18867E+00    1.05862E+01
 1.70000E+01    7.02597E+00    3.98373E+00    1.00682E+01
 1.75000E+01    6.71549E+00    3.80768E+00    9.62330E+00
 1.80000E+01    6.40503E+00    3.71492E+00    9.09514E+00
 1.85000E+01    6.13471E+00    3.55813E+00    8.71129E+00
 1.90000E+01    5.86442E+00    3.40136E+00    8.32748E+00
 1.95000E+01    5.62830E+00    3.26441E+00    7.99219E+00
 2.00000E+01    5.39219E+00    3.12747E+00    7.65691E+00
