# n + Ac235 : (n,a)     
# tendl.2017 A.J. Koning and D. Rochman        EVAL-NOV17
# uncertainties: y
# # energies =   277
#   E(MeV)       xs(mb)       xslow(mb)      xsupp(mb)
 1.00000E-11    3.83308E-17    3.83308E-17    3.83308E-17
 1.03005E-11    3.78007E-17    3.78007E-17    3.78007E-17
 1.06099E-11    3.72789E-17    3.72789E-17    3.72789E-17
 1.09287E-11    3.67652E-17    3.67652E-17    3.67652E-17
 1.12571E-11    3.62595E-17    3.62595E-17    3.62595E-17
 1.15953E-11    3.57618E-17    3.57618E-17    3.57618E-17
 1.19437E-11    3.52719E-17    3.52719E-17    3.52719E-17
 1.23026E-11    3.47897E-17    3.47897E-17    3.47897E-17
 1.26722E-11    3.43150E-17    3.43150E-17    3.43150E-17
 1.30530E-11    3.38479E-17    3.38479E-17    3.38479E-17
 1.34452E-11    3.33882E-17    3.33882E-17    3.33882E-17
 1.38491E-11    3.29357E-17    3.29357E-17    3.29357E-17
 1.42652E-11    3.24905E-17    3.24905E-17    3.24905E-17
 1.46938E-11    3.20523E-17    3.20523E-17    3.20523E-17
 1.51353E-11    3.16211E-17    3.16211E-17    3.16211E-17
 1.55901E-11    3.11968E-17    3.11968E-17    3.11968E-17
 1.60585E-11    3.07794E-17    3.07794E-17    3.07794E-17
 1.65410E-11    3.03686E-17    3.03686E-17    3.03686E-17
 1.70380E-11    2.99644E-17    2.99644E-17    2.99644E-17
 1.75499E-11    2.95668E-17    2.95668E-17    2.95668E-17
 1.81538E-11    2.91203E-17    2.91203E-17    2.91203E-17
 1.87785E-11    2.86820E-17    2.86820E-17    2.86820E-17
 1.94247E-11    2.82519E-17    2.82519E-17    2.82519E-17
 2.00931E-11    2.78298E-17    2.78298E-17    2.78298E-17
 2.07845E-11    2.74156E-17    2.74156E-17    2.74156E-17
 2.14998E-11    2.70092E-17    2.70092E-17    2.70092E-17
 2.22396E-11    2.66104E-17    2.66104E-17    2.66104E-17
 2.30049E-11    2.62192E-17    2.62192E-17    2.62192E-17
 2.37965E-11    2.58354E-17    2.58354E-17    2.58354E-17
 2.46154E-11    2.54589E-17    2.54589E-17    2.54589E-17
 2.54624E-11    2.50897E-17    2.50897E-17    2.50897E-17
 2.63386E-11    2.47275E-17    2.47275E-17    2.47275E-17
 2.72450E-11    2.43723E-17    2.43723E-17    2.43723E-17
 2.81825E-11    2.40240E-17    2.40240E-17    2.40240E-17
 2.91523E-11    2.36825E-17    2.36825E-17    2.36825E-17
 3.01555E-11    2.33476E-17    2.33476E-17    2.33476E-17
 3.11931E-11    2.30193E-17    2.30193E-17    2.30193E-17
 3.22665E-11    2.26975E-17    2.26975E-17    2.26975E-17
 3.33769E-11    2.23820E-17    2.23820E-17    2.23820E-17
 3.45254E-11    2.20728E-17    2.20728E-17    2.20728E-17
 3.57135E-11    2.17699E-17    2.17699E-17    2.17699E-17
 3.69424E-11    2.14730E-17    2.14730E-17    2.14730E-17
 3.82136E-11    2.11821E-17    2.11821E-17    2.11821E-17
 3.95286E-11    2.08971E-17    2.08971E-17    2.08971E-17
 4.08888E-11    2.06179E-17    2.06179E-17    2.06179E-17
 4.22959E-11    2.03445E-17    2.03445E-17    2.03445E-17
 4.37513E-11    2.00767E-17    2.00767E-17    2.00767E-17
 4.52569E-11    1.98144E-17    1.98144E-17    1.98144E-17
 4.68142E-11    1.95577E-17    1.95577E-17    1.95577E-17
 4.84251E-11    1.93063E-17    1.93063E-17    1.93063E-17
 5.00915E-11    1.90603E-17    1.90603E-17    1.90603E-17
 5.18152E-11    1.88195E-17    1.88195E-17    1.88195E-17
 5.35982E-11    1.85838E-17    1.85838E-17    1.85838E-17
 5.54426E-11    1.83532E-17    1.83532E-17    1.83532E-17
 5.73505E-11    1.81277E-17    1.81277E-17    1.81277E-17
 5.93239E-11    1.79070E-17    1.79070E-17    1.79070E-17
 6.13653E-11    1.76912E-17    1.76912E-17    1.76912E-17
 6.34770E-11    1.74802E-17    1.74802E-17    1.74802E-17
 6.56613E-11    1.72739E-17    1.72739E-17    1.72739E-17
 6.79208E-11    1.70722E-17    1.70722E-17    1.70722E-17
 7.02580E-11    1.68751E-17    1.68751E-17    1.68751E-17
 7.26757E-11    1.66824E-17    1.66824E-17    1.66824E-17
 7.51766E-11    1.64942E-17    1.64942E-17    1.64942E-17
 7.77635E-11    1.63103E-17    1.63103E-17    1.63103E-17
 8.07803E-11    1.61086E-17    1.61086E-17    1.61086E-17
 8.39142E-11    1.59122E-17    1.59122E-17    1.59122E-17
 8.71696E-11    1.57210E-17    1.57210E-17    1.57210E-17
 9.05514E-11    1.55350E-17    1.55350E-17    1.55350E-17
 9.40643E-11    1.53539E-17    1.53539E-17    1.53539E-17
 9.77136E-11    1.51779E-17    1.51779E-17    1.51779E-17
 1.01504E-10    1.50067E-17    1.50067E-17    1.50067E-17
 1.05442E-10    1.48402E-17    1.48402E-17    1.48402E-17
 1.09533E-10    1.46785E-17    1.46785E-17    1.46785E-17
 1.13782E-10    1.45213E-17    1.45213E-17    1.45213E-17
 1.18196E-10    1.43686E-17    1.43686E-17    1.43686E-17
 1.22782E-10    1.42204E-17    1.42204E-17    1.42204E-17
 1.27545E-10    1.40764E-17    1.40764E-17    1.40764E-17
 1.32493E-10    1.39367E-17    1.39367E-17    1.39367E-17
 1.37633E-10    1.38012E-17    1.38012E-17    1.38012E-17
 1.42973E-10    1.36697E-17    1.36697E-17    1.36697E-17
 1.49149E-10    1.35282E-17    1.35282E-17    1.35282E-17
 1.55592E-10    1.33916E-17    1.33916E-17    1.33916E-17
 1.62313E-10    1.32596E-17    1.32596E-17    1.32596E-17
 1.69324E-10    1.31322E-17    1.31322E-17    1.31322E-17
 1.76639E-10    1.30092E-17    1.30092E-17    1.30092E-17
 1.84269E-10    1.28906E-17    1.28906E-17    1.28906E-17
 1.92229E-10    1.27762E-17    1.27762E-17    1.27762E-17
 2.00533E-10    1.26659E-17    1.26659E-17    1.26659E-17
 2.09195E-10    1.25596E-17    1.25596E-17    1.25596E-17
 2.19157E-10    1.24472E-17    1.24472E-17    1.24472E-17
 2.29593E-10    1.23393E-17    1.23393E-17    1.23393E-17
 2.40526E-10    1.22359E-17    1.22359E-17    1.22359E-17
 2.51979E-10    1.21367E-17    1.21367E-17    1.21367E-17
 2.63978E-10    1.20416E-17    1.20416E-17    1.20416E-17
 2.76548E-10    1.19506E-17    1.19506E-17    1.19506E-17
 2.90945E-10    1.18556E-17    1.18556E-17    1.18556E-17
 3.06091E-10    1.17651E-17    1.17651E-17    1.17651E-17
 3.22026E-10    1.16788E-17    1.16788E-17    1.16788E-17
 3.38790E-10    1.15965E-17    1.15965E-17    1.15965E-17
 3.57937E-10    1.15118E-17    1.15118E-17    1.15118E-17
 3.78167E-10    1.14315E-17    1.14315E-17    1.14315E-17
 3.99539E-10    1.13553E-17    1.13553E-17    1.13553E-17
 4.22120E-10    1.12831E-17    1.12831E-17    1.12831E-17
 4.47867E-10    1.12096E-17    1.12096E-17    1.12096E-17
 4.75185E-10    1.11403E-17    1.11403E-17    1.11403E-17
 5.06305E-10    1.10703E-17    1.10703E-17    1.10703E-17
 5.39463E-10    1.10046E-17    1.10046E-17    1.10046E-17
 5.74793E-10    1.09429E-17    1.09429E-17    1.09429E-17
 6.15032E-10    1.08813E-17    1.08813E-17    1.08813E-17
 6.58089E-10    1.08236E-17    1.08236E-17    1.08236E-17
 7.07143E-10    1.07665E-17    1.07665E-17    1.07665E-17
 7.63075E-10    1.07103E-17    1.07103E-17    1.07103E-17
 8.23430E-10    1.06583E-17    1.06583E-17    1.06583E-17
 8.92325E-10    1.06075E-17    1.06075E-17    1.06075E-17
 9.71083E-10    1.05582E-17    1.05582E-17    1.05582E-17
 1.06127E-09    1.05108E-17    1.05108E-17    1.05108E-17
 1.15983E-09    1.04673E-17    1.04673E-17    1.04673E-17
 1.27292E-09    1.04258E-17    1.04258E-17    1.04258E-17
 1.40296E-09    1.03864E-17    1.03864E-17    1.03864E-17
 1.55941E-09    1.03476E-17    1.03476E-17    1.03476E-17
 1.74066E-09    1.03114E-17    1.03114E-17    1.03114E-17
 1.95948E-09    1.02766E-17    1.02766E-17    1.02766E-17
 2.21515E-09    1.02447E-17    1.02447E-17    1.02447E-17
 2.52545E-09    1.02146E-17    1.02146E-17    1.02146E-17
 2.90368E-09    1.01867E-17    1.01867E-17    1.01867E-17
 3.38118E-09    1.01603E-17    1.01603E-17    1.01603E-17
 3.98747E-09    1.01359E-17    1.01359E-17    1.01359E-17
 4.76252E-09    1.01138E-17    1.01138E-17    1.01138E-17
 5.78526E-09    1.00937E-17    1.00937E-17    1.00937E-17
 7.17781E-09    1.00755E-17    1.00755E-17    1.00755E-17
 9.17314E-09    1.00591E-17    1.00591E-17    1.00591E-17
 1.21265E-08    1.00447E-17    1.00447E-17    1.00447E-17
 1.67233E-08    1.00324E-17    1.00324E-17    1.00324E-17
 2.45730E-08    1.00221E-17    1.00221E-17    1.00221E-17
 2.52045E-08    1.00215E-17    1.00215E-17    1.00215E-17
 2.53000E-08    1.00214E-17    1.00214E-17    1.00214E-17
 4.11467E-08    1.00132E-17    1.00132E-17    1.00132E-17
 7.82540E-08    1.00069E-17    1.00069E-17    1.00069E-17
 2.03512E-07    1.00027E-17    1.00027E-17    1.00027E-17
 1.35087E-06    1.00004E-17    1.00004E-17    1.00004E-17
 4.93489E-01    1.00000E-17    1.00000E-17    1.00000E-17
 5.00000E-01    1.00179E-17    1.00179E-17    1.00179E-17
 6.00000E-01    4.41439E-16    4.41439E-16    4.41439E-16
 6.99969E-01    1.03333E-15    1.03333E-15    1.03333E-15
 8.00000E-01    1.46073E-15    1.46073E-15    1.46073E-15
 9.00000E-01    1.75579E-15    1.75579E-15    1.75579E-15
 1.00000E+00    1.92684E-15    1.92684E-15    1.92684E-15
 1.20000E+00    7.27965E-15    7.27965E-15    7.27965E-15
 1.40000E+00    1.22149E-14    1.22149E-14    1.22149E-14
 1.60000E+00    1.90743E-14    1.90743E-14    1.90743E-14
 1.80000E+00    5.43905E-14    5.43905E-14    5.43905E-14
 2.00000E+00    1.48968E-12    1.48968E-12    1.48968E-12
 2.20000E+00    2.60628E-12    2.60628E-12    2.60628E-12
 2.40000E+00    5.14158E-12    5.14158E-12    5.14158E-12
 2.60000E+00    9.01140E-12    9.01140E-12    9.01140E-12
 2.80000E+00    1.43835E-11    1.43835E-11    1.43835E-11
 3.00000E+00    2.33990E-11    2.33990E-11    2.33990E-11
 3.20000E+00    3.39575E-11    3.39575E-11    3.39575E-11
 3.40000E+00    4.91359E-11    4.91359E-11    4.91359E-11
 3.60000E+00    6.86593E-11    6.86593E-11    6.86593E-11
 3.80000E+00    9.21310E-11    9.21310E-11    9.21310E-11
 4.00000E+00    1.26342E-10    1.26342E-10    1.26342E-10
 4.20000E+00    1.69797E-10    1.69797E-10    1.69797E-10
 4.40000E+00    2.31984E-10    2.31984E-10    2.31984E-10
 4.60000E+00    3.22405E-10    0.00000E+00    2.53662E-09
 4.80000E+00    4.47120E-10    0.00000E+00    3.51786E-09
 5.00000E+00    6.41102E-10    0.00000E+00    5.04407E-09
 5.20000E+00    9.60922E-10    0.00000E+00    7.56036E-09
 5.40000E+00    1.44419E-09    0.00000E+00    1.13626E-08
 5.60000E+00    2.29239E-09    0.00000E+00    1.80361E-08
 5.80000E+00    3.59430E-09    0.00000E+00    2.82793E-08
 6.00000E+00    5.72751E-09    0.00000E+00    4.50630E-08
 6.20000E+00    1.00414E-08    0.00000E+00    7.90039E-08
 6.40000E+00    1.65567E-08    0.00000E+00    1.30265E-07
 6.60000E+00    2.87038E-08    0.00000E+00    2.32813E-07
 6.80000E+00    4.84066E-08    0.00000E+00    3.92621E-07
 7.00000E+00    7.96338E-08    0.00000E+00    6.45901E-07
 7.20000E+00    1.43196E-07    0.00000E+00    1.16145E-06
 7.40000E+00    2.58494E-07    0.00000E+00    2.09662E-06
 7.60000E+00    4.76570E-07    0.00000E+00    3.86541E-06
 7.80000E+00    7.88262E-07    0.00000E+00    6.39351E-06
 8.00000E+00    1.25518E-06    0.00000E+00    1.01806E-05
 8.50000E+00    4.48075E-06    0.00000E+00    3.63429E-05
 9.00000E+00    1.45727E-05    0.00000E+00    1.08052E-04
 9.50000E+00    4.33101E-05    0.00000E+00    3.21131E-04
 1.00000E+01    1.17556E-04    0.00000E+00    8.71640E-04
 1.01411E+01    1.66477E-04    0.00000E+00    1.23438E-03
 1.02842E+01    2.16093E-04    0.00000E+00    1.60226E-03
 1.04292E+01    2.66408E-04    0.00000E+00    1.97534E-03
 1.05000E+01    2.90945E-04    0.00000E+00    2.15727E-03
 1.06481E+01    3.99056E-04    0.00000E+00    2.95888E-03
 1.07984E+01    5.08692E-04    0.00000E+00    3.77180E-03
 1.09507E+01    6.19874E-04    0.00000E+00    4.59618E-03
 1.10000E+01    6.55848E-04    0.00000E+00    4.86292E-03
 1.11552E+01    8.72373E-04    0.00000E+00    6.46839E-03
 1.13126E+01    1.09195E-03    0.00000E+00    8.09651E-03
 1.14722E+01    1.31463E-03    0.00000E+00    9.74760E-03
 1.15000E+01    1.35346E-03    0.00000E+00    1.00355E-02
 1.16622E+01    1.74973E-03    0.00000E+00    1.29737E-02
 1.18268E+01    2.15159E-03    0.00000E+00    1.59534E-02
 1.19936E+01    2.55912E-03    0.00000E+00    1.89751E-02
 1.20000E+01    2.57467E-03    0.00000E+00    1.90904E-02
 1.21693E+01    3.26274E-03    0.00000E+00    2.41923E-02
 1.23410E+01    3.96052E-03    0.00000E+00    2.93661E-02
 1.25000E+01    4.60680E-03    0.00000E+00    3.41580E-02
 1.26764E+01    5.78348E-03    0.00000E+00    4.28828E-02
 1.28552E+01    6.97677E-03    0.00000E+00    5.17307E-02
 1.30000E+01    7.94297E-03    0.00000E+00    5.50807E-02
 1.31834E+01    9.21179E-03    0.00000E+00    6.38794E-02
 1.33694E+01    1.04985E-02    0.00000E+00    7.28022E-02
 1.35000E+01    1.14020E-02    0.00000E+00    7.90675E-02
 1.36905E+01    1.60646E-02    0.00000E+00    1.11401E-01
 1.38836E+01    2.07930E-02    0.00000E+00    1.44190E-01
 1.40000E+01    2.36424E-02    0.00000E+00    1.63949E-01
 1.41975E+01    2.67406E-02    0.00000E+00    1.85433E-01
 1.43978E+01    2.98825E-02    0.00000E+00    2.07221E-01
 1.45000E+01    3.14853E-02    0.00000E+00    2.18336E-01
 1.47046E+01    4.25132E-02    0.00000E+00    2.94809E-01
 1.49120E+01    5.36967E-02    0.00000E+00    3.72361E-01
 1.50000E+01    5.84393E-02    0.00000E+00    4.05249E-01
 1.52116E+01    7.35026E-02    0.00000E+00    5.09705E-01
 1.54262E+01    8.87783E-02    0.00000E+00    6.15636E-01
 1.56439E+01    1.04270E-01    0.00000E+00    7.23060E-01
 1.58646E+01    1.19980E-01    0.00000E+00    8.32001E-01
 1.60000E+01    1.29619E-01    0.00000E+00    3.39109E-01
 1.62257E+01    1.57257E-01    0.00000E+00    4.11415E-01
 1.64546E+01    1.85285E-01    0.00000E+00    4.84741E-01
 1.66868E+01    2.13708E-01    0.00000E+00    5.59102E-01
 1.69222E+01    2.42532E-01    0.00000E+00    6.34512E-01
 1.70000E+01    2.52056E-01    0.00000E+00    6.59429E-01
 1.72398E+01    2.95493E-01    0.00000E+00    7.73069E-01
 1.74831E+01    3.39543E-01    0.00000E+00    8.88313E-01
 1.77297E+01    3.84215E-01    0.00000E+00    1.00518E+00
 1.79799E+01    4.29517E-01    0.00000E+00    1.12370E+00
 1.80000E+01    4.33166E-01    0.00000E+00    1.13325E+00
 1.82539E+01    4.93410E-01    0.00000E+00    1.29086E+00
 1.85115E+01    5.54504E-01    0.00000E+00    1.45069E+00
 1.87726E+01    6.16460E-01    0.00000E+00    1.61278E+00
 1.90000E+01    6.70396E-01    0.00000E+00    1.75389E+00
 1.92681E+01    7.43987E-01    0.00000E+00    1.94642E+00
 1.95399E+01    8.18616E-01    0.00000E+00    2.14166E+00
 1.98156E+01    8.94297E-01    0.00000E+00    2.33966E+00
 2.00000E+01    9.44931E-01    0.00000E+00    2.51015E+00
 2.02822E+01    1.03566E+00    0.00000E+00    2.75118E+00
 2.05683E+01    1.12768E+00    0.00000E+00    2.99560E+00
 2.08585E+01    1.22099E+00    0.00000E+00    3.24347E+00
 2.10000E+01    1.26649E+00    0.00000E+00    3.36435E+00
 2.12963E+01    1.38721E+00    0.00000E+00    3.68504E+00
 2.15967E+01    1.50964E+00    0.00000E+00    4.01026E+00
 2.19014E+01    1.63379E+00    0.00000E+00    4.34006E+00
 2.20000E+01    1.67396E+00    0.00000E+00    4.44677E+00
 2.23104E+01    1.84876E+00    0.00000E+00    4.91111E+00
 2.26251E+01    2.02602E+00    0.00000E+00    5.38200E+00
 2.29443E+01    2.20578E+00    0.00000E+00    5.85953E+00
 2.30000E+01    2.23713E+00    0.00000E+00    5.94280E+00
 2.33245E+01    2.49035E+00    0.00000E+00    6.61545E+00
 2.36536E+01    2.74713E+00    0.00000E+00    7.29759E+00
 2.39873E+01    3.00754E+00    0.00000E+00    7.98935E+00
 2.40000E+01    3.01748E+00    0.00000E+00    9.65262E+00
 2.43386E+01    3.33291E+00    0.00000E+00    1.06617E+01
 2.46820E+01    3.65280E+00    0.00000E+00    1.16849E+01
 2.50000E+01    3.94907E+00    0.00000E+00    1.26327E+01
 2.53527E+01    4.08870E+00    0.00000E+00    1.30793E+01
 2.57104E+01    4.23030E+00    0.00000E+00    1.35323E+01
 2.60000E+01    4.34495E+00    0.00000E+00    1.38991E+01
 2.63668E+01    4.36493E+00    0.00000E+00    1.39630E+01
 2.67388E+01    4.38518E+00    0.00000E+00    1.40278E+01
 2.70000E+01    4.39941E+00    0.00000E+00    1.40733E+01
 2.73809E+01    4.25372E+00    0.00000E+00    1.36072E+01
 2.77672E+01    4.10597E+00    0.00000E+00    1.31346E+01
 2.80000E+01    4.01693E+00    0.00000E+00    1.28498E+01
 2.83950E+01    3.67235E+00    0.00000E+00    1.17475E+01
 2.87956E+01    3.32292E+00    0.00000E+00    1.06297E+01
 2.90000E+01    3.14465E+00    0.00000E+00    1.00594E+01
 2.94091E+01    2.89257E+00    0.00000E+00    9.25304E+00
 2.98240E+01    2.63693E+00    0.00000E+00    8.43528E+00
 3.00000E+01    2.52852E+00    0.00000E+00    8.08849E+00
