# n + Ac235 : (n,3n)    
# tendl.2017 A.J. Koning and D. Rochman        EVAL-NOV17
# uncertainties: y
# # energies =    56
#   E(MeV)       xs(mb)       xslow(mb)      xsupp(mb)
 1.01368E+01    0.00000E+00    0.00000E+00    0.00000E+00
 1.05000E+01    5.11392E+00    2.74332E-06    1.02278E+01
 1.10000E+01    5.92317E+01    3.17744E-05    1.18463E+02
 1.15000E+01    1.74445E+02    9.35796E-05    3.48890E+02
 1.20000E+01    3.56334E+02    1.91152E-04    7.12668E+02
 1.25000E+01    5.81362E+02    3.11867E-04    1.16272E+03
 1.30000E+01    8.22026E+02    3.28277E-03    1.64405E+03
 1.35000E+01    1.05503E+03    4.21327E-03    2.11006E+03
 1.40000E+01    1.26515E+03    5.05239E-03    2.53029E+03
 1.45000E+01    1.44482E+03    5.76991E-03    2.88963E+03
 1.50000E+01    1.59154E+03    6.35583E-03    3.18307E+03
 1.60000E+01    1.79961E+03    6.47881E-02    3.59916E+03
 1.70000E+01    1.92776E+03    6.94017E-02    3.85545E+03
 1.80000E+01    1.95356E+03    7.03305E-02    3.90705E+03
 1.90000E+01    1.85912E+03    6.69306E-02    3.71817E+03
 2.00000E+01    1.61437E+03    3.22928E-01    3.22842E+03
 2.10000E+01    1.33091E+03    2.66226E-01    2.66155E+03
 2.20000E+01    1.05787E+03    2.11609E-01    2.11553E+03
 2.30000E+01    8.38617E+02    1.67751E-01    1.67707E+03
 2.40000E+01    6.79261E+02    3.52967E-01    1.35817E+03
 2.50000E+01    5.61674E+02    2.91865E-01    1.12306E+03
 2.60000E+01    4.75527E+02    2.47100E-01    9.50807E+02
 2.70000E+01    4.19517E+02    2.17995E-01    8.38816E+02
 2.80000E+01    3.74420E+02    1.94561E-01    7.48645E+02
 2.90000E+01    3.44455E+02    1.78990E-01    6.88731E+02
 3.00000E+01    3.18616E+02    1.65563E-01    6.37066E+02
 3.00000E+01    3.21542E+02    1.67084E-01    6.42916E+02
 3.20000E+01    2.85266E+02    1.48234E-01    5.70384E+02
 3.40000E+01    2.60633E+02    1.35434E-01    5.21130E+02
 3.60000E+01    2.42913E+02    1.26226E-01    4.85700E+02
 3.80000E+01    2.25358E+02    1.17104E-01    4.50599E+02
 4.00000E+01    2.13839E+02    1.11118E-01    4.27568E+02
 4.20000E+01    2.01147E+02    1.04523E-01    4.02190E+02
 4.40000E+01    1.92355E+02    9.99539E-02    3.84609E+02
 4.60000E+01    1.81156E+02    9.41349E-02    3.62219E+02
 4.80000E+01    1.73547E+02    9.01807E-02    3.47003E+02
 5.00000E+01    1.65563E+02    8.60323E-02    3.31041E+02
 5.20000E+01    1.58857E+02    8.25476E-02    3.17632E+02
 5.40000E+01    1.54404E+02    8.02335E-02    3.08728E+02
 5.60000E+01    1.49024E+02    7.74379E-02    2.97971E+02
 5.80000E+01    1.44013E+02    7.48339E-02    2.87951E+02
 6.00000E+01    1.40629E+02    7.30757E-02    2.81186E+02
 6.50000E+01    1.31612E+02    6.83900E-02    2.63156E+02
 7.00000E+01    1.24848E+02    6.48754E-02    2.49632E+02
 7.50000E+01    1.17671E+02    6.11459E-02    2.35281E+02
 8.00000E+01    1.13405E+02    5.89291E-02    2.26751E+02
 9.00000E+01    1.03970E+02    5.40262E-02    2.07886E+02
 1.00000E+02    9.63936E+01    5.00893E-02    1.92737E+02
 1.10000E+02    9.03709E+01    4.69597E-02    1.80695E+02
 1.20000E+02    8.33917E+01    4.33331E-02    1.66740E+02
 1.30000E+02    7.91033E+01    4.11047E-02    1.58165E+02
 1.40000E+02    7.42331E+01    3.85740E-02    1.48428E+02
 1.50000E+02    6.98469E+01    3.62948E-02    1.39658E+02
 1.60000E+02    6.63782E+01    3.44923E-02    1.32722E+02
 1.80000E+02    5.86444E+01    3.04736E-02    1.17258E+02
 2.00000E+02    5.57270E+01    2.89576E-02    1.11425E+02
