# n + Ac235 : (n,xh)    
# tendl.2017 A.J. Koning and D. Rochman        EVAL-NOV17
# 
# # energies =   104
#   E(MeV)        xs(mb) 
 1.11113E-01    0.00000E+00
 2.00000E-01    0.00000E+00
 3.00000E-01    0.00000E+00
 4.00000E-01    0.00000E+00
 5.00000E-01    0.00000E+00
 6.00000E-01    0.00000E+00
 7.00000E-01    0.00000E+00
 8.00000E-01    0.00000E+00
 9.00000E-01    0.00000E+00
 1.00000E+00    0.00000E+00
 1.20000E+00    0.00000E+00
 1.40000E+00    0.00000E+00
 1.60000E+00    0.00000E+00
 1.80000E+00    0.00000E+00
 2.00000E+00    0.00000E+00
 2.20000E+00    0.00000E+00
 2.40000E+00    0.00000E+00
 2.60000E+00    0.00000E+00
 2.80000E+00    0.00000E+00
 3.00000E+00    0.00000E+00
 3.20000E+00    0.00000E+00
 3.40000E+00    0.00000E+00
 3.60000E+00    0.00000E+00
 3.80000E+00    0.00000E+00
 4.00000E+00    0.00000E+00
 4.20000E+00    0.00000E+00
 4.40000E+00    0.00000E+00
 4.60000E+00    0.00000E+00
 4.80000E+00    0.00000E+00
 5.00000E+00    0.00000E+00
 5.20000E+00    0.00000E+00
 5.40000E+00    0.00000E+00
 5.60000E+00    0.00000E+00
 5.80000E+00    0.00000E+00
 6.00000E+00    0.00000E+00
 6.20000E+00    0.00000E+00
 6.40000E+00    0.00000E+00
 6.60000E+00    0.00000E+00
 6.80000E+00    0.00000E+00
 7.00000E+00    0.00000E+00
 7.20000E+00    0.00000E+00
 7.40000E+00    0.00000E+00
 7.60000E+00    0.00000E+00
 7.80000E+00    0.00000E+00
 8.00000E+00    0.00000E+00
 8.50000E+00    1.29652E-19
 9.00000E+00    1.70767E-18
 9.50000E+00    3.28569E-18
 1.00000E+01    4.86371E-18
 1.05000E+01    6.44173E-18
 1.10000E+01    8.01975E-18
 1.15000E+01    9.59777E-18
 1.20000E+01    1.11758E-17
 1.25000E+01    1.27538E-17
 1.30000E+01    1.43318E-17
 1.35000E+01    1.59099E-17
 1.40000E+01    1.81071E-17
 1.45000E+01    2.07362E-17
 1.50000E+01    2.33652E-17
 1.60000E+01    2.86233E-17
 1.70000E+01    3.38813E-17
 1.80000E+01    3.15288E-16
 1.90000E+01    6.77754E-12
 2.00000E+01    1.66461E-10
 2.10000E+01    2.47475E-09
 2.20000E+01    2.51165E-08
 2.30000E+01    1.88896E-07
 2.40000E+01    1.12241E-06
 2.50000E+01    5.50923E-06
 2.60000E+01    2.07776E-05
 2.70000E+01    7.70016E-05
 2.80000E+01    1.97649E-04
 2.90000E+01    6.12261E-04
 3.00000E+01    1.81637E-03
 3.00000E+01    1.80617E-03
 3.20000E+01    9.58963E-03
 3.40000E+01    3.55050E-02
 3.60000E+01    9.08448E-02
 3.80000E+01    1.80084E-01
 4.00000E+01    3.02310E-01
 4.20000E+01    4.54372E-01
 4.40000E+01    6.32870E-01
 4.60000E+01    8.35237E-01
 4.80000E+01    1.06043E+00
 5.00000E+01    1.31273E+00
 5.20000E+01    1.58708E+00
 5.40000E+01    1.89572E+00
 5.60000E+01    2.24469E+00
 5.80000E+01    2.64132E+00
 6.00000E+01    3.09071E+00
 6.50000E+01    4.42609E+00
 7.00000E+01    5.95582E+00
 7.50000E+01    7.60860E+00
 8.00000E+01    9.51981E+00
 9.00000E+01    1.45858E+01
 1.00000E+02    2.17837E+01
 1.10000E+02    2.94068E+01
 1.20000E+02    3.85775E+01
 1.30000E+02    4.95634E+01
 1.40000E+02    6.25712E+01
 1.50000E+02    7.71742E+01
 1.60000E+02    9.26134E+01
 1.80000E+02    1.27724E+02
 2.00000E+02    1.70721E+02
