# n + Ac235 : (n,xa)    
# tendl.2017 A.J. Koning and D. Rochman        EVAL-NOV17
# 
# # energies =   104
#   E(MeV)        xs(mb) 
 1.11113E-01    2.00007E-17
 2.00000E-01    2.00006E-17
 3.00000E-01    2.00005E-17
 4.00000E-01    2.00004E-17
 5.00000E-01    2.00183E-17
 6.00000E-01    4.51439E-16
 7.00000E-01    1.04346E-15
 8.00000E-01    1.47073E-15
 9.00000E-01    1.76579E-15
 1.00000E+00    1.93684E-15
 1.20000E+00    7.28965E-15
 1.40000E+00    1.22249E-14
 1.60000E+00    1.90843E-14
 1.80000E+00    5.44005E-14
 2.00000E+00    1.48969E-12
 2.20000E+00    2.60629E-12
 2.40000E+00    5.14159E-12
 2.60000E+00    9.01141E-12
 2.80000E+00    1.43835E-11
 3.00000E+00    2.33990E-11
 3.20000E+00    3.39575E-11
 3.40000E+00    4.91359E-11
 3.60000E+00    6.86593E-11
 3.80000E+00    9.21310E-11
 4.00000E+00    1.26342E-10
 4.20000E+00    1.69797E-10
 4.40000E+00    2.31984E-10
 4.60000E+00    3.22405E-10
 4.80000E+00    4.47121E-10
 5.00000E+00    6.41111E-10
 5.20000E+00    9.60941E-10
 5.40000E+00    1.44424E-09
 5.60000E+00    2.29250E-09
 5.80000E+00    3.59451E-09
 6.00000E+00    5.72881E-09
 6.20000E+00    1.00438E-08
 6.40000E+00    1.65612E-08
 6.60000E+00    2.87118E-08
 6.80000E+00    4.84210E-08
 7.00000E+00    7.96620E-08
 7.20000E+00    1.43246E-07
 7.40000E+00    2.58575E-07
 7.60000E+00    4.76711E-07
 7.80000E+00    7.88506E-07
 8.00000E+00    1.25557E-06
 8.50000E+00    4.48211E-06
 9.00000E+00    1.45770E-05
 9.50000E+00    4.33239E-05
 1.00000E+01    1.17601E-04
 1.05000E+01    2.91100E-04
 1.10000E+01    6.56372E-04
 1.15000E+01    1.35518E-03
 1.20000E+01    2.57993E-03
 1.25000E+01    4.62182E-03
 1.30000E+01    7.98320E-03
 1.35000E+01    1.14963E-02
 1.40000E+01    2.38929E-02
 1.45000E+01    3.20342E-02
 1.50000E+01    5.97564E-02
 1.60000E+01    1.35642E-01
 1.70000E+01    2.74736E-01
 1.80000E+01    5.07103E-01
 1.90000E+01    8.71223E-01
 2.00000E+01    1.39695E+00
 2.10000E+01    2.16901E+00
 2.20000E+01    3.32309E+00
 2.30000E+01    5.08736E+00
 2.40000E+01    7.75655E+00
 2.50000E+01    1.13793E+01
 2.60000E+01    1.41728E+01
 2.70000E+01    1.62892E+01
 2.80000E+01    1.69679E+01
 2.90000E+01    1.55425E+01
 3.00000E+01    1.47262E+01
 3.00000E+01    1.47000E+01
 3.20000E+01    1.40329E+01
 3.40000E+01    1.37830E+01
 3.60000E+01    1.56619E+01
 3.80000E+01    1.85989E+01
 4.00000E+01    2.27340E+01
 4.20000E+01    2.83558E+01
 4.40000E+01    3.52669E+01
 4.60000E+01    4.29822E+01
 4.80000E+01    5.18060E+01
 5.00000E+01    6.10583E+01
 5.20000E+01    6.96664E+01
 5.40000E+01    7.74675E+01
 5.60000E+01    8.45073E+01
 5.80000E+01    9.05051E+01
 6.00000E+01    9.58852E+01
 6.50000E+01    1.06703E+02
 7.00000E+01    1.13053E+02
 7.50000E+01    1.18212E+02
 8.00000E+01    1.23046E+02
 9.00000E+01    1.40705E+02
 1.00000E+02    1.52750E+02
 1.10000E+02    1.65492E+02
 1.20000E+02    1.87095E+02
 1.30000E+02    2.08896E+02
 1.40000E+02    2.07853E+02
 1.50000E+02    1.93773E+02
 1.60000E+02    1.98098E+02
 1.80000E+02    2.22289E+02
 2.00000E+02    4.08465E+02
