# n + Ac233 : (n,xg)    
# tendl.2017 A.J. Koning and D. Rochman        EVAL-NOV17
# 
# # energies =   104
#   E(MeV)        xs(mb) 
 1.12071E-01    0.00000E+00
 2.00000E-01    0.00000E+00
 3.00000E-01    0.00000E+00
 4.00000E-01    0.00000E+00
 5.00000E-01    0.00000E+00
 6.00000E-01    0.00000E+00
 7.00000E-01    0.00000E+00
 8.00000E-01    0.00000E+00
 9.00000E-01    0.00000E+00
 1.00000E+00    0.00000E+00
 1.20000E+00    0.00000E+00
 1.40000E+00    0.00000E+00
 1.60000E+00    0.00000E+00
 1.80000E+00    0.00000E+00
 2.00000E+00    0.00000E+00
 2.20000E+00    0.00000E+00
 2.40000E+00    0.00000E+00
 2.60000E+00    0.00000E+00
 2.80000E+00    0.00000E+00
 3.00000E+00    0.00000E+00
 3.20000E+00    0.00000E+00
 3.40000E+00    0.00000E+00
 3.60000E+00    0.00000E+00
 3.80000E+00    0.00000E+00
 4.00000E+00    0.00000E+00
 4.20000E+00    0.00000E+00
 4.40000E+00    0.00000E+00
 4.60000E+00    0.00000E+00
 4.80000E+00    0.00000E+00
 5.00000E+00    0.00000E+00
 5.20000E+00    0.00000E+00
 5.40000E+00    0.00000E+00
 5.60000E+00    0.00000E+00
 5.80000E+00    0.00000E+00
 6.00000E+00    0.00000E+00
 6.20000E+00    0.00000E+00
 6.40000E+00    0.00000E+00
 6.60000E+00    0.00000E+00
 6.80000E+00    0.00000E+00
 7.00000E+00    0.00000E+00
 7.20000E+00    0.00000E+00
 7.40000E+00    0.00000E+00
 7.60000E+00    0.00000E+00
 7.80000E+00    0.00000E+00
 8.00000E+00    0.00000E+00
 8.50000E+00    0.00000E+00
 9.00000E+00    0.00000E+00
 9.50000E+00    0.00000E+00
 1.00000E+01    0.00000E+00
 1.05000E+01    0.00000E+00
 1.10000E+01    0.00000E+00
 1.15000E+01    0.00000E+00
 1.20000E+01    0.00000E+00
 1.25000E+01    0.00000E+00
 1.30000E+01    0.00000E+00
 1.35000E+01    0.00000E+00
 1.40000E+01    0.00000E+00
 1.45000E+01    0.00000E+00
 1.50000E+01    0.00000E+00
 1.60000E+01    0.00000E+00
 1.70000E+01    0.00000E+00
 1.80000E+01    0.00000E+00
 1.90000E+01    0.00000E+00
 2.00000E+01    0.00000E+00
 2.10000E+01    0.00000E+00
 2.20000E+01    0.00000E+00
 2.30000E+01    0.00000E+00
 2.40000E+01    0.00000E+00
 2.50000E+01    0.00000E+00
 2.60000E+01    0.00000E+00
 2.70000E+01    0.00000E+00
 2.80000E+01    0.00000E+00
 2.90000E+01    0.00000E+00
 3.00000E+01    0.00000E+00
 3.00000E+01    9.95621E+03
 3.20000E+01    9.94944E+03
 3.40000E+01    9.78454E+03
 3.60000E+01    9.47434E+03
 3.80000E+01    9.04793E+03
 4.00000E+01    8.57327E+03
 4.20000E+01    8.08751E+03
 4.40000E+01    7.64298E+03
 4.60000E+01    7.35042E+03
 4.80000E+01    7.09113E+03
 5.00000E+01    6.96218E+03
 5.20000E+01    6.87389E+03
 5.40000E+01    6.88216E+03
 5.60000E+01    6.95358E+03
 5.80000E+01    7.03632E+03
 6.00000E+01    7.20517E+03
 6.50000E+01    7.78363E+03
 7.00000E+01    8.65592E+03
 7.50000E+01    9.72879E+03
 8.00000E+01    1.05066E+04
 9.00000E+01    1.08108E+04
 1.00000E+02    1.03665E+04
 1.10000E+02    9.79876E+03
 1.20000E+02    9.13418E+03
 1.30000E+02    8.61587E+03
 1.40000E+02    8.33462E+03
 1.50000E+02    8.06916E+03
 1.60000E+02    7.75123E+03
 1.80000E+02    7.07618E+03
 2.00000E+02    6.46554E+03
