# n + Ac233 : (n,xd)    
# tendl.2017 A.J. Koning and D. Rochman        EVAL-NOV17
# 
# # energies =   104
#   E(MeV)        xs(mb) 
 1.12071E-01    0.00000E+00
 2.00000E-01    0.00000E+00
 3.00000E-01    0.00000E+00
 4.00000E-01    0.00000E+00
 5.00000E-01    0.00000E+00
 6.00000E-01    0.00000E+00
 7.00000E-01    0.00000E+00
 8.00000E-01    0.00000E+00
 9.00000E-01    0.00000E+00
 1.00000E+00    0.00000E+00
 1.20000E+00    0.00000E+00
 1.40000E+00    0.00000E+00
 1.60000E+00    0.00000E+00
 1.80000E+00    0.00000E+00
 2.00000E+00    0.00000E+00
 2.20000E+00    0.00000E+00
 2.40000E+00    0.00000E+00
 2.60000E+00    0.00000E+00
 2.80000E+00    0.00000E+00
 3.00000E+00    0.00000E+00
 3.20000E+00    0.00000E+00
 3.40000E+00    0.00000E+00
 3.60000E+00    0.00000E+00
 3.80000E+00    0.00000E+00
 4.00000E+00    0.00000E+00
 4.20000E+00    0.00000E+00
 4.40000E+00    9.54502E-19
 4.60000E+00    2.44277E-18
 4.80000E+00    3.93104E-18
 5.00000E+00    5.41931E-18
 5.20000E+00    6.90758E-18
 5.40000E+00    8.39585E-18
 5.60000E+00    9.88412E-18
 5.80000E+00    1.13724E-17
 6.00000E+00    1.28607E-17
 6.20000E+00    1.43489E-17
 6.40000E+00    1.58372E-17
 6.60000E+00    1.73255E-17
 6.80000E+00    1.88137E-17
 7.00000E+00    2.03020E-17
 7.20000E+00    2.65506E-16
 7.40000E+00    2.63711E-15
 7.60000E+00    2.07761E-14
 7.80000E+00    1.34340E-13
 8.00000E+00    3.68037E-12
 8.50000E+00    1.35858E-10
 9.00000E+00    2.48544E-09
 9.50000E+00    3.47959E-08
 1.00000E+01    3.34191E-07
 1.05000E+01    2.35803E-06
 1.10000E+01    1.29424E-05
 1.15000E+01    5.75679E-05
 1.20000E+01    2.14218E-04
 1.25000E+01    6.84559E-04
 1.30000E+01    1.92148E-03
 1.35000E+01    4.82948E-03
 1.40000E+01    1.10480E-02
 1.45000E+01    2.33010E-02
 1.50000E+01    4.57327E-02
 1.60000E+01    1.45611E-01
 1.70000E+01    3.88068E-01
 1.80000E+01    8.13679E-01
 1.90000E+01    1.45080E+00
 2.00000E+01    2.26821E+00
 2.10000E+01    3.21597E+00
 2.20000E+01    4.25069E+00
 2.30000E+01    5.33691E+00
 2.40000E+01    6.45341E+00
 2.50000E+01    7.58029E+00
 2.60000E+01    8.65588E+00
 2.70000E+01    9.43216E+00
 2.80000E+01    1.05479E+01
 2.90000E+01    1.16463E+01
 3.00000E+01    1.27243E+01
 3.00000E+01    1.08527E+01
 3.20000E+01    1.26878E+01
 3.40000E+01    1.42346E+01
 3.60000E+01    1.56886E+01
 3.80000E+01    1.70887E+01
 4.00000E+01    1.84923E+01
 4.20000E+01    1.99725E+01
 4.40000E+01    2.15760E+01
 4.60000E+01    2.33394E+01
 4.80000E+01    2.49773E+01
 5.00000E+01    2.72515E+01
 5.20000E+01    2.97897E+01
 5.40000E+01    3.26157E+01
 5.60000E+01    3.57863E+01
 5.80000E+01    3.93448E+01
 6.00000E+01    4.33170E+01
 6.50000E+01    5.63735E+01
 7.00000E+01    7.26528E+01
 7.50000E+01    9.38799E+01
 8.00000E+01    1.13656E+02
 9.00000E+01    1.35424E+02
 1.00000E+02    1.49352E+02
 1.10000E+02    1.52570E+02
 1.20000E+02    1.55736E+02
 1.30000E+02    1.67548E+02
 1.40000E+02    1.90106E+02
 1.50000E+02    2.25180E+02
 1.60000E+02    2.83065E+02
 1.80000E+02    7.17422E+02
 2.00000E+02    1.24972E+03
