# n + Ac233 : (n,nd)    
# tendl.2017 A.J. Koning and D. Rochman        EVAL-NOV17
# uncertainties: y
# # energies =    21
#   E(MeV)       xs(mb)       xslow(mb)      xsupp(mb)
 1.00876E+01    0.00000E+00    0.00000E+00    0.00000E+00
 1.30000E+01    1.65538E-15    0.00000E+00    8.06037E-15
 1.35000E+01    4.42342E-13    0.00000E+00    2.15385E-12
 1.40000E+01    2.80466E-11    0.00000E+00    1.36564E-10
 1.45000E+01    1.26632E-09    0.00000E+00    6.16596E-09
 1.50000E+01    2.03500E-08    0.00000E+00    9.90882E-08
 1.60000E+01    1.53090E-06    0.00000E+00    6.81219E-06
 1.70000E+01    4.22636E-05    0.00000E+00    1.88064E-04
 1.80000E+01    5.26357E-04    0.00000E+00    2.34218E-03
 1.90000E+01    3.97686E-03    0.00000E+00    1.76962E-02
 2.00000E+01    2.05754E-02    0.00000E+00    5.14014E-02
 2.10000E+01    7.68352E-02    0.00000E+00    1.91950E-01
 2.20000E+01    2.14781E-01    0.00000E+00    5.36566E-01
 2.30000E+01    4.70444E-01    0.00000E+00    1.17526E+00
 2.40000E+01    8.81892E-01    3.91036E-02    1.72468E+00
 2.50000E+01    1.41473E+00    6.27299E-02    2.76673E+00
 2.60000E+01    2.03839E+00    9.03833E-02    3.98640E+00
 2.70000E+01    2.69493E+00    1.19495E-01    5.27036E+00
 2.80000E+01    3.33821E+00    1.48018E-01    6.52840E+00
 2.90000E+01    3.89262E+00    1.72601E-01    7.61264E+00
 3.00000E+01    4.39782E+00    1.95002E-01    8.60064E+00
