# n + Ac233 : (n,n'01)  
# tendl.2017 A.J. Koning and D. Rochman        EVAL-NOV17
# uncertainties: y
# # energies =    74
#   E(MeV)       xs(mb)       xslow(mb)      xsupp(mb)
 1.12071E-01    0.00000E+00    0.00000E+00    0.00000E+00
 2.00000E-01    1.72713E+02    1.00619E+01    3.35364E+02
 3.00000E-01    3.01507E+02    1.75652E+01    5.85449E+02
 4.00000E-01    3.57843E+02    2.08472E+01    6.94839E+02
 5.00000E-01    3.71567E+02    2.16467E+01    7.21487E+02
 6.00000E-01    3.62549E+02    3.85032E+01    6.86595E+02
 7.00000E-01    3.43522E+02    3.64825E+01    6.50561E+02
 8.00000E-01    3.21777E+02    3.41731E+01    6.09381E+02
 9.00000E-01    3.00997E+02    3.19663E+01    5.70028E+02
 1.00000E+00    2.81204E+02    6.94637E+01    4.92944E+02
 1.20000E+00    2.48382E+02    6.13560E+01    4.35408E+02
 1.40000E+00    2.11418E+02    5.22250E+01    3.70611E+02
 1.60000E+00    1.64517E+02    4.06394E+01    2.88395E+02
 1.80000E+00    1.16612E+02    6.67903E+01    1.66434E+02
 2.00000E+00    7.83667E+01    4.48850E+01    1.11848E+02
 2.20000E+00    5.23562E+01    2.99874E+01    7.47250E+01
 2.40000E+00    3.58919E+01    2.05573E+01    5.12265E+01
 2.60000E+00    2.56839E+01    9.41966E+00    4.19481E+01
 2.80000E+00    1.93408E+01    7.09331E+00    3.15883E+01
 3.00000E+00    1.53208E+01    5.61896E+00    2.50226E+01
 3.20000E+00    1.26872E+01    4.65308E+00    2.07213E+01
 3.40000E+00    1.08776E+01    3.98940E+00    1.77658E+01
 3.60000E+00    9.55743E+00    3.50522E+00    1.56096E+01
 3.80000E+00    8.53531E+00    3.13036E+00    1.39403E+01
 4.00000E+00    7.70591E+00    2.82617E+00    1.25857E+01
 4.20000E+00    7.01368E+00    2.57229E+00    1.14551E+01
 4.40000E+00    6.42789E+00    2.35745E+00    1.04983E+01
 4.60000E+00    5.93011E+00    1.09922E+00    1.07610E+01
 4.80000E+00    5.50712E+00    1.02081E+00    9.99343E+00
 5.00000E+00    5.14889E+00    9.54409E-01    9.34337E+00
 5.20000E+00    4.84711E+00    8.98470E-01    8.79575E+00
 5.40000E+00    4.59508E+00    8.51753E-01    8.33841E+00
 5.60000E+00    4.38715E+00    8.13211E-01    7.96109E+00
 5.80000E+00    4.21834E+00    7.81920E-01    7.65476E+00
 6.00000E+00    4.08401E+00    7.57020E-01    7.41100E+00
 6.20000E+00    3.97950E+00    7.37648E-01    7.22135E+00
 6.40000E+00    3.89959E+00    7.22836E-01    7.07634E+00
 6.60000E+00    3.83862E+00    1.55900E+00    6.11824E+00
 6.80000E+00    3.79052E+00    1.53946E+00    6.04158E+00
 7.00000E+00    3.74937E+00    1.52275E+00    5.97599E+00
 7.20000E+00    3.70992E+00    1.50673E+00    5.91311E+00
 7.40000E+00    3.66814E+00    1.48976E+00    5.84652E+00
 7.60000E+00    3.62142E+00    1.47078E+00    5.77206E+00
 7.80000E+00    3.56865E+00    1.44935E+00    5.68795E+00
 8.00000E+00    3.50978E+00    1.42544E+00    5.59412E+00
 8.50000E+00    3.34137E+00    1.35705E+00    5.32569E+00
 9.00000E+00    3.15629E+00    1.17060E+00    5.14198E+00
 9.50000E+00    2.96896E+00    1.10113E+00    4.83679E+00
 1.00000E+01    2.78926E+00    1.03448E+00    4.54404E+00
 1.05000E+01    2.62347E+00    9.72990E-01    4.27395E+00
 1.10000E+01    2.47436E+00    9.17689E-01    4.03103E+00
 1.15000E+01    2.34126E+00    8.68325E-01    3.81420E+00
 1.20000E+01    2.22125E+00    8.23815E-01    3.61868E+00
 1.25000E+01    2.11092E+00    7.82896E-01    3.43894E+00
 1.30000E+01    2.00774E+00    9.67494E-01    3.04799E+00
 1.35000E+01    1.91051E+00    9.20641E-01    2.90038E+00
 1.40000E+01    1.81914E+00    8.76611E-01    2.76167E+00
 1.45000E+01    1.73415E+00    8.35656E-01    2.63264E+00
 1.50000E+01    1.65621E+00    7.98098E-01    2.51432E+00
 1.60000E+01    1.52302E+00    8.22260E-01    2.22378E+00
 1.70000E+01    1.41870E+00    7.65939E-01    2.07146E+00
 1.80000E+01    1.33588E+00    7.21226E-01    1.95053E+00
 1.90000E+01    1.26367E+00    6.82240E-01    1.84510E+00
 2.00000E+01    1.19306E+00    5.76810E-01    1.80931E+00
 2.10000E+01    1.12081E+00    5.41879E-01    1.69974E+00
 2.20000E+01    1.04944E+00    5.07374E-01    1.59151E+00
 2.30000E+01    9.83822E-01    4.75650E-01    1.49199E+00
 2.40000E+01    9.27496E-01    4.68226E-01    1.38677E+00
 2.50000E+01    8.81248E-01    4.44879E-01    1.31762E+00
 2.60000E+01    8.43624E-01    4.25885E-01    1.26136E+00
 2.70000E+01    8.11925E-01    4.09883E-01    1.21397E+00
 2.80000E+01    7.83153E-01    3.95358E-01    1.17095E+00
 2.90000E+01    7.54975E-01    3.81133E-01    1.12882E+00
 3.00000E+01    7.26545E-01    3.66780E-01    1.08631E+00
