# n + Sn121 : (n,n')    
# jeff3.3    A.J. Koning and D. Rochman        EVAL-DEC15
# uncertainties: y
# # energies =   138
#   E(MeV)       xs(mb)       xslow(mb)      xsupp(mb)
 6.36264E-03    0.00000E+00    0.00000E+00    0.00000E+00
 1.00000E-02    1.03514E-02    6.49609E-03    1.42067E-02
 2.00000E-02    1.47408E-01    9.25069E-02    2.02309E-01
 3.00000E-02    4.40546E-01    1.26776E-01    7.54316E-01
 6.00000E-02    2.04867E+00    5.89547E-01    3.50779E+00
 6.08434E-02    2.12037E+00    6.10181E-01    3.63057E+00
 1.00000E-01    2.10956E+02    6.07067E+01    3.61204E+02
 2.00000E-01    3.32910E+02    2.05595E+02    4.60224E+02
 3.00000E-01    3.71610E+02    2.29495E+02    5.13725E+02
 4.00000E-01    3.94968E+02    2.43920E+02    5.46015E+02
 5.00000E-01    4.16170E+02    2.57014E+02    5.75326E+02
 6.00000E-01    4.37991E+02    3.06724E+02    5.69258E+02
 6.69166E-01    4.47876E+02    3.13646E+02    5.82105E+02
 7.00000E-01    4.72656E+02    3.31000E+02    6.14312E+02
 8.00000E-01    5.21050E+02    3.64890E+02    6.77210E+02
 8.76502E-01    5.41886E+02    3.79481E+02    7.04290E+02
 9.00000E-01    5.97365E+02    4.18334E+02    7.76397E+02
 9.16382E-01    6.03046E+02    4.22312E+02    7.83781E+02
 9.33312E-01    6.28783E+02    4.40335E+02    8.17231E+02
 9.57119E-01    6.85305E+02    4.79918E+02    8.90693E+02
 1.00000E+00    8.26005E+02    6.56842E+02    9.95168E+02
 1.03960E+00    8.47374E+02    6.73835E+02    1.02091E+03
 1.07590E+00    8.87850E+02    7.06022E+02    1.06968E+03
 1.11071E+00    9.26862E+02    7.37044E+02    1.11668E+03
 1.13055E+00    9.62008E+02    7.64992E+02    1.15902E+03
 1.16564E+00    1.04815E+03    8.33496E+02    1.26281E+03
 1.20000E+00    1.14125E+03    9.07528E+02    1.37498E+03
 1.21203E+00    1.14967E+03    9.14225E+02    1.38512E+03
 1.25740E+00    1.18152E+03    9.39546E+02    1.42349E+03
 1.34815E+00    1.24574E+03    9.90614E+02    1.50086E+03
 1.36126E+00    1.25854E+03    1.00080E+03    1.51629E+03
 1.40000E+00    1.30427E+03    1.03716E+03    1.57138E+03
 1.41521E+00    1.30259E+03    1.03583E+03    1.56936E+03
 1.44395E+00    1.30821E+03    1.04030E+03    1.57613E+03
 1.46210E+00    1.31666E+03    1.04701E+03    1.58630E+03
 1.51050E+00    1.34139E+03    1.06667E+03    1.61610E+03
 1.54982E+00    1.37390E+03    1.09253E+03    1.65526E+03
 1.58411E+00    1.41165E+03    1.12255E+03    1.70074E+03
 1.60000E+00    1.43608E+03    1.14197E+03    1.73018E+03
 1.66699E+00    1.45578E+03    1.15764E+03    1.75392E+03
 1.72427E+00    1.47951E+03    1.17651E+03    1.78251E+03
 1.77297E+00    1.51087E+03    1.20145E+03    1.82029E+03
 1.80000E+00    1.53390E+03    1.30057E+03    1.76724E+03
 1.87955E+00    1.53440E+03    1.30098E+03    1.76781E+03
 1.89165E+00    1.53550E+03    1.30192E+03    1.76908E+03
 1.90930E+00    1.54010E+03    1.30582E+03    1.77438E+03
 1.92593E+00    1.54500E+03    1.30997E+03    1.78002E+03
 1.92825E+00    1.54607E+03    1.31088E+03    1.78126E+03
 2.00000E+00    1.61538E+03    1.36964E+03    1.86111E+03
 2.20000E+00    1.68640E+03    1.42987E+03    1.94294E+03
 2.40000E+00    1.74820E+03    1.48227E+03    2.01414E+03
 2.60000E+00    1.80221E+03    1.67727E+03    1.92715E+03
 2.80000E+00    1.85285E+03    1.72440E+03    1.98130E+03
 3.00000E+00    1.90285E+03    1.77093E+03    2.03476E+03
 3.20000E+00    1.95233E+03    1.81698E+03    2.08767E+03
 3.40000E+00    2.00274E+03    1.86390E+03    2.14158E+03
 3.60000E+00    2.05111E+03    1.90891E+03    2.19330E+03
 3.80000E+00    2.09699E+03    1.95161E+03    2.24236E+03
 4.00000E+00    2.13697E+03    1.98882E+03    2.28512E+03
 4.20000E+00    2.17041E+03    2.01994E+03    2.32088E+03
 4.40000E+00    2.19577E+03    2.04354E+03    2.34799E+03
 4.60000E+00    2.21271E+03    2.09723E+03    2.32820E+03
 4.80000E+00    2.22252E+03    2.10652E+03    2.33852E+03
 5.00000E+00    2.22477E+03    2.10865E+03    2.34089E+03
 5.20000E+00    2.22139E+03    2.10545E+03    2.33733E+03
 5.40000E+00    2.21309E+03    2.09759E+03    2.32860E+03
 5.60000E+00    2.20094E+03    2.08606E+03    2.31581E+03
 5.80000E+00    2.18652E+03    2.07239E+03    2.30064E+03
 6.00000E+00    2.17019E+03    2.05692E+03    2.28345E+03
 6.20000E+00    2.15341E+03    2.04101E+03    2.26580E+03
 6.40000E+00    2.11997E+03    2.00932E+03    2.23061E+03
 6.60000E+00    2.06543E+03    1.76585E+03    2.36500E+03
 6.80000E+00    1.98005E+03    1.69286E+03    2.26724E+03
 7.00000E+00    1.89482E+03    1.61999E+03    2.16965E+03
 7.20000E+00    1.81099E+03    1.54832E+03    2.07366E+03
 7.40000E+00    1.72943E+03    1.47859E+03    1.98027E+03
 7.60000E+00    1.65192E+03    1.41232E+03    1.89152E+03
 7.80000E+00    1.57531E+03    1.34683E+03    1.80380E+03
 8.00000E+00    1.49738E+03    1.28019E+03    1.71456E+03
 8.50000E+00    1.31552E+03    1.12472E+03    1.50633E+03
 9.00000E+00    1.12622E+03    7.65256E+02    1.48718E+03
 9.50000E+00    9.32574E+02    6.33676E+02    1.23147E+03
 1.00000E+01    7.64379E+02    5.19389E+02    1.00937E+03
 1.05000E+01    6.30449E+02    4.28385E+02    8.32514E+02
 1.10000E+01    5.35612E+02    3.63943E+02    7.07280E+02
 1.15000E+01    4.64448E+02    3.15588E+02    6.13307E+02
 1.20000E+01    4.10774E+02    2.79117E+02    5.42430E+02
 1.25000E+01    3.71055E+02    2.52128E+02    4.89981E+02
 1.30000E+01    3.41135E+02    2.23243E+02    4.59026E+02
 1.35000E+01    3.18651E+02    2.08529E+02    4.28772E+02
 1.40000E+01    3.01108E+02    1.97049E+02    4.05167E+02
 1.45000E+01    2.86997E+02    1.87815E+02    3.86179E+02
 1.50000E+01    2.75439E+02    1.80251E+02    3.70627E+02
 1.60000E+01    2.58779E+02    1.79412E+02    3.38146E+02
 1.70000E+01    2.45853E+02    1.70451E+02    3.21255E+02
 1.80000E+01    2.35251E+02    1.63101E+02    3.07402E+02
 1.90000E+01    2.25974E+02    1.56668E+02    2.95279E+02
 2.00000E+01    2.20544E+02    1.58801E+02    2.82286E+02
 2.10000E+01    2.12152E+02    1.52758E+02    2.71545E+02
 2.20000E+01    2.03744E+02    1.46704E+02    2.60784E+02
 2.30000E+01    1.94472E+02    1.40028E+02    2.48916E+02
 2.40000E+01    1.86765E+02    1.40237E+02    2.33293E+02
 2.50000E+01    1.79824E+02    1.35025E+02    2.24623E+02
 2.60000E+01    1.74183E+02    1.30790E+02    2.17576E+02
 2.70000E+01    1.68389E+02    1.26439E+02    2.10339E+02
 2.80000E+01    1.63754E+02    1.22959E+02    2.04550E+02
 2.90000E+01    1.58995E+02    1.19385E+02    1.98604E+02
 3.00000E+01    1.54215E+02    1.15796E+02    1.92634E+02
 3.00000E+01    1.47736E+02    1.10931E+02    1.84541E+02
 3.20000E+01    1.37757E+02    1.03438E+02    1.72076E+02
 3.40000E+01    1.27835E+02    9.59880E+01    1.59682E+02
 3.60000E+01    1.19033E+02    8.93787E+01    1.48687E+02
 3.80000E+01    1.10671E+02    8.31001E+01    1.38242E+02
 4.00000E+01    1.04121E+02    7.81816E+01    1.30060E+02
 4.20000E+01    9.68234E+01    7.27023E+01    1.20945E+02
 4.40000E+01    8.30299E+01    6.23451E+01    1.03715E+02
 4.60000E+01    7.93129E+01    5.95541E+01    9.90718E+01
 4.80000E+01    7.74992E+01    5.81922E+01    9.68062E+01
 5.00000E+01    7.58601E+01    5.69614E+01    9.47588E+01
 5.20000E+01    7.28206E+01    5.46792E+01    9.09621E+01
 5.40000E+01    6.91419E+01    5.19169E+01    8.63669E+01
 5.60000E+01    6.56375E+01    4.92855E+01    8.19895E+01
 5.80000E+01    6.24910E+01    4.69229E+01    7.80591E+01
 6.00000E+01    5.97510E+01    4.48655E+01    7.46365E+01
 6.50000E+01    5.49233E+01    4.12405E+01    6.86061E+01
 7.00000E+01    4.81913E+01    3.61856E+01    6.01970E+01
 7.50000E+01    4.32531E+01    3.24777E+01    5.40285E+01
 8.00000E+01    3.96165E+01    2.97470E+01    4.94860E+01
 9.00000E+01    3.27751E+01    2.46100E+01    4.09402E+01
 1.00000E+02    2.72978E+01    2.04972E+01    3.40983E+01
 1.10000E+02    2.28381E+01    1.71485E+01    2.85276E+01
 1.20000E+02    1.91348E+01    1.43679E+01    2.39018E+01
 1.30000E+02    1.59735E+01    1.19941E+01    1.99529E+01
 1.40000E+02    1.33817E+01    1.00480E+01    1.67155E+01
 1.50000E+02    1.12959E+01    8.48182E+00    1.41100E+01
 1.60000E+02    9.60387E+00    7.21130E+00    1.19964E+01
 1.80000E+02    7.24033E+00    5.43658E+00    9.04408E+00
 2.00000E+02    5.74147E+00    4.31113E+00    7.17182E+00
