# n + Sn121 : (n,n'01)  
# jeff3.3    A.J. Koning and D. Rochman        EVAL-DEC15
# uncertainties: y
# # energies =   108
#   E(MeV)       xs(mb)       xslow(mb)      xsupp(mb)
 6.36264E-03    0.00000E+00    0.00000E+00    0.00000E+00
 1.00000E-02    1.03514E-02    6.49609E-03    1.42067E-02
 2.00000E-02    1.47408E-01    9.25069E-02    2.02309E-01
 3.00000E-02    4.40546E-01    2.82049E-01    5.99043E-01
 6.00000E-02    2.04867E+00    1.31161E+00    2.78573E+00
 6.08434E-02    2.12037E+00    1.35752E+00    2.88323E+00
 1.00000E-01    5.44944E+00    3.48888E+00    7.41000E+00
 2.00000E-01    1.80806E+01    1.46278E+01    2.15334E+01
 3.00000E-01    3.46327E+01    2.80191E+01    4.12463E+01
 4.00000E-01    5.34656E+01    4.32555E+01    6.36757E+01
 5.00000E-01    7.34273E+01    5.94052E+01    8.74494E+01
 6.00000E-01    9.37642E+01    7.78177E+01    1.09711E+02
 6.69166E-01    1.02608E+02    8.51576E+01    1.20059E+02
 7.00000E-01    1.06551E+02    8.84298E+01    1.24672E+02
 8.00000E-01    1.13571E+02    9.42559E+01    1.32886E+02
 8.76502E-01    1.19545E+02    9.92139E+01    1.39876E+02
 9.00000E-01    1.21380E+02    1.00737E+02    1.42023E+02
 9.16382E-01    1.18735E+02    9.85420E+01    1.38929E+02
 9.33312E-01    1.16002E+02    9.62738E+01    1.35731E+02
 9.57119E-01    1.12159E+02    9.30843E+01    1.31234E+02
 1.00000E+00    1.05237E+02    8.96681E+01    1.20806E+02
 1.03960E+00    1.03020E+02    8.77789E+01    1.18261E+02
 1.07590E+00    1.00987E+02    8.60472E+01    1.15928E+02
 1.11071E+00    9.90383E+01    8.43865E+01    1.13690E+02
 1.13055E+00    9.79275E+01    8.34400E+01    1.12415E+02
 1.16564E+00    9.59628E+01    8.17660E+01    1.10160E+02
 1.20000E+00    9.40390E+01    8.01268E+01    1.07951E+02
 1.21203E+00    9.37701E+01    7.98977E+01    1.07643E+02
 1.25740E+00    9.27561E+01    7.90337E+01    1.06479E+02
 1.34815E+00    9.07279E+01    7.73055E+01    1.04150E+02
 1.36126E+00    9.04348E+01    7.70558E+01    1.03814E+02
 1.40000E+00    8.95690E+01    7.63181E+01    1.02820E+02
 1.41521E+00    8.88832E+01    7.57337E+01    1.02033E+02
 1.44395E+00    8.75874E+01    7.46296E+01    1.00545E+02
 1.46210E+00    8.67690E+01    7.39323E+01    9.96058E+01
 1.51050E+00    8.45868E+01    7.20729E+01    9.71006E+01
 1.54982E+00    8.28139E+01    7.05623E+01    9.50655E+01
 1.58411E+00    8.12678E+01    6.92450E+01    9.32907E+01
 1.60000E+00    8.05514E+01    6.86345E+01    9.24683E+01
 1.66699E+00    7.86442E+01    6.70095E+01    9.02789E+01
 1.72427E+00    7.70134E+01    6.56200E+01    8.84069E+01
 1.77297E+00    7.56269E+01    6.44386E+01    8.68153E+01
 1.80000E+00    7.48574E+01    5.56695E+01    9.40453E+01
 1.87955E+00    7.25743E+01    5.39716E+01    9.11769E+01
 1.89165E+00    7.22270E+01    5.37134E+01    9.07406E+01
 1.90930E+00    7.17204E+01    5.33367E+01    9.01042E+01
 1.92593E+00    7.12431E+01    5.29817E+01    8.95046E+01
 1.92825E+00    7.11766E+01    5.29322E+01    8.94210E+01
 2.00000E+00    6.91173E+01    5.14008E+01    8.68338E+01
 2.20000E+00    5.98608E+01    4.45169E+01    7.52047E+01
 2.40000E+00    5.06977E+01    3.77026E+01    6.36928E+01
 2.60000E+00    4.27056E+01    2.85133E+01    5.68979E+01
 2.80000E+00    3.58207E+01    2.39164E+01    4.77250E+01
 3.00000E+00    3.00820E+01    2.00849E+01    4.00791E+01
 3.20000E+00    2.52295E+01    1.68450E+01    3.36140E+01
 3.40000E+00    2.10965E+01    1.40855E+01    2.81075E+01
 3.60000E+00    1.75625E+01    1.17260E+01    2.33990E+01
 3.80000E+00    1.45382E+01    9.70673E+00    1.93697E+01
 4.00000E+00    1.19646E+01    7.98841E+00    1.59408E+01
 4.20000E+00    9.78529E+00    6.53335E+00    1.30372E+01
 4.40000E+00    7.96365E+00    5.31709E+00    1.06102E+01
 4.60000E+00    6.45980E+00    4.22683E+00    8.69277E+00
 4.80000E+00    5.22806E+00    3.42087E+00    7.03525E+00
 5.00000E+00    4.23156E+00    2.76883E+00    5.69429E+00
 5.20000E+00    3.43184E+00    2.24555E+00    4.61813E+00
 5.40000E+00    2.79352E+00    1.82788E+00    3.75916E+00
 5.60000E+00    2.28664E+00    1.49621E+00    3.07707E+00
 5.80000E+00    1.88603E+00    1.23408E+00    2.53798E+00
 6.00000E+00    1.56978E+00    1.02715E+00    2.11241E+00
 6.20000E+00    1.31963E+00    8.63471E-01    1.77579E+00
 6.40000E+00    1.12295E+00    7.34778E-01    1.51112E+00
 6.60000E+00    9.64904E-01    5.78624E-01    1.35118E+00
 6.80000E+00    8.41553E-01    5.04654E-01    1.17845E+00
 7.00000E+00    7.43993E-01    4.46150E-01    1.04184E+00
 7.20000E+00    6.66045E-01    3.99407E-01    9.32683E-01
 7.40000E+00    6.03944E-01    3.62167E-01    8.45721E-01
 7.60000E+00    5.53713E-01    3.32045E-01    7.75381E-01
 7.80000E+00    5.12981E-01    3.07619E-01    7.18343E-01
 8.00000E+00    4.79734E-01    2.87682E-01    6.71786E-01
 8.50000E+00    4.19557E-01    2.51596E-01    5.87518E-01
 9.00000E+00    3.80336E-01    2.34923E-01    5.25749E-01
 9.50000E+00    3.52947E-01    2.18005E-01    4.87889E-01
 1.00000E+01    3.32275E-01    2.05237E-01    4.59313E-01
 1.05000E+01    3.15474E-01    1.94859E-01    4.36089E-01
 1.10000E+01    3.01027E-01    1.85936E-01    4.16118E-01
 1.15000E+01    2.88159E-01    1.77988E-01    3.98330E-01
 1.20000E+01    2.76482E-01    1.70775E-01    3.82189E-01
 1.25000E+01    2.65798E-01    1.64176E-01    3.67420E-01
 1.30000E+01    2.55999E-01    1.61882E-01    3.50116E-01
 1.35000E+01    2.47036E-01    1.56214E-01    3.37858E-01
 1.40000E+01    2.38860E-01    1.51044E-01    3.26676E-01
 1.45000E+01    2.31446E-01    1.46356E-01    3.16536E-01
 1.50000E+01    2.24753E-01    1.42124E-01    3.07382E-01
 1.60000E+01    2.13286E-01    1.35730E-01    2.90842E-01
 1.70000E+01    2.03869E-01    1.29737E-01    2.78001E-01
 1.80000E+01    1.95936E-01    1.24689E-01    2.67183E-01
 1.90000E+01    1.89129E-01    1.20357E-01    2.57901E-01
 2.00000E+01    1.83206E-01    1.24066E-01    2.42346E-01
 2.10000E+01    1.77865E-01    1.20449E-01    2.35281E-01
 2.20000E+01    1.72766E-01    1.16996E-01    2.28536E-01
 2.30000E+01    1.67705E-01    1.13569E-01    2.21841E-01
 2.40000E+01    1.62717E-01    1.11342E-01    2.14092E-01
 2.50000E+01    1.57991E-01    1.08108E-01    2.07874E-01
 2.60000E+01    1.53722E-01    1.05187E-01    2.02257E-01
 2.70000E+01    1.50021E-01    1.02654E-01    1.97388E-01
 2.80000E+01    1.46881E-01    1.00506E-01    1.93256E-01
 2.90000E+01    1.44194E-01    9.86671E-02    1.89721E-01
 3.00000E+01    1.41788E-01    9.70207E-02    1.86555E-01
