# n + Sn121 : (n,n'22)  
# jeff3.3    A.J. Koning and D. Rochman        EVAL-DEC15
# uncertainties: n
# # energies =    71
#   E(MeV)       xs(mb) 
 1.58411E+00    0.00000E+00
 1.60000E+00    6.93736E+00
 1.66699E+00    2.02961E+01
 1.72427E+00    3.17185E+01
 1.77297E+00    4.14300E+01
 1.80000E+00    4.68201E+01
 1.87955E+00    5.10703E+01
 1.89165E+00    5.17167E+01
 1.90930E+00    5.26597E+01
 1.92593E+00    5.35482E+01
 1.92825E+00    5.36722E+01
 2.00000E+00    5.75056E+01
 2.20000E+00    5.56623E+01
 2.40000E+00    4.99197E+01
 2.60000E+00    4.33744E+01
 2.80000E+00    3.68593E+01
 3.00000E+00    3.09261E+01
 3.20000E+00    2.56410E+01
 3.40000E+00    2.10459E+01
 3.60000E+00    1.71309E+01
 3.80000E+00    1.38472E+01
 4.00000E+00    1.11312E+01
 4.20000E+00    8.90314E+00
 4.40000E+00    7.09158E+00
 4.60000E+00    5.62913E+00
 4.80000E+00    4.45432E+00
 5.00000E+00    3.51483E+00
 5.20000E+00    2.76598E+00
 5.40000E+00    2.17048E+00
 5.60000E+00    1.69835E+00
 5.80000E+00    1.32481E+00
 6.00000E+00    1.03104E+00
 6.20000E+00    7.99731E-01
 6.40000E+00    6.19345E-01
 6.60000E+00    4.76347E-01
 6.80000E+00    3.67017E-01
 7.00000E+00    2.82909E-01
 7.20000E+00    2.17886E-01
 7.40000E+00    1.68221E-01
 7.60000E+00    1.29866E-01
 7.80000E+00    1.00436E-01
 8.00000E+00    7.78548E-02
 8.50000E+00    4.15435E-02
 9.00000E+00    2.25007E-02
 9.50000E+00    1.23789E-02
 1.00000E+01    6.91125E-03
 1.05000E+01    3.91051E-03
 1.10000E+01    2.23935E-03
 1.15000E+01    1.29615E-03
 1.20000E+01    7.57402E-04
 1.25000E+01    4.46419E-04
 1.30000E+01    2.65324E-04
 1.35000E+01    1.58927E-04
 1.40000E+01    9.59246E-05
 1.45000E+01    5.83426E-05
 1.50000E+01    3.57546E-05
 1.60000E+01    1.37350E-05
 1.70000E+01    5.43197E-06
 1.80000E+01    2.20705E-06
 1.90000E+01    9.19511E-07
 2.00000E+01    3.89477E-07
 2.10000E+01    1.69489E-07
 2.20000E+01    7.50709E-08
 2.30000E+01    3.38191E-08
 2.40000E+01    1.54479E-08
 2.50000E+01    7.15528E-09
 2.60000E+01    3.35959E-09
 2.70000E+01    1.59945E-09
 2.80000E+01    7.71441E-10
 2.90000E+01    3.77061E-10
 3.00000E+01    1.86679E-10
