# n + Ac232 : (n,a)     
# tendl.2017 A.J. Koning and D. Rochman        EVAL-NOV17
# uncertainties: y
# # energies =   569
#   E(MeV)       xs(mb)       xslow(mb)      xsupp(mb)
 1.00000E-11    1.82739E-07    0.00000E+00    1.82739E-06
 1.03223E-11    1.79863E-07    0.00000E+00    1.79863E-06
 1.06549E-11    1.77034E-07    0.00000E+00    1.77034E-06
 1.09984E-11    1.74248E-07    0.00000E+00    1.74248E-06
 1.13527E-11    1.71507E-07    0.00000E+00    1.71507E-06
 1.17186E-11    1.68808E-07    0.00000E+00    1.68808E-06
 1.20962E-11    1.66152E-07    0.00000E+00    1.66152E-06
 1.24861E-11    1.63537E-07    0.00000E+00    1.63537E-06
 1.28884E-11    1.60965E-07    0.00000E+00    1.60965E-06
 1.33038E-11    1.58432E-07    0.00000E+00    1.58432E-06
 1.37325E-11    1.55940E-07    0.00000E+00    1.55940E-06
 1.41751E-11    1.53486E-07    0.00000E+00    1.53486E-06
 1.46318E-11    1.51071E-07    0.00000E+00    1.51071E-06
 1.51034E-11    1.48694E-07    0.00000E+00    1.48694E-06
 1.55901E-11    1.46355E-07    0.00000E+00    1.46355E-06
 1.60926E-11    1.44052E-07    0.00000E+00    1.44052E-06
 1.66111E-11    1.41785E-07    0.00000E+00    1.41785E-06
 1.71465E-11    1.39554E-07    0.00000E+00    1.39554E-06
 1.76990E-11    1.37359E-07    0.00000E+00    1.37359E-06
 1.82694E-11    1.35197E-07    0.00000E+00    1.35197E-06
 1.88581E-11    1.33071E-07    0.00000E+00    1.33071E-06
 1.94659E-11    1.30977E-07    0.00000E+00    1.30977E-06
 2.00931E-11    1.28916E-07    0.00000E+00    1.28916E-06
 2.07407E-11    1.26887E-07    0.00000E+00    1.26887E-06
 2.14090E-11    1.24891E-07    0.00000E+00    1.24891E-06
 2.20991E-11    1.22926E-07    0.00000E+00    1.22926E-06
 2.28111E-11    1.20992E-07    0.00000E+00    1.20992E-06
 2.35464E-11    1.19088E-07    0.00000E+00    1.19088E-06
 2.43051E-11    1.17215E-07    0.00000E+00    1.17215E-06
 2.50884E-11    1.15370E-07    0.00000E+00    1.15370E-06
 2.58968E-11    1.13555E-07    0.00000E+00    1.13555E-06
 2.67315E-11    1.11768E-07    0.00000E+00    1.11768E-06
 2.75928E-11    1.10010E-07    0.00000E+00    1.10010E-06
 2.84822E-11    1.08279E-07    0.00000E+00    1.08279E-06
 2.93999E-11    1.06576E-07    0.00000E+00    1.06576E-06
 3.03475E-11    1.04899E-07    0.00000E+00    1.04899E-06
 3.13253E-11    1.03248E-07    0.00000E+00    1.03248E-06
 3.23350E-11    1.01624E-07    0.00000E+00    1.01624E-06
 3.33769E-11    1.00025E-07    0.00000E+00    1.00025E-06
 3.43797E-11    9.85552E-08    0.00000E+00    9.85552E-07
 3.54127E-11    9.71072E-08    0.00000E+00    9.71072E-07
 3.64767E-11    9.56804E-08    0.00000E+00    9.56804E-07
 3.75726E-11    9.42746E-08    0.00000E+00    9.42746E-07
 3.87015E-11    9.28895E-08    0.00000E+00    9.28895E-07
 3.98644E-11    9.15247E-08    0.00000E+00    9.15247E-07
 4.10621E-11    9.01800E-08    0.00000E+00    9.01800E-07
 4.22959E-11    8.88550E-08    0.00000E+00    8.88550E-07
 4.35667E-11    8.75495E-08    0.00000E+00    8.75495E-07
 4.48757E-11    8.62631E-08    0.00000E+00    8.62631E-07
 4.62240E-11    8.49957E-08    0.00000E+00    8.49957E-07
 4.76129E-11    8.37469E-08    0.00000E+00    8.37469E-07
 4.90434E-11    8.25164E-08    0.00000E+00    8.25164E-07
 5.05170E-11    8.13040E-08    0.00000E+00    8.13040E-07
 5.20348E-11    8.01095E-08    0.00000E+00    8.01095E-07
 5.35982E-11    7.89324E-08    0.00000E+00    7.89324E-07
 5.52086E-11    7.77727E-08    0.00000E+00    7.77727E-07
 5.68674E-11    7.66300E-08    0.00000E+00    7.66300E-07
 5.85760E-11    7.55041E-08    0.00000E+00    7.55041E-07
 6.03360E-11    7.43948E-08    0.00000E+00    7.43948E-07
 6.21489E-11    7.33017E-08    0.00000E+00    7.33017E-07
 6.40162E-11    7.22247E-08    0.00000E+00    7.22247E-07
 6.59396E-11    7.11636E-08    0.00000E+00    7.11636E-07
 6.79208E-11    7.01180E-08    0.00000E+00    7.01180E-07
 6.99616E-11    6.90878E-08    0.00000E+00    6.90878E-07
 7.20636E-11    6.80727E-08    0.00000E+00    6.80727E-07
 7.42288E-11    6.70725E-08    0.00000E+00    6.70725E-07
 7.64591E-11    6.60870E-08    0.00000E+00    6.60870E-07
 7.87564E-11    6.51160E-08    0.00000E+00    6.51160E-07
 8.11227E-11    6.41593E-08    0.00000E+00    6.41593E-07
 8.35601E-11    6.32166E-08    0.00000E+00    6.32166E-07
 8.60707E-11    6.22878E-08    0.00000E+00    6.22878E-07
 8.86568E-11    6.13726E-08    0.00000E+00    6.13726E-07
 9.13205E-11    6.04709E-08    0.00000E+00    6.04709E-07
 9.40643E-11    5.95824E-08    0.00000E+00    5.95824E-07
 9.68906E-11    5.87070E-08    0.00000E+00    5.87070E-07
 9.98017E-11    5.78445E-08    0.00000E+00    5.78445E-07
 1.02800E-10    5.69946E-08    0.00000E+00    5.69946E-07
 1.05889E-10    5.61572E-08    0.00000E+00    5.61572E-07
 1.09071E-10    5.53321E-08    0.00000E+00    5.53321E-07
 1.12348E-10    5.45191E-08    0.00000E+00    5.45191E-07
 1.15723E-10    5.37181E-08    0.00000E+00    5.37181E-07
 1.19200E-10    5.29288E-08    0.00000E+00    5.29288E-07
 1.22782E-10    5.21511E-08    0.00000E+00    5.21511E-07
 1.26471E-10    5.13849E-08    0.00000E+00    5.13849E-07
 1.30271E-10    5.06299E-08    0.00000E+00    5.06299E-07
 1.34185E-10    4.98860E-08    0.00000E+00    4.98860E-07
 1.38217E-10    4.91531E-08    0.00000E+00    4.91531E-07
 1.42369E-10    4.84309E-08    0.00000E+00    4.84309E-07
 1.46647E-10    4.77193E-08    0.00000E+00    4.77193E-07
 1.51053E-10    4.70182E-08    0.00000E+00    4.70182E-07
 1.55592E-10    4.63274E-08    0.00000E+00    4.63274E-07
 1.60267E-10    4.56467E-08    0.00000E+00    4.56467E-07
 1.65082E-10    4.49760E-08    0.00000E+00    4.49760E-07
 1.70042E-10    4.43152E-08    0.00000E+00    4.43152E-07
 1.75151E-10    4.36641E-08    0.00000E+00    4.36641E-07
 1.80414E-10    4.30226E-08    0.00000E+00    4.30226E-07
 1.85834E-10    4.23904E-08    0.00000E+00    4.23904E-07
 1.91418E-10    4.17676E-08    0.00000E+00    4.17676E-07
 1.97169E-10    4.11539E-08    0.00000E+00    4.11539E-07
 2.03093E-10    4.05493E-08    0.00000E+00    4.05493E-07
 2.09195E-10    3.99535E-08    0.00000E+00    3.99535E-07
 2.15481E-10    3.93665E-08    0.00000E+00    3.93665E-07
 2.21955E-10    3.87881E-08    0.00000E+00    3.87881E-07
 2.28624E-10    3.82182E-08    0.00000E+00    3.82182E-07
 2.35493E-10    3.76566E-08    0.00000E+00    3.76566E-07
 2.42569E-10    3.71034E-08    0.00000E+00    3.71034E-07
 2.49857E-10    3.65582E-08    0.00000E+00    3.65582E-07
 2.57364E-10    3.60211E-08    0.00000E+00    3.60211E-07
 2.65097E-10    3.54918E-08    0.00000E+00    3.54918E-07
 2.73062E-10    3.49704E-08    0.00000E+00    3.49704E-07
 2.81266E-10    3.44566E-08    0.00000E+00    3.44566E-07
 2.89717E-10    3.39503E-08    0.00000E+00    3.39503E-07
 2.98422E-10    3.34515E-08    0.00000E+00    3.34515E-07
 3.07388E-10    3.29600E-08    0.00000E+00    3.29600E-07
 3.16624E-10    3.24757E-08    0.00000E+00    3.24757E-07
 3.26137E-10    3.19986E-08    0.00000E+00    3.19986E-07
 3.35936E-10    3.15284E-08    0.00000E+00    3.15284E-07
 3.46030E-10    3.10652E-08    0.00000E+00    3.10652E-07
 3.56426E-10    3.06088E-08    0.00000E+00    3.06088E-07
 3.67136E-10    3.01590E-08    0.00000E+00    3.01590E-07
 3.78167E-10    2.97159E-08    0.00000E+00    2.97159E-07
 3.89529E-10    2.92793E-08    0.00000E+00    2.92793E-07
 4.01233E-10    2.88491E-08    0.00000E+00    2.88491E-07
 4.13288E-10    2.84252E-08    0.00000E+00    2.84252E-07
 4.25706E-10    2.80076E-08    0.00000E+00    2.80076E-07
 4.38496E-10    2.75961E-08    0.00000E+00    2.75961E-07
 4.51671E-10    2.71906E-08    0.00000E+00    2.71906E-07
 4.65242E-10    2.67911E-08    0.00000E+00    2.67911E-07
 4.79221E-10    2.63975E-08    0.00000E+00    2.63975E-07
 4.93619E-10    2.60097E-08    0.00000E+00    2.60097E-07
 5.08451E-10    2.56275E-08    0.00000E+00    2.56275E-07
 5.23727E-10    2.52510E-08    0.00000E+00    2.52510E-07
 5.39463E-10    2.48800E-08    0.00000E+00    2.48800E-07
 5.55672E-10    2.45144E-08    0.00000E+00    2.45144E-07
 5.72367E-10    2.41542E-08    0.00000E+00    2.41542E-07
 5.89565E-10    2.37993E-08    0.00000E+00    2.37993E-07
 6.07279E-10    2.34497E-08    0.00000E+00    2.34497E-07
 6.25525E-10    2.31051E-08    0.00000E+00    2.31051E-07
 6.44319E-10    2.27656E-08    0.00000E+00    2.27656E-07
 6.63678E-10    2.24312E-08    0.00000E+00    2.24312E-07
 6.83619E-10    2.21016E-08    0.00000E+00    2.21016E-07
 7.04159E-10    2.17768E-08    0.00000E+00    2.17768E-07
 7.25316E-10    2.14569E-08    0.00000E+00    2.14569E-07
 7.47109E-10    2.11416E-08    0.00000E+00    2.11416E-07
 7.69556E-10    2.08310E-08    0.00000E+00    2.08310E-07
 7.92678E-10    2.05249E-08    0.00000E+00    2.05249E-07
 8.16495E-10    2.02234E-08    0.00000E+00    2.02234E-07
 8.41027E-10    1.99262E-08    0.00000E+00    1.99262E-07
 8.66297E-10    1.96335E-08    0.00000E+00    1.96335E-07
 8.92325E-10    1.93450E-08    0.00000E+00    1.93450E-07
 9.19136E-10    1.90608E-08    0.00000E+00    1.90608E-07
 9.46752E-10    1.87807E-08    0.00000E+00    1.87807E-07
 9.75198E-10    1.85048E-08    0.00000E+00    1.85048E-07
 1.00450E-09    1.82329E-08    0.00000E+00    1.82329E-07
 1.03468E-09    1.79650E-08    0.00000E+00    1.79650E-07
 1.06577E-09    1.77010E-08    0.00000E+00    1.77010E-07
 1.09779E-09    1.74410E-08    0.00000E+00    1.74410E-07
 1.13077E-09    1.71847E-08    0.00000E+00    1.71847E-07
 1.16475E-09    1.69322E-08    0.00000E+00    1.69322E-07
 1.19974E-09    1.66834E-08    0.00000E+00    1.66834E-07
 1.23579E-09    1.64383E-08    0.00000E+00    1.64383E-07
 1.27292E-09    1.61968E-08    0.00000E+00    1.61968E-07
 1.31117E-09    1.59588E-08    0.00000E+00    1.59588E-07
 1.35056E-09    1.57243E-08    0.00000E+00    1.57243E-07
 1.39114E-09    1.54933E-08    0.00000E+00    1.54933E-07
 1.43294E-09    1.52657E-08    0.00000E+00    1.52657E-07
 1.47599E-09    1.50414E-08    0.00000E+00    1.50414E-07
 1.52034E-09    1.48204E-08    0.00000E+00    1.48204E-07
 1.56602E-09    1.46026E-08    0.00000E+00    1.46026E-07
 1.61307E-09    1.43881E-08    0.00000E+00    1.43881E-07
 1.66154E-09    1.41767E-08    0.00000E+00    1.41767E-07
 1.71146E-09    1.39684E-08    0.00000E+00    1.39684E-07
 1.76289E-09    1.37632E-08    0.00000E+00    1.37632E-07
 1.81585E-09    1.35609E-08    0.00000E+00    1.35609E-07
 1.87041E-09    1.33617E-08    0.00000E+00    1.33617E-07
 1.92661E-09    1.31654E-08    0.00000E+00    1.31654E-07
 1.98450E-09    1.29720E-08    0.00000E+00    1.29720E-07
 2.04412E-09    1.27814E-08    0.00000E+00    1.27814E-07
 2.10554E-09    1.25936E-08    0.00000E+00    1.25936E-07
 2.16880E-09    1.24086E-08    0.00000E+00    1.24086E-07
 2.23397E-09    1.22263E-08    0.00000E+00    1.22263E-07
 2.30109E-09    1.20467E-08    0.00000E+00    1.20467E-07
 2.37023E-09    1.18697E-08    0.00000E+00    1.18697E-07
 2.44144E-09    1.16954E-08    0.00000E+00    1.16954E-07
 2.51480E-09    1.15236E-08    0.00000E+00    1.15236E-07
 2.59036E-09    1.13543E-08    0.00000E+00    1.13543E-07
 2.66818E-09    1.11876E-08    0.00000E+00    1.11876E-07
 2.74835E-09    1.10233E-08    0.00000E+00    1.10233E-07
 2.83093E-09    1.08615E-08    0.00000E+00    1.08615E-07
 2.91599E-09    1.07021E-08    0.00000E+00    1.07021E-07
 3.00360E-09    1.05450E-08    0.00000E+00    1.05450E-07
 3.09385E-09    1.03903E-08    0.00000E+00    1.03903E-07
 3.18680E-09    1.02379E-08    0.00000E+00    1.02379E-07
 3.28255E-09    1.00878E-08    0.00000E+00    1.00878E-07
 3.38118E-09    9.93996E-09    0.00000E+00    9.93996E-08
 3.48277E-09    9.79433E-09    0.00000E+00    9.79433E-08
 3.58741E-09    9.65089E-09    0.00000E+00    9.65089E-08
 3.69520E-09    9.50961E-09    0.00000E+00    9.50961E-08
 3.80623E-09    9.37046E-09    0.00000E+00    9.37046E-08
 3.92059E-09    9.23340E-09    0.00000E+00    9.23340E-08
 4.03838E-09    9.09840E-09    0.00000E+00    9.09840E-08
 4.15972E-09    8.96542E-09    0.00000E+00    8.96542E-08
 4.28470E-09    8.83442E-09    0.00000E+00    8.83442E-08
 4.41344E-09    8.70536E-09    0.00000E+00    8.70536E-08
 4.54605E-09    8.57819E-09    0.00000E+00    8.57819E-08
 4.68264E-09    8.45289E-09    0.00000E+00    8.45289E-08
 4.82333E-09    8.32940E-09    0.00000E+00    8.32940E-08
 4.96825E-09    8.20769E-09    0.00000E+00    8.20769E-08
 5.11753E-09    8.08772E-09    0.00000E+00    8.08772E-08
 5.27129E-09    7.96946E-09    0.00000E+00    7.96946E-08
 5.42967E-09    7.85287E-09    0.00000E+00    7.85287E-08
 5.59281E-09    7.73793E-09    0.00000E+00    7.73793E-08
 5.76085E-09    7.62462E-09    0.00000E+00    7.62462E-08
 5.93394E-09    7.51290E-09    0.00000E+00    7.51290E-08
 6.11223E-09    7.40276E-09    0.00000E+00    7.40276E-08
 6.29587E-09    7.29419E-09    0.00000E+00    7.29419E-08
 6.48504E-09    7.18717E-09    0.00000E+00    7.18717E-08
 6.67989E-09    7.08168E-09    0.00000E+00    7.08168E-08
 6.88059E-09    6.97771E-09    0.00000E+00    6.97771E-08
 7.08732E-09    6.87524E-09    0.00000E+00    6.87524E-08
 7.30027E-09    6.77426E-09    0.00000E+00    6.77426E-08
 7.51961E-09    6.67475E-09    0.00000E+00    6.67475E-08
 7.74554E-09    6.57670E-09    0.00000E+00    6.57670E-08
 7.97826E-09    6.48008E-09    0.00000E+00    6.48008E-08
 8.21798E-09    6.38487E-09    0.00000E+00    6.38487E-08
 8.46489E-09    6.29107E-09    0.00000E+00    6.29107E-08
 8.71923E-09    6.19864E-09    0.00000E+00    6.19864E-08
 8.98121E-09    6.10756E-09    0.00000E+00    6.10756E-08
 9.25105E-09    6.01783E-09    0.00000E+00    6.01783E-08
 9.52901E-09    5.92941E-09    0.00000E+00    5.92941E-08
 9.81532E-09    5.84229E-09    0.00000E+00    5.84229E-08
 1.01102E-08    5.75645E-09    0.00000E+00    5.75645E-08
 1.04140E-08    5.67187E-09    0.00000E+00    5.67187E-08
 1.07269E-08    5.58854E-09    0.00000E+00    5.58854E-08
 1.10492E-08    5.50643E-09    0.00000E+00    5.50643E-08
 1.13812E-08    5.42552E-09    0.00000E+00    5.42552E-08
 1.17231E-08    5.34581E-09    0.00000E+00    5.34581E-08
 1.20754E-08    5.26726E-09    0.00000E+00    5.26726E-08
 1.24382E-08    5.18987E-09    0.00000E+00    5.18987E-08
 1.28119E-08    5.11362E-09    0.00000E+00    5.11362E-08
 1.31968E-08    5.03849E-09    0.00000E+00    5.03849E-08
 1.35933E-08    4.96446E-09    0.00000E+00    4.96446E-08
 1.40018E-08    4.89152E-09    0.00000E+00    4.89152E-08
 1.44225E-08    4.81965E-09    0.00000E+00    4.81965E-08
 1.48558E-08    4.74883E-09    0.00000E+00    4.74883E-08
 1.53022E-08    4.67906E-09    0.00000E+00    4.67906E-08
 1.57619E-08    4.61031E-09    0.00000E+00    4.61031E-08
 1.62355E-08    4.54257E-09    0.00000E+00    4.54257E-08
 1.67233E-08    4.47583E-09    0.00000E+00    4.47583E-08
 1.72258E-08    4.41006E-09    0.00000E+00    4.41006E-08
 1.77433E-08    4.34525E-09    0.00000E+00    4.34525E-08
 1.82765E-08    4.28138E-09    0.00000E+00    4.28138E-08
 1.88256E-08    4.21843E-09    0.00000E+00    4.21843E-08
 1.93912E-08    4.15638E-09    0.00000E+00    4.15638E-08
 1.99738E-08    4.09520E-09    0.00000E+00    4.09520E-08
 2.05740E-08    4.03487E-09    0.00000E+00    4.03487E-08
 2.11921E-08    3.97539E-09    0.00000E+00    3.97539E-08
 2.18289E-08    3.91680E-09    0.00000E+00    3.91680E-08
 2.24847E-08    3.85915E-09    0.00000E+00    3.85915E-08
 2.31603E-08    3.80255E-09    0.00000E+00    3.80255E-08
 2.38562E-08    3.74706E-09    0.00000E+00    3.74706E-08
 2.45730E-08    3.69272E-09    0.00000E+00    3.69272E-08
 2.52045E-08    3.64702E-09    0.00000E+00    3.64702E-08
 2.53000E-08    3.64027E-09    0.00000E+00    3.64027E-08
 2.60602E-08    3.58794E-09    0.00000E+00    3.58794E-08
 2.69569E-08    3.52898E-09    0.00000E+00    3.52898E-08
 2.78845E-08    3.47057E-09    0.00000E+00    3.47057E-08
 2.88441E-08    3.41247E-09    0.00000E+00    3.41247E-08
 2.98366E-08    3.35472E-09    0.00000E+00    3.35472E-08
 3.07331E-08    3.30466E-09    0.00000E+00    3.30466E-08
 3.16565E-08    3.25527E-09    0.00000E+00    3.25527E-08
 3.26077E-08    3.20672E-09    0.00000E+00    3.20672E-08
 3.35874E-08    3.15905E-09    0.00000E+00    3.15905E-08
 3.45965E-08    3.11226E-09    0.00000E+00    3.11226E-08
 3.56360E-08    3.06629E-09    0.00000E+00    3.06629E-08
 3.67067E-08    3.02111E-09    0.00000E+00    3.02111E-08
 3.78096E-08    2.97670E-09    0.00000E+00    2.97670E-08
 3.89456E-08    2.93299E-09    0.00000E+00    2.93299E-08
 4.01158E-08    2.88991E-09    0.00000E+00    2.88991E-08
 4.13211E-08    2.84741E-09    0.00000E+00    2.84741E-08
 4.25626E-08    2.80552E-09    0.00000E+00    2.80552E-08
 4.38415E-08    2.76429E-09    0.00000E+00    2.76429E-08
 4.51587E-08    2.72374E-09    0.00000E+00    2.72374E-08
 4.65156E-08    2.68378E-09    0.00000E+00    2.68378E-08
 4.79132E-08    2.64434E-09    0.00000E+00    2.64434E-08
 4.93527E-08    2.60539E-09    0.00000E+00    2.60539E-08
 5.08356E-08    2.56705E-09    0.00000E+00    2.56705E-08
 5.23630E-08    2.52937E-09    0.00000E+00    2.52937E-08
 5.39363E-08    2.49233E-09    0.00000E+00    2.49233E-08
 5.57923E-08    2.45057E-09    0.00000E+00    2.45057E-08
 5.74686E-08    2.41446E-09    0.00000E+00    2.41446E-08
 5.91953E-08    2.37885E-09    0.00000E+00    2.37885E-08
 6.09739E-08    2.34390E-09    0.00000E+00    2.34390E-08
 6.28059E-08    2.30964E-09    0.00000E+00    2.30964E-08
 6.46930E-08    2.27590E-09    0.00000E+00    2.27590E-08
 6.66367E-08    2.24259E-09    0.00000E+00    2.24259E-08
 6.86389E-08    2.20982E-09    0.00000E+00    2.20982E-08
 7.04028E-08    2.18244E-09    0.00000E+00    2.18244E-08
 7.22121E-08    2.15585E-09    0.00000E+00    2.15585E-08
 7.43818E-08    2.12571E-09    0.00000E+00    2.12571E-08
 7.72674E-08    2.08760E-09    0.00000E+00    2.08760E-08
 7.99263E-08    2.05377E-09    0.00000E+00    2.05377E-08
 8.16343E-08    2.03300E-09    0.00000E+00    2.03300E-08
 8.30270E-08    2.01728E-09    0.00000E+00    2.01728E-08
 8.40871E-08    2.00655E-09    0.00000E+00    2.00655E-08
 8.48013E-08    2.00017E-09    0.00000E+00    2.00017E-08
 8.55216E-08    1.99461E-09    0.00000E+00    1.99461E-08
 8.62481E-08    1.99006E-09    0.00000E+00    1.99006E-08
 8.69806E-08    1.98673E-09    0.00000E+00    1.98673E-08
 8.77194E-08    1.98479E-09    0.00000E+00    1.98479E-08
 8.80912E-08    1.98440E-09    0.00000E+00    1.98440E-08
 8.84645E-08    1.98443E-09    0.00000E+00    1.98443E-08
 8.88394E-08    1.98489E-09    0.00000E+00    1.98489E-08
 8.92160E-08    1.98580E-09    0.00000E+00    1.98580E-08
 8.95940E-08    1.98717E-09    0.00000E+00    1.98717E-08
 9.02006E-08    1.99032E-09    0.00000E+00    1.99032E-08
 9.05829E-08    1.99291E-09    0.00000E+00    1.99291E-08
 9.09668E-08    1.99597E-09    0.00000E+00    1.99597E-08
 9.13523E-08    1.99951E-09    0.00000E+00    1.99951E-08
 9.17394E-08    2.00351E-09    0.00000E+00    2.00351E-08
 9.21282E-08    2.00798E-09    0.00000E+00    2.00798E-08
 9.25187E-08    2.01288E-09    0.00000E+00    2.01288E-08
 9.33045E-08    2.02397E-09    0.00000E+00    2.02397E-08
 9.40970E-08    2.03663E-09    0.00000E+00    2.03663E-08
 9.48963E-08    2.05068E-09    0.00000E+00    2.05068E-08
 9.57023E-08    2.06595E-09    0.00000E+00    2.06595E-08
 9.69243E-08    2.09074E-09    0.00000E+00    2.09074E-08
 9.81618E-08    2.11728E-09    0.00000E+00    2.11728E-08
 9.98364E-08    2.15461E-09    0.00000E+00    2.15461E-08
 1.03272E-07    2.23339E-09    0.00000E+00    2.23339E-08
 1.13822E-07    2.47841E-09    0.00000E+00    2.47841E-08
 1.25981E-07    2.76321E-09    0.00000E+00    2.76321E-08
 1.37100E-07    3.02521E-09    0.00000E+00    3.02521E-08
 1.54989E-07    3.45016E-09    0.00000E+00    3.45016E-08
 1.68668E-07    3.77785E-09    0.00000E+00    3.77785E-08
 1.86687E-07    4.21188E-09    0.00000E+00    4.21188E-08
 2.12838E-07    4.84779E-09    0.00000E+00    4.84779E-08
 2.29673E-07    5.26049E-09    0.00000E+00    5.26049E-08
 2.57454E-07    5.94554E-09    0.00000E+00    5.94554E-08
 2.96011E-07    6.90601E-09    0.00000E+00    6.90601E-08
 3.18076E-07    7.46049E-09    0.00000E+00    7.46049E-08
 3.53547E-07    8.35626E-09    0.00000E+00    8.35626E-08
 3.89664E-07    9.27945E-09    0.00000E+00    9.27945E-08
 4.27658E-07    1.02511E-08    0.00000E+00    1.02511E-07
 4.33119E-07    1.03867E-08    0.00000E+00    1.03867E-07
 4.36798E-07    1.04732E-08    0.00000E+00    1.04732E-07
 4.38649E-07    1.05141E-08    0.00000E+00    1.05141E-07
 4.40508E-07    1.05527E-08    0.00000E+00    1.05527E-07
 4.42375E-07    1.05883E-08    0.00000E+00    1.05883E-07
 4.44249E-07    1.06205E-08    0.00000E+00    1.06205E-07
 4.46132E-07    1.06485E-08    0.00000E+00    1.06485E-07
 4.48023E-07    1.06719E-08    0.00000E+00    1.06719E-07
 4.49922E-07    1.06902E-08    0.00000E+00    1.06902E-07
 4.51003E-07    1.06983E-08    1.06983E-08    1.06983E-08
 4.52914E-07    1.07083E-08    1.07083E-08    1.07083E-08
 4.54834E-07    1.07131E-08    1.07131E-08    1.07131E-08
 4.56761E-07    1.07130E-08    1.07130E-08    1.07130E-08
 4.58697E-07    1.07082E-08    1.07082E-08    1.07082E-08
 4.60641E-07    1.06995E-08    1.06995E-08    1.06995E-08
 4.62593E-07    1.06873E-08    1.06873E-08    1.06873E-08
 4.64554E-07    1.06724E-08    1.06724E-08    1.06724E-08
 4.68500E-07    1.06363E-08    1.06363E-08    1.06363E-08
 4.76492E-07    1.05519E-08    1.05519E-08    1.05519E-08
 4.88738E-07    1.04202E-08    1.04202E-08    1.04202E-08
 4.99182E-07    1.03151E-08    1.03151E-08    1.03151E-08
 5.27394E-07    1.00477E-08    1.00477E-08    1.00477E-08
 5.61934E-07    9.72381E-09    9.72381E-09    9.72381E-09
 5.71521E-07    9.63809E-09    9.63809E-09    9.63809E-09
 5.81271E-07    9.55702E-09    9.55702E-09    9.55702E-09
 5.93693E-07    9.46147E-09    9.46147E-09    9.46147E-09
 6.59900E-07    8.97241E-09    8.97241E-09    8.97241E-09
 6.71158E-07    8.89291E-09    8.89291E-09    8.89291E-09
 6.82608E-07    8.81801E-09    8.81801E-09    8.81801E-09
 6.97195E-07    8.73016E-09    8.73016E-09    8.73016E-09
 7.74945E-07    8.27922E-09    8.27922E-09    8.27922E-09
 7.88165E-07    8.20606E-09    8.20606E-09    8.20606E-09
 7.98229E-07    8.15475E-09    8.15475E-09    8.15475E-09
 8.11847E-07    8.09159E-09    8.09159E-09    8.09159E-09
 9.77882E-07    7.37339E-09    7.37339E-09    7.37339E-09
 9.94565E-07    7.30424E-09    7.30424E-09    7.30424E-09
 1.00726E-06    7.25557E-09    7.25557E-09    7.25557E-09
 1.02147E-06    7.20499E-09    7.20499E-09    7.20499E-09
 1.08035E-06    7.00494E-09    7.00494E-09    7.00494E-09
 1.09559E-06    6.95583E-09    6.95583E-09    6.95583E-09
 1.12672E-06    6.86454E-09    6.86454E-09    6.86454E-09
 1.27813E-06    6.44045E-09    6.44045E-09    6.44045E-09
 1.31445E-06    6.35283E-09    6.35283E-09    6.35283E-09
 1.51212E-06    5.91936E-09    5.91936E-09    5.91936E-09
 1.76407E-06    5.47998E-09    5.47998E-09    5.47998E-09
 1.94583E-06    5.22642E-09    5.22642E-09    5.22642E-09
 2.08702E-06    5.03652E-09    5.03652E-09    5.03652E-09
 2.46910E-06    4.62976E-09    4.62976E-09    4.62976E-09
 2.88048E-06    4.28540E-09    4.28540E-09    4.28540E-09
 3.40782E-06    3.93936E-09    3.93936E-09    3.93936E-09
 3.97561E-06    3.64632E-09    3.64632E-09    3.64632E-09
 4.70344E-06    3.35192E-09    3.35192E-09    3.35192E-09
 5.48710E-06    3.10258E-09    3.10258E-09    3.10258E-09
 6.49164E-06    2.85212E-09    2.85212E-09    2.85212E-09
 7.57324E-06    2.63995E-09    2.63995E-09    2.63995E-09
 8.95969E-06    2.42663E-09    2.42663E-09    2.42663E-09
 1.00223E-05    2.29417E-09    2.29417E-09    2.29417E-09
 1.23661E-05    2.06425E-09    2.06425E-09    2.06425E-09
 1.44264E-05    1.91016E-09    1.91016E-09    1.91016E-09
 1.70675E-05    1.75550E-09    1.75550E-09    1.75550E-09
 1.99112E-05    1.62446E-09    1.62446E-09    1.62446E-09
 2.35564E-05    1.49293E-09    1.49293E-09    1.49293E-09
 2.74813E-05    1.38149E-09    1.38149E-09    1.38149E-09
 3.25123E-05    1.26964E-09    1.26964E-09    1.26964E-09
 3.79293E-05    1.17487E-09    1.17487E-09    1.17487E-09
 4.48732E-05    1.07974E-09    1.07974E-09    1.07974E-09
 5.16214E-05    1.00700E-09    1.00700E-09    1.00700E-09
 5.23497E-05    1.00188E-09    1.00188E-09    1.00188E-09
 5.24807E-05    1.01799E-09    1.01799E-09    1.01799E-09
 5.32211E-05    1.33895E-09    1.33895E-09    1.33895E-09
 5.36418E-05    1.51194E-09    1.51194E-09    1.51194E-09
 5.43985E-05    1.51934E-09    1.51934E-09    1.51934E-09
 9.93601E-05    7.32710E-10    7.32710E-10    7.32710E-10
 1.00762E-04    7.19896E-10    7.19896E-10    7.19896E-10
 2.00000E-04    5.08764E-10    5.08764E-10    5.08764E-10
 3.00000E-04    4.14595E-10    4.14595E-10    4.14595E-10
 6.00000E-04    2.92317E-10    2.92317E-10    2.92317E-10
 1.00000E-03    2.26204E-10    2.26204E-10    2.26204E-10
 2.00000E-03    1.60463E-10    1.60463E-10    1.60463E-10
 3.00000E-03    1.31894E-10    1.31894E-10    1.31894E-10
 6.00000E-03    9.60208E-11    9.60208E-11    9.60208E-11
 1.00000E-02    7.73244E-11    7.73244E-11    7.73244E-11
 2.00000E-02    6.14041E-11    6.14041E-11    6.14041E-11
 3.00000E-02    5.63218E-11    5.63218E-11    5.63218E-11
 6.00000E-02    5.42943E-11    5.42943E-11    5.42943E-11
 1.00000E-01    5.86671E-11    5.86671E-11    5.86671E-11
 2.02822E-01    7.61704E-11    7.61704E-11    7.61704E-11
 3.00000E-01    9.49153E-11    9.49153E-11    9.49153E-11
 4.00000E-01    1.23943E-10    1.23943E-10    1.23943E-10
 5.00000E-01    1.73338E-10    1.73338E-10    1.73338E-10
 6.00000E-01    2.08365E-10    2.08365E-10    2.08365E-10
 7.00000E-01    2.13906E-10    2.13906E-10    2.13906E-10
 8.00000E-01    2.08369E-10    2.08369E-10    2.08369E-10
 9.00000E-01    2.12138E-10    2.12138E-10    2.12138E-10
 1.00000E+00    2.35595E-10    2.35595E-10    2.35595E-10
 1.20000E+00    3.40790E-10    3.40790E-10    3.40790E-10
 1.40000E+00    4.54004E-10    4.54004E-10    4.54004E-10
 1.60000E+00    6.12685E-10    6.12685E-10    6.12685E-10
 1.80000E+00    7.50934E-10    7.50934E-10    7.50934E-10
 2.00000E+00    8.79344E-10    8.79344E-10    8.79344E-10
 2.20000E+00    1.10417E-09    1.10417E-09    1.10417E-09
 2.40000E+00    1.35696E-09    1.35696E-09    1.35696E-09
 2.60000E+00    1.73546E-09    0.00000E+00    3.78307E-09
 2.80000E+00    2.22009E-09    0.00000E+00    4.83950E-09
 3.00000E+00    2.76768E-09    0.00000E+00    6.03317E-09
 3.20000E+00    3.56449E-09    0.00000E+00    7.77010E-09
 3.40000E+00    4.51285E-09    0.00000E+00    9.83740E-09
 3.60000E+00    5.64843E-09    0.00000E+00    1.23128E-08
 3.80000E+00    7.54143E-09    0.00000E+00    1.64393E-08
 4.00000E+00    9.49534E-09    0.00000E+00    2.06986E-08
 4.20000E+00    1.26050E-08    0.00000E+00    2.74772E-08
 4.40000E+00    1.77810E-08    0.00000E+00    3.87602E-08
 4.60000E+00    2.31980E-08    0.00000E+00    1.85434E-07
 4.80000E+00    3.66615E-08    0.00000E+00    2.93055E-07
 5.00000E+00    5.17789E-08    0.00000E+00    4.13896E-07
 5.20000E+00    7.46281E-08    0.00000E+00    5.96542E-07
 5.40000E+00    1.23623E-07    0.00000E+00    9.88184E-07
 5.60000E+00    1.70554E-07    0.00000E+00    1.36333E-06
 5.80000E+00    3.31842E-07    0.00000E+00    2.65259E-06
 6.00000E+00    5.10085E-07    0.00000E+00    4.07738E-06
 6.20000E+00    8.06937E-07    0.00000E+00    6.45027E-06
 6.40000E+00    1.44185E-06    0.00000E+00    1.15254E-05
 6.60000E+00    2.02708E-06    0.00000E+00    1.42093E-05
 6.89594E+00    4.91912E-06    0.00000E+00    3.44817E-05
 7.00000E+00    5.93221E-06    0.00000E+00    4.15832E-05
 7.20000E+00    9.07445E-06    0.00000E+00    6.36094E-05
 7.57610E+00    1.92455E-05    0.00000E+00    1.34906E-04
 7.60000E+00    1.98947E-05    0.00000E+00    1.39456E-04
 7.80000E+00    3.59317E-05    0.00000E+00    2.51872E-04
 8.00000E+00    4.76018E-05    0.00000E+00    3.33675E-04
 8.50000E+00    1.14717E-04    0.00000E+00    8.04131E-04
 9.00000E+00    2.55088E-04    0.00000E+00    1.54603E-03
 9.50000E+00    5.35649E-04    0.00000E+00    3.24644E-03
 1.00000E+01    1.08612E-03    0.00000E+00    6.58272E-03
 1.01411E+01    1.38475E-03    0.00000E+00    8.39264E-03
 1.02842E+01    1.68761E-03    0.00000E+00    1.02282E-02
 1.04292E+01    1.99474E-03    0.00000E+00    1.20897E-02
 1.05000E+01    2.14452E-03    0.00000E+00    1.29974E-02
 1.06481E+01    2.64111E-03    0.00000E+00    1.60071E-02
 1.07984E+01    3.14470E-03    0.00000E+00    1.90593E-02
 1.09507E+01    3.65539E-03    0.00000E+00    2.21545E-02
 1.10000E+01    3.82063E-03    0.00000E+00    2.31560E-02
 1.11552E+01    5.05316E-03    0.00000E+00    3.06261E-02
 1.13126E+01    6.30308E-03    0.00000E+00    3.82016E-02
 1.14722E+01    7.57064E-03    0.00000E+00    4.58839E-02
 1.15000E+01    7.79167E-03    0.00000E+00    4.72235E-02
 1.16622E+01    9.97198E-03    0.00000E+00    6.04379E-02
 1.18268E+01    1.21831E-02    0.00000E+00    7.38387E-02
 1.19936E+01    1.44253E-02    0.00000E+00    8.74286E-02
 1.20000E+01    1.45109E-02    0.00000E+00    8.79472E-02
 1.21693E+01    1.81164E-02    0.00000E+00    1.09799E-01
 1.23410E+01    2.17728E-02    0.00000E+00    1.31960E-01
 1.25000E+01    2.51593E-02    0.00000E+00    1.52485E-01
 1.26764E+01    3.13802E-02    0.00000E+00    1.90188E-01
 1.28552E+01    3.76889E-02    0.00000E+00    2.28424E-01
 1.30000E+01    4.27970E-02    0.00000E+00    1.31859E-01
 1.31834E+01    5.17511E-02    0.00000E+00    1.59446E-01
 1.33694E+01    6.08315E-02    0.00000E+00    1.87423E-01
 1.35000E+01    6.72075E-02    0.00000E+00    2.07068E-01
 1.36905E+01    8.28594E-02    0.00000E+00    2.55292E-01
 1.38836E+01    9.87321E-02    0.00000E+00    3.04196E-01
 1.40000E+01    1.08297E-01    0.00000E+00    3.33666E-01
 1.41975E+01    1.28955E-01    0.00000E+00    3.97313E-01
 1.43978E+01    1.49904E-01    0.00000E+00    4.61857E-01
 1.45000E+01    1.60591E-01    0.00000E+00    4.94785E-01
 1.47046E+01    1.89781E-01    0.00000E+00    5.84719E-01
 1.49120E+01    2.19383E-01    0.00000E+00    6.75923E-01
 1.50000E+01    2.31936E-01    0.00000E+00    7.14600E-01
 1.52116E+01    2.77733E-01    0.00000E+00    8.55703E-01
 1.54262E+01    3.24177E-01    0.00000E+00    9.98796E-01
 1.56439E+01    3.71275E-01    0.00000E+00    1.14391E+00
 1.58646E+01    4.19039E-01    0.00000E+00    1.29107E+00
 1.60000E+01    4.48346E-01    2.99126E-01    5.97566E-01
 1.62257E+01    5.18044E-01    3.45626E-01    6.90461E-01
 1.64546E+01    5.88725E-01    3.92783E-01    7.84666E-01
 1.66868E+01    6.60403E-01    4.40605E-01    8.80201E-01
 1.69222E+01    7.33092E-01    4.89101E-01    9.77083E-01
 1.70000E+01    7.57110E-01    5.05125E-01    1.00909E+00
 1.72398E+01    8.48868E-01    5.66344E-01    1.13139E+00
 1.74831E+01    9.41920E-01    6.28426E-01    1.25541E+00
 1.77297E+01    1.03628E+00    6.91384E-01    1.38119E+00
 1.79799E+01    1.13198E+00    7.55231E-01    1.50873E+00
 1.80000E+01    1.13969E+00    7.60374E-01    1.51901E+00
 1.82539E+01    1.25860E+00    8.39705E-01    1.67749E+00
 1.85115E+01    1.37918E+00    9.20155E-01    1.83820E+00
 1.87726E+01    1.50146E+00    1.00174E+00    2.00119E+00
 1.90000E+01    1.60792E+00    1.07277E+00    2.14307E+00
 1.92681E+01    1.76760E+00    1.17930E+00    2.35591E+00
 1.95399E+01    1.92954E+00    1.28734E+00    2.57174E+00
 1.98156E+01    2.09376E+00    1.39691E+00    2.79062E+00
 2.00000E+01    2.20363E+00    1.76777E+00    2.63949E+00
 2.02822E+01    2.41964E+00    1.94105E+00    2.89822E+00
 2.05683E+01    2.63869E+00    2.11678E+00    3.16060E+00
 2.08585E+01    2.86083E+00    2.29498E+00    3.42668E+00
 2.10000E+01    2.96916E+00    2.38188E+00    3.55644E+00
 2.12963E+01    3.29218E+00    2.64101E+00    3.94335E+00
 2.15967E+01    3.61976E+00    2.90380E+00    4.33572E+00
 2.19014E+01    3.95196E+00    3.17029E+00    4.73362E+00
 2.20000E+01    4.05944E+00    3.25652E+00    4.86236E+00
 2.23104E+01    4.51063E+00    3.61847E+00    5.40280E+00
 2.26251E+01    4.96819E+00    3.98553E+00    5.95086E+00
 2.29443E+01    5.43221E+00    4.35776E+00    6.50665E+00
 2.30000E+01    5.51312E+00    4.42267E+00    6.60357E+00
 2.33245E+01    5.71123E+00    4.58159E+00    6.84086E+00
 2.36536E+01    5.91213E+00    4.74276E+00    7.08150E+00
 2.39873E+01    6.11587E+00    4.90620E+00    7.32553E+00
 2.40000E+01    6.12364E+00    5.77233E+00    6.47495E+00
 2.43386E+01    6.14438E+00    5.79188E+00    6.49688E+00
 2.46820E+01    6.16540E+00    5.81170E+00    6.51911E+00
 2.50000E+01    6.18488E+00    5.83006E+00    6.53970E+00
 2.53527E+01    5.90147E+00    5.56291E+00    6.24004E+00
 2.57104E+01    5.61406E+00    5.29199E+00    5.93614E+00
 2.60000E+01    5.38135E+00    5.07262E+00    5.69008E+00
 2.63668E+01    4.77628E+00    4.50226E+00    5.05029E+00
 2.67388E+01    4.16267E+00    3.92386E+00    4.40148E+00
 2.70000E+01    3.73181E+00    3.51772E+00    3.94590E+00
 2.73809E+01    3.46075E+00    3.26221E+00    3.65930E+00
 2.77672E+01    3.18587E+00    3.00310E+00    3.36865E+00
 2.80000E+01    3.02023E+00    2.84696E+00    3.19350E+00
 2.83950E+01    2.81680E+00    2.65520E+00    2.97840E+00
 2.87956E+01    2.61050E+00    2.46073E+00    2.76026E+00
 2.90000E+01    2.50525E+00    2.36153E+00    2.64897E+00
 2.94091E+01    2.31157E+00    2.17896E+00    2.44419E+00
 2.98240E+01    2.11516E+00    1.99382E+00    2.23651E+00
 3.00000E+01    2.03187E+00    1.91530E+00    2.14844E+00
