# n + Ac232 : (n,2n)    
# tendl.2017 A.J. Koning and D. Rochman        EVAL-NOV17
# uncertainties: y
# # energies =    77
#   E(MeV)       xs(mb)       xslow(mb)      xsupp(mb)
 4.70009E+00    0.00000E+00    0.00000E+00    0.00000E+00
 4.80000E+00    1.55222E+01    1.56619E+00    2.94782E+01
 5.00000E+00    9.34044E+01    9.42449E+00    1.77384E+02
 5.20000E+00    2.34542E+02    2.36653E+01    4.45419E+02
 5.40000E+00    4.02099E+02    4.05717E+01    7.63626E+02
 5.60000E+00    5.69276E+02    5.74399E+01    1.08111E+03
 5.80000E+00    7.27673E+02    7.34221E+01    1.38192E+03
 6.00000E+00    8.84718E+02    8.92680E+01    1.68017E+03
 6.20000E+00    1.03970E+03    1.04906E+02    1.97449E+03
 6.40000E+00    1.17847E+03    1.18907E+02    2.23803E+03
 6.60000E+00    1.30764E+03    6.37542E+02    1.97774E+03
 6.80000E+00    1.42822E+03    6.96331E+02    2.16011E+03
 7.00000E+00    1.53046E+03    7.46179E+02    2.31474E+03
 7.20000E+00    1.62256E+03    7.91082E+02    2.45404E+03
 7.40000E+00    1.69860E+03    8.28156E+02    2.56904E+03
 7.60000E+00    1.76610E+03    8.61065E+02    2.67113E+03
 7.80000E+00    1.81971E+03    8.87203E+02    2.75222E+03
 8.00000E+00    1.86835E+03    9.10918E+02    2.82578E+03
 8.50000E+00    1.95493E+03    9.53130E+02    2.95673E+03
 9.00000E+00    2.01192E+03    1.63585E+03    2.38799E+03
 9.50000E+00    2.05141E+03    1.66795E+03    2.43487E+03
 1.00000E+01    2.08180E+03    1.69266E+03    2.47094E+03
 1.05000E+01    2.10859E+03    1.71445E+03    2.50273E+03
 1.10000E+01    2.13479E+03    1.73575E+03    2.53383E+03
 1.15000E+01    2.14616E+03    1.74499E+03    2.54733E+03
 1.20000E+01    2.11019E+03    1.71575E+03    2.50463E+03
 1.25000E+01    2.00948E+03    1.63386E+03    2.38510E+03
 1.30000E+01    1.84203E+03    1.64990E+03    2.03416E+03
 1.35000E+01    1.61896E+03    1.45010E+03    1.78782E+03
 1.40000E+01    1.38154E+03    1.23744E+03    1.52564E+03
 1.45000E+01    1.17037E+03    1.04830E+03    1.29244E+03
 1.50000E+01    9.76707E+02    8.74834E+02    1.07858E+03
 1.60000E+01    7.03203E+02    5.55195E+02    8.51211E+02
 1.70000E+01    5.46604E+02    4.31557E+02    6.61651E+02
 1.80000E+01    4.57727E+02    3.61386E+02    5.54068E+02
 1.90000E+01    4.07536E+02    3.21759E+02    4.93313E+02
 2.00000E+01    3.75896E+02    2.93649E+02    4.58143E+02
 2.10000E+01    3.51023E+02    2.74218E+02    4.27828E+02
 2.20000E+01    3.31425E+02    2.58908E+02    4.03942E+02
 2.30000E+01    3.15294E+02    2.46307E+02    3.84281E+02
 2.40000E+01    3.01176E+02    2.28533E+02    3.73819E+02
 2.50000E+01    2.89559E+02    2.19718E+02    3.59400E+02
 2.60000E+01    2.79618E+02    2.12174E+02    3.47062E+02
 2.70000E+01    2.70977E+02    2.05618E+02    3.36336E+02
 2.80000E+01    2.63890E+02    2.00240E+02    3.27540E+02
 2.90000E+01    2.56115E+02    1.94340E+02    3.17890E+02
 3.00000E+01    2.49514E+02    1.89331E+02    3.09697E+02
 3.00000E+01    2.46373E+02    1.86948E+02    3.05798E+02
 3.20000E+01    2.36403E+02    1.79383E+02    2.93423E+02
 3.40000E+01    2.23702E+02    1.69745E+02    2.77658E+02
 3.60000E+01    2.11005E+02    1.60111E+02    2.61899E+02
 3.80000E+01    2.00253E+02    1.51952E+02    2.48554E+02
 4.00000E+01    1.89493E+02    1.43788E+02    2.35199E+02
 4.20000E+01    1.80451E+02    1.36926E+02    2.23975E+02
 4.40000E+01    1.72491E+02    1.30886E+02    2.14095E+02
 4.60000E+01    1.65277E+02    1.25412E+02    2.05141E+02
 4.80000E+01    1.59921E+02    1.21348E+02    1.98494E+02
 5.00000E+01    1.55418E+02    1.17931E+02    1.92905E+02
 5.20000E+01    1.53747E+02    1.16663E+02    1.90831E+02
 5.40000E+01    1.50176E+02    1.13954E+02    1.86398E+02
 5.60000E+01    1.46044E+02    1.10819E+02    1.81270E+02
 5.80000E+01    1.41874E+02    1.07654E+02    1.76094E+02
 6.00000E+01    1.38213E+02    1.04876E+02    1.71550E+02
 6.50000E+01    1.30994E+02    9.93981E+01    1.62589E+02
 7.00000E+01    1.24188E+02    9.42338E+01    1.54142E+02
 7.50000E+01    1.18837E+02    9.01733E+01    1.47500E+02
 8.00000E+01    1.12946E+02    8.57033E+01    1.40188E+02
 9.00000E+01    1.03716E+02    7.87001E+01    1.28733E+02
 1.00000E+02    9.56110E+01    7.25497E+01    1.18672E+02
 1.10000E+02    8.87459E+01    6.73405E+01    1.10151E+02
 1.20000E+02    8.28071E+01    6.28341E+01    1.02780E+02
 1.30000E+02    7.74765E+01    5.87893E+01    9.61638E+01
 1.40000E+02    7.23979E+01    5.49356E+01    8.98602E+01
 1.50000E+02    6.76343E+01    5.13210E+01    8.39476E+01
 1.60000E+02    6.30128E+01    4.78142E+01    7.82114E+01
 1.80000E+02    5.68163E+01    4.31123E+01    7.05203E+01
 2.00000E+02    5.07969E+01    3.85447E+01    6.30490E+01
