# n + Ac232 : (n,3n)    
# tendl.2017 A.J. Koning and D. Rochman        EVAL-NOV17
# uncertainties: y
# # energies =    55
#   E(MeV)       xs(mb)       xslow(mb)      xsupp(mb)
 1.08737E+01    0.00000E+00    0.00000E+00    0.00000E+00
 1.10000E+01    3.21704E-01    1.48351E-01    4.95057E-01
 1.15000E+01    1.42747E+01    6.58266E+00    2.19667E+01
 1.20000E+01    7.33586E+01    3.38287E+01    1.12888E+02
 1.25000E+01    1.94199E+02    8.95533E+01    2.98845E+02
 1.30000E+01    3.76476E+02    2.65201E+02    4.87751E+02
 1.35000E+01    6.10329E+02    4.29934E+02    7.90724E+02
 1.40000E+01    8.54000E+02    6.01583E+02    1.10642E+03
 1.45000E+01    1.06925E+03    7.53212E+02    1.38529E+03
 1.50000E+01    1.26541E+03    8.91393E+02    1.63943E+03
 1.60000E+01    1.54466E+03    9.08344E+02    2.18098E+03
 1.70000E+01    1.69165E+03    9.94783E+02    2.38852E+03
 1.80000E+01    1.71850E+03    1.01057E+03    2.42643E+03
 1.90000E+01    1.61810E+03    9.51531E+02    2.28467E+03
 2.00000E+01    1.42878E+03    7.54488E+02    2.10307E+03
 2.10000E+01    1.19963E+03    6.33482E+02    1.76578E+03
 2.20000E+01    9.79646E+02    5.17316E+02    1.44198E+03
 2.30000E+01    7.92899E+02    4.18702E+02    1.16710E+03
 2.40000E+01    6.49624E+02    3.95796E+02    9.03452E+02
 2.50000E+01    5.41181E+02    3.29725E+02    7.52637E+02
 2.60000E+01    4.63457E+02    2.82370E+02    6.44544E+02
 2.70000E+01    4.05929E+02    2.47320E+02    5.64538E+02
 2.80000E+01    3.62576E+02    2.20907E+02    5.04245E+02
 2.90000E+01    3.29111E+02    2.00517E+02    4.57705E+02
 3.00000E+01    3.03138E+02    1.84693E+02    4.21583E+02
 3.00000E+01    3.00200E+02    1.82903E+02    4.17497E+02
 3.20000E+01    2.63552E+02    1.60574E+02    3.66530E+02
 3.40000E+01    2.37925E+02    1.44961E+02    3.30890E+02
 3.60000E+01    2.20082E+02    1.34089E+02    3.06074E+02
 3.80000E+01    2.06079E+02    1.25558E+02    2.86600E+02
 4.00000E+01    1.94904E+02    1.18749E+02    2.71060E+02
 4.20000E+01    1.85096E+02    1.12773E+02    2.57418E+02
 4.40000E+01    1.75762E+02    1.07086E+02    2.44437E+02
 4.60000E+01    1.67077E+02    1.01795E+02    2.32359E+02
 4.80000E+01    1.58365E+02    9.64873E+01    2.20243E+02
 5.00000E+01    1.51172E+02    9.21048E+01    2.10240E+02
 5.20000E+01    1.45039E+02    8.83680E+01    2.01710E+02
 5.40000E+01    1.39900E+02    8.52368E+01    1.94563E+02
 5.60000E+01    1.35116E+02    8.23223E+01    1.87910E+02
 5.80000E+01    1.31387E+02    8.00503E+01    1.82724E+02
 6.00000E+01    1.28335E+02    7.81907E+01    1.78479E+02
 6.50000E+01    1.21023E+02    7.37360E+01    1.68311E+02
 7.00000E+01    1.14992E+02    7.00611E+01    1.59923E+02
 7.50000E+01    1.09161E+02    6.65085E+01    1.51813E+02
 8.00000E+01    1.04580E+02    6.37172E+01    1.45442E+02
 9.00000E+01    9.59104E+01    5.84353E+01    1.33385E+02
 1.00000E+02    8.90664E+01    5.42655E+01    1.23867E+02
 1.10000E+02    8.21233E+01    5.00353E+01    1.14211E+02
 1.20000E+02    7.68939E+01    4.68491E+01    1.06939E+02
 1.30000E+02    7.11891E+01    4.33734E+01    9.90049E+01
 1.40000E+02    6.75872E+01    4.11788E+01    9.39955E+01
 1.50000E+02    6.24279E+01    3.80354E+01    8.68204E+01
 1.60000E+02    5.80648E+01    3.53772E+01    8.07525E+01
 1.80000E+02    5.27635E+01    3.21472E+01    7.33798E+01
 2.00000E+02    4.72802E+01    2.88064E+01    6.57540E+01
