# n + Ac232 :  n        
# tendl.2017 A.J. Koning and D. Rochman        EVAL-NOV17
# uncertainties: n
# # energies =  1404
#   E(MeV)       xs(mb) 
 1.00000E-11    1.18610E+07
 1.03223E-11    1.16744E+07
 1.06549E-11    1.14907E+07
 1.09984E-11    1.13099E+07
 1.13527E-11    1.11320E+07
 1.17186E-11    1.09568E+07
 1.20962E-11    1.07844E+07
 1.24861E-11    1.06147E+07
 1.28884E-11    1.04477E+07
 1.33038E-11    1.02833E+07
 1.37325E-11    1.01215E+07
 1.41751E-11    9.96225E+06
 1.46318E-11    9.80553E+06
 1.51034E-11    9.65122E+06
 1.55901E-11    9.49939E+06
 1.60926E-11    9.34990E+06
 1.66111E-11    9.20281E+06
 1.71465E-11    9.05798E+06
 1.76990E-11    8.91549E+06
 1.82694E-11    8.77518E+06
 1.88581E-11    8.63713E+06
 1.94659E-11    8.50121E+06
 2.00931E-11    8.36747E+06
 2.07407E-11    8.23579E+06
 2.14090E-11    8.10622E+06
 2.20991E-11    7.97866E+06
 2.28111E-11    7.85314E+06
 2.35464E-11    7.72955E+06
 2.43051E-11    7.60795E+06
 2.50884E-11    7.48822E+06
 2.58968E-11    7.37042E+06
 2.67315E-11    7.25443E+06
 2.75928E-11    7.14030E+06
 2.84822E-11    7.02793E+06
 2.93999E-11    6.91736E+06
 3.03475E-11    6.80851E+06
 3.13253E-11    6.70139E+06
 3.23350E-11    6.59593E+06
 3.33769E-11    6.49216E+06
 3.44526E-11    6.38999E+06
 3.55627E-11    6.28946E+06
 3.67089E-11    6.19048E+06
 3.78918E-11    6.09308E+06
 3.91130E-11    5.99720E+06
 4.03734E-11    5.90284E+06
 4.16746E-11    5.80995E+06
 4.30174E-11    5.71854E+06
 4.44039E-11    5.62855E+06
 4.58347E-11    5.53999E+06
 4.73119E-11    5.45281E+06
 4.88364E-11    5.36701E+06
 5.04104E-11    5.28255E+06
 5.20348E-11    5.19944E+06
 5.37119E-11    5.11761E+06
 5.54426E-11    5.03709E+06
 5.72295E-11    4.95782E+06
 5.90736E-11    4.87981E+06
 6.09775E-11    4.80302E+06
 6.29424E-11    4.72745E+06
 6.49710E-11    4.65305E+06
 6.70645E-11    4.57984E+06
 6.92260E-11    4.50776E+06
 7.14566E-11    4.43683E+06
 7.37596E-11    4.36701E+06
 7.61364E-11    4.29829E+06
 7.85902E-11    4.23065E+06
 8.11227E-11    4.16408E+06
 8.37372E-11    4.09854E+06
 8.64355E-11    4.03405E+06
 8.92212E-11    3.97056E+06
 9.20962E-11    3.90808E+06
 9.50644E-11    3.84658E+06
 9.81277E-11    3.78605E+06
 1.01291E-10    3.72645E+06
 1.04554E-10    3.66782E+06
 1.07924E-10    3.61009E+06
 1.11402E-10    3.55329E+06
 1.14992E-10    3.49736E+06
 1.18697E-10    3.44233E+06
 1.22523E-10    3.38814E+06
 1.26471E-10    3.33483E+06
 1.30547E-10    3.28234E+06
 1.34754E-10    3.23069E+06
 1.39097E-10    3.17983E+06
 1.43579E-10    3.12980E+06
 1.48207E-10    3.08053E+06
 1.52982E-10    3.03205E+06
 1.57913E-10    2.98432E+06
 1.63001E-10    2.93736E+06
 1.68254E-10    2.89112E+06
 1.73676E-10    2.84562E+06
 1.79274E-10    2.80083E+06
 1.85050E-10    2.75675E+06
 1.91014E-10    2.71335E+06
 1.97169E-10    2.67065E+06
 2.03524E-10    2.62861E+06
 2.10082E-10    2.58724E+06
 2.16853E-10    2.54651E+06
 2.23840E-10    2.50643E+06
 2.31055E-10    2.46697E+06
 2.38500E-10    2.42814E+06
 2.46187E-10    2.38991E+06
 2.54120E-10    2.35229E+06
 2.62310E-10    2.31526E+06
 2.70762E-10    2.27881E+06
 2.79489E-10    2.24293E+06
 2.88494E-10    2.20763E+06
 2.97793E-10    2.17287E+06
 3.07388E-10    2.13866E+06
 3.17295E-10    2.10499E+06
 3.27519E-10    2.07185E+06
 3.38075E-10    2.03922E+06
 3.48969E-10    2.00712E+06
 3.60216E-10    1.97551E+06
 3.71823E-10    1.94441E+06
 3.83807E-10    1.91379E+06
 3.96174E-10    1.88366E+06
 4.08943E-10    1.85399E+06
 4.22120E-10    1.82480E+06
 4.35725E-10    1.79606E+06
 4.49765E-10    1.76778E+06
 4.64261E-10    1.73993E+06
 4.79221E-10    1.71253E+06
 4.94666E-10    1.68556E+06
 5.10605E-10    1.65901E+06
 5.27062E-10    1.63288E+06
 5.44045E-10    1.60716E+06
 5.61580E-10    1.58184E+06
 5.79675E-10    1.55693E+06
 5.98358E-10    1.53240E+06
 6.17639E-10    1.50826E+06
 6.37545E-10    1.48449E+06
 6.58089E-10    1.46111E+06
 6.79298E-10    1.43808E+06
 7.01188E-10    1.41543E+06
 7.23786E-10    1.39312E+06
 7.47109E-10    1.37117E+06
 7.71188E-10    1.34956E+06
 7.96038E-10    1.32829E+06
 8.21693E-10    1.30736E+06
 8.48171E-10    1.28675E+06
 8.75507E-10    1.26647E+06
 9.03719E-10    1.24651E+06
 9.32845E-10    1.22685E+06
 9.62904E-10    1.20751E+06
 9.93937E-10    1.18848E+06
 1.02597E-09    1.16974E+06
 1.05903E-09    1.15129E+06
 1.09316E-09    1.13314E+06
 1.12839E-09    1.11527E+06
 1.16475E-09    1.09768E+06
 1.20229E-09    1.08036E+06
 1.24103E-09    1.06332E+06
 1.28103E-09    1.04655E+06
 1.32231E-09    1.03004E+06
 1.36492E-09    1.01378E+06
 1.40890E-09    9.97786E+05
 1.45431E-09    9.82039E+05
 1.50117E-09    9.66540E+05
 1.54956E-09    9.51283E+05
 1.59949E-09    9.36267E+05
 1.65104E-09    9.21485E+05
 1.70424E-09    9.06936E+05
 1.75917E-09    8.92613E+05
 1.81585E-09    8.78517E+05
 1.87438E-09    8.64640E+05
 1.93477E-09    8.50982E+05
 1.99713E-09    8.37536E+05
 2.06148E-09    8.24303E+05
 2.12792E-09    8.11276E+05
 2.19649E-09    7.98454E+05
 2.26728E-09    7.85831E+05
 2.34034E-09    7.73408E+05
 2.41577E-09    7.61177E+05
 2.49362E-09    7.49140E+05
 2.57398E-09    7.37289E+05
 2.65692E-09    7.25626E+05
 2.74255E-09    7.14143E+05
 2.83093E-09    7.02842E+05
 2.92217E-09    6.91715E+05
 3.01633E-09    6.80765E+05
 3.11354E-09    6.69984E+05
 3.21387E-09    6.59373E+05
 3.31745E-09    6.48926E+05
 3.42435E-09    6.38645E+05
 3.53471E-09    6.28522E+05
 3.64861E-09    6.18559E+05
 3.76620E-09    6.08750E+05
 3.88757E-09    5.99096E+05
 4.01286E-09    5.89591E+05
 4.14217E-09    5.80236E+05
 4.27566E-09    5.71025E+05
 4.41344E-09    5.61960E+05
 4.55568E-09    5.53034E+05
 4.70248E-09    5.44248E+05
 4.85404E-09    5.35599E+05
 5.01045E-09    5.27085E+05
 5.17193E-09    5.18702E+05
 5.33859E-09    5.10451E+05
 5.51065E-09    5.02328E+05
 5.68822E-09    4.94331E+05
 5.87154E-09    4.86458E+05
 6.06075E-09    4.78708E+05
 6.25608E-09    4.71078E+05
 6.45767E-09    4.63566E+05
 6.66579E-09    4.56171E+05
 6.88059E-09    4.48890E+05
 7.10234E-09    4.41722E+05
 7.33121E-09    4.34665E+05
 7.56748E-09    4.27717E+05
 7.81133E-09    4.20877E+05
 8.06308E-09    4.14142E+05
 8.32291E-09    4.07511E+05
 8.59114E-09    4.00982E+05
 8.86798E-09    3.94555E+05
 9.15378E-09    3.88226E+05
 9.44875E-09    3.81996E+05
 9.75327E-09    3.75860E+05
 1.00676E-08    3.69820E+05
 1.03920E-08    3.63873E+05
 1.07269E-08    3.58018E+05
 1.10726E-08    3.52252E+05
 1.14294E-08    3.46576E+05
 1.17978E-08    3.40986E+05
 1.21779E-08    3.35482E+05
 1.25704E-08    3.30063E+05
 1.29755E-08    3.24727E+05
 1.33937E-08    3.19472E+05
 1.38253E-08    3.14298E+05
 1.42708E-08    3.09202E+05
 1.47307E-08    3.04185E+05
 1.52054E-08    2.99243E+05
 1.56954E-08    2.94376E+05
 1.62012E-08    2.89583E+05
 1.67233E-08    2.84863E+05
 1.72623E-08    2.80214E+05
 1.78185E-08    2.75635E+05
 1.83928E-08    2.71126E+05
 1.89855E-08    2.66685E+05
 1.95974E-08    2.62310E+05
 2.02289E-08    2.58002E+05
 2.08808E-08    2.53758E+05
 2.15537E-08    2.49578E+05
 2.22483E-08    2.45461E+05
 2.29652E-08    2.41406E+05
 2.37054E-08    2.37410E+05
 2.44693E-08    2.33475E+05
 2.52522E-08    2.29625E+05
 2.53000E-08    2.29396E+05
 2.61154E-08    2.25580E+05
 2.69569E-08    2.21821E+05
 2.78257E-08    2.18116E+05
 2.87224E-08    2.14467E+05
 2.96480E-08    2.10871E+05
 3.06034E-08    2.07329E+05
 3.15897E-08    2.03837E+05
 3.26077E-08    2.00398E+05
 3.36586E-08    1.97008E+05
 3.47432E-08    1.93668E+05
 3.58629E-08    1.90376E+05
 3.70185E-08    1.87133E+05
 3.82116E-08    1.83936E+05
 3.94429E-08    1.80785E+05
 4.07141E-08    1.77680E+05
 4.20261E-08    1.74619E+05
 4.33805E-08    1.71601E+05
 4.46839E-08    1.68822E+05
 4.60265E-08    1.66081E+05
 4.74094E-08    1.63375E+05
 4.88338E-08    1.60705E+05
 5.03011E-08    1.58070E+05
 5.18124E-08    1.55470E+05
 5.33692E-08    1.52903E+05
 5.49727E-08    1.50370E+05
 5.66244E-08    1.47869E+05
 5.83257E-08    1.45400E+05
 6.00782E-08    1.42963E+05
 6.18833E-08    1.40557E+05
 6.37426E-08    1.38181E+05
 6.56578E-08    1.35836E+05
 6.76305E-08    1.33520E+05
 6.96626E-08    1.31233E+05
 7.17556E-08    1.28974E+05
 7.39116E-08    1.26744E+05
 7.61323E-08    1.24541E+05
 7.84198E-08    1.22365E+05
 8.07760E-08    1.20216E+05
 8.32029E-08    1.18093E+05
 8.57029E-08    1.15995E+05
 8.82779E-08    1.13923E+05
 9.09302E-08    1.11876E+05
 9.36623E-08    1.09853E+05
 9.64765E-08    1.07854E+05
 9.93752E-08    1.05879E+05
 1.02361E-07    1.03928E+05
 1.05437E-07    1.01999E+05
 1.08604E-07    1.00092E+05
 1.11868E-07    9.82075E+04
 1.15229E-07    9.63443E+04
 1.18691E-07    9.45025E+04
 1.22257E-07    9.26817E+04
 1.25664E-07    9.10096E+04
 1.29167E-07    8.93548E+04
 1.32766E-07    8.77176E+04
 1.36467E-07    8.60972E+04
 1.40270E-07    8.44940E+04
 1.44179E-07    8.29071E+04
 1.48197E-07    8.13370E+04
 1.52328E-07    7.97828E+04
 1.56573E-07    7.82449E+04
 1.60937E-07    7.67227E+04
 1.65422E-07    7.52164E+04
 1.70033E-07    7.37253E+04
 1.74771E-07    7.22499E+04
 1.79643E-07    7.07895E+04
 1.84649E-07    6.93444E+04
 1.89795E-07    6.79140E+04
 1.95085E-07    6.64988E+04
 2.00098E-07    6.52054E+04
 2.05240E-07    6.39246E+04
 2.10515E-07    6.26562E+04
 2.15925E-07    6.14003E+04
 2.21474E-07    6.01568E+04
 2.27165E-07    5.89256E+04
 2.33003E-07    5.77068E+04
 2.38991E-07    5.65004E+04
 2.45133E-07    5.53065E+04
 2.51433E-07    5.41248E+04
 2.57894E-07    5.29553E+04
 2.64522E-07    5.17982E+04
 2.70747E-07    5.07482E+04
 2.77118E-07    4.97089E+04
 2.83640E-07    4.86800E+04
 2.90314E-07    4.76617E+04
 2.97146E-07    4.66539E+04
 3.04138E-07    4.56569E+04
 3.11296E-07    4.46705E+04
 3.18621E-07    4.36950E+04
 3.26120E-07    4.27302E+04
 3.33793E-07    4.17765E+04
 3.41649E-07    4.08336E+04
 3.48950E-07    3.99862E+04
 3.56407E-07    3.91480E+04
 3.64024E-07    3.83192E+04
 3.71803E-07    3.74997E+04
 3.79749E-07    3.66897E+04
 3.87864E-07    3.58892E+04
 3.96153E-07    3.50983E+04
 4.04619E-07    3.43172E+04
 4.13266E-07    3.35458E+04
 4.22097E-07    3.27843E+04
 4.31118E-07    3.20327E+04
 4.39400E-07    3.13649E+04
 4.47843E-07    3.07050E+04
 4.56446E-07    3.00535E+04
 4.65217E-07    2.94102E+04
 4.74154E-07    2.87753E+04
 4.83265E-07    2.81486E+04
 4.92549E-07    2.75304E+04
 5.02013E-07    2.69205E+04
 5.11657E-07    2.63193E+04
 5.21489E-07    2.57267E+04
 5.31507E-07    2.51427E+04
 5.41720E-07    2.45672E+04
 5.52127E-07    2.40005E+04
 5.61546E-07    2.35041E+04
 5.71126E-07    2.30146E+04
 5.80870E-07    2.25319E+04
 5.90780E-07    2.20562E+04
 6.00858E-07    2.15875E+04
 6.11109E-07    2.11258E+04
 6.21535E-07    2.06709E+04
 6.32138E-07    2.02231E+04
 6.42922E-07    1.97822E+04
 6.53891E-07    1.93483E+04
 6.65046E-07    1.89215E+04
 6.76392E-07    1.85017E+04
 6.87931E-07    1.80888E+04
 6.99474E-07    1.76896E+04
 7.10374E-07    1.73246E+04
 7.22387E-07    1.69353E+04
 7.33157E-07    1.65975E+04
 7.44092E-07    1.62649E+04
 7.55186E-07    1.59376E+04
 7.66449E-07    1.56155E+04
 7.77876E-07    1.52987E+04
 7.89477E-07    1.49871E+04
 8.01248E-07    1.46807E+04
 8.13198E-07    1.43795E+04
 8.25322E-07    1.40835E+04
 8.37631E-07    1.37927E+04
 8.50120E-07    1.35070E+04
 8.62798E-07    1.32263E+04
 8.75662E-07    1.29506E+04
 8.88722E-07    1.26799E+04
 9.01972E-07    1.24142E+04
 9.15424E-07    1.21534E+04
 9.29073E-07    1.18976E+04
 9.42929E-07    1.16465E+04
 9.56987E-07    1.14004E+04
 9.71260E-07    1.11589E+04
 9.85741E-07    1.09223E+04
 1.00044E-06    1.06903E+04
 1.01391E-06    1.04848E+04
 1.02821E-06    1.02735E+04
 1.04272E-06    1.00663E+04
 1.05743E-06    9.86311E+03
 1.07235E-06    9.66394E+03
 1.08748E-06    9.46874E+03
 1.11054E-06    9.18371E+03
 1.13416E-06    8.90669E+03
 1.15821E-06    8.63881E+03
 1.18284E-06    8.37869E+03
 1.20793E-06    8.12740E+03
 1.23361E-06    7.88361E+03
 1.25978E-06    7.64829E+03
 1.28657E-06    7.42018E+03
 1.32312E-06    7.12819E+03
 1.36072E-06    6.84928E+03
 1.39939E-06    6.58306E+03
 1.43915E-06    6.32926E+03
 1.48004E-06    6.08742E+03
 1.52962E-06    5.81817E+03
 1.59113E-06    5.51585E+03
 1.64750E-06    5.26596E+03
 1.70602E-06    5.03157E+03
 1.77112E-06    4.79700E+03
 1.87527E-06    4.47087E+03
 1.91701E-06    4.36214E+03
 1.95356E-06    4.27642E+03
 1.98496E-06    4.18952E+03
 2.00544E-06    4.16197E+03
 2.02959E-06    4.14209E+03
 2.04452E-06    4.09968E+03
 2.07244E-06    3.99522E+03
 2.09546E-06    3.93706E+03
 2.18440E-06    3.76707E+03
 2.28926E-06    3.59509E+03
 2.40437E-06    3.43526E+03
 2.52514E-06    3.29504E+03
 2.65211E-06    3.17333E+03
 2.78532E-06    3.06970E+03
 2.92537E-06    2.98358E+03
 3.05191E-06    2.92509E+03
 3.19835E-06    2.87225E+03
 3.34568E-06    2.83909E+03
 3.51374E-06    2.82198E+03
 3.56568E-06    2.82100E+03
 3.73584E-06    2.83176E+03
 3.90667E-06    2.86443E+03
 4.07311E-06    2.91796E+03
 4.22693E-06    2.98810E+03
 4.34932E-06    3.06247E+03
 4.46550E-06    3.14088E+03
 4.60504E-06    3.25871E+03
 4.71386E-06    3.36741E+03
 4.84597E-06    3.52187E+03
 4.97610E-06    3.70135E+03
 5.09322E-06    3.88986E+03
 5.22882E-06    4.14414E+03
 5.32894E-06    4.36056E+03
 5.43091E-06    4.60976E+03
 5.54171E-06    4.91731E+03
 5.63589E-06    5.21274E+03
 5.74536E-06    5.59989E+03
 5.82475E-06    5.91136E+03
 5.92879E-06    6.36448E+03
 6.01243E-06    6.76687E+03
 6.09726E-06    7.21023E+03
 6.18210E-06    7.68892E+03
 6.30002E-06    8.40773E+03
 6.49414E-06    9.68134E+03
 6.64693E-06    1.06699E+04
 6.73762E-06    1.11954E+04
 6.81112E-06    1.15597E+04
 6.87361E-06    1.18114E+04
 6.94609E-06    1.20225E+04
 7.01415E-06    1.21308E+04
 7.05857E-06    1.21508E+04
 7.12765E-06    1.21017E+04
 7.19634E-06    1.19624E+04
 7.26230E-06    1.17303E+04
 7.31781E-06    1.14781E+04
 7.37196E-06    1.11913E+04
 7.44108E-06    1.07740E+04
 7.54298E-06    1.00854E+04
 7.77307E-06    8.43443E+03
 7.92019E-06    7.42632E+03
 8.00709E-06    6.88319E+03
 8.09453E-06    6.38020E+03
 8.18718E-06    5.89467E+03
 8.26165E-06    5.53910E+03
 8.33827E-06    5.20411E+03
 8.42341E-06    4.86638E+03
 8.51138E-06    4.55333E+03
 8.60952E-06    4.24688E+03
 8.69256E-06    4.00653E+03
 8.77490E-06    3.79582E+03
 8.84975E-06    3.62299E+03
 8.94955E-06    3.41660E+03
 9.03306E-06    3.26283E+03
 9.13235E-06    3.09986E+03
 9.24647E-06    2.93628E+03
 9.36149E-06    2.79327E+03
 9.45052E-06    2.69609E+03
 9.55626E-06    2.59415E+03
 9.69108E-06    2.48277E+03
 9.83027E-06    2.38670E+03
 9.96974E-06    2.30708E+03
 1.01061E-05    2.24479E+03
 1.02349E-05    2.19599E+03
 1.03428E-05    2.17566E+03
 1.04352E-05    2.13715E+03
 1.05609E-05    2.10888E+03
 1.07618E-05    2.08031E+03
 1.10128E-05    2.06485E+03
 1.10570E-05    2.06429E+03
 1.12618E-05    2.07018E+03
 1.13750E-05    2.08353E+03
 1.13777E-05    2.08354E+03
 1.14293E-05    2.08278E+03
 1.15686E-05    2.09428E+03
 1.18615E-05    2.13691E+03
 1.22233E-05    2.20633E+03
 1.33204E-05    2.45632E+03
 1.37329E-05    2.52594E+03
 1.38238E-05    2.54723E+03
 1.38377E-05    2.54767E+03
 1.39365E-05    2.54226E+03
 1.41913E-05    2.54965E+03
 1.44143E-05    2.54191E+03
 1.46583E-05    2.51579E+03
 1.48887E-05    2.47422E+03
 1.52219E-05    2.39292E+03
 1.53183E-05    2.38206E+03
 1.53758E-05    2.35480E+03
 1.54604E-05    2.31020E+03
 1.58553E-05    2.15346E+03
 1.62968E-05    1.96097E+03
 1.69653E-05    1.66310E+03
 1.73170E-05    1.51527E+03
 1.76394E-05    1.38920E+03
 1.78747E-05    1.30466E+03
 1.82282E-05    1.18480E+03
 1.85012E-05    1.10179E+03
 1.88056E-05    1.01760E+03
 1.90247E-05    9.62224E+02
 1.92907E-05    9.00448E+02
 1.95871E-05    8.38240E+02
 1.99448E-05    7.71478E+02
 2.02347E-05    7.23630E+02
 2.05918E-05    6.71000E+02
 2.08898E-05    6.32222E+02
 2.12175E-05    5.94408E+02
 2.14017E-05    5.76059E+02
 2.16216E-05    5.55135E+02
 2.17353E-05    5.45259E+02
 2.18291E-05    5.36202E+02
 2.18891E-05    5.33336E+02
 2.19752E-05    5.31146E+02
 2.20278E-05    5.25610E+02
 2.21160E-05    5.13383E+02
 2.22040E-05    5.05434E+02
 2.25516E-05    4.81500E+02
 2.27497E-05    4.69725E+02
 2.28097E-05    4.68438E+02
 2.28578E-05    4.70799E+02
 2.29229E-05    4.76090E+02
 2.29358E-05    4.76351E+02
 2.29701E-05    4.74550E+02
 2.30149E-05    4.67797E+02
 2.30820E-05    4.56945E+02
 2.31559E-05    4.49433E+02
 2.32416E-05    4.43789E+02
 2.35557E-05    4.30003E+02
 2.39342E-05    4.16518E+02
 2.43701E-05    4.04375E+02
 2.45590E-05    4.01283E+02
 2.48261E-05    3.95564E+02
 2.52219E-05    3.90976E+02
 2.53137E-05    3.90550E+02
 2.54730E-05    3.92243E+02
 2.56867E-05    3.89466E+02
 2.57514E-05    3.89334E+02
 2.61207E-05    3.91138E+02
 2.66236E-05    3.97964E+02
 2.71108E-05    4.09649E+02
 2.73289E-05    4.17021E+02
 2.75118E-05    4.25323E+02
 2.78495E-05    4.38599E+02
 2.80879E-05    4.51541E+02
 2.82978E-05    4.64679E+02
 2.84253E-05    4.73221E+02
 2.85848E-05    4.85565E+02
 2.86987E-05    4.93413E+02
 2.87812E-05    5.01844E+02
 2.88961E-05    5.16361E+02
 2.89661E-05    5.20944E+02
 2.90546E-05    5.25594E+02
 2.91640E-05    5.35498E+02
 2.94327E-05    5.65302E+02
 2.96923E-05    5.98459E+02
 2.99124E-05    6.30470E+02
 3.01858E-05    6.75906E+02
 3.04215E-05    7.20698E+02
 3.06062E-05    7.60037E+02
 3.08220E-05    8.11762E+02
 3.10234E-05    8.65621E+02
 3.11970E-05    9.17948E+02
 3.14978E-05    1.02090E+03
 3.16714E-05    1.08879E+03
 3.18548E-05    1.16879E+03
 3.20416E-05    1.25948E+03
 3.22288E-05    1.36065E+03
 3.24047E-05    1.46604E+03
 3.25146E-05    1.53728E+03
 3.26770E-05    1.65057E+03
 3.28393E-05    1.77369E+03
 3.30430E-05    1.94214E+03
 3.32630E-05    2.14089E+03
 3.35459E-05    2.41609E+03
 3.39623E-05    2.83038E+03
 3.41429E-05    2.99357E+03
 3.43009E-05    3.11842E+03
 3.44544E-05    3.21667E+03
 3.45921E-05    3.28066E+03
 3.47233E-05    3.31704E+03
 3.48432E-05    3.32792E+03
 3.49460E-05    3.31974E+03
 3.50813E-05    3.28500E+03
 3.52349E-05    3.21819E+03
 3.53504E-05    3.14559E+03
 3.55439E-05    2.98843E+03
 3.57531E-05    2.79345E+03
 3.63606E-05    2.17928E+03
 3.65298E-05    2.01839E+03
 3.67216E-05    1.84911E+03
 3.68792E-05    1.72090E+03
 3.70483E-05    1.59453E+03
 3.71832E-05    1.50187E+03
 3.73460E-05    1.39940E+03
 3.74683E-05    1.32876E+03
 3.76067E-05    1.25501E+03
 3.77792E-05    1.17160E+03
 3.79611E-05    1.09309E+03
 3.81257E-05    1.02933E+03
 3.82989E-05    9.69134E+02
 3.84580E-05    9.19338E+02
 3.86335E-05    8.70317E+02
 3.88978E-05    8.04768E+02
 3.90771E-05    7.65404E+02
 3.93229E-05    7.17573E+02
 3.95598E-05    6.76679E+02
 3.99835E-05    6.12720E+02
 4.02809E-05    5.72479E+02
 4.05989E-05    5.33515E+02
 4.07293E-05    5.20490E+02
 4.08485E-05    5.08999E+02
 4.10334E-05    4.85219E+02
 4.12473E-05    4.62816E+02
 4.15657E-05    4.32667E+02
 4.18733E-05    4.06436E+02
 4.20525E-05    3.92974E+02
 4.22535E-05    3.81322E+02
 4.24340E-05    3.66495E+02
 4.26266E-05    3.54348E+02
 4.29105E-05    3.39109E+02
 4.31759E-05    3.26952E+02
 4.34025E-05    3.18458E+02
 4.37289E-05    3.08094E+02
 4.38868E-05    3.05484E+02
 4.40163E-05    3.02827E+02
 4.41876E-05    2.98482E+02
 4.44204E-05    2.95802E+02
 4.46977E-05    2.94581E+02
 4.48297E-05    2.95218E+02
 4.49230E-05    2.97346E+02
 4.50484E-05    3.01211E+02
 4.51244E-05    3.01700E+02
 4.51513E-05    3.01690E+02
 4.54037E-05    3.03481E+02
 4.55488E-05    3.06906E+02
 4.57730E-05    3.14815E+02
 4.59802E-05    3.24603E+02
 4.61731E-05    3.35785E+02
 4.63573E-05    3.48925E+02
 4.65190E-05    3.62822E+02
 4.66893E-05    3.80118E+02
 4.68223E-05    3.95794E+02
 4.69478E-05    4.12721E+02
 4.70969E-05    4.35970E+02
 4.72290E-05    4.59945E+02
 4.73625E-05    4.87833E+02
 4.74849E-05    5.17108E+02
 4.75970E-05    5.47843E+02
 4.77049E-05    5.81589E+02
 4.78052E-05    6.17324E+02
 4.79000E-05    6.55698E+02
 4.79928E-05    6.97974E+02
 4.80856E-05    7.45520E+02
 4.81736E-05    7.96051E+02
 4.82402E-05    8.38513E+02
 4.82947E-05    8.76680E+02
 4.83693E-05    9.34424E+02
 4.84461E-05    1.00127E+03
 4.85193E-05    1.07245E+03
 4.85875E-05    1.14645E+03
 4.86534E-05    1.22644E+03
 4.87182E-05    1.31450E+03
 4.87798E-05    1.40782E+03
 4.88425E-05    1.51375E+03
 4.89038E-05    1.62908E+03
 4.89540E-05    1.73328E+03
 4.90100E-05    1.86137E+03
 4.90704E-05    2.01503E+03
 4.91261E-05    2.17280E+03
 4.91806E-05    2.34349E+03
 4.92319E-05    2.52005E+03
 4.92828E-05    2.71130E+03
 4.93399E-05    2.94652E+03
 4.93921E-05    3.18019E+03
 4.94559E-05    3.49098E+03
 4.95281E-05    3.87214E+03
 4.97265E-05    4.98684E+03
 4.97899E-05    5.31166E+03
 4.98447E-05    5.55412E+03
 4.98928E-05    5.72637E+03
 4.99390E-05    5.84838E+03
 4.99825E-05    5.91863E+03
 5.00258E-05    5.94252E+03
 5.00261E-05    5.94252E+03
 5.00659E-05    5.92254E+03
 5.01077E-05    5.85909E+03
 5.01531E-05    5.74436E+03
 5.01953E-05    5.59866E+03
 5.02410E-05    5.40581E+03
 5.02874E-05    5.18037E+03
 5.03561E-05    4.81090E+03
 5.05206E-05    3.88079E+03
 5.05885E-05    3.51969E+03
 5.06504E-05    3.21448E+03
 5.07106E-05    2.94222E+03
 5.07678E-05    2.70609E+03
 5.08260E-05    2.48790E+03
 5.08800E-05    2.30470E+03
 5.09360E-05    2.13261E+03
 5.09926E-05    1.97578E+03
 5.10485E-05    1.83626E+03
 5.11058E-05    1.70745E+03
 5.11646E-05    1.58854E+03
 5.12148E-05    1.49670E+03
 5.12745E-05    1.39750E+03
 5.13323E-05    1.31111E+03
 5.13838E-05    1.24107E+03
 5.14353E-05    1.17693E+03
 5.14896E-05    1.11502E+03
 5.15497E-05    1.05283E+03
 5.16258E-05    9.82393E+02
 5.17024E-05    9.19511E+02
 5.17845E-05    8.59389E+02
 5.18695E-05    8.03906E+02
 5.19337E-05    7.66293E+02
 5.20009E-05    7.30557E+02
 5.20917E-05    6.87467E+02
 5.21847E-05    6.48834E+02
 5.23001E-05    6.06605E+02
 5.24195E-05    5.67185E+02
 5.25255E-05    5.36197E+02
 5.26316E-05    5.09160E+02
 5.27561E-05    4.81363E+02
 5.29012E-05    4.53002E+02
 5.30410E-05    4.28819E+02
 5.32091E-05    4.03494E+02
 5.33678E-05    3.82721E+02
 5.34602E-05    3.72831E+02
 5.35247E-05    3.68344E+02
 5.35770E-05    3.66974E+02
 5.35869E-05    3.66959E+02
 5.36418E-05    3.68064E+02
 5.36418E-05    2.59114E+04
 5.43985E-05    2.56878E+04
 5.51660E-05    2.54611E+04
 5.59443E-05    2.52311E+04
 5.67336E-05    2.49979E+04
 5.75340E-05    2.47615E+04
 5.83457E-05    2.45217E+04
 5.91688E-05    2.42785E+04
 6.00036E-05    2.40319E+04
 6.08501E-05    2.37818E+04
 6.17086E-05    2.35281E+04
 6.25792E-05    2.32709E+04
 6.34621E-05    2.30101E+04
 6.43574E-05    2.27456E+04
 6.52654E-05    2.24773E+04
 6.61862E-05    2.22053E+04
 6.71200E-05    2.19294E+04
 6.80669E-05    2.16497E+04
 6.90272E-05    2.13660E+04
 7.00010E-05    2.10783E+04
 7.09886E-05    2.07865E+04
 7.19902E-05    2.04906E+04
 7.30058E-05    2.01905E+04
 7.40358E-05    1.98863E+04
 7.50803E-05    1.95777E+04
 7.61395E-05    1.92647E+04
 7.72137E-05    1.89474E+04
 7.83031E-05    1.86255E+04
 7.94078E-05    1.82992E+04
 8.05281E-05    1.79682E+04
 8.16642E-05    1.76325E+04
 8.28163E-05    1.72922E+04
 8.39847E-05    1.69470E+04
 8.51696E-05    1.65969E+04
 8.63712E-05    1.62419E+04
 8.75897E-05    1.58819E+04
 8.88255E-05    1.55169E+04
 9.00786E-05    1.51466E+04
 9.13495E-05    1.47712E+04
 9.26383E-05    1.43904E+04
 9.39452E-05    1.40043E+04
 9.52706E-05    1.36127E+04
 9.66147E-05    1.32156E+04
 9.79778E-05    1.28129E+04
 9.93601E-05    1.24046E+04
 1.00000E-04    1.22155E+04
 1.01411E-04    1.21649E+04
 1.02842E-04    1.21135E+04
 1.04292E-04    1.20614E+04
 1.05764E-04    1.20086E+04
 1.07256E-04    1.19551E+04
 1.08769E-04    1.19008E+04
 1.10304E-04    1.18457E+04
 1.11860E-04    1.17898E+04
 1.13438E-04    1.17332E+04
 1.15038E-04    1.16757E+04
 1.16661E-04    1.16175E+04
 1.18307E-04    1.15584E+04
 1.19976E-04    1.14985E+04
 1.21669E-04    1.14378E+04
 1.23386E-04    1.13761E+04
 1.25126E-04    1.13137E+04
 1.26892E-04    1.12503E+04
 1.28682E-04    1.11860E+04
 1.30497E-04    1.11209E+04
 1.32338E-04    1.10548E+04
 1.34205E-04    1.09878E+04
 1.36099E-04    1.09198E+04
 1.38019E-04    1.08509E+04
 1.39966E-04    1.07810E+04
 1.41941E-04    1.07102E+04
 1.43943E-04    1.06383E+04
 1.45974E-04    1.05654E+04
 1.48034E-04    1.04915E+04
 1.50122E-04    1.04165E+04
 1.52240E-04    1.03405E+04
 1.54388E-04    1.02634E+04
 1.56566E-04    1.01852E+04
 1.58775E-04    1.01059E+04
 1.61015E-04    1.00255E+04
 1.63287E-04    9.94401E+03
 1.65590E-04    9.86133E+03
 1.67926E-04    9.77748E+03
 1.70296E-04    9.69245E+03
 1.72698E-04    9.60621E+03
 1.75135E-04    9.51876E+03
 1.77605E-04    9.43008E+03
 1.80111E-04    9.34015E+03
 1.82652E-04    9.24894E+03
 1.85229E-04    9.15645E+03
 1.87842E-04    9.06266E+03
 1.90492E-04    8.96754E+03
 1.93180E-04    8.87108E+03
 1.95905E-04    8.77326E+03
 1.98669E-04    8.67406E+03
 2.00000E-04    8.62629E+03
 2.02822E-04    8.58157E+03
 2.05683E-04    8.53621E+03
 2.08585E-04    8.49022E+03
 2.11528E-04    8.44357E+03
 2.14512E-04    8.39627E+03
 2.17538E-04    8.34830E+03
 2.20607E-04    8.29966E+03
 2.23720E-04    8.25032E+03
 2.26876E-04    8.20029E+03
 2.30077E-04    8.14956E+03
 2.33323E-04    8.09811E+03
 2.36615E-04    8.04593E+03
 2.39953E-04    7.99302E+03
 2.43338E-04    7.93936E+03
 2.46771E-04    7.88495E+03
 2.50253E-04    7.82977E+03
 2.53783E-04    7.77380E+03
 2.57364E-04    7.71705E+03
 2.60995E-04    7.65950E+03
 2.64677E-04    7.60114E+03
 2.68411E-04    7.54195E+03
 2.72198E-04    7.48193E+03
 2.76038E-04    7.42106E+03
 2.79932E-04    7.35933E+03
 2.83882E-04    7.29673E+03
 2.87887E-04    7.23325E+03
 2.91948E-04    7.16887E+03
 2.96067E-04    7.10359E+03
 3.00000E-04    7.04125E+03
 3.04232E-04    7.01227E+03
 3.08525E-04    6.98289E+03
 3.12877E-04    6.95308E+03
 3.17292E-04    6.92286E+03
 3.21768E-04    6.89221E+03
 3.26307E-04    6.86113E+03
 3.30911E-04    6.82962E+03
 3.35580E-04    6.79765E+03
 3.40314E-04    6.76524E+03
 3.45115E-04    6.73237E+03
 3.49984E-04    6.69903E+03
 3.54922E-04    6.66522E+03
 3.59929E-04    6.63094E+03
 3.65007E-04    6.59617E+03
 3.70157E-04    6.56092E+03
 3.75379E-04    6.52516E+03
 3.80675E-04    6.48890E+03
 3.86046E-04    6.45213E+03
 3.91492E-04    6.41484E+03
 3.97015E-04    6.37703E+03
 4.02616E-04    6.33868E+03
 4.08297E-04    6.29979E+03
 4.14057E-04    6.26035E+03
 4.19899E-04    6.22036E+03
 4.25823E-04    6.17980E+03
 4.31830E-04    6.13867E+03
 4.37922E-04    6.09695E+03
 4.44101E-04    6.05465E+03
 4.50366E-04    6.01176E+03
 4.56720E-04    5.96826E+03
 4.63164E-04    5.92414E+03
 4.69698E-04    5.87940E+03
 4.76325E-04    5.83403E+03
 4.83045E-04    5.78802E+03
 4.89860E-04    5.74136E+03
 4.96771E-04    5.69405E+03
 5.03779E-04    5.64606E+03
 5.10886E-04    5.59740E+03
 5.18094E-04    5.54805E+03
 5.25404E-04    5.49801E+03
 5.32816E-04    5.44726E+03
 5.40333E-04    5.39579E+03
 5.47956E-04    5.34360E+03
 5.55687E-04    5.29067E+03
 5.63527E-04    5.23700E+03
 5.71477E-04    5.18256E+03
 5.79540E-04    5.12736E+03
 5.87716E-04    5.07138E+03
 5.96007E-04    5.01462E+03
 6.00000E-04    4.98728E+03
 6.08465E-04    4.96389E+03
 6.17049E-04    4.94017E+03
 6.25755E-04    4.91611E+03
 6.34583E-04    4.89171E+03
 6.43536E-04    4.86697E+03
 6.52615E-04    4.84188E+03
 6.61822E-04    4.81644E+03
 6.71159E-04    4.79064E+03
 6.80628E-04    4.76447E+03
 6.90231E-04    4.73793E+03
 6.99968E-04    4.71102E+03
 7.09844E-04    4.68373E+03
 7.19858E-04    4.65606E+03
 7.30014E-04    4.62800E+03
 7.40313E-04    4.59953E+03
 7.50758E-04    4.57067E+03
 7.61350E-04    4.54140E+03
 7.72091E-04    4.51172E+03
 7.82984E-04    4.48162E+03
 7.94030E-04    4.45109E+03
 8.05233E-04    4.42013E+03
 8.16593E-04    4.38874E+03
 8.28114E-04    4.35690E+03
 8.39797E-04    4.32462E+03
 8.51645E-04    4.29188E+03
 8.63660E-04    4.25867E+03
 8.75845E-04    4.22500E+03
 8.88201E-04    4.19086E+03
 9.00732E-04    4.15623E+03
 9.13440E-04    4.12111E+03
 9.26327E-04    4.08550E+03
 9.39396E-04    4.04938E+03
 9.52649E-04    4.01276E+03
 9.66089E-04    3.97562E+03
 9.79719E-04    3.93795E+03
 9.93541E-04    3.89976E+03
 1.00000E-03    3.88191E+03
 1.01411E-03    3.86653E+03
 1.02842E-03    3.85094E+03
 1.04292E-03    3.83512E+03
 1.05764E-03    3.81908E+03
 1.07256E-03    3.80282E+03
 1.08769E-03    3.78632E+03
 1.10304E-03    3.76960E+03
 1.11860E-03    3.75264E+03
 1.13438E-03    3.73543E+03
 1.15038E-03    3.71799E+03
 1.16661E-03    3.70030E+03
 1.18307E-03    3.68236E+03
 1.19976E-03    3.66416E+03
 1.21669E-03    3.64571E+03
 1.23386E-03    3.62700E+03
 1.25126E-03    3.60803E+03
 1.26892E-03    3.58879E+03
 1.28682E-03    3.56927E+03
 1.30497E-03    3.54948E+03
 1.32338E-03    3.52941E+03
 1.34205E-03    3.50906E+03
 1.36099E-03    3.48843E+03
 1.38019E-03    3.46750E+03
 1.39966E-03    3.44627E+03
 1.41941E-03    3.42475E+03
 1.43943E-03    3.40292E+03
 1.45974E-03    3.38078E+03
 1.48034E-03    3.35833E+03
 1.50122E-03    3.33557E+03
 1.52240E-03    3.31248E+03
 1.54388E-03    3.28907E+03
 1.56566E-03    3.26533E+03
 1.58775E-03    3.24125E+03
 1.61015E-03    3.21684E+03
 1.63287E-03    3.19207E+03
 1.65590E-03    3.16696E+03
 1.67926E-03    3.14150E+03
 1.70296E-03    3.11568E+03
 1.72698E-03    3.08949E+03
 1.75135E-03    3.06293E+03
 1.77605E-03    3.03600E+03
 1.80111E-03    3.00868E+03
 1.82652E-03    2.98099E+03
 1.85229E-03    2.95290E+03
 1.87842E-03    2.92441E+03
 1.90492E-03    2.89553E+03
 1.93180E-03    2.86623E+03
 1.95905E-03    2.83652E+03
 1.98669E-03    2.80640E+03
 2.00000E-03    2.79189E+03
 2.02822E-03    2.77872E+03
 2.05683E-03    2.76536E+03
 2.08585E-03    2.75182E+03
 2.11528E-03    2.73808E+03
 2.14512E-03    2.72415E+03
 2.17538E-03    2.71002E+03
 2.20607E-03    2.69570E+03
 2.23720E-03    2.68117E+03
 2.26876E-03    2.66644E+03
 2.30077E-03    2.65149E+03
 2.33323E-03    2.63634E+03
 2.36615E-03    2.62098E+03
 2.39953E-03    2.60539E+03
 2.43338E-03    2.58959E+03
 2.46771E-03    2.57357E+03
 2.50253E-03    2.55732E+03
 2.53783E-03    2.54084E+03
 2.57364E-03    2.52412E+03
 2.60995E-03    2.50717E+03
 2.64677E-03    2.48999E+03
 2.68411E-03    2.47255E+03
 2.72198E-03    2.45488E+03
 2.76038E-03    2.43695E+03
 2.79932E-03    2.41877E+03
 2.83882E-03    2.40034E+03
 2.87887E-03    2.38164E+03
 2.91948E-03    2.36268E+03
 2.96067E-03    2.34346E+03
 3.00000E-03    2.32510E+03
 3.04232E-03    2.31702E+03
 3.08525E-03    2.30883E+03
 3.12877E-03    2.30053E+03
 3.17291E-03    2.29210E+03
 3.21768E-03    2.28356E+03
 3.26307E-03    2.27490E+03
 3.30911E-03    2.26612E+03
 3.35580E-03    2.25721E+03
 3.40314E-03    2.24817E+03
 3.45115E-03    2.23901E+03
 3.49984E-03    2.22972E+03
 3.54922E-03    2.22030E+03
 3.59929E-03    2.21075E+03
 3.65007E-03    2.20106E+03
 3.70157E-03    2.19123E+03
 3.75379E-03    2.18126E+03
 3.80675E-03    2.17116E+03
 3.86046E-03    2.16091E+03
 3.91492E-03    2.15052E+03
 3.97015E-03    2.13998E+03
 4.02616E-03    2.12929E+03
 4.08297E-03    2.11845E+03
 4.14057E-03    2.10746E+03
 4.19898E-03    2.09631E+03
 4.25823E-03    2.08501E+03
 4.31830E-03    2.07355E+03
 4.37922E-03    2.06192E+03
 4.44101E-03    2.05013E+03
 4.50366E-03    2.03818E+03
 4.56720E-03    2.02605E+03
 4.63164E-03    2.01376E+03
 4.69698E-03    2.00129E+03
 4.76325E-03    1.98864E+03
 4.83045E-03    1.97582E+03
 4.89860E-03    1.96282E+03
 4.96771E-03    1.94963E+03
 5.03779E-03    1.93626E+03
 5.10887E-03    1.92269E+03
 5.18094E-03    1.90894E+03
 5.25404E-03    1.89499E+03
 5.32816E-03    1.88085E+03
 5.40333E-03    1.86650E+03
 5.47956E-03    1.85196E+03
 5.55687E-03    1.83721E+03
 5.63527E-03    1.82225E+03
 5.71477E-03    1.80708E+03
 5.79540E-03    1.79169E+03
 5.87716E-03    1.77609E+03
 5.96007E-03    1.76027E+03
 6.00000E-03    1.75265E+03
 7.42500E-03    1.65259E+03
 7.42500E-03    1.65249E+03
 1.00000E-02    1.47180E+03
 2.00000E-02    1.25883E+03
 3.00000E-02    1.20835E+03
 6.08465E-02    1.22117E+03
 1.01411E-01    1.28123E+03
 2.01411E-01    1.35330E+03
 3.35580E-01    1.37379E+03
 5.00000E-01    1.39491E+03
 6.00000E-01    1.18614E+03
 6.99969E-01    9.42135E+02
 8.00000E-01    7.52820E+02
 9.00000E-01    6.31746E+02
 1.00000E+00    5.56488E+02
 1.20000E+00    4.97849E+02
 1.40000E+00    4.68734E+02
 1.60000E+00    4.23577E+02
 1.80000E+00    3.63277E+02
 2.00000E+00    3.11188E+02
 2.20000E+00    2.78869E+02
 2.40000E+00    2.60773E+02
 2.60000E+00    2.50165E+02
 2.94079E+00    2.38405E+02
 3.22257E+00    2.28099E+02
 3.42398E+00    2.19383E+02
 3.65079E+00    2.08054E+02
 4.20000E+00    1.78229E+02
 4.43104E+00    1.66658E+02
 4.66490E+00    1.55898E+02
 4.83386E+00    1.48699E+02
 5.20000E+00    1.34928E+02
 5.40000E+00    1.28255E+02
 5.63950E+00    1.21489E+02
 5.80000E+00    1.17322E+02
 6.08465E+00    1.11226E+02
 6.33182E+00    1.06440E+02
 6.74033E+00    9.94722E+01
 7.35079E+00    9.03586E+01
 7.85502E+00    8.34189E+01
 8.50000E+00    7.53197E+01
 9.00000E+00    6.97375E+01
 9.50000E+00    6.48640E+01
 1.00000E+01    6.06985E+01
 1.01411E+01    5.96991E+01
 1.02842E+01    5.86855E+01
 1.04292E+01    5.76576E+01
 1.05000E+01    5.71564E+01
 1.06481E+01    5.62685E+01
 1.07984E+01    5.53680E+01
 1.09507E+01    5.44549E+01
 1.10000E+01    5.41594E+01
 1.11552E+01    5.33580E+01
 1.13126E+01    5.25454E+01
 1.14722E+01    5.17212E+01
 1.15000E+01    5.15775E+01
 1.16622E+01    5.08443E+01
 1.18268E+01    5.01009E+01
 1.19936E+01    4.93469E+01
 1.20000E+01    4.93181E+01
 1.21693E+01    4.86263E+01
 1.23410E+01    4.79248E+01
 1.25000E+01    4.72751E+01
 1.26764E+01    4.66077E+01
 1.28552E+01    4.59310E+01
 1.30000E+01    4.53830E+01
 1.31834E+01    4.47266E+01
 1.33694E+01    4.40609E+01
 1.35000E+01    4.35935E+01
 1.36905E+01    4.29585E+01
 1.38836E+01    4.23145E+01
 1.40000E+01    4.19265E+01
 1.41975E+01    4.13151E+01
 1.43978E+01    4.06950E+01
 1.45000E+01    4.03787E+01
 1.47046E+01    3.97955E+01
 1.49120E+01    3.92040E+01
 1.50000E+01    3.89532E+01
 1.52116E+01    3.84411E+01
 1.54262E+01    3.79217E+01
 1.56439E+01    3.73950E+01
 1.58646E+01    3.68609E+01
 1.60000E+01    3.65332E+01
 1.62257E+01    3.60873E+01
 1.64546E+01    3.56350E+01
 1.66868E+01    3.51764E+01
 1.69222E+01    3.47114E+01
 1.70000E+01    3.45577E+01
 1.72398E+01    3.42571E+01
 1.74831E+01    3.39522E+01
 1.77297E+01    3.36431E+01
 1.79799E+01    3.33296E+01
 1.80000E+01    3.33043E+01
 1.82539E+01    3.30973E+01
 1.85115E+01    3.28873E+01
 1.87726E+01    3.26744E+01
 1.90000E+01    3.24890E+01
 1.92681E+01    3.23518E+01
 1.95399E+01    3.22126E+01
 1.98156E+01    3.20714E+01
 2.00000E+01    3.19770E+01
 2.02822E+01    3.18876E+01
 2.05683E+01    3.17970E+01
 2.08585E+01    3.17051E+01
 2.10000E+01    3.16603E+01
 2.12963E+01    3.15946E+01
 2.15967E+01    3.15280E+01
 2.19014E+01    3.14605E+01
 2.20000E+01    3.14386E+01
 2.23104E+01    3.14113E+01
 2.26251E+01    3.13835E+01
 2.29443E+01    3.13554E+01
 2.30000E+01    3.13505E+01
 2.33245E+01    3.13876E+01
 2.36536E+01    3.14253E+01
 2.39873E+01    3.14634E+01
 2.40000E+01    3.14649E+01
 2.43386E+01    3.15887E+01
 2.46820E+01    3.17142E+01
 2.50000E+01    3.18305E+01
 2.53527E+01    3.20662E+01
 2.57104E+01    3.23053E+01
 2.60000E+01    3.24988E+01
 2.63668E+01    3.28494E+01
 2.67388E+01    3.32050E+01
 2.70000E+01    3.34547E+01
 2.73809E+01    3.38802E+01
 2.77672E+01    3.43118E+01
 2.80000E+01    3.45718E+01
 2.83950E+01    3.50774E+01
 2.87956E+01    3.55902E+01
 2.90000E+01    3.58518E+01
 2.94091E+01    3.64434E+01
 2.98240E+01    3.70433E+01
 3.00000E+01    3.72977E+01
 3.04232E+01    3.79970E+01
 3.08525E+01    3.87061E+01
 3.12877E+01    3.94252E+01
 3.17292E+01    4.01545E+01
 3.20000E+01    4.06020E+01
 3.24515E+01    4.16112E+01
 3.29093E+01    4.26347E+01
 3.33736E+01    4.36726E+01
 3.38444E+01    4.47252E+01
 3.40000E+01    4.50730E+01
 3.44797E+01    4.64592E+01
 3.49661E+01    4.78649E+01
 3.54594E+01    4.92904E+01
 3.59597E+01    5.07360E+01
 3.60000E+01    5.08525E+01
 3.65079E+01    5.26538E+01
 3.70230E+01    5.44805E+01
 3.75453E+01    5.63330E+01
 3.80000E+01    5.79457E+01
 3.85361E+01    6.01347E+01
 3.90798E+01    6.23546E+01
 3.96311E+01    6.46059E+01
 4.00000E+01    6.61120E+01
 4.05643E+01    6.86124E+01
 4.11366E+01    7.11480E+01
 4.17170E+01    7.37194E+01
 4.20000E+01    7.49734E+01
 4.25925E+01    7.76125E+01
 4.31934E+01    8.02889E+01
 4.38028E+01    8.30030E+01
 4.40000E+01    8.38812E+01
 4.46208E+01    8.63646E+01
 4.52503E+01    8.88830E+01
 4.58887E+01    9.14370E+01
 4.60000E+01    9.18823E+01
 4.66490E+01    9.39388E+01
 4.73071E+01    9.60244E+01
 4.79745E+01    9.81394E+01
 4.80000E+01    9.82201E+01
 4.86772E+01    9.95548E+01
 4.93639E+01    1.00908E+02
 5.00000E+01    1.02162E+02
 5.07054E+01    1.02609E+02
 5.14208E+01    1.03063E+02
 5.20000E+01    1.03430E+02
 5.27336E+01    1.02911E+02
 5.34776E+01    1.02385E+02
 5.40000E+01    1.02015E+02
 5.47618E+01    1.00556E+02
 5.55344E+01    9.90769E+01
 5.60000E+01    9.81854E+01
 5.67901E+01    9.58353E+01
 5.75913E+01    9.34520E+01
 5.80000E+01    9.22361E+01
 5.88183E+01    8.90997E+01
 5.96481E+01    8.59189E+01
 6.00000E+01    8.45701E+01
 6.08465E+01    8.06301E+01
 6.17049E+01    7.66346E+01
 6.25755E+01    7.25826E+01
 6.34583E+01    6.84735E+01
 6.43536E+01    6.43064E+01
 6.50000E+01    6.12977E+01
 6.59170E+01    5.71966E+01
 6.68470E+01    5.30376E+01
 6.77901E+01    4.88200E+01
 6.87465E+01    4.45429E+01
 6.97164E+01    4.02054E+01
 7.00000E+01    3.89370E+01
 7.09876E+01    3.58273E+01
 7.19891E+01    3.26737E+01
 7.30047E+01    2.94756E+01
 7.40347E+01    2.62324E+01
 7.50000E+01    2.31928E+01
 7.60581E+01    2.13412E+01
 7.71312E+01    1.94635E+01
 7.82193E+01    1.75593E+01
 7.93229E+01    1.56282E+01
 8.00000E+01    1.44433E+01
 8.11287E+01    1.37351E+01
 8.22732E+01    1.30170E+01
 8.34340E+01    1.22887E+01
 8.46111E+01    1.15501E+01
 8.58048E+01    1.08012E+01
 8.70153E+01    1.00416E+01
 8.82430E+01    9.27134E+00
 8.94879E+01    8.49021E+00
 9.00000E+01    8.16890E+00
 9.12697E+01    7.90729E+00
 9.25574E+01    7.64198E+00
 9.38632E+01    7.37293E+00
 9.51874E+01    7.10009E+00
 9.65304E+01    6.82340E+00
 9.78922E+01    6.54280E+00
 9.92733E+01    6.25824E+00
 1.00000E+02    6.10852E+00
 1.01411E+02    5.93688E+00
 1.02842E+02    5.76282E+00
 1.04292E+02    5.58630E+00
 1.05764E+02    5.40729E+00
 1.07256E+02    5.22576E+00
 1.08769E+02    5.04166E+00
 1.10000E+02    4.89192E+00
 1.11552E+02    4.73285E+00
 1.13126E+02    4.57154E+00
 1.14722E+02    4.40795E+00
 1.16340E+02    4.24205E+00
 1.17982E+02    4.07381E+00
 1.19646E+02    3.90320E+00
 1.20000E+02    3.86692E+00
 1.21693E+02    3.71173E+00
 1.23410E+02    3.55434E+00
 1.25151E+02    3.39474E+00
 1.26917E+02    3.23288E+00
 1.28707E+02    3.06874E+00
 1.30000E+02    2.95023E+00
 1.31834E+02    2.81259E+00
 1.33694E+02    2.67302E+00
 1.35580E+02    2.53147E+00
 1.37493E+02    2.38793E+00
 1.39433E+02    2.24236E+00
 1.40000E+02    2.19979E+00
 1.41975E+02    2.08215E+00
 1.43978E+02    1.96286E+00
 1.46009E+02    1.84188E+00
 1.48069E+02    1.71920E+00
 1.50000E+02    1.60421E+00
 1.52116E+02    1.49722E+00
 1.54262E+02    1.38873E+00
 1.56439E+02    1.27870E+00
 1.58646E+02    1.16712E+00
 1.60000E+02    1.09866E+00
 1.62257E+02    1.00660E+00
 1.64546E+02    9.13241E-01
 1.66868E+02    8.18564E-01
 1.69222E+02    7.22552E-01
 1.71610E+02    6.25186E-01
 1.74031E+02    5.26446E-01
 1.76486E+02    4.26313E-01
 1.78976E+02    3.24767E-01
 1.80000E+02    2.82997E-01
 1.82539E+02    2.51971E-01
 1.85115E+02    2.20507E-01
 1.87726E+02    1.88599E-01
 1.90375E+02    1.56242E-01
 1.93061E+02    1.23427E-01
 1.95784E+02    9.01501E-02
 1.98547E+02    5.64033E-02
 2.00000E+02    3.86470E-02
