# n + Ac232 : (n,xn)    
# tendl.2017 A.J. Koning and D. Rochman        EVAL-NOV17
# 
# # energies =   138
#   E(MeV)        xs(mb) 
 7.53260E-03    1.00004E-17
 1.00000E-02    9.50201E+00
 2.00000E-02    1.43057E+01
 3.00000E-02    1.61047E+01
 6.00000E-02    2.31964E+01
 1.00000E-01    3.59035E+01
 1.05657E-01    3.75472E+01
 2.00000E-01    9.32271E+01
 3.00000E-01    1.43491E+02
 4.00000E-01    1.69464E+02
 4.80580E-01    1.73904E+02
 4.81715E-01    1.74221E+02
 4.85628E-01    1.76187E+02
 4.89506E-01    1.78136E+02
 4.90562E-01    1.78865E+02
 4.92360E-01    1.80106E+02
 4.93154E-01    1.80656E+02
 4.93737E-01    1.81403E+02
 4.96077E-01    1.84430E+02
 4.97414E-01    1.86160E+02
 4.99400E-01    1.88731E+02
 5.00000E-01    1.89508E+02
 5.01678E-01    1.93332E+02
 5.02953E-01    1.96395E+02
 5.04496E-01    2.00101E+02
 5.06530E-01    2.04986E+02
 5.07560E-01    2.07461E+02
 5.08615E-01    2.10044E+02
 5.09721E-01    2.12752E+02
 5.11172E-01    2.16306E+02
 5.14295E-01    2.23953E+02
 5.16147E-01    2.28651E+02
 5.18461E-01    2.34521E+02
 5.19771E-01    2.37844E+02
 5.21385E-01    2.41939E+02
 5.23265E-01    2.46721E+02
 5.24139E-01    2.48944E+02
 5.24886E-01    2.50901E+02
 5.28482E-01    2.60858E+02
 6.00000E-01    5.12891E+02
 7.00000E-01    8.83509E+02
 8.00000E-01    1.19604E+03
 9.00000E-01    1.44743E+03
 1.00000E+00    1.67314E+03
 1.20000E+00    2.09068E+03
 1.40000E+00    2.47276E+03
 1.60000E+00    2.74203E+03
 1.80000E+00    2.86972E+03
 2.00000E+00    2.88224E+03
 2.20000E+00    2.82345E+03
 2.40000E+00    2.73595E+03
 2.60000E+00    2.64810E+03
 2.80000E+00    2.57446E+03
 3.00000E+00    2.52001E+03
 3.20000E+00    2.48211E+03
 3.40000E+00    2.45412E+03
 3.60000E+00    2.43007E+03
 3.80000E+00    2.40646E+03
 4.00000E+00    2.38201E+03
 4.20000E+00    2.35747E+03
 4.40000E+00    2.33435E+03
 4.60000E+00    2.31431E+03
 4.80000E+00    2.31421E+03
 5.00000E+00    2.38141E+03
 5.20000E+00    2.51827E+03
 5.40000E+00    2.68778E+03
 5.60000E+00    2.86307E+03
 5.80000E+00    3.03583E+03
 6.00000E+00    3.21267E+03
 6.20000E+00    3.39243E+03
 6.40000E+00    3.55959E+03
 6.60000E+00    3.71922E+03
 6.80000E+00    3.87077E+03
 7.00000E+00    4.00265E+03
 7.20000E+00    4.12202E+03
 7.40000E+00    4.22180E+03
 7.60000E+00    4.30903E+03
 7.80000E+00    4.37832E+03
 8.00000E+00    4.43856E+03
 8.50000E+00    4.54008E+03
 9.00000E+00    4.59822E+03
 9.50000E+00    4.63286E+03
 1.00000E+01    4.65824E+03
 1.05000E+01    4.68346E+03
 1.10000E+01    4.71318E+03
 1.15000E+01    4.75850E+03
 1.20000E+01    4.84728E+03
 1.25000E+01    4.99267E+03
 1.30000E+01    5.19029E+03
 1.35000E+01    5.43120E+03
 1.40000E+01    5.67390E+03
 1.45000E+01    5.88394E+03
 1.50000E+01    6.07283E+03
 1.60000E+01    6.34259E+03
 1.70000E+01    6.52944E+03
 1.80000E+01    6.73983E+03
 1.90000E+01    7.01281E+03
 2.00000E+01    7.32277E+03
 2.10000E+01    7.62347E+03
 2.20000E+01    7.86418E+03
 2.30000E+01    8.03142E+03
 2.40000E+01    8.11944E+03
 2.50000E+01    8.10310E+03
 2.60000E+01    7.93769E+03
 2.70000E+01    7.61326E+03
 2.80000E+01    7.13716E+03
 2.90000E+01    6.56343E+03
 3.00000E+01    5.95854E+03
 3.00000E+01    9.02672E+03
 3.20000E+01    9.31330E+03
 3.40000E+01    9.55931E+03
 3.60000E+01    9.78476E+03
 3.80000E+01    9.95629E+03
 4.00000E+01    1.00606E+04
 4.20000E+01    1.01134E+04
 4.40000E+01    1.01395E+04
 4.60000E+01    1.01430E+04
 4.80000E+01    1.01448E+04
 5.00000E+01    1.01631E+04
 5.20000E+01    1.01930E+04
 5.40000E+01    1.02519E+04
 5.60000E+01    1.03359E+04
 5.80000E+01    1.04419E+04
 6.00000E+01    1.05672E+04
 6.50000E+01    1.09473E+04
 7.00000E+01    1.13741E+04
 7.50000E+01    1.17757E+04
 8.00000E+01    1.21422E+04
 9.00000E+01    1.28501E+04
 1.00000E+02    1.34684E+04
 1.10000E+02    1.40927E+04
 1.20000E+02    1.47482E+04
 1.30000E+02    1.54667E+04
 1.40000E+02    1.61383E+04
 1.50000E+02    1.66871E+04
 1.60000E+02    1.69931E+04
 1.80000E+02    1.70415E+04
 2.00000E+02    1.66653E+04
