# n + Ac232 : (n,xg)    
# tendl.2017 A.J. Koning and D. Rochman        EVAL-NOV17
# 
# # energies =   138
#   E(MeV)        xs(mb) 
 7.53260E-03    0.00000E+00
 1.00000E-02    0.00000E+00
 2.00000E-02    0.00000E+00
 3.00000E-02    0.00000E+00
 6.00000E-02    0.00000E+00
 1.00000E-01    0.00000E+00
 1.05657E-01    0.00000E+00
 2.00000E-01    0.00000E+00
 3.00000E-01    0.00000E+00
 4.00000E-01    0.00000E+00
 4.80580E-01    0.00000E+00
 4.81715E-01    0.00000E+00
 4.85628E-01    0.00000E+00
 4.89506E-01    0.00000E+00
 4.90562E-01    0.00000E+00
 4.92360E-01    0.00000E+00
 4.93154E-01    0.00000E+00
 4.93737E-01    0.00000E+00
 4.96077E-01    0.00000E+00
 4.97414E-01    0.00000E+00
 4.99400E-01    0.00000E+00
 5.00000E-01    0.00000E+00
 5.01678E-01    0.00000E+00
 5.02953E-01    0.00000E+00
 5.04496E-01    0.00000E+00
 5.06530E-01    0.00000E+00
 5.07560E-01    0.00000E+00
 5.08615E-01    0.00000E+00
 5.09721E-01    0.00000E+00
 5.11172E-01    0.00000E+00
 5.14295E-01    0.00000E+00
 5.16147E-01    0.00000E+00
 5.18461E-01    0.00000E+00
 5.19771E-01    0.00000E+00
 5.21385E-01    0.00000E+00
 5.23265E-01    0.00000E+00
 5.24139E-01    0.00000E+00
 5.24886E-01    0.00000E+00
 5.28482E-01    0.00000E+00
 6.00000E-01    0.00000E+00
 7.00000E-01    0.00000E+00
 8.00000E-01    0.00000E+00
 9.00000E-01    0.00000E+00
 1.00000E+00    0.00000E+00
 1.20000E+00    0.00000E+00
 1.40000E+00    0.00000E+00
 1.60000E+00    0.00000E+00
 1.80000E+00    0.00000E+00
 2.00000E+00    0.00000E+00
 2.20000E+00    0.00000E+00
 2.40000E+00    0.00000E+00
 2.60000E+00    0.00000E+00
 2.80000E+00    0.00000E+00
 3.00000E+00    0.00000E+00
 3.20000E+00    0.00000E+00
 3.40000E+00    0.00000E+00
 3.60000E+00    0.00000E+00
 3.80000E+00    0.00000E+00
 4.00000E+00    0.00000E+00
 4.20000E+00    0.00000E+00
 4.40000E+00    0.00000E+00
 4.60000E+00    0.00000E+00
 4.80000E+00    0.00000E+00
 5.00000E+00    0.00000E+00
 5.20000E+00    0.00000E+00
 5.40000E+00    0.00000E+00
 5.60000E+00    0.00000E+00
 5.80000E+00    0.00000E+00
 6.00000E+00    0.00000E+00
 6.20000E+00    0.00000E+00
 6.40000E+00    0.00000E+00
 6.60000E+00    0.00000E+00
 6.80000E+00    0.00000E+00
 7.00000E+00    0.00000E+00
 7.20000E+00    0.00000E+00
 7.40000E+00    0.00000E+00
 7.60000E+00    0.00000E+00
 7.80000E+00    0.00000E+00
 8.00000E+00    0.00000E+00
 8.50000E+00    0.00000E+00
 9.00000E+00    0.00000E+00
 9.50000E+00    0.00000E+00
 1.00000E+01    0.00000E+00
 1.05000E+01    0.00000E+00
 1.10000E+01    0.00000E+00
 1.15000E+01    0.00000E+00
 1.20000E+01    0.00000E+00
 1.25000E+01    0.00000E+00
 1.30000E+01    0.00000E+00
 1.35000E+01    0.00000E+00
 1.40000E+01    0.00000E+00
 1.45000E+01    0.00000E+00
 1.50000E+01    0.00000E+00
 1.60000E+01    0.00000E+00
 1.70000E+01    0.00000E+00
 1.80000E+01    0.00000E+00
 1.90000E+01    0.00000E+00
 2.00000E+01    0.00000E+00
 2.10000E+01    0.00000E+00
 2.20000E+01    0.00000E+00
 2.30000E+01    0.00000E+00
 2.40000E+01    0.00000E+00
 2.50000E+01    0.00000E+00
 2.60000E+01    0.00000E+00
 2.70000E+01    0.00000E+00
 2.80000E+01    0.00000E+00
 2.90000E+01    0.00000E+00
 3.00000E+01    0.00000E+00
 3.00000E+01    1.21921E+04
 3.20000E+01    1.21310E+04
 3.40000E+01    1.20208E+04
 3.60000E+01    1.18873E+04
 3.80000E+01    1.18076E+04
 4.00000E+01    1.17447E+04
 4.20000E+01    1.17226E+04
 4.40000E+01    1.17215E+04
 4.60000E+01    1.16969E+04
 4.80000E+01    1.16915E+04
 5.00000E+01    1.16756E+04
 5.20000E+01    1.16512E+04
 5.40000E+01    1.16529E+04
 5.60000E+01    1.16352E+04
 5.80000E+01    1.16086E+04
 6.00000E+01    1.16198E+04
 6.50000E+01    1.15670E+04
 7.00000E+01    1.14671E+04
 7.50000E+01    1.12827E+04
 8.00000E+01    1.09928E+04
 9.00000E+01    1.04097E+04
 1.00000E+02    9.82484E+03
 1.10000E+02    9.21503E+03
 1.20000E+02    8.66113E+03
 1.30000E+02    8.28112E+03
 1.40000E+02    8.02666E+03
 1.50000E+02    7.74584E+03
 1.60000E+02    7.43646E+03
 1.80000E+02    6.88009E+03
 2.00000E+02    6.35009E+03
