# n + Ac232 : (n,xp)    
# tendl.2017 A.J. Koning and D. Rochman        EVAL-NOV17
# 
# # energies =   138
#   E(MeV)        xs(mb) 
 7.53260E-03    0.00000E+00
 1.00000E-02    0.00000E+00
 2.00000E-02    0.00000E+00
 3.00000E-02    0.00000E+00
 6.00000E-02    0.00000E+00
 1.00000E-01    0.00000E+00
 1.05657E-01    0.00000E+00
 2.00000E-01    0.00000E+00
 3.00000E-01    0.00000E+00
 4.00000E-01    0.00000E+00
 4.80580E-01    0.00000E+00
 4.81715E-01    0.00000E+00
 4.85628E-01    0.00000E+00
 4.89506E-01    0.00000E+00
 4.90562E-01    0.00000E+00
 4.92360E-01    0.00000E+00
 4.93154E-01    0.00000E+00
 4.93737E-01    0.00000E+00
 4.96077E-01    0.00000E+00
 4.97414E-01    0.00000E+00
 4.99400E-01    0.00000E+00
 5.00000E-01    0.00000E+00
 5.01678E-01    0.00000E+00
 5.02953E-01    0.00000E+00
 5.04496E-01    0.00000E+00
 5.06530E-01    0.00000E+00
 5.07560E-01    0.00000E+00
 5.08615E-01    0.00000E+00
 5.09721E-01    0.00000E+00
 5.11172E-01    0.00000E+00
 5.14295E-01    0.00000E+00
 5.16147E-01    0.00000E+00
 5.18461E-01    0.00000E+00
 5.19771E-01    0.00000E+00
 5.21385E-01    0.00000E+00
 5.23265E-01    0.00000E+00
 5.24139E-01    0.00000E+00
 5.24886E-01    0.00000E+00
 5.28482E-01    0.00000E+00
 6.00000E-01    2.26428E-18
 7.00000E-01    8.32110E-18
 8.00000E-01    1.43779E-17
 9.00000E-01    2.04347E-17
 1.00000E+00    2.64916E-17
 1.20000E+00    3.86052E-17
 1.40000E+00    5.07188E-17
 1.60000E+00    6.28325E-17
 1.80000E+00    7.49461E-17
 2.00000E+00    8.70597E-17
 2.20000E+00    9.91734E-17
 2.40000E+00    1.11287E-16
 2.60000E+00    2.36832E-15
 2.80000E+00    3.18010E-14
 3.00000E+00    1.93657E-13
 3.20000E+00    3.78117E-12
 3.40000E+00    2.68413E-11
 3.60000E+00    1.60884E-10
 3.80000E+00    8.20563E-10
 4.00000E+00    3.61363E-09
 4.20000E+00    1.39594E-08
 4.40000E+00    4.80149E-08
 4.60000E+00    1.49398E-07
 4.80000E+00    3.95306E-07
 5.00000E+00    6.56892E-07
 5.20000E+00    2.89980E-06
 5.40000E+00    5.22261E-06
 5.60000E+00    6.03047E-06
 5.80000E+00    1.90153E-05
 6.00000E+00    3.34476E-05
 6.20000E+00    6.82397E-05
 6.40000E+00    1.56183E-04
 6.60000E+00    1.78648E-04
 6.80000E+00    4.00391E-04
 7.00000E+00    6.28571E-04
 7.20000E+00    1.06007E-03
 7.40000E+00    1.90081E-03
 7.60000E+00    2.15343E-03
 7.80000E+00    3.85515E-03
 8.00000E+00    5.47838E-03
 8.50000E+00    1.31533E-02
 9.00000E+00    2.84324E-02
 9.50000E+00    5.63629E-02
 1.00000E+01    1.03939E-01
 1.05000E+01    1.80158E-01
 1.10000E+01    2.95574E-01
 1.15000E+01    4.60969E-01
 1.20000E+01    6.85498E-01
 1.25000E+01    9.74689E-01
 1.30000E+01    1.32966E+00
 1.35000E+01    1.74839E+00
 1.40000E+01    2.22742E+00
 1.45000E+01    2.76500E+00
 1.50000E+01    3.32871E+00
 1.60000E+01    4.73241E+00
 1.70000E+01    6.66587E+00
 1.80000E+01    8.87453E+00
 1.90000E+01    1.15369E+01
 2.00000E+01    1.46371E+01
 2.10000E+01    1.81093E+01
 2.20000E+01    2.16978E+01
 2.30000E+01    2.57846E+01
 2.40000E+01    3.02487E+01
 2.50000E+01    3.49463E+01
 2.60000E+01    3.99897E+01
 2.70000E+01    4.53391E+01
 2.80000E+01    5.09094E+01
 2.90000E+01    5.67061E+01
 3.00000E+01    6.25769E+01
 3.00000E+01    6.16555E+01
 3.20000E+01    7.43717E+01
 3.40000E+01    8.68115E+01
 3.60000E+01    9.99770E+01
 3.80000E+01    1.13852E+02
 4.00000E+01    1.28029E+02
 4.20000E+01    1.42919E+02
 4.40000E+01    1.58301E+02
 4.60000E+01    1.74197E+02
 4.80000E+01    1.90616E+02
 5.00000E+01    2.07148E+02
 5.20000E+01    2.23720E+02
 5.40000E+01    2.40309E+02
 5.60000E+01    2.56515E+02
 5.80000E+01    2.72738E+02
 6.00000E+01    2.88104E+02
 6.50000E+01    3.26160E+02
 7.00000E+01    3.60979E+02
 7.50000E+01    3.93599E+02
 8.00000E+01    4.23739E+02
 9.00000E+01    4.80831E+02
 1.00000E+02    5.29640E+02
 1.10000E+02    5.72811E+02
 1.20000E+02    6.13640E+02
 1.30000E+02    6.61268E+02
 1.40000E+02    7.15016E+02
 1.50000E+02    7.76907E+02
 1.60000E+02    8.65033E+02
 1.80000E+02    1.29851E+03
 2.00000E+02    1.76842E+03
