# n + Ac232 : (n,xt)    
# tendl.2017 A.J. Koning and D. Rochman        EVAL-NOV17
# 
# # energies =   138
#   E(MeV)        xs(mb) 
 7.53260E-03    0.00000E+00
 1.00000E-02    0.00000E+00
 2.00000E-02    0.00000E+00
 3.00000E-02    0.00000E+00
 6.00000E-02    0.00000E+00
 1.00000E-01    0.00000E+00
 1.05657E-01    0.00000E+00
 2.00000E-01    0.00000E+00
 3.00000E-01    0.00000E+00
 4.00000E-01    0.00000E+00
 4.80580E-01    0.00000E+00
 4.81715E-01    0.00000E+00
 4.85628E-01    0.00000E+00
 4.89506E-01    0.00000E+00
 4.90562E-01    0.00000E+00
 4.92360E-01    0.00000E+00
 4.93154E-01    0.00000E+00
 4.93737E-01    0.00000E+00
 4.96077E-01    0.00000E+00
 4.97414E-01    0.00000E+00
 4.99400E-01    0.00000E+00
 5.00000E-01    0.00000E+00
 5.01678E-01    0.00000E+00
 5.02953E-01    0.00000E+00
 5.04496E-01    0.00000E+00
 5.06530E-01    0.00000E+00
 5.07560E-01    0.00000E+00
 5.08615E-01    0.00000E+00
 5.09721E-01    0.00000E+00
 5.11172E-01    0.00000E+00
 5.14295E-01    0.00000E+00
 5.16147E-01    0.00000E+00
 5.18461E-01    0.00000E+00
 5.19771E-01    0.00000E+00
 5.21385E-01    0.00000E+00
 5.23265E-01    0.00000E+00
 5.24139E-01    0.00000E+00
 5.24886E-01    0.00000E+00
 5.28482E-01    0.00000E+00
 6.00000E-01    0.00000E+00
 7.00000E-01    0.00000E+00
 8.00000E-01    0.00000E+00
 9.00000E-01    0.00000E+00
 1.00000E+00    0.00000E+00
 1.20000E+00    0.00000E+00
 1.40000E+00    0.00000E+00
 1.60000E+00    0.00000E+00
 1.80000E+00    0.00000E+00
 2.00000E+00    0.00000E+00
 2.20000E+00    0.00000E+00
 2.40000E+00    7.41267E-19
 2.60000E+00    1.73028E-18
 2.80000E+00    2.71930E-18
 3.00000E+00    3.70831E-18
 3.20000E+00    4.69733E-18
 3.40000E+00    5.68634E-18
 3.60000E+00    6.67535E-18
 3.80000E+00    7.66437E-18
 4.00000E+00    8.65338E-18
 4.20000E+00    9.64240E-18
 4.40000E+00    1.06314E-17
 4.60000E+00    1.16204E-17
 4.80000E+00    1.26094E-17
 5.00000E+00    1.35985E-17
 5.20000E+00    1.45875E-17
 5.40000E+00    1.55765E-17
 5.60000E+00    1.65655E-17
 5.80000E+00    1.20117E-16
 6.00000E+00    7.56412E-16
 6.20000E+00    4.17127E-15
 6.40000E+00    2.21781E-14
 6.60000E+00    2.53867E-14
 6.80000E+00    2.10710E-12
 7.00000E+00    4.83903E-12
 7.20000E+00    8.45100E-12
 7.40000E+00    9.17069E-11
 7.60000E+00    1.58913E-10
 7.80000E+00    2.82962E-10
 8.00000E+00    1.13781E-09
 8.50000E+00    1.00323E-08
 9.00000E+00    6.78592E-08
 9.50000E+00    3.74835E-07
 1.00000E+01    1.78250E-06
 1.05000E+01    7.59945E-06
 1.10000E+01    2.97592E-05
 1.15000E+01    1.07520E-04
 1.20000E+01    3.61759E-04
 1.25000E+01    1.11952E-03
 1.30000E+01    3.16807E-03
 1.35000E+01    8.15651E-03
 1.40000E+01    1.90403E-02
 1.45000E+01    4.03046E-02
 1.50000E+01    7.77014E-02
 1.60000E+01    2.25308E-01
 1.70000E+01    4.78184E-01
 1.80000E+01    8.90730E-01
 1.90000E+01    1.43689E+00
 2.00000E+01    2.09368E+00
 2.10000E+01    2.83428E+00
 2.20000E+01    3.63243E+00
 2.30000E+01    4.45984E+00
 2.40000E+01    5.27776E+00
 2.50000E+01    6.01351E+00
 2.60000E+01    6.66207E+00
 2.70000E+01    7.15396E+00
 2.80000E+01    7.50826E+00
 2.90000E+01    7.70264E+00
 3.00000E+01    7.79570E+00
 3.00000E+01    1.02322E+01
 3.20000E+01    1.19026E+01
 3.40000E+01    1.36701E+01
 3.60000E+01    1.56945E+01
 3.80000E+01    1.81628E+01
 4.00000E+01    2.12694E+01
 4.20000E+01    2.51736E+01
 4.40000E+01    2.99717E+01
 4.60000E+01    3.56087E+01
 4.80000E+01    4.19405E+01
 5.00000E+01    4.87340E+01
 5.20000E+01    5.57443E+01
 5.40000E+01    6.26638E+01
 5.60000E+01    6.91664E+01
 5.80000E+01    7.49493E+01
 6.00000E+01    7.99407E+01
 6.50000E+01    8.95604E+01
 7.00000E+01    9.63103E+01
 7.50000E+01    1.02379E+02
 8.00000E+01    1.07918E+02
 9.00000E+01    1.10003E+02
 1.00000E+02    1.13666E+02
 1.10000E+02    1.18440E+02
 1.20000E+02    1.19674E+02
 1.30000E+02    1.23911E+02
 1.40000E+02    1.34983E+02
 1.50000E+02    1.58058E+02
 1.60000E+02    2.24879E+02
 1.80000E+02    4.73743E+02
 2.00000E+02    6.10851E+02
