# n + Ac232 : (n,nt)    
# tendl.2017 A.J. Koning and D. Rochman        EVAL-NOV17
# uncertainties: y
# # energies =    23
#   E(MeV)       xs(mb)       xslow(mb)      xsupp(mb)
 8.39367E+00    0.00000E+00    0.00000E+00    0.00000E+00
 1.20000E+01    5.43316E-14    5.43316E-14    5.43316E-14
 1.25000E+01    1.53353E-11    1.53353E-11    1.53353E-11
 1.30000E+01    3.49356E-10    0.00000E+00    1.87854E-09
 1.35000E+01    5.12588E-09    0.00000E+00    2.75627E-08
 1.40000E+01    7.07650E-08    0.00000E+00    3.80514E-07
 1.45000E+01    6.50856E-07    0.00000E+00    3.49975E-06
 1.50000E+01    3.52931E-06    0.00000E+00    1.89777E-05
 1.60000E+01    9.45849E-05    1.07743E-05    1.78396E-04
 1.70000E+01    1.25441E-03    1.42892E-04    2.36593E-03
 1.80000E+01    9.56092E-03    1.08910E-03    1.80327E-02
 1.90000E+01    4.72947E-02    5.38740E-03    8.92020E-02
 2.00000E+01    1.65227E-01    7.69539E-02    2.53500E-01
 2.10000E+01    4.10122E-01    1.91013E-01    6.29231E-01
 2.20000E+01    8.03970E-01    3.74446E-01    1.23349E+00
 2.30000E+01    1.36174E+00    6.34225E-01    2.08925E+00
 2.40000E+01    1.99585E+00    1.86963E+00    2.12207E+00
 2.50000E+01    2.66758E+00    2.49887E+00    2.83629E+00
 2.60000E+01    3.28561E+00    3.07782E+00    3.49340E+00
 2.70000E+01    3.81845E+00    3.57696E+00    4.05994E+00
 2.80000E+01    4.23218E+00    3.96452E+00    4.49984E+00
 2.90000E+01    4.53237E+00    4.24573E+00    4.81901E+00
 3.00000E+01    4.74146E+00    4.44159E+00    5.04133E+00
