# n + Ac232 :  n        
# tendl.2017 A.J. Koning and D. Rochman        EVAL-NOV17
# uncertainties: n
# # energies =    46
#   E(MeV)       xs(mb) 
 1.45000E+01    0.00000E+00
 1.50000E+01    3.36236E-18
 1.60000E+01    2.21999E-14
 1.70000E+01    1.11094E-11
 1.80000E+01    2.16923E-08
 1.90000E+01    5.71818E-05
 2.00000E+01    2.92842E-03
 2.10000E+01    1.53262E-02
 2.20000E+01    4.64153E-02
 2.30000E+01    1.00095E-01
 2.40000E+01    1.73721E-01
 2.50000E+01    2.66073E-01
 2.60000E+01    3.69054E-01
 2.70000E+01    4.80352E-01
 2.80000E+01    5.98677E-01
 2.90000E+01    7.15456E-01
 3.00000E+01    8.35027E-01
 3.20000E+01    1.06315E+00
 3.40000E+01    1.28179E+00
 3.60000E+01    1.48513E+00
 3.80000E+01    1.68122E+00
 4.00000E+01    1.86506E+00
 4.20000E+01    2.03192E+00
 4.40000E+01    2.19482E+00
 4.60000E+01    2.35522E+00
 4.80000E+01    2.51790E+00
 5.00000E+01    2.69866E+00
 5.20000E+01    2.89794E+00
 5.40000E+01    3.13709E+00
 5.60000E+01    3.43327E+00
 5.80000E+01    3.80516E+00
 6.00000E+01    4.27704E+00
 6.50000E+01    6.17399E+00
 7.00000E+01    9.69619E+00
 7.50000E+01    1.50216E+01
 8.00000E+01    1.99929E+01
 9.00000E+01    1.91417E+01
 1.00000E+02    1.22306E+01
 1.10000E+02    8.83811E+00
 1.20000E+02    7.60711E+00
 1.30000E+02    6.87227E+00
 1.40000E+02    6.20186E+00
 1.50000E+02    5.60687E+00
 1.60000E+02    5.14282E+00
 1.80000E+02    4.55998E+00
 2.00000E+02    4.14841E+00
