# n + Ac232 : (n,2np)   
# tendl.2017 A.J. Koning and D. Rochman        EVAL-NOV17
# uncertainties: y
# # energies =    22
#   E(MeV)       xs(mb)       xslow(mb)      xsupp(mb)
 1.07688E+01    0.00000E+00    0.00000E+00    0.00000E+00
 1.25000E+01    1.90261E-16    1.90261E-16    1.90261E-16
 1.30000E+01    1.17277E-13    0.00000E+00    6.94431E-13
 1.35000E+01    1.17777E-11    0.00000E+00    6.97392E-11
 1.40000E+01    5.23870E-10    0.00000E+00    3.10199E-09
 1.45000E+01    1.44319E-08    0.00000E+00    8.54555E-08
 1.50000E+01    2.32149E-07    0.00000E+00    1.37462E-06
 1.60000E+01    1.26704E-05    0.00000E+00    9.57161E-05
 1.70000E+01    2.23570E-04    0.00000E+00    1.68892E-03
 1.80000E+01    2.28982E-03    0.00000E+00    1.72980E-02
 1.90000E+01    1.41612E-02    0.00000E+00    1.06978E-01
 2.00000E+01    5.89341E-02    0.00000E+00    3.14928E-01
 2.10000E+01    2.05840E-01    0.00000E+00    1.09995E+00
 2.20000E+01    5.56167E-01    0.00000E+00    2.97201E+00
 2.30000E+01    1.25926E+00    0.00000E+00    6.72915E+00
 2.40000E+01    2.47229E+00    0.00000E+00    9.90862E+00
 2.50000E+01    4.23734E+00    0.00000E+00    1.69827E+01
 2.60000E+01    6.61833E+00    0.00000E+00    2.65254E+01
 2.70000E+01    9.60940E+00    0.00000E+00    3.85132E+01
 2.80000E+01    1.30183E+01    0.00000E+00    5.21757E+01
 2.90000E+01    1.68897E+01    0.00000E+00    6.76917E+01
 3.00000E+01    2.08562E+01    0.00000E+00    8.35890E+01
