# n + Ac232 : (n,n'02)  
# tendl.2017 A.J. Koning and D. Rochman        EVAL-NOV17
# uncertainties: y
# # energies =   102
#   E(MeV)       xs(mb)       xslow(mb)      xsupp(mb)
 1.05657E-01    0.00000E+00    0.00000E+00    0.00000E+00
 2.00000E-01    2.82680E+01    0.00000E+00    5.65360E+01
 3.00000E-01    6.28154E+01    0.00000E+00    1.25631E+02
 4.00000E-01    8.48021E+01    0.00000E+00    1.69604E+02
 4.80580E-01    9.24744E+01    0.00000E+00    1.84949E+02
 4.81715E-01    9.25824E+01    0.00000E+00    1.85165E+02
 4.85628E-01    9.29550E+01    0.00000E+00    1.85910E+02
 4.89506E-01    9.33242E+01    0.00000E+00    1.86648E+02
 4.90562E-01    9.34248E+01    0.00000E+00    1.86850E+02
 4.92360E-01    9.35960E+01    0.00000E+00    1.87192E+02
 4.93154E-01    9.36716E+01    0.00000E+00    1.87343E+02
 4.93737E-01    9.37271E+01    0.00000E+00    1.87454E+02
 4.96077E-01    9.39499E+01    0.00000E+00    1.87900E+02
 4.97414E-01    9.40772E+01    0.00000E+00    1.88154E+02
 4.99400E-01    9.42663E+01    0.00000E+00    1.88533E+02
 5.00000E-01    9.43234E+01    0.00000E+00    1.88647E+02
 5.01678E-01    9.40882E+01    0.00000E+00    1.88176E+02
 5.02953E-01    9.39095E+01    0.00000E+00    1.87819E+02
 5.04496E-01    9.36933E+01    0.00000E+00    1.87387E+02
 5.06530E-01    9.34082E+01    0.00000E+00    1.86816E+02
 5.07560E-01    9.32638E+01    0.00000E+00    1.86528E+02
 5.08615E-01    9.31159E+01    0.00000E+00    1.86232E+02
 5.09721E-01    9.29609E+01    0.00000E+00    1.85922E+02
 5.11172E-01    9.27576E+01    0.00000E+00    1.85515E+02
 5.14295E-01    9.23198E+01    0.00000E+00    1.84640E+02
 5.16147E-01    9.20602E+01    0.00000E+00    1.84120E+02
 5.18461E-01    9.17359E+01    0.00000E+00    1.83472E+02
 5.19771E-01    9.15523E+01    0.00000E+00    1.83105E+02
 5.21385E-01    9.13261E+01    0.00000E+00    1.82652E+02
 5.23265E-01    9.10626E+01    0.00000E+00    1.82125E+02
 5.24139E-01    9.09401E+01    0.00000E+00    1.81880E+02
 5.24886E-01    9.08354E+01    0.00000E+00    1.81671E+02
 5.28482E-01    9.03314E+01    0.00000E+00    1.80663E+02
 6.00000E-01    8.03074E+01    0.00000E+00    1.60615E+02
 7.00000E-01    6.06705E+01    0.00000E+00    1.21341E+02
 8.00000E-01    4.46145E+01    0.00000E+00    8.92290E+01
 9.00000E-01    3.37947E+01    0.00000E+00    6.75894E+01
 1.00000E+00    2.66148E+01    0.00000E+00    5.32296E+01
 1.20000E+00    1.87585E+01    0.00000E+00    3.75170E+01
 1.40000E+00    1.35383E+01    0.00000E+00    2.70766E+01
 1.60000E+00    8.87852E+00    0.00000E+00    1.77570E+01
 1.80000E+00    5.21378E+00    0.00000E+00    1.04276E+01
 2.00000E+00    2.92164E+00    0.00000E+00    5.84328E+00
 2.20000E+00    1.66089E+00    0.00000E+00    3.32178E+00
 2.40000E+00    9.71207E-01    0.00000E+00    1.94241E+00
 2.60000E+00    5.79140E-01    4.73365E-04    1.15781E+00
 2.80000E+00    3.49296E-01    2.85500E-04    6.98307E-01
 3.00000E+00    2.12205E-01    1.73448E-04    4.24237E-01
 3.20000E+00    1.29557E-01    1.05895E-04    2.59008E-01
 3.40000E+00    7.93054E-02    6.48210E-05    1.58546E-01
 3.60000E+00    4.85985E-02    3.97224E-05    9.71573E-02
 3.80000E+00    2.98265E-02    2.43789E-05    5.96286E-02
 4.00000E+00    1.83617E-02    1.50081E-05    3.67084E-02
 4.20000E+00    1.13675E-02    9.29132E-06    2.27257E-02
 4.40000E+00    7.08802E-03    5.79345E-06    1.41702E-02
 4.60000E+00    4.45558E-03    1.09918E-04    8.80124E-03
 4.80000E+00    2.82548E-03    6.97041E-05    5.58126E-03
 5.00000E+00    1.81232E-03    4.47096E-05    3.57993E-03
 5.20000E+00    1.16922E-03    2.88445E-05    2.30960E-03
 5.40000E+00    7.62235E-04    1.88042E-05    1.50567E-03
 5.60000E+00    5.02973E-04    1.24083E-05    9.93538E-04
 5.80000E+00    3.35238E-04    8.27026E-06    6.62206E-04
 6.00000E+00    2.26296E-04    5.58268E-06    4.47009E-04
 6.20000E+00    1.54173E-04    3.80342E-06    3.04543E-04
 6.40000E+00    1.06041E-04    2.61601E-06    2.09466E-04
 6.60000E+00    7.36835E-05    1.36282E-05    1.33739E-04
 6.80000E+00    5.15727E-05    9.53870E-06    9.36067E-05
 7.00000E+00    3.64505E-05    6.74175E-06    6.61592E-05
 7.20000E+00    2.59304E-05    4.79599E-06    4.70648E-05
 7.40000E+00    1.85584E-05    3.43250E-06    3.36843E-05
 7.60000E+00    1.33717E-05    2.47318E-06    2.42702E-05
 7.80000E+00    9.67089E-06    1.78869E-06    1.75531E-05
 8.00000E+00    7.03558E-06    1.30128E-06    1.27699E-05
 8.50000E+00    3.22898E-06    5.97221E-07    5.86074E-06
 9.00000E+00    1.51775E-06    1.51775E-06    1.51775E-06
 9.50000E+00    7.29960E-07    7.29960E-07    7.29960E-07
 1.00000E+01    3.59187E-07    3.59187E-07    3.59187E-07
 1.05000E+01    1.80755E-07    1.80755E-07    1.80755E-07
 1.10000E+01    9.30443E-08    9.30443E-08    9.30443E-08
 1.15000E+01    4.89402E-08    4.89402E-08    4.89402E-08
 1.20000E+01    2.62788E-08    2.62788E-08    2.62788E-08
 1.25000E+01    1.43843E-08    1.43843E-08    1.43843E-08
 1.30000E+01    8.01571E-09    8.01571E-09    8.01571E-09
 1.35000E+01    4.54090E-09    4.54090E-09    4.54090E-09
 1.40000E+01    2.61305E-09    2.61305E-09    2.61305E-09
 1.45000E+01    1.52642E-09    1.52642E-09    1.52642E-09
 1.50000E+01    9.04801E-10    9.04801E-10    9.04801E-10
 1.60000E+01    3.31835E-10    3.31835E-10    3.31835E-10
 1.70000E+01    1.28058E-10    1.28058E-10    1.28058E-10
 1.80000E+01    5.23596E-11    5.23596E-11    5.23596E-11
 1.90000E+01    2.24656E-11    2.24656E-11    2.24656E-11
 2.00000E+01    1.00578E-11    1.00578E-11    1.00578E-11
 2.10000E+01    4.67451E-12    4.67451E-12    4.67451E-12
 2.20000E+01    2.24307E-12    2.24307E-12    2.24307E-12
 2.30000E+01    1.10961E-12    1.10961E-12    1.10961E-12
 2.40000E+01    5.65820E-13    5.65820E-13    5.65820E-13
 2.50000E+01    2.97280E-13    2.97280E-13    2.97280E-13
 2.60000E+01    1.60888E-13    1.60888E-13    1.60888E-13
 2.70000E+01    8.95304E-14    8.95304E-14    8.95304E-14
 2.80000E+01    5.09561E-14    5.09561E-14    5.09561E-14
 2.90000E+01    2.96253E-14    2.96253E-14    2.96253E-14
 3.00000E+01    1.75685E-14    1.75685E-14    1.75685E-14
