# n + Ac232 : (n,n'04)  
# tendl.2017 A.J. Koning and D. Rochman        EVAL-NOV17
# uncertainties: y
# # energies =    97
#   E(MeV)       xs(mb)       xslow(mb)      xsupp(mb)
 4.81715E-01    0.00000E+00   -0.00000E+00    0.00000E+00
 4.85628E-01    8.73438E-01    0.00000E+00    4.91169E+00
 4.89506E-01    1.73906E+00    0.00000E+00    9.77942E+00
 4.90562E-01    1.97477E+00    0.00000E+00    1.11049E+01
 4.92360E-01    2.37611E+00    0.00000E+00    1.33618E+01
 4.93154E-01    2.55334E+00    0.00000E+00    1.43584E+01
 4.93737E-01    2.68348E+00    0.00000E+00    1.50903E+01
 4.96077E-01    3.20579E+00    0.00000E+00    1.80275E+01
 4.97414E-01    3.50423E+00    0.00000E+00    1.97057E+01
 4.99400E-01    3.94753E+00    0.00000E+00    2.21985E+01
 5.00000E-01    4.08146E+00    0.00000E+00    2.29517E+01
 5.01678E-01    4.50603E+00    0.00000E+00    2.53392E+01
 5.02953E-01    4.82864E+00    0.00000E+00    2.71534E+01
 5.04496E-01    5.21905E+00    0.00000E+00    2.93488E+01
 5.06530E-01    5.73371E+00    0.00000E+00    3.22429E+01
 5.07560E-01    5.99433E+00    0.00000E+00    3.37085E+01
 5.08615E-01    6.26127E+00    0.00000E+00    3.52096E+01
 5.09721E-01    6.54110E+00    0.00000E+00    3.67832E+01
 5.11172E-01    6.90825E+00    0.00000E+00    3.88478E+01
 5.14295E-01    7.69844E+00    0.00000E+00    4.32914E+01
 5.16147E-01    8.16705E+00    0.00000E+00    4.59266E+01
 5.18461E-01    8.75254E+00    0.00000E+00    4.92190E+01
 5.19771E-01    9.08400E+00    0.00000E+00    5.10829E+01
 5.21385E-01    9.49239E+00    0.00000E+00    5.33795E+01
 5.23265E-01    9.96807E+00    0.00000E+00    5.60544E+01
 5.24139E-01    1.01892E+01    0.00000E+00    5.72980E+01
 5.24886E-01    1.03782E+01    0.00000E+00    5.83609E+01
 5.28482E-01    1.12881E+01    0.00000E+00    6.34775E+01
 6.00000E-01    2.93839E+01    0.00000E+00    1.65237E+02
 7.00000E-01    4.08389E+01    0.00000E+00    2.29653E+02
 8.00000E-01    4.12004E+01    0.00000E+00    2.31686E+02
 9.00000E-01    3.79944E+01    0.00000E+00    2.13658E+02
 1.00000E+00    3.45390E+01    0.00000E+00    8.21289E+01
 1.20000E+00    3.07352E+01    0.00000E+00    7.30840E+01
 1.40000E+00    2.98894E+01    0.00000E+00    7.10728E+01
 1.60000E+00    3.04872E+01    0.00000E+00    7.24943E+01
 1.80000E+00    3.12165E+01    0.00000E+00    8.07011E+01
 2.00000E+00    3.10292E+01    0.00000E+00    8.02169E+01
 2.20000E+00    2.96022E+01    0.00000E+00    7.65278E+01
 2.40000E+00    2.73206E+01    0.00000E+00    7.06294E+01
 2.60000E+00    2.47265E+01    0.00000E+00    6.95195E+01
 2.80000E+00    2.21902E+01    0.00000E+00    6.23886E+01
 3.00000E+00    1.98969E+01    0.00000E+00    5.59409E+01
 3.20000E+00    1.79062E+01    0.00000E+00    5.03440E+01
 3.40000E+00    1.62063E+01    0.00000E+00    4.55646E+01
 3.60000E+00    1.47533E+01    0.00000E+00    4.14795E+01
 3.80000E+00    1.34962E+01    0.00000E+00    3.79451E+01
 4.00000E+00    1.23916E+01    0.00000E+00    3.48395E+01
 4.20000E+00    1.14107E+01    0.00000E+00    3.20816E+01
 4.40000E+00    1.05364E+01    0.00000E+00    2.96235E+01
 4.60000E+00    9.75995E+00    0.00000E+00    3.59777E+01
 4.80000E+00    9.07569E+00    0.00000E+00    3.34553E+01
 5.00000E+00    8.47789E+00    0.00000E+00    3.12517E+01
 5.20000E+00    7.96066E+00    0.00000E+00    2.93450E+01
 5.40000E+00    7.51768E+00    0.00000E+00    2.77121E+01
 5.60000E+00    7.14261E+00    0.00000E+00    2.63295E+01
 5.80000E+00    6.82926E+00    0.00000E+00    2.51744E+01
 6.00000E+00    6.57184E+00    0.00000E+00    2.42255E+01
 6.20000E+00    6.36436E+00    0.00000E+00    2.34606E+01
 6.40000E+00    6.20056E+00    0.00000E+00    2.28568E+01
 6.60000E+00    6.07340E+00    0.00000E+00    1.65993E+01
 6.80000E+00    5.97521E+00    0.00000E+00    1.63310E+01
 7.00000E+00    5.89773E+00    0.00000E+00    1.61192E+01
 7.20000E+00    5.83272E+00    0.00000E+00    1.59415E+01
 7.40000E+00    5.77264E+00    0.00000E+00    1.57773E+01
 7.60000E+00    5.71140E+00    0.00000E+00    1.56099E+01
 7.80000E+00    5.64468E+00    0.00000E+00    1.54276E+01
 8.00000E+00    5.57009E+00    0.00000E+00    1.52237E+01
 8.50000E+00    5.34687E+00    0.00000E+00    1.46136E+01
 9.00000E+00    5.08475E+00    0.00000E+00    1.70028E+01
 9.50000E+00    4.80642E+00    0.00000E+00    1.60721E+01
 1.00000E+01    4.53040E+00    0.00000E+00    1.51491E+01
 1.05000E+01    4.26943E+00    0.00000E+00    1.42765E+01
 1.10000E+01    4.03083E+00    0.00000E+00    1.34786E+01
 1.15000E+01    3.81632E+00    0.00000E+00    1.27613E+01
 1.20000E+01    3.62323E+00    0.00000E+00    1.21156E+01
 1.25000E+01    3.44681E+00    0.00000E+00    1.15257E+01
 1.30000E+01    3.28248E+00    0.00000E+00    9.68184E+00
 1.35000E+01    3.12750E+00    0.00000E+00    9.22472E+00
 1.40000E+01    2.98100E+00    0.00000E+00    8.79261E+00
 1.45000E+01    2.84346E+00    0.00000E+00    8.38693E+00
 1.50000E+01    2.71601E+00    0.00000E+00    8.01101E+00
 1.60000E+01    2.49498E+00    0.00000E+00    7.45489E+00
 1.70000E+01    2.31975E+00    0.00000E+00    6.93131E+00
 1.80000E+01    2.18176E+00    0.00000E+00    6.51900E+00
 1.90000E+01    2.06509E+00    0.00000E+00    6.17040E+00
 2.00000E+01    1.95417E+00    0.00000E+00    5.62761E+00
 2.10000E+01    1.84113E+00    0.00000E+00    5.30208E+00
 2.20000E+01    1.72751E+00    0.00000E+00    4.97488E+00
 2.30000E+01    1.62038E+00    0.00000E+00    4.66637E+00
 2.40000E+01    1.52636E+00    0.00000E+00    4.48519E+00
 2.50000E+01    1.44814E+00    0.00000E+00    4.25534E+00
 2.60000E+01    1.38446E+00    0.00000E+00    4.06822E+00
 2.70000E+01    1.33161E+00    0.00000E+00    3.91292E+00
 2.80000E+01    1.28490E+00    0.00000E+00    3.77566E+00
 2.90000E+01    1.24016E+00    0.00000E+00    3.64420E+00
 3.00000E+01    1.19518E+00    0.00000E+00    3.51202E+00
