# n + Ac232 : (n,n'06)  
# tendl.2017 A.J. Koning and D. Rochman        EVAL-NOV17
# uncertainties: n
# # energies =    95
#   E(MeV)       xs(mb) 
 4.89506E-01    0.00000E+00
 4.90562E-01    1.98076E-01
 4.92360E-01    5.35337E-01
 4.93154E-01    6.84270E-01
 4.93737E-01    7.93631E-01
 4.96077E-01    1.23255E+00
 4.97414E-01    1.48334E+00
 4.99400E-01    1.85586E+00
 5.00000E-01    1.96841E+00
 5.01678E-01    2.07861E+00
 5.02953E-01    2.16234E+00
 5.04496E-01    2.26368E+00
 5.06530E-01    2.39726E+00
 5.07560E-01    2.46491E+00
 5.08615E-01    2.53419E+00
 5.09721E-01    2.60683E+00
 5.11172E-01    2.70212E+00
 5.14295E-01    2.90722E+00
 5.16147E-01    3.02885E+00
 5.18461E-01    3.18082E+00
 5.19771E-01    3.26685E+00
 5.21385E-01    3.37285E+00
 5.23265E-01    3.49632E+00
 5.24139E-01    3.55372E+00
 5.24886E-01    3.60278E+00
 5.28482E-01    3.83894E+00
 6.00000E-01    8.53583E+00
 7.00000E-01    1.06315E+01
 8.00000E-01    1.03863E+01
 9.00000E-01    9.61182E+00
 1.00000E+00    8.96171E+00
 1.20000E+00    8.69234E+00
 1.40000E+00    9.05344E+00
 1.60000E+00    9.45082E+00
 1.80000E+00    9.74409E+00
 2.00000E+00    9.95037E+00
 2.20000E+00    1.00755E+01
 2.40000E+00    1.01593E+01
 2.60000E+00    1.02644E+01
 2.80000E+00    1.04307E+01
 3.00000E+00    1.06657E+01
 3.20000E+00    1.09545E+01
 3.40000E+00    1.12714E+01
 3.60000E+00    1.15919E+01
 3.80000E+00    1.18978E+01
 4.00000E+00    1.21795E+01
 4.20000E+00    1.24358E+01
 4.40000E+00    1.26712E+01
 4.60000E+00    1.28937E+01
 4.80000E+00    1.31124E+01
 5.00000E+00    1.33367E+01
 5.20000E+00    1.35738E+01
 5.40000E+00    1.38291E+01
 5.60000E+00    1.41053E+01
 5.80000E+00    1.44016E+01
 6.00000E+00    1.47142E+01
 6.20000E+00    1.50355E+01
 6.40000E+00    1.53550E+01
 6.60000E+00    1.56601E+01
 6.80000E+00    1.59378E+01
 7.00000E+00    1.61765E+01
 7.20000E+00    1.63670E+01
 7.40000E+00    1.65039E+01
 7.60000E+00    1.65859E+01
 7.80000E+00    1.66153E+01
 8.00000E+00    1.65971E+01
 8.50000E+00    1.63921E+01
 9.00000E+00    1.60559E+01
 9.50000E+00    1.56865E+01
 1.00000E+01    1.53445E+01
 1.05000E+01    1.50559E+01
 1.10000E+01    1.48225E+01
 1.15000E+01    1.46295E+01
 1.20000E+01    1.44557E+01
 1.25000E+01    1.42815E+01
 1.30000E+01    1.40933E+01
 1.35000E+01    1.38859E+01
 1.40000E+01    1.36609E+01
 1.45000E+01    1.34241E+01
 1.50000E+01    1.31828E+01
 1.60000E+01    1.27114E+01
 1.70000E+01    1.22774E+01
 1.80000E+01    1.18836E+01
 1.90000E+01    1.15169E+01
 2.00000E+01    1.11614E+01
 2.10000E+01    1.08092E+01
 2.20000E+01    1.04636E+01
 2.30000E+01    1.01350E+01
 2.40000E+01    9.83183E+00
 2.50000E+01    9.55569E+00
 2.60000E+01    9.30207E+00
 2.70000E+01    9.06301E+00
 2.80000E+01    8.82981E+00
 2.90000E+01    8.59593E+00
 3.00000E+01    8.35959E+00
