# n + Ac232 : (n,n'20)  
# tendl.2017 A.J. Koning and D. Rochman        EVAL-NOV17
# uncertainties: n
# # energies =    80
#   E(MeV)       xs(mb) 
 5.09721E-01    0.00000E+00
 5.11172E-01    5.16977E-12
 5.14295E-01    1.62965E-11
 5.16147E-01    2.28951E-11
 5.18461E-01    3.11394E-11
 5.19771E-01    3.58067E-11
 5.21385E-01    4.15573E-11
 5.23265E-01    4.82555E-11
 5.24139E-01    5.13694E-11
 5.24886E-01    5.40309E-11
 5.28482E-01    6.68430E-11
 6.00000E-01    3.21652E-10
 7.00000E-01    1.68659E-08
 8.00000E-01    1.68226E-07
 9.00000E-01    8.37079E-07
 1.00000E+00    2.80300E-06
 1.20000E+00    1.57484E-05
 1.40000E+00    4.72310E-05
 1.60000E+00    9.17669E-05
 1.80000E+00    1.33219E-04
 2.00000E+00    1.64458E-04
 2.20000E+00    1.89243E-04
 2.40000E+00    2.09934E-04
 2.60000E+00    2.25071E-04
 2.80000E+00    2.31507E-04
 3.00000E+00    2.27108E-04
 3.20000E+00    2.11965E-04
 3.40000E+00    1.88096E-04
 3.60000E+00    1.59238E-04
 3.80000E+00    1.29470E-04
 4.00000E+00    1.01990E-04
 4.20000E+00    7.86442E-05
 4.40000E+00    5.99395E-05
 4.60000E+00    4.55907E-05
 4.80000E+00    3.48409E-05
 5.00000E+00    2.68820E-05
 5.20000E+00    2.09957E-05
 5.40000E+00    1.66103E-05
 5.60000E+00    1.33369E-05
 5.80000E+00    1.08643E-05
 6.00000E+00    8.93629E-06
 6.20000E+00    7.40032E-06
 6.40000E+00    6.14314E-06
 6.60000E+00    5.09682E-06
 6.80000E+00    4.20703E-06
 7.00000E+00    3.46178E-06
 7.20000E+00    2.81867E-06
 7.40000E+00    2.27662E-06
 7.60000E+00    1.82596E-06
 7.80000E+00    1.44769E-06
 8.00000E+00    1.14232E-06
 8.50000E+00    6.14665E-07
 9.00000E+00    3.25142E-07
 9.50000E+00    1.72246E-07
 1.00000E+01    9.25433E-08
 1.05000E+01    5.07526E-08
 1.10000E+01    2.84808E-08
 1.15000E+01    1.63220E-08
 1.20000E+01    9.52052E-09
 1.25000E+01    5.63065E-09
 1.30000E+01    3.36747E-09
 1.35000E+01    2.03339E-09
 1.40000E+01    1.23975E-09
 1.45000E+01    7.63728E-10
 1.50000E+01    4.75874E-10
 1.60000E+01    1.91881E-10
 1.70000E+01    8.12308E-11
 1.80000E+01    3.63808E-11
 1.90000E+01    1.70256E-11
 2.00000E+01    8.24604E-12
 2.10000E+01    4.10111E-12
 2.20000E+01    2.08329E-12
 2.30000E+01    1.08205E-12
 2.40000E+01    5.76556E-13
 2.50000E+01    3.15848E-13
 2.60000E+01    1.78039E-13
 2.70000E+01    1.03052E-13
 2.80000E+01    6.08622E-14
 2.90000E+01    3.65955E-14
 3.00000E+01    2.23611E-14
