# n + Ac232 : (n,n'22)  
# tendl.2017 A.J. Koning and D. Rochman        EVAL-NOV17
# uncertainties: n
# # energies =    78
#   E(MeV)       xs(mb) 
 5.14295E-01    0.00000E+00
 5.16147E-01    1.62934E-01
 5.18461E-01    3.66506E-01
 5.19771E-01    4.81753E-01
 5.21385E-01    6.23749E-01
 5.23265E-01    7.89142E-01
 5.24139E-01    8.66031E-01
 5.24886E-01    9.31751E-01
 5.28482E-01    1.24811E+00
 6.00000E-01    7.53994E+00
 7.00000E-01    1.17267E+01
 8.00000E-01    1.13411E+01
 9.00000E-01    9.33093E+00
 1.00000E+00    7.17346E+00
 1.20000E+00    4.15071E+00
 1.40000E+00    2.44844E+00
 1.60000E+00    1.49380E+00
 1.80000E+00    9.24108E-01
 2.00000E+00    5.70908E-01
 2.20000E+00    3.53608E-01
 2.40000E+00    2.19372E-01
 2.60000E+00    1.35447E-01
 2.80000E+00    8.28823E-02
 3.00000E+00    5.02908E-02
 3.20000E+00    3.03627E-02
 3.40000E+00    1.83054E-02
 3.60000E+00    1.10553E-02
 3.80000E+00    6.70641E-03
 4.00000E+00    4.09313E-03
 4.20000E+00    2.51703E-03
 4.40000E+00    1.55987E-03
 4.60000E+00    9.74934E-04
 4.80000E+00    6.14155E-04
 5.00000E+00    3.90970E-04
 5.20000E+00    2.50237E-04
 5.40000E+00    1.61609E-04
 5.60000E+00    1.05539E-04
 5.80000E+00    6.95585E-05
 6.00000E+00    4.63842E-05
 6.20000E+00    3.12041E-05
 6.40000E+00    2.11904E-05
 6.60000E+00    1.45403E-05
 6.80000E+00    1.00614E-05
 7.00000E+00    7.04054E-06
 7.20000E+00    4.96555E-06
 7.40000E+00    3.53131E-06
 7.60000E+00    2.53250E-06
 7.80000E+00    1.82545E-06
 8.00000E+00    1.32558E-06
 8.50000E+00    6.07131E-07
 9.00000E+00    2.85087E-07
 9.50000E+00    1.36773E-07
 1.00000E+01    6.69656E-08
 1.05000E+01    3.34463E-08
 1.10000E+01    1.70561E-08
 1.15000E+01    8.88146E-09
 1.20000E+01    4.72327E-09
 1.25000E+01    2.56373E-09
 1.30000E+01    1.41883E-09
 1.35000E+01    7.99356E-10
 1.40000E+01    4.57961E-10
 1.45000E+01    2.66532E-10
 1.50000E+01    1.57472E-10
 1.60000E+01    5.73974E-11
 1.70000E+01    2.20115E-11
 1.80000E+01    8.94252E-12
 1.90000E+01    3.81327E-12
 2.00000E+01    1.69770E-12
 2.10000E+01    7.85380E-13
 2.20000E+01    3.75454E-13
 2.30000E+01    1.85128E-13
 2.40000E+01    9.41006E-14
 2.50000E+01    4.92744E-14
 2.60000E+01    2.65743E-14
 2.70000E+01    1.47383E-14
 2.80000E+01    8.36407E-15
 2.90000E+01    4.85176E-15
 3.00000E+01    2.87200E-15
