# n + Sn116 : (n,a)     
# jeff3.3    N.Iwamoto,K.Shibata               EVAL-Dec09
# uncertainties: n
# # energies =   762
#   E(MeV)       xs(mb) 
 1.00000E-11    1.05225E-11
 1.03005E-11    1.03679E-11
 1.06099E-11    1.02156E-11
 1.09287E-11    1.00655E-11
 1.12571E-11    9.91757E-12
 1.15953E-11    9.77186E-12
 1.19437E-11    9.62828E-12
 1.23026E-11    9.48682E-12
 1.26722E-11    9.34743E-12
 1.30530E-11    9.21009E-12
 1.34452E-11    9.07477E-12
 1.38491E-11    8.94144E-12
 1.42652E-11    8.81007E-12
 1.46938E-11    8.68062E-12
 1.51353E-11    8.55308E-12
 1.55901E-11    8.42742E-12
 1.60585E-11    8.30359E-12
 1.65410E-11    8.18159E-12
 1.70380E-11    8.06138E-12
 1.75499E-11    7.94294E-12
 1.80772E-11    7.82624E-12
 1.86203E-11    7.71125E-12
 1.91798E-11    7.59795E-12
 1.97561E-11    7.48632E-12
 2.03497E-11    7.37632E-12
 2.09611E-11    7.26794E-12
 2.15909E-11    7.16116E-12
 2.22396E-11    7.05594E-12
 2.29078E-11    6.95227E-12
 2.35961E-11    6.85013E-12
 2.43051E-11    6.74948E-12
 2.50353E-11    6.65031E-12
 2.57875E-11    6.55260E-12
 2.65623E-11    6.45633E-12
 2.73604E-11    6.36146E-12
 2.81825E-11    6.26800E-12
 2.90293E-11    6.17590E-12
 2.99015E-11    6.08516E-12
 3.07999E-11    5.99576E-12
 3.17253E-11    5.90766E-12
 3.26785E-11    5.82086E-12
 3.36604E-11    5.73534E-12
 3.46717E-11    5.65107E-12
 3.57135E-11    5.56804E-12
 3.67865E-11    5.48623E-12
 3.78918E-11    5.40563E-12
 3.90303E-11    5.32620E-12
 4.02030E-11    5.24795E-12
 4.14109E-11    5.17084E-12
 4.26551E-11    5.09487E-12
 4.39367E-11    5.02001E-12
 4.52569E-11    4.94625E-12
 4.66166E-11    4.87358E-12
 4.80173E-11    4.80197E-12
 4.94600E-11    4.73142E-12
 5.09461E-11    4.66190E-12
 5.24768E-11    4.59341E-12
 5.40535E-11    4.52592E-12
 5.56776E-11    4.45942E-12
 5.73505E-11    4.39390E-12
 5.90736E-11    4.32934E-12
 6.08485E-11    4.26573E-12
 6.26768E-11    4.20306E-12
 6.45599E-11    4.14130E-12
 6.64997E-11    4.08046E-12
 6.84977E-11    4.02050E-12
 7.05558E-11    3.96143E-12
 7.26757E-11    3.90323E-12
 7.48593E-11    3.84588E-12
 7.71085E-11    3.78937E-12
 7.94253E-11    3.73370E-12
 8.18117E-11    3.67884E-12
 8.42698E-11    3.62479E-12
 8.68018E-11    3.57153E-12
 8.94098E-11    3.51905E-12
 9.20962E-11    3.46735E-12
 9.48633E-11    3.41641E-12
 9.77136E-11    3.36621E-12
 1.00649E-10    3.31675E-12
 1.03674E-10    3.26802E-12
 1.06789E-10    3.22000E-12
 1.09997E-10    3.17269E-12
 1.13302E-10    3.12608E-12
 1.16706E-10    3.08015E-12
 1.20213E-10    3.03489E-12
 1.23825E-10    2.99030E-12
 1.27545E-10    2.94637E-12
 1.31377E-10    2.90308E-12
 1.35325E-10    2.86042E-12
 1.39391E-10    2.81839E-12
 1.43579E-10    2.77698E-12
 1.47893E-10    2.73618E-12
 1.52336E-10    2.69598E-12
 1.56913E-10    2.65637E-12
 1.61628E-10    2.61734E-12
 1.66484E-10    2.57889E-12
 1.71486E-10    2.54100E-12
 1.76639E-10    2.50366E-12
 1.81946E-10    2.46688E-12
 1.87413E-10    2.43063E-12
 1.93044E-10    2.39492E-12
 1.98844E-10    2.35973E-12
 2.04818E-10    2.32506E-12
 2.10972E-10    2.29090E-12
 2.17311E-10    2.25724E-12
 2.23840E-10    2.22407E-12
 2.30566E-10    2.19140E-12
 2.37493E-10    2.15920E-12
 2.44629E-10    2.12748E-12
 2.51979E-10    2.09622E-12
 2.59550E-10    2.06542E-12
 2.67349E-10    2.03507E-12
 2.75381E-10    2.00517E-12
 2.83655E-10    1.97571E-12
 2.92178E-10    1.94668E-12
 3.00957E-10    1.91808E-12
 3.09999E-10    1.88990E-12
 3.19313E-10    1.86213E-12
 3.28907E-10    1.83477E-12
 3.38790E-10    1.80781E-12
 3.48969E-10    1.78125E-12
 3.59454E-10    1.75508E-12
 3.70254E-10    1.72929E-12
 3.81379E-10    1.70389E-12
 3.92838E-10    1.67885E-12
 4.04641E-10    1.65418E-12
 4.16798E-10    1.62988E-12
 4.29321E-10    1.60593E-12
 4.42221E-10    1.58234E-12
 4.55508E-10    1.55909E-12
 4.69194E-10    1.53618E-12
 4.83291E-10    1.51361E-12
 4.97812E-10    1.49137E-12
 5.12769E-10    1.46946E-12
 5.28176E-10    1.44787E-12
 5.44045E-10    1.42660E-12
 5.60392E-10    1.40564E-12
 5.77229E-10    1.38498E-12
 5.94572E-10    1.36463E-12
 6.12437E-10    1.34458E-12
 6.30838E-10    1.32483E-12
 6.49792E-10    1.30536E-12
 6.69316E-10    1.28618E-12
 6.89426E-10    1.26729E-12
 7.10140E-10    1.24867E-12
 7.31477E-10    1.23032E-12
 7.53455E-10    1.21224E-12
 7.76093E-10    1.19443E-12
 7.99411E-10    1.17688E-12
 8.23430E-10    1.15959E-12
 8.48171E-10    1.14255E-12
 8.73655E-10    1.12577E-12
 8.99905E-10    1.10923E-12
 9.26943E-10    1.09293E-12
 9.54794E-10    1.07687E-12
 9.83482E-10    1.06105E-12
 1.01303E-09    1.04546E-12
 1.04347E-09    1.03010E-12
 1.07482E-09    1.01496E-12
 1.10711E-09    1.00005E-12
 1.14038E-09    9.85358E-13
 1.17464E-09    9.70880E-13
 1.20994E-09    9.56616E-13
 1.24629E-09    9.42560E-13
 1.28373E-09    9.28712E-13
 1.32231E-09    9.15066E-13
 1.36204E-09    9.01622E-13
 1.40296E-09    8.88374E-13
 1.44511E-09    8.75322E-13
 1.48853E-09    8.62461E-13
 1.53326E-09    8.49789E-13
 1.57932E-09    8.37304E-13
 1.62678E-09    8.25001E-13
 1.67565E-09    8.12880E-13
 1.72600E-09    8.00936E-13
 1.77786E-09    7.89169E-13
 1.83128E-09    7.77574E-13
 1.88630E-09    7.66149E-13
 1.94297E-09    7.54892E-13
 2.00135E-09    7.43801E-13
 2.06148E-09    7.32872E-13
 2.12342E-09    7.22105E-13
 2.18722E-09    7.11495E-13
 2.25294E-09    7.01041E-13
 2.32063E-09    6.90741E-13
 2.39036E-09    6.80592E-13
 2.46218E-09    6.70592E-13
 2.53616E-09    6.60740E-13
 2.61236E-09    6.51032E-13
 2.69085E-09    6.41466E-13
 2.77170E-09    6.32041E-13
 2.85497E-09    6.22755E-13
 2.94075E-09    6.13605E-13
 3.02911E-09    6.04590E-13
 3.12012E-09    5.95707E-13
 3.21387E-09    5.86954E-13
 3.31043E-09    5.78331E-13
 3.40990E-09    5.69834E-13
 3.51235E-09    5.61462E-13
 3.61788E-09    5.53213E-13
 3.72659E-09    5.45085E-13
 3.83856E-09    5.37077E-13
 3.95389E-09    5.29187E-13
 4.07269E-09    5.21412E-13
 4.19505E-09    5.13753E-13
 4.32110E-09    5.06206E-13
 4.45093E-09    4.98771E-13
 4.58466E-09    4.91446E-13
 4.72241E-09    4.84230E-13
 4.86430E-09    4.77121E-13
 5.01045E-09    4.70118E-13
 5.16099E-09    4.63220E-13
 5.31606E-09    4.56426E-13
 5.47579E-09    4.49735E-13
 5.64031E-09    4.43146E-13
 5.80978E-09    4.36660E-13
 5.98434E-09    4.30275E-13
 6.16414E-09    4.23992E-13
 6.34935E-09    4.17811E-13
 6.54012E-09    4.11733E-13
 6.73663E-09    4.05759E-13
 6.93903E-09    3.99890E-13
 7.14752E-09    3.94128E-13
 7.36228E-09    3.88474E-13
 7.58348E-09    3.82933E-13
 7.81133E-09    3.77505E-13
 8.04603E-09    3.72193E-13
 8.28778E-09    3.67000E-13
 8.53679E-09    3.61929E-13
 8.79329E-09    3.56980E-13
 9.05749E-09    3.52155E-13
 9.32963E-09    3.47453E-13
 9.60995E-09    3.42871E-13
 9.89869E-09    3.38406E-13
 1.01961E-08    3.34052E-13
 1.05025E-08    3.29800E-13
 1.08180E-08    3.25639E-13
 1.11903E-08    3.20978E-13
 1.15753E-08    3.16398E-13
 1.20244E-08    3.11307E-13
 1.24909E-08    3.06247E-13
 1.30857E-08    3.00047E-13
 1.37669E-08    2.93193E-13
 1.45450E-08    2.85590E-13
 1.53670E-08    2.77758E-13
 1.61670E-08    2.70331E-13
 1.68654E-08    2.64034E-13
 1.75197E-08    2.58327E-13
 1.81225E-08    2.53266E-13
 1.86670E-08    2.48881E-13
 1.91468E-08    2.45177E-13
 1.96388E-08    2.41544E-13
 2.01435E-08    2.37998E-13
 2.05740E-08    2.35122E-13
 2.10136E-08    2.32324E-13
 2.14627E-08    2.29612E-13
 2.19214E-08    2.26990E-13
 2.23899E-08    2.24460E-13
 2.28683E-08    2.22025E-13
 2.33570E-08    2.19683E-13
 2.38562E-08    2.17435E-13
 2.43660E-08    2.15277E-13
 2.48867E-08    2.13204E-13
 2.52045E-08    2.11999E-13
 2.53000E-08    2.11646E-13
 2.59502E-08    2.09333E-13
 2.66171E-08    2.07115E-13
 2.73011E-08    2.04978E-13
 2.81214E-08    2.02563E-13
 2.90891E-08    1.99874E-13
 3.03457E-08    1.96557E-13
 3.20607E-08    1.92214E-13
 3.53359E-08    1.84139E-13
 4.01158E-08    1.72489E-13
 4.23830E-08    1.67058E-13
 4.40273E-08    1.63230E-13
 4.53501E-08    1.60269E-13
 4.63193E-08    1.58192E-13
 4.73091E-08    1.56170E-13
 4.83201E-08    1.54222E-13
 4.91445E-08    1.52730E-13
 4.99829E-08    1.51305E-13
 5.08356E-08    1.49952E-13
 5.17029E-08    1.48672E-13
 5.25849E-08    1.47465E-13
 5.34820E-08    1.46325E-13
 5.46249E-08    1.44987E-13
 5.57923E-08    1.43727E-13
 5.72261E-08    1.42290E-13
 5.89455E-08    1.40676E-13
 6.17524E-08    1.38175E-13
 7.07012E-08    1.30446E-13
 8.62481E-08    1.17095E-13
 8.99737E-08    1.13954E-13
 9.22860E-08    1.12065E-13
 9.42582E-08    1.10518E-13
 9.58662E-08    1.09318E-13
 9.75017E-08    1.08167E-13
 9.87466E-08    1.07346E-13
 1.00007E-07    1.06564E-13
 1.01284E-07    1.05826E-13
 1.02577E-07    1.05134E-13
 1.03887E-07    1.04485E-13
 1.05214E-07    1.03879E-13
 1.07009E-07    1.03129E-13
 1.08834E-07    1.02434E-13
 1.11160E-07    1.01619E-13
 1.14500E-07    1.00534E-13
 1.21999E-07    9.82260E-14
 1.80785E-07    8.03953E-14
 1.87006E-07    7.85442E-14
 1.91003E-07    7.74004E-14
 1.94261E-07    7.65182E-14
 1.96742E-07    7.58892E-14
 1.99254E-07    7.52977E-14
 2.01798E-07    7.47502E-14
 2.04374E-07    7.42500E-14
 2.06984E-07    7.37967E-14
 2.09626E-07    7.33861E-14
 2.12303E-07    7.30113E-14
 2.15925E-07    7.25524E-14
 2.21474E-07    7.19127E-14
 2.37983E-07    7.01279E-14
 3.75754E-07    5.53705E-14
 3.85411E-07    5.43629E-14
 3.90332E-07    5.38734E-14
 3.95315E-07    5.34078E-14
 3.98673E-07    5.31169E-14
 4.02059E-07    5.28453E-14
 4.05474E-07    5.25951E-14
 4.08919E-07    5.23670E-14
 4.12392E-07    5.21600E-14
 4.17657E-07    5.18839E-14
 4.22990E-07    5.16389E-14
 4.32029E-07    5.12684E-14
 4.88401E-07    4.91263E-14
 7.71142E-07    3.84249E-14
 7.84298E-07    3.79433E-14
 7.94312E-07    3.76010E-14
 8.01059E-07    3.73912E-14
 8.07863E-07    3.72013E-14
 8.14725E-07    3.70337E-14
 8.21645E-07    3.68880E-14
 8.28624E-07    3.67608E-14
 8.39204E-07    3.65940E-14
 8.60770E-07    3.62946E-14
 1.57594E-06    2.67282E-14
 1.59818E-06    2.64547E-14
 1.62073E-06    2.62252E-14
 1.64359E-06    2.60555E-14
 1.97192E-06    2.44801E-14
 3.17509E-06    1.87905E-14
 3.21988E-06    1.86000E-14
 3.26531E-06    1.84612E-14
 6.39691E-06    1.32095E-14
 6.48716E-06    1.30863E-14
 6.86107E-06    1.28476E-14
 1.28880E-05    9.28700E-15
 1.30698E-05    9.22180E-15
 2.56044E-05    6.60067E-15
 2.59657E-05    6.53575E-15
 5.15858E-05    4.63975E-15
 5.23136E-05    4.60963E-15
 1.02485E-04    3.29861E-15
 1.03931E-04    3.26429E-15
 1.09921E-04    3.17463E-15
 1.11200E-04    2.99726E-12
 1.12769E-04    5.94873E-12
 2.20920E-04    3.37468E-12
 2.24037E-04    3.32746E-12
 3.97901E-04    2.05257E-12
 4.03515E-04    2.02844E-12
 6.96863E-04    1.29866E-12
 7.06694E-04    1.28384E-12
 1.00000E-03    9.76539E-13
 2.00000E-03    6.65957E-13
 4.00000E-03    4.54174E-13
 7.00000E-03    3.21415E-13
 1.00000E-02    2.49993E-13
 2.00000E-02    1.75291E-13
 3.00000E-02    1.46791E-13
 4.00000E-02    1.35790E-13
 5.00000E-02    1.31222E-13
 5.99882E-02    1.32886E-13
 6.99831E-02    1.37117E-13
 8.00000E-02    1.43921E-13
 9.00000E-02    1.52776E-13
 1.00000E-01    1.63534E-13
 1.10000E-01    1.77449E-13
 1.20000E-01    1.93226E-13
 1.30000E-01    2.10989E-13
 1.40000E-01    2.30898E-13
 1.50000E-01    2.53137E-13
 1.60000E-01    2.77922E-13
 1.70000E-01    3.05498E-13
 1.80000E-01    3.36139E-13
 1.90000E-01    3.69597E-13
 2.00000E-01    4.07256E-13
 2.25000E-01    5.28117E-13
 2.50000E-01    6.84748E-13
 2.75000E-01    8.86872E-13
 3.00000E-01    1.14515E-12
 4.00000E-01    3.23325E-12
 5.00000E-01    8.97876E-12
 6.00000E-01    2.42397E-11
 6.99969E-01    6.34478E-11
 8.00000E-01    1.61056E-10
 9.00000E-01    3.96225E-10
 1.00000E+00    9.45489E-10
 1.10000E+00    2.19982E-09
 1.20000E+00    4.96453E-09
 1.30000E+00    1.08830E-08
 1.30482E+00    1.12941E-08
 1.40000E+00    1.68078E-08
 1.50000E+00    3.08594E-08
 1.60000E+00    5.71441E-08
 1.64924E+00    7.76759E-08
 1.67443E+00    9.05617E-08
 1.69037E+00    9.96793E-08
 1.70221E+00    1.07052E-07
 1.71615E+00    1.16663E-07
 1.73142E+00    1.28088E-07
 1.74646E+00    1.40325E-07
 1.76242E+00    1.54472E-07
 1.77388E+00    1.65223E-07
 1.79096E+00    1.80884E-07
 1.80000E+00    1.89709E-07
 1.81565E+00    2.07935E-07
 1.83131E+00    2.27731E-07
 1.84672E+00    2.48868E-07
 1.86126E+00    2.70465E-07
 1.87720E+00    2.96007E-07
 1.89211E+00    3.21920E-07
 1.90152E+00    3.39430E-07
 1.91698E+00    3.71558E-07
 1.93134E+00    4.03878E-07
 1.94675E+00    4.41398E-07
 1.96130E+00    4.79735E-07
 1.97722E+00    5.25080E-07
 1.99212E+00    5.71089E-07
 2.00541E+00    6.15300E-07
 2.02020E+00    6.68364E-07
 2.03704E+00    7.33917E-07
 2.05530E+00    8.10868E-07
 2.07222E+00    8.88066E-07
 2.08818E+00    9.67003E-07
 2.10567E+00    1.06075E-06
 2.12143E+00    1.15219E-06
 2.13417E+00    1.22928E-06
 2.15314E+00    1.34367E-06
 2.17132E+00    1.46227E-06
 2.19133E+00    1.60351E-06
 2.20997E+00    1.74602E-06
 2.22939E+00    1.90669E-06
 2.24475E+00    2.04282E-06
 2.25000E+00    2.07778E-06
 2.27229E+00    2.28548E-06
 2.28896E+00    2.44883E-06
 2.31322E+00    2.67723E-06
 2.33696E+00    2.91894E-06
 2.36151E+00    3.18897E-06
 2.39753E+00    3.61842E-06
 2.41712E+00    3.86669E-06
 2.44368E+00    4.23688E-06
 2.46903E+00    4.61883E-06
 2.49625E+00    5.06209E-06
 2.50000E+00    5.12573E-06
 2.52107E+00    5.56944E-06
 2.54482E+00    6.11105E-06
 2.55537E+00    6.35655E-06
 2.57036E+00    6.69924E-06
 2.59501E+00    7.32932E-06
 2.61210E+00    7.79988E-06
 2.63734E+00    8.55862E-06
 2.66010E+00    9.29889E-06
 2.68474E+00    1.01664E-05
 2.71015E+00    1.11386E-05
 2.73620E+00    1.22206E-05
 2.75000E+00    1.28312E-05
 2.77302E+00    1.40172E-05
 2.79451E+00    1.52115E-05
 2.82295E+00    1.69238E-05
 2.84693E+00    1.84808E-05
 2.87263E+00    2.02906E-05
 2.89793E+00    2.21899E-05
 2.92342E+00    2.42658E-05
 2.93736E+00    2.54960E-05
 2.95920E+00    2.76619E-05
 2.98257E+00    3.01631E-05
 2.98579E+00    3.05207E-05
 3.00000E+00    3.17287E-05
 3.03887E+00    3.62511E-05
 3.04678E+00    3.72615E-05
 3.08691E+00    4.28170E-05
 3.11205E+00    4.65591E-05
 3.13549E+00    5.01175E-05
 3.16180E+00    5.46810E-05
 3.19488E+00    6.08889E-05
 3.23794E+00    6.91984E-05
 3.25554E+00    7.29511E-05
 3.25615E+00    7.34099E-05
 3.26963E+00    7.60592E-05
 3.29104E+00    8.07190E-05
 3.31473E+00    8.63438E-05
 3.34384E+00    9.37741E-05
 3.39004E+00    1.07409E-04
 3.41746E+00    1.16098E-04
 3.45138E+00    1.27718E-04
 3.48197E+00    1.39082E-04
 3.51441E+00    1.52086E-04
 3.54688E+00    1.66149E-04
 3.58009E+00    1.81741E-04
 3.61225E+00    1.98044E-04
 3.64749E+00    2.17422E-04
 3.68223E+00    2.38176E-04
 3.71916E+00    2.62166E-04
 3.74947E+00    2.83554E-04
 3.78524E+00    3.11206E-04
 3.82183E+00    3.41974E-04
 3.85713E+00    3.74246E-04
 3.89271E+00    4.09461E-04
 3.92748E+00    4.46754E-04
 3.96264E+00    4.87574E-04
 4.00737E+00    5.43810E-04
 4.04742E+00    5.96988E-04
 4.08607E+00    6.52709E-04
 4.12504E+00    7.13455E-04
 4.16314E+00    7.77728E-04
 4.20251E+00    8.49520E-04
 4.24264E+00    9.28743E-04
 4.28284E+00    1.01639E-03
 4.32308E+00    1.11143E-03
 4.36271E+00    1.21275E-03
 4.40016E+00    1.31611E-03
 4.44120E+00    1.43819E-03
 4.48256E+00    1.57150E-03
 4.54809E+00    1.79090E-03
 4.59663E+00    1.96615E-03
 4.64370E+00    2.15076E-03
 4.68860E+00    2.34092E-03
 4.73678E+00    2.56125E-03
 4.78069E+00    2.78171E-03
 4.82973E+00    3.04838E-03
 4.87216E+00    3.29712E-03
 4.91932E+00    3.59502E-03
 4.97205E+00    3.95582E-03
 5.00746E+00    4.21067E-03
 5.06615E+00    4.62731E-03
 5.12314E+00    5.06664E-03
 5.17755E+00    5.51961E-03
 5.23599E+00    6.04491E-03
 5.28822E+00    6.55984E-03
 5.34580E+00    7.17437E-03
 5.40265E+00    7.83046E-03
 5.46066E+00    8.55338E-03
 5.51498E+00    9.26283E-03
 5.58363E+00    1.01620E-02
 5.65407E+00    1.11621E-02
 5.72223E+00    1.22106E-02
 5.79111E+00    1.33543E-02
 5.85862E+00    1.45651E-02
 5.92855E+00    1.59182E-02
 6.08430E+00    1.91584E-02
 6.16599E+00    2.09922E-02
 6.24864E+00    2.29956E-02
 6.32977E+00    2.51199E-02
 6.41391E+00    2.74977E-02
 6.58535E+00    3.27342E-02
 6.67748E+00    3.57591E-02
 6.78034E+00    3.94113E-02
 6.87039E+00    4.28619E-02
 6.97246E+00    4.70776E-02
 7.09814E+00    5.25558E-02
 7.20677E+00    5.76579E-02
 7.32039E+00    6.34334E-02
 7.43762E+00    6.98878E-02
 7.55884E+00    7.71175E-02
 7.67803E+00    8.48067E-02
 7.79624E+00    9.30560E-02
 7.92261E+00    1.02608E-01
 8.13489E+00    1.19725E-01
 8.26882E+00    1.31397E-01
 8.41214E+00    1.44915E-01
 8.50000E+00    1.53747E-01
 8.62316E+00    1.68997E-01
 8.73539E+00    1.83993E-01
 8.85427E+00    2.01090E-01
 8.96464E+00    2.18126E-01
 9.03046E+00    2.29141E-01
 9.15760E+00    2.52428E-01
 9.28349E+00    2.77454E-01
 9.40614E+00    3.03849E-01
 9.51525E+00    3.29292E-01
 9.63535E+00    3.60569E-01
 9.75313E+00    3.93719E-01
 9.87519E+00    4.30811E-01
 1.00000E+01    4.71815E-01
 1.00863E+01    5.03037E-01
 1.01116E+01    5.12557E-01
 1.01355E+01    5.21645E-01
 1.01579E+01    5.30311E-01
 1.01789E+01    5.38566E-01
 1.02185E+01    5.54393E-01
 1.02533E+01    5.68622E-01
 1.02838E+01    5.81372E-01
 1.03106E+01    5.92762E-01
 1.03341E+01    6.02912E-01
 1.03753E+01    6.21094E-01
 1.04063E+01    6.35089E-01
 1.04297E+01    6.45792E-01
 1.04648E+01    6.62185E-01
 1.05000E+01    6.78995E-01
 1.05306E+01    6.94014E-01
 1.05593E+01    7.08396E-01
 1.05863E+01    7.22149E-01
 1.06117E+01    7.35286E-01
 1.06356E+01    7.47818E-01
 1.06580E+01    7.59761E-01
 1.07002E+01    7.82670E-01
 1.07372E+01    8.03282E-01
 1.07697E+01    8.21762E-01
 1.07982E+01    8.38281E-01
 1.08232E+01    8.53007E-01
 1.08452E+01    8.66104E-01
 1.08837E+01    8.89509E-01
 1.09126E+01    9.07478E-01
 1.09562E+01    9.35113E-01
 1.10000E+01    9.63590E-01
 1.10306E+01    9.83914E-01
 1.10594E+01    1.00336E+00
 1.10864E+01    1.02193E+00
 1.11118E+01    1.03966E+00
 1.11357E+01    1.05656E+00
 1.11806E+01    1.08899E+00
 1.12200E+01    1.11818E+00
 1.12546E+01    1.14436E+00
 1.12850E+01    1.16778E+00
 1.13117E+01    1.18865E+00
 1.13350E+01    1.20723E+00
 1.13761E+01    1.24044E+00
 1.14069E+01    1.26594E+00
 1.14301E+01    1.28541E+00
 1.14650E+01    1.31518E+00
 1.15000E+01    1.34564E+00
 1.15306E+01    1.37236E+00
 1.15594E+01    1.39789E+00
 1.15865E+01    1.42226E+00
 1.16119E+01    1.44549E+00
 1.16597E+01    1.49008E+00
 1.17017E+01    1.53022E+00
 1.17386E+01    1.56623E+00
 1.17710E+01    1.59843E+00
 1.17993E+01    1.62715E+00
 1.18242E+01    1.65270E+00
 1.18679E+01    1.69839E+00
 1.19008E+01    1.73347E+00
 1.19255E+01    1.76027E+00
 1.19627E+01    1.80124E+00
 1.20000E+01    1.84316E+00
 1.20307E+01    1.87754E+00
 1.20595E+01    1.91035E+00
 1.20865E+01    1.94163E+00
 1.21375E+01    2.00168E+00
 1.21822E+01    2.05574E+00
 1.22215E+01    2.10423E+00
 1.22560E+01    2.14761E+00
 1.22862E+01    2.18629E+00
 1.23127E+01    2.22071E+00
 1.23593E+01    2.28225E+00
 1.23943E+01    2.32953E+00
 1.24206E+01    2.36563E+00
 1.24603E+01    2.42082E+00
 1.25000E+01    2.47731E+00
 1.25307E+01    2.52031E+00
 1.25595E+01    2.56129E+00
 1.26137E+01    2.63995E+00
 1.26614E+01    2.71075E+00
 1.27032E+01    2.77426E+00
 1.27400E+01    2.83105E+00
 1.27722E+01    2.88170E+00
 1.28004E+01    2.92675E+00
 1.28500E+01    3.00730E+00
 1.28874E+01    3.06916E+00
 1.29154E+01    3.11640E+00
 1.29576E+01    3.18861E+00
 1.30000E+01    3.26250E+00
 1.30307E+01    3.31485E+00
 1.30885E+01    3.41528E+00
 1.31392E+01    3.50565E+00
 1.31838E+01    3.58669E+00
 1.32229E+01    3.65913E+00
 1.32572E+01    3.72372E+00
 1.33175E+01    3.83949E+00
 1.33629E+01    3.92868E+00
 1.33970E+01    3.99693E+00
 1.34484E+01    4.10154E+00
 1.35000E+01    4.20888E+00
 1.35615E+01    4.33348E+00
 1.36156E+01    4.44552E+00
 1.36630E+01    4.54593E+00
 1.37047E+01    4.63565E+00
 1.37413E+01    4.71561E+00
 1.38055E+01    4.85886E+00
 1.38539E+01    4.96915E+00
 1.38903E+01    5.05351E+00
 1.39450E+01    5.18273E+00
 1.40000E+01    5.31527E+00
 1.40615E+01    5.45761E+00
 1.41156E+01    5.58528E+00
 1.41631E+01    5.69945E+00
 1.42048E+01    5.80125E+00
 1.42414E+01    5.89182E+00
 1.43056E+01    6.05374E+00
 1.43539E+01    6.17809E+00
 1.44268E+01    6.36942E+00
 1.45000E+01    6.56667E+00
 1.45616E+01    6.72452E+00
 1.46157E+01    6.86575E+00
 1.46632E+01    6.99176E+00
 1.47049E+01    7.10391E+00
 1.47781E+01    7.30452E+00
 1.48333E+01    7.45869E+00
 1.48748E+01    7.57645E+00
 1.49373E+01    7.75658E+00
 1.50000E+01    7.94100E+00
 1.50616E+01    8.10756E+00
 1.51157E+01    8.25616E+00
 1.51632E+01    8.38842E+00
 1.52467E+01    8.62499E+00
 1.53097E+01    8.80679E+00
 1.54045E+01    9.08669E+00
 1.55000E+01    9.37550E+00
 1.55616E+01    9.54788E+00
 1.56701E+01    9.85721E+00
 1.57519E+01    1.00958E+01
 1.58136E+01    1.02785E+01
 1.59065E+01    1.05587E+01
 1.60000E+01    1.08466E+01
 1.61236E+01    1.11861E+01
 1.62169E+01    1.14477E+01
 1.62872E+01    1.16478E+01
 1.63932E+01    1.19547E+01
 1.65000E+01    1.22696E+01
 1.66236E+01    1.25872E+01
 1.67169E+01    1.28307E+01
 1.68579E+01    1.32048E+01
 1.70000E+01    1.35899E+01
 1.71236E+01    1.38676E+01
 1.73108E+01    1.42947E+01
 1.75000E+01    1.47351E+01
 1.77469E+01    1.51950E+01
 1.77482E+01    1.51975E+01
 1.79986E+01    1.56719E+01
 1.80000E+01    1.56744E+01
 1.82539E+01    1.60263E+01
 1.85000E+01    1.63671E+01
 1.87610E+01    1.66025E+01
 1.90000E+01    1.68181E+01
 1.92681E+01    1.69345E+01
 1.95000E+01    1.70352E+01
 1.97751E+01    1.70408E+01
 2.00000E+01    1.70453E+01
