# n + Ac231 : (n,p)     
# tendl.2017 A.J. Koning and D. Rochman        EVAL-NOV17
# uncertainties: y
# # energies =    84
#   E(MeV)       xs(mb)       xslow(mb)      xsupp(mb)
 1.67858E+00    0.00000E+00    0.00000E+00    0.00000E+00
 3.40000E+00    1.72096E-17    1.72096E-17    1.72096E-17
 3.60000E+00    3.66872E-16    3.66872E-16    3.66872E-16
 3.80000E+00    5.37805E-15    5.37805E-15    5.37805E-15
 4.00000E+00    4.63310E-14    4.63310E-14    4.63310E-14
 4.20000E+00    1.19088E-12    1.19088E-12    1.19088E-12
 4.40000E+00    7.89917E-12    7.89917E-12    7.89917E-12
 4.60000E+00    4.51458E-11    1.78616E-11    7.24300E-11
 4.80000E+00    2.23456E-10    8.84089E-11    3.58503E-10
 5.00000E+00    9.69227E-10    3.83468E-10    1.55499E-09
 5.20000E+00    3.73337E-09    1.47708E-09    5.98966E-09
 5.40000E+00    1.29211E-08    5.11215E-09    2.07301E-08
 5.60000E+00    4.06608E-08    1.60872E-08    6.52344E-08
 5.80000E+00    1.17302E-07    4.64097E-08    1.88194E-07
 6.00000E+00    1.95659E-07    7.74112E-08    3.13907E-07
 6.20000E+00    3.46693E-07    1.37167E-07    5.56219E-07
 6.40000E+00    1.49879E-06    5.92986E-07    2.40459E-06
 6.60000E+00    2.11607E-06    8.99493E-07    3.33265E-06
 6.80000E+00    6.83998E-06    2.90752E-06    1.07724E-05
 7.00000E+00    1.06902E-05    4.54416E-06    1.68362E-05
 7.20000E+00    1.83288E-05    7.79116E-06    2.88664E-05
 7.40000E+00    5.25727E-05    2.23475E-05    8.27979E-05
 7.60000E+00    6.94390E-05    2.95169E-05    1.09361E-04
 7.80000E+00    1.50972E-04    6.41748E-05    2.37769E-04
 8.00000E+00    2.19559E-04    9.33296E-05    3.45788E-04
 8.50000E+00    7.23535E-04    3.07558E-04    1.13951E-03
 9.00000E+00    2.03484E-03    1.03959E-03    3.03009E-03
 9.50000E+00    5.03640E-03    2.57308E-03    7.49972E-03
 1.00000E+01    1.12437E-02    5.74437E-03    1.67430E-02
 1.05000E+01    2.30640E-02    1.17833E-02    3.43447E-02
 1.10000E+01    4.40959E-02    2.25285E-02    6.56634E-02
 1.15000E+01    7.93399E-02    4.05345E-02    1.18145E-01
 1.20000E+01    1.35229E-01    6.90880E-02    2.01370E-01
 1.25000E+01    2.19308E-01    1.12044E-01    3.26572E-01
 1.30000E+01    3.39398E-01    1.86200E-01    4.92596E-01
 1.35000E+01    5.03276E-01    2.76106E-01    7.30446E-01
 1.40000E+01    7.16950E-01    3.93331E-01    1.04057E+00
 1.45000E+01    9.84684E-01    5.40215E-01    1.42915E+00
 1.50000E+01    1.30946E+00    7.18393E-01    1.90053E+00
 1.60000E+01    2.11848E+00    1.41990E+00    2.81706E+00
 1.70000E+01    3.19605E+00    2.14213E+00    4.24997E+00
 1.80000E+01    4.30334E+00    2.88428E+00    5.72240E+00
 1.90000E+01    5.39446E+00    3.61560E+00    7.17333E+00
 2.00000E+01    6.34177E+00    4.83063E+00    7.85291E+00
 2.10000E+01    7.18665E+00    5.47419E+00    8.89911E+00
 2.20000E+01    7.82339E+00    5.95920E+00    9.68758E+00
 2.30000E+01    8.21792E+00    6.25972E+00    1.01761E+01
 2.40000E+01    8.64145E+00    6.78453E+00    1.04984E+01
 2.50000E+01    8.95251E+00    7.02874E+00    1.08763E+01
 2.60000E+01    9.08082E+00    7.12948E+00    1.10322E+01
 2.70000E+01    9.18641E+00    7.21238E+00    1.11604E+01
 2.80000E+01    9.24534E+00    7.25865E+00    1.12320E+01
 2.90000E+01    9.16368E+00    7.19453E+00    1.11328E+01
 3.00000E+01    9.05023E+00    7.10546E+00    1.09950E+01
 3.00000E+01    8.86136E+00    6.95718E+00    1.07655E+01
 3.20000E+01    8.64612E+00    6.78819E+00    1.05041E+01
 3.40000E+01    8.22978E+00    6.46132E+00    9.99824E+00
 3.60000E+01    7.75957E+00    6.09215E+00    9.42699E+00
 3.80000E+01    7.28784E+00    5.72179E+00    8.85390E+00
 4.00000E+01    6.85418E+00    5.38132E+00    8.32705E+00
 4.20000E+01    6.41576E+00    5.03711E+00    7.79442E+00
 4.40000E+01    6.16612E+00    4.84111E+00    7.49113E+00
 4.60000E+01    5.78086E+00    4.53864E+00    7.02309E+00
 4.80000E+01    5.41279E+00    4.24966E+00    6.57593E+00
 5.00000E+01    5.11328E+00    4.01451E+00    6.21206E+00
 5.20000E+01    4.83740E+00    3.79791E+00    5.87689E+00
 5.40000E+01    4.59240E+00    3.60555E+00    5.57924E+00
 5.60000E+01    4.35048E+00    3.41562E+00    5.28533E+00
 5.80000E+01    4.15113E+00    3.25911E+00    5.04315E+00
 6.00000E+01    3.95480E+00    3.10497E+00    4.80464E+00
 6.50000E+01    3.48760E+00    2.73817E+00    4.23704E+00
 7.00000E+01    3.19529E+00    2.50867E+00    3.88191E+00
 7.50000E+01    2.86805E+00    2.25175E+00    3.48435E+00
 8.00000E+01    2.60734E+00    2.04706E+00    3.16762E+00
 9.00000E+01    2.17845E+00    1.71033E+00    2.64657E+00
 1.00000E+02    1.82841E+00    1.43551E+00    2.22130E+00
 1.10000E+02    1.55375E+00    1.21987E+00    1.88763E+00
 1.20000E+02    1.33940E+00    1.05158E+00    1.62721E+00
 1.30000E+02    1.17018E+00    9.18722E-01    1.42163E+00
 1.40000E+02    1.03367E+00    8.11547E-01    1.25579E+00
 1.50000E+02    9.11984E-01    7.16012E-01    1.10796E+00
 1.60000E+02    8.10626E-01    6.36434E-01    9.84818E-01
 1.80000E+02    6.83821E-01    5.36877E-01    8.30764E-01
 2.00000E+02    5.74640E-01    4.51158E-01    6.98121E-01
