# n + Ac231 :  n        
# tendl.2017 A.J. Koning and D. Rochman        EVAL-NOV17
# uncertainties: n
# # energies =    79
#   E(MeV)       xs(mb) 
 4.00000E+00    0.00000E+00
 4.20000E+00    6.51530E-16
 4.40000E+00    1.05837E-14
 4.60000E+00    5.99169E-14
 4.80000E+00    2.86917E-13
 5.00000E+00    1.31286E-12
 5.20000E+00    5.95821E-12
 5.40000E+00    2.70867E-11
 5.60000E+00    1.24073E-10
 5.80000E+00    5.71468E-10
 6.00000E+00    2.65904E-09
 6.20000E+00    1.24412E-08
 6.40000E+00    5.10679E-08
 6.60000E+00    1.97970E-07
 6.80000E+00    6.17223E-07
 7.00000E+00    1.83090E-06
 7.20000E+00    5.76376E-06
 7.40000E+00    2.07851E-05
 7.60000E+00    8.38184E-05
 7.80000E+00    3.60104E-04
 8.00000E+00    1.59248E-03
 8.50000E+00    3.38876E-02
 9.00000E+00    1.12897E-01
 9.50000E+00    1.80499E-01
 1.00000E+01    2.24412E-01
 1.05000E+01    2.43935E-01
 1.10000E+01    2.47060E-01
 1.15000E+01    2.47800E-01
 1.20000E+01    2.53241E-01
 1.25000E+01    2.67592E-01
 1.30000E+01    2.92125E-01
 1.35000E+01    3.25987E-01
 1.40000E+01    3.66423E-01
 1.45000E+01    4.11400E-01
 1.50000E+01    4.59765E-01
 1.60000E+01    5.67066E-01
 1.70000E+01    6.80436E-01
 1.80000E+01    8.05908E-01
 1.90000E+01    9.37659E-01
 2.00000E+01    1.07398E+00
 2.10000E+01    1.21247E+00
 2.20000E+01    1.35324E+00
 2.30000E+01    1.49619E+00
 2.40000E+01    1.63793E+00
 2.50000E+01    1.78781E+00
 2.60000E+01    1.94690E+00
 2.70000E+01    2.11786E+00
 2.80000E+01    2.30166E+00
 2.90000E+01    2.48960E+00
 3.00000E+01    2.68470E+00
 3.20000E+01    3.08289E+00
 3.40000E+01    3.55155E+00
 3.60000E+01    4.11189E+00
 3.80000E+01    4.77959E+00
 4.00000E+01    5.57786E+00
 4.20000E+01    6.53195E+00
 4.40000E+01    7.68130E+00
 4.60000E+01    9.05413E+00
 4.80000E+01    1.06809E+01
 5.00000E+01    1.25787E+01
 5.20000E+01    1.47292E+01
 5.40000E+01    1.71404E+01
 5.60000E+01    1.97680E+01
 5.80000E+01    2.25245E+01
 6.00000E+01    2.52918E+01
 6.50000E+01    3.12047E+01
 7.00000E+01    3.31192E+01
 7.50000E+01    2.94540E+01
 8.00000E+01    2.21880E+01
 9.00000E+01    1.12429E+01
 1.00000E+02    6.71184E+00
 1.10000E+02    4.68664E+00
 1.20000E+02    3.51481E+00
 1.30000E+02    2.72754E+00
 1.40000E+02    2.17376E+00
 1.50000E+02    1.77615E+00
 1.60000E+02    1.47218E+00
 1.80000E+02    1.05872E+00
 2.00000E+02    7.78177E-01
