# n + Ac231 : (n,xg)    
# tendl.2017 A.J. Koning and D. Rochman        EVAL-NOV17
# 
# # energies =   138
#   E(MeV)        xs(mb) 
 5.27292E-03    0.00000E+00
 1.00000E-02    0.00000E+00
 1.84201E-02    0.00000E+00
 2.00000E-02    0.00000E+00
 3.00000E-02    0.00000E+00
 3.81659E-02    0.00000E+00
 5.00827E-02    0.00000E+00
 6.00000E-02    0.00000E+00
 6.19895E-02    0.00000E+00
 6.88191E-02    0.00000E+00
 7.50663E-02    0.00000E+00
 9.44104E-02    0.00000E+00
 9.64292E-02    0.00000E+00
 1.00000E-01    0.00000E+00
 1.16506E-01    0.00000E+00
 1.35589E-01    0.00000E+00
 1.61371E-01    0.00000E+00
 2.00000E-01    0.00000E+00
 2.38949E-01    0.00000E+00
 2.46833E-01    0.00000E+00
 2.58122E-01    0.00000E+00
 2.67905E-01    0.00000E+00
 3.00000E-01    0.00000E+00
 3.06332E-01    0.00000E+00
 3.51528E-01    0.00000E+00
 3.73905E-01    0.00000E+00
 4.00000E-01    0.00000E+00
 4.17063E-01    0.00000E+00
 4.51452E-01    0.00000E+00
 4.58513E-01    0.00000E+00
 4.73669E-01    0.00000E+00
 4.75326E-01    0.00000E+00
 4.80298E-01    0.00000E+00
 4.87800E-01    0.00000E+00
 5.00000E-01    0.00000E+00
 5.00244E-01    0.00000E+00
 5.15481E-01    0.00000E+00
 5.33268E-01    0.00000E+00
 5.97778E-01    0.00000E+00
 6.00000E-01    0.00000E+00
 7.00000E-01    0.00000E+00
 8.00000E-01    0.00000E+00
 9.00000E-01    0.00000E+00
 1.00000E+00    0.00000E+00
 1.20000E+00    0.00000E+00
 1.40000E+00    0.00000E+00
 1.60000E+00    0.00000E+00
 1.80000E+00    0.00000E+00
 2.00000E+00    0.00000E+00
 2.20000E+00    0.00000E+00
 2.40000E+00    0.00000E+00
 2.60000E+00    0.00000E+00
 2.80000E+00    0.00000E+00
 3.00000E+00    0.00000E+00
 3.20000E+00    0.00000E+00
 3.40000E+00    0.00000E+00
 3.60000E+00    0.00000E+00
 3.80000E+00    0.00000E+00
 4.00000E+00    0.00000E+00
 4.20000E+00    0.00000E+00
 4.40000E+00    0.00000E+00
 4.60000E+00    0.00000E+00
 4.80000E+00    0.00000E+00
 5.00000E+00    0.00000E+00
 5.20000E+00    0.00000E+00
 5.40000E+00    0.00000E+00
 5.60000E+00    0.00000E+00
 5.80000E+00    0.00000E+00
 6.00000E+00    0.00000E+00
 6.20000E+00    0.00000E+00
 6.40000E+00    0.00000E+00
 6.60000E+00    0.00000E+00
 6.80000E+00    0.00000E+00
 7.00000E+00    0.00000E+00
 7.20000E+00    0.00000E+00
 7.40000E+00    0.00000E+00
 7.60000E+00    0.00000E+00
 7.80000E+00    0.00000E+00
 8.00000E+00    0.00000E+00
 8.50000E+00    0.00000E+00
 9.00000E+00    0.00000E+00
 9.50000E+00    0.00000E+00
 1.00000E+01    0.00000E+00
 1.05000E+01    0.00000E+00
 1.10000E+01    0.00000E+00
 1.15000E+01    0.00000E+00
 1.20000E+01    0.00000E+00
 1.25000E+01    0.00000E+00
 1.30000E+01    0.00000E+00
 1.35000E+01    0.00000E+00
 1.40000E+01    0.00000E+00
 1.45000E+01    0.00000E+00
 1.50000E+01    0.00000E+00
 1.60000E+01    0.00000E+00
 1.70000E+01    0.00000E+00
 1.80000E+01    0.00000E+00
 1.90000E+01    0.00000E+00
 2.00000E+01    0.00000E+00
 2.10000E+01    0.00000E+00
 2.20000E+01    0.00000E+00
 2.30000E+01    0.00000E+00
 2.40000E+01    0.00000E+00
 2.50000E+01    0.00000E+00
 2.60000E+01    0.00000E+00
 2.70000E+01    0.00000E+00
 2.80000E+01    0.00000E+00
 2.90000E+01    0.00000E+00
 3.00000E+01    0.00000E+00
 3.00000E+01    1.14166E+04
 3.20000E+01    1.14329E+04
 3.40000E+01    1.15959E+04
 3.60000E+01    1.18166E+04
 3.80000E+01    1.19963E+04
 4.00000E+01    1.21612E+04
 4.20000E+01    1.22253E+04
 4.40000E+01    1.22722E+04
 4.60000E+01    1.22552E+04
 4.80000E+01    1.22078E+04
 5.00000E+01    1.21129E+04
 5.20000E+01    1.19942E+04
 5.40000E+01    1.19434E+04
 5.60000E+01    1.18757E+04
 5.80000E+01    1.17743E+04
 6.00000E+01    1.17857E+04
 6.50000E+01    1.16737E+04
 7.00000E+01    1.14979E+04
 7.50000E+01    1.12584E+04
 8.00000E+01    1.09377E+04
 9.00000E+01    1.02902E+04
 1.00000E+02    9.71574E+03
 1.10000E+02    9.07401E+03
 1.20000E+02    8.52344E+03
 1.30000E+02    8.15119E+03
 1.40000E+02    7.85154E+03
 1.50000E+02    7.56373E+03
 1.60000E+02    7.31032E+03
 1.80000E+02    6.94697E+03
 2.00000E+02    6.47754E+03
