# n + Ac231 : (n,xd)    
# tendl.2017 A.J. Koning and D. Rochman        EVAL-NOV17
# 
# # energies =   138
#   E(MeV)        xs(mb) 
 5.27292E-03    0.00000E+00
 1.00000E-02    0.00000E+00
 1.84201E-02    0.00000E+00
 2.00000E-02    0.00000E+00
 3.00000E-02    0.00000E+00
 3.81659E-02    0.00000E+00
 5.00827E-02    0.00000E+00
 6.00000E-02    0.00000E+00
 6.19895E-02    0.00000E+00
 6.88191E-02    0.00000E+00
 7.50663E-02    0.00000E+00
 9.44104E-02    0.00000E+00
 9.64292E-02    0.00000E+00
 1.00000E-01    0.00000E+00
 1.16506E-01    0.00000E+00
 1.35589E-01    0.00000E+00
 1.61371E-01    0.00000E+00
 2.00000E-01    0.00000E+00
 2.38949E-01    0.00000E+00
 2.46833E-01    0.00000E+00
 2.58122E-01    0.00000E+00
 2.67905E-01    0.00000E+00
 3.00000E-01    0.00000E+00
 3.06332E-01    0.00000E+00
 3.51528E-01    0.00000E+00
 3.73905E-01    0.00000E+00
 4.00000E-01    0.00000E+00
 4.17063E-01    0.00000E+00
 4.51452E-01    0.00000E+00
 4.58513E-01    0.00000E+00
 4.73669E-01    0.00000E+00
 4.75326E-01    0.00000E+00
 4.80298E-01    0.00000E+00
 4.87800E-01    0.00000E+00
 5.00000E-01    0.00000E+00
 5.00244E-01    0.00000E+00
 5.15481E-01    0.00000E+00
 5.33268E-01    0.00000E+00
 5.97778E-01    0.00000E+00
 6.00000E-01    0.00000E+00
 7.00000E-01    0.00000E+00
 8.00000E-01    0.00000E+00
 9.00000E-01    0.00000E+00
 1.00000E+00    0.00000E+00
 1.20000E+00    0.00000E+00
 1.40000E+00    0.00000E+00
 1.60000E+00    0.00000E+00
 1.80000E+00    0.00000E+00
 2.00000E+00    0.00000E+00
 2.20000E+00    0.00000E+00
 2.40000E+00    0.00000E+00
 2.60000E+00    0.00000E+00
 2.80000E+00    0.00000E+00
 3.00000E+00    0.00000E+00
 3.20000E+00    0.00000E+00
 3.40000E+00    0.00000E+00
 3.60000E+00    0.00000E+00
 3.80000E+00    0.00000E+00
 4.00000E+00    1.37989E-18
 4.20000E+00    3.04764E-18
 4.40000E+00    4.71539E-18
 4.60000E+00    6.38313E-18
 4.80000E+00    8.05088E-18
 5.00000E+00    9.71863E-18
 5.20000E+00    1.13864E-17
 5.40000E+00    1.30541E-17
 5.60000E+00    1.47219E-17
 5.80000E+00    1.63896E-17
 6.00000E+00    1.80574E-17
 6.20000E+00    1.97251E-17
 6.40000E+00    2.13929E-17
 6.60000E+00    2.30606E-17
 6.80000E+00    2.96671E-16
 7.00000E+00    2.91996E-15
 7.20000E+00    2.28706E-14
 7.40000E+00    1.19871E-12
 7.60000E+00    6.72313E-12
 7.80000E+00    3.26764E-11
 8.00000E+00    1.39909E-10
 8.50000E+00    2.65430E-09
 9.00000E+00    3.66517E-08
 9.50000E+00    3.44938E-07
 1.00000E+01    2.38867E-06
 1.05000E+01    1.29144E-05
 1.10000E+01    5.68363E-05
 1.15000E+01    2.10281E-04
 1.20000E+01    6.70799E-04
 1.25000E+01    1.88459E-03
 1.30000E+01    4.74842E-03
 1.35000E+01    1.08950E-02
 1.40000E+01    2.11806E-02
 1.45000E+01    4.26660E-02
 1.50000E+01    8.02492E-02
 1.60000E+01    2.36283E-01
 1.70000E+01    5.82408E-01
 1.80000E+01    1.14232E+00
 1.90000E+01    1.92212E+00
 2.00000E+01    2.87418E+00
 2.10000E+01    3.94418E+00
 2.20000E+01    5.08884E+00
 2.30000E+01    6.27633E+00
 2.40000E+01    7.48342E+00
 2.50000E+01    8.67801E+00
 2.60000E+01    1.02464E+01
 2.70000E+01    1.14515E+01
 2.80000E+01    1.26399E+01
 2.90000E+01    1.38082E+01
 3.00000E+01    1.49558E+01
 3.00000E+01    1.46556E+01
 3.20000E+01    1.69442E+01
 3.40000E+01    1.91326E+01
 3.60000E+01    2.14413E+01
 3.80000E+01    2.40064E+01
 4.00000E+01    2.69875E+01
 4.20000E+01    3.05624E+01
 4.40000E+01    3.48628E+01
 4.60000E+01    4.12312E+01
 4.80000E+01    4.71192E+01
 5.00000E+01    5.36942E+01
 5.20000E+01    6.07879E+01
 5.40000E+01    6.81630E+01
 5.60000E+01    7.55905E+01
 5.80000E+01    8.28555E+01
 6.00000E+01    8.97629E+01
 6.50000E+01    1.03668E+02
 7.00000E+01    1.17275E+02
 7.50000E+01    1.28243E+02
 8.00000E+01    1.39304E+02
 9.00000E+01    1.47835E+02
 1.00000E+02    1.55400E+02
 1.10000E+02    1.59750E+02
 1.20000E+02    1.62278E+02
 1.30000E+02    1.70497E+02
 1.40000E+02    1.85532E+02
 1.50000E+02    2.06509E+02
 1.60000E+02    2.42356E+02
 1.80000E+02    4.56297E+02
 2.00000E+02    8.64541E+02
