# n + Ac231 : (n,np)    
# tendl.2017 A.J. Koning and D. Rochman        EVAL-NOV17
# uncertainties: y
# # energies =    31
#   E(MeV)       xs(mb)       xslow(mb)      xsupp(mb)
 6.06881E+00    0.00000E+00    0.00000E+00    0.00000E+00
 8.00000E+00    8.20385E-16    8.20385E-16    8.20385E-16
 8.50000E+00    1.00583E-12    1.00583E-12    1.00583E-12
 9.00000E+00    1.33341E-10    4.30454E-11    2.23637E-10
 9.50000E+00    5.17867E-09    1.67179E-09    8.68555E-09
 1.00000E+01    8.98541E-08    2.90069E-08    1.50701E-07
 1.05000E+01    1.27519E-06    4.11659E-07    2.13872E-06
 1.10000E+01    1.02848E-05    3.32016E-06    1.72494E-05
 1.15000E+01    5.66513E-05    1.82883E-05    9.50143E-05
 1.20000E+01    2.35567E-04    7.60462E-05    3.95088E-04
 1.25000E+01    7.94242E-04    2.56399E-04    1.33209E-03
 1.30000E+01    2.54098E-03    8.81354E-04    4.20061E-03
 1.35000E+01    6.66621E-03    2.31222E-03    1.10202E-02
 1.40000E+01    1.58455E-02    5.49611E-03    2.61949E-02
 1.45000E+01    3.46586E-02    1.20215E-02    5.72957E-02
 1.50000E+01    6.87946E-02    2.38618E-02    1.13727E-01
 1.60000E+01    2.27647E-01    8.99055E-02    3.65388E-01
 1.70000E+01    6.28913E-01    2.48379E-01    1.00945E+00
 1.80000E+01    1.40323E+00    5.54183E-01    2.25228E+00
 1.90000E+01    2.70217E+00    1.06718E+00    4.33716E+00
 2.00000E+01    4.65056E+00    2.27444E+00    7.02668E+00
 2.10000E+01    7.14875E+00    3.49622E+00    1.08013E+01
 2.20000E+01    1.02078E+01    4.99230E+00    1.54233E+01
 2.30000E+01    1.36044E+01    6.65347E+00    2.05553E+01
 2.40000E+01    1.73219E+01    9.34498E+00    2.52988E+01
 2.50000E+01    2.10166E+01    1.13382E+01    3.06950E+01
 2.60000E+01    2.47324E+01    1.33429E+01    3.61219E+01
 2.70000E+01    2.82155E+01    1.52220E+01    4.12090E+01
 2.80000E+01    3.14064E+01    1.69434E+01    4.58694E+01
 2.90000E+01    3.43084E+01    1.85090E+01    5.01078E+01
 3.00000E+01    3.69163E+01    1.99160E+01    5.39166E+01
