# n + Ac231 : (n,nd)    
# tendl.2017 A.J. Koning and D. Rochman        EVAL-NOV17
# uncertainties: y
# # energies =    21
#   E(MeV)       xs(mb)       xslow(mb)      xsupp(mb)
 9.97821E+00    0.00000E+00    0.00000E+00    0.00000E+00
 1.30000E+01    1.40188E-14    4.01464E-15    2.40230E-14
 1.35000E+01    1.72863E-12    4.95037E-13    2.96222E-12
 1.40000E+01    1.19726E-10    3.42866E-11    2.05165E-10
 1.45000E+01    2.43908E-09    6.98493E-10    4.17967E-09
 1.50000E+01    2.92146E-08    8.36634E-09    5.00629E-08
 1.60000E+01    2.44005E-06    8.47023E-07    4.03308E-06
 1.70000E+01    6.08601E-05    2.11266E-05    1.00594E-04
 1.80000E+01    7.46378E-04    2.59093E-04    1.23366E-03
 1.90000E+01    5.47685E-03    1.90120E-03    9.05250E-03
 2.00000E+01    2.66620E-02    1.38678E-02    3.94562E-02
 2.10000E+01    9.23896E-02    4.80548E-02    1.36724E-01
 2.20000E+01    2.46847E-01    1.28393E-01    3.65301E-01
 2.30000E+01    5.43540E-01    2.82713E-01    8.04367E-01
 2.40000E+01    9.80227E-01    6.55529E-01    1.30492E+00
 2.50000E+01    1.55371E+00    1.03905E+00    2.06837E+00
 2.60000E+01    2.22545E+00    1.48828E+00    2.96263E+00
 2.70000E+01    2.93245E+00    1.96108E+00    3.90382E+00
 2.80000E+01    3.61287E+00    2.41612E+00    4.80962E+00
 2.90000E+01    4.23265E+00    2.83060E+00    5.63471E+00
 3.00000E+01    4.75731E+00    3.18146E+00    6.33316E+00
