# n + Ac231 : (n,n'03)  
# tendl.2017 A.J. Koning and D. Rochman        EVAL-NOV17
# uncertainties: y
# # energies =   103
#   E(MeV)       xs(mb)       xslow(mb)      xsupp(mb)
 3.81659E-02    0.00000E+00    0.00000E+00    0.00000E+00
 5.00827E-02    4.98751E+01    2.78735E+01    7.18768E+01
 6.00000E-02    9.13818E+01    5.10701E+01    1.31694E+02
 6.19895E-02    9.33486E+01    5.21693E+01    1.34528E+02
 6.88191E-02    1.00100E+02    5.59426E+01    1.44258E+02
 7.50663E-02    1.06276E+02    5.93942E+01    1.53159E+02
 9.44104E-02    1.25400E+02    7.00817E+01    1.80718E+02
 9.64292E-02    1.27396E+02    7.11971E+01    1.83595E+02
 1.00000E-01    1.30926E+02    7.31700E+01    1.88682E+02
 1.16506E-01    1.30440E+02    7.28986E+01    1.87982E+02
 1.35589E-01    1.29879E+02    7.25848E+01    1.87173E+02
 1.61371E-01    1.29120E+02    7.21609E+01    1.86080E+02
 2.00000E-01    1.27984E+02    8.33134E+01    1.72655E+02
 2.38949E-01    1.22238E+02    7.95726E+01    1.64902E+02
 2.46833E-01    1.21074E+02    7.88154E+01    1.63333E+02
 2.58122E-01    1.19409E+02    7.77311E+01    1.61086E+02
 2.67905E-01    1.17965E+02    7.67915E+01    1.59139E+02
 3.00000E-01    1.13230E+02    7.37090E+01    1.52751E+02
 3.06332E-01    1.12400E+02    7.31690E+01    1.51632E+02
 3.51528E-01    1.06479E+02    6.93142E+01    1.43643E+02
 3.73905E-01    1.03547E+02    6.74057E+01    1.39688E+02
 4.00000E-01    1.00128E+02    6.51800E+01    1.35076E+02
 4.17063E-01    9.85726E+01    6.41675E+01    1.32978E+02
 4.51452E-01    9.54377E+01    6.21268E+01    1.28749E+02
 4.58513E-01    9.47941E+01    6.17078E+01    1.27880E+02
 4.73669E-01    9.34125E+01    6.08085E+01    1.26017E+02
 4.75326E-01    9.32614E+01    6.07101E+01    1.25813E+02
 4.80298E-01    9.28082E+01    6.04151E+01    1.25201E+02
 4.87800E-01    9.21243E+01    5.99699E+01    1.24279E+02
 5.00000E-01    9.10122E+01    5.92459E+01    1.22778E+02
 5.00244E-01    9.09928E+01    5.92333E+01    1.22752E+02
 5.15481E-01    8.97816E+01    5.84449E+01    1.21118E+02
 5.33268E-01    8.83678E+01    5.75245E+01    1.19211E+02
 5.97778E-01    8.32399E+01    5.41865E+01    1.12293E+02
 6.00000E-01    8.30633E+01    4.04629E+01    1.25664E+02
 7.00000E-01    7.42729E+01    3.61808E+01    1.12365E+02
 8.00000E-01    6.48968E+01    3.16134E+01    9.81802E+01
 9.00000E-01    5.58487E+01    2.72058E+01    8.44916E+01
 1.00000E+00    4.75931E+01    1.94341E+01    7.57521E+01
 1.20000E+00    3.45037E+01    1.40892E+01    5.49182E+01
 1.40000E+00    2.49332E+01    1.01812E+01    3.96852E+01
 1.60000E+00    1.76364E+01    7.20161E+00    2.80712E+01
 1.80000E+00    1.21305E+01    4.42844E+00    1.98326E+01
 2.00000E+00    8.12191E+00    2.96503E+00    1.32788E+01
 2.20000E+00    5.32154E+00    1.94271E+00    8.70037E+00
 2.40000E+00    3.43198E+00    1.25290E+00    5.61106E+00
 2.60000E+00    2.19034E+00    7.67689E-01    3.61299E+00
 2.80000E+00    1.38998E+00    4.87172E-01    2.29279E+00
 3.00000E+00    8.79468E-01    3.08244E-01    1.45069E+00
 3.20000E+00    5.55932E-01    1.94848E-01    9.17016E-01
 3.40000E+00    3.51276E-01    1.23118E-01    5.79434E-01
 3.60000E+00    2.21722E-01    7.77111E-02    3.65733E-01
 3.80000E+00    1.39714E-01    4.89682E-02    2.30460E-01
 4.00000E+00    8.77891E-02    3.07691E-02    1.44809E-01
 4.20000E+00    5.50530E-02    1.92955E-02    9.08105E-02
 4.40000E+00    3.45176E-02    1.20980E-02    5.69372E-02
 4.60000E+00    2.16860E-02    7.94495E-03    3.54271E-02
 4.80000E+00    1.36734E-02    5.00943E-03    2.23374E-02
 5.00000E+00    8.67020E-03    3.17644E-03    1.41640E-02
 5.20000E+00    5.51901E-03    2.02196E-03    9.01606E-03
 5.40000E+00    3.53380E-03    1.29465E-03    5.77295E-03
 5.60000E+00    2.28524E-03    8.37227E-04    3.73325E-03
 5.80000E+00    1.48925E-03    5.45606E-04    2.43289E-03
 6.00000E+00    9.79893E-04    3.58996E-04    1.60079E-03
 6.20000E+00    6.50108E-04    2.38175E-04    1.06204E-03
 6.40000E+00    4.34498E-04    1.59184E-04    7.09812E-04
 6.60000E+00    2.93121E-04    9.97042E-05    4.86538E-04
 6.80000E+00    1.98953E-04    6.76733E-05    3.30233E-04
 7.00000E+00    1.36172E-04    4.63185E-05    2.26026E-04
 7.20000E+00    9.38471E-05    3.19218E-05    1.55772E-04
 7.40000E+00    6.50442E-05    2.21246E-05    1.07964E-04
 7.60000E+00    4.54378E-05    1.54555E-05    7.54201E-05
 7.80000E+00    3.18817E-05    1.08445E-05    5.29189E-05
 8.00000E+00    2.25134E-05    7.65786E-06    3.73689E-05
 8.50000E+00    9.64435E-06    3.28050E-06    1.60082E-05
 9.00000E+00    4.26093E-06    4.26093E-06    4.26093E-06
 9.50000E+00    1.93930E-06    1.93930E-06    1.93930E-06
 1.00000E+01    9.07957E-07    9.07957E-07    9.07957E-07
 1.05000E+01    4.36895E-07    4.36895E-07    4.36895E-07
 1.10000E+01    2.15768E-07    2.15768E-07    2.15768E-07
 1.15000E+01    1.09257E-07    1.09257E-07    1.09257E-07
 1.20000E+01    5.66179E-08    5.66179E-08    5.66179E-08
 1.25000E+01    2.99866E-08    2.99866E-08    2.99866E-08
 1.30000E+01    1.61980E-08    1.61980E-08    1.61980E-08
 1.35000E+01    8.91181E-09    8.91181E-09    8.91181E-09
 1.40000E+01    4.98614E-09    4.98614E-09    4.98614E-09
 1.45000E+01    2.83490E-09    2.83490E-09    2.83490E-09
 1.50000E+01    1.63684E-09    1.63684E-09    1.63684E-09
 1.60000E+01    5.70616E-10    5.70616E-10    5.70616E-10
 1.70000E+01    2.09765E-10    2.09765E-10    2.09765E-10
 1.80000E+01    8.18294E-11    8.18294E-11    8.18294E-11
 1.90000E+01    3.36040E-11    3.36040E-11    3.36040E-11
 2.00000E+01    1.44558E-11    1.44558E-11    1.44558E-11
 2.10000E+01    6.48282E-12    6.48282E-12    6.48282E-12
 2.20000E+01    3.01294E-12    3.01294E-12    3.01294E-12
 2.30000E+01    1.44850E-12    1.44850E-12    1.44850E-12
 2.40000E+01    7.18641E-13    7.18641E-13    7.18641E-13
 2.50000E+01    3.67900E-13    3.67900E-13    3.67900E-13
 2.60000E+01    1.93998E-13    1.93998E-13    1.93998E-13
 2.70000E+01    1.05260E-13    1.05260E-13    1.05260E-13
 2.80000E+01    5.86587E-14    5.86587E-14    5.86587E-14
 2.90000E+01    3.34336E-14    3.34336E-14    3.34336E-14
 3.00000E+01    1.94546E-14    1.94546E-14    1.94546E-14
