# n + Ac231 : (n,n'20)  
# tendl.2017 A.J. Koning and D. Rochman        EVAL-NOV17
# uncertainties: n
# # energies =    81
#   E(MeV)       xs(mb) 
 4.17063E-01    0.00000E+00
 4.51452E-01    6.00647E-01
 4.58513E-01    7.23977E-01
 4.73669E-01    9.88696E-01
 4.75326E-01    1.01764E+00
 4.80298E-01    1.10448E+00
 4.87800E-01    1.23551E+00
 5.00000E-01    1.44860E+00
 5.00244E-01    1.45682E+00
 5.15481E-01    1.97027E+00
 5.33268E-01    2.56964E+00
 5.97778E-01    4.74345E+00
 6.00000E-01    4.81832E+00
 7.00000E-01    9.03255E+00
 8.00000E-01    1.32341E+01
 9.00000E-01    1.69478E+01
 1.00000E+00    1.99307E+01
 1.20000E+00    2.36752E+01
 1.40000E+00    2.44497E+01
 1.60000E+00    2.25569E+01
 1.80000E+00    1.86848E+01
 2.00000E+00    1.38987E+01
 2.20000E+00    9.47739E+00
 2.40000E+00    6.11658E+00
 2.60000E+00    3.83738E+00
 2.80000E+00    2.38105E+00
 3.00000E+00    1.47525E+00
 3.20000E+00    9.17036E-01
 3.40000E+00    5.71941E-01
 3.60000E+00    3.56926E-01
 3.80000E+00    2.22218E-01
 4.00000E+00    1.37654E-01
 4.20000E+00    8.48738E-02
 4.40000E+00    5.22171E-02
 4.60000E+00    3.21742E-02
 4.80000E+00    1.98980E-02
 5.00000E+00    1.23927E-02
 5.20000E+00    7.77020E-03
 5.40000E+00    4.91140E-03
 5.60000E+00    3.14739E-03
 5.80000E+00    2.03960E-03
 6.00000E+00    1.33918E-03
 6.20000E+00    8.90166E-04
 6.40000E+00    5.98112E-04
 6.60000E+00    4.06925E-04
 6.80000E+00    2.79380E-04
 7.00000E+00    1.93837E-04
 7.20000E+00    1.35584E-04
 7.40000E+00    9.54924E-05
 7.60000E+00    6.77673E-05
 7.80000E+00    4.82931E-05
 8.00000E+00    3.46153E-05
 8.50000E+00    1.53109E-05
 9.00000E+00    6.93474E-06
 9.50000E+00    3.21631E-06
 1.00000E+01    1.52768E-06
 1.05000E+01    7.43492E-07
 1.10000E+01    3.70654E-07
 1.15000E+01    1.89218E-07
 1.20000E+01    9.87626E-08
 1.25000E+01    5.26458E-08
 1.30000E+01    2.86039E-08
 1.35000E+01    1.58219E-08
 1.40000E+01    8.89745E-09
 1.45000E+01    5.08408E-09
 1.50000E+01    2.95044E-09
 1.60000E+01    1.03973E-09
 1.70000E+01    3.86789E-10
 1.80000E+01    1.52790E-10
 1.90000E+01    6.35166E-11
 2.00000E+01    2.76256E-11
 2.10000E+01    1.25034E-11
 2.20000E+01    5.85421E-12
 2.30000E+01    2.83121E-12
 2.40000E+01    1.41175E-12
 2.50000E+01    7.26186E-13
 2.60000E+01    3.84787E-13
 2.70000E+01    2.09831E-13
 2.80000E+01    1.17529E-13
 2.90000E+01    6.73151E-14
 3.00000E+01    3.93408E-14
