# n + Ac231 : (n,n'24)  
# tendl.2017 A.J. Koning and D. Rochman        EVAL-NOV17
# uncertainties: n
# # energies =    77
#   E(MeV)       xs(mb) 
 4.75326E-01    0.00000E+00
 4.80298E-01    5.03645E-02
 4.87800E-01    1.26357E-01
 5.00000E-01    2.49938E-01
 5.00244E-01    2.56325E-01
 5.15481E-01    6.55138E-01
 5.33268E-01    1.12069E+00
 5.97778E-01    2.80918E+00
 6.00000E-01    2.86734E+00
 7.00000E-01    6.80117E+00
 8.00000E-01    1.09812E+01
 9.00000E-01    1.47635E+01
 1.00000E+00    1.78131E+01
 1.20000E+00    2.15363E+01
 1.40000E+00    2.22293E+01
 1.60000E+00    2.05590E+01
 1.80000E+00    1.72958E+01
 2.00000E+00    1.31578E+01
 2.20000E+00    9.14580E+00
 2.40000E+00    5.97788E+00
 2.60000E+00    3.77956E+00
 2.80000E+00    2.35495E+00
 3.00000E+00    1.46161E+00
 3.20000E+00    9.08834E-01
 3.40000E+00    5.66655E-01
 3.60000E+00    3.53559E-01
 3.80000E+00    2.20187E-01
 4.00000E+00    1.36503E-01
 4.20000E+00    8.42486E-02
 4.40000E+00    5.18816E-02
 4.60000E+00    3.19870E-02
 4.80000E+00    1.97937E-02
 5.00000E+00    1.23278E-02
 5.20000E+00    7.73050E-03
 5.40000E+00    4.88674E-03
 5.60000E+00    3.12995E-03
 5.80000E+00    2.02778E-03
 6.00000E+00    1.33078E-03
 6.20000E+00    8.84214E-04
 6.40000E+00    5.93872E-04
 6.60000E+00    4.03880E-04
 6.80000E+00    2.77189E-04
 7.00000E+00    1.92293E-04
 7.20000E+00    1.34488E-04
 7.40000E+00    9.47108E-05
 7.60000E+00    6.72383E-05
 7.80000E+00    4.79248E-05
 8.00000E+00    3.43649E-05
 8.50000E+00    1.52150E-05
 9.00000E+00    6.89778E-06
 9.50000E+00    3.20164E-06
 1.00000E+01    1.52158E-06
 1.05000E+01    7.40823E-07
 1.10000E+01    3.69419E-07
 1.15000E+01    1.88620E-07
 1.20000E+01    9.84654E-08
 1.25000E+01    5.24961E-08
 1.30000E+01    2.85281E-08
 1.35000E+01    1.57831E-08
 1.40000E+01    8.87735E-09
 1.45000E+01    5.07342E-09
 1.50000E+01    2.94461E-09
 1.60000E+01    1.03781E-09
 1.70000E+01    3.86089E-10
 1.80000E+01    1.52514E-10
 1.90000E+01    6.34049E-11
 2.00000E+01    2.75801E-11
 2.10000E+01    1.24848E-11
 2.20000E+01    5.84645E-12
 2.30000E+01    2.82780E-12
 2.40000E+01    1.41016E-12
 2.50000E+01    7.25387E-13
 2.60000E+01    3.84367E-13
 2.70000E+01    2.09604E-13
 2.80000E+01    1.17405E-13
 2.90000E+01    6.72472E-14
 3.00000E+01    3.93037E-14
