# n + Ac231 : (n,n'27)  
# tendl.2017 A.J. Koning and D. Rochman        EVAL-NOV17
# uncertainties: n
# # energies =    73
#   E(MeV)       xs(mb) 
 5.00244E-01    0.00000E+00
 5.15481E-01    3.74088E-03
 5.33268E-01    8.10781E-03
 5.97778E-01    2.39459E-02
 6.00000E-01    2.44914E-02
 7.00000E-01    9.02130E-02
 8.00000E-01    2.00741E-01
 9.00000E-01    3.48912E-01
 1.00000E+00    5.25869E-01
 1.20000E+00    9.60953E-01
 1.40000E+00    1.54345E+00
 1.60000E+00    2.33303E+00
 1.80000E+00    3.24611E+00
 2.00000E+00    3.99811E+00
 2.20000E+00    4.35442E+00
 2.40000E+00    4.32352E+00
 2.60000E+00    4.05751E+00
 2.80000E+00    3.70174E+00
 3.00000E+00    3.34457E+00
 3.20000E+00    3.02525E+00
 3.40000E+00    2.75299E+00
 3.60000E+00    2.52285E+00
 3.80000E+00    2.32564E+00
 4.00000E+00    2.15270E+00
 4.20000E+00    1.99823E+00
 4.40000E+00    1.85930E+00
 4.60000E+00    1.73477E+00
 4.80000E+00    1.62427E+00
 5.00000E+00    1.52752E+00
 5.20000E+00    1.44401E+00
 5.40000E+00    1.37298E+00
 5.60000E+00    1.31357E+00
 5.80000E+00    1.26484E+00
 6.00000E+00    1.22591E+00
 6.20000E+00    1.19588E+00
 6.40000E+00    1.17373E+00
 6.60000E+00    1.15838E+00
 6.80000E+00    1.14858E+00
 7.00000E+00    1.14291E+00
 7.20000E+00    1.13990E+00
 7.40000E+00    1.13812E+00
 7.60000E+00    1.13630E+00
 7.80000E+00    1.13347E+00
 8.00000E+00    1.12895E+00
 8.50000E+00    1.10861E+00
 9.00000E+00    1.07644E+00
 9.50000E+00    1.03640E+00
 1.00000E+01    9.92852E-01
 1.05000E+01    9.49388E-01
 1.10000E+01    9.08413E-01
 1.15000E+01    8.71013E-01
 1.20000E+01    8.37114E-01
 1.25000E+01    8.06013E-01
 1.30000E+01    7.76904E-01
 1.35000E+01    7.49252E-01
 1.40000E+01    7.22893E-01
 1.45000E+01    6.97948E-01
 1.50000E+01    6.74655E-01
 1.60000E+01    6.33933E-01
 1.70000E+01    6.01483E-01
 1.80000E+01    5.76095E-01
 1.90000E+01    5.55055E-01
 2.00000E+01    5.35427E-01
 2.10000E+01    5.15393E-01
 2.20000E+01    4.94845E-01
 2.30000E+01    4.74940E-01
 2.40000E+01    4.57003E-01
 2.50000E+01    4.41697E-01
 2.60000E+01    4.28875E-01
 2.70000E+01    4.17808E-01
 2.80000E+01    4.07493E-01
 2.90000E+01    3.97003E-01
 3.00000E+01    3.85862E-01
