# n + Ac223 : (n,3a)    
# tendl.2017 A.J. Koning and D. Rochman        EVAL-NOV17
# uncertainties: n
# # energies =   728
#   E(MeV)       xs(mb) 
 1.00000E-11    2.65452E-15
 1.03005E-11    2.61552E-15
 1.06099E-11    2.57709E-15
 1.09287E-11    2.53923E-15
 1.12571E-11    2.50192E-15
 1.15953E-11    2.46516E-15
 1.19437E-11    2.42894E-15
 1.23026E-11    2.39325E-15
 1.26722E-11    2.35809E-15
 1.30530E-11    2.32344E-15
 1.34452E-11    2.28930E-15
 1.38491E-11    2.25567E-15
 1.42652E-11    2.22253E-15
 1.46938E-11    2.18987E-15
 1.51353E-11    2.15770E-15
 1.55901E-11    2.12599E-15
 1.60585E-11    2.09476E-15
 1.65410E-11    2.06398E-15
 1.70380E-11    2.03365E-15
 1.75499E-11    2.00378E-15
 1.80772E-11    1.97433E-15
 1.86203E-11    1.94533E-15
 1.91798E-11    1.91674E-15
 1.97561E-11    1.88858E-15
 2.03497E-11    1.86083E-15
 2.09611E-11    1.83349E-15
 2.15909E-11    1.80655E-15
 2.22396E-11    1.78001E-15
 2.29078E-11    1.75386E-15
 2.35961E-11    1.72809E-15
 2.43051E-11    1.70270E-15
 2.50353E-11    1.67768E-15
 2.57875E-11    1.65303E-15
 2.65623E-11    1.62874E-15
 2.73604E-11    1.60481E-15
 2.81825E-11    1.58124E-15
 2.90293E-11    1.55800E-15
 2.99015E-11    1.53511E-15
 3.07999E-11    1.51256E-15
 3.17253E-11    1.49033E-15
 3.26785E-11    1.46844E-15
 3.36604E-11    1.44686E-15
 3.46717E-11    1.42560E-15
 3.57135E-11    1.40466E-15
 3.67865E-11    1.38402E-15
 3.78918E-11    1.36368E-15
 3.90303E-11    1.34365E-15
 4.02030E-11    1.32391E-15
 4.14109E-11    1.30445E-15
 4.26551E-11    1.28529E-15
 4.39367E-11    1.26640E-15
 4.52569E-11    1.24780E-15
 4.66166E-11    1.22946E-15
 4.80173E-11    1.21140E-15
 4.94600E-11    1.19360E-15
 5.09461E-11    1.17606E-15
 5.24768E-11    1.15878E-15
 5.40535E-11    1.14176E-15
 5.56776E-11    1.12498E-15
 5.73505E-11    1.10845E-15
 5.90736E-11    1.09217E-15
 6.08485E-11    1.07612E-15
 6.26768E-11    1.06031E-15
 6.45599E-11    1.04473E-15
 6.64997E-11    1.02938E-15
 6.84977E-11    1.01426E-15
 7.05558E-11    9.99355E-16
 7.26757E-11    9.84672E-16
 7.48593E-11    9.70205E-16
 7.71085E-11    9.55950E-16
 7.94253E-11    9.41904E-16
 8.18117E-11    9.28065E-16
 8.42698E-11    9.14429E-16
 8.68018E-11    9.00994E-16
 8.94098E-11    8.87756E-16
 9.20962E-11    8.74713E-16
 9.48633E-11    8.61861E-16
 9.77136E-11    8.49198E-16
 1.00649E-10    8.36721E-16
 1.03674E-10    8.24427E-16
 1.06789E-10    8.12314E-16
 1.09997E-10    8.00379E-16
 1.13302E-10    7.88619E-16
 1.16706E-10    7.77032E-16
 1.20213E-10    7.65616E-16
 1.23825E-10    7.54367E-16
 1.27545E-10    7.43283E-16
 1.31377E-10    7.32362E-16
 1.35325E-10    7.21602E-16
 1.39391E-10    7.11000E-16
 1.43579E-10    7.00553E-16
 1.47893E-10    6.90260E-16
 1.52336E-10    6.80119E-16
 1.56913E-10    6.70126E-16
 1.61628E-10    6.60280E-16
 1.66484E-10    6.50579E-16
 1.71486E-10    6.41020E-16
 1.76639E-10    6.31602E-16
 1.81946E-10    6.22322E-16
 1.87413E-10    6.13178E-16
 1.93044E-10    6.04169E-16
 1.98844E-10    5.95292E-16
 2.04818E-10    5.86546E-16
 2.10972E-10    5.77928E-16
 2.17311E-10    5.69436E-16
 2.23840E-10    5.61070E-16
 2.30566E-10    5.52826E-16
 2.37493E-10    5.44704E-16
 2.44629E-10    5.36701E-16
 2.51979E-10    5.28815E-16
 2.59550E-10    5.21045E-16
 2.67349E-10    5.13390E-16
 2.75381E-10    5.05847E-16
 2.83655E-10    4.98415E-16
 2.92178E-10    4.91092E-16
 3.00957E-10    4.83876E-16
 3.09999E-10    4.76767E-16
 3.19313E-10    4.69762E-16
 3.28907E-10    4.62860E-16
 3.38790E-10    4.56059E-16
 3.48969E-10    4.49358E-16
 3.59454E-10    4.42756E-16
 3.70254E-10    4.36251E-16
 3.81379E-10    4.29841E-16
 3.92838E-10    4.23526E-16
 4.04641E-10    4.17303E-16
 4.16798E-10    4.11172E-16
 4.29321E-10    4.05130E-16
 4.42221E-10    3.99178E-16
 4.55508E-10    3.93313E-16
 4.69194E-10    3.87534E-16
 4.83291E-10    3.81840E-16
 4.97812E-10    3.76230E-16
 5.12769E-10    3.70702E-16
 5.28176E-10    3.65255E-16
 5.44045E-10    3.59889E-16
 5.60392E-10    3.54601E-16
 5.77229E-10    3.49391E-16
 5.94572E-10    3.44258E-16
 6.12437E-10    3.39200E-16
 6.30838E-10    3.34216E-16
 6.49792E-10    3.29305E-16
 6.69316E-10    3.24467E-16
 6.89426E-10    3.19700E-16
 7.10140E-10    3.15002E-16
 7.31477E-10    3.10374E-16
 7.53455E-10    3.05814E-16
 7.76093E-10    3.01321E-16
 7.99411E-10    2.96894E-16
 8.23430E-10    2.92531E-16
 8.48171E-10    2.88233E-16
 8.73655E-10    2.83998E-16
 8.99905E-10    2.79826E-16
 9.26943E-10    2.75714E-16
 9.54794E-10    2.71663E-16
 9.83482E-10    2.67672E-16
 1.01303E-09    2.63739E-16
 1.04347E-09    2.59864E-16
 1.07482E-09    2.56046E-16
 1.10711E-09    2.52284E-16
 1.14038E-09    2.48577E-16
 1.17464E-09    2.44925E-16
 1.20994E-09    2.41326E-16
 1.24629E-09    2.37781E-16
 1.28373E-09    2.34287E-16
 1.32231E-09    2.30845E-16
 1.36204E-09    2.27453E-16
 1.40296E-09    2.24111E-16
 1.44511E-09    2.20818E-16
 1.48853E-09    2.17574E-16
 1.53326E-09    2.14377E-16
 1.57932E-09    2.11227E-16
 1.62678E-09    2.08124E-16
 1.67565E-09    2.05066E-16
 1.72600E-09    2.02053E-16
 1.77786E-09    1.99084E-16
 1.83128E-09    1.96159E-16
 1.88630E-09    1.93277E-16
 1.94297E-09    1.90438E-16
 2.00135E-09    1.87640E-16
 2.06148E-09    1.84883E-16
 2.12342E-09    1.82167E-16
 2.18722E-09    1.79491E-16
 2.25294E-09    1.76854E-16
 2.32063E-09    1.74256E-16
 2.39036E-09    1.71696E-16
 2.46218E-09    1.69174E-16
 2.53616E-09    1.66689E-16
 2.61236E-09    1.64241E-16
 2.69085E-09    1.61830E-16
 2.77170E-09    1.59454E-16
 2.85497E-09    1.57113E-16
 2.94075E-09    1.54807E-16
 3.02911E-09    1.52535E-16
 3.12012E-09    1.50297E-16
 3.21387E-09    1.48093E-16
 3.31043E-09    1.45922E-16
 3.40990E-09    1.43783E-16
 3.51235E-09    1.41677E-16
 3.61788E-09    1.39602E-16
 3.72659E-09    1.37558E-16
 3.83856E-09    1.35546E-16
 3.95389E-09    1.33563E-16
 4.07269E-09    1.31610E-16
 4.19505E-09    1.29686E-16
 4.32110E-09    1.27791E-16
 4.45093E-09    1.25924E-16
 4.58466E-09    1.24085E-16
 4.72241E-09    1.22272E-16
 4.86430E-09    1.20486E-16
 5.01045E-09    1.18725E-16
 5.16099E-09    1.16989E-16
 5.31606E-09    1.15278E-16
 5.47579E-09    1.13592E-16
 5.64031E-09    1.11929E-16
 5.80978E-09    1.10290E-16
 5.98434E-09    1.08674E-16
 6.16414E-09    1.07081E-16
 6.34935E-09    1.05510E-16
 6.54012E-09    1.03962E-16
 6.73663E-09    1.02436E-16
 6.93903E-09    1.00932E-16
 7.14752E-09    9.94502E-17
 7.36228E-09    9.79897E-17
 7.58348E-09    9.65503E-17
 7.81133E-09    9.51320E-17
 8.04603E-09    9.37344E-17
 8.28778E-09    9.23573E-17
 8.53679E-09    9.10004E-17
 8.79329E-09    8.96634E-17
 9.05749E-09    8.83460E-17
 9.32963E-09    8.70480E-17
 9.60995E-09    8.57690E-17
 9.89869E-09    8.45089E-17
 1.01961E-08    8.32672E-17
 1.05025E-08    8.20438E-17
 1.08180E-08    8.08383E-17
 1.11430E-08    7.96506E-17
 1.14778E-08    7.84803E-17
 1.18227E-08    7.73272E-17
 1.21779E-08    7.61911E-17
 1.25438E-08    7.50716E-17
 1.29207E-08    7.39686E-17
 1.33089E-08    7.28818E-17
 1.37088E-08    7.18110E-17
 1.41207E-08    7.07559E-17
 1.45450E-08    6.97163E-17
 1.49820E-08    6.86919E-17
 1.54321E-08    6.76826E-17
 1.58958E-08    6.66882E-17
 1.63734E-08    6.57083E-17
 1.68654E-08    6.47428E-17
 1.73721E-08    6.37915E-17
 1.78941E-08    6.28540E-17
 1.84317E-08    6.19300E-17
 1.89855E-08    6.10193E-17
 1.95559E-08    6.01215E-17
 2.01435E-08    5.92363E-17
 2.07487E-08    5.83636E-17
 2.13721E-08    5.75034E-17
 2.20143E-08    5.66564E-17
 2.26757E-08    5.58235E-17
 2.33570E-08    5.50060E-17
 2.40588E-08    5.42048E-17
 2.47817E-08    5.34200E-17
 2.52045E-08    5.29784E-17
 2.53000E-08    5.28803E-17
 2.60602E-08    5.21195E-17
 2.69569E-08    5.12623E-17
 2.78845E-08    5.04132E-17
 2.88441E-08    4.95694E-17
 2.98366E-08    4.87310E-17
 3.07331E-08    4.80043E-17
 3.16565E-08    4.72873E-17
 3.26077E-08    4.65822E-17
 3.35874E-08    4.58898E-17
 3.45965E-08    4.52100E-17
 3.56360E-08    4.45422E-17
 3.67067E-08    4.38859E-17
 3.78096E-08    4.32406E-17
 3.89456E-08    4.26056E-17
 4.01158E-08    4.19797E-17
 4.13211E-08    4.13624E-17
 4.25626E-08    4.07540E-17
 4.38415E-08    4.01551E-17
 4.51587E-08    3.95659E-17
 4.65156E-08    3.89854E-17
 4.79132E-08    3.84124E-17
 4.93527E-08    3.78469E-17
 5.08356E-08    3.72900E-17
 5.23630E-08    3.67429E-17
 5.39363E-08    3.62050E-17
 5.55568E-08    3.56748E-17
 5.72261E-08    3.51519E-17
 5.89455E-08    3.46383E-17
 6.04603E-08    3.42076E-17
 6.20141E-08    3.37872E-17
 6.36078E-08    3.33785E-17
 6.49671E-08    3.30513E-17
 6.60755E-08    3.28059E-17
 6.69191E-08    3.26389E-17
 6.74875E-08    3.25398E-17
 6.80608E-08    3.24537E-17
 6.86389E-08    3.23844E-17
 6.92219E-08    3.23356E-17
 6.95153E-08    3.23204E-17
 6.98099E-08    3.23120E-17
 7.01057E-08    3.23111E-17
 7.04028E-08    3.23183E-17
 7.07012E-08    3.23342E-17
 7.10008E-08    3.23594E-17
 7.13017E-08    3.23945E-17
 7.16039E-08    3.24402E-17
 7.19074E-08    3.24970E-17
 7.22121E-08    3.25653E-17
 7.25181E-08    3.26458E-17
 7.28255E-08    3.27389E-17
 7.31341E-08    3.28450E-17
 7.34440E-08    3.29643E-17
 7.37553E-08    3.30973E-17
 7.40937E-08    3.32568E-17
 7.44077E-08    3.34186E-17
 7.47230E-08    3.35945E-17
 7.50397E-08    3.37844E-17
 7.53577E-08    3.39884E-17
 7.56771E-08    3.42061E-17
 7.59978E-08    3.44376E-17
 7.63199E-08    3.46824E-17
 7.66434E-08    3.49404E-17
 7.69682E-08    3.52112E-17
 7.72944E-08    3.54944E-17
 7.76219E-08    3.57897E-17
 7.79509E-08    3.60967E-17
 7.82812E-08    3.64148E-17
 7.86130E-08    3.67437E-17
 7.89462E-08    3.70829E-17
 7.92807E-08    3.74321E-17
 7.96167E-08    3.77908E-17
 8.02930E-08    3.85350E-17
 8.09750E-08    3.93126E-17
 8.16628E-08    4.01211E-17
 8.23564E-08    4.09580E-17
 8.30560E-08    4.18216E-17
 8.41164E-08    4.31631E-17
 8.51904E-08    4.45557E-17
 8.62781E-08    4.59954E-17
 8.73797E-08    4.74785E-17
 8.88704E-08    4.95194E-17
 9.03866E-08    5.16308E-17
 9.19286E-08    5.38168E-17
 9.31023E-08    5.55111E-17
 9.42910E-08    5.72595E-17
 9.54949E-08    5.90688E-17
 9.67142E-08    6.09454E-17
 9.79490E-08    6.28940E-17
 9.91997E-08    6.49165E-17
 1.00466E-07    6.70118E-17
 1.01749E-07    6.91763E-17
 1.03048E-07    7.14054E-17
 1.04806E-07    7.44701E-17
 1.06594E-07    7.76368E-17
 1.08413E-07    8.09117E-17
 1.09797E-07    8.34501E-17
 1.11199E-07    8.60717E-17
 1.12619E-07    8.87892E-17
 1.14056E-07    9.16136E-17
 1.15513E-07    9.45523E-17
 1.16988E-07    9.76067E-17
 1.18481E-07    1.00773E-16
 1.19994E-07    1.04042E-16
 1.22041E-07    1.08543E-16
 1.24123E-07    1.13190E-16
 1.26241E-07    1.17979E-16
 1.28394E-07    1.22930E-16
 1.30034E-07    1.26774E-16
 1.31694E-07    1.30755E-16
 1.33375E-07    1.34895E-16
 1.34508E-07    1.37752E-16
 1.35651E-07    1.40689E-16
 1.37383E-07    1.45248E-16
 1.39137E-07    1.49980E-16
 1.40913E-07    1.54869E-16
 1.43317E-07    1.61598E-16
 1.46380E-07    1.70296E-16
 1.48877E-07    1.77475E-16
 1.51417E-07    1.84890E-16
 1.53351E-07    1.90653E-16
 1.55308E-07    1.96632E-16
 1.56628E-07    2.00758E-16
 1.57958E-07    2.05007E-16
 1.59300E-07    2.09383E-16
 1.60653E-07    2.13887E-16
 1.62704E-07    2.20873E-16
 1.64781E-07    2.28112E-16
 1.67593E-07    2.38091E-16
 1.71174E-07    2.50986E-16
 1.74832E-07    2.64298E-16
 1.77815E-07    2.75304E-16
 1.80085E-07    2.83846E-16
 1.82384E-07    2.92711E-16
 1.83934E-07    2.98836E-16
 1.85496E-07    3.05153E-16
 1.87072E-07    3.11670E-16
 1.88661E-07    3.18390E-16
 1.91069E-07    3.28832E-16
 1.93509E-07    3.39661E-16
 1.96810E-07    3.54588E-16
 2.01868E-07    3.77764E-16
 2.07056E-07    4.01776E-16
 2.09699E-07    4.14189E-16
 2.12377E-07    4.26997E-16
 2.14181E-07    4.35818E-16
 2.16000E-07    4.44907E-16
 2.17835E-07    4.54295E-16
 2.19685E-07    4.64001E-16
 2.21551E-07    4.74026E-16
 2.23433E-07    4.84359E-16
 2.26286E-07    5.00375E-16
 2.30146E-07    5.22515E-16
 2.37061E-07    5.62763E-16
 2.43153E-07    5.98508E-16
 2.47302E-07    6.23192E-16
 2.50459E-07    6.42411E-16
 2.52586E-07    6.55681E-16
 2.54732E-07    6.69392E-16
 2.56896E-07    6.83588E-16
 2.59078E-07    6.98293E-16
 2.61278E-07    7.13496E-16
 2.63498E-07    7.29161E-16
 2.66862E-07    7.53403E-16
 2.71415E-07    7.86791E-16
 2.81944E-07    8.64864E-16
 2.87969E-07    9.09914E-16
 2.91646E-07    9.37868E-16
 2.94123E-07    9.57098E-16
 2.96622E-07    9.76958E-16
 2.99141E-07    9.97582E-16
 3.01682E-07    1.01907E-15
 3.04244E-07    1.04147E-15
 3.06829E-07    1.06477E-15
 3.09435E-07    1.08889E-15
 3.13386E-07    1.12634E-15
 3.18732E-07    1.17799E-15
 3.46864E-07    1.45249E-15
 3.51292E-07    1.49519E-15
 3.54276E-07    1.52332E-15
 3.55778E-07    1.53711E-15
 3.57286E-07    1.55062E-15
 3.58800E-07    1.56375E-15
 3.60320E-07    1.57636E-15
 3.61847E-07    1.58835E-15
 3.63381E-07    1.59958E-15
 3.64921E-07    1.60992E-15
 3.66467E-07    1.61925E-15
 3.68020E-07    1.62747E-15
 3.69580E-07    1.63451E-15
 3.70468E-07    1.63796E-15
 3.72038E-07    1.64308E-15
 3.73615E-07    1.64697E-15
 3.75198E-07    1.64968E-15
 3.76788E-07    1.65130E-15
 3.78385E-07    1.65193E-15
 3.79989E-07    1.65169E-15
 3.81599E-07    1.65069E-15
 3.83216E-07    1.64908E-15
 3.84840E-07    1.64697E-15
 3.88109E-07    1.64166E-15
 3.93065E-07    1.63214E-15
 4.10044E-07    1.59730E-15
 4.18807E-07    1.58036E-15
 4.27757E-07    1.56422E-15
 4.59642E-07    1.50972E-15
 4.79498E-07    1.47629E-15
 4.87678E-07    1.46325E-15
 4.95998E-07    1.45089E-15
 5.08744E-07    1.43329E-15
 5.60715E-07    1.36403E-15
 5.72698E-07    1.34887E-15
 5.82468E-07    1.33747E-15
 5.97437E-07    1.32131E-15
 6.61259E-07    1.25462E-15
 6.72541E-07    1.24343E-15
 6.84014E-07    1.23292E-15
 7.01593E-07    1.21807E-15
 7.76541E-07    1.15662E-15
 7.89789E-07    1.14635E-15
 7.99873E-07    1.13918E-15
 8.13519E-07    1.13032E-15
 9.79897E-07    1.02864E-15
 9.96614E-07    1.01890E-15
 1.00508E-06    1.01427E-15
 1.01926E-06    1.00695E-15
 1.07801E-06    9.78128E-16
 1.09322E-06    9.71009E-16
 1.12428E-06    9.57782E-16
 1.27536E-06    8.96837E-16
 1.31160E-06    8.84107E-16
 1.50885E-06    8.21933E-16
 1.66431E-06    7.82695E-16
 1.78507E-06    7.53392E-16
 2.08249E-06    6.95606E-16
 2.46374E-06    6.37600E-16
 2.87424E-06    5.88701E-16
 3.40043E-06    5.39609E-16
 3.96699E-06    4.98230E-16
 4.69324E-06    4.56683E-16
 5.47520E-06    4.21668E-16
 6.47756E-06    3.86502E-16
 7.55681E-06    3.56872E-16
 8.94026E-06    3.27087E-16
 1.00006E-05    3.08226E-16
 1.13444E-05    2.60737E-16
 1.21676E-05    2.31443E-16
 1.23393E-05    2.25916E-16
 1.43952E-05    1.79632E-16
 1.45982E-05    1.76104E-16
 1.67936E-05    1.43063E-16
 1.70305E-05    1.39777E-16
 1.98680E-05    1.11159E-16
 2.01483E-05    1.08976E-16
 2.31783E-05    8.85378E-17
 2.34423E-05    8.84350E-17
 2.37730E-05    1.03454E-16
 2.65925E-05    2.45606E-16
 2.67395E-05    2.51387E-16
 2.71168E-05    2.51804E-16
 9.83995E-05    1.53090E-17
 9.97878E-05    1.07215E-17
 1.01196E-04    1.00000E-17
 1.19722E-04    1.00000E-17
 1.24861E-04    1.00000E-17
 1.26622E-04    1.00000E-17
 1.33921E-04    1.00000E-17
 1.39669E-04    1.00000E-17
 1.41640E-04    1.00000E-17
 1.45664E-04    1.00000E-17
 1.47719E-04    1.00000E-17
 1.69934E-04    1.00000E-17
 1.74763E-04    1.00000E-17
 1.79729E-04    1.00000E-17
 1.90088E-04    1.00000E-17
 2.03881E-04    1.00000E-17
 2.06757E-04    1.00000E-17
 2.18674E-04    1.00000E-17
 2.21759E-04    1.00000E-17
 2.37850E-04    1.00000E-17
 2.58708E-04    1.00000E-17
 2.62358E-04    1.00000E-17
 2.66059E-04    1.00000E-17
 2.69813E-04    1.00000E-17
 2.73619E-04    1.00000E-17
 2.85364E-04    1.00000E-17
 2.93473E-04    1.00000E-17
 3.52098E-04    1.00000E-17
 3.67212E-04    1.00000E-17
 3.88377E-04    1.00000E-17
 3.93857E-04    1.00000E-17
 4.10763E-04    1.00000E-17
 4.16558E-04    1.00000E-17
 4.79202E-04    1.00000E-17
 4.92818E-04    1.00000E-17
 4.99771E-04    1.00000E-17
 5.06822E-04    1.00000E-17
 5.13972E-04    1.00000E-17
 5.28577E-04    1.00000E-17
 6.25345E-04    1.00000E-17
 6.34168E-04    1.00000E-17
 6.43115E-04    1.00000E-17
 6.70720E-04    1.00000E-17
 6.89779E-04    1.00000E-17
 6.99510E-04    1.00000E-17
 7.71586E-04    1.00000E-17
 7.82472E-04    1.00000E-17
 8.39247E-04    1.00000E-17
 8.51088E-04    1.00000E-17
 8.63095E-04    1.00000E-17
 9.25721E-04    1.00000E-17
 9.38781E-04    1.00000E-17
 9.65457E-04    1.00000E-17
 1.06493E-03    1.00000E-17
 1.11065E-03    1.00000E-17
 1.12632E-03    1.00000E-17
 1.19123E-03    1.00000E-17
 1.22508E-03    1.00000E-17
 1.24237E-03    1.00000E-17
 1.25990E-03    1.00000E-17
 1.37038E-03    1.00000E-17
 1.40932E-03    1.00000E-17
 1.55453E-03    1.00000E-17
 1.59870E-03    1.00000E-17
 1.64413E-03    1.00000E-17
 1.66733E-03    1.00000E-17
 1.69085E-03    1.00000E-17
 1.78831E-03    1.00000E-17
 2.02862E-03    1.00000E-17
 2.05724E-03    1.00000E-17
 2.17582E-03    1.00000E-17
 2.20651E-03    1.00000E-17
 2.23764E-03    1.00000E-17
 2.26921E-03    1.00000E-17
 1.79028E+00    1.00000E-17
 1.80000E+00    1.00211E-17
 2.00000E+00    5.31869E-16
 2.20000E+00    8.05789E-16
 2.40000E+00    1.25812E-15
 2.60000E+00    1.88958E-15
 2.80000E+00    2.75985E-15
 3.00000E+00    4.10496E-15
 3.20000E+00    5.78310E-15
 3.40000E+00    8.05488E-15
 3.60000E+00    1.13964E-14
 3.80000E+00    1.53719E-14
 4.00000E+00    2.03402E-14
 4.20000E+00    2.72403E-14
 4.40000E+00    3.57959E-14
 4.60000E+00    4.58924E-14
 4.80000E+00    5.94788E-14
 5.00000E+00    7.70264E-14
 5.20000E+00    9.76669E-14
 5.40000E+00    1.24712E-13
 5.60000E+00    1.10371E-12
 5.80000E+00    1.41167E-12
 6.00000E+00    1.76991E-12
 6.20000E+00    2.28886E-12
 6.40000E+00    2.88867E-12
 6.60000E+00    3.51940E-12
 6.80000E+00    4.44745E-12
 7.09876E+00    6.16608E-12
 7.20000E+00    6.75385E-12
 7.40000E+00    8.33528E-12
 7.60000E+00    1.04494E-11
 7.80000E+00    1.26972E-11
 8.00000E+00    1.52753E-11
 8.50000E+00    2.49754E-11
 9.00000E+00    4.05477E-11
 9.50000E+00    6.57082E-11
 1.00000E+01    1.08055E-10
 1.01411E+01    1.28457E-10
 1.02842E+01    1.49147E-10
 1.04292E+01    1.70130E-10
 1.05000E+01    1.80362E-10
 1.06481E+01    2.18083E-10
 1.07984E+01    2.56336E-10
 1.09507E+01    2.95129E-10
 1.10000E+01    3.07681E-10
 1.11552E+01    3.71554E-10
 1.13126E+01    4.36329E-10
 1.14722E+01    5.02018E-10
 1.15000E+01    5.13472E-10
 1.16622E+01    6.29125E-10
 1.18268E+01    7.46410E-10
 1.19936E+01    8.65349E-10
 1.20000E+01    8.69888E-10
 1.21693E+01    1.06588E-09
 1.23410E+01    1.26463E-09
 1.25000E+01    1.44871E-09
 1.26764E+01    1.78120E-09
 1.28552E+01    2.11838E-09
 1.30000E+01    2.39139E-09
 1.31834E+01    2.92103E-09
 1.33694E+01    3.45814E-09
 1.35000E+01    3.83528E-09
 1.36905E+01    4.65980E-09
 1.38836E+01    5.49594E-09
 1.40000E+01    5.99981E-09
 1.41975E+01    7.20181E-09
 1.43978E+01    8.42076E-09
 1.45000E+01    9.04261E-09
 1.47046E+01    1.08668E-08
 1.49120E+01    1.27167E-08
 1.50000E+01    1.35012E-08
 1.52116E+01    1.65950E-08
 1.54262E+01    1.97325E-08
 1.56439E+01    2.29142E-08
 1.58646E+01    2.61409E-08
 1.60000E+01    2.81207E-08
 1.62257E+01    3.41734E-08
 1.64546E+01    4.03114E-08
 1.66868E+01    4.65361E-08
 1.69222E+01    5.28486E-08
 1.70000E+01    5.49343E-08
 1.72398E+01    6.69226E-08
 1.74831E+01    7.90800E-08
 1.77297E+01    9.14090E-08
 1.79799E+01    1.03912E-07
 1.80000E+01    1.04919E-07
 1.82539E+01    1.27859E-07
 1.85115E+01    1.51122E-07
 1.87726E+01    1.74714E-07
 1.90000E+01    1.95252E-07
 1.92681E+01    2.38651E-07
 1.95399E+01    2.82662E-07
 1.98156E+01    3.27295E-07
 2.00000E+01    3.57155E-07
 2.02822E+01    4.33568E-07
 2.05683E+01    5.11059E-07
 2.08585E+01    5.89644E-07
 2.10000E+01    6.27966E-07
 2.12963E+01    7.22634E-07
 2.15967E+01    8.18637E-07
 2.19014E+01    9.15994E-07
 2.20000E+01    9.47495E-07
 2.23104E+01    1.07860E-06
 2.26251E+01    1.21156E-06
 2.29443E+01    1.34639E-06
 2.30000E+01    1.36990E-06
 2.33245E+01    1.46777E-06
 2.36536E+01    1.56702E-06
 2.39873E+01    1.66767E-06
 2.40000E+01    1.67151E-06
 2.43386E+01    1.81830E-06
 2.46820E+01    1.96717E-06
 2.50000E+01    2.10504E-06
 2.53527E+01    2.29207E-06
 2.57104E+01    2.48174E-06
 2.60000E+01    2.63531E-06
 2.63668E+01    2.84486E-06
 2.67388E+01    3.05736E-06
 2.70000E+01    3.20657E-06
 2.73809E+01    3.39524E-06
 2.77672E+01    3.58657E-06
 2.80000E+01    3.70187E-06
 2.83950E+01    3.81373E-06
 2.87956E+01    3.92717E-06
 2.90000E+01    3.98504E-06
 2.94091E+01    4.02767E-06
 2.98240E+01    4.07091E-06
 3.00000E+01    4.08924E-06
