# n + Ac223 :  n        
# tendl.2017 A.J. Koning and D. Rochman        EVAL-NOV17
# uncertainties: n
# # energies =    85
#   E(MeV)       xs(mb) 
 2.80000E+00    0.00000E+00
 3.00000E+00    4.95839E-14
 3.20000E+00    1.12567E-12
 3.40000E+00    6.97606E-12
 3.60000E+00    3.43309E-11
 3.80000E+00    1.58178E-10
 4.00000E+00    7.13490E-10
 4.20000E+00    3.18830E-09
 4.40000E+00    1.41917E-08
 4.60000E+00    6.31873E-08
 4.80000E+00    2.82161E-07
 5.00000E+00    1.26733E-06
 5.20000E+00    5.74660E-06
 5.40000E+00    2.61911E-05
 5.60000E+00    1.20875E-04
 5.80000E+00    5.64677E-04
 6.00000E+00    2.66633E-03
 6.20000E+00    1.27359E-02
 6.40000E+00    6.14004E-02
 6.60000E+00    2.97816E-01
 6.80000E+00    1.42033E+00
 7.00000E+00    5.90224E+00
 7.20000E+00    1.70348E+01
 7.40000E+00    3.41144E+01
 7.60000E+00    5.21378E+01
 7.80000E+00    6.68693E+01
 8.00000E+00    7.78725E+01
 8.50000E+00    9.32623E+01
 9.00000E+00    9.75430E+01
 9.50000E+00    9.31241E+01
 1.00000E+01    8.58073E+01
 1.05000E+01    7.93594E+01
 1.10000E+01    7.49429E+01
 1.15000E+01    7.23638E+01
 1.20000E+01    7.10346E+01
 1.25000E+01    7.04868E+01
 1.30000E+01    7.02657E+01
 1.35000E+01    7.00616E+01
 1.40000E+01    6.98826E+01
 1.45000E+01    6.96289E+01
 1.50000E+01    6.91462E+01
 1.60000E+01    6.77485E+01
 1.70000E+01    6.66069E+01
 1.80000E+01    6.53740E+01
 1.90000E+01    6.45154E+01
 2.00000E+01    6.35044E+01
 2.10000E+01    6.23630E+01
 2.20000E+01    6.12906E+01
 2.30000E+01    6.01567E+01
 2.40000E+01    5.91275E+01
 2.50000E+01    5.79637E+01
 2.60000E+01    5.69492E+01
 2.70000E+01    5.60234E+01
 2.80000E+01    5.52599E+01
 2.90000E+01    5.44924E+01
 3.00000E+01    5.37557E+01
 3.20000E+01    5.22058E+01
 3.40000E+01    5.10355E+01
 3.60000E+01    5.02575E+01
 3.80000E+01    4.99935E+01
 4.00000E+01    5.02368E+01
 4.20000E+01    5.09224E+01
 4.40000E+01    5.21179E+01
 4.60000E+01    5.38328E+01
 4.80000E+01    5.60573E+01
 5.00000E+01    5.88150E+01
 5.20000E+01    6.19163E+01
 5.40000E+01    6.52244E+01
 5.60000E+01    6.87285E+01
 5.80000E+01    7.21124E+01
 6.00000E+01    7.51702E+01
 6.50000E+01    7.99442E+01
 7.00000E+01    7.70756E+01
 7.50000E+01    6.59171E+01
 8.00000E+01    5.02869E+01
 9.00000E+01    2.78416E+01
 1.00000E+02    1.82014E+01
 1.10000E+02    1.34705E+01
 1.20000E+02    1.05811E+01
 1.30000E+02    8.52360E+00
 1.40000E+02    7.00294E+00
 1.50000E+02    5.85441E+00
 1.60000E+02    4.96990E+00
 1.80000E+02    3.68006E+00
 2.00000E+02    2.87388E+00
