# n + Ac223 : (n,na)    
# tendl.2017 A.J. Koning and D. Rochman        EVAL-NOV17
# uncertainties: y
# # energies =   362
#   E(MeV)       xs(mb)       xslow(mb)      xsupp(mb)
 1.00000E-11    3.92878E-17    3.92878E-17    3.92878E-17
 1.03005E-11    3.87428E-17    3.87428E-17    3.87428E-17
 1.06099E-11    3.82063E-17    3.82063E-17    3.82063E-17
 1.09287E-11    3.76781E-17    3.76781E-17    3.76781E-17
 1.12571E-11    3.71582E-17    3.71582E-17    3.71582E-17
 1.15953E-11    3.66464E-17    3.66464E-17    3.66464E-17
 1.19437E-11    3.61426E-17    3.61426E-17    3.61426E-17
 1.23026E-11    3.56467E-17    3.56467E-17    3.56467E-17
 1.26722E-11    3.51586E-17    3.51586E-17    3.51586E-17
 1.30530E-11    3.46782E-17    3.46782E-17    3.46782E-17
 1.34452E-11    3.42053E-17    3.42053E-17    3.42053E-17
 1.38491E-11    3.37399E-17    3.37399E-17    3.37399E-17
 1.42652E-11    3.32819E-17    3.32819E-17    3.32819E-17
 1.46938E-11    3.28312E-17    3.28312E-17    3.28312E-17
 1.51353E-11    3.23876E-17    3.23876E-17    3.23876E-17
 1.55901E-11    3.19511E-17    3.19511E-17    3.19511E-17
 1.60585E-11    3.15215E-17    3.15215E-17    3.15215E-17
 1.65410E-11    3.10988E-17    3.10988E-17    3.10988E-17
 1.70380E-11    3.06829E-17    3.06829E-17    3.06829E-17
 1.75499E-11    3.02737E-17    3.02737E-17    3.02737E-17
 1.80772E-11    2.98711E-17    2.98711E-17    2.98711E-17
 1.86203E-11    2.94750E-17    2.94750E-17    2.94750E-17
 1.92611E-11    2.90302E-17    2.90302E-17    2.90302E-17
 1.99239E-11    2.85936E-17    2.85936E-17    2.85936E-17
 2.06095E-11    2.81651E-17    2.81651E-17    2.81651E-17
 2.13187E-11    2.77447E-17    2.77447E-17    2.77447E-17
 2.20523E-11    2.73321E-17    2.73321E-17    2.73321E-17
 2.28111E-11    2.69272E-17    2.69272E-17    2.69272E-17
 2.35961E-11    2.65301E-17    2.65301E-17    2.65301E-17
 2.44081E-11    2.61404E-17    2.61404E-17    2.61404E-17
 2.52480E-11    2.57581E-17    2.57581E-17    2.57581E-17
 2.61168E-11    2.53831E-17    2.53831E-17    2.53831E-17
 2.70155E-11    2.50153E-17    2.50153E-17    2.50153E-17
 2.79451E-11    2.46546E-17    2.46546E-17    2.46546E-17
 2.89068E-11    2.43008E-17    2.43008E-17    2.43008E-17
 2.99015E-11    2.39539E-17    2.39539E-17    2.39539E-17
 3.09304E-11    2.36138E-17    2.36138E-17    2.36138E-17
 3.19948E-11    2.32802E-17    2.32802E-17    2.32802E-17
 3.30957E-11    2.29533E-17    2.29533E-17    2.29533E-17
 3.42346E-11    2.26328E-17    2.26328E-17    2.26328E-17
 3.54127E-11    2.23186E-17    2.23186E-17    2.23186E-17
 3.66313E-11    2.20107E-17    2.20107E-17    2.20107E-17
 3.78918E-11    2.17090E-17    2.17090E-17    2.17090E-17
 3.91957E-11    2.14133E-17    2.14133E-17    2.14133E-17
 4.05445E-11    2.11237E-17    2.11237E-17    2.11237E-17
 4.19396E-11    2.08399E-17    2.08399E-17    2.08399E-17
 4.33828E-11    2.05619E-17    2.05619E-17    2.05619E-17
 4.48757E-11    2.02896E-17    2.02896E-17    2.02896E-17
 4.64199E-11    2.00230E-17    2.00230E-17    2.00230E-17
 4.80173E-11    1.97619E-17    1.97619E-17    1.97619E-17
 4.96696E-11    1.95062E-17    1.95062E-17    1.95062E-17
 5.13788E-11    1.92560E-17    1.92560E-17    1.92560E-17
 5.31468E-11    1.90110E-17    1.90110E-17    1.90110E-17
 5.49756E-11    1.87713E-17    1.87713E-17    1.87713E-17
 5.68674E-11    1.85367E-17    1.85367E-17    1.85367E-17
 5.88243E-11    1.83071E-17    1.83071E-17    1.83071E-17
 6.08485E-11    1.80826E-17    1.80826E-17    1.80826E-17
 6.29424E-11    1.78629E-17    1.78629E-17    1.78629E-17
 6.51083E-11    1.76481E-17    1.76481E-17    1.76481E-17
 6.73488E-11    1.74381E-17    1.74381E-17    1.74381E-17
 6.96663E-11    1.72327E-17    1.72327E-17    1.72327E-17
 7.20636E-11    1.70320E-17    1.70320E-17    1.70320E-17
 7.45434E-11    1.68358E-17    1.68358E-17    1.68358E-17
 7.71085E-11    1.66440E-17    1.66440E-17    1.66440E-17
 7.97619E-11    1.64567E-17    1.64567E-17    1.64567E-17
 8.25066E-11    1.62737E-17    1.62737E-17    1.62737E-17
 8.57075E-11    1.60730E-17    1.60730E-17    1.60730E-17
 8.90325E-11    1.58775E-17    1.58775E-17    1.58775E-17
 9.24865E-11    1.56873E-17    1.56873E-17    1.56873E-17
 9.60745E-11    1.55022E-17    1.55022E-17    1.55022E-17
 9.98017E-11    1.53221E-17    1.53221E-17    1.53221E-17
 1.03674E-10    1.51469E-17    1.51469E-17    1.51469E-17
 1.07696E-10    1.49766E-17    1.49766E-17    1.49766E-17
 1.11874E-10    1.48110E-17    1.48110E-17    1.48110E-17
 1.16214E-10    1.46501E-17    1.46501E-17    1.46501E-17
 1.20722E-10    1.44937E-17    1.44937E-17    1.44937E-17
 1.25406E-10    1.43419E-17    1.43419E-17    1.43419E-17
 1.30271E-10    1.41944E-17    1.41944E-17    1.41944E-17
 1.35325E-10    1.40512E-17    1.40512E-17    1.40512E-17
 1.40575E-10    1.39123E-17    1.39123E-17    1.39123E-17
 1.46028E-10    1.37775E-17    1.37775E-17    1.37775E-17
 1.51693E-10    1.36467E-17    1.36467E-17    1.36467E-17
 1.58246E-10    1.35060E-17    1.35060E-17    1.35060E-17
 1.65082E-10    1.33702E-17    1.33702E-17    1.33702E-17
 1.72213E-10    1.32389E-17    1.32389E-17    1.32389E-17
 1.79652E-10    1.31123E-17    1.31123E-17    1.31123E-17
 1.87413E-10    1.29900E-17    1.29900E-17    1.29900E-17
 1.95508E-10    1.28721E-17    1.28721E-17    1.28721E-17
 2.03954E-10    1.27583E-17    1.27583E-17    1.27583E-17
 2.12764E-10    1.26487E-17    1.26487E-17    1.26487E-17
 2.22896E-10    1.25327E-17    1.25327E-17    1.25327E-17
 2.33510E-10    1.24214E-17    1.24214E-17    1.24214E-17
 2.44629E-10    1.23146E-17    1.23146E-17    1.23146E-17
 2.56278E-10    1.22121E-17    1.22121E-17    1.22121E-17
 2.68481E-10    1.21139E-17    1.21139E-17    1.21139E-17
 2.81266E-10    1.20199E-17    1.20199E-17    1.20199E-17
 2.94660E-10    1.19297E-17    1.19297E-17    1.19297E-17
 3.09999E-10    1.18357E-17    1.18357E-17    1.18357E-17
 3.26137E-10    1.17461E-17    1.17461E-17    1.17461E-17
 3.43115E-10    1.16607E-17    1.16607E-17    1.16607E-17
 3.60977E-10    1.15793E-17    1.15793E-17    1.15793E-17
 3.81379E-10    1.14955E-17    1.14955E-17    1.14955E-17
 4.02933E-10    1.14161E-17    1.14161E-17    1.14161E-17
 4.25706E-10    1.13407E-17    1.13407E-17    1.13407E-17
 4.51671E-10    1.12639E-17    1.12639E-17    1.12639E-17
 4.79221E-10    1.11915E-17    1.11915E-17    1.11915E-17
 5.08451E-10    1.11232E-17    1.11232E-17    1.11232E-17
 5.41749E-10    1.10543E-17    1.10543E-17    1.10543E-17
 5.77229E-10    1.09895E-17    1.09895E-17    1.09895E-17
 6.17639E-10    1.09249E-17    1.09249E-17    1.09249E-17
 6.60878E-10    1.08644E-17    1.08644E-17    1.08644E-17
 7.10140E-10    1.08044E-17    1.08044E-17    1.08044E-17
 7.63075E-10    1.07487E-17    1.07487E-17    1.07487E-17
 8.23430E-10    1.06938E-17    1.06938E-17    1.06938E-17
 8.88560E-10    1.06429E-17    1.06429E-17    1.06429E-17
 9.62904E-10    1.05933E-17    1.05933E-17    1.05933E-17
 1.04789E-09    1.05452E-17    1.05452E-17    1.05452E-17
 1.14521E-09    1.04988E-17    1.04988E-17    1.04988E-17
 1.25687E-09    1.04545E-17    1.04545E-17    1.04545E-17
 1.38527E-09    1.04124E-17    1.04124E-17    1.04124E-17
 1.53326E-09    1.03726E-17    1.03726E-17    1.03726E-17
 1.70424E-09    1.03352E-17    1.03352E-17    1.03352E-17
 1.91038E-09    1.02990E-17    1.02990E-17    1.02990E-17
 2.15054E-09    1.02656E-17    1.02656E-17    1.02656E-17
 2.44144E-09    1.02340E-17    1.02340E-17    1.02340E-17
 2.79524E-09    1.02044E-17    1.02044E-17    1.02044E-17
 3.22749E-09    1.01770E-17    1.01770E-17    1.01770E-17
 3.77417E-09    1.01514E-17    1.01514E-17    1.01514E-17
 4.46979E-09    1.01278E-17    1.01278E-17    1.01278E-17
 5.38394E-09    1.01061E-17    1.01061E-17    1.01061E-17
 6.59567E-09    1.00866E-17    1.00866E-17    1.00866E-17
 8.25281E-09    1.00692E-17    1.00692E-17    1.00692E-17
 1.06365E-08    1.00537E-17    1.00537E-17    1.00537E-17
 1.42406E-08    1.00401E-17    1.00401E-17    1.00401E-17
 2.00585E-08    1.00285E-17    1.00285E-17    1.00285E-17
 2.52045E-08    1.00227E-17    1.00227E-17    1.00227E-17
 2.53000E-08    1.00226E-17    1.00226E-17    1.00226E-17
 4.04565E-08    1.00141E-17    1.00141E-17    1.00141E-17
 7.50136E-08    1.00076E-17    1.00076E-17    1.00076E-17
 1.83870E-07    1.00031E-17    1.00031E-17    1.00031E-17
 9.81349E-07    1.00006E-17    1.00006E-17    1.00006E-17
 1.16257E-04    1.00000E-17    1.00000E-17    1.00000E-17
 1.17897E-04    1.00000E-17    1.00000E-17    1.00000E-17
 1.19561E-04    1.00000E-17    1.00000E-17    1.00000E-17
 1.22958E-04    1.00000E-17    1.00000E-17    1.00000E-17
 1.31880E-04    1.00000E-17    1.00000E-17    1.00000E-17
 1.39481E-04    1.00000E-17    1.00000E-17    1.00000E-17
 1.41449E-04    1.00000E-17    1.00000E-17    1.00000E-17
 1.43444E-04    1.00000E-17    1.00000E-17    1.00000E-17
 1.51712E-04    1.00000E-17    1.00000E-17    1.00000E-17
 1.82019E-04    1.00000E-17    1.00000E-17    1.00000E-17
 1.84587E-04    1.00000E-17    1.00000E-17    1.00000E-17
 2.06479E-04    1.00000E-17    1.00000E-17    1.00000E-17
 2.15342E-04    1.00000E-17    1.00000E-17    1.00000E-17
 2.30967E-04    1.00000E-17    1.00000E-17    1.00000E-17
 2.34225E-04    1.00000E-17    1.00000E-17    1.00000E-17
 3.18778E-04    1.00000E-17    1.00000E-17    1.00000E-17
 3.23275E-04    1.00000E-17    1.00000E-17    1.00000E-17
 3.27836E-04    1.00000E-17    1.00000E-17    1.00000E-17
 3.32461E-04    1.00000E-17    1.00000E-17    1.00000E-17
 3.93326E-04    1.00000E-17    1.00000E-17    1.00000E-17
 3.98875E-04    1.00000E-17    1.00000E-17    1.00000E-17
 4.27818E-04    1.00000E-17    1.00000E-17    1.00000E-17
 4.33853E-04    1.00000E-17    1.00000E-17    1.00000E-17
 4.58860E-04    1.00000E-17    1.00000E-17    1.00000E-17
 4.65334E-04    1.00000E-17    1.00000E-17    1.00000E-17
 4.92155E-04    1.00000E-17    1.00000E-17    1.00000E-17
 4.99098E-04    1.00000E-17    1.00000E-17    1.00000E-17
 5.06139E-04    1.00000E-17    1.00000E-17    1.00000E-17
 5.13280E-04    1.00000E-17    1.00000E-17    1.00000E-17
 5.27865E-04    1.00000E-17    1.00000E-17    1.00000E-17
 5.42865E-04    1.00000E-17    1.00000E-17    1.00000E-17
 5.50524E-04    1.00000E-17    1.00000E-17    1.00000E-17
 6.07248E-04    1.00000E-17    1.00000E-17    1.00000E-17
 6.15815E-04    1.00000E-17    1.00000E-17    1.00000E-17
 6.33314E-04    1.00000E-17    1.00000E-17    1.00000E-17
 6.42249E-04    1.00000E-17    1.00000E-17    1.00000E-17
 7.28554E-04    1.00000E-17    1.00000E-17    1.00000E-17
 7.38833E-04    1.00000E-17    1.00000E-17    1.00000E-17
 7.49256E-04    1.00000E-17    1.00000E-17    1.00000E-17
 7.70547E-04    1.00000E-17    1.00000E-17    1.00000E-17
 8.03622E-04    1.00000E-17    1.00000E-17    1.00000E-17
 8.14960E-04    1.00000E-17    1.00000E-17    1.00000E-17
 8.38117E-04    1.00000E-17    1.00000E-17    1.00000E-17
 8.49942E-04    1.00000E-17    1.00000E-17    1.00000E-17
 9.24474E-04    1.00000E-17    1.00000E-17    1.00000E-17
 9.37517E-04    1.00000E-17    1.00000E-17    1.00000E-17
 9.50744E-04    1.00000E-17    1.00000E-17    1.00000E-17
 9.64157E-04    1.00000E-17    1.00000E-17    1.00000E-17
 9.77759E-04    1.00000E-17    1.00000E-17    1.00000E-17
 1.01973E-03    1.00000E-17    1.00000E-17    1.00000E-17
 1.03412E-03    1.00000E-17    1.00000E-17    1.00000E-17
 1.04871E-03    1.00000E-17    1.00000E-17    1.00000E-17
 1.06350E-03    1.00000E-17    1.00000E-17    1.00000E-17
 1.12480E-03    1.00000E-17    1.00000E-17    1.00000E-17
 1.14067E-03    1.00000E-17    1.00000E-17    1.00000E-17
 1.29395E-03    1.00000E-17    1.00000E-17    1.00000E-17
 1.31221E-03    1.00000E-17    1.00000E-17    1.00000E-17
 1.34949E-03    1.00000E-17    1.00000E-17    1.00000E-17
 1.42728E-03    1.00000E-17    1.00000E-17    1.00000E-17
 1.44741E-03    1.00000E-17    1.00000E-17    1.00000E-17
 1.71239E-03    1.00000E-17    1.00000E-17    1.00000E-17
 1.73655E-03    1.00000E-17    1.00000E-17    1.00000E-17
 1.88883E-03    1.00000E-17    1.00000E-17    1.00000E-17
 1.91548E-03    1.00000E-17    1.00000E-17    1.00000E-17
 1.96991E-03    1.00000E-17    1.00000E-17    1.00000E-17
 2.05447E-03    1.00000E-17    1.00000E-17    1.00000E-17
 2.08345E-03    1.00000E-17    1.00000E-17    1.00000E-17
 2.14266E-03    1.00000E-17    1.00000E-17    1.00000E-17
 2.23463E-03    1.00000E-17    1.00000E-17    1.00000E-17
 2.43059E-03    1.00000E-17    1.00000E-17    1.00000E-17
 2.75721E-03    1.00000E-17    1.00000E-17    1.00000E-17
 3.08421E-03    1.00000E-17    1.00000E-17    1.00000E-17
 3.12772E-03    1.00000E-17    1.00000E-17    1.00000E-17
 3.75253E-03    1.00000E-17    1.00000E-17    1.00000E-17
 3.80547E-03    1.00000E-17    1.00000E-17    1.00000E-17
 4.25680E-03    1.00000E-17    1.00000E-17    1.00000E-17
 4.31685E-03    1.00000E-17    1.00000E-17    1.00000E-17
 4.50215E-03    1.00000E-17    1.00000E-17    1.00000E-17
 4.56567E-03    1.00000E-17    1.00000E-17    1.00000E-17
 4.82883E-03    1.00000E-17    1.00000E-17    1.00000E-17
 5.03610E-03    1.00000E-17    1.00000E-17    1.00000E-17
 5.17920E-03    1.00000E-17    1.00000E-17    1.00000E-17
 5.25227E-03    1.00000E-17    1.00000E-17    1.00000E-17
 6.12738E-03    1.00000E-17    1.00000E-17    1.00000E-17
 6.21382E-03    1.00000E-17    1.00000E-17    1.00000E-17
 6.98798E-01    1.00000E-17    0.00000E+00    7.54692E-17
 7.00000E-01    3.95812E-14    0.00000E+00    2.98716E-13
 7.94066E-01    7.37707E-10    0.00000E+00    5.56742E-09
 8.00000E-01    7.84887E-10    0.00000E+00    5.92348E-09
 9.00000E-01    1.35211E-08    0.00000E+00    1.02043E-07
 1.00000E+00    1.99134E-07    0.00000E+00    9.21856E-07
 1.20000E+00    1.81397E-06    0.00000E+00    8.39746E-06
 1.40000E+00    4.96311E-06    0.00000E+00    2.29759E-05
 1.60000E+00    1.03765E-05    0.00000E+00    4.80362E-05
 1.80000E+00    1.86094E-05    0.00000E+00    1.18336E-04
 2.00000E+00    3.20422E-05    0.00000E+00    2.03754E-04
 2.20000E+00    4.81031E-05    0.00000E+00    3.05883E-04
 2.40000E+00    7.00583E-05    0.00000E+00    4.45495E-04
 2.60000E+00    1.04240E-04    0.00000E+00    7.24712E-04
 2.80000E+00    1.40485E-04    0.00000E+00    9.76696E-04
 3.00000E+00    1.87819E-04    0.00000E+00    1.30578E-03
 3.20000E+00    2.54425E-04    0.00000E+00    1.76885E-03
 3.40000E+00    3.40146E-04    0.00000E+00    2.36481E-03
 3.60000E+00    4.49097E-04    0.00000E+00    3.12227E-03
 3.80000E+00    5.86940E-04    0.00000E+00    4.08060E-03
 4.00000E+00    7.56523E-04    0.00000E+00    5.25960E-03
 4.20000E+00    9.64900E-04    0.00000E+00    6.70831E-03
 4.40000E+00    1.21505E-03    0.00000E+00    8.44746E-03
 4.60000E+00    1.52118E-03    0.00000E+00    1.04952E-02
 4.80000E+00    1.89532E-03    0.00000E+00    1.30765E-02
 5.00000E+00    2.34353E-03    0.00000E+00    1.61689E-02
 5.20000E+00    2.88779E-03    0.00000E+00    1.99239E-02
 5.40000E+00    3.54649E-03    0.00000E+00    2.44686E-02
 5.60000E+00    4.34970E-03    0.00000E+00    3.00102E-02
 5.80000E+00    5.32141E-03    0.00000E+00    3.67144E-02
 6.00000E+00    6.73785E-03    0.00000E+00    4.64869E-02
 6.20000E+00    8.24616E-03    0.00000E+00    5.68934E-02
 6.40000E+00    1.00562E-02    0.00000E+00    6.93817E-02
 6.60000E+00    1.22211E-02    0.00000E+00    9.06400E-02
 6.80000E+00    1.48603E-02    0.00000E+00    1.10214E-01
 7.04938E+00    1.85966E-02    0.00000E+00    1.37925E-01
 7.20000E+00    2.09070E-02    0.00000E+00    1.55060E-01
 7.40000E+00    2.38386E-02    0.00000E+00    1.76803E-01
 7.60000E+00    2.63850E-02    0.00000E+00    1.95689E-01
 7.80000E+00    2.81001E-02    0.00000E+00    2.08409E-01
 8.00000E+00    2.92976E-02    0.00000E+00    2.17291E-01
 8.50000E+00    3.08902E-02    0.00000E+00    2.29102E-01
 9.00000E+00    3.13020E-02    0.00000E+00    2.32472E-01
 9.50000E+00    3.13203E-02    0.00000E+00    2.32609E-01
 1.00000E+01    3.25041E-02    0.00000E+00    2.41400E-01
 1.01411E+01    3.36575E-02    0.00000E+00    2.49966E-01
 1.02842E+01    3.48272E-02    0.00000E+00    2.58653E-01
 1.04292E+01    3.60134E-02    0.00000E+00    2.67463E-01
 1.05000E+01    3.65919E-02    0.00000E+00    2.71759E-01
 1.06481E+01    3.98191E-02    0.00000E+00    2.95726E-01
 1.07984E+01    4.30917E-02    0.00000E+00    3.20032E-01
 1.09507E+01    4.64106E-02    0.00000E+00    3.44680E-01
 1.10000E+01    4.74844E-02    0.00000E+00    3.52655E-01
 1.11552E+01    5.33325E-02    0.00000E+00    3.96088E-01
 1.13126E+01    5.92632E-02    0.00000E+00    4.40133E-01
 1.14722E+01    6.52775E-02    0.00000E+00    4.84800E-01
 1.15000E+01    6.63262E-02    0.00000E+00    4.92589E-01
 1.16622E+01    7.62429E-02    0.00000E+00    5.66238E-01
 1.18268E+01    8.62996E-02    0.00000E+00    6.40926E-01
 1.19936E+01    9.64981E-02    0.00000E+00    7.16668E-01
 1.20000E+01    9.68873E-02    0.00000E+00    7.19558E-01
 1.21693E+01    1.13208E-01    0.00000E+00    8.40768E-01
 1.23410E+01    1.29759E-01    0.00000E+00    9.63687E-01
 1.25000E+01    1.45088E-01    0.00000E+00    1.07753E+00
 1.26764E+01    1.71731E-01    0.00000E+00    1.27540E+00
 1.28552E+01    1.98749E-01    0.00000E+00    1.47606E+00
 1.30000E+01    2.20626E-01    0.00000E+00    9.89412E-01
 1.31834E+01    2.65555E-01    0.00000E+00    1.19090E+00
 1.33694E+01    3.11118E-01    0.00000E+00    1.39523E+00
 1.35000E+01    3.43111E-01    0.00000E+00    1.53870E+00
 1.36905E+01    4.20086E-01    0.00000E+00    1.88390E+00
 1.38836E+01    4.98146E-01    0.00000E+00    2.23397E+00
 1.40000E+01    5.45186E-01    0.00000E+00    2.44492E+00
 1.41975E+01    6.55878E-01    0.00000E+00    2.94133E+00
 1.43978E+01    7.68132E-01    0.00000E+00    3.44474E+00
 1.45000E+01    8.25398E-01    0.00000E+00    3.70155E+00
 1.47046E+01    9.80065E-01    0.00000E+00    4.39517E+00
 1.49120E+01    1.13691E+00    0.00000E+00    5.09857E+00
 1.50000E+01    1.20343E+00    0.00000E+00    5.39686E+00
 1.52116E+01    1.42519E+00    0.00000E+00    6.39137E+00
 1.54262E+01    1.65008E+00    0.00000E+00    7.39990E+00
 1.56439E+01    1.87815E+00    0.00000E+00    8.42267E+00
 1.58646E+01    2.10943E+00    0.00000E+00    9.45986E+00
 1.60000E+01    2.25134E+00    0.00000E+00    5.65200E+00
 1.62257E+01    2.60968E+00    0.00000E+00    6.55162E+00
 1.64546E+01    2.97308E+00    0.00000E+00    7.46393E+00
 1.66868E+01    3.34161E+00    0.00000E+00    8.38912E+00
 1.69222E+01    3.71533E+00    0.00000E+00    9.32736E+00
 1.70000E+01    3.83882E+00    0.00000E+00    9.63737E+00
 1.72398E+01    4.40040E+00    0.00000E+00    1.10472E+01
 1.74831E+01    4.96990E+00    0.00000E+00    1.24769E+01
 1.77297E+01    5.54743E+00    0.00000E+00    1.39268E+01
 1.79799E+01    6.13311E+00    0.00000E+00    1.53972E+01
 1.80000E+01    6.18029E+00    0.00000E+00    1.55156E+01
 1.82539E+01    6.99354E+00    0.00000E+00    1.75573E+01
 1.85115E+01    7.81825E+00    0.00000E+00    1.96277E+01
 1.87726E+01    8.65461E+00    0.00000E+00    2.17274E+01
 1.90000E+01    9.38270E+00    0.00000E+00    2.35553E+01
 1.92681E+01    1.06185E+01    0.00000E+00    2.66577E+01
 1.95399E+01    1.18717E+01    0.00000E+00    2.98039E+01
 1.98156E+01    1.31425E+01    0.00000E+00    3.29944E+01
 2.00000E+01    1.39928E+01    0.00000E+00    3.21693E+01
 2.02822E+01    1.56914E+01    0.00000E+00    3.60745E+01
 2.05683E+01    1.74140E+01    0.00000E+00    4.00347E+01
 2.08585E+01    1.91609E+01    0.00000E+00    4.40508E+01
 2.10000E+01    2.00128E+01    0.00000E+00    4.60093E+01
 2.12963E+01    2.10496E+01    0.00000E+00    4.83929E+01
 2.15967E+01    2.21010E+01    0.00000E+00    5.08101E+01
 2.19014E+01    2.31673E+01    0.00000E+00    5.32614E+01
 2.20000E+01    2.35123E+01    0.00000E+00    5.40546E+01
 2.23104E+01    2.42785E+01    0.00000E+00    5.58160E+01
 2.26251E+01    2.50555E+01    0.00000E+00    5.76023E+01
 2.29443E+01    2.58434E+01    0.00000E+00    5.94138E+01
 2.30000E+01    2.59808E+01    0.00000E+00    5.97297E+01
 2.33245E+01    2.48664E+01    0.00000E+00    5.71676E+01
 2.36536E+01    2.37362E+01    0.00000E+00    5.45694E+01
 2.39873E+01    2.25901E+01    0.00000E+00    5.19345E+01
 2.40000E+01    2.25464E+01    0.00000E+00    5.08334E+01
 2.43386E+01    2.18973E+01    0.00000E+00    4.93700E+01
 2.46820E+01    2.12391E+01    0.00000E+00    4.78860E+01
 2.50000E+01    2.06295E+01    0.00000E+00    4.65115E+01
 2.53527E+01    2.00308E+01    0.00000E+00    4.51617E+01
 2.57104E+01    1.94237E+01    0.00000E+00    4.37929E+01
 2.60000E+01    1.89321E+01    0.00000E+00    4.26845E+01
 2.63668E+01    1.83457E+01    0.00000E+00    4.13624E+01
 2.67388E+01    1.77510E+01    0.00000E+00    4.00216E+01
 2.70000E+01    1.73334E+01    0.00000E+00    3.90801E+01
 2.73809E+01    1.67125E+01    0.00000E+00    3.76803E+01
 2.77672E+01    1.60829E+01    0.00000E+00    3.62607E+01
 2.80000E+01    1.57035E+01    0.00000E+00    3.54053E+01
 2.83950E+01    1.51247E+01    0.00000E+00    3.41004E+01
 2.87956E+01    1.45378E+01    0.00000E+00    3.27771E+01
 2.90000E+01    1.42384E+01    0.00000E+00    3.21021E+01
 2.94091E+01    1.39375E+01    0.00000E+00    3.14237E+01
 2.98240E+01    1.36324E+01    0.00000E+00    3.07358E+01
 3.00000E+01    1.35030E+01    0.00000E+00    3.04440E+01
