# n + Ac223 : (n,2na)   
# tendl.2017 A.J. Koning and D. Rochman        EVAL-NOV17
# uncertainties: y
# # energies =   330
#   E(MeV)       xs(mb)       xslow(mb)      xsupp(mb)
 1.00000E-11    3.92878E-17    3.92878E-17    3.92878E-17
 1.03005E-11    3.87428E-17    3.87428E-17    3.87428E-17
 1.06099E-11    3.82063E-17    3.82063E-17    3.82063E-17
 1.09287E-11    3.76781E-17    3.76781E-17    3.76781E-17
 1.12571E-11    3.71582E-17    3.71582E-17    3.71582E-17
 1.15953E-11    3.66464E-17    3.66464E-17    3.66464E-17
 1.19437E-11    3.61426E-17    3.61426E-17    3.61426E-17
 1.23026E-11    3.56467E-17    3.56467E-17    3.56467E-17
 1.26722E-11    3.51586E-17    3.51586E-17    3.51586E-17
 1.30530E-11    3.46782E-17    3.46782E-17    3.46782E-17
 1.34452E-11    3.42053E-17    3.42053E-17    3.42053E-17
 1.38491E-11    3.37399E-17    3.37399E-17    3.37399E-17
 1.42652E-11    3.32819E-17    3.32819E-17    3.32819E-17
 1.46938E-11    3.28312E-17    3.28312E-17    3.28312E-17
 1.51353E-11    3.23876E-17    3.23876E-17    3.23876E-17
 1.55901E-11    3.19511E-17    3.19511E-17    3.19511E-17
 1.60585E-11    3.15215E-17    3.15215E-17    3.15215E-17
 1.65410E-11    3.10988E-17    3.10988E-17    3.10988E-17
 1.70380E-11    3.06829E-17    3.06829E-17    3.06829E-17
 1.75499E-11    3.02737E-17    3.02737E-17    3.02737E-17
 1.80772E-11    2.98711E-17    2.98711E-17    2.98711E-17
 1.86203E-11    2.94750E-17    2.94750E-17    2.94750E-17
 1.92611E-11    2.90302E-17    2.90302E-17    2.90302E-17
 1.99239E-11    2.85936E-17    2.85936E-17    2.85936E-17
 2.06095E-11    2.81651E-17    2.81651E-17    2.81651E-17
 2.13187E-11    2.77447E-17    2.77447E-17    2.77447E-17
 2.20523E-11    2.73321E-17    2.73321E-17    2.73321E-17
 2.28111E-11    2.69272E-17    2.69272E-17    2.69272E-17
 2.35961E-11    2.65301E-17    2.65301E-17    2.65301E-17
 2.44081E-11    2.61404E-17    2.61404E-17    2.61404E-17
 2.52480E-11    2.57581E-17    2.57581E-17    2.57581E-17
 2.61168E-11    2.53831E-17    2.53831E-17    2.53831E-17
 2.70155E-11    2.50153E-17    2.50153E-17    2.50153E-17
 2.79451E-11    2.46546E-17    2.46546E-17    2.46546E-17
 2.89068E-11    2.43008E-17    2.43008E-17    2.43008E-17
 2.99015E-11    2.39539E-17    2.39539E-17    2.39539E-17
 3.09304E-11    2.36138E-17    2.36138E-17    2.36138E-17
 3.19948E-11    2.32802E-17    2.32802E-17    2.32802E-17
 3.30957E-11    2.29533E-17    2.29533E-17    2.29533E-17
 3.42346E-11    2.26328E-17    2.26328E-17    2.26328E-17
 3.54127E-11    2.23186E-17    2.23186E-17    2.23186E-17
 3.66313E-11    2.20107E-17    2.20107E-17    2.20107E-17
 3.78918E-11    2.17090E-17    2.17090E-17    2.17090E-17
 3.91957E-11    2.14133E-17    2.14133E-17    2.14133E-17
 4.05445E-11    2.11237E-17    2.11237E-17    2.11237E-17
 4.19396E-11    2.08399E-17    2.08399E-17    2.08399E-17
 4.33828E-11    2.05619E-17    2.05619E-17    2.05619E-17
 4.48757E-11    2.02896E-17    2.02896E-17    2.02896E-17
 4.64199E-11    2.00230E-17    2.00230E-17    2.00230E-17
 4.80173E-11    1.97619E-17    1.97619E-17    1.97619E-17
 4.96696E-11    1.95062E-17    1.95062E-17    1.95062E-17
 5.13788E-11    1.92560E-17    1.92560E-17    1.92560E-17
 5.31468E-11    1.90110E-17    1.90110E-17    1.90110E-17
 5.49756E-11    1.87713E-17    1.87713E-17    1.87713E-17
 5.68674E-11    1.85367E-17    1.85367E-17    1.85367E-17
 5.88243E-11    1.83071E-17    1.83071E-17    1.83071E-17
 6.08485E-11    1.80826E-17    1.80826E-17    1.80826E-17
 6.29424E-11    1.78629E-17    1.78629E-17    1.78629E-17
 6.51083E-11    1.76481E-17    1.76481E-17    1.76481E-17
 6.73488E-11    1.74381E-17    1.74381E-17    1.74381E-17
 6.96663E-11    1.72327E-17    1.72327E-17    1.72327E-17
 7.20636E-11    1.70320E-17    1.70320E-17    1.70320E-17
 7.45434E-11    1.68358E-17    1.68358E-17    1.68358E-17
 7.71085E-11    1.66440E-17    1.66440E-17    1.66440E-17
 7.97619E-11    1.64567E-17    1.64567E-17    1.64567E-17
 8.25066E-11    1.62737E-17    1.62737E-17    1.62737E-17
 8.57075E-11    1.60730E-17    1.60730E-17    1.60730E-17
 8.90325E-11    1.58775E-17    1.58775E-17    1.58775E-17
 9.24865E-11    1.56873E-17    1.56873E-17    1.56873E-17
 9.60745E-11    1.55022E-17    1.55022E-17    1.55022E-17
 9.98017E-11    1.53221E-17    1.53221E-17    1.53221E-17
 1.03674E-10    1.51469E-17    1.51469E-17    1.51469E-17
 1.07696E-10    1.49766E-17    1.49766E-17    1.49766E-17
 1.11874E-10    1.48110E-17    1.48110E-17    1.48110E-17
 1.16214E-10    1.46501E-17    1.46501E-17    1.46501E-17
 1.20722E-10    1.44937E-17    1.44937E-17    1.44937E-17
 1.25406E-10    1.43419E-17    1.43419E-17    1.43419E-17
 1.30271E-10    1.41944E-17    1.41944E-17    1.41944E-17
 1.35325E-10    1.40512E-17    1.40512E-17    1.40512E-17
 1.40575E-10    1.39123E-17    1.39123E-17    1.39123E-17
 1.46028E-10    1.37775E-17    1.37775E-17    1.37775E-17
 1.51693E-10    1.36467E-17    1.36467E-17    1.36467E-17
 1.58246E-10    1.35060E-17    1.35060E-17    1.35060E-17
 1.65082E-10    1.33702E-17    1.33702E-17    1.33702E-17
 1.72213E-10    1.32389E-17    1.32389E-17    1.32389E-17
 1.79652E-10    1.31123E-17    1.31123E-17    1.31123E-17
 1.87413E-10    1.29900E-17    1.29900E-17    1.29900E-17
 1.95508E-10    1.28721E-17    1.28721E-17    1.28721E-17
 2.03954E-10    1.27583E-17    1.27583E-17    1.27583E-17
 2.12764E-10    1.26487E-17    1.26487E-17    1.26487E-17
 2.22896E-10    1.25327E-17    1.25327E-17    1.25327E-17
 2.33510E-10    1.24214E-17    1.24214E-17    1.24214E-17
 2.44629E-10    1.23146E-17    1.23146E-17    1.23146E-17
 2.56278E-10    1.22121E-17    1.22121E-17    1.22121E-17
 2.68481E-10    1.21139E-17    1.21139E-17    1.21139E-17
 2.81266E-10    1.20199E-17    1.20199E-17    1.20199E-17
 2.94660E-10    1.19297E-17    1.19297E-17    1.19297E-17
 3.09999E-10    1.18357E-17    1.18357E-17    1.18357E-17
 3.26137E-10    1.17461E-17    1.17461E-17    1.17461E-17
 3.43115E-10    1.16607E-17    1.16607E-17    1.16607E-17
 3.60977E-10    1.15793E-17    1.15793E-17    1.15793E-17
 3.81379E-10    1.14955E-17    1.14955E-17    1.14955E-17
 4.02933E-10    1.14161E-17    1.14161E-17    1.14161E-17
 4.25706E-10    1.13407E-17    1.13407E-17    1.13407E-17
 4.51671E-10    1.12639E-17    1.12639E-17    1.12639E-17
 4.79221E-10    1.11915E-17    1.11915E-17    1.11915E-17
 5.08451E-10    1.11232E-17    1.11232E-17    1.11232E-17
 5.41749E-10    1.10543E-17    1.10543E-17    1.10543E-17
 5.77229E-10    1.09895E-17    1.09895E-17    1.09895E-17
 6.17639E-10    1.09249E-17    1.09249E-17    1.09249E-17
 6.60878E-10    1.08644E-17    1.08644E-17    1.08644E-17
 7.10140E-10    1.08044E-17    1.08044E-17    1.08044E-17
 7.63075E-10    1.07487E-17    1.07487E-17    1.07487E-17
 8.23430E-10    1.06938E-17    1.06938E-17    1.06938E-17
 8.88560E-10    1.06429E-17    1.06429E-17    1.06429E-17
 9.62904E-10    1.05933E-17    1.05933E-17    1.05933E-17
 1.04789E-09    1.05452E-17    1.05452E-17    1.05452E-17
 1.14521E-09    1.04988E-17    1.04988E-17    1.04988E-17
 1.25687E-09    1.04545E-17    1.04545E-17    1.04545E-17
 1.38527E-09    1.04124E-17    1.04124E-17    1.04124E-17
 1.53326E-09    1.03726E-17    1.03726E-17    1.03726E-17
 1.70424E-09    1.03352E-17    1.03352E-17    1.03352E-17
 1.91038E-09    1.02990E-17    1.02990E-17    1.02990E-17
 2.15054E-09    1.02656E-17    1.02656E-17    1.02656E-17
 2.44144E-09    1.02340E-17    1.02340E-17    1.02340E-17
 2.79524E-09    1.02044E-17    1.02044E-17    1.02044E-17
 3.22749E-09    1.01770E-17    1.01770E-17    1.01770E-17
 3.77417E-09    1.01514E-17    1.01514E-17    1.01514E-17
 4.46979E-09    1.01278E-17    1.01278E-17    1.01278E-17
 5.38394E-09    1.01061E-17    1.01061E-17    1.01061E-17
 6.59567E-09    1.00866E-17    1.00866E-17    1.00866E-17
 8.25281E-09    1.00692E-17    1.00692E-17    1.00692E-17
 1.06365E-08    1.00537E-17    1.00537E-17    1.00537E-17
 1.42406E-08    1.00401E-17    1.00401E-17    1.00401E-17
 2.00585E-08    1.00285E-17    1.00285E-17    1.00285E-17
 2.52045E-08    1.00227E-17    1.00227E-17    1.00227E-17
 2.53000E-08    1.00226E-17    1.00226E-17    1.00226E-17
 4.04565E-08    1.00141E-17    1.00141E-17    1.00141E-17
 7.50136E-08    1.00076E-17    1.00076E-17    1.00076E-17
 1.83870E-07    1.00031E-17    1.00031E-17    1.00031E-17
 9.81349E-07    1.00006E-17    1.00006E-17    1.00006E-17
 1.16257E-04    1.00000E-17    1.00000E-17    1.00000E-17
 1.17897E-04    1.00000E-17    1.00000E-17    1.00000E-17
 1.19561E-04    1.00000E-17    1.00000E-17    1.00000E-17
 1.22958E-04    1.00000E-17    1.00000E-17    1.00000E-17
 1.31880E-04    1.00000E-17    1.00000E-17    1.00000E-17
 1.39481E-04    1.00000E-17    1.00000E-17    1.00000E-17
 1.41449E-04    1.00000E-17    1.00000E-17    1.00000E-17
 1.43444E-04    1.00000E-17    1.00000E-17    1.00000E-17
 1.51712E-04    1.00000E-17    1.00000E-17    1.00000E-17
 1.82019E-04    1.00000E-17    1.00000E-17    1.00000E-17
 1.84587E-04    1.00000E-17    1.00000E-17    1.00000E-17
 2.06479E-04    1.00000E-17    1.00000E-17    1.00000E-17
 2.15342E-04    1.00000E-17    1.00000E-17    1.00000E-17
 2.30967E-04    1.00000E-17    1.00000E-17    1.00000E-17
 2.34225E-04    1.00000E-17    1.00000E-17    1.00000E-17
 3.18778E-04    1.00000E-17    1.00000E-17    1.00000E-17
 3.23275E-04    1.00000E-17    1.00000E-17    1.00000E-17
 3.27836E-04    1.00000E-17    1.00000E-17    1.00000E-17
 3.32461E-04    1.00000E-17    1.00000E-17    1.00000E-17
 3.93326E-04    1.00000E-17    1.00000E-17    1.00000E-17
 3.98875E-04    1.00000E-17    1.00000E-17    1.00000E-17
 4.27818E-04    1.00000E-17    1.00000E-17    1.00000E-17
 4.33853E-04    1.00000E-17    1.00000E-17    1.00000E-17
 4.58860E-04    1.00000E-17    1.00000E-17    1.00000E-17
 4.65334E-04    1.00000E-17    1.00000E-17    1.00000E-17
 4.92155E-04    1.00000E-17    1.00000E-17    1.00000E-17
 4.99098E-04    1.00000E-17    1.00000E-17    1.00000E-17
 5.06139E-04    1.00000E-17    1.00000E-17    1.00000E-17
 5.13280E-04    1.00000E-17    1.00000E-17    1.00000E-17
 5.27865E-04    1.00000E-17    1.00000E-17    1.00000E-17
 5.42865E-04    1.00000E-17    1.00000E-17    1.00000E-17
 5.50524E-04    1.00000E-17    1.00000E-17    1.00000E-17
 6.07248E-04    1.00000E-17    1.00000E-17    1.00000E-17
 6.15815E-04    1.00000E-17    1.00000E-17    1.00000E-17
 6.33314E-04    1.00000E-17    1.00000E-17    1.00000E-17
 6.42249E-04    1.00000E-17    1.00000E-17    1.00000E-17
 7.28554E-04    1.00000E-17    1.00000E-17    1.00000E-17
 7.38833E-04    1.00000E-17    1.00000E-17    1.00000E-17
 7.49256E-04    1.00000E-17    1.00000E-17    1.00000E-17
 7.70547E-04    1.00000E-17    1.00000E-17    1.00000E-17
 8.03622E-04    1.00000E-17    1.00000E-17    1.00000E-17
 8.14960E-04    1.00000E-17    1.00000E-17    1.00000E-17
 8.38117E-04    1.00000E-17    1.00000E-17    1.00000E-17
 8.49942E-04    1.00000E-17    1.00000E-17    1.00000E-17
 9.24474E-04    1.00000E-17    1.00000E-17    1.00000E-17
 9.37517E-04    1.00000E-17    1.00000E-17    1.00000E-17
 9.50744E-04    1.00000E-17    1.00000E-17    1.00000E-17
 9.64157E-04    1.00000E-17    1.00000E-17    1.00000E-17
 9.77759E-04    1.00000E-17    1.00000E-17    1.00000E-17
 1.01973E-03    1.00000E-17    1.00000E-17    1.00000E-17
 1.03412E-03    1.00000E-17    1.00000E-17    1.00000E-17
 1.04871E-03    1.00000E-17    1.00000E-17    1.00000E-17
 1.06350E-03    1.00000E-17    1.00000E-17    1.00000E-17
 1.12480E-03    1.00000E-17    1.00000E-17    1.00000E-17
 1.14067E-03    1.00000E-17    1.00000E-17    1.00000E-17
 1.29395E-03    1.00000E-17    1.00000E-17    1.00000E-17
 1.31221E-03    1.00000E-17    1.00000E-17    1.00000E-17
 1.34949E-03    1.00000E-17    1.00000E-17    1.00000E-17
 1.42728E-03    1.00000E-17    1.00000E-17    1.00000E-17
 1.44741E-03    1.00000E-17    1.00000E-17    1.00000E-17
 1.71239E-03    1.00000E-17    1.00000E-17    1.00000E-17
 1.73655E-03    1.00000E-17    1.00000E-17    1.00000E-17
 1.88883E-03    1.00000E-17    1.00000E-17    1.00000E-17
 1.91548E-03    1.00000E-17    1.00000E-17    1.00000E-17
 1.96991E-03    1.00000E-17    1.00000E-17    1.00000E-17
 2.05447E-03    1.00000E-17    1.00000E-17    1.00000E-17
 2.08345E-03    1.00000E-17    1.00000E-17    1.00000E-17
 2.14266E-03    1.00000E-17    1.00000E-17    1.00000E-17
 2.23463E-03    1.00000E-17    1.00000E-17    1.00000E-17
 2.43059E-03    1.00000E-17    1.00000E-17    1.00000E-17
 2.75721E-03    1.00000E-17    1.00000E-17    1.00000E-17
 3.08421E-03    1.00000E-17    1.00000E-17    1.00000E-17
 3.12772E-03    1.00000E-17    1.00000E-17    1.00000E-17
 3.75253E-03    1.00000E-17    1.00000E-17    1.00000E-17
 3.80547E-03    1.00000E-17    1.00000E-17    1.00000E-17
 4.25680E-03    1.00000E-17    1.00000E-17    1.00000E-17
 4.31685E-03    1.00000E-17    1.00000E-17    1.00000E-17
 4.50215E-03    1.00000E-17    1.00000E-17    1.00000E-17
 4.56567E-03    1.00000E-17    1.00000E-17    1.00000E-17
 4.82883E-03    1.00000E-17    1.00000E-17    1.00000E-17
 5.03610E-03    1.00000E-17    1.00000E-17    1.00000E-17
 5.17920E-03    1.00000E-17    1.00000E-17    1.00000E-17
 5.25227E-03    1.00000E-17    1.00000E-17    1.00000E-17
 6.12738E-03    1.00000E-17    1.00000E-17    1.00000E-17
 6.21382E-03    1.00000E-17    1.00000E-17    1.00000E-17
 6.76094E+00    1.00000E-17    0.00000E+00    4.64032E-17
 6.80000E+00    1.02464E-17    0.00000E+00    4.75465E-17
 7.00000E+00    3.14393E-15    0.00000E+00    1.45888E-14
 7.19891E+00    1.02767E-14    0.00000E+00    4.76871E-14
 7.20000E+00    5.34564E-12    0.00000E+00    2.48055E-11
 7.40000E+00    6.59611E-08    0.00000E+00    3.06080E-07
 7.60000E+00    3.81586E-07    0.00000E+00    1.77068E-06
 7.80000E+00    1.13674E-06    0.00000E+00    5.27484E-06
 8.00000E+00    2.02498E-06    0.00000E+00    9.39655E-06
 8.50000E+00    5.12992E-06    0.00000E+00    2.38044E-05
 9.00000E+00    8.66874E-06    0.00000E+00    3.43561E-05
 9.50000E+00    1.26215E-05    0.00000E+00    5.00219E-05
 1.00000E+01    1.73633E-05    0.00000E+00    6.88147E-05
 1.01411E+01    1.96149E-05    0.00000E+00    7.77382E-05
 1.02842E+01    2.18984E-05    0.00000E+00    8.67881E-05
 1.04292E+01    2.42140E-05    0.00000E+00    9.59656E-05
 1.05000E+01    2.53433E-05    0.00000E+00    1.00441E-04
 1.06481E+01    2.97267E-05    0.00000E+00    1.17814E-04
 1.07984E+01    3.41720E-05    0.00000E+00    1.35431E-04
 1.09507E+01    3.86800E-05    0.00000E+00    1.53298E-04
 1.10000E+01    4.01386E-05    0.00000E+00    1.59078E-04
 1.11552E+01    4.97252E-05    0.00000E+00    1.97072E-04
 1.13126E+01    5.94470E-05    0.00000E+00    2.35602E-04
 1.14722E+01    6.93059E-05    0.00000E+00    2.74675E-04
 1.15000E+01    7.10251E-05    0.00000E+00    2.81488E-04
 1.16622E+01    9.18923E-05    0.00000E+00    3.64190E-04
 1.18268E+01    1.13054E-04    0.00000E+00    4.48058E-04
 1.19936E+01    1.34514E-04    0.00000E+00    5.33109E-04
 1.20000E+01    1.35333E-04    0.00000E+00    5.36355E-04
 1.21693E+01    1.79963E-04    0.00000E+00    7.13234E-04
 1.23410E+01    2.25223E-04    0.00000E+00    8.92609E-04
 1.25000E+01    2.67142E-04    0.00000E+00    1.05874E-03
 1.26764E+01    3.61688E-04    0.00000E+00    1.43345E-03
 1.28552E+01    4.57569E-04    0.00000E+00    1.81345E-03
 1.30000E+01    5.35203E-04    0.00000E+00    2.04980E-03
 1.31834E+01    7.15406E-04    0.00000E+00    2.73997E-03
 1.33694E+01    8.98152E-04    0.00000E+00    3.43988E-03
 1.35000E+01    1.02647E-03    0.00000E+00    3.93133E-03
 1.36905E+01    1.32785E-03    0.00000E+00    5.08561E-03
 1.38836E+01    1.63348E-03    0.00000E+00    6.25617E-03
 1.40000E+01    1.81766E-03    0.00000E+00    6.96155E-03
 1.41975E+01    2.29200E-03    0.00000E+00    8.77827E-03
 1.43978E+01    2.77304E-03    0.00000E+00    1.06206E-02
 1.45000E+01    3.01844E-03    0.00000E+00    1.15605E-02
 1.47046E+01    3.76053E-03    0.00000E+00    1.44027E-02
 1.49120E+01    4.51309E-03    0.00000E+00    1.72849E-02
 1.50000E+01    4.83223E-03    0.00000E+00    1.85072E-02
 1.52116E+01    6.27272E-03    0.00000E+00    2.40242E-02
 1.54262E+01    7.73353E-03    0.00000E+00    2.96191E-02
 1.56439E+01    9.21496E-03    0.00000E+00    3.52929E-02
 1.58646E+01    1.07173E-02    0.00000E+00    4.10467E-02
 1.60000E+01    1.16391E-02    0.00000E+00    4.57007E-02
 1.62257E+01    1.47322E-02    0.00000E+00    5.78456E-02
 1.64546E+01    1.78689E-02    0.00000E+00    7.01618E-02
 1.66868E+01    2.10498E-02    0.00000E+00    8.26517E-02
 1.69222E+01    2.42756E-02    0.00000E+00    9.53178E-02
 1.70000E+01    2.53415E-02    0.00000E+00    9.95030E-02
 1.72398E+01    3.25084E-02    0.00000E+00    1.27644E-01
 1.74831E+01    3.97764E-02    0.00000E+00    1.56181E-01
 1.77297E+01    4.71470E-02    0.00000E+00    1.85122E-01
 1.79799E+01    5.46215E-02    0.00000E+00    2.14470E-01
 1.80000E+01    5.52236E-02    0.00000E+00    2.16835E-01
 1.82539E+01    7.63775E-02    0.00000E+00    2.99895E-01
 1.85115E+01    9.78299E-02    0.00000E+00    3.84127E-01
 1.87726E+01    1.19585E-01    0.00000E+00    4.69548E-01
 1.90000E+01    1.38524E-01    0.00000E+00    5.43912E-01
 1.92681E+01    1.93000E-01    0.00000E+00    7.57812E-01
 1.95399E+01    2.48245E-01    0.00000E+00    9.74729E-01
 1.98156E+01    3.04269E-01    0.00000E+00    1.19471E+00
 2.00000E+01    3.41751E-01    0.00000E+00    1.33607E+00
 2.02822E+01    4.72952E-01    0.00000E+00    1.84900E+00
 2.05683E+01    6.06005E-01    0.00000E+00    2.36916E+00
 2.08585E+01    7.40935E-01    0.00000E+00    2.89667E+00
 2.10000E+01    8.06734E-01    0.00000E+00    3.15391E+00
 2.12963E+01    1.08823E+00    0.00000E+00    4.25440E+00
 2.15967E+01    1.37369E+00    0.00000E+00    5.37041E+00
 2.19014E+01    1.66318E+00    0.00000E+00    6.50217E+00
 2.20000E+01    1.75685E+00    0.00000E+00    6.86836E+00
 2.23104E+01    2.28717E+00    0.00000E+00    8.94166E+00
 2.26251E+01    2.82498E+00    0.00000E+00    1.10442E+01
 2.29443E+01    3.37038E+00    0.00000E+00    1.31764E+01
 2.30000E+01    3.46548E+00    0.00000E+00    1.35482E+01
 2.33245E+01    4.04733E+00    0.00000E+00    1.58229E+01
 2.36536E+01    4.63740E+00    0.00000E+00    1.81298E+01
 2.39873E+01    5.23578E+00    0.00000E+00    2.04692E+01
 2.40000E+01    5.25862E+00    0.00000E+00    2.04206E+01
 2.43386E+01    6.01174E+00    0.00000E+00    2.33452E+01
 2.46820E+01    6.77548E+00    0.00000E+00    2.63110E+01
 2.50000E+01    7.48285E+00    0.00000E+00    2.90579E+01
 2.53527E+01    8.35856E+00    0.00000E+00    3.24585E+01
 2.57104E+01    9.24662E+00    0.00000E+00    3.59071E+01
 2.60000E+01    9.96569E+00    0.00000E+00    3.86994E+01
 2.63668E+01    1.09291E+01    0.00000E+00    4.24407E+01
 2.67388E+01    1.19062E+01    0.00000E+00    4.62348E+01
 2.70000E+01    1.25922E+01    0.00000E+00    4.88988E+01
 2.73809E+01    1.34307E+01    0.00000E+00    5.21549E+01
 2.77672E+01    1.42810E+01    0.00000E+00    5.54569E+01
 2.80000E+01    1.47934E+01    0.00000E+00    5.74467E+01
 2.83950E+01    1.54066E+01    0.00000E+00    5.98278E+01
 2.87956E+01    1.60284E+01    0.00000E+00    6.22424E+01
 2.90000E+01    1.63456E+01    0.00000E+00    6.34743E+01
 2.94091E+01    1.69629E+01    0.00000E+00    6.58714E+01
 2.98240E+01    1.75889E+01    0.00000E+00    6.83024E+01
 3.00000E+01    1.78544E+01    0.00000E+00    6.93333E+01
