# n + Ac223 : (n,3na)   
# tendl.2017 A.J. Koning and D. Rochman        EVAL-NOV17
# uncertainties: y
# # energies =    22
#   E(MeV)       xs(mb)       xslow(mb)      xsupp(mb)
 5.07913E+00    0.00000E+00    0.00000E+00    0.00000E+00
 1.25000E+01    9.08071E-16    9.08071E-16    9.08071E-16
 1.30000E+01    7.24907E-12    0.00000E+00    1.58320E-11
 1.35000E+01    9.03839E-11    0.00000E+00    1.97398E-10
 1.40000E+01    4.22823E-03    0.00000E+00    9.23444E-03
 1.45000E+01    4.08621E-02    0.00000E+00    8.92427E-02
 1.50000E+01    1.76305E-01    0.00000E+00    3.85050E-01
 1.60000E+01    1.59001E+00    1.01113E+00    2.16889E+00
 1.70000E+01    6.52021E+00    4.14638E+00    8.89404E+00
 1.80000E+01    1.60617E+01    1.02141E+01    2.19093E+01
 1.90000E+01    2.88878E+01    1.83705E+01    3.94051E+01
 2.00000E+01    4.18140E+01    3.20610E+01    5.15670E+01
 2.10000E+01    5.33867E+01    4.09344E+01    6.58390E+01
 2.20000E+01    6.33310E+01    4.85592E+01    7.81028E+01
 2.30000E+01    7.11874E+01    5.45832E+01    8.77916E+01
 2.40000E+01    7.26724E+01    5.77436E+01    8.76012E+01
 2.50000E+01    7.35181E+01    5.84155E+01    8.86207E+01
 2.60000E+01    6.80701E+01    5.40867E+01    8.20535E+01
 2.70000E+01    6.42424E+01    5.10453E+01    7.74395E+01
 2.80000E+01    5.63191E+01    4.47497E+01    6.78885E+01
 2.90000E+01    5.02114E+01    3.98967E+01    6.05261E+01
 3.00000E+01    4.83221E+01    3.83955E+01    5.82487E+01
