# n + Ac223 : (n,non)   
# tendl.2017 A.J. Koning and D. Rochman        EVAL-NOV17
# uncertainties: y
# # energies =  1061
#   E(MeV)       xs(mb)       xslow(mb)      xsupp(mb)
 1.00000E-11    1.00443E-01    8.87518E-02    1.12135E-01
 1.03223E-11    9.88625E-02    8.73551E-02    1.10370E-01
 1.06549E-11    9.73073E-02    8.59809E-02    1.08634E-01
 1.09984E-11    9.57760E-02    8.46278E-02    1.06924E-01
 1.13527E-11    9.42694E-02    8.32966E-02    1.05242E-01
 1.17186E-11    9.27859E-02    8.19858E-02    1.03586E-01
 1.20962E-11    9.13263E-02    8.06961E-02    1.01956E-01
 1.24861E-11    8.98891E-02    7.94262E-02    1.00352E-01
 1.28884E-11    8.84751E-02    7.81767E-02    9.87734E-02
 1.33038E-11    8.70828E-02    7.69465E-02    9.72190E-02
 1.37325E-11    8.57129E-02    7.57361E-02    9.56897E-02
 1.41751E-11    8.43640E-02    7.45442E-02    9.41838E-02
 1.46318E-11    8.30369E-02    7.33716E-02    9.27022E-02
 1.51034E-11    8.17302E-02    7.22170E-02    9.12434E-02
 1.55901E-11    8.04445E-02    7.10809E-02    8.98081E-02
 1.60926E-11    7.91786E-02    6.99623E-02    8.83948E-02
 1.66111E-11    7.79330E-02    6.88617E-02    8.70042E-02
 1.71465E-11    7.67066E-02    6.77781E-02    8.56351E-02
 1.76990E-11    7.54999E-02    6.67119E-02    8.42880E-02
 1.82694E-11    7.43118E-02    6.56621E-02    8.29616E-02
 1.88581E-11    7.31428E-02    6.46291E-02    8.16565E-02
 1.94659E-11    7.19918E-02    6.36121E-02    8.03715E-02
 2.00931E-11    7.08593E-02    6.26114E-02    7.91071E-02
 2.07407E-11    6.97442E-02    6.16261E-02    7.78623E-02
 2.14090E-11    6.86470E-02    6.06567E-02    7.66374E-02
 2.20991E-11    6.75668E-02    5.97022E-02    7.54315E-02
 2.28111E-11    6.65039E-02    5.87629E-02    7.42448E-02
 2.35464E-11    6.54574E-02    5.78383E-02    7.30765E-02
 2.43051E-11    6.44276E-02    5.69284E-02    7.19269E-02
 2.50884E-11    6.34138E-02    5.60325E-02    7.07950E-02
 2.58968E-11    6.24162E-02    5.51511E-02    6.96813E-02
 2.67315E-11    6.14340E-02    5.42832E-02    6.85848E-02
 2.75928E-11    6.04675E-02    5.34292E-02    6.75058E-02
 2.84822E-11    5.95160E-02    5.25885E-02    6.64436E-02
 2.93999E-11    5.85797E-02    5.17612E-02    6.53983E-02
 3.03475E-11    5.76579E-02    5.09467E-02    6.43692E-02
 3.13253E-11    5.67509E-02    5.01452E-02    6.33566E-02
 3.23350E-11    5.58579E-02    4.93561E-02    6.23596E-02
 3.33769E-11    5.49791E-02    4.85796E-02    6.13786E-02
 3.44526E-11    5.41140E-02    4.78152E-02    6.04127E-02
 3.55627E-11    5.32627E-02    4.70630E-02    5.94623E-02
 3.67089E-11    5.24245E-02    4.63224E-02    5.85266E-02
 3.78918E-11    5.15998E-02    4.55937E-02    5.76059E-02
 3.91130E-11    5.07878E-02    4.48762E-02    5.66994E-02
 4.03734E-11    4.99888E-02    4.41702E-02    5.58074E-02
 4.16746E-11    4.92022E-02    4.34752E-02    5.49293E-02
 4.30174E-11    4.84282E-02    4.27912E-02    5.40651E-02
 4.44039E-11    4.76661E-02    4.21179E-02    5.32144E-02
 4.58347E-11    4.69163E-02    4.14553E-02    5.23772E-02
 4.73119E-11    4.61780E-02    4.08030E-02    5.15530E-02
 4.88364E-11    4.54515E-02    4.01611E-02    5.07420E-02
 5.04104E-11    4.47363E-02    3.95291E-02    4.99435E-02
 5.20348E-11    4.40325E-02    3.89072E-02    4.91578E-02
 5.37119E-11    4.33396E-02    3.82950E-02    4.83843E-02
 5.54426E-11    4.26578E-02    3.76925E-02    4.76231E-02
 5.72295E-11    4.19866E-02    3.70994E-02    4.68737E-02
 5.90736E-11    4.13260E-02    3.65158E-02    4.61363E-02
 6.09775E-11    4.06758E-02    3.59412E-02    4.54103E-02
 6.29424E-11    4.00358E-02    3.53757E-02    4.46959E-02
 6.49710E-11    3.94059E-02    3.48191E-02    4.39926E-02
 6.70645E-11    3.87859E-02    3.42713E-02    4.33005E-02
 6.92260E-11    3.81756E-02    3.37320E-02    4.26192E-02
 7.14566E-11    3.75750E-02    3.32014E-02    4.19487E-02
 7.37596E-11    3.69838E-02    3.26789E-02    4.12886E-02
 7.61364E-11    3.64019E-02    3.21648E-02    4.06390E-02
 7.85902E-11    3.58291E-02    3.16587E-02    3.99996E-02
 8.11227E-11    3.52654E-02    3.11606E-02    3.93703E-02
 8.37372E-11    3.47105E-02    3.06703E-02    3.87508E-02
 8.64355E-11    3.41645E-02    3.01878E-02    3.81411E-02
 8.92212E-11    3.36269E-02    2.97128E-02    3.75410E-02
 9.20962E-11    3.30978E-02    2.92453E-02    3.69504E-02
 9.50644E-11    3.25770E-02    2.87851E-02    3.63689E-02
 9.81277E-11    3.20645E-02    2.83323E-02    3.57968E-02
 1.01291E-10    3.15599E-02    2.78864E-02    3.52334E-02
 1.04554E-10    3.10635E-02    2.74477E-02    3.46792E-02
 1.07924E-10    3.05746E-02    2.70158E-02    3.41334E-02
 1.11402E-10    3.00937E-02    2.65908E-02    3.35965E-02
 1.14992E-10    2.96201E-02    2.61724E-02    3.30678E-02
 1.18697E-10    2.91541E-02    2.57606E-02    3.25476E-02
 1.22523E-10    2.86953E-02    2.53552E-02    3.20354E-02
 1.26471E-10    2.82439E-02    2.49564E-02    3.15315E-02
 1.30547E-10    2.77995E-02    2.45637E-02    3.10353E-02
 1.34754E-10    2.73622E-02    2.41773E-02    3.05471E-02
 1.39097E-10    2.69316E-02    2.37968E-02    3.00663E-02
 1.43579E-10    2.65079E-02    2.34224E-02    2.95934E-02
 1.48207E-10    2.60908E-02    2.30538E-02    2.91277E-02
 1.52982E-10    2.56803E-02    2.26912E-02    2.86695E-02
 1.57913E-10    2.52762E-02    2.23341E-02    2.82183E-02
 1.63001E-10    2.48786E-02    2.19828E-02    2.77744E-02
 1.68254E-10    2.44871E-02    2.16368E-02    2.73373E-02
 1.73676E-10    2.41019E-02    2.12965E-02    2.69073E-02
 1.79274E-10    2.37226E-02    2.09613E-02    2.64839E-02
 1.85050E-10    2.33494E-02    2.06316E-02    2.60672E-02
 1.91014E-10    2.29820E-02    2.03069E-02    2.56570E-02
 1.97169E-10    2.26204E-02    1.99875E-02    2.52534E-02
 2.03524E-10    2.22645E-02    1.96729E-02    2.48560E-02
 2.10082E-10    2.19142E-02    1.93635E-02    2.44650E-02
 2.16853E-10    2.15694E-02    1.90588E-02    2.40800E-02
 2.23840E-10    2.12301E-02    1.87589E-02    2.37012E-02
 2.31055E-10    2.08960E-02    1.84637E-02    2.33282E-02
 2.38500E-10    2.05673E-02    1.81733E-02    2.29612E-02
 2.46187E-10    2.02436E-02    1.78873E-02    2.25999E-02
 2.54120E-10    1.99251E-02    1.76059E-02    2.22444E-02
 2.62310E-10    1.96116E-02    1.73289E-02    2.18944E-02
 2.70762E-10    1.93031E-02    1.70562E-02    2.15499E-02
 2.79489E-10    1.89993E-02    1.67879E-02    2.12108E-02
 2.88494E-10    1.87004E-02    1.65237E-02    2.08771E-02
 2.97793E-10    1.84062E-02    1.62637E-02    2.05486E-02
 3.07388E-10    1.81166E-02    1.60079E-02    2.02253E-02
 3.17295E-10    1.78315E-02    1.57560E-02    1.99071E-02
 3.27519E-10    1.75510E-02    1.55081E-02    1.95939E-02
 3.38075E-10    1.72748E-02    1.52641E-02    1.92856E-02
 3.48969E-10    1.70031E-02    1.50239E-02    1.89822E-02
 3.60216E-10    1.67355E-02    1.47875E-02    1.86835E-02
 3.71823E-10    1.64722E-02    1.45549E-02    1.83896E-02
 3.83807E-10    1.62130E-02    1.43259E-02    1.81002E-02
 3.96174E-10    1.59580E-02    1.41005E-02    1.78154E-02
 4.08943E-10    1.57069E-02    1.38786E-02    1.75351E-02
 4.22120E-10    1.54597E-02    1.36603E-02    1.72592E-02
 4.35725E-10    1.52165E-02    1.34453E-02    1.69877E-02
 4.49765E-10    1.49771E-02    1.32338E-02    1.67204E-02
 4.64261E-10    1.47414E-02    1.30256E-02    1.64573E-02
 4.79221E-10    1.45095E-02    1.28206E-02    1.61984E-02
 4.94666E-10    1.42812E-02    1.26189E-02    1.59435E-02
 5.10605E-10    1.40565E-02    1.24204E-02    1.56927E-02
 5.27062E-10    1.38353E-02    1.22249E-02    1.54457E-02
 5.44045E-10    1.36177E-02    1.20326E-02    1.52028E-02
 5.61580E-10    1.34034E-02    1.18433E-02    1.49635E-02
 5.79675E-10    1.31925E-02    1.16569E-02    1.47281E-02
 5.98358E-10    1.29849E-02    1.14735E-02    1.44964E-02
 6.17639E-10    1.27807E-02    1.12930E-02    1.42683E-02
 6.37545E-10    1.25795E-02    1.11153E-02    1.40438E-02
 6.58089E-10    1.23816E-02    1.09405E-02    1.38228E-02
 6.79298E-10    1.21868E-02    1.07683E-02    1.36053E-02
 7.01188E-10    1.19951E-02    1.05989E-02    1.33913E-02
 7.23786E-10    1.18064E-02    1.04321E-02    1.31806E-02
 7.47109E-10    1.16206E-02    1.02680E-02    1.29732E-02
 7.71188E-10    1.14377E-02    1.01064E-02    1.27691E-02
 7.96038E-10    1.12578E-02    9.94742E-03    1.25682E-02
 8.21693E-10    1.10807E-02    9.79089E-03    1.23704E-02
 8.48171E-10    1.09063E-02    9.63686E-03    1.21758E-02
 8.75507E-10    1.07347E-02    9.48522E-03    1.19842E-02
 9.03719E-10    1.05658E-02    9.33600E-03    1.17957E-02
 9.32845E-10    1.03996E-02    9.18910E-03    1.16101E-02
 9.62904E-10    1.02360E-02    9.04452E-03    1.14274E-02
 9.93937E-10    1.00749E-02    8.90221E-03    1.12476E-02
 1.02597E-09    9.91641E-03    8.76216E-03    1.10707E-02
 1.05903E-09    9.76037E-03    8.62428E-03    1.08965E-02
 1.09316E-09    9.60681E-03    8.48860E-03    1.07250E-02
 1.12839E-09    9.45565E-03    8.35503E-03    1.05563E-02
 1.16475E-09    9.30689E-03    8.22359E-03    1.03902E-02
 1.20229E-09    9.16044E-03    8.09419E-03    1.02267E-02
 1.24103E-09    9.01633E-03    7.96684E-03    1.00658E-02
 1.28103E-09    8.87445E-03    7.84149E-03    9.90742E-03
 1.32231E-09    8.73484E-03    7.71812E-03    9.75155E-03
 1.36492E-09    8.59739E-03    7.59667E-03    9.59811E-03
 1.40890E-09    8.46213E-03    7.47716E-03    9.44711E-03
 1.45431E-09    8.32898E-03    7.35951E-03    9.29846E-03
 1.50117E-09    8.19795E-03    7.24372E-03    9.15217E-03
 1.54956E-09    8.06895E-03    7.12974E-03    9.00816E-03
 1.59949E-09    7.94201E-03    7.01757E-03    8.86644E-03
 1.65104E-09    7.81704E-03    6.90715E-03    8.72693E-03
 1.70424E-09    7.69406E-03    6.79849E-03    8.58963E-03
 1.75917E-09    7.57300E-03    6.69151E-03    8.45448E-03
 1.81585E-09    7.45385E-03    6.58624E-03    8.32147E-03
 1.87438E-09    7.33657E-03    6.48261E-03    8.19053E-03
 1.93477E-09    7.22115E-03    6.38062E-03    8.06168E-03
 1.99713E-09    7.10753E-03    6.28023E-03    7.93483E-03
 2.06148E-09    6.99572E-03    6.18143E-03    7.81001E-03
 2.12792E-09    6.88565E-03    6.08417E-03    7.68712E-03
 2.19649E-09    6.77733E-03    5.98846E-03    7.56620E-03
 2.26728E-09    6.67070E-03    5.89425E-03    7.44716E-03
 2.34034E-09    6.56578E-03    5.80153E-03    7.33002E-03
 2.41577E-09    6.46249E-03    5.71027E-03    7.21471E-03
 2.49362E-09    6.36085E-03    5.62046E-03    7.10124E-03
 2.57398E-09    6.26080E-03    5.53206E-03    6.98955E-03
 2.65692E-09    6.16235E-03    5.44507E-03    6.87964E-03
 2.74255E-09    6.06545E-03    5.35944E-03    6.77146E-03
 2.83093E-09    5.97010E-03    5.27519E-03    6.66501E-03
 2.92217E-09    5.87626E-03    5.19227E-03    6.56024E-03
 3.01633E-09    5.78392E-03    5.11068E-03    6.45716E-03
 3.11354E-09    5.69305E-03    5.03039E-03    6.35571E-03
 3.21387E-09    5.60364E-03    4.95139E-03    6.25589E-03
 3.31745E-09    5.51566E-03    4.87365E-03    6.15767E-03
 3.42435E-09    5.42910E-03    4.79717E-03    6.06104E-03
 3.53471E-09    5.34393E-03    4.72190E-03    5.96595E-03
 3.64861E-09    5.26014E-03    4.64787E-03    5.87241E-03
 3.76620E-09    5.17769E-03    4.57501E-03    5.78036E-03
 3.88757E-09    5.09657E-03    4.50334E-03    5.68980E-03
 4.01286E-09    5.01675E-03    4.43281E-03    5.60069E-03
 4.14217E-09    4.93822E-03    4.36342E-03    5.51302E-03
 4.27566E-09    4.86094E-03    4.29513E-03    5.42674E-03
 4.41344E-09    4.78489E-03    4.22794E-03    5.34184E-03
 4.55568E-09    4.71003E-03    4.16179E-03    5.25826E-03
 4.70248E-09    4.63635E-03    4.09669E-03    5.17601E-03
 4.85404E-09    4.56380E-03    4.03259E-03    5.09502E-03
 5.01045E-09    4.49239E-03    3.96948E-03    5.01529E-03
 5.17193E-09    4.42206E-03    3.90734E-03    4.93678E-03
 5.33859E-09    4.35281E-03    3.84615E-03    4.85947E-03
 5.51065E-09    4.28460E-03    3.78588E-03    4.78332E-03
 5.68822E-09    4.21744E-03    3.72654E-03    4.70834E-03
 5.87154E-09    4.15128E-03    3.66808E-03    4.63448E-03
 6.06075E-09    4.08613E-03    3.61051E-03    4.56175E-03
 6.25608E-09    4.02196E-03    3.55382E-03    4.49011E-03
 6.45767E-09    3.95879E-03    3.49799E-03    4.41958E-03
 6.66579E-09    3.89657E-03    3.44302E-03    4.35012E-03
 6.88059E-09    3.83532E-03    3.38889E-03    4.28174E-03
 7.10234E-09    3.77500E-03    3.33560E-03    4.21441E-03
 7.33121E-09    3.71564E-03    3.28315E-03    4.14813E-03
 7.56748E-09    3.65719E-03    3.23150E-03    4.08288E-03
 7.81133E-09    3.59966E-03    3.18067E-03    4.01865E-03
 8.06308E-09    3.54302E-03    3.13062E-03    3.95542E-03
 8.32291E-09    3.48729E-03    3.08137E-03    3.89320E-03
 8.59114E-09    3.43241E-03    3.03289E-03    3.83194E-03
 8.86798E-09    3.37842E-03    2.98517E-03    3.77166E-03
 9.15378E-09    3.32526E-03    2.93820E-03    3.71231E-03
 9.44875E-09    3.27294E-03    2.89198E-03    3.65390E-03
 9.75327E-09    3.22144E-03    2.84647E-03    3.59641E-03
 1.00676E-08    3.17076E-03    2.80169E-03    3.53983E-03
 1.03920E-08    3.12087E-03    2.75761E-03    3.48413E-03
 1.07269E-08    3.07177E-03    2.71422E-03    3.42932E-03
 1.10726E-08    3.02343E-03    2.67151E-03    3.37536E-03
 1.14294E-08    2.97587E-03    2.62948E-03    3.32225E-03
 1.17978E-08    2.92904E-03    2.58811E-03    3.26998E-03
 1.21779E-08    2.88296E-03    2.54739E-03    3.21853E-03
 1.25704E-08    2.83760E-03    2.50731E-03    3.16789E-03
 1.29755E-08    2.79295E-03    2.46786E-03    3.11805E-03
 1.33937E-08    2.74901E-03    2.42903E-03    3.06899E-03
 1.38253E-08    2.70576E-03    2.39081E-03    3.02070E-03
 1.42708E-08    2.66318E-03    2.35319E-03    2.97317E-03
 1.47307E-08    2.62128E-03    2.31617E-03    2.92640E-03
 1.52054E-08    2.58004E-03    2.27973E-03    2.88035E-03
 1.56954E-08    2.53945E-03    2.24386E-03    2.83503E-03
 1.62012E-08    2.49949E-03    2.20855E-03    2.79042E-03
 1.67233E-08    2.46016E-03    2.17380E-03    2.74652E-03
 1.72623E-08    2.42145E-03    2.13960E-03    2.70330E-03
 1.78185E-08    2.38334E-03    2.10593E-03    2.66076E-03
 1.83928E-08    2.34582E-03    2.07277E-03    2.61887E-03
 1.89855E-08    2.30889E-03    2.04014E-03    2.57764E-03
 1.95974E-08    2.27250E-03    2.00799E-03    2.53702E-03
 2.02289E-08    2.23667E-03    1.97633E-03    2.49702E-03
 2.08808E-08    2.20138E-03    1.94514E-03    2.45761E-03
 2.15537E-08    2.16664E-03    1.91445E-03    2.41883E-03
 2.22483E-08    2.13248E-03    1.88426E-03    2.38069E-03
 2.29168E-08    2.10116E-03    1.85659E-03    2.34574E-03
 2.36053E-08    2.07045E-03    1.82945E-03    2.31145E-03
 2.43146E-08    2.04036E-03    1.80286E-03    2.27785E-03
 2.50451E-08    2.01087E-03    1.77681E-03    2.24493E-03
 2.52522E-08    2.00277E-03    1.76965E-03    2.23589E-03
 2.53000E-08    2.00091E-03    9.79507E-04    3.02232E-03
 2.61154E-08    1.97009E-03    9.64416E-04    2.97576E-03
 2.70140E-08    1.93768E-03    9.48549E-04    2.92680E-03
 2.80027E-08    1.90357E-03    9.31852E-04    2.87528E-03
 2.90277E-08    1.86967E-03    9.15258E-04    2.82408E-03
 3.00266E-08    1.83799E-03    8.99752E-04    2.77623E-03
 3.09942E-08    1.80863E-03    8.85376E-04    2.73187E-03
 3.19930E-08    1.77970E-03    8.71216E-04    2.68819E-03
 3.29543E-08    1.75319E-03    8.58238E-04    2.64814E-03
 3.39444E-08    1.72716E-03    8.45497E-04    2.60883E-03
 3.49643E-08    1.70160E-03    8.32986E-04    2.57022E-03
 3.60910E-08    1.67472E-03    8.19824E-04    2.52961E-03
 3.72542E-08    1.64832E-03    8.06901E-04    2.48974E-03
 3.84547E-08    1.62239E-03    7.94206E-04    2.45057E-03
 3.96940E-08    1.59687E-03    7.81715E-04    2.41202E-03
 4.09731E-08    1.57173E-03    7.69410E-04    2.37406E-03
 4.22936E-08    1.54697E-03    7.57290E-04    2.33666E-03
 4.36565E-08    1.52263E-03    7.45371E-04    2.29988E-03
 4.50634E-08    1.49870E-03    7.33656E-04    2.26374E-03
 4.65156E-08    1.47515E-03    7.22131E-04    2.22817E-03
 4.80147E-08    1.45193E-03    7.10763E-04    2.19310E-03
 4.95619E-08    1.42904E-03    6.99558E-04    2.15852E-03
 5.11592E-08    1.40653E-03    6.88539E-04    2.12452E-03
 5.28078E-08    1.38445E-03    6.77729E-04    2.09117E-03
 5.45097E-08    1.36275E-03    6.67105E-04    2.05839E-03
 5.62662E-08    1.34137E-03    6.56640E-04    2.02610E-03
 5.80796E-08    1.32033E-03    6.46340E-04    1.99432E-03
 5.98246E-08    1.30111E-03    6.36932E-04    1.96529E-03
 6.14918E-08    1.28372E-03    6.28418E-04    1.93902E-03
 6.32057E-08    1.26681E-03    6.20142E-04    1.91348E-03
 6.46930E-08    1.25304E-03    6.13398E-04    1.89267E-03
 6.57966E-08    1.24358E-03    6.08767E-04    1.87838E-03
 6.67779E-08    1.23601E-03    6.05064E-04    1.86696E-03
 6.74875E-08    1.23126E-03    6.02737E-04    1.85978E-03
 6.82050E-08    1.22728E-03    6.00790E-04    1.85377E-03
 6.87843E-08    1.22484E-03    5.99594E-04    1.85008E-03
 6.93686E-08    1.22321E-03    5.98799E-04    1.84763E-03
 6.98838E-08    1.22260E-03    5.98500E-04    1.84671E-03
 6.99578E-08    1.22258E-03    5.98492E-04    1.84668E-03
 7.04028E-08    1.22288E-03    5.98634E-04    1.84712E-03
 7.08510E-08    1.22391E-03    5.99140E-04    1.84868E-03
 7.13017E-08    1.22576E-03    6.00046E-04    1.85148E-03
 7.17556E-08    1.22851E-03    6.01392E-04    1.85563E-03
 7.22121E-08    1.23222E-03    6.03210E-04    1.86124E-03
 7.26718E-08    1.23697E-03    6.05535E-04    1.86841E-03
 7.31341E-08    1.24280E-03    6.08390E-04    1.87722E-03
 7.35997E-08    1.24977E-03    6.11802E-04    1.88775E-03
 7.40679E-08    1.25790E-03    6.15782E-04    1.90003E-03
 7.44077E-08    1.26451E-03    6.19016E-04    1.91001E-03
 7.48814E-08    1.27470E-03    6.24002E-04    1.92539E-03
 7.53577E-08    1.28607E-03    6.29569E-04    1.94257E-03
 7.58375E-08    1.29863E-03    6.35717E-04    1.96154E-03
 7.63199E-08    1.31233E-03    6.42425E-04    1.98224E-03
 7.68058E-08    1.32716E-03    6.49685E-04    2.00464E-03
 7.72944E-08    1.34306E-03    6.57466E-04    2.02865E-03
 7.77864E-08    1.35999E-03    6.65755E-04    2.05422E-03
 7.82812E-08    1.37788E-03    6.74514E-04    2.08125E-03
 7.87796E-08    1.39670E-03    6.83728E-04    2.10968E-03
 7.92807E-08    1.41638E-03    6.93358E-04    2.13939E-03
 7.97854E-08    1.43687E-03    7.03390E-04    2.17035E-03
 8.04631E-08    1.46536E-03    7.17336E-04    2.21338E-03
 8.11466E-08    1.49508E-03    7.31887E-04    2.25828E-03
 8.18358E-08    1.52595E-03    7.46998E-04    2.30490E-03
 8.27055E-08    1.56601E-03    7.66607E-04    2.36541E-03
 8.35847E-08    1.60760E-03    7.86970E-04    2.42824E-03
 8.46519E-08    1.65935E-03    8.12303E-04    2.50641E-03
 8.57327E-08    1.71296E-03    8.38543E-04    2.58737E-03
 8.70110E-08    1.77764E-03    8.70205E-04    2.68507E-03
 8.84954E-08    1.85418E-03    9.07678E-04    2.80069E-03
 9.00051E-08    1.93341E-03    9.46460E-04    2.92035E-03
 9.15406E-08    2.01539E-03    9.86592E-04    3.04418E-03
 9.29059E-08    2.08965E-03    1.02295E-03    3.15636E-03
 9.40921E-08    2.15545E-03    1.05516E-03    3.25574E-03
 9.52934E-08    2.22351E-03    1.08847E-03    3.35854E-03
 9.65101E-08    2.29408E-03    1.12302E-03    3.46514E-03
 9.77424E-08    2.36735E-03    1.15889E-03    3.57581E-03
 9.89903E-08    2.44341E-03    1.19612E-03    3.69070E-03
 1.00254E-07    2.52224E-03    1.23471E-03    3.80977E-03
 1.01749E-07    2.61753E-03    1.28136E-03    3.95370E-03
 1.03266E-07    2.71617E-03    1.32965E-03    4.10270E-03
 1.05028E-07    2.83262E-03    1.38665E-03    4.27859E-03
 1.06820E-07    2.95293E-03    1.44555E-03    4.46032E-03
 1.08642E-07    3.07741E-03    1.50648E-03    4.64833E-03
 1.10262E-07    3.19032E-03    1.56176E-03    4.81889E-03
 1.11670E-07    3.29068E-03    1.61088E-03    4.97047E-03
 1.12857E-07    3.37719E-03    1.65324E-03    5.10115E-03
 1.14056E-07    3.46653E-03    1.69697E-03    5.23609E-03
 1.15269E-07    3.55890E-03    1.74219E-03    5.37562E-03
 1.16494E-07    3.65429E-03    1.78888E-03    5.51970E-03
 1.17981E-07    3.77271E-03    1.84685E-03    5.69856E-03
 1.19741E-07    3.91594E-03    1.91697E-03    5.91491E-03
 1.21784E-07    4.08553E-03    1.99999E-03    6.17108E-03
 1.24123E-07    4.28295E-03    2.09663E-03    6.46927E-03
 1.26508E-07    4.48725E-03    2.19664E-03    6.77786E-03
 1.28394E-07    4.65150E-03    2.27705E-03    7.02596E-03
 1.30034E-07    4.79695E-03    2.34825E-03    7.24566E-03
 1.31694E-07    4.94759E-03    2.42199E-03    7.47318E-03
 1.33094E-07    5.07771E-03    2.48569E-03    7.66973E-03
 1.34508E-07    5.21234E-03    2.55160E-03    7.87309E-03
 1.35938E-07    5.35180E-03    2.61987E-03    8.08374E-03
 1.37383E-07    5.49598E-03    2.69044E-03    8.30152E-03
 1.39137E-07    5.67504E-03    2.77810E-03    8.57197E-03
 1.41212E-07    5.89143E-03    2.88403E-03    8.89883E-03
 1.43925E-07    6.17956E-03    3.02508E-03    9.33404E-03
 1.47000E-07    6.51094E-03    3.18730E-03    9.83459E-03
 1.49825E-07    6.81949E-03    3.33834E-03    1.03006E-02
 1.52059E-07    7.06786E-03    3.45993E-03    1.06758E-02
 1.54000E-07    7.28845E-03    3.56791E-03    1.10090E-02
 1.55638E-07    7.47893E-03    3.66116E-03    1.12967E-02
 1.57291E-07    7.67619E-03    3.75772E-03    1.15947E-02
 1.58964E-07    7.88095E-03    3.85796E-03    1.19039E-02
 1.60653E-07    8.09318E-03    3.96185E-03    1.22245E-02
 1.62361E-07    8.31284E-03    4.06938E-03    1.25563E-02
 1.64434E-07    8.58524E-03    4.20273E-03    1.29677E-02
 1.67239E-07    8.96122E-03    4.38678E-03    1.35357E-02
 1.71174E-07    9.49699E-03    4.64906E-03    1.43449E-02
 1.75203E-07    1.00520E-02    4.92077E-03    1.51833E-02
 1.78192E-07    1.04703E-02    5.12554E-03    1.58151E-02
 1.80467E-07    1.07954E-02    5.28466E-03    1.63061E-02
 1.82384E-07    1.10758E-02    5.42193E-03    1.67297E-02
 1.84323E-07    1.13667E-02    5.56433E-03    1.71690E-02
 1.86282E-07    1.16689E-02    5.71229E-03    1.76256E-02
 1.88262E-07    1.19833E-02    5.86616E-03    1.81004E-02
 1.90263E-07    1.23091E-02    6.02568E-03    1.85926E-02
 1.92692E-07    1.27143E-02    6.22401E-03    1.92045E-02
 1.95566E-07    1.32032E-02    6.46338E-03    1.99431E-02
 2.00168E-07    1.39983E-02    6.85259E-03    2.11440E-02
 2.05747E-07    1.49722E-02    7.32936E-03    2.26151E-02
 2.09257E-07    1.55932E-02    7.63335E-03    2.35531E-02
 2.11929E-07    1.60751E-02    7.86922E-03    2.42809E-02
 2.14181E-07    1.64908E-02    8.07271E-03    2.49088E-02
 2.16458E-07    1.69225E-02    8.28406E-03    2.55609E-02
 2.18758E-07    1.73720E-02    8.50412E-03    2.62399E-02
 2.21084E-07    1.78407E-02    8.73353E-03    2.69478E-02
 2.23433E-07    1.83275E-02    8.97185E-03    2.76831E-02
 2.26286E-07    1.89335E-02    9.26852E-03    2.85985E-02
 2.30146E-07    1.97712E-02    9.67861E-03    2.98639E-02
 2.37061E-07    2.12942E-02    1.04241E-02    3.21642E-02
 2.43669E-07    2.27619E-02    1.11426E-02    3.43811E-02
 2.47302E-07    2.35807E-02    1.15435E-02    3.56180E-02
 2.50459E-07    2.43079E-02    1.18995E-02    3.67164E-02
 2.53122E-07    2.49383E-02    1.22080E-02    3.76685E-02
 2.55272E-07    2.54615E-02    1.24642E-02    3.84589E-02
 2.57440E-07    2.60035E-02    1.27295E-02    3.92775E-02
 2.59627E-07    2.65647E-02    1.30042E-02    4.01252E-02
 2.62386E-07    2.72921E-02    1.33603E-02    4.12238E-02
 2.65736E-07    2.81987E-02    1.38041E-02    4.25933E-02
 2.70269E-07    2.94518E-02    1.44175E-02    4.44860E-02
 2.80162E-07    3.22240E-02    1.57746E-02    4.86733E-02
 2.87362E-07    3.42570E-02    1.67698E-02    5.17442E-02
 2.91646E-07    3.54878E-02    1.73723E-02    5.36033E-02
 2.94747E-07    3.64011E-02    1.78194E-02    5.49828E-02
 2.97250E-07    3.71594E-02    1.81906E-02    5.61281E-02
 2.99775E-07    3.79476E-02    1.85765E-02    5.73188E-02
 3.02321E-07    3.87693E-02    1.89787E-02    5.85599E-02
 3.04889E-07    3.96257E-02    1.93979E-02    5.98534E-02
 3.07479E-07    4.05154E-02    1.98335E-02    6.11973E-02
 3.10746E-07    4.16688E-02    2.03981E-02    6.29395E-02
 3.14714E-07    4.31019E-02    2.10997E-02    6.51042E-02
 3.22121E-07    4.58223E-02    2.24314E-02    6.92132E-02
 3.47599E-07    5.52301E-02    2.70367E-02    8.34234E-02
 3.52037E-07    5.68441E-02    2.78269E-02    8.58613E-02
 3.55027E-07    5.79029E-02    2.83452E-02    8.74606E-02
 3.57286E-07    5.86739E-02    2.87226E-02    8.86251E-02
 3.59560E-07    5.94122E-02    2.90840E-02    8.97403E-02
 3.61084E-07    5.98785E-02    2.93123E-02    9.04447E-02
 3.62614E-07    6.03185E-02    2.95277E-02    9.11093E-02
 3.64151E-07    6.07274E-02    2.97279E-02    9.17270E-02
 3.65694E-07    6.11004E-02    2.99105E-02    9.22904E-02
 3.67244E-07    6.14333E-02    3.00734E-02    9.27932E-02
 3.68800E-07    6.17229E-02    3.02152E-02    9.32306E-02
 3.70024E-07    6.19178E-02    3.03106E-02    9.35251E-02
 3.71253E-07    6.20844E-02    1.17887E-02    1.12380E-01
 3.72826E-07    6.22552E-02    1.18211E-02    1.12689E-01
 3.74406E-07    6.23807E-02    1.18449E-02    1.12916E-01
 3.75993E-07    6.24632E-02    1.18606E-02    1.13066E-01
 3.77587E-07    6.25061E-02    1.18688E-02    1.13143E-01
 3.78385E-07    6.25141E-02    1.18703E-02    1.13158E-01
 3.79989E-07    6.25058E-02    1.18687E-02    1.13143E-01
 3.82408E-07    6.24420E-02    1.18566E-02    1.13027E-01
 3.84840E-07    6.23307E-02    1.18355E-02    1.12826E-01
 3.88109E-07    6.21323E-02    1.17978E-02    1.12467E-01
 3.93065E-07    6.17760E-02    1.17301E-02    1.11822E-01
 4.10913E-07    6.04059E-02    1.14700E-02    1.09342E-01
 4.19694E-07    5.97739E-02    1.13500E-02    1.08198E-01
 4.29570E-07    5.91124E-02    1.12243E-02    1.07000E-01
 4.74456E-07    5.62473E-02    1.06803E-02    1.01814E-01
 4.85620E-07    5.55652E-02    1.05508E-02    1.00580E-01
 4.94951E-07    5.50379E-02    1.04507E-02    9.96250E-02
 5.06597E-07    5.44298E-02    1.03352E-02    9.85244E-02
 5.60715E-07    5.17220E-02    9.82105E-03    9.36230E-02
 5.72698E-07    5.11530E-02    9.71301E-03    9.25930E-02
 5.82468E-07    5.07250E-02    9.63174E-03    9.18183E-02
 5.97437E-07    5.01180E-02    9.51649E-03    9.07196E-02
 6.61259E-07    4.76135E-02    9.04092E-03    8.61861E-02
 6.73966E-07    4.71423E-02    8.95146E-03    8.53332E-02
 6.85464E-07    4.67506E-02    8.87708E-03    8.46241E-02
 7.06059E-07    4.61019E-02    8.75390E-03    8.34499E-02
 7.76541E-07    4.39308E-02    8.34164E-03    7.95199E-02
 7.89789E-07    4.35447E-02    8.26833E-03    7.88211E-02
 8.01568E-07    4.32320E-02    8.20896E-03    7.82551E-02
 8.18698E-07    4.28204E-02    8.13081E-03    7.75100E-02
 9.81973E-07    3.90696E-02    7.41860E-03    7.07207E-02
 9.98726E-07    3.87072E-02    7.34978E-03    7.00646E-02
 1.01217E-06    3.84402E-02    7.29909E-03    6.95814E-02
 1.05562E-06    3.76442E-02    7.14793E-03    6.81404E-02
 1.09322E-06    3.69780E-02    7.02144E-03    6.69346E-02
 1.12428E-06    3.64886E-02    6.92851E-03    6.60487E-02
 1.27536E-06    3.42322E-02    6.50007E-03    6.19644E-02
 1.31160E-06    3.37604E-02    6.41047E-03    6.11102E-02
 1.50885E-06    3.14530E-02    5.97234E-03    5.69336E-02
 1.65274E-06    3.01003E-02    5.71550E-03    5.44852E-02
 1.78507E-06    2.89032E-02    5.48818E-03    5.23182E-02
 2.09718E-06    2.66537E-02    5.06104E-03    4.82463E-02
 2.46374E-06    2.45799E-02    4.66727E-03    4.44925E-02
 2.89451E-06    2.26670E-02    4.30404E-03    4.10299E-02
 3.40043E-06    2.09035E-02    3.96919E-03    3.78378E-02
 3.99497E-06    1.92768E-02    3.66030E-03    3.48932E-02
 4.69324E-06    1.77771E-02    3.37554E-03    3.21786E-02
 5.51382E-06    1.63937E-02    3.11286E-03    2.96746E-02
 6.47756E-06    1.51184E-02    2.87070E-03    2.73661E-02
 7.61012E-06    1.39420E-02    2.64732E-03    2.52366E-02
 9.00333E-06    1.28135E-02    2.43305E-03    2.31940E-02
 1.00711E-05    1.21128E-02    2.30001E-03    2.19257E-02
 1.23393E-05    1.09234E-02    2.07416E-03    1.97727E-02
 1.44967E-05    1.00653E-02    1.91122E-03    1.82194E-02
 1.70305E-05    9.27499E-03    1.76115E-03    1.67888E-02
 2.00082E-05    8.54652E-03    1.62283E-03    1.54702E-02
 2.62359E-05    7.34879E-03    1.39540E-03    1.33022E-02
 2.62588E-05    7.35755E-03    1.39706E-03    1.33180E-02
 2.62759E-05    7.40001E-03    1.40513E-03    1.33949E-02
 2.62845E-05    7.45681E-03    1.41591E-03    1.34977E-02
 2.62902E-05    7.52189E-03    1.42827E-03    1.36155E-02
 2.62959E-05    7.62289E-03    1.44745E-03    1.37983E-02
 2.63003E-05    7.73350E-03    1.46845E-03    1.39985E-02
 2.63046E-05    7.88552E-03    1.49731E-03    1.42737E-02
 2.63090E-05    8.09371E-03    1.53685E-03    1.46506E-02
 2.63119E-05    8.27318E-03    1.57092E-03    1.49754E-02
 2.63148E-05    8.49364E-03    1.61279E-03    1.53745E-02
 2.63177E-05    8.76403E-03    1.66413E-03    1.58639E-02
 2.63206E-05    9.09516E-03    1.72700E-03    1.64633E-02
 2.63228E-05    9.39113E-03    1.78320E-03    1.69991E-02
 2.63249E-05    9.73501E-03    1.84850E-03    1.76215E-02
 2.63271E-05    1.01342E-02    1.92431E-03    1.83442E-02
 2.63293E-05    1.05974E-02    2.01224E-03    1.91825E-02
 2.63314E-05    1.11342E-02    2.11417E-03    2.01542E-02
 2.63336E-05    1.17558E-02    2.23221E-03    2.12794E-02
 2.63358E-05    1.24752E-02    2.36882E-03    2.25817E-02
 2.63372E-05    1.30163E-02    2.47156E-03    2.35611E-02
 2.63387E-05    1.36122E-02    2.58470E-03    2.46396E-02
 2.63401E-05    1.42681E-02    2.70925E-03    2.58270E-02
 2.63416E-05    1.49900E-02    2.84632E-03    2.71336E-02
 2.63430E-05    1.57841E-02    2.99711E-03    2.85711E-02
 2.63445E-05    1.66573E-02    3.16292E-03    3.01518E-02
 2.63459E-05    1.76173E-02    3.34520E-03    3.18894E-02
 2.63474E-05    1.86723E-02    3.54552E-03    3.37990E-02
 2.63488E-05    1.98311E-02    3.76556E-03    3.58967E-02
 2.63503E-05    2.11037E-02    4.00719E-03    3.82001E-02
 2.63517E-05    2.25006E-02    4.27245E-03    4.07288E-02
 2.63532E-05    2.40336E-02    4.56354E-03    4.35037E-02
 2.63546E-05    2.57153E-02    4.88285E-03    4.65477E-02
 2.63561E-05    2.75593E-02    5.23300E-03    4.98855E-02
 2.63575E-05    2.95807E-02    5.61683E-03    5.35446E-02
 2.63590E-05    3.17958E-02    6.03744E-03    5.75542E-02
 2.63604E-05    3.42222E-02    6.49817E-03    6.19463E-02
 2.63619E-05    3.68793E-02    7.00269E-03    6.67558E-02
 2.63633E-05    3.97878E-02    7.55497E-03    7.20207E-02
 2.63648E-05    4.29707E-02    8.15934E-03    7.77820E-02
 2.63662E-05    4.64523E-02    8.82043E-03    8.40842E-02
 2.63677E-05    5.02594E-02    9.54333E-03    9.09754E-02
 2.63691E-05    5.44210E-02    1.03335E-02    9.85085E-02
 2.63706E-05    5.89686E-02    1.11970E-02    1.06740E-01
 2.63720E-05    6.39360E-02    1.21403E-02    1.15732E-01
 2.63735E-05    6.93602E-02    1.31702E-02    1.25550E-01
 2.63749E-05    7.52812E-02    1.42945E-02    1.36268E-01
 2.63764E-05    8.17423E-02    1.55214E-02    1.47963E-01
 2.63778E-05    8.87901E-02    1.68596E-02    1.60721E-01
 2.63793E-05    9.64751E-02    1.83188E-02    1.74631E-01
 2.63807E-05    1.04852E-01    1.99095E-02    1.89795E-01
 2.63822E-05    1.13981E-01    2.16428E-02    2.06318E-01
 2.63836E-05    1.23924E-01    2.35308E-02    2.24316E-01
 2.63851E-05    1.34750E-01    2.55866E-02    2.43914E-01
 2.63865E-05    1.46536E-01    2.78245E-02    2.65247E-01
 2.63880E-05    1.59361E-01    3.02597E-02    2.88462E-01
 2.63894E-05    1.73311E-01    3.29085E-02    3.13713E-01
 2.63909E-05    1.88480E-01    3.57888E-02    3.41170E-01
 2.63923E-05    2.04968E-01    3.89196E-02    3.71016E-01
 2.63938E-05    2.22885E-01    4.23217E-02    4.03448E-01
 2.63952E-05    2.42346E-01    4.60170E-02    4.38675E-01
 2.63967E-05    2.63478E-01    5.00296E-02    4.76926E-01
 2.63981E-05    2.86416E-01    5.43851E-02    5.18447E-01
 2.63995E-05    3.11307E-01    5.91114E-02    5.63502E-01
 2.64010E-05    3.38306E-01    6.42380E-02    6.12374E-01
 2.64024E-05    3.67581E-01    6.97968E-02    6.65365E-01
 2.64039E-05    3.99314E-01    7.58224E-02    7.22806E-01
 2.64053E-05    4.33700E-01    8.23515E-02    7.85048E-01
 2.64068E-05    4.70945E-01    8.94237E-02    8.52466E-01
 2.64082E-05    5.11274E-01    9.70815E-02    9.25466E-01
 2.64097E-05    5.54928E-01    1.05371E-01    1.00449E+00
 2.64111E-05    6.02167E-01    1.14340E-01    1.08999E+00
 2.64126E-05    6.53262E-01    1.24042E-01    1.18248E+00
 2.64140E-05    7.08510E-01    1.34533E-01    1.28249E+00
 2.64155E-05    7.68230E-01    1.45873E-01    1.39059E+00
 2.64169E-05    8.32760E-01    1.58126E-01    1.50739E+00
 2.64184E-05    9.02462E-01    1.71361E-01    1.63356E+00
 2.64198E-05    9.77723E-01    1.85652E-01    1.76979E+00
 2.64213E-05    1.05896E+00    2.01077E-01    1.91685E+00
 2.64227E-05    1.14662E+00    2.17723E-01    2.07553E+00
 2.64242E-05    1.24118E+00    2.35677E-01    2.24668E+00
 2.64256E-05    1.34313E+00    2.55036E-01    2.43123E+00
 2.64271E-05    1.45303E+00    2.75904E-01    2.63016E+00
 2.64285E-05    1.57145E+00    2.98389E-01    2.84451E+00
 2.64300E-05    1.69900E+00    3.22608E-01    3.07539E+00
 2.64314E-05    1.83634E+00    3.48686E-01    3.32399E+00
 2.64329E-05    1.98417E+00    3.76758E-01    3.59159E+00
 2.64343E-05    2.14325E+00    4.06964E-01    3.87954E+00
 2.64358E-05    2.31436E+00    4.39454E-01    4.18926E+00
 2.64372E-05    2.49834E+00    4.74389E-01    4.52229E+00
 2.64387E-05    2.69610E+00    5.11940E-01    4.88026E+00
 2.64401E-05    2.90860E+00    5.52290E-01    5.26491E+00
 2.64416E-05    3.13685E+00    5.95630E-01    5.67807E+00
 2.64430E-05    3.38193E+00    6.42166E-01    6.12170E+00
 2.64445E-05    3.64500E+00    6.92119E-01    6.59789E+00
 2.64459E-05    3.92729E+00    7.45719E-01    7.10886E+00
 2.64474E-05    4.23007E+00    8.03212E-01    7.65693E+00
 2.64488E-05    4.55473E+00    8.64859E-01    8.24460E+00
 2.64503E-05    4.90273E+00    9.30937E-01    8.87451E+00
 2.64517E-05    5.27561E+00    1.00174E+00    9.54949E+00
 2.64532E-05    5.67502E+00    1.07758E+00    1.02725E+01
 2.64546E-05    6.10268E+00    1.15879E+00    1.10466E+01
 2.64561E-05    6.56046E+00    1.24571E+00    1.18752E+01
 2.64575E-05    7.05030E+00    1.33872E+00    1.27619E+01
 2.64590E-05    7.57425E+00    1.43821E+00    1.37103E+01
 2.64604E-05    8.13449E+00    1.54459E+00    1.47244E+01
 2.64619E-05    8.73332E+00    1.65830E+00    1.58083E+01
 2.64633E-05    9.37320E+00    1.77980E+00    1.69666E+01
 2.64648E-05    1.00567E+01    1.90958E+00    1.82038E+01
 2.64662E-05    1.07865E+01    2.04815E+00    1.95248E+01
 2.64677E-05    1.15654E+01    2.19606E+00    2.09348E+01
 2.64691E-05    1.23967E+01    2.35390E+00    2.24394E+01
 2.64706E-05    1.32833E+01    2.52225E+00    2.40443E+01
 2.64720E-05    1.42287E+01    2.70176E+00    2.57556E+01
 2.64734E-05    1.52364E+01    2.89310E+00    2.75796E+01
 2.64749E-05    1.63101E+01    3.09699E+00    2.95232E+01
 2.64763E-05    1.74538E+01    3.31416E+00    3.15935E+01
 2.64778E-05    1.86716E+01    3.54540E+00    3.37979E+01
 2.64792E-05    1.99680E+01    3.79155E+00    3.61444E+01
 2.64807E-05    2.13474E+01    4.05347E+00    3.86413E+01
 2.64821E-05    2.28146E+01    4.33207E+00    4.12971E+01
 2.64836E-05    2.43747E+01    4.62830E+00    4.41211E+01
 2.64850E-05    2.60330E+01    4.94319E+00    4.71229E+01
 2.64865E-05    2.77951E+01    5.27778E+00    5.03125E+01
 2.64887E-05    3.06456E+01    5.81904E+00    5.54723E+01
 2.64908E-05    3.37638E+01    6.41113E+00    6.11166E+01
 2.64930E-05    3.71721E+01    7.05829E+00    6.72858E+01
 2.64952E-05    4.08945E+01    7.76512E+00    7.40239E+01
 2.64974E-05    4.49568E+01    8.53646E+00    8.13771E+01
 2.64995E-05    4.93866E+01    9.37760E+00    8.93956E+01
 2.65017E-05    5.42130E+01    1.02940E+01    9.81319E+01
 2.65039E-05    5.94684E+01    1.12919E+01    1.07645E+02
 2.65061E-05    6.51853E+01    1.23775E+01    1.17993E+02
 2.65082E-05    7.14000E+01    1.35575E+01    1.29242E+02
 2.65104E-05    7.81502E+01    1.48393E+01    1.41461E+02
 2.65126E-05    8.54767E+01    1.62304E+01    1.54723E+02
 2.65147E-05    9.34221E+01    1.77391E+01    1.69105E+02
 2.65169E-05    1.02032E+02    1.93740E+01    1.84691E+02
 2.65191E-05    1.11355E+02    2.11442E+01    2.01565E+02
 2.65213E-05    1.21442E+02    2.30596E+01    2.19825E+02
 2.65234E-05    1.32347E+02    2.51302E+01    2.39564E+02
 2.65256E-05    1.44127E+02    2.73671E+01    2.60887E+02
 2.65278E-05    1.56843E+02    2.97816E+01    2.83905E+02
 2.65300E-05    1.70558E+02    3.23859E+01    3.08731E+02
 2.65321E-05    1.85339E+02    3.51925E+01    3.35486E+02
 2.65343E-05    2.01257E+02    3.82150E+01    3.64299E+02
 2.65365E-05    2.18384E+02    4.14670E+01    3.95300E+02
 2.65387E-05    2.36801E+02    4.49640E+01    4.28637E+02
 2.65408E-05    2.56585E+02    4.87208E+01    4.64450E+02
 2.65430E-05    2.77825E+02    5.27539E+01    5.02897E+02
 2.65452E-05    3.00608E+02    5.70799E+01    5.44137E+02
 2.65473E-05    3.25029E+02    6.17169E+01    5.88340E+02
 2.65495E-05    3.51183E+02    6.66831E+01    6.35683E+02
 2.65517E-05    3.79173E+02    7.19980E+01    6.86349E+02
 2.65539E-05    4.09102E+02    7.76809E+01    7.40523E+02
 2.65560E-05    4.41084E+02    8.37537E+01    7.98414E+02
 2.65582E-05    4.75227E+02    9.02369E+01    8.60218E+02
 2.65604E-05    5.11654E+02    9.71536E+01    9.26154E+02
 2.65626E-05    5.50483E+02    1.04527E+02    9.96440E+02
 2.65647E-05    5.91844E+02    1.12380E+02    1.07131E+03
 2.65669E-05    6.35865E+02    1.20739E+02    1.15099E+03
 2.65698E-05    6.98932E+02    1.32714E+02    1.26515E+03
 2.65727E-05    7.67300E+02    1.45696E+02    1.38890E+03
 2.65756E-05    8.41312E+02    1.59750E+02    1.52287E+03
 2.65785E-05    9.21322E+02    1.74942E+02    1.66770E+03
 2.65814E-05    1.00770E+03    1.91343E+02    1.82405E+03
 2.65843E-05    1.10081E+03    2.09023E+02    1.99260E+03
 2.65872E-05    1.20105E+03    2.28058E+02    2.17405E+03
 2.65901E-05    1.30882E+03    2.48521E+02    2.36912E+03
 2.65930E-05    1.42452E+03    2.70489E+02    2.57854E+03
 2.65959E-05    1.54855E+03    2.94041E+02    2.80306E+03
 2.65988E-05    1.68135E+03    3.19257E+02    3.04344E+03
 2.66017E-05    1.82332E+03    3.46214E+02    3.30042E+03
 2.66046E-05    1.97489E+03    3.74995E+02    3.57479E+03
 2.66075E-05    2.13649E+03    4.05681E+02    3.86731E+03
 2.66104E-05    2.30855E+03    4.38351E+02    4.17875E+03
 2.66133E-05    2.49148E+03    4.73086E+02    4.50988E+03
 2.66162E-05    2.68571E+03    5.09966E+02    4.86145E+03
 2.66191E-05    2.89164E+03    5.49069E+02    5.23421E+03
 2.66220E-05    3.10969E+03    5.90472E+02    5.62890E+03
 2.66263E-05    3.46031E+03    6.57050E+02    6.26358E+03
 2.66307E-05    3.84034E+03    7.29210E+02    6.95148E+03
 2.66350E-05    4.25095E+03    8.07177E+02    7.69472E+03
 2.66394E-05    4.69323E+03    8.91157E+02    8.49530E+03
 2.66437E-05    5.16813E+03    9.81333E+02    9.35494E+03
 2.66481E-05    5.67650E+03    1.07786E+03    1.02751E+04
 2.66524E-05    6.21897E+03    1.18087E+03    1.12571E+04
 2.66567E-05    6.79608E+03    1.29045E+03    1.23017E+04
 2.66611E-05    7.40809E+03    1.40666E+03    1.34095E+04
 2.66664E-05    8.19518E+03    1.55611E+03    1.48343E+04
 2.66711E-05    8.94522E+03    1.69853E+03    1.61919E+04
 2.66758E-05    9.73582E+03    1.84865E+03    1.76230E+04
 2.66829E-05    1.09958E+04    2.08790E+03    1.99037E+04
 2.66900E-05    1.23408E+04    2.34330E+03    2.23384E+04
 2.66970E-05    1.37648E+04    2.61368E+03    2.49159E+04
 2.67065E-05    1.57727E+04    2.99494E+03    2.85504E+04
 2.67183E-05    1.84256E+04    3.49868E+03    3.33525E+04
 2.67372E-05    2.28719E+04    4.34295E+03    4.14008E+04
 2.67602E-05    2.82970E+04    1.61171E+04    4.04769E+04
 2.67749E-05    3.15838E+04    1.79892E+04    4.51785E+04
 2.67867E-05    3.40222E+04    1.93780E+04    4.86665E+04
 2.67985E-05    3.62473E+04    2.06453E+04    5.18492E+04
 2.68103E-05    3.82320E+04    2.17757E+04    5.46882E+04
 2.68220E-05    3.99626E+04    2.27614E+04    5.71637E+04
 2.68338E-05    4.14377E+04    2.36016E+04    5.92738E+04
 2.68456E-05    4.26668E+04    2.43017E+04    6.10319E+04
 2.68574E-05    4.36678E+04    2.48718E+04    6.24638E+04
 2.68692E-05    4.44646E+04    2.53256E+04    6.36035E+04
 2.68869E-05    4.53367E+04    2.58224E+04    6.48510E+04
 2.69046E-05    4.59049E+04    2.61460E+04    6.56639E+04
 2.69281E-05    4.63372E+04    2.63922E+04    6.62822E+04
 2.69635E-05    4.65959E+04    2.65396E+04    6.66522E+04
 2.70225E-05    4.66629E+04    2.65778E+04    6.67481E+04
 9.99637E-05    1.67153E+04    9.52050E+03    2.39101E+04
 1.00492E-04    1.66601E+04    9.48905E+03    2.38311E+04
 2.00000E-04    1.16959E+04    6.66160E+03    1.67301E+04
 3.00000E-04    9.49104E+03    5.40580E+03    1.35763E+04
 6.00000E-04    6.63456E+03    3.77884E+03    9.49028E+03
 1.00000E-03    5.09660E+03    2.90287E+03    7.29034E+03
 2.00000E-03    3.57822E+03    1.66279E+03    5.49365E+03
 3.00000E-03    2.92579E+03    1.35961E+03    4.49197E+03
 5.99882E-03    2.11854E+03    9.84484E+02    3.25261E+03
 1.00000E-02    1.72046E+03    0.00000E+00    3.51709E+03
 1.30044E-02    1.61389E+03    0.00000E+00    3.29924E+03
 2.00000E-02    1.39034E+03    0.00000E+00    2.84223E+03
 3.02116E-02    1.27575E+03    3.77171E+02    2.17434E+03
 4.31927E-02    1.20956E+03    3.57601E+02    2.06152E+03
 5.09293E-02    1.18419E+03    3.50100E+02    2.01828E+03
 6.00000E-02    1.18886E+03    3.51483E+02    2.02625E+03
 6.49123E-02    1.18261E+03    3.49633E+02    2.01558E+03
 9.50211E-02    1.19599E+03    3.53589E+02    2.03839E+03
 1.00000E-01    1.19953E+03    3.54635E+02    2.04442E+03
 1.07685E-01    1.19645E+03    3.53724E+02    2.03917E+03
 1.14502E-01    1.20153E+03    3.55227E+02    2.04783E+03
 1.33143E-01    1.22210E+03    3.61308E+02    2.08289E+03
 1.70632E-01    1.29191E+03    3.81947E+02    2.20187E+03
 2.01411E-01    1.36045E+03    1.03710E+03    1.68379E+03
 3.02116E-01    1.50322E+03    1.14594E+03    1.86049E+03
 4.02822E-01    1.59071E+03    1.21264E+03    1.96878E+03
 4.56958E-01    1.61544E+03    1.23149E+03    1.99939E+03
 5.00000E-01    1.64686E+03    1.25544E+03    2.03827E+03
 5.21546E-01    1.65102E+03    1.25862E+03    2.04343E+03
 5.63475E-01    1.67170E+03    1.27438E+03    2.06902E+03
 6.04232E-01    1.70111E+03    1.31073E+03    2.09150E+03
 7.53724E-01    1.77838E+03    1.37027E+03    2.18650E+03
 8.11287E-01    1.83406E+03    1.41316E+03    2.25496E+03
 9.06349E-01    1.91205E+03    1.47326E+03    2.35085E+03
 1.00000E+00    2.00707E+03    1.17836E+03    2.83578E+03
 1.20846E+00    2.28582E+03    1.34201E+03    3.22962E+03
 1.40988E+00    2.59358E+03    1.52270E+03    3.66446E+03
 1.60000E+00    2.84577E+03    1.67077E+03    4.02078E+03
 1.80448E+00    3.00798E+03    2.00885E+03    4.00712E+03
 2.00000E+00    3.06139E+03    2.04451E+03    4.07826E+03
 2.21583E+00    3.03813E+03    2.02898E+03    4.04728E+03
 2.45675E+00    2.96574E+03    1.98064E+03    3.95085E+03
 2.83950E+00    2.83775E+03    2.65442E+03    3.02108E+03
 3.04232E+00    2.78427E+03    2.60439E+03    2.96414E+03
 3.26804E+00    2.74081E+03    2.56375E+03    2.91788E+03
 3.60000E+00    2.69685E+03    2.52262E+03    2.87108E+03
 4.22963E+00    2.62131E+03    2.45197E+03    2.79066E+03
 4.96820E+00    2.52180E+03    2.47770E+03    2.56591E+03
 5.31056E+00    2.48969E+03    2.44615E+03    2.53324E+03
 5.64683E+00    2.47275E+03    2.42950E+03    2.51600E+03
 5.80000E+00    2.47002E+03    2.42682E+03    2.51322E+03
 6.16093E+00    2.47841E+03    2.43507E+03    2.52176E+03
 6.58610E+00    2.50758E+03    2.46373E+03    2.55144E+03
 7.60000E+00    2.60532E+03    2.50023E+03    2.71041E+03
 8.05643E+00    2.63352E+03    2.52729E+03    2.73974E+03
 8.55996E+00    2.64797E+03    2.54116E+03    2.75478E+03
 9.00000E+00    2.64894E+03    2.51804E+03    2.77984E+03
 1.00747E+01    2.62969E+03    2.49974E+03    2.75963E+03
 1.02168E+01    2.62721E+03    2.49739E+03    2.75704E+03
 1.03610E+01    2.62470E+03    2.49501E+03    2.75440E+03
 1.04676E+01    2.62285E+03    2.49324E+03    2.75245E+03
 1.04883E+01    2.62249E+03    2.49290E+03    2.75208E+03
 1.05000E+01    2.62228E+03    2.49270E+03    2.75186E+03
 1.05457E+01    2.62186E+03    2.49230E+03    2.75142E+03
 1.06932E+01    2.62050E+03    2.49101E+03    2.74999E+03
 1.08441E+01    2.61911E+03    2.48969E+03    2.74853E+03
 1.08549E+01    2.61901E+03    2.48959E+03    2.74843E+03
 1.10000E+01    2.61767E+03    2.48832E+03    2.74702E+03
 1.10489E+01    2.61766E+03    2.48831E+03    2.74701E+03
 1.10737E+01    2.61765E+03    2.48830E+03    2.74700E+03
 1.12299E+01    2.61761E+03    2.48826E+03    2.74696E+03
 1.13884E+01    2.61757E+03    2.48823E+03    2.74692E+03
 1.14232E+01    2.61756E+03    2.48822E+03    2.74691E+03
 1.15000E+01    2.61754E+03    2.48820E+03    2.74689E+03
 1.15814E+01    2.61805E+03    2.48868E+03    2.74742E+03
 1.17448E+01    2.61905E+03    2.48963E+03    2.74847E+03
 1.18372E+01    2.61962E+03    2.49018E+03    2.74907E+03
 1.18928E+01    2.61997E+03    2.49050E+03    2.74943E+03
 1.19102E+01    2.62007E+03    2.49060E+03    2.74954E+03
 1.20000E+01    2.62063E+03    2.49113E+03    2.75012E+03
 1.21693E+01    2.62198E+03    2.49241E+03    2.75154E+03
 1.23410E+01    2.62334E+03    2.49371E+03    2.75297E+03
 1.23486E+01    2.62340E+03    2.49377E+03    2.75304E+03
 1.24847E+01    2.62449E+03    2.49480E+03    2.75417E+03
 1.25000E+01    2.62461E+03    2.49492E+03    2.75430E+03
 1.25163E+01    2.62469E+03    2.49499E+03    2.75438E+03
 1.26929E+01    2.62553E+03    2.49579E+03    2.75527E+03
 1.27663E+01    2.62588E+03    2.49612E+03    2.75563E+03
 1.28979E+01    2.62650E+03    2.49672E+03    2.75629E+03
 1.30000E+01    2.62720E+03    2.54653E+03    2.70787E+03
 1.30896E+01    2.62712E+03    2.54646E+03    2.70779E+03
 1.32743E+01    2.62697E+03    2.54630E+03    2.70763E+03
 1.32835E+01    2.62696E+03    2.54629E+03    2.70762E+03
 1.34709E+01    2.62680E+03    2.54614E+03    2.70746E+03
 1.35000E+01    2.62677E+03    2.54611E+03    2.70743E+03
 1.36905E+01    2.62527E+03    2.54465E+03    2.70588E+03
 1.37131E+01    2.62509E+03    2.54448E+03    2.70569E+03
 1.38568E+01    2.62395E+03    2.54338E+03    2.70452E+03
 1.40000E+01    2.62282E+03    2.54229E+03    2.70336E+03
 1.41275E+01    2.62102E+03    2.54054E+03    2.70150E+03
 1.41448E+01    2.62078E+03    2.54030E+03    2.70125E+03
 1.42404E+01    2.61943E+03    2.53899E+03    2.69986E+03
 1.44413E+01    2.61659E+03    2.53624E+03    2.69693E+03
 1.45000E+01    2.61576E+03    2.53544E+03    2.69608E+03
 1.46555E+01    2.61292E+03    2.53269E+03    2.69315E+03
 1.47194E+01    2.61175E+03    2.53156E+03    2.69195E+03
 1.47611E+01    2.61099E+03    2.53082E+03    2.69117E+03
 1.49694E+01    2.60720E+03    2.52714E+03    2.68725E+03
 1.50000E+01    2.60664E+03    2.52660E+03    2.68668E+03
 1.50009E+01    2.60662E+03    2.52658E+03    2.68666E+03
 1.52125E+01    2.60257E+03    2.52265E+03    2.68248E+03
 1.54272E+01    2.59846E+03    2.51867E+03    2.67825E+03
 1.54781E+01    2.59749E+03    2.51773E+03    2.67725E+03
 1.55000E+01    2.59707E+03    2.51732E+03    2.67681E+03
 1.55283E+01    2.59652E+03    2.51680E+03    2.67625E+03
 1.56323E+01    2.59454E+03    2.51487E+03    2.67420E+03
 1.57847E+01    2.59162E+03    2.51204E+03    2.67120E+03
 1.59478E+01    2.58850E+03    2.50901E+03    2.66798E+03
 1.60000E+01    2.58750E+03    2.49210E+03    2.68289E+03
 1.62257E+01    2.58450E+03    2.48922E+03    2.67979E+03
 1.63794E+01    2.58247E+03    2.48726E+03    2.67767E+03
 1.64750E+01    2.58120E+03    2.48604E+03    2.67636E+03
 1.65000E+01    2.58087E+03    2.48572E+03    2.67602E+03
 1.65672E+01    2.57998E+03    2.48486E+03    2.67509E+03
 1.68009E+01    2.57688E+03    2.48187E+03    2.67188E+03
 1.69957E+01    2.57429E+03    2.47939E+03    2.66920E+03
 1.70000E+01    2.57424E+03    2.47933E+03    2.66914E+03
 1.71405E+01    2.57376E+03    2.47887E+03    2.66864E+03
 1.72422E+01    2.57341E+03    2.47853E+03    2.66828E+03
 1.72802E+01    2.57328E+03    2.47841E+03    2.66815E+03
 1.73971E+01    2.57288E+03    2.47802E+03    2.66773E+03
 1.75000E+01    2.57253E+03    2.47769E+03    2.66737E+03
 1.77087E+01    2.57181E+03    2.47700E+03    2.66663E+03
 1.77629E+01    2.57163E+03    2.47682E+03    2.66644E+03
 1.78670E+01    2.57127E+03    2.47648E+03    2.66607E+03
 1.80000E+01    2.57082E+03    2.47604E+03    2.66560E+03
 1.81485E+01    2.57158E+03    2.47677E+03    2.66638E+03
 1.84045E+01    2.57289E+03    2.47803E+03    2.66774E+03
 1.85000E+01    2.57337E+03    2.47850E+03    2.66825E+03
 1.87610E+01    2.57471E+03    2.47979E+03    2.66963E+03
 1.88018E+01    2.57492E+03    2.47999E+03    2.66985E+03
 1.90000E+01    2.57593E+03    2.48096E+03    2.67090E+03
 1.92681E+01    2.57831E+03    2.48325E+03    2.67336E+03
 1.93751E+01    2.57925E+03    2.48416E+03    2.67434E+03
 1.95000E+01    2.58036E+03    2.48523E+03    2.67549E+03
 1.96317E+01    2.58153E+03    2.48635E+03    2.67670E+03
 1.99087E+01    2.58398E+03    2.48872E+03    2.67925E+03
 1.99433E+01    2.58429E+03    2.48902E+03    2.67957E+03
 2.00000E+01    2.58479E+03    2.47453E+03    2.69505E+03
 2.02822E+01    2.58668E+03    2.47634E+03    2.69702E+03
 2.05683E+01    2.58860E+03    2.47818E+03    2.69902E+03
 2.08585E+01    2.59054E+03    2.48004E+03    2.70105E+03
 2.10000E+01    2.59149E+03    2.48094E+03    2.70204E+03
 2.12963E+01    2.59149E+03    2.48094E+03    2.70203E+03
 2.15967E+01    2.59148E+03    2.48094E+03    2.70203E+03
 2.19014E+01    2.59148E+03    2.48093E+03    2.70203E+03
 2.20000E+01    2.59148E+03    2.48093E+03    2.70202E+03
 2.23104E+01    2.58893E+03    2.47849E+03    2.69936E+03
 2.26251E+01    2.58634E+03    2.47601E+03    2.69667E+03
 2.29443E+01    2.58371E+03    2.47350E+03    2.69393E+03
 2.30000E+01    2.58326E+03    2.47306E+03    2.69345E+03
 2.33245E+01    2.57821E+03    2.46823E+03    2.68819E+03
 2.36536E+01    2.57309E+03    2.46333E+03    2.68285E+03
 2.39873E+01    2.56790E+03    2.45836E+03    2.67744E+03
 2.40000E+01    2.56770E+03    2.46440E+03    2.67100E+03
 2.43386E+01    2.56082E+03    2.45780E+03    2.66385E+03
 2.46820E+01    2.55385E+03    2.45110E+03    2.65660E+03
 2.50000E+01    2.54739E+03    2.44491E+03    2.64988E+03
 2.53527E+01    2.53990E+03    2.43771E+03    2.64208E+03
 2.57104E+01    2.53230E+03    2.43042E+03    2.63417E+03
 2.60000E+01    2.52614E+03    2.42451E+03    2.62777E+03
 2.63668E+01    2.51790E+03    2.41660E+03    2.61920E+03
 2.67388E+01    2.50955E+03    2.40858E+03    2.61051E+03
 2.70000E+01    2.50368E+03    2.40295E+03    2.60441E+03
 2.73809E+01    2.49639E+03    2.39596E+03    2.59683E+03
 2.77672E+01    2.48900E+03    2.38887E+03    2.58914E+03
 2.80000E+01    2.48455E+03    2.37899E+03    2.59011E+03
 2.83950E+01    2.47499E+03    2.36984E+03    2.58014E+03
 2.87956E+01    2.46530E+03    2.36056E+03    2.57004E+03
 2.90000E+01    2.46035E+03    2.35582E+03    2.56489E+03
 2.94091E+01    2.44606E+03    2.34214E+03    2.54999E+03
 2.98240E+01    2.43157E+03    2.32826E+03    2.53488E+03
 3.00000E+01    2.42543E+03    2.32238E+03    2.52847E+03
 3.04232E+01    2.46884E+03    2.36395E+03    2.57373E+03
 3.08525E+01    2.51287E+03    2.40610E+03    2.61963E+03
 3.10000E+01    2.52800E+03    2.42060E+03    2.63540E+03
 3.14374E+01    2.52482E+03    2.41756E+03    2.63209E+03
 3.18809E+01    2.52160E+03    2.41447E+03    2.62874E+03
 3.20000E+01    2.52074E+03    2.41364E+03    2.62784E+03
 3.24515E+01    2.51623E+03    2.40933E+03    2.62313E+03
 3.29093E+01    2.51166E+03    2.40495E+03    2.61837E+03
 3.30000E+01    2.51075E+03    2.40408E+03    2.61742E+03
 3.34656E+01    2.50610E+03    2.39962E+03    2.61257E+03
 3.39377E+01    2.50138E+03    2.39511E+03    2.60766E+03
 3.40000E+01    2.50076E+03    2.39451E+03    2.60701E+03
 3.44797E+01    2.49653E+03    2.39046E+03    2.60260E+03
 3.49661E+01    2.49224E+03    2.38635E+03    2.59812E+03
 3.50000E+01    2.49194E+03    2.38607E+03    2.59781E+03
 3.54938E+01    2.48758E+03    2.38189E+03    2.59327E+03
 3.59945E+01    2.48316E+03    2.37766E+03    2.58866E+03
 3.60000E+01    2.48311E+03    2.37761E+03    2.58861E+03
 3.65079E+01    2.47935E+03    2.37401E+03    2.58468E+03
 3.70000E+01    2.47570E+03    2.37052E+03    2.58088E+03
 3.75220E+01    2.47183E+03    2.36681E+03    2.57685E+03
 3.80000E+01    2.46829E+03    2.36342E+03    2.57316E+03
 3.85361E+01    2.46414E+03    2.35944E+03    2.56883E+03
 3.90000E+01    2.46054E+03    2.35600E+03    2.56508E+03
 3.95502E+01    2.45627E+03    2.35191E+03    2.56063E+03
 4.00000E+01    2.45278E+03    2.34857E+03    2.55699E+03
 4.05643E+01    2.44787E+03    2.34387E+03    2.55187E+03
 4.10000E+01    2.44408E+03    2.34024E+03    2.54792E+03
 4.15784E+01    2.43904E+03    2.33542E+03    2.54267E+03
 4.20000E+01    2.43537E+03    2.33190E+03    2.53884E+03
 4.25925E+01    2.43010E+03    2.32685E+03    2.53334E+03
 4.30000E+01    2.42647E+03    2.32338E+03    2.52956E+03
 4.36067E+01    2.42106E+03    2.31820E+03    2.52393E+03
 4.40000E+01    2.41756E+03    2.31485E+03    2.52027E+03
 4.46208E+01    2.41230E+03    2.30981E+03    2.51478E+03
 4.50000E+01    2.40908E+03    2.30673E+03    2.51143E+03
 4.56349E+01    2.40369E+03    2.30157E+03    2.50581E+03
 4.60000E+01    2.40059E+03    2.29860E+03    2.50258E+03
 4.66490E+01    2.39533E+03    2.29356E+03    2.49709E+03
 4.70000E+01    2.39248E+03    2.29083E+03    2.49413E+03
 4.76631E+01    2.38710E+03    2.28568E+03    2.48852E+03
 4.80000E+01    2.38437E+03    2.28307E+03    2.48567E+03
 4.86772E+01    2.37895E+03    2.27787E+03    2.48002E+03
 4.90000E+01    2.37636E+03    2.27540E+03    2.47732E+03
 4.96913E+01    2.37082E+03    2.27010E+03    2.47155E+03
 5.00000E+01    2.36835E+03    2.26773E+03    2.46897E+03
 5.07054E+01    2.36272E+03    2.26234E+03    2.46310E+03
 5.10000E+01    2.36037E+03    2.26009E+03    2.46065E+03
 5.17195E+01    2.35463E+03    2.25459E+03    2.45467E+03
 5.20000E+01    2.35239E+03    2.25245E+03    2.45233E+03
 5.27336E+01    2.34663E+03    2.24693E+03    2.44633E+03
 5.30000E+01    2.34454E+03    2.24493E+03    2.44415E+03
 5.37477E+01    2.33868E+03    2.23932E+03    2.43804E+03
 5.40000E+01    2.33670E+03    2.23742E+03    2.43598E+03
 5.47618E+01    2.33090E+03    2.23187E+03    2.42993E+03
 5.50000E+01    2.32909E+03    2.23014E+03    2.42804E+03
 5.57760E+01    2.32319E+03    2.22449E+03    2.42190E+03
 5.60000E+01    2.32149E+03    2.22286E+03    2.42012E+03
 5.67901E+01    2.31567E+03    2.21728E+03    2.41405E+03
 5.70000E+01    2.31412E+03    2.21580E+03    2.41244E+03
 5.78042E+01    2.30819E+03    2.21013E+03    2.40626E+03
 5.80000E+01    2.30675E+03    2.20875E+03    2.40475E+03
 5.88183E+01    2.30089E+03    2.20314E+03    2.39865E+03
 5.90000E+01    2.29959E+03    2.20189E+03    2.39729E+03
 5.98324E+01    2.29363E+03    2.19618E+03    2.39108E+03
 6.00000E+01    2.29243E+03    2.19503E+03    2.38983E+03
 6.08465E+01    2.28665E+03    2.18950E+03    2.38380E+03
 6.10000E+01    2.28560E+03    2.18849E+03    2.38271E+03
 6.18606E+01    2.27972E+03    2.18287E+03    2.37658E+03
 6.20000E+01    2.27877E+03    2.18195E+03    2.37559E+03
 6.28747E+01    2.27280E+03    2.17624E+03    2.36937E+03
 6.30000E+01    2.27195E+03    2.17542E+03    2.36848E+03
 6.38888E+01    2.26588E+03    2.16961E+03    2.36215E+03
 6.40000E+01    2.26512E+03    2.16888E+03    2.36136E+03
 6.49029E+01    2.25895E+03    2.16298E+03    2.35493E+03
 6.50000E+01    2.25829E+03    2.16234E+03    2.35424E+03
 6.59170E+01    2.25249E+03    2.15679E+03    2.34818E+03
 6.60000E+01    2.25196E+03    2.15628E+03    2.34764E+03
 6.69311E+01    2.24606E+03    2.15063E+03    2.34148E+03
 6.70000E+01    2.24562E+03    2.15021E+03    2.34103E+03
 6.79453E+01    2.23964E+03    2.14448E+03    2.33479E+03
 6.80000E+01    2.23929E+03    2.14415E+03    2.33443E+03
 6.89594E+01    2.23321E+03    2.13833E+03    2.32809E+03
 6.90000E+01    2.23295E+03    2.13808E+03    2.32782E+03
 6.99735E+01    2.22679E+03    2.13218E+03    2.32140E+03
 7.00000E+01    2.22662E+03    2.13202E+03    2.32122E+03
 7.09876E+01    2.22082E+03    2.12647E+03    2.31518E+03
 7.10000E+01    2.22075E+03    2.12640E+03    2.31510E+03
 7.20000E+01    2.21489E+03    2.12079E+03    2.30899E+03
 7.30000E+01    2.20902E+03    2.11517E+03    2.30287E+03
 7.40000E+01    2.20316E+03    2.10956E+03    2.29676E+03
 7.50000E+01    2.19729E+03    2.10394E+03    2.29064E+03
 7.60000E+01    2.19185E+03    2.09873E+03    2.28497E+03
 7.70000E+01    2.18641E+03    2.09352E+03    2.27930E+03
 7.80000E+01    2.18098E+03    2.08832E+03    2.27364E+03
 7.90000E+01    2.17554E+03    2.08311E+03    2.26797E+03
 8.00000E+01    2.17010E+03    2.07790E+03    2.26230E+03
 8.10000E+01    2.16524E+03    2.07325E+03    2.25723E+03
 8.20000E+01    2.16037E+03    2.06858E+03    2.25216E+03
 8.30000E+01    2.15551E+03    2.06393E+03    2.24709E+03
 8.40000E+01    2.15065E+03    2.05928E+03    2.24202E+03
 8.50000E+01    2.14579E+03    2.05462E+03    2.23696E+03
 8.60000E+01    2.14092E+03    2.04996E+03    2.23188E+03
 8.70000E+01    2.13606E+03    2.04531E+03    2.22681E+03
 8.80000E+01    2.13120E+03    2.04065E+03    2.22175E+03
 8.90000E+01    2.12633E+03    2.03599E+03    2.21667E+03
 9.00000E+01    2.12147E+03    2.03134E+03    2.21160E+03
 9.10000E+01    2.11726E+03    2.02731E+03    2.20721E+03
 9.20000E+01    2.11305E+03    2.02328E+03    2.20282E+03
 9.30000E+01    2.10883E+03    2.01923E+03    2.19843E+03
 9.40000E+01    2.10462E+03    2.01520E+03    2.19404E+03
 9.50000E+01    2.10041E+03    2.01117E+03    2.18965E+03
 9.60000E+01    2.09620E+03    2.00714E+03    2.18526E+03
 9.70000E+01    2.09199E+03    2.00311E+03    2.18087E+03
 9.80000E+01    2.08777E+03    1.99907E+03    2.17647E+03
 9.90000E+01    2.08356E+03    1.99504E+03    2.17208E+03
 1.00000E+02    2.07935E+03    1.99101E+03    2.16769E+03
 1.01411E+02    2.07416E+03    1.98604E+03    2.16228E+03
 1.02000E+02    2.07199E+03    1.98396E+03    2.16002E+03
 1.03439E+02    2.06669E+03    1.97889E+03    2.15450E+03
 1.04000E+02    2.06463E+03    1.97691E+03    2.15235E+03
 1.05467E+02    2.05924E+03    1.97175E+03    2.14673E+03
 1.06000E+02    2.05728E+03    1.96987E+03    2.14469E+03
 1.07495E+02    2.05178E+03    1.96460E+03    2.13895E+03
 1.08000E+02    2.04992E+03    1.96283E+03    2.13701E+03
 1.09524E+02    2.04431E+03    1.95746E+03    2.13117E+03
 1.10000E+02    2.04256E+03    1.95578E+03    2.12934E+03
 1.11552E+02    2.03753E+03    1.95097E+03    2.12410E+03
 1.12000E+02    2.03608E+03    1.94957E+03    2.12258E+03
 1.13580E+02    2.03096E+03    1.94467E+03    2.11725E+03
 1.14000E+02    2.02960E+03    1.94337E+03    2.11583E+03
 1.15608E+02    2.02438E+03    1.93837E+03    2.11039E+03
 1.16000E+02    2.02311E+03    1.93716E+03    2.10906E+03
 1.17637E+02    2.01781E+03    1.93208E+03    2.10354E+03
 1.18000E+02    2.01663E+03    1.93095E+03    2.10231E+03
 1.19665E+02    2.01124E+03    1.92579E+03    2.09669E+03
 1.20000E+02    2.01015E+03    1.92475E+03    2.09555E+03
 1.21693E+02    2.00527E+03    1.92008E+03    2.09047E+03
 1.22000E+02    2.00439E+03    1.91923E+03    2.08955E+03
 1.23721E+02    1.99943E+03    1.91448E+03    2.08438E+03
 1.24000E+02    1.99863E+03    1.91372E+03    2.08354E+03
 1.25749E+02    1.99358E+03    1.90888E+03    2.07828E+03
 1.26000E+02    1.99286E+03    1.90819E+03    2.07753E+03
 1.27778E+02    1.98774E+03    1.90329E+03    2.07219E+03
 1.28000E+02    1.98710E+03    1.90268E+03    2.07152E+03
 1.29806E+02    1.98190E+03    1.89770E+03    2.06610E+03
 1.30000E+02    1.98134E+03    1.89716E+03    2.06552E+03
 1.31834E+02    1.97661E+03    1.89263E+03    2.06059E+03
 1.32000E+02    1.97618E+03    1.89222E+03    2.06014E+03
 1.33862E+02    1.97138E+03    1.88762E+03    2.05513E+03
 1.34000E+02    1.97102E+03    1.88728E+03    2.05476E+03
 1.35891E+02    1.96614E+03    1.88261E+03    2.04968E+03
 1.36000E+02    1.96586E+03    1.88234E+03    2.04938E+03
 1.37919E+02    1.96091E+03    1.87760E+03    2.04422E+03
 1.38000E+02    1.96070E+03    1.87740E+03    2.04400E+03
 1.39947E+02    1.95568E+03    1.87259E+03    2.03877E+03
 1.40000E+02    1.95554E+03    1.87246E+03    2.03862E+03
 1.41975E+02    1.95094E+03    1.86805E+03    2.03383E+03
 1.42000E+02    1.95088E+03    1.86799E+03    2.03377E+03
 1.44000E+02    1.94623E+03    1.86354E+03    2.02892E+03
 1.46000E+02    1.94157E+03    1.85908E+03    2.02406E+03
 1.48000E+02    1.93692E+03    1.85463E+03    2.01921E+03
 1.50000E+02    1.93226E+03    1.85017E+03    2.01435E+03
 1.52000E+02    1.92803E+03    1.84612E+03    2.00994E+03
 1.54000E+02    1.92379E+03    1.84206E+03    2.00552E+03
 1.56000E+02    1.91956E+03    1.83801E+03    2.00111E+03
 1.58000E+02    1.91532E+03    1.83395E+03    1.99669E+03
 1.60000E+02    1.91109E+03    1.82990E+03    1.99228E+03
 1.62000E+02    1.90737E+03    1.82633E+03    1.98841E+03
 1.64000E+02    1.90365E+03    1.82277E+03    1.98453E+03
 1.66000E+02    1.89993E+03    1.81921E+03    1.98065E+03
 1.68000E+02    1.89621E+03    1.81565E+03    1.97677E+03
 1.70000E+02    1.89249E+03    1.81209E+03    1.97289E+03
 1.72000E+02    1.88878E+03    1.80853E+03    1.96903E+03
 1.74000E+02    1.88506E+03    1.80497E+03    1.96515E+03
 1.76000E+02    1.88134E+03    1.80141E+03    1.96127E+03
 1.78000E+02    1.87762E+03    1.79785E+03    1.95739E+03
 1.80000E+02    1.87390E+03    1.79429E+03    1.95351E+03
 1.82000E+02    1.87072E+03    1.79124E+03    1.95020E+03
 1.84000E+02    1.86753E+03    1.78819E+03    1.94687E+03
 1.86000E+02    1.86435E+03    1.78514E+03    1.94356E+03
 1.88000E+02    1.86116E+03    1.78209E+03    1.94023E+03
 1.90000E+02    1.85798E+03    1.77904E+03    1.93692E+03
 1.92000E+02    1.85480E+03    1.77600E+03    1.93360E+03
 1.94000E+02    1.85161E+03    1.77294E+03    1.93028E+03
 1.96000E+02    1.84843E+03    1.76990E+03    1.92696E+03
 1.98000E+02    1.84524E+03    1.76684E+03    1.92364E+03
 2.00000E+02    1.84206E+03    1.76380E+03    1.92032E+03
