# n + Ac223 : (n,nd)    
# tendl.2017 A.J. Koning and D. Rochman        EVAL-NOV17
# uncertainties: y
# # energies =    25
#   E(MeV)       xs(mb)       xslow(mb)      xsupp(mb)
 8.31107E+00    0.00000E+00   -0.00000E+00    0.00000E+00
 1.10000E+01    1.09549E-15    0.00000E+00    4.65834E-15
 1.15000E+01    5.46425E-13    0.00000E+00    2.32356E-12
 1.20000E+01    3.66973E-11    0.00000E+00    1.56048E-10
 1.25000E+01    1.40493E-09    0.00000E+00    5.97417E-09
 1.30000E+01    2.21858E-08    0.00000E+00    6.31761E-08
 1.35000E+01    2.41266E-07    0.00000E+00    6.87027E-07
 1.40000E+01    1.85006E-06    0.00000E+00    5.26822E-06
 1.45000E+01    1.07760E-05    0.00000E+00    3.06857E-05
 1.50000E+01    5.28293E-05    0.00000E+00    1.50436E-04
 1.60000E+01    7.69790E-04    2.15724E-04    1.32386E-03
 1.70000E+01    6.68081E-03    1.87221E-03    1.14894E-02
 1.80000E+01    3.63331E-02    1.01819E-02    6.24843E-02
 1.90000E+01    1.34694E-01    3.77462E-02    2.31642E-01
 2.00000E+01    3.74571E-01    2.13300E-01    5.35842E-01
 2.10000E+01    8.21664E-01    4.67899E-01    1.17543E+00
 2.20000E+01    1.48582E+00    8.46104E-01    2.12554E+00
 2.30000E+01    2.37423E+00    1.35201E+00    3.39645E+00
 2.40000E+01    3.39640E+00    2.17813E+00    4.61467E+00
 2.50000E+01    4.55290E+00    2.91980E+00    6.18600E+00
 2.60000E+01    5.70189E+00    3.65665E+00    7.74713E+00
 2.70000E+01    6.84426E+00    4.38926E+00    9.29926E+00
 2.80000E+01    7.86983E+00    5.04696E+00    1.06927E+01
 2.90000E+01    8.72526E+00    5.59555E+00    1.18550E+01
 3.00000E+01    9.47215E+00    6.07454E+00    1.28698E+01
