# n + Ac223 : (n,4n)    
# tendl.2017 A.J. Koning and D. Rochman        EVAL-NOV17
# uncertainties: n
# # energies =    41
#   E(MeV)       xs(mb) 
 2.02228E+01    0.00000E+00
 2.10000E+01    9.53330E-01
 2.20000E+01    1.17178E+01
 2.30000E+01    5.15867E+01
 2.40000E+01    1.38864E+02
 2.50000E+01    2.72525E+02
 2.60000E+01    4.34538E+02
 2.70000E+01    5.97965E+02
 2.80000E+01    7.48378E+02
 2.90000E+01    8.69047E+02
 3.00000E+01    9.48676E+02
 3.00000E+01    8.80857E+02
 3.20000E+01    9.20053E+02
 3.40000E+01    8.49621E+02
 3.60000E+01    7.20255E+02
 3.80000E+01    5.82223E+02
 4.00000E+01    4.66827E+02
 4.20000E+01    3.78462E+02
 4.40000E+01    3.09626E+02
 4.60000E+01    2.60309E+02
 4.80000E+01    2.25461E+02
 5.00000E+01    1.97188E+02
 5.20000E+01    1.77595E+02
 5.40000E+01    1.63248E+02
 5.60000E+01    1.53523E+02
 5.80000E+01    1.45102E+02
 6.00000E+01    1.37157E+02
 6.50000E+01    1.25360E+02
 7.00000E+01    1.17559E+02
 7.50000E+01    1.10613E+02
 8.00000E+01    1.06268E+02
 9.00000E+01    9.75346E+01
 1.00000E+02    9.04789E+01
 1.10000E+02    8.45946E+01
 1.20000E+02    7.88387E+01
 1.30000E+02    7.48099E+01
 1.40000E+02    7.09925E+01
 1.50000E+02    6.77563E+01
 1.60000E+02    6.29012E+01
 1.80000E+02    5.27287E+01
 2.00000E+02    4.52748E+01
