# n + Ac223 : (n,2np)   
# tendl.2017 A.J. Koning and D. Rochman        EVAL-NOV17
# uncertainties: y
# # energies =    22
#   E(MeV)       xs(mb)       xslow(mb)      xsupp(mb)
 1.05457E+01    0.00000E+00    0.00000E+00    0.00000E+00
 1.25000E+01    9.78125E-13    9.78125E-13    9.78125E-13
 1.30000E+01    5.61786E-11    0.00000E+00    1.59505E-10
 1.35000E+01    7.85627E-09    0.00000E+00    2.23059E-08
 1.40000E+01    1.45305E-07    0.00000E+00    4.12556E-07
 1.45000E+01    1.49065E-06    0.00000E+00    4.23232E-06
 1.50000E+01    1.68151E-05    0.00000E+00    4.77421E-05
 1.60000E+01    4.22627E-04    2.58565E-05    8.19397E-04
 1.70000E+01    4.41561E-03    2.70149E-04    8.56107E-03
 1.80000E+01    2.47237E-02    1.51261E-03    4.79348E-02
 1.90000E+01    1.02839E-01    6.29174E-03    1.99386E-01
 2.00000E+01    3.11087E-01    9.15460E-02    5.30628E-01
 2.10000E+01    7.85200E-01    2.31067E-01    1.33933E+00
 2.20000E+01    1.67365E+00    4.92518E-01    2.85478E+00
 2.30000E+01    3.21561E+00    9.46282E-01    5.48494E+00
 2.40000E+01    5.52950E+00    2.12934E+00    8.92966E+00
 2.50000E+01    8.71719E+00    3.35688E+00    1.40775E+01
 2.60000E+01    1.26347E+01    4.86547E+00    2.04039E+01
 2.70000E+01    1.73429E+01    6.67854E+00    2.80073E+01
 2.80000E+01    2.24080E+01    8.62905E+00    3.61870E+01
 2.90000E+01    2.75388E+01    1.06049E+01    4.44727E+01
 3.00000E+01    3.28650E+01    1.26559E+01    5.30741E+01
