# n + Ac223 : (n,n'09)  
# tendl.2017 A.J. Koning and D. Rochman        EVAL-NOV17
# uncertainties: n
# # energies =    95
#   E(MeV)       xs(mb) 
 1.41638E-01    0.00000E+00
 1.68258E-01    3.17127E+00
 2.00000E-01    6.95272E+00
 3.00000E-01    1.65846E+01
 4.00000E-01    2.22110E+01
 4.47259E-01    2.38200E+01
 4.53757E-01    2.40413E+01
 4.62913E-01    2.43530E+01
 4.94628E-01    2.54328E+01
 5.00000E-01    2.56157E+01
 5.07432E-01    2.57000E+01
 5.16510E-01    2.58030E+01
 5.17893E-01    2.58186E+01
 5.47256E-01    2.61517E+01
 5.63475E-01    2.63356E+01
 5.67030E-01    2.63760E+01
 5.77447E-01    2.64941E+01
 5.86859E-01    2.66009E+01
 6.00000E-01    2.67499E+01
 6.19693E-01    2.69132E+01
 6.60169E-01    2.72487E+01
 6.68772E-01    2.73200E+01
 7.00000E-01    2.75789E+01
 7.03808E-01    2.76196E+01
 7.05142E-01    2.76338E+01
 7.19908E-01    2.77915E+01
 7.24783E-01    2.78436E+01
 7.53724E-01    2.81527E+01
 8.00000E-01    2.86470E+01
 9.00000E-01    3.01338E+01
 1.00000E+00    3.19446E+01
 1.20000E+00    3.54205E+01
 1.40000E+00    3.67041E+01
 1.60000E+00    3.42599E+01
 1.80000E+00    2.89111E+01
 2.00000E+00    2.27636E+01
 2.20000E+00    1.73107E+01
 2.40000E+00    1.30493E+01
 2.60000E+00    9.94742E+00
 2.80000E+00    7.79731E+00
 3.00000E+00    6.36287E+00
 3.20000E+00    5.43857E+00
 3.40000E+00    4.86124E+00
 3.60000E+00    4.51322E+00
 3.80000E+00    4.31262E+00
 4.00000E+00    4.20426E+00
 4.20000E+00    4.15284E+00
 4.40000E+00    4.13660E+00
 4.60000E+00    4.14306E+00
 4.80000E+00    4.16541E+00
 5.00000E+00    4.20009E+00
 5.20000E+00    4.24564E+00
 5.40000E+00    4.30122E+00
 5.60000E+00    4.36635E+00
 5.80000E+00    4.44020E+00
 6.00000E+00    4.52133E+00
 6.20000E+00    4.60768E+00
 6.40000E+00    4.69643E+00
 6.60000E+00    4.78411E+00
 6.80000E+00    4.86714E+00
 7.00000E+00    4.94183E+00
 7.20000E+00    5.00501E+00
 7.40000E+00    5.05432E+00
 7.60000E+00    5.08850E+00
 7.80000E+00    5.10742E+00
 8.00000E+00    5.11179E+00
 8.50000E+00    5.07036E+00
 9.00000E+00    4.98035E+00
 9.50000E+00    4.87139E+00
 1.00000E+01    4.76362E+00
 1.05000E+01    4.66741E+00
 1.10000E+01    4.58579E+00
 1.15000E+01    4.51672E+00
 1.20000E+01    4.45560E+00
 1.25000E+01    4.39737E+00
 1.30000E+01    4.33787E+00
 1.35000E+01    4.27489E+00
 1.40000E+01    4.20788E+00
 1.45000E+01    4.13770E+00
 1.50000E+01    4.06595E+00
 1.60000E+01    3.92407E+00
 1.70000E+01    3.79150E+00
 1.80000E+01    3.67075E+00
 1.90000E+01    3.55971E+00
 2.00000E+01    3.45461E+00
 2.10000E+01    3.35212E+00
 2.20000E+01    3.25099E+00
 2.30000E+01    3.15245E+00
 2.40000E+01    3.05896E+00
 2.50000E+01    2.97224E+00
 2.60000E+01    2.89242E+00
 2.70000E+01    2.81832E+00
 2.80000E+01    2.74798E+00
 2.90000E+01    2.67930E+00
 3.00000E+01    2.61080E+00
