# n + Ac223 : (n,n'16)  
# tendl.2017 A.J. Koning and D. Rochman        EVAL-NOV17
# uncertainties: n
# # energies =    84
#   E(MeV)       xs(mb) 
 5.16510E-01    0.00000E+00
 5.17893E-01    2.21029E-01
 5.47256E-01    4.91376E+00
 5.63475E-01    7.50585E+00
 5.67030E-01    8.07400E+00
 5.77447E-01    9.73882E+00
 5.86859E-01    1.12430E+01
 6.00000E-01    1.33432E+01
 6.19693E-01    1.59270E+01
 6.60169E-01    2.12377E+01
 6.68772E-01    2.23665E+01
 7.00000E-01    2.64638E+01
 7.03808E-01    2.67500E+01
 7.05142E-01    2.68503E+01
 7.19908E-01    2.79601E+01
 7.24783E-01    2.83264E+01
 7.53724E-01    3.05016E+01
 8.00000E-01    3.39796E+01
 9.00000E-01    3.71263E+01
 1.00000E+00    3.77992E+01
 1.20000E+00    3.57139E+01
 1.40000E+00    3.19961E+01
 1.60000E+00    2.79294E+01
 1.80000E+00    2.38788E+01
 2.00000E+00    1.97721E+01
 2.20000E+00    1.56122E+01
 2.40000E+00    1.17097E+01
 2.60000E+00    8.41348E+00
 2.80000E+00    5.86544E+00
 3.00000E+00    4.02031E+00
 3.20000E+00    2.74765E+00
 3.40000E+00    1.89764E+00
 3.60000E+00    1.34315E+00
 3.80000E+00    9.87443E-01
 4.00000E+00    7.61626E-01
 4.20000E+00    6.19253E-01
 4.40000E+00    5.29790E-01
 4.60000E+00    4.73760E-01
 4.80000E+00    4.38727E-01
 5.00000E+00    4.16783E-01
 5.20000E+00    4.03153E-01
 5.40000E+00    3.94671E-01
 5.60000E+00    3.89685E-01
 5.80000E+00    3.87037E-01
 6.00000E+00    3.86024E-01
 6.20000E+00    3.86241E-01
 6.40000E+00    3.87404E-01
 6.60000E+00    3.89320E-01
 6.80000E+00    3.91839E-01
 7.00000E+00    3.94817E-01
 7.20000E+00    3.98118E-01
 7.40000E+00    4.01612E-01
 7.60000E+00    4.05176E-01
 7.80000E+00    4.08701E-01
 8.00000E+00    4.12085E-01
 8.50000E+00    4.19456E-01
 9.00000E+00    4.24805E-01
 9.50000E+00    4.28130E-01
 1.00000E+01    4.29873E-01
 1.05000E+01    4.30604E-01
 1.10000E+01    4.30818E-01
 1.15000E+01    4.30852E-01
 1.20000E+01    4.30886E-01
 1.25000E+01    4.30967E-01
 1.30000E+01    4.31025E-01
 1.35000E+01    4.30927E-01
 1.40000E+01    4.30501E-01
 1.45000E+01    4.29592E-01
 1.50000E+01    4.28095E-01
 1.60000E+01    4.23182E-01
 1.70000E+01    4.16050E-01
 1.80000E+01    4.07759E-01
 1.90000E+01    3.99819E-01
 2.00000E+01    3.93708E-01
 2.10000E+01    3.90316E-01
 2.20000E+01    3.89611E-01
 2.30000E+01    3.90750E-01
 2.40000E+01    3.92652E-01
 2.50000E+01    3.94573E-01
 2.60000E+01    3.96315E-01
 2.70000E+01    3.98082E-01
 2.80000E+01    4.00205E-01
 2.90000E+01    4.02897E-01
 3.00000E+01    4.06118E-01
