# n + Ac223 : (n,n'20)  
# tendl.2017 A.J. Koning and D. Rochman        EVAL-NOV17
# uncertainties: n
# # energies =    80
#   E(MeV)       xs(mb) 
 5.67030E-01    0.00000E+00
 5.77447E-01    3.38557E-01
 5.86859E-01    6.44450E-01
 6.00000E-01    1.07154E+00
 6.19693E-01    1.87240E+00
 6.60169E-01    3.51846E+00
 6.68772E-01    3.86832E+00
 7.00000E-01    5.13828E+00
 7.03808E-01    5.28320E+00
 7.05142E-01    5.33397E+00
 7.19908E-01    5.89590E+00
 7.24783E-01    6.08142E+00
 7.53724E-01    7.18280E+00
 8.00000E-01    8.94388E+00
 9.00000E-01    1.20448E+01
 1.00000E+00    1.44953E+01
 1.20000E+00    1.75713E+01
 1.40000E+00    1.83719E+01
 1.60000E+00    1.74602E+01
 1.80000E+00    1.56430E+01
 2.00000E+00    1.33447E+01
 2.20000E+00    1.07475E+01
 2.40000E+00    8.15071E+00
 2.60000E+00    5.88322E+00
 2.80000E+00    4.10539E+00
 3.00000E+00    2.81044E+00
 3.20000E+00    1.91358E+00
 3.40000E+00    1.31191E+00
 3.60000E+00    9.17625E-01
 3.80000E+00    6.63863E-01
 4.00000E+00    5.02816E-01
 4.20000E+00    4.02003E-01
 4.40000E+00    3.39859E-01
 4.60000E+00    3.02470E-01
 4.80000E+00    2.80884E-01
 5.00000E+00    2.69347E-01
 5.20000E+00    2.64368E-01
 5.40000E+00    2.63597E-01
 5.60000E+00    2.65783E-01
 5.80000E+00    2.70010E-01
 6.00000E+00    2.75645E-01
 6.20000E+00    2.82250E-01
 6.40000E+00    2.89441E-01
 6.60000E+00    2.96872E-01
 6.80000E+00    3.04216E-01
 7.00000E+00    3.11157E-01
 7.20000E+00    3.17414E-01
 7.40000E+00    3.22754E-01
 7.60000E+00    3.27012E-01
 7.80000E+00    3.30099E-01
 8.00000E+00    3.31996E-01
 8.50000E+00    3.31986E-01
 9.00000E+00    3.26849E-01
 9.50000E+00    3.18943E-01
 1.00000E+01    3.10188E-01
 1.05000E+01    3.01788E-01
 1.10000E+01    2.94305E-01
 1.15000E+01    2.87826E-01
 1.20000E+01    2.82147E-01
 1.25000E+01    2.76942E-01
 1.30000E+01    2.71879E-01
 1.35000E+01    2.66732E-01
 1.40000E+01    2.61388E-01
 1.45000E+01    2.55849E-01
 1.50000E+01    2.50191E-01
 1.60000E+01    2.38916E-01
 1.70000E+01    2.28236E-01
 1.80000E+01    2.18398E-01
 1.90000E+01    2.09299E-01
 2.00000E+01    2.00704E-01
 2.10000E+01    1.92424E-01
 2.20000E+01    1.84396E-01
 2.30000E+01    1.76686E-01
 2.40000E+01    1.69424E-01
 2.50000E+01    1.62713E-01
 2.60000E+01    1.56577E-01
 2.70000E+01    1.50973E-01
 2.80000E+01    1.45813E-01
 2.90000E+01    1.40998E-01
 3.00000E+01    1.36442E-01
