# n + Ac223 : (n,n'26)  
# tendl.2017 A.J. Koning and D. Rochman        EVAL-NOV17
# uncertainties: n
# # energies =    72
#   E(MeV)       xs(mb) 
 7.03808E-01    0.00000E+00
 7.05142E-01    2.10113E-04
 7.19908E-01    2.53582E-03
 7.24783E-01    3.30366E-03
 7.53724E-01    7.86200E-03
 8.00000E-01    1.51507E-02
 9.00000E-01    5.04099E-02
 1.00000E+00    1.08215E-01
 1.20000E+00    2.70235E-01
 1.40000E+00    4.48649E-01
 1.60000E+00    6.25491E-01
 1.80000E+00    8.27829E-01
 2.00000E+00    1.06368E+00
 2.20000E+00    1.28435E+00
 2.40000E+00    1.42487E+00
 2.60000E+00    1.46145E+00
 2.80000E+00    1.41635E+00
 3.00000E+00    1.32627E+00
 3.20000E+00    1.22073E+00
 3.40000E+00    1.11720E+00
 3.60000E+00    1.02371E+00
 3.80000E+00    9.42510E-01
 4.00000E+00    8.72782E-01
 4.20000E+00    8.12570E-01
 4.40000E+00    7.59718E-01
 4.60000E+00    7.12509E-01
 4.80000E+00    6.69810E-01
 5.00000E+00    6.31051E-01
 5.20000E+00    5.96045E-01
 5.40000E+00    5.64717E-01
 5.60000E+00    5.37062E-01
 5.80000E+00    5.13002E-01
 6.00000E+00    4.92399E-01
 6.20000E+00    4.75084E-01
 6.40000E+00    4.60840E-01
 6.60000E+00    4.49424E-01
 6.80000E+00    4.40537E-01
 7.00000E+00    4.33853E-01
 7.20000E+00    4.28992E-01
 7.40000E+00    4.25537E-01
 7.60000E+00    4.23065E-01
 7.80000E+00    4.21165E-01
 8.00000E+00    4.19459E-01
 8.50000E+00    4.14266E-01
 9.00000E+00    4.06030E-01
 9.50000E+00    3.94613E-01
 1.00000E+01    3.81047E-01
 1.05000E+01    3.66573E-01
 1.10000E+01    3.52229E-01
 1.15000E+01    3.38685E-01
 1.20000E+01    3.26222E-01
 1.25000E+01    3.14804E-01
 1.30000E+01    3.04209E-01
 1.35000E+01    2.94200E-01
 1.40000E+01    2.84606E-01
 1.45000E+01    2.75378E-01
 1.50000E+01    2.66561E-01
 1.60000E+01    2.50512E-01
 1.70000E+01    2.37068E-01
 1.80000E+01    2.26294E-01
 1.90000E+01    2.17634E-01
 2.00000E+01    2.10186E-01
 2.10000E+01    2.03105E-01
 2.20000E+01    1.95921E-01
 2.30000E+01    1.88647E-01
 2.40000E+01    1.81634E-01
 2.50000E+01    1.75273E-01
 2.60000E+01    1.69761E-01
 2.70000E+01    1.65059E-01
 2.80000E+01    1.60944E-01
 2.90000E+01    1.57104E-01
 3.00000E+01    1.53242E-01
