# n + Ac223 : (n,n'29)  
# tendl.2017 A.J. Koning and D. Rochman        EVAL-NOV17
# uncertainties: n
# # energies =    69
#   E(MeV)       xs(mb) 
 7.24783E-01    0.00000E+00
 7.53724E-01    5.46507E-05
 8.00000E-01    1.42036E-04
 9.00000E-01    1.23482E-03
 1.00000E+00    3.95755E-03
 1.20000E+00    1.53938E-02
 1.40000E+00    3.37546E-02
 1.60000E+00    5.59389E-02
 1.80000E+00    7.95011E-02
 2.00000E+00    1.02650E-01
 2.20000E+00    1.22314E-01
 2.40000E+00    1.35189E-01
 2.60000E+00    1.40747E-01
 2.80000E+00    1.41325E-01
 3.00000E+00    1.39680E-01
 3.20000E+00    1.37650E-01
 3.40000E+00    1.36246E-01
 3.60000E+00    1.35953E-01
 3.80000E+00    1.36901E-01
 4.00000E+00    1.39020E-01
 4.20000E+00    1.42176E-01
 4.40000E+00    1.46224E-01
 4.60000E+00    1.51062E-01
 4.80000E+00    1.56619E-01
 5.00000E+00    1.62856E-01
 5.20000E+00    1.69770E-01
 5.40000E+00    1.77351E-01
 5.60000E+00    1.85610E-01
 5.80000E+00    1.94505E-01
 6.00000E+00    2.03959E-01
 6.20000E+00    2.13841E-01
 6.40000E+00    2.23965E-01
 6.60000E+00    2.34102E-01
 6.80000E+00    2.43983E-01
 7.00000E+00    2.53337E-01
 7.20000E+00    2.61901E-01
 7.40000E+00    2.69451E-01
 7.60000E+00    2.75825E-01
 7.80000E+00    2.80927E-01
 8.00000E+00    2.84729E-01
 8.50000E+00    2.88950E-01
 9.00000E+00    2.87259E-01
 9.50000E+00    2.82144E-01
 1.00000E+01    2.75743E-01
 1.05000E+01    2.69440E-01
 1.10000E+01    2.63904E-01
 1.15000E+01    2.59275E-01
 1.20000E+01    2.55369E-01
 1.25000E+01    2.51851E-01
 1.30000E+01    2.48376E-01
 1.35000E+01    2.44693E-01
 1.40000E+01    2.40669E-01
 1.45000E+01    2.36296E-01
 1.50000E+01    2.31649E-01
 1.60000E+01    2.21987E-01
 1.70000E+01    2.12504E-01
 1.80000E+01    2.03622E-01
 1.90000E+01    1.95371E-01
 2.00000E+01    1.87597E-01
 2.10000E+01    1.80138E-01
 2.20000E+01    1.72919E-01
 2.30000E+01    1.65977E-01
 2.40000E+01    1.59428E-01
 2.50000E+01    1.53385E-01
 2.60000E+01    1.47898E-01
 2.70000E+01    1.42943E-01
 2.80000E+01    1.38436E-01
 2.90000E+01    1.34263E-01
 3.00000E+01    1.30319E-01
