# n + Ac224 : (n,p)     
# tendl.2017 A.J. Koning and D. Rochman        EVAL-NOV17
# uncertainties: y
# # energies =   671
#   E(MeV)       xs(mb)       xslow(mb)      xsupp(mb)
 1.00000E-11    2.12289E-07    0.00000E+00    2.07267E-06
 1.03223E-11    2.08948E-07    0.00000E+00    2.04005E-06
 1.06549E-11    2.05661E-07    0.00000E+00    2.00796E-06
 1.09984E-11    2.02425E-07    0.00000E+00    1.97636E-06
 1.13527E-11    1.99241E-07    0.00000E+00    1.94528E-06
 1.17186E-11    1.96105E-07    0.00000E+00    1.91466E-06
 1.20962E-11    1.93020E-07    0.00000E+00    1.88454E-06
 1.24861E-11    1.89983E-07    0.00000E+00    1.85489E-06
 1.28884E-11    1.86994E-07    0.00000E+00    1.82570E-06
 1.33038E-11    1.84051E-07    0.00000E+00    1.79697E-06
 1.37325E-11    1.81156E-07    0.00000E+00    1.76871E-06
 1.41751E-11    1.78305E-07    0.00000E+00    1.74087E-06
 1.46318E-11    1.75500E-07    0.00000E+00    1.71348E-06
 1.51034E-11    1.72739E-07    0.00000E+00    1.68653E-06
 1.55901E-11    1.70021E-07    0.00000E+00    1.65999E-06
 1.60926E-11    1.67346E-07    0.00000E+00    1.63387E-06
 1.66111E-11    1.64713E-07    0.00000E+00    1.60816E-06
 1.71465E-11    1.62121E-07    0.00000E+00    1.58286E-06
 1.76990E-11    1.59571E-07    0.00000E+00    1.55796E-06
 1.82694E-11    1.57060E-07    0.00000E+00    1.53345E-06
 1.88581E-11    1.54589E-07    0.00000E+00    1.50932E-06
 1.94659E-11    1.52156E-07    0.00000E+00    1.48557E-06
 2.00931E-11    1.49763E-07    0.00000E+00    1.46220E-06
 2.07407E-11    1.47406E-07    0.00000E+00    1.43919E-06
 2.14090E-11    1.45087E-07    0.00000E+00    1.41655E-06
 2.20991E-11    1.42804E-07    0.00000E+00    1.39426E-06
 2.28111E-11    1.40557E-07    0.00000E+00    1.37232E-06
 2.35464E-11    1.38346E-07    0.00000E+00    1.35073E-06
 2.43051E-11    1.36169E-07    0.00000E+00    1.32948E-06
 2.50884E-11    1.34027E-07    0.00000E+00    1.30856E-06
 2.58968E-11    1.31918E-07    0.00000E+00    1.28797E-06
 2.67315E-11    1.29842E-07    0.00000E+00    1.26770E-06
 2.75928E-11    1.27800E-07    0.00000E+00    1.24777E-06
 2.84822E-11    1.25789E-07    0.00000E+00    1.22813E-06
 2.93999E-11    1.23810E-07    0.00000E+00    1.20881E-06
 3.03475E-11    1.21861E-07    0.00000E+00    1.18978E-06
 3.13253E-11    1.19944E-07    0.00000E+00    1.17107E-06
 3.23350E-11    1.18057E-07    0.00000E+00    1.15264E-06
 3.33769E-11    1.16200E-07    0.00000E+00    1.13451E-06
 3.44526E-11    1.14371E-07    0.00000E+00    1.11665E-06
 3.55627E-11    1.12572E-07    0.00000E+00    1.09909E-06
 3.67089E-11    1.10800E-07    0.00000E+00    1.08179E-06
 3.78918E-11    1.09057E-07    0.00000E+00    1.06477E-06
 3.91130E-11    1.07341E-07    0.00000E+00    1.04802E-06
 4.03734E-11    1.05653E-07    0.00000E+00    1.03154E-06
 4.16746E-11    1.03990E-07    0.00000E+00    1.01530E-06
 4.30174E-11    1.02354E-07    0.00000E+00    9.99327E-07
 4.44039E-11    1.00743E-07    0.00000E+00    9.83598E-07
 4.58347E-11    9.91586E-08    0.00000E+00    9.68129E-07
 4.72118E-11    9.77017E-08    0.00000E+00    9.53904E-07
 4.86303E-11    9.62662E-08    0.00000E+00    9.39889E-07
 5.00915E-11    9.48518E-08    0.00000E+00    9.26079E-07
 5.15965E-11    9.34582E-08    0.00000E+00    9.12473E-07
 5.31468E-11    9.20850E-08    0.00000E+00    8.99066E-07
 5.47436E-11    9.07320E-08    0.00000E+00    8.85856E-07
 5.63885E-11    8.93989E-08    0.00000E+00    8.72840E-07
 5.80827E-11    8.80854E-08    0.00000E+00    8.60016E-07
 5.98278E-11    8.67912E-08    0.00000E+00    8.47380E-07
 6.16254E-11    8.55160E-08    0.00000E+00    8.34930E-07
 6.34770E-11    8.42596E-08    0.00000E+00    8.22663E-07
 6.53842E-11    8.30216E-08    0.00000E+00    8.10576E-07
 6.73488E-11    8.18018E-08    0.00000E+00    7.98667E-07
 6.93723E-11    8.05999E-08    0.00000E+00    7.86932E-07
 7.14566E-11    7.94157E-08    0.00000E+00    7.75370E-07
 7.36036E-11    7.82488E-08    0.00000E+00    7.63977E-07
 7.58151E-11    7.70991E-08    0.00000E+00    7.52752E-07
 7.80930E-11    7.59664E-08    0.00000E+00    7.41693E-07
 8.04394E-11    7.48502E-08    0.00000E+00    7.30795E-07
 8.28563E-11    7.37505E-08    0.00000E+00    7.20058E-07
 8.53458E-11    7.26669E-08    0.00000E+00    7.09479E-07
 8.79101E-11    7.15992E-08    0.00000E+00    6.99054E-07
 9.05514E-11    7.05472E-08    0.00000E+00    6.88783E-07
 9.32721E-11    6.95107E-08    0.00000E+00    6.78663E-07
 9.60745E-11    6.84894E-08    0.00000E+00    6.68692E-07
 9.89612E-11    6.74831E-08    0.00000E+00    6.58867E-07
 1.01935E-10    6.64916E-08    0.00000E+00    6.49186E-07
 1.04997E-10    6.55147E-08    0.00000E+00    6.39649E-07
 1.08152E-10    6.45521E-08    0.00000E+00    6.30250E-07
 1.11402E-10    6.36036E-08    0.00000E+00    6.20990E-07
 1.14749E-10    6.26691E-08    0.00000E+00    6.11866E-07
 1.18196E-10    6.17484E-08    0.00000E+00    6.02876E-07
 1.21748E-10    6.08411E-08    0.00000E+00    5.94018E-07
 1.25406E-10    5.99472E-08    0.00000E+00    5.85291E-07
 1.29174E-10    5.90664E-08    0.00000E+00    5.76691E-07
 1.33055E-10    5.81986E-08    0.00000E+00    5.68218E-07
 1.37052E-10    5.73435E-08    0.00000E+00    5.59870E-07
 1.41170E-10    5.65010E-08    0.00000E+00    5.51644E-07
 1.45412E-10    5.56708E-08    0.00000E+00    5.43538E-07
 1.49781E-10    5.48529E-08    0.00000E+00    5.35553E-07
 1.54281E-10    5.40469E-08    0.00000E+00    5.27683E-07
 1.58917E-10    5.32528E-08    0.00000E+00    5.19930E-07
 1.63691E-10    5.24704E-08    0.00000E+00    5.12291E-07
 1.68610E-10    5.16995E-08    0.00000E+00    5.04765E-07
 1.73676E-10    5.09399E-08    0.00000E+00    4.97348E-07
 1.78894E-10    5.01914E-08    0.00000E+00    4.90040E-07
 1.84269E-10    4.94540E-08    0.00000E+00    4.82841E-07
 1.89806E-10    4.87274E-08    0.00000E+00    4.75747E-07
 1.95508E-10    4.80114E-08    0.00000E+00    4.68756E-07
 2.01383E-10    4.73060E-08    0.00000E+00    4.61869E-07
 2.07433E-10    4.66110E-08    0.00000E+00    4.55083E-07
 2.13666E-10    4.59261E-08    0.00000E+00    4.48397E-07
 2.20086E-10    4.52514E-08    0.00000E+00    4.41809E-07
 2.26698E-10    4.45865E-08    0.00000E+00    4.35317E-07
 2.33510E-10    4.39314E-08    0.00000E+00    4.28921E-07
 2.40526E-10    4.32859E-08    0.00000E+00    4.22619E-07
 2.47752E-10    4.26499E-08    0.00000E+00    4.16410E-07
 2.55196E-10    4.20233E-08    0.00000E+00    4.10292E-07
 2.62864E-10    4.14059E-08    0.00000E+00    4.04264E-07
 2.70762E-10    4.07975E-08    0.00000E+00    3.98324E-07
 2.78897E-10    4.01981E-08    0.00000E+00    3.92472E-07
 2.87277E-10    3.96075E-08    0.00000E+00    3.86705E-07
 2.95908E-10    3.90255E-08    0.00000E+00    3.81023E-07
 3.04799E-10    3.84521E-08    0.00000E+00    3.75425E-07
 3.13957E-10    3.78872E-08    0.00000E+00    3.69909E-07
 3.23390E-10    3.73305E-08    0.00000E+00    3.64474E-07
 3.33107E-10    3.67820E-08    0.00000E+00    3.59119E-07
 3.43115E-10    3.62416E-08    0.00000E+00    3.53843E-07
 3.53424E-10    3.57091E-08    0.00000E+00    3.48643E-07
 3.64043E-10    3.51845E-08    0.00000E+00    3.43522E-07
 3.74981E-10    3.46675E-08    0.00000E+00    3.38474E-07
 3.86248E-10    3.41582E-08    0.00000E+00    3.33501E-07
 3.97853E-10    3.36563E-08    0.00000E+00    3.28601E-07
 4.09807E-10    3.31618E-08    0.00000E+00    3.23773E-07
 4.22120E-10    3.26745E-08    0.00000E+00    3.19015E-07
 4.34803E-10    3.21945E-08    0.00000E+00    3.14329E-07
 4.47867E-10    3.17214E-08    0.00000E+00    3.09710E-07
 4.61324E-10    3.12554E-08    0.00000E+00    3.05160E-07
 4.75185E-10    3.07962E-08    0.00000E+00    3.00677E-07
 4.89462E-10    3.03437E-08    0.00000E+00    2.96259E-07
 5.04168E-10    2.98978E-08    0.00000E+00    2.91905E-07
 5.19316E-10    2.94586E-08    0.00000E+00    2.87617E-07
 5.34920E-10    2.90257E-08    0.00000E+00    2.83391E-07
 5.50992E-10    2.85993E-08    0.00000E+00    2.79227E-07
 5.67547E-10    2.81791E-08    0.00000E+00    2.75125E-07
 5.84599E-10    2.77651E-08    0.00000E+00    2.71083E-07
 6.02164E-10    2.73571E-08    0.00000E+00    2.67099E-07
 6.20256E-10    2.69552E-08    0.00000E+00    2.63175E-07
 6.38893E-10    2.65591E-08    0.00000E+00    2.59308E-07
 6.58089E-10    2.61689E-08    0.00000E+00    2.55498E-07
 6.77861E-10    2.57844E-08    0.00000E+00    2.51744E-07
 6.98228E-10    2.54056E-08    0.00000E+00    2.48046E-07
 7.19207E-10    2.50323E-08    0.00000E+00    2.44401E-07
 7.40816E-10    2.46645E-08    0.00000E+00    2.40810E-07
 7.63075E-10    2.43021E-08    0.00000E+00    2.37272E-07
 7.86002E-10    2.39451E-08    0.00000E+00    2.33786E-07
 8.09618E-10    2.35932E-08    0.00000E+00    2.30351E-07
 8.33944E-10    2.32466E-08    0.00000E+00    2.26967E-07
 8.59000E-10    2.29050E-08    0.00000E+00    2.23631E-07
 8.84810E-10    2.25685E-08    0.00000E+00    2.20346E-07
 9.11395E-10    2.22369E-08    0.00000E+00    2.17109E-07
 9.38778E-10    2.19102E-08    0.00000E+00    2.13919E-07
 9.66985E-10    2.15883E-08    0.00000E+00    2.10776E-07
 9.96039E-10    2.12711E-08    0.00000E+00    2.07679E-07
 1.02597E-09    2.09586E-08    0.00000E+00    2.04628E-07
 1.05679E-09    2.06506E-08    0.00000E+00    2.01621E-07
 1.08854E-09    2.03472E-08    0.00000E+00    1.98659E-07
 1.12125E-09    2.00483E-08    0.00000E+00    1.95740E-07
 1.15494E-09    1.97537E-08    0.00000E+00    1.92864E-07
 1.18964E-09    1.94635E-08    0.00000E+00    1.90031E-07
 1.22538E-09    1.91775E-08    0.00000E+00    1.87238E-07
 1.26220E-09    1.88957E-08    0.00000E+00    1.84487E-07
 1.30013E-09    1.86181E-08    0.00000E+00    1.81777E-07
 1.33919E-09    1.83445E-08    0.00000E+00    1.79105E-07
 1.37943E-09    1.80750E-08    0.00000E+00    1.76474E-07
 1.42087E-09    1.78094E-08    0.00000E+00    1.73881E-07
 1.46356E-09    1.75478E-08    0.00000E+00    1.71327E-07
 1.50754E-09    1.72900E-08    0.00000E+00    1.68810E-07
 1.55283E-09    1.70359E-08    0.00000E+00    1.66329E-07
 1.59949E-09    1.67856E-08    0.00000E+00    1.63885E-07
 1.64755E-09    1.65390E-08    0.00000E+00    1.61477E-07
 1.69705E-09    1.62960E-08    0.00000E+00    1.59105E-07
 1.74804E-09    1.60566E-08    0.00000E+00    1.56768E-07
 1.80056E-09    1.58207E-08    0.00000E+00    1.54464E-07
 1.85466E-09    1.55882E-08    0.00000E+00    1.52194E-07
 1.91038E-09    1.53592E-08    0.00000E+00    1.49959E-07
 1.96778E-09    1.51335E-08    0.00000E+00    1.47755E-07
 2.02691E-09    1.49112E-08    0.00000E+00    1.45585E-07
 2.08781E-09    1.46921E-08    0.00000E+00    1.43445E-07
 2.15054E-09    1.44763E-08    0.00000E+00    1.41338E-07
 2.21515E-09    1.42636E-08    0.00000E+00    1.39262E-07
 2.28171E-09    1.40540E-08    0.00000E+00    1.37215E-07
 2.35026E-09    1.38476E-08    0.00000E+00    1.35200E-07
 2.42088E-09    1.36442E-08    0.00000E+00    1.33214E-07
 2.49362E-09    1.34438E-08    0.00000E+00    1.31258E-07
 2.56854E-09    1.32463E-08    0.00000E+00    1.29329E-07
 2.64571E-09    1.30518E-08    0.00000E+00    1.27430E-07
 2.72520E-09    1.28601E-08    0.00000E+00    1.25559E-07
 2.80709E-09    1.26713E-08    0.00000E+00    1.23715E-07
 2.89143E-09    1.24853E-08    0.00000E+00    1.21899E-07
 2.97830E-09    1.23021E-08    0.00000E+00    1.20111E-07
 3.06779E-09    1.21216E-08    0.00000E+00    1.18348E-07
 3.15996E-09    1.19438E-08    0.00000E+00    1.16613E-07
 3.25491E-09    1.17686E-08    0.00000E+00    1.14902E-07
 3.35270E-09    1.15961E-08    0.00000E+00    1.13218E-07
 3.45344E-09    1.14262E-08    0.00000E+00    1.11559E-07
 3.55720E-09    1.12588E-08    0.00000E+00    1.09925E-07
 3.66408E-09    1.10940E-08    0.00000E+00    1.08316E-07
 3.77417E-09    1.09316E-08    0.00000E+00    1.06730E-07
 3.88757E-09    1.07717E-08    0.00000E+00    1.05169E-07
 4.00437E-09    1.06142E-08    0.00000E+00    1.03631E-07
 4.12469E-09    1.04590E-08    0.00000E+00    1.02116E-07
 4.24862E-09    1.03062E-08    0.00000E+00    1.00624E-07
 4.37627E-09    1.01556E-08    0.00000E+00    9.91535E-08
 4.50776E-09    1.00072E-08    0.00000E+00    9.77046E-08
 4.64320E-09    9.86102E-09    0.00000E+00    9.62774E-08
 4.78271E-09    9.71696E-09    0.00000E+00    9.48709E-08
 4.92641E-09    9.57498E-09    0.00000E+00    9.34847E-08
 5.07442E-09    9.43504E-09    0.00000E+00    9.21184E-08
 5.22689E-09    9.29710E-09    0.00000E+00    9.07716E-08
 5.38394E-09    9.16112E-09    0.00000E+00    8.94440E-08
 5.54570E-09    9.02706E-09    0.00000E+00    8.81351E-08
 5.71233E-09    8.89489E-09    0.00000E+00    8.68447E-08
 5.88396E-09    8.76460E-09    0.00000E+00    8.55726E-08
 6.06075E-09    8.63614E-09    0.00000E+00    8.43184E-08
 6.24285E-09    8.50951E-09    0.00000E+00    8.30820E-08
 6.43042E-09    8.38468E-09    0.00000E+00    8.18633E-08
 6.62363E-09    8.26164E-09    0.00000E+00    8.06620E-08
 6.82264E-09    8.14036E-09    0.00000E+00    7.94779E-08
 7.02763E-09    8.02084E-09    0.00000E+00    7.83110E-08
 7.23878E-09    7.90305E-09    0.00000E+00    7.71609E-08
 7.45628E-09    7.78697E-09    0.00000E+00    7.60276E-08
 7.68031E-09    7.67258E-09    0.00000E+00    7.49107E-08
 7.91107E-09    7.55986E-09    0.00000E+00    7.38102E-08
 8.14876E-09    7.44880E-09    0.00000E+00    7.27259E-08
 8.39360E-09    7.33936E-09    0.00000E+00    7.16574E-08
 8.64579E-09    7.23153E-09    0.00000E+00    7.06046E-08
 8.90556E-09    7.12528E-09    0.00000E+00    6.95672E-08
 9.17314E-09    7.02059E-09    0.00000E+00    6.85451E-08
 9.44875E-09    6.91744E-09    0.00000E+00    6.75380E-08
 9.73265E-09    6.81580E-09    0.00000E+00    6.65456E-08
 1.00251E-08    6.71566E-09    0.00000E+00    6.55679E-08
 1.03263E-08    6.61699E-09    0.00000E+00    6.46046E-08
 1.06365E-08    6.51977E-09    0.00000E+00    6.36554E-08
 1.09561E-08    6.42398E-09    0.00000E+00    6.27201E-08
 1.12853E-08    6.32959E-09    0.00000E+00    6.17985E-08
 1.16244E-08    6.23659E-09    0.00000E+00    6.08905E-08
 1.19737E-08    6.14496E-09    0.00000E+00    5.99959E-08
 1.23334E-08    6.05468E-09    0.00000E+00    5.91145E-08
 1.27040E-08    5.96572E-09    0.00000E+00    5.82459E-08
 1.30857E-08    5.87807E-09    0.00000E+00    5.73902E-08
 1.34789E-08    5.79170E-09    0.00000E+00    5.65469E-08
 1.38838E-08    5.70660E-09    0.00000E+00    5.57160E-08
 1.43010E-08    5.62276E-09    0.00000E+00    5.48975E-08
 1.47307E-08    5.54015E-09    0.00000E+00    5.40909E-08
 1.51733E-08    5.45875E-09    0.00000E+00    5.32962E-08
 1.56292E-08    5.37854E-09    0.00000E+00    5.25130E-08
 1.60988E-08    5.29951E-09    0.00000E+00    5.17414E-08
 1.65825E-08    5.22165E-09    0.00000E+00    5.09812E-08
 1.70807E-08    5.14492E-09    0.00000E+00    5.02321E-08
 1.75939E-08    5.06931E-09    0.00000E+00    4.94939E-08
 1.81225E-08    4.99481E-09    0.00000E+00    4.87665E-08
 1.86670E-08    4.92137E-09    0.00000E+00    4.80495E-08
 1.92279E-08    4.84899E-09    0.00000E+00    4.73428E-08
 1.98056E-08    4.77762E-09    0.00000E+00    4.66460E-08
 2.04007E-08    4.70726E-09    0.00000E+00    4.59590E-08
 2.10136E-08    4.63789E-09    0.00000E+00    4.52817E-08
 2.16450E-08    4.56954E-09    0.00000E+00    4.46144E-08
 2.22954E-08    4.50227E-09    0.00000E+00    4.39576E-08
 2.29652E-08    4.43618E-09    0.00000E+00    4.33124E-08
 2.36553E-08    4.37135E-09    0.00000E+00    4.26794E-08
 2.43660E-08    4.30784E-09    0.00000E+00    4.20593E-08
 2.50981E-08    4.24562E-09    0.00000E+00    4.14518E-08
 2.52045E-08    4.23682E-09    0.00000E+00    4.13659E-08
 2.53000E-08    4.22898E-09    4.52600E-10    8.00536E-09
 2.60602E-08    4.16815E-09    4.46090E-10    7.89021E-09
 2.69569E-08    4.09960E-09    4.38754E-10    7.76045E-09
 2.78845E-08    4.03170E-09    4.31487E-10    7.63191E-09
 2.88441E-08    3.96422E-09    4.24265E-10    7.50418E-09
 2.98366E-08    3.89716E-09    4.17088E-10    7.37723E-09
 3.07331E-08    3.83905E-09    4.10869E-10    7.26723E-09
 3.16565E-08    3.78170E-09    4.04731E-10    7.15867E-09
 3.26077E-08    3.72530E-09    3.98695E-10    7.05191E-09
 3.35874E-08    3.66993E-09    3.92769E-10    6.94709E-09
 3.45965E-08    3.61556E-09    3.86950E-10    6.84417E-09
 3.56360E-08    3.56215E-09    3.81234E-10    6.74307E-09
 3.67067E-08    3.50967E-09    3.75617E-10    6.64372E-09
 3.78096E-08    3.45806E-09    3.70094E-10    6.54603E-09
 3.89456E-08    3.40728E-09    3.64659E-10    6.44990E-09
 4.01158E-08    3.35723E-09    3.59303E-10    6.35516E-09
 4.13211E-08    3.30786E-09    3.54019E-10    6.26170E-09
 4.25626E-08    3.25920E-09    3.48811E-10    6.16959E-09
 4.38415E-08    3.21131E-09    3.43686E-10    6.07893E-09
 4.51587E-08    3.16419E-09    3.38643E-10    5.98974E-09
 4.65156E-08    3.11777E-09    3.33675E-10    5.90187E-09
 4.79132E-08    3.07194E-09    3.28770E-10    5.81511E-09
 4.93527E-08    3.02672E-09    3.23930E-10    5.72951E-09
 5.08356E-08    2.98218E-09    3.19163E-10    5.64520E-09
 5.23630E-08    2.93841E-09    3.14479E-10    5.56234E-09
 5.39363E-08    2.89536E-09    3.09872E-10    5.48085E-09
 5.57923E-08    2.84684E-09    3.04679E-10    5.38900E-09
 5.74686E-08    2.80490E-09    3.00190E-10    5.30961E-09
 5.91953E-08    2.76355E-09    2.95765E-10    5.23134E-09
 6.09739E-08    2.72295E-09    2.91420E-10    5.15448E-09
 6.28059E-08    2.68311E-09    2.87156E-10    5.07906E-09
 6.49671E-08    2.63825E-09    2.82355E-10    4.99415E-09
 6.72027E-08    2.59388E-09    2.77606E-10    4.91015E-09
 6.92219E-08    2.55555E-09    2.73504E-10    4.83760E-09
 7.13017E-08    2.51795E-09    2.69480E-10    4.76642E-09
 7.34440E-08    2.48115E-09    2.65541E-10    4.69676E-09
 7.59713E-08    2.43978E-09    2.61114E-10    4.61845E-09
 7.85856E-08    2.39875E-09    2.56723E-10    4.54078E-09
 8.09468E-08    2.36321E-09    2.52919E-10    4.47350E-09
 8.33789E-08    2.32836E-09    2.49189E-10    4.40753E-09
 8.58841E-08    2.29436E-09    2.45551E-10    4.34317E-09
 8.88394E-08    2.25623E-09    2.41470E-10    4.27099E-09
 9.22860E-08    2.21361E-09    2.36908E-10    4.19031E-09
 9.50588E-08    2.18072E-09    2.33388E-10    4.12805E-09
 9.75017E-08    2.15304E-09    2.30426E-10    4.07565E-09
 1.00007E-07    2.12604E-09    2.27536E-10    4.02454E-09
 1.03012E-07    2.09521E-09    2.24237E-10    3.96618E-09
 1.07009E-07    2.05590E-09    2.20030E-10    3.89177E-09
 1.10691E-07    2.02098E-09    2.16292E-10    3.82567E-09
 1.13535E-07    1.99517E-09    2.13530E-10    3.77681E-09
 1.16453E-07    1.97004E-09    2.10841E-10    3.72924E-09
 1.19952E-07    1.94153E-09    2.07789E-10    3.67527E-09
 1.24606E-07    1.90533E-09    2.03915E-10    3.60675E-09
 1.29440E-07    1.86897E-09    2.00024E-10    3.53792E-09
 1.32766E-07    1.84498E-09    1.97456E-10    3.49250E-09
 1.36178E-07    1.82165E-09    1.94959E-10    3.44834E-09
 1.39678E-07    1.79905E-09    1.92541E-10    3.40556E-09
 1.45097E-07    1.76574E-09    1.88976E-10    3.34250E-09
 1.51364E-07    1.72843E-09    1.84983E-10    3.27188E-09
 1.55912E-07    1.70246E-09    1.82203E-10    3.22272E-09
 1.59244E-07    1.68444E-09    1.80275E-10    3.18861E-09
 1.63337E-07    1.66354E-09    1.78038E-10    3.14904E-09
 1.68957E-07    1.63631E-09    1.75124E-10    3.09750E-09
 1.77753E-07    1.59501E-09    1.70704E-10    3.01932E-09
 1.83094E-07    1.57087E-09    1.68120E-10    2.97362E-09
 1.87006E-07    1.55410E-09    1.66325E-10    2.94187E-09
 1.91812E-07    1.53467E-09    1.64246E-10    2.90509E-09
 1.95911E-07    1.51897E-09    1.62566E-10    2.87537E-09
 1.99254E-07    1.50702E-09    1.61287E-10    2.85275E-09
 2.00946E-07    1.50154E-09    1.60700E-10    2.84238E-09
 2.02653E-07    1.49673E-09    1.60185E-10    2.83327E-09
 2.03512E-07    1.49469E-09    1.59967E-10    2.82941E-09
 2.04374E-07    1.49297E-09    1.59783E-10    2.82616E-09
 2.05240E-07    1.49164E-09    1.59641E-10    2.82364E-09
 2.06110E-07    1.49076E-09    1.59546E-10    2.82197E-09
 2.06984E-07    1.49042E-09    1.59510E-10    2.82133E-09
 2.07861E-07    1.49070E-09    1.59540E-10    2.82186E-09
 2.08742E-07    1.49168E-09    1.59645E-10    2.82372E-09
 2.09626E-07    1.49343E-09    1.59832E-10    2.82703E-09
 2.10515E-07    1.49603E-09    1.60110E-10    2.83195E-09
 2.11407E-07    1.49955E-09    1.60487E-10    2.83861E-09
 2.12303E-07    1.50404E-09    1.60968E-10    2.84711E-09
 2.13203E-07    1.50955E-09    1.61557E-10    2.85754E-09
 2.13915E-07    1.51462E-09    1.62100E-10    2.86714E-09
 2.14822E-07    1.52198E-09    1.62888E-10    2.88107E-09
 2.15732E-07    1.53039E-09    1.63788E-10    2.89699E-09
 2.16646E-07    1.53982E-09    1.64797E-10    2.91484E-09
 2.17564E-07    1.55023E-09    1.65911E-10    2.93455E-09
 2.18486E-07    1.56158E-09    1.67126E-10    2.95603E-09
 2.19412E-07    1.57380E-09    1.68434E-10    2.97917E-09
 2.20342E-07    1.58683E-09    1.69828E-10    3.00383E-09
 2.21276E-07    1.60058E-09    1.71300E-10    3.02986E-09
 2.22214E-07    1.61498E-09    1.72841E-10    3.05712E-09
 2.23156E-07    1.62995E-09    1.74443E-10    3.08546E-09
 2.24101E-07    1.64542E-09    1.76099E-10    3.11474E-09
 2.26005E-07    1.67757E-09    1.79539E-10    3.17560E-09
 2.27925E-07    1.71096E-09    1.83113E-10    3.23881E-09
 2.31813E-07    1.78011E-09    1.90514E-10    3.36971E-09
 2.40806E-07    1.94229E-09    2.07871E-10    3.67671E-09
 2.45952E-07    2.03611E-09    2.17912E-10    3.85431E-09
 2.49092E-07    2.09443E-09    2.24153E-10    3.96471E-09
 2.52273E-07    2.15499E-09    2.30635E-10    4.07935E-09
 2.54416E-07    2.19693E-09    2.35123E-10    4.15874E-09
 2.56577E-07    2.24030E-09    2.39765E-10    4.24084E-09
 2.58756E-07    2.28518E-09    2.44568E-10    4.32579E-09
 2.60954E-07    2.33155E-09    2.49531E-10    4.41357E-09
 2.64286E-07    2.40368E-09    2.57250E-10    4.55011E-09
 2.67660E-07    2.47839E-09    2.65246E-10    4.69153E-09
 2.73380E-07    2.60706E-09    2.79017E-10    4.93510E-09
 2.85189E-07    2.87505E-09    3.07698E-10    5.44240E-09
 2.90055E-07    2.98661E-09    3.19638E-10    5.65358E-09
 2.93758E-07    3.07303E-09    3.28887E-10    5.81717E-09
 2.96253E-07    3.13249E-09    3.35250E-10    5.92973E-09
 2.98770E-07    3.19379E-09    3.41811E-10    6.04577E-09
 3.01307E-07    3.25720E-09    3.48597E-10    6.16580E-09
 3.03867E-07    3.32285E-09    3.55623E-10    6.29008E-09
 3.06448E-07    3.39071E-09    3.62886E-10    6.41853E-09
 3.10361E-07    3.49629E-09    3.74185E-10    6.61840E-09
 3.14323E-07    3.60555E-09    3.85879E-10    6.82522E-09
 3.22401E-07    3.83159E-09    4.10070E-10    7.25311E-09
 3.37753E-07    4.26405E-09    4.56354E-10    8.07175E-09
 3.43515E-07    4.42861E-09    4.73965E-10    8.38325E-09
 3.47901E-07    4.55691E-09    4.87697E-10    8.62612E-09
 3.50856E-07    4.64575E-09    4.97205E-10    8.79430E-09
 3.53837E-07    4.73778E-09    5.07054E-10    8.96851E-09
 3.56842E-07    4.83327E-09    5.17274E-10    9.14927E-09
 3.59873E-07    4.93220E-09    5.27861E-10    9.33654E-09
 3.64468E-07    5.08633E-09    5.44357E-10    9.62830E-09
 3.70686E-07    5.30002E-09    5.67227E-10    1.00328E-08
 3.91636E-07    6.03026E-09    6.45380E-10    1.14151E-08
 4.01700E-07    6.38349E-09    6.83184E-10    1.20838E-08
 4.06829E-07    6.56697E-09    7.02820E-10    1.24311E-08
 4.10285E-07    6.69354E-09    7.16366E-10    1.26707E-08
 4.13770E-07    6.82457E-09    7.30390E-10    1.29188E-08
 4.17284E-07    6.96074E-09    7.44963E-10    1.31765E-08
 4.20829E-07    7.10231E-09    7.60114E-10    1.34445E-08
 4.24403E-07    7.24899E-09    7.75813E-10    1.37222E-08
 4.29822E-07    7.47703E-09    8.00218E-10    1.41538E-08
 4.39007E-07    7.87154E-09    8.42440E-10    1.49006E-08
 4.69741E-07    9.20264E-09    9.84899E-10    1.74204E-08
 4.75738E-07    9.46583E-09    1.01307E-09    1.79186E-08
 4.79779E-07    9.64637E-09    1.03239E-09    1.82604E-08
 4.83855E-07    9.83274E-09    1.05233E-09    1.86131E-08
 4.87964E-07    1.00264E-08    1.07306E-09    1.89797E-08
 4.92109E-07    1.02283E-08    1.09467E-09    1.93619E-08
 4.96289E-07    1.04385E-08    1.11717E-09    1.97598E-08
 5.00505E-07    1.06560E-08    1.14044E-09    2.01716E-08
 5.06895E-07    1.09929E-08    1.17650E-09    2.08093E-08
 5.26560E-07    1.20463E-08    1.28924E-09    2.28034E-08
 5.53972E-07    1.35196E-08    1.44692E-09    2.55923E-08
 5.61045E-07    1.39052E-08    1.48818E-09    2.63222E-08
 5.65810E-07    1.41705E-08    1.51658E-09    2.68244E-08
 5.70616E-07    1.44455E-08    1.54601E-09    2.73450E-08
 5.75463E-07    1.47326E-08    1.57674E-09    2.78885E-08
 5.80351E-07    1.50326E-08    1.60884E-09    2.84564E-08
 5.85281E-07    1.53448E-08    1.64225E-09    2.90473E-08
 5.92753E-07    1.58311E-08    1.69430E-09    2.99679E-08
 6.10563E-07    1.70130E-08    1.82079E-09    3.22052E-08
 6.53307E-07    1.98619E-08    2.12569E-09    3.75981E-08
 6.61648E-07    2.04270E-08    2.18617E-09    3.86678E-08
 6.67268E-07    2.08177E-08    2.22798E-09    3.94074E-08
 6.72936E-07    2.12247E-08    2.27154E-09    4.01779E-08
 6.78652E-07    2.16512E-08    2.31719E-09    4.09852E-08
 6.84416E-07    2.20976E-08    2.36496E-09    4.18302E-08
 6.90230E-07    2.25612E-08    2.41458E-09    4.27078E-08
 6.99042E-07    2.32794E-08    2.49144E-09    4.40674E-08
 7.63964E-07    2.86407E-08    3.06523E-09    5.42162E-08
 7.73719E-07    2.94544E-08    3.15231E-09    5.57565E-08
 7.80291E-07    3.00145E-08    3.21226E-09    5.68167E-08
 7.83597E-07    3.03030E-08    3.24313E-09    5.73629E-08
 7.86918E-07    3.05990E-08    3.27481E-09    5.79232E-08
 7.90253E-07    3.09034E-08    3.30739E-09    5.84994E-08
 7.93602E-07    3.12171E-08    3.34096E-09    5.90932E-08
 7.96966E-07    3.15406E-08    3.37559E-09    5.97056E-08
 8.00343E-07    3.18737E-08    3.41124E-09    6.03362E-08
 8.03735E-07    3.22159E-08    3.44786E-09    6.09839E-08
 8.10562E-07    3.29232E-08    3.52356E-09    6.23228E-08
 8.20911E-07    3.40239E-08    3.64136E-09    6.44064E-08
 9.72215E-07    5.03403E-08    5.38760E-09    9.52930E-08
 9.84628E-07    5.17024E-08    5.53337E-09    9.78714E-08
 9.92991E-07    5.26491E-08    5.63469E-09    9.96635E-08
 1.00143E-06    5.36415E-08    0.00000E+00    5.36415E-07
 1.00567E-06    5.41567E-08    0.00000E+00    5.41567E-07
 1.01986E-06    5.59416E-08    0.00000E+00    5.59416E-07
 1.03425E-06    5.77949E-08    0.00000E+00    5.77949E-07
 1.04884E-06    5.95996E-08    0.00000E+00    5.95996E-07
 1.06364E-06    6.10436E-08    0.00000E+00    6.10436E-07
 1.06957E-06    6.14164E-08    0.00000E+00    6.14164E-07
 1.08466E-06    6.17692E-08    0.00000E+00    6.17692E-07
 1.09996E-06    6.15655E-08    0.00000E+00    6.15655E-07
 1.13122E-06    6.07917E-08    0.00000E+00    6.07917E-07
 1.26538E-06    5.73734E-08    0.00000E+00    5.73734E-07
 1.30134E-06    5.65426E-08    0.00000E+00    5.65426E-07
 1.49704E-06    5.26919E-08    0.00000E+00    5.26919E-07
 1.56130E-06    5.16239E-08    0.00000E+00    5.16239E-07
 1.77110E-06    4.84045E-08    0.00000E+00    4.84045E-07
 2.09534E-06    4.44719E-08    0.00000E+00    4.44719E-07
 2.44446E-06    4.11510E-08    0.00000E+00    4.11510E-07
 2.89197E-06    3.78077E-08    0.00000E+00    3.78077E-07
 3.37382E-06    3.49849E-08    0.00000E+00    3.49849E-07
 3.99147E-06    3.21423E-08    0.00000E+00    3.21423E-07
 4.65651E-06    2.97430E-08    0.00000E+00    2.97430E-07
 5.50899E-06    2.73261E-08    0.00000E+00    2.73261E-07
 6.51753E-06    2.51129E-08    0.00000E+00    2.51129E-07
 7.60345E-06    2.32317E-08    0.00000E+00    2.32317E-07
 8.99543E-06    2.13475E-08    0.00000E+00    2.13475E-07
 1.00623E-05    2.01773E-08    0.00000E+00    2.01773E-07
 1.22427E-05    1.82549E-08    0.00000E+00    1.82549E-07
 1.44840E-05    1.67502E-08    0.00000E+00    1.67502E-07
 1.68972E-05    1.54852E-08    0.00000E+00    1.54852E-07
 1.99906E-05    1.42099E-08    0.00000E+00    1.42099E-07
 2.33214E-05    1.31372E-08    0.00000E+00    1.31372E-07
 2.75909E-05    1.20550E-08    0.00000E+00    1.20550E-07
 3.26420E-05    1.10675E-08    0.00000E+00    1.10675E-07
 3.80806E-05    1.02269E-08    0.00000E+00    1.02269E-07
 4.50522E-05    9.38921E-09    0.00000E+00    9.38921E-08
 5.25585E-05    8.67598E-09    0.00000E+00    8.67598E-08
 6.21806E-05    7.96544E-09    0.00000E+00    7.96544E-08
 7.15315E-05    7.41795E-09    0.00000E+00    7.41795E-08
 7.24436E-05    7.38342E-09    0.00000E+00    7.38342E-08
 7.34656E-05    7.68042E-09    0.00000E+00    7.68042E-08
 7.87963E-05    9.32735E-09    0.00000E+00    9.32735E-08
 7.92590E-05    9.44536E-09    9.44536E-09    9.44536E-09
 8.03772E-05    9.29642E-09    9.29642E-09    9.29642E-09
 9.91738E-05    6.37574E-09    6.37574E-09    6.37574E-09
 1.00573E-04    6.23662E-09    6.23662E-09    6.23662E-09
 1.98669E-04    4.38910E-09    4.38910E-09    4.38910E-09
 2.01472E-04    4.35182E-09    4.35182E-09    4.35182E-09
 3.00000E-04    3.53451E-09    3.53451E-09    3.53451E-09
 6.00000E-04    2.46198E-09    2.46198E-09    2.46198E-09
 1.00000E-03    1.88784E-09    1.88784E-09    1.88784E-09
 2.00000E-03    1.32670E-09    1.32670E-09    1.32670E-09
 3.00000E-03    1.08953E-09    1.08953E-09    1.08953E-09
 6.00000E-03    8.05217E-10    8.05217E-10    8.05217E-10
 1.00000E-02    6.80478E-10    6.80478E-10    6.80478E-10
 2.00000E-02    6.46626E-10    6.46626E-10    6.46626E-10
 3.08525E-02    6.91424E-10    6.91424E-10    6.91424E-10
 6.00000E-02    8.30391E-10    8.30391E-10    8.30391E-10
 1.00000E-01    1.06528E-09    1.06528E-09    1.06528E-09
 2.00000E-01    1.89788E-09    1.89788E-09    1.89788E-09
 3.00000E-01    3.74912E-09    3.74912E-09    3.74912E-09
 4.00000E-01    6.97970E-09    6.97970E-09    6.97970E-09
 5.00000E-01    1.07842E-08    1.07842E-08    1.07842E-08
 6.00000E-01    1.72239E-08    3.38535E-09    3.10625E-08
 6.99969E-01    2.69699E-08    5.30091E-09    4.86389E-08
 8.00000E-01    4.32862E-08    8.50787E-09    7.80645E-08
 9.00000E-01    6.73560E-08    1.32388E-08    1.21473E-07
 1.00000E+00    1.08398E-07    4.55600E-08    1.71236E-07
 1.20000E+00    2.62646E-07    1.10391E-07    4.14901E-07
 1.40000E+00    5.91063E-07    2.48425E-07    9.33701E-07
 1.60000E+00    1.21746E-06    5.11701E-07    1.92322E-06
 1.80000E+00    2.31738E-06    1.15175E-06    3.48301E-06
 2.00000E+00    4.65199E-06    2.31206E-06    6.99192E-06
 2.20000E+00    7.88132E-06    3.91705E-06    1.18456E-05
 2.40000E+00    1.28026E-05    6.36294E-06    1.92423E-05
 2.60000E+00    2.19540E-05    1.26067E-05    3.13013E-05
 2.80000E+00    3.04136E-05    1.74645E-05    4.33628E-05
 3.00000E+00    5.77302E-05    3.31505E-05    8.23100E-05
 3.20000E+00    8.94677E-05    5.13752E-05    1.27560E-04
 3.40000E+00    1.60968E-04    9.24330E-05    2.29504E-04
 3.60000E+00    2.73924E-04    1.57296E-04    3.90553E-04
 3.80000E+00    3.75538E-04    2.15645E-04    5.35430E-04
 4.00000E+00    7.27018E-04    4.17476E-04    1.03656E-03
 4.20000E+00    1.12792E-03    6.47688E-04    1.60816E-03
 4.41552E+00    1.94571E-03    1.11729E-03    2.77413E-03
 4.60000E+00    2.66666E-03    1.57284E-03    3.76048E-03
 4.80000E+00    3.89634E-03    2.29812E-03    5.49456E-03
 5.00000E+00    6.34714E-03    3.74364E-03    8.95063E-03
 5.20000E+00    9.08548E-03    5.35876E-03    1.28122E-02
 5.40000E+00    1.34029E-02    7.90524E-03    1.89005E-02
 5.60000E+00    1.75433E-02    1.03473E-02    2.47392E-02
 5.80000E+00    2.39520E-02    1.41273E-02    3.37767E-02
 6.00000E+00    3.45714E-02    2.03908E-02    4.87521E-02
 6.20000E+00    4.57257E-02    2.69697E-02    6.44817E-02
 6.40000E+00    6.23038E-02    3.67478E-02    8.78598E-02
 6.60000E+00    7.74230E-02    4.30993E-02    1.11747E-01
 6.80000E+00    9.95478E-02    5.54155E-02    1.43680E-01
 7.00000E+00    1.32909E-01    7.39870E-02    1.91832E-01
 7.20000E+00    1.57065E-01    8.74336E-02    2.26696E-01
 7.40000E+00    2.00782E-01    1.11770E-01    2.89795E-01
 7.60000E+00    2.50305E-01    1.39338E-01    3.61273E-01
 7.80000E+00    2.92901E-01    1.63050E-01    4.22752E-01
 8.00000E+00    3.82939E-01    2.13172E-01    5.52707E-01
 8.50000E+00    5.93292E-01    3.30269E-01    8.56314E-01
 9.00000E+00    8.50133E-01    4.55396E-01    1.24487E+00
 9.50000E+00    1.20622E+00    6.46146E-01    1.76630E+00
 1.00000E+01    1.64858E+00    8.83108E-01    2.41406E+00
 1.01411E+01    1.79893E+00    9.63644E-01    2.63421E+00
 1.02842E+01    1.95140E+00    1.04532E+00    2.85748E+00
 1.04292E+01    2.10602E+00    1.12814E+00    3.08389E+00
 1.05000E+01    2.18142E+00    1.16854E+00    3.19430E+00
 1.06481E+01    2.36632E+00    1.26758E+00    3.46505E+00
 1.07984E+01    2.55382E+00    1.36802E+00    3.73962E+00
 1.09507E+01    2.74397E+00    1.46988E+00    4.01807E+00
 1.10000E+01    2.80550E+00    1.50284E+00    4.10816E+00
 1.11552E+01    3.02664E+00    1.62130E+00    4.43198E+00
 1.13126E+01    3.25091E+00    1.74144E+00    4.76038E+00
 1.14722E+01    3.47833E+00    1.86326E+00    5.09340E+00
 1.15000E+01    3.51799E+00    1.88451E+00    5.15147E+00
 1.16622E+01    3.77622E+00    2.02283E+00    5.52960E+00
 1.18268E+01    4.03808E+00    2.16311E+00    5.91306E+00
 1.19936E+01    4.30364E+00    2.30536E+00    6.30193E+00
 1.20000E+01    4.31378E+00    2.31079E+00    6.31677E+00
 1.21693E+01    4.60756E+00    2.46816E+00    6.74696E+00
 1.23410E+01    4.90549E+00    2.62775E+00    7.18322E+00
 1.25000E+01    5.18142E+00    2.77557E+00    7.58727E+00
 1.26764E+01    5.51031E+00    2.95174E+00    8.06887E+00
 1.28552E+01    5.84383E+00    3.13041E+00    8.55726E+00
 1.30000E+01    6.11389E+00    2.81778E+00    9.41000E+00
 1.31834E+01    6.47209E+00    2.98287E+00    9.96131E+00
 1.33694E+01    6.83535E+00    3.15029E+00    1.05204E+01
 1.35000E+01    7.09041E+00    3.26784E+00    1.09130E+01
 1.36905E+01    7.47809E+00    3.44652E+00    1.15097E+01
 1.38836E+01    7.87123E+00    3.62771E+00    1.21148E+01
 1.40000E+01    8.10814E+00    3.73690E+00    1.24794E+01
 1.41975E+01    8.51190E+00    3.92298E+00    1.31008E+01
 1.43978E+01    8.92135E+00    4.11169E+00    1.37310E+01
 1.45000E+01    9.13023E+00    4.20796E+00    1.40525E+01
 1.47046E+01    9.55552E+00    4.40397E+00    1.47071E+01
 1.49120E+01    9.98680E+00    4.60274E+00    1.53709E+01
 1.50000E+01    1.01697E+01    4.68703E+00    1.56524E+01
 1.52116E+01    1.05893E+01    4.88043E+00    1.62982E+01
 1.54262E+01    1.10149E+01    5.07656E+00    1.69532E+01
 1.56439E+01    1.14464E+01    5.27545E+00    1.76174E+01
 1.58646E+01    1.18841E+01    5.47715E+00    1.82910E+01
 1.60000E+01    1.21526E+01    4.70432E+00    1.96009E+01
 1.62257E+01    1.26465E+01    4.89552E+00    2.03976E+01
 1.64546E+01    1.31475E+01    5.08943E+00    2.12055E+01
 1.66868E+01    1.36554E+01    5.28607E+00    2.20248E+01
 1.69222E+01    1.41706E+01    5.48549E+00    2.28557E+01
 1.70000E+01    1.43408E+01    5.55138E+00    2.31302E+01
 1.72398E+01    1.47214E+01    5.69869E+00    2.37440E+01
 1.74831E+01    1.51073E+01    5.84808E+00    2.43665E+01
 1.77297E+01    1.54986E+01    5.99958E+00    2.49977E+01
 1.79799E+01    1.58955E+01    6.15322E+00    2.56378E+01
 1.80000E+01    1.59275E+01    6.16559E+00    2.56894E+01
 1.82539E+01    1.61580E+01    6.25482E+00    2.60612E+01
 1.85115E+01    1.63918E+01    6.34531E+00    2.64382E+01
 1.87726E+01    1.66288E+01    6.43708E+00    2.68206E+01
 1.90000E+01    1.68352E+01    6.51697E+00    2.71534E+01
 1.92681E+01    1.70875E+01    6.61465E+00    2.75604E+01
 1.95399E+01    1.73435E+01    6.71371E+00    2.79732E+01
 1.98156E+01    1.76030E+01    6.81417E+00    2.83918E+01
 2.00000E+01    1.77766E+01    6.46630E+00    2.90869E+01
 2.02822E+01    1.79735E+01    6.53791E+00    2.94090E+01
 2.05683E+01    1.81731E+01    6.61053E+00    2.97357E+01
 2.08585E+01    1.83756E+01    6.68417E+00    3.00670E+01
 2.10000E+01    1.84743E+01    6.72009E+00    3.02285E+01
 2.12963E+01    1.86176E+01    6.77222E+00    3.04630E+01
 2.15967E+01    1.87630E+01    6.82510E+00    3.07009E+01
 2.19014E+01    1.89104E+01    6.87872E+00    3.09421E+01
 2.20000E+01    1.89581E+01    6.89607E+00    3.10201E+01
 2.23104E+01    1.90120E+01    6.91569E+00    3.11084E+01
 2.26251E+01    1.90667E+01    6.93559E+00    3.11979E+01
 2.29443E+01    1.91222E+01    6.95577E+00    3.12887E+01
 2.30000E+01    1.91319E+01    6.95929E+00    3.13045E+01
 2.33245E+01    1.91346E+01    6.96026E+00    3.13089E+01
 2.36536E+01    1.91373E+01    6.96124E+00    3.13133E+01
 2.39873E+01    1.91400E+01    6.96223E+00    3.13178E+01
 2.40000E+01    1.91401E+01    6.72949E+00    3.15507E+01
 2.43386E+01    1.90813E+01    6.70882E+00    3.14538E+01
 2.46820E+01    1.90217E+01    6.68787E+00    3.13556E+01
 2.50000E+01    1.89665E+01    6.66845E+00    3.12645E+01
 2.53527E+01    1.88730E+01    6.63557E+00    3.11104E+01
 2.57104E+01    1.87781E+01    6.60222E+00    3.09540E+01
 2.60000E+01    1.87013E+01    6.57521E+00    3.08274E+01
 2.63668E+01    1.85716E+01    6.52960E+00    3.06135E+01
 2.67388E+01    1.84400E+01    6.48334E+00    3.03966E+01
 2.70000E+01    1.83476E+01    6.45085E+00    3.02443E+01
 2.73809E+01    1.81898E+01    6.39538E+00    2.99843E+01
 2.77672E+01    1.80298E+01    6.33912E+00    2.97205E+01
 2.80000E+01    1.79334E+01    6.30523E+00    2.95616E+01
 2.83950E+01    1.77701E+01    6.24779E+00    2.92923E+01
 2.87956E+01    1.76044E+01    6.18955E+00    2.90193E+01
 2.90000E+01    1.75199E+01    6.15984E+00    2.88800E+01
 2.94091E+01    1.73160E+01    6.08815E+00    2.85438E+01
 2.98240E+01    1.71092E+01    6.01544E+00    2.82029E+01
 3.00000E+01    1.70215E+01    5.98461E+00    2.80584E+01
 3.00000E+01    1.61235E+01    5.66889E+00    2.65781E+01
 3.20000E+01    1.52879E+01    5.37509E+00    2.52007E+01
 3.40000E+01    1.41553E+01    4.97689E+00    2.33338E+01
 3.60000E+01    1.30635E+01    4.59301E+00    2.15340E+01
 3.80000E+01    1.20548E+01    4.23837E+00    1.98713E+01
 4.00000E+01    1.10527E+01    3.88604E+00    1.82194E+01
 4.20000E+01    1.04967E+01    3.69056E+00    1.73029E+01
 4.40000E+01    9.72080E+00    3.41775E+00    1.60238E+01
 4.60000E+01    9.03061E+00    3.17508E+00    1.48861E+01
 4.80000E+01    8.43707E+00    2.96640E+00    1.39077E+01
 5.00000E+01    7.88497E+00    2.77228E+00    1.29976E+01
 5.20000E+01    7.40152E+00    2.60231E+00    1.22007E+01
 5.40000E+01    6.97894E+00    2.45373E+00    1.15041E+01
 5.60000E+01    6.58218E+00    2.31424E+00    1.08501E+01
 5.80000E+01    6.22746E+00    2.18952E+00    1.02654E+01
 6.00000E+01    5.91724E+00    2.08045E+00    9.75402E+00
 6.50000E+01    5.08802E+00    1.78890E+00    8.38713E+00
 7.00000E+01    4.63229E+00    1.62867E+00    7.63590E+00
 7.50000E+01    4.08520E+00    1.43632E+00    6.73408E+00
 8.00000E+01    3.77829E+00    1.32841E+00    6.22817E+00
 9.00000E+01    3.16162E+00    1.11160E+00    5.21165E+00
 1.00000E+02    2.67095E+00    9.39082E-01    4.40282E+00
 1.10000E+02    2.26567E+00    7.96591E-01    3.73476E+00
 1.20000E+02    1.96578E+00    6.91149E-01    3.24040E+00
 1.30000E+02    1.72379E+00    6.06068E-01    2.84151E+00
 1.40000E+02    1.52026E+00    5.34510E-01    2.50601E+00
 1.50000E+02    1.36534E+00    4.80042E-01    2.25064E+00
 1.60000E+02    1.21548E+00    4.27352E-01    2.00361E+00
 1.80000E+02    9.27585E-01    3.26131E-01    1.52904E+00
 2.00000E+02    6.36142E-01    2.23662E-01    1.04862E+00
