# n + Ac224 : (n,3n)    
# tendl.2017 A.J. Koning and D. Rochman        EVAL-NOV17
# uncertainties: y
# # energies =    51
#   E(MeV)       xs(mb)       xslow(mb)      xsupp(mb)
 1.25864E+01    0.00000E+00    0.00000E+00    0.00000E+00
 1.30000E+01    1.85207E+00    9.57428E-01    2.74671E+00
 1.35000E+01    2.22763E+01    1.15157E+01    3.30369E+01
 1.40000E+01    8.16889E+01    4.22291E+01    1.21149E+02
 1.45000E+01    1.91605E+02    9.90503E+01    2.84160E+02
 1.50000E+01    3.44509E+02    1.78094E+02    5.10924E+02
 1.60000E+01    7.19643E+02    3.48326E+02    1.09096E+03
 1.70000E+01    1.07748E+03    5.21528E+02    1.63343E+03
 1.80000E+01    1.35012E+03    6.53493E+02    2.04675E+03
 1.90000E+01    1.53115E+03    7.41117E+02    2.32118E+03
 2.00000E+01    1.63149E+03    8.37521E+02    2.42546E+03
 2.10000E+01    1.66164E+03    8.52998E+02    2.47028E+03
 2.20000E+01    1.61785E+03    8.30519E+02    2.40518E+03
 2.30000E+01    1.51219E+03    7.76278E+02    2.24810E+03
 2.40000E+01    1.36578E+03    7.35142E+02    1.99642E+03
 2.50000E+01    1.19224E+03    6.41732E+02    1.74275E+03
 2.60000E+01    1.02229E+03    5.50255E+02    1.49432E+03
 2.70000E+01    8.69161E+02    4.67833E+02    1.27049E+03
 2.80000E+01    7.41638E+02    3.99192E+02    1.08408E+03
 2.90000E+01    6.36840E+02    3.42784E+02    9.30896E+02
 3.00000E+01    5.54202E+02    2.98304E+02    8.10101E+02
 3.00000E+01    5.26835E+02    2.83573E+02    7.70097E+02
 3.20000E+01    4.14710E+02    2.23221E+02    6.06200E+02
 3.40000E+01    3.44803E+02    1.85593E+02    5.04013E+02
 3.60000E+01    3.00231E+02    1.61601E+02    4.38860E+02
 3.80000E+01    2.70228E+02    1.45452E+02    3.95004E+02
 4.00000E+01    2.48950E+02    1.33999E+02    3.63901E+02
 4.20000E+01    2.32290E+02    1.25032E+02    3.39548E+02
 4.40000E+01    2.17111E+02    1.16862E+02    3.17361E+02
 4.60000E+01    2.05001E+02    1.10344E+02    2.99659E+02
 4.80000E+01    1.93677E+02    1.04248E+02    2.83106E+02
 5.00000E+01    1.83783E+02    9.89227E+01    2.68644E+02
 5.20000E+01    1.75980E+02    9.47224E+01    2.57237E+02
 5.40000E+01    1.68694E+02    9.08006E+01    2.46586E+02
 5.60000E+01    1.62608E+02    8.75250E+01    2.37691E+02
 5.80000E+01    1.57920E+02    8.50016E+01    2.30838E+02
 6.00000E+01    1.54379E+02    8.30957E+01    2.25662E+02
 6.50000E+01    1.45429E+02    7.82785E+01    2.12580E+02
 7.00000E+01    1.36981E+02    7.37311E+01    2.00231E+02
 7.50000E+01    1.29168E+02    6.95257E+01    1.88810E+02
 8.00000E+01    1.23465E+02    6.64562E+01    1.80475E+02
 9.00000E+01    1.12675E+02    6.06481E+01    1.64702E+02
 1.00000E+02    1.03604E+02    5.57659E+01    1.51443E+02
 1.10000E+02    9.64091E+01    5.18930E+01    1.40925E+02
 1.20000E+02    8.91237E+01    4.79715E+01    1.30276E+02
 1.30000E+02    8.33945E+01    4.48877E+01    1.21901E+02
 1.40000E+02    7.83735E+01    4.21851E+01    1.14562E+02
 1.50000E+02    7.37672E+01    3.97057E+01    1.07829E+02
 1.60000E+02    6.87838E+01    3.70234E+01    1.00544E+02
 1.80000E+02    5.68252E+01    3.05866E+01    8.30637E+01
 2.00000E+02    4.82665E+01    2.59798E+01    7.05532E+01
