# n + Ac224 :  n        
# tendl.2017 A.J. Koning and D. Rochman        EVAL-NOV17
# uncertainties: n
# # energies =    58
#   E(MeV)       xs(mb) 
 8.50000E+00    0.00000E+00
 9.00000E+00    1.95311E-13
 9.50000E+00    1.24955E-11
 1.00000E+01    5.70157E-10
 1.05000E+01    2.57201E-08
 1.10000E+01    1.21387E-06
 1.15000E+01    6.12021E-05
 1.20000E+01    3.30267E-03
 1.25000E+01    1.81237E-01
 1.30000E+01    2.86405E+00
 1.35000E+01    1.00252E+01
 1.40000E+01    2.04086E+01
 1.45000E+01    3.19350E+01
 1.50000E+01    4.27107E+01
 1.60000E+01    5.66991E+01
 1.70000E+01    6.04080E+01
 1.80000E+01    6.00198E+01
 1.90000E+01    5.89518E+01
 2.00000E+01    5.81441E+01
 2.10000E+01    5.76711E+01
 2.20000E+01    5.73691E+01
 2.30000E+01    5.68992E+01
 2.40000E+01    5.63891E+01
 2.50000E+01    5.56810E+01
 2.60000E+01    5.48646E+01
 2.70000E+01    5.42747E+01
 2.80000E+01    5.36802E+01
 2.90000E+01    5.30550E+01
 3.00000E+01    5.22041E+01
 3.20000E+01    5.00115E+01
 3.40000E+01    4.83536E+01
 3.60000E+01    4.69423E+01
 3.80000E+01    4.52856E+01
 4.00000E+01    4.40278E+01
 4.20000E+01    4.27758E+01
 4.40000E+01    4.16344E+01
 4.60000E+01    4.07961E+01
 4.80000E+01    4.02079E+01
 5.00000E+01    3.98252E+01
 5.20000E+01    3.98256E+01
 5.40000E+01    4.03082E+01
 5.60000E+01    4.11717E+01
 5.80000E+01    4.24419E+01
 6.00000E+01    4.43422E+01
 6.50000E+01    5.10827E+01
 7.00000E+01    5.93394E+01
 7.50000E+01    6.44799E+01
 8.00000E+01    6.24086E+01
 9.00000E+01    4.60513E+01
 1.00000E+02    3.45595E+01
 1.10000E+02    2.94017E+01
 1.20000E+02    2.63016E+01
 1.30000E+02    2.38248E+01
 1.40000E+02    2.20811E+01
 1.50000E+02    2.05545E+01
 1.60000E+02    1.91450E+01
 1.80000E+02    1.65677E+01
 2.00000E+02    1.46001E+01
