# n + Ac224 : (n,na)    
# tendl.2017 A.J. Koning and D. Rochman        EVAL-NOV17
# uncertainties: y
# # energies =   281
#   E(MeV)       xs(mb)       xslow(mb)      xsupp(mb)
 1.00000E-11    3.92050E-17    3.92050E-17    3.92050E-17
 1.03005E-11    3.86613E-17    3.86613E-17    3.86613E-17
 1.06099E-11    3.81261E-17    3.81261E-17    3.81261E-17
 1.09287E-11    3.75992E-17    3.75992E-17    3.75992E-17
 1.12571E-11    3.70805E-17    3.70805E-17    3.70805E-17
 1.15953E-11    3.65699E-17    3.65699E-17    3.65699E-17
 1.19437E-11    3.60673E-17    3.60673E-17    3.60673E-17
 1.23026E-11    3.55726E-17    3.55726E-17    3.55726E-17
 1.26722E-11    3.50856E-17    3.50856E-17    3.50856E-17
 1.30530E-11    3.46064E-17    3.46064E-17    3.46064E-17
 1.34452E-11    3.41347E-17    3.41347E-17    3.41347E-17
 1.38491E-11    3.36704E-17    3.36704E-17    3.36704E-17
 1.42652E-11    3.32135E-17    3.32135E-17    3.32135E-17
 1.46938E-11    3.27638E-17    3.27638E-17    3.27638E-17
 1.51353E-11    3.23213E-17    3.23213E-17    3.23213E-17
 1.55901E-11    3.18858E-17    3.18858E-17    3.18858E-17
 1.60585E-11    3.14573E-17    3.14573E-17    3.14573E-17
 1.65410E-11    3.10357E-17    3.10357E-17    3.10357E-17
 1.70380E-11    3.06208E-17    3.06208E-17    3.06208E-17
 1.75499E-11    3.02126E-17    3.02126E-17    3.02126E-17
 1.80772E-11    2.98110E-17    2.98110E-17    2.98110E-17
 1.86203E-11    2.94158E-17    2.94158E-17    2.94158E-17
 1.92611E-11    2.89721E-17    2.89721E-17    2.89721E-17
 1.99239E-11    2.85366E-17    2.85366E-17    2.85366E-17
 2.06095E-11    2.81092E-17    2.81092E-17    2.81092E-17
 2.13187E-11    2.76897E-17    2.76897E-17    2.76897E-17
 2.20523E-11    2.72782E-17    2.72782E-17    2.72782E-17
 2.28111E-11    2.68744E-17    2.68744E-17    2.68744E-17
 2.35961E-11    2.64782E-17    2.64782E-17    2.64782E-17
 2.44081E-11    2.60895E-17    2.60895E-17    2.60895E-17
 2.52480E-11    2.57082E-17    2.57082E-17    2.57082E-17
 2.61168E-11    2.53342E-17    2.53342E-17    2.53342E-17
 2.70155E-11    2.49673E-17    2.49673E-17    2.49673E-17
 2.79451E-11    2.46075E-17    2.46075E-17    2.46075E-17
 2.89068E-11    2.42546E-17    2.42546E-17    2.42546E-17
 2.99015E-11    2.39086E-17    2.39086E-17    2.39086E-17
 3.09304E-11    2.35693E-17    2.35693E-17    2.35693E-17
 3.19948E-11    2.32367E-17    2.32367E-17    2.32367E-17
 3.30957E-11    2.29106E-17    2.29106E-17    2.29106E-17
 3.42346E-11    2.25909E-17    2.25909E-17    2.25909E-17
 3.54127E-11    2.22776E-17    2.22776E-17    2.22776E-17
 3.66313E-11    2.19705E-17    2.19705E-17    2.19705E-17
 3.78918E-11    2.16696E-17    2.16696E-17    2.16696E-17
 3.91957E-11    2.13748E-17    2.13748E-17    2.13748E-17
 4.05445E-11    2.10859E-17    2.10859E-17    2.10859E-17
 4.19396E-11    2.08028E-17    2.08028E-17    2.08028E-17
 4.33828E-11    2.05256E-17    2.05256E-17    2.05256E-17
 4.48757E-11    2.02541E-17    2.02541E-17    2.02541E-17
 4.64199E-11    1.99882E-17    1.99882E-17    1.99882E-17
 4.80173E-11    1.97278E-17    1.97278E-17    1.97278E-17
 4.96696E-11    1.94729E-17    1.94729E-17    1.94729E-17
 5.13788E-11    1.92233E-17    1.92233E-17    1.92233E-17
 5.31468E-11    1.89791E-17    1.89791E-17    1.89791E-17
 5.49756E-11    1.87400E-17    1.87400E-17    1.87400E-17
 5.68674E-11    1.85061E-17    1.85061E-17    1.85061E-17
 5.88243E-11    1.82772E-17    1.82772E-17    1.82772E-17
 6.08485E-11    1.80533E-17    1.80533E-17    1.80533E-17
 6.29424E-11    1.78343E-17    1.78343E-17    1.78343E-17
 6.51083E-11    1.76201E-17    1.76201E-17    1.76201E-17
 6.73488E-11    1.74107E-17    1.74107E-17    1.74107E-17
 6.96663E-11    1.72059E-17    1.72059E-17    1.72059E-17
 7.20636E-11    1.70058E-17    1.70058E-17    1.70058E-17
 7.45434E-11    1.68102E-17    1.68102E-17    1.68102E-17
 7.71085E-11    1.66190E-17    1.66190E-17    1.66190E-17
 7.97619E-11    1.64323E-17    1.64323E-17    1.64323E-17
 8.25066E-11    1.62499E-17    1.62499E-17    1.62499E-17
 8.57075E-11    1.60498E-17    1.60498E-17    1.60498E-17
 8.90325E-11    1.58549E-17    1.58549E-17    1.58549E-17
 9.24865E-11    1.56653E-17    1.56653E-17    1.56653E-17
 9.60745E-11    1.54808E-17    1.54808E-17    1.54808E-17
 9.98017E-11    1.53012E-17    1.53012E-17    1.53012E-17
 1.03674E-10    1.51266E-17    1.51266E-17    1.51266E-17
 1.07696E-10    1.49569E-17    1.49569E-17    1.49569E-17
 1.11874E-10    1.47918E-17    1.47918E-17    1.47918E-17
 1.16214E-10    1.46315E-17    1.46315E-17    1.46315E-17
 1.20722E-10    1.44756E-17    1.44756E-17    1.44756E-17
 1.25406E-10    1.43243E-17    1.43243E-17    1.43243E-17
 1.30271E-10    1.41773E-17    1.41773E-17    1.41773E-17
 1.35325E-10    1.40347E-17    1.40347E-17    1.40347E-17
 1.40575E-10    1.38962E-17    1.38962E-17    1.38962E-17
 1.46028E-10    1.37619E-17    1.37619E-17    1.37619E-17
 1.51693E-10    1.36316E-17    1.36316E-17    1.36316E-17
 1.58246E-10    1.34914E-17    1.34914E-17    1.34914E-17
 1.65082E-10    1.33560E-17    1.33560E-17    1.33560E-17
 1.72213E-10    1.32253E-17    1.32253E-17    1.32253E-17
 1.79652E-10    1.30991E-17    1.30991E-17    1.30991E-17
 1.87413E-10    1.29773E-17    1.29773E-17    1.29773E-17
 1.95508E-10    1.28598E-17    1.28598E-17    1.28598E-17
 2.03954E-10    1.27465E-17    1.27465E-17    1.27465E-17
 2.12764E-10    1.26373E-17    1.26373E-17    1.26373E-17
 2.22896E-10    1.25218E-17    1.25218E-17    1.25218E-17
 2.33510E-10    1.24109E-17    1.24109E-17    1.24109E-17
 2.44629E-10    1.23045E-17    1.23045E-17    1.23045E-17
 2.56278E-10    1.22025E-17    1.22025E-17    1.22025E-17
 2.68481E-10    1.21047E-17    1.21047E-17    1.21047E-17
 2.81266E-10    1.20110E-17    1.20110E-17    1.20110E-17
 2.95908E-10    1.19133E-17    1.19133E-17    1.19133E-17
 3.11313E-10    1.18201E-17    1.18201E-17    1.18201E-17
 3.27519E-10    1.17312E-17    1.17312E-17    1.17312E-17
 3.44570E-10    1.16465E-17    1.16465E-17    1.16465E-17
 3.62507E-10    1.15658E-17    1.15658E-17    1.15658E-17
 3.82995E-10    1.14827E-17    1.14827E-17    1.14827E-17
 4.04641E-10    1.14038E-17    1.14038E-17    1.14038E-17
 4.27510E-10    1.13291E-17    1.13291E-17    1.13291E-17
 4.53585E-10    1.12530E-17    1.12530E-17    1.12530E-17
 4.81252E-10    1.11812E-17    1.11812E-17    1.11812E-17
 5.10605E-10    1.11135E-17    1.11135E-17    1.11135E-17
 5.44045E-10    1.10451E-17    1.10451E-17    1.10451E-17
 5.79675E-10    1.09810E-17    1.09810E-17    1.09810E-17
 6.20256E-10    1.09168E-17    1.09168E-17    1.09168E-17
 6.63678E-10    1.08569E-17    1.08569E-17    1.08569E-17
 7.13150E-10    1.07975E-17    1.07975E-17    1.07975E-17
 7.66309E-10    1.07422E-17    1.07422E-17    1.07422E-17
 8.26920E-10    1.06878E-17    1.06878E-17    1.06878E-17
 8.96107E-10    1.06347E-17    1.06347E-17    1.06347E-17
 9.71083E-10    1.05857E-17    1.05857E-17    1.05857E-17
 1.05679E-09    1.05382E-17    1.05382E-17    1.05382E-17
 1.15494E-09    1.04924E-17    1.04924E-17    1.04924E-17
 1.26755E-09    1.04487E-17    1.04487E-17    1.04487E-17
 1.39704E-09    1.04071E-17    1.04071E-17    1.04071E-17
 1.54628E-09    1.03678E-17    1.03678E-17    1.03678E-17
 1.71872E-09    1.03309E-17    1.03309E-17    1.03309E-17
 1.92661E-09    1.02952E-17    1.02952E-17    1.02952E-17
 2.16880E-09    1.02622E-17    1.02622E-17    1.02622E-17
 2.46218E-09    1.02310E-17    1.02310E-17    1.02310E-17
 2.81898E-09    1.02018E-17    1.02018E-17    1.02018E-17
 3.25491E-09    1.01747E-17    1.01747E-17    1.01747E-17
 3.80623E-09    1.01494E-17    1.01494E-17    1.01494E-17
 4.50776E-09    1.01262E-17    1.01262E-17    1.01262E-17
 5.42967E-09    1.01047E-17    1.01047E-17    1.01047E-17
 6.65170E-09    1.00855E-17    1.00855E-17    1.00855E-17
 8.35818E-09    1.00680E-17    1.00680E-17    1.00680E-17
 1.08180E-08    1.00526E-17    1.00526E-17    1.00526E-17
 1.45450E-08    1.00391E-17    1.00391E-17    1.00391E-17
 2.05740E-08    1.00276E-17    1.00276E-17    1.00276E-17
 2.52045E-08    1.00226E-17    1.00226E-17    1.00226E-17
 2.53000E-08    1.00225E-17    1.00225E-17    1.00225E-17
 4.06280E-08    1.00140E-17    1.00140E-17    1.00140E-17
 7.56507E-08    1.00075E-17    1.00075E-17    1.00075E-17
 1.87006E-07    1.00030E-17    1.00030E-17    1.00030E-17
 1.02077E-06    1.00006E-17    1.00006E-17    1.00006E-17
 1.16257E-04    1.00000E-17    1.00000E-17    1.00000E-17
 1.21247E-04    1.00000E-17    1.00000E-17    1.00000E-17
 1.26452E-04    1.00000E-17    1.00000E-17    1.00000E-17
 1.28236E-04    1.00000E-17    1.00000E-17    1.00000E-17
 1.30045E-04    1.00000E-17    1.00000E-17    1.00000E-17
 1.31880E-04    1.00000E-17    1.00000E-17    1.00000E-17
 1.33740E-04    1.00000E-17    1.00000E-17    1.00000E-17
 9.99684E-01    1.00000E-17    1.00000E-17    1.00000E-17
 1.00000E+00    2.96290E-16    0.00000E+00    2.29352E-15
 1.19976E+00    9.50430E-12    0.00000E+00    7.35707E-11
 1.20000E+00    9.55608E-12    0.00000E+00    7.39715E-11
 1.40000E+00    1.24951E-09    0.00000E+00    9.67218E-09
 1.60000E+00    5.91209E-09    0.00000E+00    4.57642E-08
 1.80000E+00    1.34399E-08    0.00000E+00    6.56527E-08
 2.00000E+00    2.64110E-08    0.00000E+00    1.29015E-07
 2.20000E+00    4.90578E-08    0.00000E+00    2.39643E-07
 2.40000E+00    8.59021E-08    0.00000E+00    4.19624E-07
 2.60000E+00    1.58439E-07    0.00000E+00    6.46005E-07
 2.80000E+00    2.80968E-07    0.00000E+00    1.14559E-06
 3.00000E+00    4.89747E-07    0.00000E+00    1.99685E-06
 3.20000E+00    8.41331E-07    0.00000E+00    3.43037E-06
 3.40000E+00    1.39790E-06    0.00000E+00    5.69967E-06
 3.60000E+00    2.30188E-06    0.00000E+00    9.38550E-06
 3.80000E+00    3.61338E-06    0.00000E+00    1.47329E-05
 4.00000E+00    5.56481E-06    0.00000E+00    2.26894E-05
 4.20000E+00    8.61357E-06    0.00000E+00    3.51202E-05
 4.40000E+00    1.28273E-05    0.00000E+00    5.23009E-05
 4.60000E+00    1.86827E-05    0.00000E+00    7.41782E-05
 4.80000E+00    2.67682E-05    0.00000E+00    1.06281E-04
 5.00000E+00    3.82503E-05    0.00000E+00    1.51869E-04
 5.20000E+00    5.38042E-05    0.00000E+00    2.13625E-04
 5.40000E+00    7.42215E-05    0.00000E+00    2.94690E-04
 5.60000E+00    1.03127E-04    0.00000E+00    4.09455E-04
 5.80000E+00    1.38891E-04    0.00000E+00    5.51454E-04
 6.00000E+00    1.71105E-04    0.00000E+00    6.79358E-04
 6.20000E+00    1.89886E-04    0.00000E+00    7.53926E-04
 6.40000E+00    2.20088E-04    0.00000E+00    8.73840E-04
 6.60000E+00    2.48228E-04    0.00000E+00    1.45324E-03
 6.80000E+00    2.82677E-04    0.00000E+00    1.65492E-03
 7.00000E+00    3.44874E-04    0.00000E+00    2.01904E-03
 7.20000E+00    4.18136E-04    0.00000E+00    2.44795E-03
 7.40000E+00    5.04134E-04    0.00000E+00    2.95143E-03
 7.60000E+00    6.18629E-04    0.00000E+00    3.62173E-03
 7.80000E+00    7.82492E-04    0.00000E+00    4.58105E-03
 8.00000E+00    9.70855E-04    0.00000E+00    5.68381E-03
 8.50000E+00    1.58375E-03    0.00000E+00    9.27195E-03
 9.00000E+00    2.39528E-03    0.00000E+00    6.21541E-03
 9.50000E+00    3.50531E-03    0.00000E+00    9.09577E-03
 1.00000E+01    5.30627E-03    0.00000E+00    1.37690E-02
 1.01411E+01    6.17694E-03    0.00000E+00    1.60283E-02
 1.02842E+01    7.05995E-03    0.00000E+00    1.83196E-02
 1.04292E+01    7.95542E-03    0.00000E+00    2.06432E-02
 1.05000E+01    8.39210E-03    0.00000E+00    2.17763E-02
 1.06481E+01    9.81018E-03    0.00000E+00    2.54560E-02
 1.07984E+01    1.12483E-02    0.00000E+00    2.91876E-02
 1.09507E+01    1.27066E-02    0.00000E+00    3.29719E-02
 1.10000E+01    1.31785E-02    0.00000E+00    3.41963E-02
 1.11552E+01    1.56725E-02    0.00000E+00    4.06679E-02
 1.13126E+01    1.82017E-02    0.00000E+00    4.72308E-02
 1.14722E+01    2.07666E-02    0.00000E+00    5.38862E-02
 1.15000E+01    2.12138E-02    0.00000E+00    5.50468E-02
 1.16622E+01    2.56491E-02    0.00000E+00    6.65559E-02
 1.18268E+01    3.01470E-02    0.00000E+00    7.82273E-02
 1.19936E+01    3.47084E-02    0.00000E+00    9.00634E-02
 1.20000E+01    3.48825E-02    0.00000E+00    9.05151E-02
 1.21693E+01    4.29889E-02    0.00000E+00    1.11550E-01
 1.23410E+01    5.12096E-02    0.00000E+00    1.32882E-01
 1.25000E+01    5.88236E-02    0.00000E+00    1.52639E-01
 1.26764E+01    7.47769E-02    0.00000E+00    1.94035E-01
 1.28552E+01    9.09553E-02    0.00000E+00    2.36016E-01
 1.30000E+01    1.04055E-01    0.00000E+00    2.24549E-01
 1.31834E+01    1.30906E-01    0.00000E+00    2.82494E-01
 1.33694E+01    1.58137E-01    0.00000E+00    3.41256E-01
 1.35000E+01    1.77257E-01    0.00000E+00    3.82517E-01
 1.36905E+01    2.20915E-01    0.00000E+00    4.76730E-01
 1.38836E+01    2.65188E-01    0.00000E+00    5.72272E-01
 1.40000E+01    2.91868E-01    0.00000E+00    6.29846E-01
 1.41975E+01    3.58614E-01    0.00000E+00    7.73882E-01
 1.43978E+01    4.26301E-01    0.00000E+00    9.19950E-01
 1.45000E+01    4.60832E-01    0.00000E+00    9.94467E-01
 1.47046E+01    5.61447E-01    0.00000E+00    1.21159E+00
 1.49120E+01    6.63482E-01    0.00000E+00    1.43178E+00
 1.50000E+01    7.06752E-01    0.00000E+00    1.52516E+00
 1.52116E+01    8.81992E-01    0.00000E+00    1.90332E+00
 1.54262E+01    1.05971E+00    0.00000E+00    2.28682E+00
 1.56439E+01    1.23993E+00    0.00000E+00    2.67573E+00
 1.58646E+01    1.42269E+00    0.00000E+00    3.07013E+00
 1.60000E+01    1.53483E+00    2.56244E-01    2.81342E+00
 1.62257E+01    1.84421E+00    3.07896E-01    3.38052E+00
 1.64546E+01    2.15796E+00    3.60276E-01    3.95564E+00
 1.66868E+01    2.47613E+00    4.13396E-01    4.53886E+00
 1.69222E+01    2.79879E+00    4.67265E-01    5.13031E+00
 1.70000E+01    2.90540E+00    4.85064E-01    5.32574E+00
 1.72398E+01    3.39483E+00    5.66775E-01    6.22288E+00
 1.74831E+01    3.89116E+00    6.49639E-01    7.13268E+00
 1.77297E+01    4.39450E+00    7.33673E-01    8.05532E+00
 1.79799E+01    4.90493E+00    8.18892E-01    8.99098E+00
 1.80000E+01    4.94605E+00    8.25756E-01    9.06634E+00
 1.82539E+01    5.74591E+00    9.59295E-01    1.05325E+01
 1.85115E+01    6.55705E+00    1.09472E+00    1.20194E+01
 1.87726E+01    7.37964E+00    1.23205E+00    1.35272E+01
 1.90000E+01    8.09575E+00    1.35161E+00    1.48399E+01
 1.92681E+01    9.37651E+00    1.56543E+00    1.71876E+01
 1.95399E+01    1.06753E+01    1.78227E+00    1.95684E+01
 1.98156E+01    1.19925E+01    2.00218E+00    2.19828E+01
 2.00000E+01    1.28737E+01    2.79352E+00    2.29539E+01
 2.02822E+01    1.39067E+01    3.01767E+00    2.47957E+01
 2.05683E+01    1.49543E+01    3.24499E+00    2.66636E+01
 2.08585E+01    1.60166E+01    3.47552E+00    2.85578E+01
 2.10000E+01    1.65347E+01    3.58793E+00    2.94815E+01
 2.12963E+01    1.73185E+01    3.75802E+00    3.08791E+01
 2.15967E+01    1.81135E+01    3.93051E+00    3.22964E+01
 2.19014E+01    1.89196E+01    4.10544E+00    3.37337E+01
 2.20000E+01    1.91804E+01    4.16204E+00    3.41988E+01
 2.23104E+01    1.89995E+01    4.12279E+00    3.38763E+01
 2.26251E+01    1.88161E+01    4.08299E+00    3.35493E+01
 2.29443E+01    1.86301E+01    4.04263E+00    3.32176E+01
 2.30000E+01    1.85977E+01    4.03559E+00    3.31598E+01
 2.33245E+01    1.76064E+01    3.82049E+00    3.13923E+01
 2.36536E+01    1.66012E+01    3.60235E+00    2.96000E+01
 2.39873E+01    1.55817E+01    3.38114E+00    2.77823E+01
 2.40000E+01    1.55428E+01    3.31687E+00    2.77687E+01
 2.43386E+01    1.51489E+01    3.23282E+00    2.70651E+01
 2.46820E+01    1.47495E+01    3.14758E+00    2.63515E+01
 2.50000E+01    1.43796E+01    3.06864E+00    2.56906E+01
 2.53527E+01    1.40264E+01    2.99327E+00    2.50596E+01
 2.57104E+01    1.36683E+01    2.91684E+00    2.44197E+01
 2.60000E+01    1.33783E+01    2.85496E+00    2.39016E+01
 2.63668E+01    1.29652E+01    2.76679E+00    2.31635E+01
 2.67388E+01    1.25462E+01    2.67739E+00    2.24150E+01
 2.70000E+01    1.22520E+01    2.61460E+00    2.18894E+01
 2.73809E+01    1.18022E+01    2.51863E+00    2.10859E+01
 2.77672E+01    1.13461E+01    2.42129E+00    2.02710E+01
 2.80000E+01    1.10713E+01    2.36264E+00    1.97800E+01
 2.83950E+01    1.08756E+01    2.32089E+00    1.94304E+01
 2.87956E+01    1.06772E+01    2.27854E+00    1.90759E+01
 2.90000E+01    1.05760E+01    2.25694E+00    1.88951E+01
 2.94091E+01    1.01940E+01    2.17541E+00    1.82125E+01
 2.98240E+01    9.80654E+00    2.09274E+00    1.75203E+01
 3.00000E+01    9.64224E+00    2.05768E+00    1.72268E+01
