# n + Ac224 : (n,n3a)n  
# tendl.2017 A.J. Koning and D. Rochman        EVAL-NOV17
# uncertainties: n
# # energies =   245
#   E(MeV)       xs(mb) 
 1.00000E-11    0.00000E+00
 1.03005E-11    0.00000E+00
 1.06099E-11    0.00000E+00
 1.09287E-11    0.00000E+00
 1.12571E-11    0.00000E+00
 1.15953E-11    0.00000E+00
 1.19437E-11    0.00000E+00
 1.23026E-11    0.00000E+00
 1.26722E-11    0.00000E+00
 1.30530E-11    0.00000E+00
 1.34452E-11    0.00000E+00
 1.38491E-11    0.00000E+00
 1.42652E-11    0.00000E+00
 1.46938E-11    0.00000E+00
 1.51353E-11    0.00000E+00
 1.55901E-11    0.00000E+00
 1.60585E-11    0.00000E+00
 1.65410E-11    0.00000E+00
 1.70380E-11    0.00000E+00
 1.75499E-11    0.00000E+00
 1.80772E-11    0.00000E+00
 1.86203E-11    0.00000E+00
 1.92611E-11    0.00000E+00
 1.99239E-11    0.00000E+00
 2.06095E-11    0.00000E+00
 2.13187E-11    0.00000E+00
 2.20523E-11    0.00000E+00
 2.28111E-11    0.00000E+00
 2.35961E-11    0.00000E+00
 2.44081E-11    0.00000E+00
 2.52480E-11    0.00000E+00
 2.61168E-11    0.00000E+00
 2.70155E-11    0.00000E+00
 2.79451E-11    0.00000E+00
 2.89068E-11    0.00000E+00
 2.99015E-11    0.00000E+00
 3.09304E-11    0.00000E+00
 3.19948E-11    0.00000E+00
 3.30957E-11    0.00000E+00
 3.42346E-11    0.00000E+00
 3.54127E-11    0.00000E+00
 3.66313E-11    0.00000E+00
 3.78918E-11    0.00000E+00
 3.91957E-11    0.00000E+00
 4.05445E-11    0.00000E+00
 4.19396E-11    0.00000E+00
 4.33828E-11    0.00000E+00
 4.48757E-11    0.00000E+00
 4.64199E-11    0.00000E+00
 4.80173E-11    0.00000E+00
 4.96696E-11    0.00000E+00
 5.13788E-11    0.00000E+00
 5.31468E-11    0.00000E+00
 5.49756E-11    0.00000E+00
 5.68674E-11    0.00000E+00
 5.88243E-11    0.00000E+00
 6.08485E-11    0.00000E+00
 6.29424E-11    0.00000E+00
 6.51083E-11    0.00000E+00
 6.73488E-11    0.00000E+00
 6.96663E-11    0.00000E+00
 7.20636E-11    0.00000E+00
 7.45434E-11    0.00000E+00
 7.71085E-11    0.00000E+00
 7.97619E-11    0.00000E+00
 8.25066E-11    0.00000E+00
 8.57075E-11    0.00000E+00
 8.90325E-11    0.00000E+00
 9.24865E-11    0.00000E+00
 9.60745E-11    0.00000E+00
 9.98017E-11    0.00000E+00
 1.03674E-10    0.00000E+00
 1.07696E-10    0.00000E+00
 1.11874E-10    0.00000E+00
 1.16214E-10    0.00000E+00
 1.20722E-10    0.00000E+00
 1.25406E-10    0.00000E+00
 1.30271E-10    0.00000E+00
 1.35325E-10    0.00000E+00
 1.40575E-10    0.00000E+00
 1.46028E-10    0.00000E+00
 1.51693E-10    0.00000E+00
 1.58246E-10    0.00000E+00
 1.65082E-10    0.00000E+00
 1.72213E-10    0.00000E+00
 1.79652E-10    0.00000E+00
 1.87413E-10    0.00000E+00
 1.95508E-10    0.00000E+00
 2.03954E-10    0.00000E+00
 2.12764E-10    0.00000E+00
 2.22896E-10    0.00000E+00
 2.33510E-10    0.00000E+00
 2.44629E-10    0.00000E+00
 2.56278E-10    0.00000E+00
 2.68481E-10    0.00000E+00
 2.81266E-10    0.00000E+00
 2.95908E-10    0.00000E+00
 3.11313E-10    0.00000E+00
 3.27519E-10    0.00000E+00
 3.44570E-10    0.00000E+00
 3.62507E-10    0.00000E+00
 3.82995E-10    0.00000E+00
 4.04641E-10    0.00000E+00
 4.27510E-10    0.00000E+00
 4.53585E-10    0.00000E+00
 4.81252E-10    0.00000E+00
 5.10605E-10    0.00000E+00
 5.44045E-10    0.00000E+00
 5.79675E-10    0.00000E+00
 6.20256E-10    0.00000E+00
 6.63678E-10    0.00000E+00
 7.13150E-10    0.00000E+00
 7.66309E-10    0.00000E+00
 8.26920E-10    0.00000E+00
 8.96107E-10    0.00000E+00
 9.71083E-10    0.00000E+00
 1.05679E-09    0.00000E+00
 1.15494E-09    0.00000E+00
 1.26755E-09    0.00000E+00
 1.39704E-09    0.00000E+00
 1.54628E-09    0.00000E+00
 1.71872E-09    0.00000E+00
 1.92661E-09    0.00000E+00
 2.16880E-09    0.00000E+00
 2.46218E-09    0.00000E+00
 2.81898E-09    0.00000E+00
 3.25491E-09    0.00000E+00
 3.80623E-09    0.00000E+00
 4.50776E-09    0.00000E+00
 5.42967E-09    0.00000E+00
 6.65170E-09    0.00000E+00
 8.35818E-09    0.00000E+00
 1.08180E-08    0.00000E+00
 1.45450E-08    0.00000E+00
 2.05740E-08    0.00000E+00
 2.52045E-08    0.00000E+00
 2.53000E-08    0.00000E+00
 4.06280E-08    0.00000E+00
 7.56507E-08    0.00000E+00
 1.87006E-07    0.00000E+00
 1.02077E-06    0.00000E+00
 1.16257E-04    0.00000E+00
 1.21247E-04    0.00000E+00
 1.26452E-04    0.00000E+00
 1.28236E-04    0.00000E+00
 1.30045E-04    0.00000E+00
 1.31880E-04    0.00000E+00
 1.33740E-04    0.00000E+00
 7.94947E+00    0.00000E+00
 8.00000E+00    0.00000E+00
 8.50000E+00    1.00001E-17
 9.00000E+00    1.00002E-17
 9.50000E+00    1.00002E-17
 1.00000E+01    1.00002E-17
 1.01411E+01    1.09797E-17
 1.02842E+01    1.11866E-17
 1.04292E+01    1.05876E-17
 1.05000E+01    1.00000E-17
 1.06481E+01    1.10323E-17
 1.07984E+01    1.11915E-17
 1.09507E+01    1.04400E-17
 1.10000E+01    1.00000E-17
 1.11552E+01    1.10446E-17
 1.13126E+01    1.11437E-17
 1.14722E+01    1.02565E-17
 1.15000E+01    1.00000E-17
 1.16622E+01    3.54424E-17
 1.18268E+01    3.62810E-17
 1.19936E+01    1.14594E-17
 1.20000E+01    1.00000E-17
 1.21693E+01    1.10309E-17
 1.23410E+01    1.09984E-17
 1.25000E+01    1.00000E-17
 1.26764E+01    1.10610E-17
 1.28552E+01    1.09561E-17
 1.30000E+01    1.00000E-17
 1.31834E+01    1.08815E-17
 1.33694E+01    1.07324E-17
 1.35000E+01    1.00000E-17
 1.36905E+01    1.09809E-17
 1.38836E+01    1.07429E-17
 1.40000E+01    1.00000E-17
 1.41975E+01    1.08621E-17
 1.43978E+01    1.05866E-17
 1.45000E+01    1.00000E-17
 1.47046E+01    1.08832E-17
 1.49120E+01    1.05297E-17
 1.50000E+01    1.00000E-17
 1.52116E+01    1.26884E-17
 1.54262E+01    1.39407E-17
 1.56439E+01    1.36948E-17
 1.58646E+01    1.18866E-17
 1.60000E+01    1.00000E-17
 1.62257E+01    1.25501E-17
 1.64546E+01    1.36176E-17
 1.66868E+01    1.31385E-17
 1.69222E+01    1.10467E-17
 1.70000E+01    1.00000E-17
 1.72398E+01    1.25543E-17
 1.74831E+01    1.34985E-17
 1.77297E+01    1.27632E-17
 1.79799E+01    1.02766E-17
 1.80000E+01    1.00000E-17
 1.82539E+01    1.24785E-17
 1.85115E+01    1.32687E-17
 1.87726E+01    1.22980E-17
 1.90000E+01    1.00000E-17
 1.92681E+01    1.22120E-17
 1.95399E+01    1.28005E-17
 1.98156E+01    1.16958E-17
 2.00000E+01    1.00000E-17
 2.02822E+01    1.16334E-17
 2.05683E+01    1.19784E-17
 2.08585E+01    1.09797E-17
 2.10000E+01    1.00000E-17
 2.12963E+01    1.43046E-17
 2.15967E+01    1.90980E-17
 2.19014E+01    2.43990E-17
 2.20000E+01    2.62091E-17
 2.23104E+01    1.08033E-16
 2.26251E+01    2.25709E-16
 2.29443E+01    3.80732E-16
 2.30000E+01    4.11443E-16
 2.33245E+01    6.95432E-16
 2.36536E+01    1.05876E-15
 2.39873E+01    1.50468E-15
 2.40000E+01    1.52324E-15
 2.43386E+01    2.36220E-15
 2.46820E+01    3.38466E-15
 2.50000E+01    4.48586E-15
 2.53527E+01    6.95332E-15
 2.57104E+01    9.93392E-15
 2.60000E+01    1.27002E-14
 2.63668E+01    1.97155E-14
 2.67388E+01    2.82194E-14
 2.70000E+01    3.50268E-14
 2.73809E+01    5.31691E-14
 2.77672E+01    7.49764E-14
 2.80000E+01    8.97751E-14
 2.83950E+01    1.32482E-13
 2.87956E+01    1.83239E-13
 2.90000E+01    2.12021E-13
 2.94091E+01    3.03853E-13
 2.98240E+01    4.13092E-13
 3.00000E+01    4.64316E-13
