# n + Ac224 : (n,n'08)  
# tendl.2017 A.J. Koning and D. Rochman        EVAL-NOV17
# uncertainties: n
# # energies =    98
#   E(MeV)       xs(mb) 
 5.24350E-02    0.00000E+00
 6.00000E-02    5.95377E-11
 6.46900E-02    6.92905E-09
 7.88535E-02    2.76745E-08
 8.08625E-02    3.06171E-08
 9.08070E-02    4.51829E-08
 1.00000E-01    5.86481E-08
 1.04066E-01    8.10815E-07
 1.09792E-01    1.87007E-06
 1.13911E-01    2.63204E-06
 1.17025E-01    3.20809E-06
 1.30887E-01    5.77242E-06
 1.43142E-01    8.03946E-06
 1.60720E-01    1.12912E-05
 1.69761E-01    1.29637E-05
 1.77496E-01    1.43946E-05
 1.84226E-01    1.56396E-05
 2.00000E-01    1.85576E-05
 2.12955E-01    4.74393E-05
 2.20689E-01    6.46813E-05
 2.37565E-01    1.02304E-04
 2.53838E-01    1.38583E-04
 2.84676E-01    2.07333E-04
 3.00000E-01    2.41496E-04
 3.01351E-01    2.55243E-04
 3.18628E-01    4.31046E-04
 3.34499E-01    5.92542E-04
 4.00000E-01    1.25905E-03
 5.00000E-01    3.43067E-03
 6.00000E-01    7.47391E-03
 7.00000E-01    1.37332E-02
 8.00000E-01    2.26064E-02
 9.00000E-01    3.43764E-02
 1.00000E+00    4.85578E-02
 1.20000E+00    8.30472E-02
 1.40000E+00    1.14495E-01
 1.60000E+00    1.30035E-01
 1.80000E+00    1.27708E-01
 2.00000E+00    1.15471E-01
 2.20000E+00    1.00506E-01
 2.40000E+00    8.55864E-02
 2.60000E+00    7.15097E-02
 2.80000E+00    5.86137E-02
 3.00000E+00    4.70632E-02
 3.20000E+00    3.70152E-02
 3.40000E+00    2.85365E-02
 3.60000E+00    2.15935E-02
 3.80000E+00    1.60594E-02
 4.00000E+00    1.17707E-02
 4.20000E+00    8.53707E-03
 4.40000E+00    6.15121E-03
 4.60000E+00    4.41305E-03
 4.80000E+00    3.17362E-03
 5.00000E+00    2.28416E-03
 5.20000E+00    1.65054E-03
 5.40000E+00    1.19428E-03
 5.60000E+00    8.69231E-04
 5.80000E+00    6.38050E-04
 6.00000E+00    4.70685E-04
 6.20000E+00    3.48795E-04
 6.40000E+00    2.59684E-04
 6.60000E+00    1.93742E-04
 6.80000E+00    1.44909E-04
 7.00000E+00    1.08525E-04
 7.20000E+00    8.12819E-05
 7.40000E+00    6.09266E-05
 7.60000E+00    4.56641E-05
 7.80000E+00    3.42353E-05
 8.00000E+00    2.56869E-05
 8.50000E+00    1.25735E-05
 9.00000E+00    6.22536E-06
 9.50000E+00    3.13405E-06
 1.00000E+01    1.61095E-06
 1.05000E+01    8.46721E-07
 1.10000E+01    4.55362E-07
 1.15000E+01    2.50171E-07
 1.20000E+01    1.40117E-07
 1.25000E+01    7.97709E-08
 1.30000E+01    4.60561E-08
 1.35000E+01    2.69166E-08
 1.40000E+01    1.59060E-08
 1.45000E+01    9.50036E-09
 1.50000E+01    5.73756E-09
 1.60000E+01    2.16536E-09
 1.70000E+01    8.52809E-10
 1.80000E+01    3.54047E-10
 1.90000E+01    1.53650E-10
 2.00000E+01    6.92623E-11
 2.10000E+01    3.23600E-11
 2.20000E+01    1.55755E-11
 2.30000E+01    7.72657E-12
 2.40000E+01    3.94615E-12
 2.50000E+01    2.06263E-12
 2.60000E+01    1.10640E-12
 2.70000E+01    6.08467E-13
 2.80000E+01    3.42499E-13
 2.90000E+01    1.96783E-13
 3.00000E+01    1.15375E-13
