# n + Ac224 : (n,n'10)  
# tendl.2017 A.J. Koning and D. Rochman        EVAL-NOV17
# uncertainties: n
# # energies =    95
#   E(MeV)       xs(mb) 
 7.88535E-02    0.00000E+00
 8.08625E-02    1.43392E+00
 9.08070E-02    8.53180E+00
 1.00000E-01    1.50933E+01
 1.04066E-01    1.87008E+01
 1.09792E-01    2.37812E+01
 1.13911E-01    2.74358E+01
 1.17025E-01    3.01987E+01
 1.30887E-01    4.24977E+01
 1.43142E-01    5.33709E+01
 1.60720E-01    6.89669E+01
 1.69761E-01    7.69885E+01
 1.77496E-01    8.38514E+01
 1.84226E-01    8.98226E+01
 2.00000E-01    1.03818E+02
 2.12955E-01    1.08785E+02
 2.20689E-01    1.11750E+02
 2.37565E-01    1.18220E+02
 2.53838E-01    1.24459E+02
 2.84676E-01    1.36282E+02
 3.00000E-01    1.42157E+02
 3.01351E-01    1.42217E+02
 3.18628E-01    1.42986E+02
 3.34499E-01    1.43692E+02
 4.00000E-01    1.46607E+02
 5.00000E-01    1.11887E+02
 6.00000E-01    8.55275E+01
 7.00000E-01    6.48055E+01
 8.00000E-01    4.98943E+01
 9.00000E-01    3.94114E+01
 1.00000E+00    3.17032E+01
 1.20000E+00    2.23344E+01
 1.40000E+00    1.64248E+01
 1.60000E+00    1.18664E+01
 1.80000E+00    8.17883E+00
 2.00000E+00    5.45211E+00
 2.20000E+00    3.59019E+00
 2.40000E+00    2.35049E+00
 2.60000E+00    1.52818E+00
 2.80000E+00    9.85778E-01
 3.00000E+00    6.30687E-01
 3.20000E+00    4.01014E-01
 3.40000E+00    2.54101E-01
 3.60000E+00    1.60849E-01
 3.80000E+00    1.01806E-01
 4.00000E+00    6.44942E-02
 4.20000E+00    4.09502E-02
 4.40000E+00    2.61034E-02
 4.60000E+00    1.67070E-02
 4.80000E+00    1.07814E-02
 5.00000E+00    7.00331E-03
 5.20000E+00    4.58377E-03
 5.40000E+00    3.01426E-03
 5.60000E+00    2.00125E-03
 5.80000E+00    1.34345E-03
 6.00000E+00    9.09949E-04
 6.20000E+00    6.21803E-04
 6.40000E+00    4.29004E-04
 6.60000E+00    2.98284E-04
 6.80000E+00    2.09366E-04
 7.00000E+00    1.48096E-04
 7.20000E+00    1.05520E-04
 7.40000E+00    7.57643E-05
 7.60000E+00    5.47160E-05
 7.80000E+00    3.97657E-05
 8.00000E+00    2.90543E-05
 8.50000E+00    1.35133E-05
 9.00000E+00    6.43837E-06
 9.50000E+00    3.13305E-06
 1.00000E+01    1.55636E-06
 1.05000E+01    7.88834E-07
 1.10000E+01    4.08144E-07
 1.15000E+01    2.15458E-07
 1.20000E+01    1.15996E-07
 1.25000E+01    6.36020E-08
 1.30000E+01    3.54757E-08
 1.35000E+01    2.01026E-08
 1.40000E+01    1.15595E-08
 1.45000E+01    6.73977E-09
 1.50000E+01    3.98363E-09
 1.60000E+01    1.44780E-09
 1.70000E+01    5.51406E-10
 1.80000E+01    2.21876E-10
 1.90000E+01    9.35019E-11
 2.00000E+01    4.10235E-11
 2.10000E+01    1.87146E-11
 2.20000E+01    8.82755E-12
 2.30000E+01    4.30529E-12
 2.40000E+01    2.16626E-12
 2.50000E+01    1.11663E-12
 2.60000E+01    5.90918E-13
 2.70000E+01    3.20739E-13
 2.80000E+01    1.78329E-13
 2.90000E+01    1.01331E-13
 3.00000E+01    5.88382E-14
