# n + Ac224 : (n,n'13)  
# tendl.2017 A.J. Koning and D. Rochman        EVAL-NOV17
# uncertainties: n
# # energies =    91
#   E(MeV)       xs(mb) 
 1.04066E-01    0.00000E+00
 1.09792E-01    9.63012E-08
 1.13911E-01    1.65575E-07
 1.17025E-01    2.17947E-07
 1.30887E-01    4.51081E-07
 1.43142E-01    6.57189E-07
 1.60720E-01    9.52820E-07
 1.69761E-01    1.10487E-06
 1.77496E-01    1.23496E-06
 1.84226E-01    1.34815E-06
 2.00000E-01    1.61344E-06
 2.12955E-01    6.63269E-06
 2.20689E-01    9.62914E-06
 2.37565E-01    1.61675E-05
 2.53838E-01    2.24723E-05
 2.84676E-01    3.44201E-05
 3.00000E-01    4.03572E-05
 3.01351E-01    4.34889E-05
 3.18628E-01    8.35376E-05
 3.34499E-01    1.20327E-04
 4.00000E-01    2.72161E-04
 5.00000E-01    8.53999E-04
 6.00000E-01    2.04544E-03
 7.00000E-01    4.05045E-03
 8.00000E-01    7.14344E-03
 9.00000E-01    1.16783E-02
 1.00000E+00    1.79400E-02
 1.20000E+00    3.81535E-02
 1.40000E+00    7.14517E-02
 1.60000E+00    1.20350E-01
 1.80000E+00    1.85635E-01
 2.00000E+00    2.66426E-01
 2.20000E+00    3.60583E-01
 2.40000E+00    4.66135E-01
 2.60000E+00    5.82170E-01
 2.80000E+00    7.07560E-01
 3.00000E+00    8.38727E-01
 3.20000E+00    9.68355E-01
 3.40000E+00    1.08587E+00
 3.60000E+00    1.18045E+00
 3.80000E+00    1.24478E+00
 4.00000E+00    1.27767E+00
 4.20000E+00    1.28348E+00
 4.40000E+00    1.26973E+00
 4.60000E+00    1.24433E+00
 4.80000E+00    1.21399E+00
 5.00000E+00    1.18353E+00
 5.20000E+00    1.15614E+00
 5.40000E+00    1.13372E+00
 5.60000E+00    1.11737E+00
 5.80000E+00    1.10761E+00
 6.00000E+00    1.10460E+00
 6.20000E+00    1.10821E+00
 6.40000E+00    1.11801E+00
 6.60000E+00    1.13327E+00
 6.80000E+00    1.15290E+00
 7.00000E+00    1.17554E+00
 7.20000E+00    1.19966E+00
 7.40000E+00    1.22366E+00
 7.60000E+00    1.24609E+00
 7.80000E+00    1.26576E+00
 8.00000E+00    1.28180E+00
 8.50000E+00    1.30364E+00
 9.00000E+00    1.30035E+00
 9.50000E+00    1.27767E+00
 1.00000E+01    1.24287E+00
 1.05000E+01    1.20247E+00
 1.10000E+01    1.16132E+00
 1.15000E+01    1.12214E+00
 1.20000E+01    1.08584E+00
 1.25000E+01    1.05213E+00
 1.30000E+01    1.02030E+00
 1.35000E+01    9.89778E-01
 1.40000E+01    9.60378E-01
 1.45000E+01    9.32259E-01
 1.50000E+01    9.05737E-01
 1.60000E+01    8.58791E-01
 1.70000E+01    8.20895E-01
 1.80000E+01    7.91063E-01
 1.90000E+01    7.66441E-01
 2.00000E+01    7.43662E-01
 2.10000E+01    7.20234E-01
 2.20000E+01    6.95386E-01
 2.30000E+01    6.70012E-01
 2.40000E+01    6.45773E-01
 2.50000E+01    6.23962E-01
 2.60000E+01    6.04976E-01
 2.70000E+01    5.88410E-01
 2.80000E+01    5.73358E-01
 2.90000E+01    5.58749E-01
 3.00000E+01    5.43741E-01
