# n + Sn112 : (n,d)     
# jeff3.3    N.Iwamoto,K.Shibata               EVAL-Dec09
# uncertainties: n
# # energies =    69
#   E(MeV)       xs(mb) 
 5.37799E+00    0.00000E+00
 5.91982E+00    1.11247E-14
 6.18814E+00    2.23658E-13
 6.48972E+00    2.09954E-12
 6.50000E+00    2.16352E-12
 6.54123E+00    2.99412E-11
 6.57631E+00    5.39778E-11
 6.60647E+00    7.47695E-11
 6.66921E+00    1.18253E-10
 6.73485E+00    1.63851E-10
 6.74076E+00    1.67958E-10
 6.79178E+00    2.03424E-10
 6.85286E+00    2.45888E-10
 6.89196E+00    2.73071E-10
 6.93451E+00    3.02653E-10
 7.00000E+00    3.48185E-10
 7.00258E+00    7.71536E-10
 7.06428E+00    1.08967E-08
 7.14638E+00    2.43700E-08
 7.22607E+00    3.74479E-08
 7.24061E+00    3.98341E-08
 7.24405E+00    4.03986E-08
 7.26165E+00    4.32870E-08
 7.31013E+00    5.12430E-08
 7.31266E+00    5.16582E-08
 7.31428E+00    5.19241E-08
 7.33083E+00    5.46401E-08
 7.36537E+00    6.03085E-08
 7.39061E+00    6.44506E-08
 7.39866E+00    6.57717E-08
 7.42848E+00    7.06655E-08
 7.43091E+00    7.10643E-08
 7.46363E+00    7.64340E-08
 7.47921E+00    7.89908E-08
 7.48178E+00    7.94126E-08
 7.48694E+00    8.02594E-08
 7.50000E+00    8.24027E-08
 7.50400E+00    1.04761E-07
 7.50928E+00    1.34274E-07
 7.53936E+00    3.02409E-07
 7.57715E+00    5.13639E-07
 7.59896E+00    6.35548E-07
 7.61017E+00    6.98208E-07
 7.62621E+00    7.87865E-07
 8.00000E+00    2.87720E-06
 8.50000E+00    3.59252E-05
 9.00000E+00    2.74063E-04
 9.50000E+00    1.46371E-03
 1.00000E+01    6.17227E-03
 1.05000E+01    1.70951E-02
 1.10000E+01    5.00987E-02
 1.15000E+01    1.24073E-01
 1.20000E+01    2.64155E-01
 1.25000E+01    4.94366E-01
 1.30000E+01    8.30161E-01
 1.35000E+01    1.27581E+00
 1.40000E+01    1.82784E+00
 1.45000E+01    2.47399E+00
 1.50000E+01    3.20199E+00
 1.55000E+01    3.99436E+00
 1.60000E+01    4.84273E+00
 1.65000E+01    5.72794E+00
 1.70000E+01    6.64871E+00
 1.75000E+01    7.46647E+00
 1.80000E+01    8.41874E+00
 1.85000E+01    9.37343E+00
 1.90000E+01    1.03398E+01
 1.95000E+01    1.12993E+01
 2.00000E+01    1.22589E+01
