# n + Sn112 : (n,t)     
# jeff3.3    N.Iwamoto,K.Shibata               EVAL-Dec09
# uncertainties: n
# # energies =    61
#   E(MeV)       xs(mb) 
 9.14647E+00    0.00000E+00
 9.20913E+00    8.15775E-18
 9.35069E+00    3.47727E-17
 9.47057E+00    5.77261E-17
 9.48359E+00    6.02197E-17
 9.49211E+00    6.18515E-17
 9.49593E+00    7.49578E-17
 9.51632E+00    2.48040E-16
 9.56369E+00    8.37181E-16
 9.58757E+00    1.16168E-15
 9.69260E+00    2.70596E-15
 9.72000E+00    3.11197E-15
 9.86738E+00    5.30770E-15
 9.90977E+00    5.93934E-15
 9.90985E+00    5.94054E-15
 9.94666E+00    6.48904E-15
 9.95354E+00    6.59156E-15
 9.96184E+00    6.71524E-15
 1.00105E+01    7.44033E-15
 1.00409E+01    8.04130E-15
 1.00419E+01    8.06274E-15
 1.01136E+01    9.81919E-15
 1.01261E+01    1.01340E-14
 1.01452E+01    1.06210E-14
 1.01616E+01    1.10427E-14
 1.01735E+01    1.13502E-14
 1.01765E+01    1.14279E-14
 1.01791E+01    1.14953E-14
 1.02058E+01    1.21898E-14
 1.02188E+01    1.25285E-14
 1.02750E+01    1.39959E-14
 1.02764E+01    1.40324E-14
 1.02908E+01    1.44086E-14
 1.03333E+01    1.55191E-14
 1.03481E+01    1.59058E-14
 1.03622E+01    1.62743E-14
 1.03743E+01    1.65905E-14
 1.03876E+01    1.69380E-14
 1.03976E+01    1.71993E-14
 1.04127E+01    1.75939E-14
 1.04172E+01    1.77115E-14
 1.05000E+01    1.98753E-14
 1.10000E+01    2.65854E-12
 1.15000E+01    9.12917E-10
 1.20000E+01    5.41571E-08
 1.25000E+01    1.12383E-06
 1.30000E+01    1.18662E-05
 1.35000E+01    7.94020E-05
 1.40000E+01    3.81986E-04
 1.45000E+01    1.42460E-03
 1.50000E+01    4.31234E-03
 1.55000E+01    1.09281E-02
 1.60000E+01    2.37892E-02
 1.65000E+01    4.52196E-02
 1.70000E+01    7.78960E-02
 1.75000E+01    1.22999E-01
 1.80000E+01    1.81130E-01
 1.85000E+01    2.52121E-01
 1.90000E+01    3.35322E-01
 1.95000E+01    4.29699E-01
 2.00000E+01    5.34090E-01
