# n + Sn112 : (n,pa)    
# jeff3.3    N.Iwamoto,K.Shibata               EVAL-Dec09
# uncertainties: n
# # energies =    30
#   E(MeV)       xs(mb) 
 2.72636E+00    0.00000E+00
 6.00000E+00    1.58058E-32
 6.50000E+00    1.81666E-27
 7.00000E+00    1.22546E-23
 7.50000E+00    1.86216E-20
 8.00000E+00    1.26827E-17
 8.50000E+00    3.09437E-15
 9.00000E+00    2.82083E-13
 9.50000E+00    1.19030E-11
 1.00000E+01    2.21865E-10
 1.05000E+01    2.22503E-09
 1.10000E+01    1.52373E-08
 1.15000E+01    8.37421E-08
 1.20000E+01    3.97928E-07
 1.25000E+01    1.68366E-06
 1.30000E+01    6.39921E-06
 1.35000E+01    2.21993E-05
 1.40000E+01    6.90174E-05
 1.45000E+01    1.95020E-04
 1.50000E+01    5.06522E-04
 1.55000E+01    1.21828E-03
 1.60000E+01    2.54764E-03
 1.65000E+01    5.38400E-03
 1.70000E+01    1.07648E-02
 1.75000E+01    2.03471E-02
 1.80000E+01    3.67425E-02
 1.85000E+01    6.32900E-02
 1.90000E+01    1.04473E-01
 1.95000E+01    1.65386E-01
 2.00000E+01    2.51979E-01
