# n + Sn113 : (n,tot)   
# jeff3.3    Herman,Oblozinsky,Mughabghab      EVAL-MAR06
# uncertainties: n
# # energies =  3312
#   E(MeV)       xs(mb) 
 1.00000E-11    4.66707E+05
 1.03223E-11    4.59373E+05
 1.06549E-11    4.52158E+05
 1.09984E-11    4.45054E+05
 1.13527E-11    4.38064E+05
 1.17186E-11    4.31182E+05
 1.20962E-11    4.24410E+05
 1.24861E-11    4.17743E+05
 1.28884E-11    4.11184E+05
 1.33038E-11    4.04725E+05
 1.37325E-11    3.98371E+05
 1.41751E-11    3.92114E+05
 1.46318E-11    3.85959E+05
 1.51034E-11    3.79898E+05
 1.55901E-11    3.73935E+05
 1.60926E-11    3.68064E+05
 1.66111E-11    3.62287E+05
 1.71465E-11    3.56600E+05
 1.76990E-11    3.51004E+05
 1.82694E-11    3.45495E+05
 1.88581E-11    3.40074E+05
 1.94659E-11    3.34737E+05
 2.00931E-11    3.29486E+05
 2.07407E-11    3.24316E+05
 2.14090E-11    3.19230E+05
 2.20991E-11    3.14222E+05
 2.28111E-11    3.09294E+05
 2.35464E-11    3.04443E+05
 2.43051E-11    2.99670E+05
 2.50884E-11    2.94971E+05
 2.58968E-11    2.90347E+05
 2.67315E-11    2.85795E+05
 2.75928E-11    2.81317E+05
 2.84822E-11    2.76907E+05
 2.93999E-11    2.72569E+05
 3.03475E-11    2.68298E+05
 3.13253E-11    2.64095E+05
 3.23350E-11    2.59958E+05
 3.33769E-11    2.55888E+05
 3.44526E-11    2.51880E+05
 3.55627E-11    2.47937E+05
 3.67089E-11    2.44055E+05
 3.78918E-11    2.40236E+05
 3.91130E-11    2.36476E+05
 4.03734E-11    2.32776E+05
 4.16746E-11    2.29135E+05
 4.30174E-11    2.25551E+05
 4.44039E-11    2.22024E+05
 4.58347E-11    2.18553E+05
 4.73119E-11    2.15136E+05
 4.88364E-11    2.11774E+05
 5.04104E-11    2.08464E+05
 5.20348E-11    2.05208E+05
 5.37119E-11    2.02003E+05
 5.54426E-11    1.98848E+05
 5.72295E-11    1.95744E+05
 5.90736E-11    1.92689E+05
 6.09775E-11    1.89682E+05
 6.29424E-11    1.86723E+05
 6.49710E-11    1.83811E+05
 6.70645E-11    1.80945E+05
 6.92260E-11    1.78124E+05
 7.14566E-11    1.75349E+05
 7.37596E-11    1.72617E+05
 7.61364E-11    1.69928E+05
 7.85902E-11    1.67283E+05
 8.11227E-11    1.64679E+05
 8.37372E-11    1.62117E+05
 8.64355E-11    1.59595E+05
 8.92212E-11    1.57114E+05
 9.20962E-11    1.54672E+05
 9.50644E-11    1.52268E+05
 9.81277E-11    1.49903E+05
 1.01291E-10    1.47575E+05
 1.04554E-10    1.45286E+05
 1.07924E-10    1.43031E+05
 1.11402E-10    1.40814E+05
 1.14992E-10    1.38631E+05
 1.18697E-10    1.36483E+05
 1.22523E-10    1.34369E+05
 1.26471E-10    1.32289E+05
 1.30547E-10    1.30242E+05
 1.34754E-10    1.28228E+05
 1.39097E-10    1.26246E+05
 1.43579E-10    1.24296E+05
 1.48207E-10    1.22376E+05
 1.52982E-10    1.20488E+05
 1.57913E-10    1.18629E+05
 1.63001E-10    1.16801E+05
 1.68254E-10    1.15001E+05
 1.73676E-10    1.13230E+05
 1.79274E-10    1.11488E+05
 1.85050E-10    1.09773E+05
 1.91014E-10    1.08086E+05
 1.97169E-10    1.06426E+05
 2.03524E-10    1.04792E+05
 2.10082E-10    1.03185E+05
 2.16853E-10    1.01603E+05
 2.23840E-10    1.00047E+05
 2.31055E-10    9.85156E+04
 2.38500E-10    9.70090E+04
 2.46187E-10    9.55261E+04
 2.54120E-10    9.40675E+04
 2.62310E-10    9.26319E+04
 2.70762E-10    9.12197E+04
 2.79489E-10    8.98298E+04
 2.88494E-10    8.84626E+04
 2.97793E-10    8.71170E+04
 3.07388E-10    8.57933E+04
 3.17295E-10    8.44906E+04
 3.27519E-10    8.32092E+04
 3.38075E-10    8.19481E+04
 3.48969E-10    8.07075E+04
 3.60216E-10    7.94866E+04
 3.71823E-10    7.82856E+04
 3.83807E-10    7.71037E+04
 3.96174E-10    7.59410E+04
 4.08943E-10    7.47969E+04
 4.22120E-10    7.36713E+04
 4.35725E-10    7.25637E+04
 4.49765E-10    7.14741E+04
 4.64261E-10    7.04019E+04
 4.79221E-10    6.93471E+04
 4.94666E-10    6.83091E+04
 5.10605E-10    6.72880E+04
 5.27062E-10    6.62832E+04
 5.44045E-10    6.52947E+04
 5.61580E-10    6.43220E+04
 5.79675E-10    6.33651E+04
 5.98358E-10    6.24235E+04
 6.17639E-10    6.14972E+04
 6.37545E-10    6.05856E+04
 6.58089E-10    5.96889E+04
 6.79298E-10    5.88064E+04
 7.01188E-10    5.79383E+04
 7.23786E-10    5.70841E+04
 7.47109E-10    5.62437E+04
 7.71188E-10    5.54167E+04
 7.96038E-10    5.46032E+04
 8.21693E-10    5.38026E+04
 8.48171E-10    5.30150E+04
 8.75507E-10    5.22400E+04
 9.03719E-10    5.14775E+04
 9.32845E-10    5.07272E+04
 9.64945E-10    4.99402E+04
 9.98150E-10    4.91667E+04
 1.03250E-09    4.84064E+04
 1.06803E-09    4.76592E+04
 1.10478E-09    4.69247E+04
 1.14280E-09    4.62028E+04
 1.18212E-09    4.54933E+04
 1.22280E-09    4.47959E+04
 1.26488E-09    4.41104E+04
 1.30840E-09    4.34367E+04
 1.35343E-09    4.27744E+04
 1.40000E-09    4.21235E+04
 1.44817E-09    4.14837E+04
 1.49801E-09    4.08549E+04
 1.54956E-09    4.02367E+04
 1.60288E-09    3.96292E+04
 1.65804E-09    3.90320E+04
 1.71509E-09    3.84449E+04
 1.77411E-09    3.78679E+04
 1.83516E-09    3.73008E+04
 1.89831E-09    3.67433E+04
 1.96363E-09    3.61953E+04
 2.03120E-09    3.56567E+04
 2.10110E-09    3.51272E+04
 2.17340E-09    3.46067E+04
 2.24819E-09    3.40952E+04
 2.32555E-09    3.35923E+04
 2.40558E-09    3.30980E+04
 2.48835E-09    3.26121E+04
 2.57398E-09    3.21345E+04
 2.66255E-09    3.16650E+04
 2.75418E-09    3.12035E+04
 2.84895E-09    3.07498E+04
 2.94699E-09    3.03039E+04
 3.04840E-09    2.98655E+04
 3.15329E-09    2.94346E+04
 3.26180E-09    2.90110E+04
 3.37405E-09    2.85947E+04
 3.49015E-09    2.81854E+04
 3.61025E-09    2.77830E+04
 3.73448E-09    2.73875E+04
 3.86299E-09    2.69987E+04
 3.99592E-09    2.66165E+04
 4.13343E-09    2.62408E+04
 4.27566E-09    2.58715E+04
 4.42279E-09    2.55085E+04
 4.57499E-09    2.51516E+04
 4.73242E-09    2.48008E+04
 4.89527E-09    2.44559E+04
 5.06372E-09    2.41169E+04
 5.24904E-09    2.37630E+04
 5.44117E-09    2.34155E+04
 5.64031E-09    2.30742E+04
 5.84676E-09    2.27391E+04
 6.06075E-09    2.24101E+04
 6.28259E-09    2.20869E+04
 6.51252E-09    2.17696E+04
 6.75090E-09    2.14580E+04
 6.99797E-09    2.11520E+04
 7.25412E-09    2.08515E+04
 7.51961E-09    2.05564E+04
 7.79485E-09    2.02667E+04
 8.08013E-09    1.99821E+04
 8.37589E-09    1.97027E+04
 8.68243E-09    1.94283E+04
 9.00024E-09    1.91589E+04
 9.32963E-09    1.88943E+04
 9.67113E-09    1.86345E+04
 1.00251E-08    1.83793E+04
 1.03920E-08    1.81288E+04
 1.07724E-08    1.78828E+04
 1.11667E-08    1.76412E+04
 1.15753E-08    1.74040E+04
 1.19990E-08    1.71710E+04
 1.24382E-08    1.69422E+04
 1.28935E-08    1.67176E+04
 1.33653E-08    1.64970E+04
 1.38545E-08    1.62804E+04
 1.43920E-08    1.60553E+04
 1.49504E-08    1.58344E+04
 1.55304E-08    1.56178E+04
 1.61329E-08    1.54053E+04
 1.67588E-08    1.51969E+04
 1.74089E-08    1.49924E+04
 1.80843E-08    1.47919E+04
 1.87859E-08    1.45952E+04
 1.95147E-08    1.44022E+04
 2.02717E-08    1.42130E+04
 2.10582E-08    1.40273E+04
 2.18751E-08    1.38452E+04
 2.27238E-08    1.36666E+04
 2.36053E-08    1.34914E+04
 2.45211E-08    1.33196E+04
 2.52522E-08    1.31892E+04
 2.53000E-08    1.31809E+04
 2.62815E-08    1.30150E+04
 2.73011E-08    1.28522E+04
 2.84203E-08    1.26838E+04
 2.95853E-08    1.25188E+04
 3.07982E-08    1.23571E+04
 3.20607E-08    1.21988E+04
 3.33751E-08    1.20436E+04
 3.47432E-08    1.18915E+04
 3.61675E-08    1.17426E+04
 3.76501E-08    1.15967E+04
 3.91936E-08    1.14538E+04
 4.08002E-08    1.13137E+04
 4.24728E-08    1.11765E+04
 4.42139E-08    1.10421E+04
 4.60265E-08    1.09104E+04
 4.80147E-08    1.07746E+04
 5.00888E-08    1.06418E+04
 5.22525E-08    1.05118E+04
 5.45097E-08    1.03845E+04
 5.68644E-08    1.02601E+04
 5.93208E-08    1.01382E+04
 6.18833E-08    1.00191E+04
 6.45565E-08    9.90246E+03
 6.73451E-08    9.78837E+03
 7.02543E-08    9.67676E+03
 7.32891E-08    9.56758E+03
 7.66166E-08    9.45550E+03
 8.00956E-08    9.34595E+03
 8.37322E-08    9.23890E+03
 8.75344E-08    9.13425E+03
 9.15087E-08    9.03199E+03
 9.56639E-08    8.93206E+03
 1.00007E-07    8.83443E+03
 1.04549E-07    8.73903E+03
 1.09527E-07    8.64146E+03
 1.14742E-07    8.54628E+03
 1.20206E-07    8.45342E+03
 1.25930E-07    8.36278E+03
 1.31927E-07    8.27433E+03
 1.38209E-07    8.18803E+03
 1.44790E-07    8.10384E+03
 1.52006E-07    8.01803E+03
 1.59582E-07    7.93443E+03
 1.67534E-07    7.85299E+03
 1.75884E-07    7.77365E+03
 1.84649E-07    7.69639E+03
 1.93851E-07    7.62113E+03
 2.03943E-07    7.54472E+03
 2.14560E-07    7.47041E+03
 2.25730E-07    7.39818E+03
 2.37481E-07    7.32798E+03
 2.50372E-07    7.25692E+03
 2.63964E-07    7.18790E+03
 2.78293E-07    7.12091E+03
 2.93400E-07    7.05592E+03
 3.09327E-07    6.99288E+03
 3.26809E-07    6.92934E+03
 3.45279E-07    6.86782E+03
 3.64794E-07    6.80827E+03
 3.85411E-07    6.75066E+03
 4.08056E-07    6.69284E+03
 4.32029E-07    6.63704E+03
 4.57414E-07    6.58326E+03
 4.85313E-07    6.52947E+03
 5.14915E-07    6.47769E+03
 5.46322E-07    6.42791E+03
 5.79644E-07    6.38011E+03
 6.16300E-07    6.33265E+03
 6.55276E-07    6.28726E+03
 6.96714E-07    6.24391E+03
 7.42343E-07    6.20120E+03
 7.90960E-07    6.16064E+03
 8.42760E-07    6.12227E+03
 8.99856E-07    6.08491E+03
 9.60816E-07    6.04980E+03
 1.02797E-06    6.01608E+03
 1.11811E-06    5.97769E+03
 1.25072E-06    5.93302E+03
 1.42873E-06    5.88984E+03
 1.70222E-06    5.85214E+03
 1.98158E-06    5.84016E+03
 2.39408E-06    5.86209E+03
 2.81267E-06    5.92796E+03
 3.21299E-06    6.03454E+03
 3.56904E-06    6.17181E+03
 3.88202E-06    6.33396E+03
 4.16369E-06    6.52214E+03
 4.40368E-06    6.72295E+03
 4.62488E-06    6.94992E+03
 4.82340E-06    7.19653E+03
 4.99545E-06    7.45151E+03
 5.17339E-06    7.76410E+03
 5.32039E-06    8.06852E+03
 5.47157E-06    8.43750E+03
 5.58791E-06    8.76723E+03
 5.70644E-06    9.15262E+03
 5.82776E-06    9.60918E+03
 5.95138E-06    1.01529E+04
 6.03534E-06    1.05765E+04
 6.12049E-06    1.10593E+04
 6.20684E-06    1.16130E+04
 6.29441E-06    1.22522E+04
 6.36101E-06    1.27998E+04
 6.42824E-06    1.34151E+04
 6.49610E-06    1.41100E+04
 6.56459E-06    1.48986E+04
 6.63405E-06    1.58021E+04
 6.70417E-06    1.68383E+04
 6.75113E-06    1.76157E+04
 6.79875E-06    1.84833E+04
 6.84638E-06    1.94409E+04
 6.89467E-06    2.05164E+04
 6.94297E-06    2.17125E+04
 6.99194E-06    2.30678E+04
 7.04092E-06    2.45894E+04
 7.07817E-06    2.58754E+04
 7.11542E-06    2.72884E+04
 7.15284E-06    2.88536E+04
 7.19062E-06    3.06022E+04
 7.22840E-06    3.25451E+04
 7.26653E-06    3.47338E+04
 7.30484E-06    3.71995E+04
 7.34315E-06    3.99773E+04
 7.36905E-06    4.20589E+04
 7.39495E-06    4.43275E+04
 7.42085E-06    4.68066E+04
 7.44674E-06    4.95236E+04
 7.47301E-06    5.25547E+04
 7.49928E-06    5.59020E+04
 7.52554E-06    5.96101E+04
 7.55181E-06    6.37313E+04
 7.57844E-06    6.83973E+04
 7.59842E-06    7.22656E+04
 7.61839E-06    7.64943E+04
 7.63837E-06    8.11304E+04
 7.65835E-06    8.62287E+04
 7.67861E-06    9.19367E+04
 7.69886E-06    9.82645E+04
 7.71912E-06    1.05305E+05
 7.73938E-06    1.13170E+05
 7.75964E-06    1.21992E+05
 7.77838E-06    1.31149E+05
 7.79637E-06    1.40982E+05
 7.81435E-06    1.52010E+05
 7.82634E-06    1.60125E+05
 7.83833E-06    1.68933E+05
 7.85032E-06    1.78516E+05
 7.86231E-06    1.88968E+05
 7.87394E-06    2.00033E+05
 7.88556E-06    2.12135E+05
 7.89718E-06    2.25408E+05
 7.90880E-06    2.40013E+05
 7.92042E-06    2.56135E+05
 7.93205E-06    2.73998E+05
 7.94367E-06    2.93865E+05
 7.95529E-06    3.16054E+05
 7.96691E-06    3.40949E+05
 7.97466E-06    3.59273E+05
 7.98241E-06    3.79168E+05
 7.99232E-06    4.07224E+05
 8.00139E-06    4.35777E+05
 8.01046E-06    4.67532E+05
 8.01952E-06    5.02981E+05
 8.02859E-06    5.42701E+05
 8.03463E-06    5.71885E+05
 8.04145E-06    6.07738E+05
 8.04826E-06    6.47051E+05
 8.05508E-06    6.90238E+05
 8.06190E-06    7.37759E+05
 8.06810E-06    7.85151E+05
 8.07430E-06    8.36967E+05
 8.08050E-06    8.93662E+05
 8.08669E-06    9.55725E+05
 8.09289E-06    1.02367E+06
 8.09909E-06    1.09805E+06
 8.10529E-06    1.17942E+06
 8.11149E-06    1.26834E+06
 8.11769E-06    1.36540E+06
 8.12388E-06    1.47112E+06
 8.13008E-06    1.58603E+06
 8.13628E-06    1.71058E+06
 8.14248E-06    1.84513E+06
 8.14868E-06    1.98994E+06
 8.15488E-06    2.14513E+06
 8.16107E-06    2.31065E+06
 8.16727E-06    2.48627E+06
 8.17657E-06    2.76753E+06
 8.18587E-06    3.06775E+06
 8.19827E-06    3.49038E+06
 8.22306E-06    4.35659E+06
 8.23235E-06    4.66393E+06
 8.24134E-06    4.93837E+06
 8.25018E-06    5.17796E+06
 8.25901E-06    5.37994E+06
 8.26521E-06    5.49553E+06
 8.27141E-06    5.58726E+06
 8.27760E-06    5.65353E+06
 8.28380E-06    5.69319E+06
 8.28981E-06    5.70557E+06
 8.29614E-06    5.69069E+06
 8.30426E-06    5.63018E+06
 8.31045E-06    5.55376E+06
 8.31758E-06    5.43548E+06
 8.32564E-06    5.26598E+06
 8.33277E-06    5.08815E+06
 8.34207E-06    4.82348E+06
 8.35136E-06    4.53029E+06
 8.36686E-06    4.00383E+06
 8.38855E-06    3.25450E+06
 8.39785E-06    2.94868E+06
 8.40715E-06    2.65944E+06
 8.41645E-06    2.39006E+06
 8.42264E-06    2.22255E+06
 8.42884E-06    2.06507E+06
 8.43504E-06    1.91775E+06
 8.44124E-06    1.78050E+06
 8.44744E-06    1.65314E+06
 8.45364E-06    1.53535E+06
 8.45983E-06    1.42671E+06
 8.46603E-06    1.32675E+06
 8.47223E-06    1.23497E+06
 8.47843E-06    1.15082E+06
 8.48463E-06    1.07376E+06
 8.49083E-06    1.00324E+06
 8.49702E-06    9.38719E+05
 8.50322E-06    8.79699E+05
 8.50942E-06    8.25692E+05
 8.51562E-06    7.76244E+05
 8.52182E-06    7.30933E+05
 8.52802E-06    6.89369E+05
 8.53499E-06    6.46647E+05
 8.54196E-06    6.07758E+05
 8.54894E-06    5.72292E+05
 8.55591E-06    5.39882E+05
 8.56288E-06    5.10201E+05
 8.56893E-06    4.86464E+05
 8.57636E-06    4.59521E+05
 8.58380E-06    4.34827E+05
 8.59124E-06    4.12142E+05
 8.59868E-06    3.91253E+05
 8.60983E-06    3.62888E+05
 8.62099E-06    3.37618E+05
 8.63013E-06    3.18907E+05
 8.64098E-06    2.98739E+05
 8.65183E-06    2.80504E+05
 8.66268E-06    2.63957E+05
 8.67352E-06    2.48893E+05
 8.68437E-06    2.35136E+05
 8.69522E-06    2.22538E+05
 8.70606E-06    2.10969E+05
 8.71846E-06    1.98866E+05
 8.73241E-06    1.86509E+05
 8.74635E-06    1.75320E+05
 8.76030E-06    1.65155E+05
 8.77425E-06    1.55891E+05
 8.78819E-06    1.47423E+05
 8.80214E-06    1.39663E+05
 8.81608E-06    1.32531E+05
 8.83081E-06    1.25612E+05
 8.84630E-06    1.18932E+05
 8.86180E-06    1.12802E+05
 8.87729E-06    1.07163E+05
 8.90054E-06    9.95141E+04
 8.92378E-06    9.27092E+04
 8.94702E-06    8.66270E+04
 8.97069E-06    8.10732E+04
 8.99436E-06    7.60769E+04
 9.01803E-06    7.15647E+04
 9.04169E-06    6.74752E+04
 9.06536E-06    6.37571E+04
 9.08925E-06    6.03363E+04
 9.11325E-06    5.71974E+04
 9.13725E-06    5.43235E+04
 9.16926E-06    5.08539E+04
 9.20126E-06    4.77445E+04
 9.23371E-06    4.49087E+04
 9.26616E-06    4.23506E+04
 9.29862E-06    4.00349E+04
 9.33107E-06    3.79319E+04
 9.36398E-06    3.59906E+04
 9.39689E-06    3.42193E+04
 9.42980E-06    3.25988E+04
 9.47940E-06    3.04048E+04
 9.52947E-06    2.84506E+04
 9.57953E-06    2.67181E+04
 9.63006E-06    2.51610E+04
 9.68083E-06    2.37631E+04
 9.73160E-06    2.25088E+04
 9.78309E-06    2.13639E+04
 9.83457E-06    2.03303E+04
 9.86890E-06    1.96961E+04
 9.93851E-06    1.85280E+04
 1.00081E-05    1.74982E+04
 1.00787E-05    1.65729E+04
 1.01493E-05    1.57481E+04
 1.02209E-05    1.50001E+04
 1.02925E-05    1.43294E+04
 1.03651E-05    1.37176E+04
 1.04377E-05    1.31655E+04
 1.05482E-05    1.24236E+04
 1.06596E-05    1.17752E+04
 1.07722E-05    1.12053E+04
 1.08858E-05    1.07017E+04
 1.10009E-05    1.02526E+04
 1.11172E-05    9.85233E+03
 1.12741E-05    9.38254E+03
 1.14331E-05    8.97394E+03
 1.15944E-05    8.61640E+03
 1.17580E-05    8.30183E+03
 1.19239E-05    8.02436E+03
 1.21768E-05    7.66415E+03
 1.24357E-05    7.35848E+03
 1.26995E-05    7.09831E+03
 1.29695E-05    6.87405E+03
 1.32446E-05    6.68026E+03
 1.36210E-05    6.45949E+03
 1.40080E-05    6.27365E+03
 1.45077E-05    6.07984E+03
 1.50244E-05    5.91985E+03
 1.56693E-05    5.76213E+03
 1.64572E-05    5.61350E+03
 1.74058E-05    5.47955E+03
 1.85380E-05    5.36455E+03
 1.96065E-05    5.29197E+03
 2.05923E-05    5.26013E+03
 2.07365E-05    5.25944E+03
 2.13854E-05    5.27641E+03
 2.18401E-05    5.31915E+03
 2.21482E-05    5.37360E+03
 2.23820E-05    5.43667E+03
 2.26180E-05    5.52922E+03
 2.27776E-05    5.61571E+03
 2.29371E-05    5.72952E+03
 2.30585E-05    5.84086E+03
 2.31798E-05    5.98102E+03
 2.33018E-05    6.16065E+03
 2.33838E-05    6.31030E+03
 2.34658E-05    6.48978E+03
 2.35479E-05    6.70704E+03
 2.36151E-05    6.92078E+03
 2.36675E-05    7.11513E+03
 2.37199E-05    7.33896E+03
 2.37723E-05    7.59830E+03
 2.38298E-05    7.93276E+03
 2.38768E-05    8.25334E+03
 2.39237E-05    8.62647E+03
 2.39706E-05    9.06404E+03
 2.40019E-05    9.39900E+03
 2.40332E-05    9.77510E+03
 2.40620E-05    1.01634E+04
 2.40883E-05    1.05590E+04
 2.41146E-05    1.10001E+04
 2.41409E-05    1.14937E+04
 2.41671E-05    1.20488E+04
 2.41934E-05    1.26759E+04
 2.42197E-05    1.33884E+04
 2.42394E-05    1.39885E+04
 2.42591E-05    1.46544E+04
 2.42779E-05    1.53591E+04
 2.42967E-05    1.61435E+04
 2.43155E-05    1.70205E+04
 2.43342E-05    1.80061E+04
 2.43530E-05    1.91203E+04
 2.43671E-05    2.00552E+04
 2.43812E-05    2.10893E+04
 2.43953E-05    2.22384E+04
 2.44093E-05    2.35219E+04
 2.44219E-05    2.47944E+04
 2.44344E-05    2.62120E+04
 2.44469E-05    2.77991E+04
 2.44594E-05    2.95856E+04
 2.44688E-05    3.10781E+04
 2.44782E-05    3.27211E+04
 2.44876E-05    3.45360E+04
 2.44970E-05    3.65470E+04
 2.45064E-05    3.87822E+04
 2.45145E-05    4.09256E+04
 2.45220E-05    4.30958E+04
 2.45295E-05    4.54713E+04
 2.45370E-05    4.80755E+04
 2.45445E-05    5.09338E+04
 2.45520E-05    5.40744E+04
 2.45595E-05    5.75281E+04
 2.45671E-05    6.13282E+04
 2.45746E-05    6.55109E+04
 2.45821E-05    7.01149E+04
 2.45896E-05    7.51816E+04
 2.45977E-05    8.12437E+04
 2.46038E-05    8.62156E+04
 2.46099E-05    9.15803E+04
 2.46160E-05    9.73642E+04
 2.46221E-05    1.03594E+05
 2.46282E-05    1.10296E+05
 2.46343E-05    1.17499E+05
 2.46425E-05    1.27924E+05
 2.46506E-05    1.39345E+05
 2.46571E-05    1.49237E+05
 2.46644E-05    1.61203E+05
 2.46718E-05    1.74090E+05
 2.46791E-05    1.87922E+05
 2.46864E-05    2.02723E+05
 2.46937E-05    2.18501E+05
 2.47020E-05    2.37481E+05
 2.47102E-05    2.57696E+05
 2.47208E-05    2.85154E+05
 2.47308E-05    3.13002E+05
 2.47408E-05    3.42346E+05
 2.47558E-05    3.88688E+05
 2.48009E-05    5.34235E+05
 2.48159E-05    5.80192E+05
 2.48309E-05    6.22152E+05
 2.48409E-05    6.47082E+05
 2.48509E-05    6.69038E+05
 2.48607E-05    6.87181E+05
 2.48702E-05    7.01436E+05
 2.48800E-05    7.12284E+05
 2.48900E-05    7.19218E+05
 2.49006E-05    7.21783E+05
 2.49110E-05    7.19466E+05
 2.49210E-05    7.12777E+05
 2.49323E-05    7.00210E+05
 2.49411E-05    6.86946E+05
 2.49511E-05    6.68338E+05
 2.49611E-05    6.46408E+05
 2.49711E-05    6.21578E+05
 2.49861E-05    5.79917E+05
 2.50011E-05    5.34422E+05
 2.50462E-05    3.90965E+05
 2.50612E-05    3.45412E+05
 2.50712E-05    3.16582E+05
 2.50812E-05    2.89225E+05
 2.50913E-05    2.63490E+05
 2.51000E-05    2.42379E+05
 2.51075E-05    2.25361E+05
 2.51150E-05    2.09348E+05
 2.51225E-05    1.94337E+05
 2.51303E-05    1.79865E+05
 2.51383E-05    1.66008E+05
 2.51463E-05    1.53216E+05
 2.51543E-05    1.41445E+05
 2.51623E-05    1.30645E+05
 2.51704E-05    1.20762E+05
 2.51784E-05    1.11741E+05
 2.51864E-05    1.03522E+05
 2.51929E-05    9.73954E+04
 2.52004E-05    9.08965E+04
 2.52079E-05    8.49639E+04
 2.52154E-05    7.95526E+04
 2.52229E-05    7.46193E+04
 2.52304E-05    7.01228E+04
 2.52379E-05    6.60242E+04
 2.52455E-05    6.22874E+04
 2.52530E-05    5.88785E+04
 2.52605E-05    5.57666E+04
 2.52680E-05    5.29229E+04
 2.52768E-05    4.99093E+04
 2.52861E-05    4.70036E+04
 2.52955E-05    4.43920E+04
 2.53049E-05    4.20384E+04
 2.53143E-05    3.99112E+04
 2.53206E-05    3.86051E+04
 2.53331E-05    3.62291E+04
 2.53456E-05    3.41271E+04
 2.53581E-05    3.22571E+04
 2.53706E-05    3.05846E+04
 2.53828E-05    2.91167E+04
 2.53950E-05    2.77875E+04
 2.54113E-05    2.61997E+04
 2.54276E-05    2.47911E+04
 2.54438E-05    2.35334E+04
 2.54601E-05    2.24043E+04
 2.54764E-05    2.13855E+04
 2.54927E-05    2.04622E+04
 2.55133E-05    1.94085E+04
 2.55258E-05    1.88262E+04
 2.55509E-05    1.77717E+04
 2.55759E-05    1.68430E+04
 2.56009E-05    1.60201E+04
 2.56260E-05    1.52869E+04
 2.56510E-05    1.46302E+04
 2.56760E-05    1.40393E+04
 2.57011E-05    1.35056E+04
 2.57324E-05    1.29074E+04
 2.57636E-05    1.23752E+04
 2.57949E-05    1.18992E+04
 2.58419E-05    1.12737E+04
 2.58888E-05    1.07363E+04
 2.59358E-05    1.02706E+04
 2.59827E-05    9.86414E+03
 2.60140E-05    9.62109E+03
 2.60766E-05    9.19132E+03
 2.61392E-05    8.82412E+03
 2.62017E-05    8.50762E+03
 2.62710E-05    8.20521E+03
 2.63404E-05    7.94404E+03
 2.64328E-05    7.64730E+03
 2.65252E-05    7.39759E+03
 2.66183E-05    7.18383E+03
 2.67588E-05    6.91674E+03
 2.68994E-05    6.70084E+03
 2.70413E-05    6.52187E+03
 2.72314E-05    6.32785E+03
 2.74228E-05    6.17176E+03
 2.77120E-05    5.98865E+03
 2.80052E-05    5.84749E+03
 2.83012E-05    5.73636E+03
 2.87004E-05    5.62062E+03
 2.93092E-05    5.49293E+03
 2.99324E-05    5.39982E+03
 3.07829E-05    5.30875E+03
 3.21043E-05    5.21286E+03
 3.39547E-05    5.12505E+03
 3.69323E-05    5.03341E+03
 4.18952E-05    4.93071E+03
 4.52499E-05    4.88557E+03
 4.58542E-05    4.88354E+03
 4.71572E-05    4.89928E+03
 4.79911E-05    4.94126E+03
 4.84972E-05    4.99359E+03
 4.88393E-05    5.04925E+03
 4.91814E-05    5.13121E+03
 4.94620E-05    5.22803E+03
 4.96725E-05    5.32622E+03
 4.98304E-05    5.41967E+03
 5.00059E-05    5.55007E+03
 5.01813E-05    5.71782E+03
 5.03129E-05    5.87632E+03
 5.04445E-05    6.07180E+03
 5.05518E-05    6.26647E+03
 5.06592E-05    6.50176E+03
 5.07397E-05    6.71169E+03
 5.08202E-05    6.95719E+03
 5.08960E-05    7.22788E+03
 5.09623E-05    7.50302E+03
 5.10286E-05    7.82153E+03
 5.10948E-05    8.19267E+03
 5.11611E-05    8.62829E+03
 5.12053E-05    8.96193E+03
 5.12482E-05    9.32474E+03
 5.12897E-05    9.71909E+03
 5.13312E-05    1.01625E+04
 5.13728E-05    1.06633E+04
 5.14143E-05    1.12318E+04
 5.14558E-05    1.18807E+04
 5.14870E-05    1.24295E+04
 5.15182E-05    1.30407E+04
 5.15493E-05    1.37241E+04
 5.15734E-05    1.43095E+04
 5.16008E-05    1.50452E+04
 5.16282E-05    1.58665E+04
 5.16556E-05    1.67876E+04
 5.16830E-05    1.78262E+04
 5.17035E-05    1.86953E+04
 5.17241E-05    1.96543E+04
 5.17446E-05    2.07168E+04
 5.17652E-05    2.18995E+04
 5.17877E-05    2.33592E+04
 5.18054E-05    2.46439E+04
 5.18230E-05    2.60731E+04
 5.18407E-05    2.76708E+04
 5.18584E-05    2.94663E+04
 5.18717E-05    3.09638E+04
 5.18849E-05    3.26099E+04
 5.18982E-05    3.44253E+04
 5.19114E-05    3.64334E+04
 5.19242E-05    3.85834E+04
 5.19362E-05    4.07945E+04
 5.19481E-05    4.32340E+04
 5.19600E-05    4.59308E+04
 5.19720E-05    4.89174E+04
 5.19839E-05    5.22302E+04
 5.19958E-05    5.59095E+04
 5.20078E-05    5.99997E+04
 5.20197E-05    6.45498E+04
 5.20316E-05    6.96129E+04
 5.20435E-05    7.52466E+04
 5.20533E-05    8.03016E+04
 5.20648E-05    8.68651E+04
 5.20734E-05    9.22412E+04
 5.20820E-05    9.80356E+04
 5.20906E-05    1.04276E+05
 5.20992E-05    1.10988E+05
 5.21107E-05    1.20723E+05
 5.21222E-05    1.31413E+05
 5.21337E-05    1.43122E+05
 5.21431E-05    1.53467E+05
 5.21539E-05    1.66412E+05
 5.21648E-05    1.80410E+05
 5.21757E-05    1.95496E+05
 5.21865E-05    2.11700E+05
 5.21974E-05    2.29041E+05
 5.22112E-05    2.52684E+05
 5.22250E-05    2.78156E+05
 5.22412E-05    3.10478E+05
 5.22554E-05    3.40471E+05
 5.22695E-05    3.72053E+05
 5.22907E-05    4.21919E+05
 5.23261E-05    5.09148E+05
 5.23614E-05    5.96149E+05
 5.23826E-05    6.45169E+05
 5.24038E-05    6.89701E+05
 5.24180E-05    7.16060E+05
 5.24321E-05    7.39206E+05
 5.24463E-05    7.58721E+05
 5.24604E-05    7.74241E+05
 5.24760E-05    7.86355E+05
 5.24901E-05    7.92635E+05
 5.25007E-05    7.94309E+05
 5.25156E-05    7.92250E+05
 5.25297E-05    7.85565E+05
 5.25438E-05    7.74411E+05
 5.25580E-05    7.59013E+05
 5.25721E-05    7.39674E+05
 5.25863E-05    7.16763E+05
 5.26004E-05    6.90707E+05
 5.26216E-05    6.46753E+05
 5.26428E-05    5.98454E+05
 5.26852E-05    4.95577E+05
 5.27135E-05    4.27294E+05
 5.27347E-05    3.78391E+05
 5.27489E-05    3.47424E+05
 5.27672E-05    3.09513E+05
 5.27800E-05    2.84974E+05
 5.27927E-05    2.61911E+05
 5.28040E-05    2.42681E+05
 5.28146E-05    2.25744E+05
 5.28252E-05    2.09860E+05
 5.28358E-05    1.95012E+05
 5.28464E-05    1.81178E+05
 5.28535E-05    1.72502E+05
 5.28659E-05    1.58336E+05
 5.28782E-05    1.45408E+05
 5.28875E-05    1.36483E+05
 5.28968E-05    1.28182E+05
 5.29061E-05    1.20473E+05
 5.29154E-05    1.13322E+05
 5.29246E-05    1.06698E+05
 5.29339E-05    1.00566E+05
 5.29401E-05    9.67360E+04
 5.29525E-05    8.96528E+04
 5.29644E-05    8.34947E+04
 5.29763E-05    7.79346E+04
 5.29883E-05    7.29145E+04
 5.30002E-05    6.83806E+04
 5.30121E-05    6.42834E+04
 5.30241E-05    6.05772E+04
 5.30360E-05    5.72205E+04
 5.30479E-05    5.41760E+04
 5.30599E-05    5.14095E+04
 5.30718E-05    4.88909E+04
 5.30842E-05    4.65119E+04
 5.30974E-05    4.41961E+04
 5.31107E-05    4.20930E+04
 5.31239E-05    4.01775E+04
 5.31416E-05    3.78775E+04
 5.31593E-05    3.58275E+04
 5.31770E-05    3.39908E+04
 5.31946E-05    3.23369E+04
 5.32123E-05    3.08404E+04
 5.32348E-05    2.91280E+04
 5.32554E-05    2.77301E+04
 5.32759E-05    2.64655E+04
 5.33033E-05    2.49563E+04
 5.33307E-05    2.36185E+04
 5.33581E-05    2.24251E+04
 5.33855E-05    2.13548E+04
 5.34129E-05    2.03900E+04
 5.34507E-05    1.92067E+04
 5.34818E-05    1.83405E+04
 5.35234E-05    1.73146E+04
 5.35649E-05    1.64132E+04
 5.36065E-05    1.56161E+04
 5.36480E-05    1.49072E+04
 5.36895E-05    1.42734E+04
 5.37311E-05    1.37040E+04
 5.37947E-05    1.29374E+04
 5.38610E-05    1.22511E+04
 5.39273E-05    1.16582E+04
 5.39935E-05    1.11418E+04
 5.40598E-05    1.06891E+04
 5.41261E-05    1.02895E+04
 5.42056E-05    9.86877E+03
 5.42852E-05    9.50144E+03
 5.43912E-05    9.07958E+03
 5.44973E-05    8.72051E+03
 5.45945E-05    8.43586E+03
 5.47271E-05    8.10299E+03
 5.48596E-05    7.82149E+03
 5.49922E-05    7.58101E+03
 5.51689E-05    7.31086E+03
 5.53457E-05    7.08600E+03
 5.55224E-05    6.89646E+03
 5.57876E-05    6.66287E+03
 5.60630E-05    6.46866E+03
 5.63591E-05    6.30045E+03
 5.67539E-05    6.12301E+03
 5.71542E-05    5.98220E+03
 5.77575E-05    5.82095E+03
 5.83665E-05    5.69996E+03
 5.91900E-05    5.57914E+03
 6.00250E-05    5.48911E+03
 6.13013E-05    5.39043E+03
 6.30432E-05    5.29979E+03
 6.52887E-05    5.22339E+03
 6.85716E-05    5.15280E+03
 7.40623E-05    5.08370E+03
 8.28460E-05    5.02297E+03
 9.93956E-05    4.96301E+03
 1.35086E-04    4.89529E+03
 2.09036E-04    4.78107E+03
 2.38200E-04    4.70780E+03
 2.54494E-04    4.64059E+03
 2.64600E-04    4.57472E+03
 2.71523E-04    4.50505E+03
 2.75747E-04    4.44212E+03
 2.79707E-04    4.35509E+03
 2.82127E-04    4.27751E+03
 2.83960E-04    4.19827E+03
 2.86747E-04    4.03869E+03
 2.87553E-04    4.00679E+03
 2.87663E-04    4.00607E+03
 2.87957E-04    4.01283E+03
 2.88232E-04    4.03713E+03
 2.88415E-04    4.06914E+03
 2.88585E-04    4.11616E+03
 2.88740E-04    4.18098E+03
 2.88857E-04    4.24891E+03
 2.88974E-04    4.34003E+03
 2.89091E-04    4.46353E+03
 2.89176E-04    4.58141E+03
 2.89245E-04    4.70089E+03
 2.89313E-04    4.84900E+03
 2.89359E-04    4.96845E+03
 2.89405E-04    5.10916E+03
 2.89451E-04    5.27664E+03
 2.89497E-04    5.47825E+03
 2.89531E-04    5.65769E+03
 2.89565E-04    5.86716E+03
 2.89600E-04    6.11329E+03
 2.89634E-04    6.40432E+03
 2.89657E-04    6.62820E+03
 2.89680E-04    6.88004E+03
 2.89703E-04    7.16392E+03
 2.89726E-04    7.48443E+03
 2.89749E-04    7.84686E+03
 2.89772E-04    8.25711E+03
 2.89795E-04    8.72192E+03
 2.89818E-04    9.24874E+03
 2.89840E-04    9.84598E+03
 2.89858E-04    1.03457E+04
 2.89872E-04    1.08108E+04
 2.89890E-04    1.14301E+04
 2.89908E-04    1.21123E+04
 2.89926E-04    1.28633E+04
 2.89944E-04    1.36893E+04
 2.89962E-04    1.45972E+04
 2.89980E-04    1.55939E+04
 2.89997E-04    1.66870E+04
 2.90015E-04    1.78843E+04
 2.90033E-04    1.91941E+04
 2.90051E-04    2.06248E+04
 2.90069E-04    2.21852E+04
 2.90087E-04    2.38845E+04
 2.90105E-04    2.57319E+04
 2.90123E-04    2.77366E+04
 2.90140E-04    2.99082E+04
 2.90160E-04    3.25387E+04
 2.90177E-04    3.48908E+04
 2.90193E-04    3.74088E+04
 2.90210E-04    4.01002E+04
 2.90226E-04    4.29709E+04
 2.90248E-04    4.70886E+04
 2.90270E-04    5.15499E+04
 2.90292E-04    5.63661E+04
 2.90314E-04    6.15463E+04
 2.90334E-04    6.63828E+04
 2.90358E-04    7.30216E+04
 2.90383E-04    8.01334E+04
 2.90408E-04    8.77116E+04
 2.90433E-04    9.57437E+04
 2.90457E-04    1.04209E+05
 2.90490E-04    1.16121E+05
 2.90534E-04    1.32964E+05
 2.90582E-04    1.52142E+05
 2.90680E-04    1.92666E+05
 2.90736E-04    2.14637E+05
 2.90780E-04    2.30573E+05
 2.90824E-04    2.44691E+05
 2.90853E-04    2.52848E+05
 2.90883E-04    2.59848E+05
 2.90912E-04    2.65576E+05
 2.90941E-04    2.69938E+05
 2.90974E-04    2.73076E+05
 2.91008E-04    2.74440E+05
 2.91015E-04    2.74465E+05
 2.91046E-04    2.73530E+05
 2.91065E-04    2.72197E+05
 2.91100E-04    2.68050E+05
 2.91135E-04    2.61919E+05
 2.91170E-04    2.53958E+05
 2.91208E-04    2.43503E+05
 2.91249E-04    2.30441E+05
 2.91293E-04    2.14823E+05
 2.91359E-04    1.89371E+05
 2.91455E-04    1.51427E+05
 2.91508E-04    1.31110E+05
 2.91545E-04    1.17859E+05
 2.91581E-04    1.05393E+05
 2.91609E-04    9.66198E+04
 2.91636E-04    8.83727E+04
 2.91664E-04    8.06696E+04
 2.91691E-04    7.35182E+04
 2.91719E-04    6.69179E+04
 2.91746E-04    6.08591E+04
 2.91765E-04    5.71139E+04
 2.91783E-04    5.35971E+04
 2.91809E-04    4.89663E+04
 2.91834E-04    4.48682E+04
 2.91860E-04    4.11529E+04
 2.91885E-04    3.77958E+04
 2.91911E-04    3.47725E+04
 2.91936E-04    3.20574E+04
 2.91962E-04    2.96256E+04
 2.91987E-04    2.74524E+04
 2.92012E-04    2.55142E+04
 2.92038E-04    2.37883E+04
 2.92063E-04    2.22534E+04
 2.92086E-04    2.10174E+04
 2.92109E-04    1.99066E+04
 2.92132E-04    1.89083E+04
 2.92155E-04    1.80108E+04
 2.92178E-04    1.72035E+04
 2.92201E-04    1.64766E+04
 2.92224E-04    1.58214E+04
 2.92258E-04    1.49557E+04
 2.92293E-04    1.42100E+04
 2.92327E-04    1.35642E+04
 2.92361E-04    1.30019E+04
 2.92384E-04    1.26664E+04
 2.92430E-04    1.20745E+04
 2.92476E-04    1.15691E+04
 2.92522E-04    1.11326E+04
 2.92568E-04    1.07512E+04
 2.92636E-04    1.02602E+04
 2.92705E-04    9.84473E+03
 2.92774E-04    9.48709E+03
 2.92865E-04    9.07966E+03
 2.92969E-04    8.69415E+03
 2.93072E-04    8.36784E+03
 2.93175E-04    8.08780E+03
 2.93278E-04    7.84479E+03
 2.93393E-04    7.60991E+03
 2.93530E-04    7.36737E+03
 2.93713E-04    7.09631E+03
 2.93897E-04    6.87139E+03
 2.94080E-04    6.68196E+03
 2.94355E-04    6.44835E+03
 2.94630E-04    6.26019E+03
 2.94936E-04    6.09022E+03
 2.95303E-04    5.92639E+03
 2.95671E-04    5.79543E+03
 2.96033E-04    5.69115E+03
 2.96511E-04    5.58282E+03
 2.96989E-04    5.50331E+03
 2.97467E-04    5.45318E+03
 2.97801E-04    5.44107E+03
 2.98028E-04    5.44974E+03
 2.98291E-04    5.49017E+03
 2.98476E-04    5.55757E+03
 2.98584E-04    5.62690E+03
 2.98665E-04    5.70462E+03
 2.98745E-04    5.81679E+03
 2.98799E-04    5.91889E+03
 2.98853E-04    6.05062E+03
 2.98907E-04    6.22053E+03
 2.98960E-04    6.43892E+03
 2.98996E-04    6.61736E+03
 2.99032E-04    6.82667E+03
 2.99068E-04    7.07108E+03
 2.99104E-04    7.35500E+03
 2.99140E-04    7.68285E+03
 2.99175E-04    8.05900E+03
 2.99211E-04    8.48746E+03
 2.99247E-04    8.97179E+03
 2.99283E-04    9.51479E+03
 2.99319E-04    1.01183E+04
 2.99354E-04    1.07712E+04
 2.99389E-04    1.14760E+04
 2.99424E-04    1.22354E+04
 2.99471E-04    1.33255E+04
 2.99532E-04    1.48633E+04
 2.99671E-04    1.85562E+04
 2.99728E-04    1.99900E+04
 2.99767E-04    2.08647E+04
 2.99803E-04    2.16130E+04
 2.99837E-04    2.22318E+04
 2.99881E-04    2.28738E+04
 2.99920E-04    2.32844E+04
 2.99956E-04    2.35245E+04
 2.99997E-04    2.36265E+04
 3.00000E-04    2.36266E+04
 3.00040E-04    2.35315E+04
 3.00079E-04    2.32724E+04
 3.00119E-04    2.28439E+04
 3.00161E-04    2.22237E+04
 3.00206E-04    2.13755E+04
 3.00245E-04    2.05539E+04
 3.00302E-04    1.91730E+04
 3.00387E-04    1.69489E+04
 3.00468E-04    1.47716E+04
 3.00514E-04    1.36130E+04
 3.00559E-04    1.25191E+04
 3.00605E-04    1.15056E+04
 3.00639E-04    1.08047E+04
 3.00674E-04    1.01359E+04
 3.00710E-04    9.51598E+03
 3.00746E-04    8.95656E+03
 3.00782E-04    8.45600E+03
 3.00817E-04    8.01171E+03
 3.00841E-04    7.74511E+03
 3.00875E-04    7.40914E+03
 3.00908E-04    7.11356E+03
 3.00942E-04    6.85483E+03
 3.00975E-04    6.62934E+03
 3.01009E-04    6.43357E+03
 3.01059E-04    6.18825E+03
 3.01109E-04    5.99163E+03
 3.01162E-04    5.82771E+03
 3.01214E-04    5.69788E+03
 3.01293E-04    5.55095E+03
 3.01372E-04    5.44472E+03
 3.01477E-04    5.34396E+03
 3.01589E-04    5.26812E+03
 3.01769E-04    5.18471E+03
 3.02008E-04    5.11076E+03
 3.02330E-04    5.04402E+03
 3.02868E-04    4.97214E+03
 3.03728E-04    4.90056E+03
 3.04688E-04    4.84852E+03
 3.05940E-04    4.80891E+03
 3.06520E-04    4.80472E+03
 3.07100E-04    4.81832E+03
 3.07475E-04    4.84518E+03
 3.07837E-04    4.89838E+03
 3.08079E-04    4.96243E+03
 3.08260E-04    5.03923E+03
 3.08411E-04    5.13826E+03
 3.08502E-04    5.22435E+03
 3.08580E-04    5.32421E+03
 3.08658E-04    5.45976E+03
 3.08710E-04    5.57809E+03
 3.08761E-04    5.72658E+03
 3.08813E-04    5.91395E+03
 3.08852E-04    6.08641E+03
 3.08891E-04    6.29216E+03
 3.08932E-04    6.54775E+03
 3.08961E-04    6.76131E+03
 3.08990E-04    7.00376E+03
 3.09019E-04    7.27838E+03
 3.09048E-04    7.58859E+03
 3.09077E-04    7.93793E+03
 3.09106E-04    8.32995E+03
 3.09135E-04    8.76819E+03
 3.09161E-04    9.21345E+03
 3.09198E-04    9.89229E+03
 3.09234E-04    1.06589E+04
 3.09270E-04    1.15176E+04
 3.09306E-04    1.24713E+04
 3.09343E-04    1.35210E+04
 3.09377E-04    1.46060E+04
 3.09412E-04    1.57728E+04
 3.09457E-04    1.74454E+04
 3.09503E-04    1.92317E+04
 3.09578E-04    2.22790E+04
 3.09667E-04    2.60135E+04
 3.09725E-04    2.82799E+04
 3.09764E-04    2.96617E+04
 3.09799E-04    3.07848E+04
 3.09845E-04    3.20643E+04
 3.09880E-04    3.28344E+04
 3.09915E-04    3.34231E+04
 3.09949E-04    3.38135E+04
 3.09983E-04    3.40037E+04
 3.10000E-04    3.40275E+04
 3.10037E-04    3.39069E+04
 3.10073E-04    3.35639E+04
 3.10108E-04    3.30242E+04
 3.10145E-04    3.22600E+04
 3.10186E-04    3.11972E+04
 3.10220E-04    3.01264E+04
 3.10255E-04    2.89312E+04
 3.10313E-04    2.67268E+04
 3.10381E-04    2.39515E+04
 3.10479E-04    1.98902E+04
 3.10528E-04    1.79353E+04
 3.10573E-04    1.62577E+04
 3.10609E-04    1.49937E+04
 3.10645E-04    1.38180E+04
 3.10681E-04    1.27356E+04
 3.10718E-04    1.17487E+04
 3.10754E-04    1.08571E+04
 3.10790E-04    1.00583E+04
 3.10814E-04    9.57561E+03
 3.10839E-04    9.13097E+03
 3.10875E-04    8.53165E+03
 3.10911E-04    8.00783E+03
 3.10947E-04    7.55277E+03
 3.10976E-04    7.23354E+03
 3.11005E-04    6.95038E+03
 3.11044E-04    6.62301E+03
 3.11083E-04    6.34595E+03
 3.11121E-04    6.11206E+03
 3.11160E-04    5.91488E+03
 3.11199E-04    5.74868E+03
 3.11237E-04    5.60843E+03
 3.11287E-04    5.45980E+03
 3.11347E-04    5.31570E+03
 3.11408E-04    5.20245E+03
 3.11498E-04    5.07338E+03
 3.11589E-04    4.97743E+03
 3.11680E-04    4.90316E+03
 3.11813E-04    4.81947E+03
 3.12030E-04    4.72116E+03
 3.12320E-04    4.63072E+03
 3.12683E-04    4.55125E+03
 3.13287E-04    4.45789E+03
 3.14012E-04    4.37583E+03
 3.14587E-04    4.32745E+03
 3.15095E-04    4.30608E+03
 3.15427E-04    4.31643E+03
 3.15664E-04    4.34787E+03
 3.15821E-04    4.38818E+03
 3.15957E-04    4.44251E+03
 3.16071E-04    4.50895E+03
 3.16184E-04    4.60413E+03
 3.16270E-04    4.70386E+03
 3.16327E-04    4.78996E+03
 3.16377E-04    4.88399E+03
 3.16421E-04    4.98349E+03
 3.16464E-04    5.10420E+03
 3.16508E-04    5.25210E+03
 3.16552E-04    5.43503E+03
 3.16585E-04    5.60127E+03
 3.16617E-04    5.79828E+03
 3.16650E-04    6.03262E+03
 3.16683E-04    6.31208E+03
 3.16705E-04    6.52801E+03
 3.16727E-04    6.77131E+03
 3.16749E-04    7.04552E+03
 3.16771E-04    7.35459E+03
 3.16793E-04    7.70287E+03
 3.16814E-04    8.09521E+03
 3.16836E-04    8.53687E+03
 3.16858E-04    9.03364E+03
 3.16880E-04    9.59176E+03
 3.16902E-04    1.02181E+04
 3.16924E-04    1.09199E+04
 3.16946E-04    1.17050E+04
 3.16967E-04    1.25817E+04
 3.16984E-04    1.33047E+04
 3.17000E-04    1.40879E+04
 3.17017E-04    1.49355E+04
 3.17033E-04    1.58514E+04
 3.17050E-04    1.68401E+04
 3.17069E-04    1.80835E+04
 3.17089E-04    1.95348E+04
 3.17109E-04    2.11203E+04
 3.17130E-04    2.28484E+04
 3.17150E-04    2.47272E+04
 3.17170E-04    2.67646E+04
 3.17191E-04    2.89682E+04
 3.17211E-04    3.13452E+04
 3.17231E-04    3.39020E+04
 3.17252E-04    3.66444E+04
 3.17272E-04    3.95770E+04
 3.17298E-04    4.36491E+04
 3.17325E-04    4.80497E+04
 3.17351E-04    5.27805E+04
 3.17377E-04    5.78384E+04
 3.17403E-04    6.32161E+04
 3.17436E-04    7.02693E+04
 3.17475E-04    7.94226E+04
 3.17522E-04    9.11147E+04
 3.17587E-04    1.08003E+05
 3.17680E-04    1.32621E+05
 3.17721E-04    1.43048E+05
 3.17761E-04    1.52327E+05
 3.17798E-04    1.60493E+05
 3.17832E-04    1.66950E+05
 3.17874E-04    1.73767E+05
 3.17902E-04    1.77441E+05
 3.17930E-04    1.80359E+05
 3.17961E-04    1.82688E+05
 3.17989E-04    1.83872E+05
 3.18015E-04    1.84232E+05
 3.18050E-04    1.83558E+05
 3.18084E-04    1.81687E+05
 3.18118E-04    1.78661E+05
 3.18147E-04    1.75119E+05
 3.18182E-04    1.69897E+05
 3.18221E-04    1.62893E+05
 3.18263E-04    1.54244E+05
 3.18318E-04    1.41650E+05
 3.18378E-04    1.26653E+05
 3.18483E-04    9.99139E+04
 3.18535E-04    8.71613E+04
 3.18579E-04    7.71736E+04
 3.18614E-04    6.96983E+04
 3.18649E-04    6.27321E+04
 3.18676E-04    5.78598E+04
 3.18702E-04    5.32973E+04
 3.18728E-04    4.90470E+04
 3.18754E-04    4.51831E+04
 3.18779E-04    4.16122E+04
 3.18805E-04    3.83264E+04
 3.18831E-04    3.53160E+04
 3.18857E-04    3.25687E+04
 3.18882E-04    3.00717E+04
 3.18908E-04    2.78106E+04
 3.18934E-04    2.57704E+04
 3.18959E-04    2.39852E+04
 3.18984E-04    2.23803E+04
 3.19009E-04    2.09417E+04
 3.19034E-04    1.96561E+04
 3.19059E-04    1.85102E+04
 3.19084E-04    1.74918E+04
 3.19109E-04    1.65891E+04
 3.19134E-04    1.57913E+04
 3.19159E-04    1.50879E+04
 3.19184E-04    1.44698E+04
 3.19211E-04    1.38862E+04
 3.19242E-04    1.33115E+04
 3.19273E-04    1.28294E+04
 3.19304E-04    1.24278E+04
 3.19336E-04    1.20962E+04
 3.19367E-04    1.18253E+04
 3.19409E-04    1.15445E+04
 3.19450E-04    1.13406E+04
 3.19492E-04    1.11993E+04
 3.19534E-04    1.11083E+04
 3.19600E-04    1.10405E+04
 3.19643E-04    1.10321E+04
 3.19810E-04    1.10779E+04
 3.19886E-04    1.10578E+04
 3.19956E-04    1.09780E+04
 3.20021E-04    1.08404E+04
 3.20073E-04    1.06812E+04
 3.20145E-04    1.03976E+04
 3.20221E-04    1.00221E+04
 3.20335E-04    9.36419E+03
 3.20475E-04    8.51841E+03
 3.20565E-04    8.01651E+03
 3.20633E-04    7.67216E+03
 3.20704E-04    7.35733E+03
 3.20776E-04    7.08884E+03
 3.20847E-04    6.86463E+03
 3.20919E-04    6.68016E+03
 3.20990E-04    6.52962E+03
 3.21069E-04    6.39591E+03
 3.21186E-04    6.24210E+03
 3.21304E-04    6.12649E+03
 3.21461E-04    6.00816E+03
 3.21737E-04    5.85276E+03
 3.22094E-04    5.70230E+03
 3.22570E-04    5.55088E+03
 3.23106E-04    5.42187E+03
 3.23641E-04    5.32102E+03
 3.24405E-04    5.20882E+03
 3.25219E-04    5.11628E+03
 3.26577E-04    5.00049E+03
 3.27777E-04    4.92813E+03
 3.28339E-04    4.91121E+03
 3.28621E-04    4.92042E+03
 3.28782E-04    4.94496E+03
 3.28889E-04    4.97877E+03
 3.28996E-04    5.03609E+03
 3.29082E-04    5.10732E+03
 3.29182E-04    5.22554E+03
 3.29249E-04    5.32994E+03
 3.29315E-04    5.45663E+03
 3.29410E-04    5.67590E+03
 3.29506E-04    5.93312E+03
 3.29711E-04    6.52467E+03
 3.29787E-04    6.70997E+03
 3.29863E-04    6.85090E+03
 3.29920E-04    6.91911E+03
 3.29983E-04    6.95167E+03
 3.29991E-04    6.95250E+03
 3.30036E-04    6.94262E+03
 3.30099E-04    6.88919E+03
 3.30156E-04    6.80324E+03
 3.30213E-04    6.68638E+03
 3.30289E-04    6.49307E+03
 3.30548E-04    5.72792E+03
 3.30637E-04    5.49495E+03
 3.30708E-04    5.33592E+03
 3.30780E-04    5.20260E+03
 3.30870E-04    5.06924E+03
 3.30960E-04    4.97070E+03
 3.31051E-04    4.90008E+03
 3.31141E-04    4.85034E+03
 3.31284E-04    4.79995E+03
 3.31426E-04    4.76951E+03
 3.31711E-04    4.73378E+03
 3.32710E-04    4.66472E+03
 3.36104E-04    4.47708E+03
 3.38983E-04    4.28754E+03
 3.39145E-04    4.28555E+03
 3.39387E-04    4.29768E+03
 3.39833E-04    4.34318E+03
 3.39871E-04    4.34410E+03
 3.40067E-04    4.33071E+03
 3.40289E-04    4.28065E+03
 3.40722E-04    4.15700E+03
 3.41022E-04    4.10273E+03
 3.41520E-04    4.05499E+03
 3.41948E-04    4.04051E+03
 3.42260E-04    4.05598E+03
 3.42429E-04    4.08113E+03
 3.42598E-04    4.12526E+03
 3.42725E-04    4.17642E+03
 3.42821E-04    4.22959E+03
 3.42929E-04    4.30929E+03
 3.43037E-04    4.41837E+03
 3.43118E-04    4.52729E+03
 3.43198E-04    4.66909E+03
 3.43246E-04    4.77410E+03
 3.43294E-04    4.89954E+03
 3.43342E-04    5.05087E+03
 3.43390E-04    5.23536E+03
 3.43426E-04    5.40121E+03
 3.43462E-04    5.59631E+03
 3.43498E-04    5.82710E+03
 3.43534E-04    6.10147E+03
 3.43558E-04    6.31329E+03
 3.43582E-04    6.55208E+03
 3.43606E-04    6.82171E+03
 3.43630E-04    7.12646E+03
 3.43654E-04    7.47123E+03
 3.43678E-04    7.86150E+03
 3.43701E-04    8.30345E+03
 3.43725E-04    8.80391E+03
 3.43749E-04    9.37052E+03
 3.43767E-04    9.84393E+03
 3.43785E-04    1.03631E+04
 3.43803E-04    1.09323E+04
 3.43821E-04    1.15557E+04
 3.43839E-04    1.22383E+04
 3.43857E-04    1.29848E+04
 3.43875E-04    1.38007E+04
 3.43893E-04    1.46915E+04
 3.43911E-04    1.56631E+04
 3.43929E-04    1.67215E+04
 3.43947E-04    1.78731E+04
 3.43965E-04    1.91245E+04
 3.43987E-04    2.08252E+04
 3.44010E-04    2.27032E+04
 3.44032E-04    2.47723E+04
 3.44054E-04    2.70462E+04
 3.44076E-04    2.95391E+04
 3.44099E-04    3.22648E+04
 3.44121E-04    3.52371E+04
 3.44143E-04    3.84689E+04
 3.44166E-04    4.19730E+04
 3.44188E-04    4.57606E+04
 3.44212E-04    5.01160E+04
 3.44238E-04    5.54087E+04
 3.44265E-04    6.11456E+04
 3.44291E-04    6.73339E+04
 3.44318E-04    7.39766E+04
 3.44345E-04    8.10702E+04
 3.44374E-04    8.95177E+04
 3.44404E-04    9.84946E+04
 3.44434E-04    1.07968E+05
 3.44473E-04    1.21180E+05
 3.44521E-04    1.38157E+05
 3.44678E-04    1.96142E+05
 3.44722E-04    2.11373E+05
 3.44764E-04    2.25014E+05
 3.44791E-04    2.33211E+05
 3.44834E-04    2.44554E+05
 3.44865E-04    2.51452E+05
 3.44896E-04    2.57228E+05
 3.44926E-04    2.61794E+05
 3.44962E-04    2.65463E+05
 3.45001E-04    2.67473E+05
 3.45015E-04    2.67654E+05
 3.45048E-04    2.66937E+05
 3.45086E-04    2.64230E+05
 3.45115E-04    2.60788E+05
 3.45147E-04    2.55691E+05
 3.45184E-04    2.48318E+05
 3.45227E-04    2.37853E+05
 3.45275E-04    2.24060E+05
 3.45328E-04    2.07077E+05
 3.45404E-04    1.80625E+05
 3.45498E-04    1.47002E+05
 3.45550E-04    1.29271E+05
 3.45596E-04    1.14372E+05
 3.45634E-04    1.02734E+05
 3.45663E-04    9.45280E+04
 3.45692E-04    8.67964E+04
 3.45721E-04    7.95556E+04
 3.45746E-04    7.36820E+04
 3.45771E-04    6.81826E+04
 3.45795E-04    6.30532E+04
 3.45820E-04    5.82872E+04
 3.45845E-04    5.38745E+04
 3.45870E-04    4.98031E+04
 3.45895E-04    4.60588E+04
 3.45920E-04    4.26261E+04
 3.45939E-04    4.01868E+04
 3.45958E-04    3.79142E+04
 3.45978E-04    3.57999E+04
 3.45997E-04    3.38358E+04
 3.46016E-04    3.20136E+04
 3.46035E-04    3.03254E+04
 3.46054E-04    2.87628E+04
 3.46073E-04    2.73183E+04
 3.46093E-04    2.59838E+04
 3.46121E-04    2.41727E+04
 3.46150E-04    2.25691E+04
 3.46179E-04    2.11504E+04
 3.46207E-04    1.98963E+04
 3.46239E-04    1.87011E+04
 3.46263E-04    1.78841E+04
 3.46287E-04    1.71460E+04
 3.46323E-04    1.61690E+04
 3.46358E-04    1.53265E+04
 3.46394E-04    1.45973E+04
 3.46430E-04    1.39632E+04
 3.46466E-04    1.34089E+04
 3.46502E-04    1.29216E+04
 3.46538E-04    1.24905E+04
 3.46586E-04    1.19882E+04
 3.46634E-04    1.15532E+04
 3.46682E-04    1.11724E+04
 3.46754E-04    1.06815E+04
 3.46826E-04    1.02651E+04
 3.46897E-04    9.90601E+03
 3.46993E-04    9.49603E+03
 3.47084E-04    9.16547E+03
 3.47174E-04    8.87790E+03
 3.47295E-04    8.54762E+03
 3.47415E-04    8.26577E+03
 3.47577E-04    7.94737E+03
 3.47728E-04    7.69662E+03
 3.47880E-04    7.48321E+03
 3.48083E-04    7.24547E+03
 3.48285E-04    7.05245E+03
 3.48514E-04    6.88553E+03
 3.48666E-04    6.81198E+03
 3.48781E-04    6.78722E+03
 3.48819E-04    6.78703E+03
 3.48931E-04    6.81815E+03
 3.49002E-04    6.86956E+03
 3.49074E-04    6.95244E+03
 3.49145E-04    7.07271E+03
 3.49207E-04    7.21123E+03
 3.49285E-04    7.43666E+03
 3.49364E-04    7.71819E+03
 3.49435E-04    8.01651E+03
 3.49525E-04    8.43799E+03
 3.49665E-04    9.12605E+03
 3.49741E-04    9.46533E+03
 3.49817E-04    9.74256E+03
 3.49874E-04    9.89360E+03
 3.49927E-04    9.98053E+03
 3.49979E-04    1.00133E+04
 3.50033E-04    9.98758E+03
 3.50088E-04    9.90159E+03
 3.50141E-04    9.76158E+03
 3.50198E-04    9.55699E+03
 3.50274E-04    9.21285E+03
 3.50351E-04    8.81252E+03
 3.50512E-04    7.90892E+03
 3.50603E-04    7.43856E+03
 3.50681E-04    7.07851E+03
 3.50748E-04    6.81493E+03
 3.50815E-04    6.59104E+03
 3.50881E-04    6.40514E+03
 3.50967E-04    6.21607E+03
 3.51046E-04    6.08427E+03
 3.51124E-04    5.98388E+03
 3.51229E-04    5.88617E+03
 3.51334E-04    5.81677E+03
 3.51524E-04    5.73185E+03
 3.51715E-04    5.67332E+03
 3.52096E-04    5.58719E+03
 3.52858E-04    5.46265E+03
 3.54026E-04    5.32511E+03
 3.55245E-04    5.21762E+03
 3.56957E-04    5.10403E+03
 3.57955E-04    5.05922E+03
 3.58288E-04    5.05421E+03
 3.58526E-04    5.06241E+03
 3.58730E-04    5.09327E+03
 3.58884E-04    5.15111E+03
 3.58973E-04    5.20915E+03
 3.59049E-04    5.27887E+03
 3.59125E-04    5.37165E+03
 3.59201E-04    5.49132E+03
 3.59287E-04    5.66121E+03
 3.59382E-04    5.89391E+03
 3.59429E-04    6.02583E+03
 3.59578E-04    6.47939E+03
 3.59711E-04    6.88069E+03
 3.59787E-04    7.07313E+03
 3.59863E-04    7.21848E+03
 3.59932E-04    7.29889E+03
 3.59998E-04    7.32301E+03
 3.60061E-04    7.29709E+03
 3.60118E-04    7.23309E+03
 3.60175E-04    7.13382E+03
 3.60251E-04    6.95520E+03
 3.60327E-04    6.73753E+03
 3.60573E-04    5.96164E+03
 3.60666E-04    5.70608E+03
 3.60744E-04    5.52224E+03
 3.60823E-04    5.37024E+03
 3.60900E-04    5.24960E+03
 3.60977E-04    5.15700E+03
 3.61079E-04    5.06681E+03
 3.61182E-04    5.00538E+03
 3.61284E-04    4.96379E+03
 3.61462E-04    4.91939E+03
 3.61819E-04    4.87444E+03
 3.62710E-04    4.81352E+03
 3.66947E-04    4.60125E+03
 3.67901E-04    4.57574E+03
 3.68311E-04    4.58449E+03
 3.68586E-04    4.61284E+03
 3.68750E-04    4.65275E+03
 3.68860E-04    4.69832E+03
 3.68970E-04    4.76784E+03
 3.69075E-04    4.86556E+03
 3.69153E-04    4.96422E+03
 3.69232E-04    5.08804E+03
 3.69311E-04    5.23871E+03
 3.69389E-04    5.41579E+03
 3.69498E-04    5.69738E+03
 3.69725E-04    6.33454E+03
 3.69802E-04    6.52652E+03
 3.69878E-04    6.69023E+03
 3.69971E-04    6.84300E+03
 3.70069E-04    6.94487E+03
 3.70298E-04    7.07180E+03
 3.70355E-04    7.12974E+03
 3.70412E-04    7.22687E+03
 3.70456E-04    7.34192E+03
 3.70501E-04    7.50405E+03
 3.70530E-04    7.64484E+03
 3.70560E-04    7.81707E+03
 3.70590E-04    8.02586E+03
 3.70619E-04    8.27698E+03
 3.70649E-04    8.57683E+03
 3.70682E-04    8.97955E+03
 3.70704E-04    9.29256E+03
 3.70726E-04    9.64547E+03
 3.70748E-04    1.00423E+04
 3.70770E-04    1.04872E+04
 3.70792E-04    1.09849E+04
 3.70814E-04    1.15403E+04
 3.70836E-04    1.21584E+04
 3.70859E-04    1.28449E+04
 3.70881E-04    1.36055E+04
 3.70903E-04    1.44462E+04
 3.70925E-04    1.53735E+04
 3.70947E-04    1.63937E+04
 3.70969E-04    1.75136E+04
 3.70991E-04    1.87401E+04
 3.71015E-04    2.01721E+04
 3.71040E-04    2.18428E+04
 3.71065E-04    2.36781E+04
 3.71090E-04    2.56876E+04
 3.71115E-04    2.78807E+04
 3.71140E-04    3.02657E+04
 3.71165E-04    3.28507E+04
 3.71190E-04    3.56421E+04
 3.71214E-04    3.85687E+04
 3.71238E-04    4.16186E+04
 3.71261E-04    4.48655E+04
 3.71285E-04    4.83099E+04
 3.71321E-04    5.38431E+04
 3.71356E-04    5.98043E+04
 3.71392E-04    6.61695E+04
 3.71424E-04    7.22151E+04
 3.71472E-04    8.17671E+04
 3.71533E-04    9.44049E+04
 3.71658E-04    1.21014E+05
 3.71713E-04    1.32016E+05
 3.71764E-04    1.41355E+05
 3.71804E-04    1.47799E+05
 3.71840E-04    1.52880E+05
 3.71882E-04    1.57745E+05
 3.71924E-04    1.61400E+05
 3.71947E-04    1.62849E+05
 3.71987E-04    1.64420E+05
 3.72019E-04    1.64773E+05
 3.72060E-04    1.64037E+05
 3.72095E-04    1.62365E+05
 3.72129E-04    1.59850E+05
 3.72169E-04    1.55874E+05
 3.72213E-04    1.50348E+05
 3.72262E-04    1.42824E+05
 3.72300E-04    1.36275E+05
 3.72363E-04    1.24399E+05
 3.72454E-04    1.05933E+05
 3.72544E-04    8.75530E+04
 3.72591E-04    7.83444E+04
 3.72639E-04    6.96549E+04
 3.72674E-04    6.35439E+04
 3.72710E-04    5.78169E+04
 3.72746E-04    5.24943E+04
 3.72781E-04    4.75864E+04
 3.72805E-04    4.45459E+04
 3.72829E-04    4.16890E+04
 3.72853E-04    3.90127E+04
 3.72876E-04    3.65128E+04
 3.72900E-04    3.41844E+04
 3.72929E-04    3.16079E+04
 3.72954E-04    2.95396E+04
 3.72979E-04    2.76363E+04
 3.73003E-04    2.58889E+04
 3.73028E-04    2.42884E+04
 3.73053E-04    2.28254E+04
 3.73078E-04    2.14906E+04
 3.73103E-04    2.02748E+04
 3.73128E-04    1.91689E+04
 3.73153E-04    1.81644E+04
 3.73178E-04    1.72528E+04
 3.73202E-04    1.64448E+04
 3.73227E-04    1.57107E+04
 3.73251E-04    1.50440E+04
 3.73288E-04    1.41569E+04
 3.73324E-04    1.33884E+04
 3.73361E-04    1.27218E+04
 3.73397E-04    1.21421E+04
 3.73434E-04    1.16366E+04
 3.73470E-04    1.11940E+04
 3.73519E-04    1.06857E+04
 3.73568E-04    1.02538E+04
 3.73627E-04    9.80905E+03
 3.73686E-04    9.43498E+03
 3.73746E-04    9.11584E+03
 3.73805E-04    8.83993E+03
 3.73894E-04    8.48863E+03
 3.73983E-04    8.19459E+03
 3.74075E-04    7.93622E+03
 3.74173E-04    7.70051E+03
 3.74304E-04    7.43491E+03
 3.74434E-04    7.21224E+03
 3.74624E-04    6.94576E+03
 3.74802E-04    6.74230E+03
 3.75040E-04    6.52205E+03
 3.75278E-04    6.34495E+03
 3.75515E-04    6.19990E+03
 3.75897E-04    6.01559E+03
 3.76280E-04    5.87566E+03
 3.76535E-04    5.80119E+03
 3.77030E-04    5.69178E+03
 3.77401E-04    5.63850E+03
 3.77803E-04    5.61444E+03
 3.78082E-04    5.63066E+03
 3.78249E-04    5.66505E+03
 3.78360E-04    5.70693E+03
 3.78470E-04    5.77368E+03
 3.78552E-04    5.84867E+03
 3.78634E-04    5.95643E+03
 3.78688E-04    6.05342E+03
 3.78743E-04    6.17684E+03
 3.78797E-04    6.33336E+03
 3.78852E-04    6.53083E+03
 3.78904E-04    6.76576E+03
 3.78956E-04    7.05473E+03
 3.78990E-04    7.28190E+03
 3.79025E-04    7.53990E+03
 3.79060E-04    7.83142E+03
 3.79094E-04    8.15905E+03
 3.79129E-04    8.52515E+03
 3.79166E-04    8.96245E+03
 3.79203E-04    9.44820E+03
 3.79240E-04    9.98365E+03
 3.79277E-04    1.05691E+04
 3.79327E-04    1.14260E+04
 3.79374E-04    1.23162E+04
 3.79421E-04    1.32725E+04
 3.79491E-04    1.48036E+04
 3.79648E-04    1.83162E+04
 3.79707E-04    1.95564E+04
 3.79766E-04    2.06609E+04
 3.79818E-04    2.14676E+04
 3.79863E-04    2.20387E+04
 3.79905E-04    2.24278E+04
 3.79942E-04    2.26598E+04
 3.79974E-04    2.27685E+04
 3.79997E-04    2.27927E+04
 3.80042E-04    2.27125E+04
 3.80082E-04    2.24982E+04
 3.80123E-04    2.21444E+04
 3.80166E-04    2.16309E+04
 3.80214E-04    2.09248E+04
 3.80273E-04    1.98621E+04
 3.80333E-04    1.86473E+04
 3.80400E-04    1.71439E+04
 3.80532E-04    1.41528E+04
 3.80603E-04    1.26465E+04
 3.80650E-04    1.17155E+04
 3.80698E-04    1.08335E+04
 3.80735E-04    1.02099E+04
 3.80772E-04    9.63600E+03
 3.80809E-04    9.11193E+03
 3.80846E-04    8.63713E+03
 3.80889E-04    8.15660E+03
 3.80923E-04    7.80465E+03
 3.80958E-04    7.48989E+03
 3.80992E-04    7.20982E+03
 3.81027E-04    6.96179E+03
 3.81062E-04    6.74307E+03
 3.81114E-04    6.46400E+03
 3.81148E-04    6.30675E+03
 3.81203E-04    6.09932E+03
 3.81257E-04    5.93264E+03
 3.81312E-04    5.79889E+03
 3.81393E-04    5.64579E+03
 3.81475E-04    5.53430E+03
 3.81584E-04    5.42864E+03
 3.81708E-04    5.34569E+03
 3.81832E-04    5.28604E+03
 3.82079E-04    5.20382E+03
 3.82413E-04    5.13134E+03
 3.82970E-04    5.05330E+03
 3.83663E-04    4.98891E+03
 3.84807E-04    4.91709E+03
 3.86162E-04    4.86821E+03
 3.86667E-04    4.86421E+03
 3.87273E-04    4.88195E+03
 3.87626E-04    4.91528E+03
 3.87929E-04    4.97275E+03
 3.88144E-04    5.04636E+03
 3.88270E-04    5.11461E+03
 3.88365E-04    5.18692E+03
 3.88460E-04    5.28782E+03
 3.88523E-04    5.37827E+03
 3.88586E-04    5.49459E+03
 3.88634E-04    5.60545E+03
 3.88682E-04    5.74075E+03
 3.88730E-04    5.90602E+03
 3.88778E-04    6.10773E+03
 3.88826E-04    6.35332E+03
 3.88862E-04    6.57131E+03
 3.88898E-04    6.82249E+03
 3.88934E-04    7.11093E+03
 3.88970E-04    7.44080E+03
 3.89008E-04    7.83752E+03
 3.89046E-04    8.28979E+03
 3.89083E-04    8.80233E+03
 3.89121E-04    9.37940E+03
 3.89159E-04    1.00247E+04
 3.89197E-04    1.07409E+04
 3.89235E-04    1.15298E+04
 3.89273E-04    1.23916E+04
 3.89311E-04    1.33250E+04
 3.89349E-04    1.43267E+04
 3.89394E-04    1.56081E+04
 3.89454E-04    1.74276E+04
 3.89560E-04    2.08170E+04
 3.89636E-04    2.32629E+04
 3.89697E-04    2.50842E+04
 3.89758E-04    2.67158E+04
 3.89798E-04    2.76595E+04
 3.89840E-04    2.84992E+04
 3.89879E-04    2.91081E+04
 3.89916E-04    2.95454E+04
 3.89954E-04    2.98347E+04
 3.89997E-04    2.99593E+04
 3.90000E-04    2.99596E+04
 3.90042E-04    2.98494E+04
 3.90083E-04    2.95428E+04
 3.90121E-04    2.90903E+04
 3.90160E-04    2.84763E+04
 3.90202E-04    2.76313E+04
 3.90242E-04    2.66830E+04
 3.90303E-04    2.50453E+04
 3.90364E-04    2.32189E+04
 3.90546E-04    1.73718E+04
 3.90606E-04    1.55486E+04
 3.90651E-04    1.42643E+04
 3.90689E-04    1.32598E+04
 3.90727E-04    1.23235E+04
 3.90765E-04    1.14585E+04
 3.90803E-04    1.06661E+04
 3.90841E-04    9.94608E+03
 3.90879E-04    9.29672E+03
 3.90917E-04    8.71526E+03
 3.90954E-04    8.19811E+03
 3.90992E-04    7.74099E+03
 3.91030E-04    7.33925E+03
 3.91066E-04    7.00441E+03
 3.91102E-04    6.71092E+03
 3.91138E-04    6.45458E+03
 3.91174E-04    6.23139E+03
 3.91222E-04    5.97877E+03
 3.91270E-04    5.76999E+03
 3.91318E-04    5.59765E+03
 3.91366E-04    5.45529E+03
 3.91414E-04    5.33743E+03
 3.91477E-04    5.21195E+03
 3.91540E-04    5.11243E+03
 3.91635E-04    4.99811E+03
 3.91730E-04    4.91254E+03
 3.91856E-04    4.82679E+03
 3.92007E-04    4.75007E+03
 3.92272E-04    4.65355E+03
 3.92626E-04    4.56306E+03
 3.93131E-04    4.46868E+03
 3.94141E-04    4.32493E+03
 3.95404E-04    4.17515E+03
 3.95827E-04    4.13973E+03
 3.96169E-04    4.12917E+03
 3.96421E-04    4.14269E+03
 3.96582E-04    4.16825E+03
 3.96744E-04    4.21528E+03
 3.96865E-04    4.27208E+03
 3.96986E-04    4.35752E+03
 3.97081E-04    4.45515E+03
 3.97152E-04    4.55480E+03
 3.97224E-04    4.68719E+03
 3.97271E-04    4.80033E+03
 3.97319E-04    4.93989E+03
 3.97366E-04    5.11343E+03
 3.97402E-04    5.27171E+03
 3.97437E-04    5.45972E+03
 3.97473E-04    5.68372E+03
 3.97509E-04    5.95119E+03
 3.97532E-04    6.15799E+03
 3.97556E-04    6.39107E+03
 3.97580E-04    6.65385E+03
 3.97604E-04    6.95007E+03
 3.97627E-04    7.28393E+03
 3.97651E-04    7.66003E+03
 3.97675E-04    8.08346E+03
 3.97699E-04    8.55976E+03
 3.97722E-04    9.09500E+03
 3.97746E-04    9.69572E+03
 3.97765E-04    1.02422E+04
 3.97785E-04    1.08416E+04
 3.97804E-04    1.14985E+04
 3.97824E-04    1.22173E+04
 3.97843E-04    1.30032E+04
 3.97863E-04    1.38610E+04
 3.97882E-04    1.47962E+04
 3.97902E-04    1.58141E+04
 3.97921E-04    1.69205E+04
 3.97941E-04    1.81212E+04
 3.97960E-04    1.94220E+04
 3.97980E-04    2.08288E+04
 3.97999E-04    2.23478E+04
 3.98019E-04    2.39848E+04
 3.98038E-04    2.57459E+04
 3.98058E-04    2.76368E+04
 3.98078E-04    2.97145E+04
 3.98098E-04    3.19401E+04
 3.98117E-04    3.43193E+04
 3.98137E-04    3.68569E+04
 3.98164E-04    4.04947E+04
 3.98191E-04    4.44319E+04
 3.98217E-04    4.86749E+04
 3.98244E-04    5.32284E+04
 3.98270E-04    5.80935E+04
 3.98299E-04    6.36502E+04
 3.98327E-04    6.95552E+04
 3.98365E-04    7.79488E+04
 3.98403E-04    8.68948E+04
 3.98447E-04    9.77822E+04
 3.98509E-04    1.14013E+05
 3.98646E-04    1.51244E+05
 3.98691E-04    1.62935E+05
 3.98734E-04    1.73262E+05
 3.98775E-04    1.82377E+05
 3.98812E-04    1.89619E+05
 3.98854E-04    1.96865E+05
 3.98900E-04    2.02998E+05
 3.98930E-04    2.06063E+05
 3.98964E-04    2.08472E+05
 3.99002E-04    2.09803E+05
 3.99020E-04    2.09957E+05
 3.99061E-04    2.09102E+05
 3.99097E-04    2.06970E+05
 3.99134E-04    2.03594E+05
 3.99176E-04    1.98180E+05
 3.99217E-04    1.91590E+05
 3.99261E-04    1.83200E+05
 3.99312E-04    1.72203E+05
 3.99372E-04    1.57628E+05
 3.99472E-04    1.31825E+05
 3.99543E-04    1.13365E+05
 3.99600E-04    9.92257E+04
 3.99648E-04    8.81287E+04
 3.99686E-04    7.98013E+04
 3.99724E-04    7.20177E+04
 3.99752E-04    6.65568E+04
 3.99781E-04    6.14274E+04
 3.99805E-04    5.73306E+04
 3.99835E-04    5.26749E+04
 3.99864E-04    4.83709E+04
 3.99893E-04    4.44102E+04
 3.99923E-04    4.07810E+04
 3.99952E-04    3.74694E+04
 3.99974E-04    3.51844E+04
 3.99997E-04    3.30619E+04
 4.00019E-04    3.10939E+04
 4.00038E-04    2.94997E+04
 4.00062E-04    2.76773E+04
 4.00085E-04    2.60067E+04
 4.00109E-04    2.44777E+04
 4.00133E-04    2.30807E+04
 4.00157E-04    2.18060E+04
 4.00180E-04    2.06444E+04
 4.00204E-04    1.95870E+04
 4.00228E-04    1.86252E+04
 4.00252E-04    1.77509E+04
 4.00275E-04    1.69566E+04
 4.00299E-04    1.62351E+04
 4.00335E-04    1.52747E+04
 4.00370E-04    1.44426E+04
 4.00406E-04    1.37206E+04
 4.00442E-04    1.30927E+04
 4.00477E-04    1.25449E+04
 4.00513E-04    1.20654E+04
 4.00548E-04    1.16437E+04
 4.00596E-04    1.11566E+04
 4.00644E-04    1.07397E+04
 4.00691E-04    1.03793E+04
 4.00762E-04    9.92194E+03
 4.00817E-04    9.62403E+03
 4.00879E-04    9.32999E+03
 4.00971E-04    8.95461E+03
 4.01064E-04    8.63893E+03
 4.01156E-04    8.36837E+03
 4.01280E-04    8.06123E+03
 4.01423E-04    7.76484E+03
 4.01565E-04    7.51568E+03
 4.01755E-04    7.23889E+03
 4.01945E-04    7.01009E+03
 4.02135E-04    6.81769E+03
 4.02420E-04    6.58022E+03
 4.02705E-04    6.38827E+03
 4.03077E-04    6.18661E+03
 4.03493E-04    6.00791E+03
 4.03908E-04    5.86400E+03
 4.04384E-04    5.72979E+03
 4.05098E-04    5.57114E+03
 4.05812E-04    5.44772E+03
 4.06716E-04    5.32624E+03
 4.07621E-04    5.23702E+03
 4.08156E-04    5.20727E+03
 4.08263E-04    5.20642E+03
 4.08525E-04    5.22483E+03
 4.08692E-04    5.27068E+03
 4.08804E-04    5.33175E+03
 4.08888E-04    5.40250E+03
 4.08972E-04    5.50204E+03
 4.09043E-04    5.61481E+03
 4.09115E-04    5.75780E+03
 4.09186E-04    5.93432E+03
 4.09258E-04    6.14608E+03
 4.09329E-04    6.39251E+03
 4.09400E-04    6.66997E+03
 4.09520E-04    7.18466E+03
 4.09636E-04    7.69344E+03
 4.09718E-04    8.02064E+03
 4.09794E-04    8.27542E+03
 4.09852E-04    8.42300E+03
 4.09909E-04    8.52570E+03
 4.09968E-04    8.57953E+03
 4.09999E-04    8.58544E+03
 4.10061E-04    8.55029E+03
 4.10112E-04    8.47511E+03
 4.10168E-04    8.35104E+03
 4.10206E-04    8.24187E+03
 4.10282E-04    7.97513E+03
 4.10358E-04    7.66039E+03
 4.10557E-04    6.76230E+03
 4.10647E-04    6.38265E+03
 4.10719E-04    6.11508E+03
 4.10790E-04    5.88124E+03
 4.10859E-04    5.68869E+03
 4.10923E-04    5.53825E+03
 4.11009E-04    5.37724E+03
 4.11095E-04    5.25521E+03
 4.11180E-04    5.16460E+03
 4.11280E-04    5.08891E+03
 4.11380E-04    5.03620E+03
 4.11580E-04    4.97148E+03
 4.11856E-04    4.92234E+03
 4.12570E-04    4.84867E+03
 4.14949E-04    4.67749E+03
 4.18027E-04    4.46592E+03
 4.18383E-04    4.45281E+03
 4.18602E-04    4.46164E+03
 4.18766E-04    4.49190E+03
 4.18873E-04    4.53203E+03
 4.18978E-04    4.59467E+03
 4.19082E-04    4.68764E+03
 4.19161E-04    4.78108E+03
 4.19239E-04    4.89663E+03
 4.19344E-04    5.08463E+03
 4.19448E-04    5.30503E+03
 4.19648E-04    5.75587E+03
 4.19726E-04    5.91288E+03
 4.19802E-04    6.03881E+03
 4.19878E-04    6.12794E+03
 4.19944E-04    6.16942E+03
 4.19985E-04    6.17722E+03
 4.20045E-04    6.16288E+03
 4.20107E-04    6.11651E+03
 4.20183E-04    6.01861E+03
 4.20259E-04    5.88232E+03
 4.20373E-04    5.62703E+03
 4.20575E-04    5.12542E+03
 4.20668E-04    4.91417E+03
 4.20761E-04    4.72937E+03
 4.20839E-04    4.59684E+03
 4.20918E-04    4.48634E+03
 4.21022E-04    4.37050E+03
 4.21127E-04    4.28488E+03
 4.21236E-04    4.21996E+03
 4.21407E-04    4.15162E+03
 4.21636E-04    4.09362E+03
 4.22092E-04    4.01480E+03
 4.22687E-04    3.93814E+03
 4.23081E-04    3.91123E+03
 4.23158E-04    3.91033E+03
 4.23349E-04    3.91805E+03
 4.23512E-04    3.94058E+03
 4.23675E-04    3.98602E+03
 4.23797E-04    4.04310E+03
 4.23878E-04    4.09724E+03
 4.23959E-04    4.16945E+03
 4.24025E-04    4.24558E+03
 4.24100E-04    4.35937E+03
 4.24150E-04    4.45651E+03
 4.24200E-04    4.57616E+03
 4.24250E-04    4.72474E+03
 4.24288E-04    4.86012E+03
 4.24325E-04    5.02093E+03
 4.24362E-04    5.21264E+03
 4.24400E-04    5.44187E+03
 4.24437E-04    5.71666E+03
 4.24462E-04    5.92982E+03
 4.24487E-04    6.17076E+03
 4.24513E-04    6.44317E+03
 4.24538E-04    6.75117E+03
 4.24562E-04    7.09937E+03
 4.24587E-04    7.49287E+03
 4.24612E-04    7.93730E+03
 4.24638E-04    8.43886E+03
 4.24663E-04    9.00434E+03
 4.24681E-04    9.47484E+03
 4.24700E-04    9.98875E+03
 4.24719E-04    1.05498E+04
 4.24737E-04    1.11615E+04
 4.24756E-04    1.18280E+04
 4.24775E-04    1.25534E+04
 4.24794E-04    1.33420E+04
 4.24810E-04    1.40567E+04
 4.24828E-04    1.49866E+04
 4.24848E-04    1.59952E+04
 4.24867E-04    1.70878E+04
 4.24886E-04    1.82698E+04
 4.24905E-04    1.95467E+04
 4.24923E-04    2.09240E+04
 4.24942E-04    2.24075E+04
 4.24962E-04    2.40028E+04
 4.24981E-04    2.57157E+04
 4.25000E-04    2.75518E+04
 4.25018E-04    2.95166E+04
 4.25037E-04    3.16156E+04
 4.25056E-04    3.38541E+04
 4.25076E-04    3.62370E+04
 4.25095E-04    3.87690E+04
 4.25115E-04    4.16732E+04
 4.25137E-04    4.49942E+04
 4.25159E-04    4.85318E+04
 4.25181E-04    5.22901E+04
 4.25203E-04    5.62721E+04
 4.25236E-04    6.26676E+04
 4.25269E-04    6.95694E+04
 4.25295E-04    7.53582E+04
 4.25325E-04    8.24103E+04
 4.25355E-04    8.98435E+04
 4.25400E-04    1.01649E+05
 4.25450E-04    1.15555E+05
 4.25520E-04    1.36006E+05
 4.25631E-04    1.69015E+05
 4.25693E-04    1.86358E+05
 4.25736E-04    1.97617E+05
 4.25776E-04    2.07130E+05
 4.25822E-04    2.16813E+05
 4.25859E-04    2.23295E+05
 4.25891E-04    2.27973E+05
 4.25925E-04    2.31852E+05
 4.25962E-04    2.34871E+05
 4.26002E-04    2.36478E+05
 4.26024E-04    2.36678E+05
 4.26059E-04    2.35952E+05
 4.26090E-04    2.34270E+05
 4.26131E-04    2.30496E+05
 4.26166E-04    2.26023E+05
 4.26205E-04    2.19904E+05
 4.26253E-04    2.10627E+05
 4.26306E-04    1.98657E+05
 4.26342E-04    1.89439E+05
 4.26395E-04    1.75296E+05
 4.26574E-04    1.24827E+05
 4.26632E-04    1.09290E+05
 4.26672E-04    9.91675E+04
 4.26712E-04    8.96224E+04
 4.26752E-04    8.07134E+04
 4.26791E-04    7.26744E+04
 4.26817E-04    6.76796E+04
 4.26843E-04    6.29783E+04
 4.26869E-04    5.85687E+04
 4.26895E-04    5.44468E+04
 4.26921E-04    5.06066E+04
 4.26947E-04    4.70399E+04
 4.26970E-04    4.41053E+04
 4.27000E-04    4.05756E+04
 4.27030E-04    3.73668E+04
 4.27060E-04    3.44597E+04
 4.27090E-04    3.18341E+04
 4.27120E-04    2.94697E+04
 4.27150E-04    2.73459E+04
 4.27180E-04    2.54428E+04
 4.27210E-04    2.37408E+04
 4.27240E-04    2.22212E+04
 4.27270E-04    2.08662E+04
 4.27293E-04    1.99479E+04
 4.27318E-04    1.90171E+04
 4.27342E-04    1.81722E+04
 4.27367E-04    1.74054E+04
 4.27405E-04    1.63853E+04
 4.27443E-04    1.55016E+04
 4.27480E-04    1.47344E+04
 4.27518E-04    1.40664E+04
 4.27555E-04    1.34826E+04
 4.27580E-04    1.31338E+04
 4.27630E-04    1.25182E+04
 4.27680E-04    1.19939E+04
 4.27730E-04    1.15428E+04
 4.27780E-04    1.11507E+04
 4.27855E-04    1.06495E+04
 4.27930E-04    1.02284E+04
 4.27980E-04    9.98237E+03
 4.28080E-04    9.55480E+03
 4.28170E-04    9.22762E+03
 4.28305E-04    8.81328E+03
 4.28440E-04    8.46824E+03
 4.28575E-04    8.17564E+03
 4.28710E-04    7.92401E+03
 4.28900E-04    7.62388E+03
 4.29100E-04    7.36058E+03
 4.29300E-04    7.13859E+03
 4.29600E-04    6.86382E+03
 4.29860E-04    6.66824E+03
 4.30250E-04    6.42863E+03
 4.30640E-04    6.23600E+03
 4.31036E-04    6.07495E+03
 4.31631E-04    5.88021E+03
 4.32225E-04    5.72523E+03
 4.32914E-04    5.58022E+03
 4.33602E-04    5.46140E+03
 4.34539E-04    5.32960E+03
 4.35497E-04    5.22218E+03
 4.36336E-04    5.14881E+03
 4.37054E-04    5.10630E+03
 4.37413E-04    5.09740E+03
 4.37809E-04    5.10707E+03
 4.38042E-04    5.13244E+03
 4.38198E-04    5.16679E+03
 4.38335E-04    5.21990E+03
 4.38455E-04    5.29737E+03
 4.38545E-04    5.38704E+03
 4.38605E-04    5.46879E+03
 4.38665E-04    5.57391E+03
 4.38725E-04    5.70857E+03
 4.38775E-04    5.84979E+03
 4.38836E-04    6.06317E+03
 4.38877E-04    6.23534E+03
 4.38917E-04    6.43490E+03
 4.38958E-04    6.66488E+03
 4.38999E-04    6.92826E+03
 4.39040E-04    7.22787E+03
 4.39080E-04    7.56625E+03
 4.39128E-04    8.01687E+03
 4.39176E-04    8.52654E+03
 4.39224E-04    9.09627E+03
 4.39272E-04    9.72525E+03
 4.39320E-04    1.04106E+04
 4.39368E-04    1.11470E+04
 4.39440E-04    1.23294E+04
 4.39625E-04    1.55375E+04
 4.39686E-04    1.65060E+04
 4.39743E-04    1.73360E+04
 4.39801E-04    1.80430E+04
 4.39852E-04    1.85503E+04
 4.39893E-04    1.88485E+04
 4.39939E-04    1.90770E+04
 4.39983E-04    1.91780E+04
 4.40000E-04    1.91854E+04
 4.40050E-04    1.91033E+04
 4.40092E-04    1.89201E+04
 4.40132E-04    1.86483E+04
 4.40180E-04    1.82114E+04
 4.40234E-04    1.75908E+04
 4.40291E-04    1.67968E+04
 4.40349E-04    1.58996E+04
 4.40426E-04    1.45918E+04
 4.40577E-04    1.19547E+04
 4.40647E-04    1.08119E+04
 4.40695E-04    1.00942E+04
 4.40742E-04    9.41994E+03
 4.40790E-04    8.80305E+03
 4.40838E-04    8.24573E+03
 4.40883E-04    7.78343E+03
 4.40923E-04    7.40276E+03
 4.40964E-04    7.06270E+03
 4.41005E-04    6.76109E+03
 4.41045E-04    6.49535E+03
 4.41086E-04    6.26264E+03
 4.41127E-04    6.05999E+03
 4.41168E-04    5.88438E+03
 4.41215E-04    5.70840E+03
 4.41271E-04    5.54129E+03
 4.41326E-04    5.40578E+03
 4.41381E-04    5.29615E+03
 4.41463E-04    5.16960E+03
 4.41518E-04    5.10468E+03
 4.41629E-04    5.00772E+03
 4.41772E-04    4.92376E+03
 4.41916E-04    4.86695E+03
 4.42203E-04    4.79247E+03
 4.42551E-04    4.73425E+03
 4.43018E-04    4.68087E+03
 4.43640E-04    4.63297E+03
 4.44346E-04    4.60008E+03
 4.45051E-04    4.58919E+03
 4.45717E-04    4.60521E+03
 4.46217E-04    4.64131E+03
 4.46574E-04    4.68490E+03
 4.46954E-04    4.75363E+03
 4.47335E-04    4.85340E+03
 4.47621E-04    4.95589E+03
 4.47906E-04    5.09067E+03
 4.48134E-04    5.23013E+03
 4.48306E-04    5.36057E+03
 4.48477E-04    5.52345E+03
 4.48591E-04    5.65832E+03
 4.48706E-04    5.82345E+03
 4.48791E-04    5.97387E+03
 4.48886E-04    6.17563E+03
 4.48986E-04    6.43638E+03
 4.49053E-04    6.64324E+03
 4.49120E-04    6.87981E+03
 4.49186E-04    7.14816E+03
 4.49253E-04    7.44930E+03
 4.49319E-04    7.78277E+03
 4.49417E-04    8.32161E+03
 4.49544E-04    9.10154E+03
 4.49764E-04    1.04854E+04
 4.49878E-04    1.11340E+04
 4.49985E-04    1.16598E+04
 4.50076E-04    1.20388E+04
 4.50228E-04    1.25743E+04
 4.50373E-04    1.30723E+04
 4.50467E-04    1.34674E+04
 4.50527E-04    1.37751E+04
 4.50587E-04    1.41418E+04
 4.50647E-04    1.45807E+04
 4.50718E-04    1.52083E+04
 4.50765E-04    1.57032E+04
 4.50812E-04    1.62676E+04
 4.50859E-04    1.69088E+04
 4.50906E-04    1.76354E+04
 4.50953E-04    1.84566E+04
 4.51000E-04    1.93835E+04
 4.51050E-04    2.04866E+04
 4.51089E-04    2.14584E+04
 4.51128E-04    2.25321E+04
 4.51167E-04    2.37193E+04
 4.51206E-04    2.50332E+04
 4.51245E-04    2.64891E+04
 4.51284E-04    2.81043E+04
 4.51323E-04    2.98989E+04
 4.51362E-04    3.18956E+04
 4.51401E-04    3.41200E+04
 4.51440E-04    3.66012E+04
 4.51469E-04    3.86502E+04
 4.51498E-04    4.08769E+04
 4.51528E-04    4.32976E+04
 4.51557E-04    4.59299E+04
 4.51586E-04    4.87926E+04
 4.51616E-04    5.19055E+04
 4.51645E-04    5.52900E+04
 4.51674E-04    5.89679E+04
 4.51703E-04    6.29631E+04
 4.51733E-04    6.72993E+04
 4.51766E-04    7.27677E+04
 4.51795E-04    7.78058E+04
 4.51824E-04    8.32462E+04
 4.51852E-04    8.91128E+04
 4.51881E-04    9.54295E+04
 4.51909E-04    1.02219E+05
 4.51938E-04    1.09504E+05
 4.51966E-04    1.17304E+05
 4.51994E-04    1.25248E+05
 4.52033E-04    1.37467E+05
 4.52072E-04    1.50740E+05
 4.52111E-04    1.65086E+05
 4.52150E-04    1.80509E+05
 4.52189E-04    1.96996E+05
 4.52230E-04    2.15719E+05
 4.52272E-04    2.35546E+05
 4.52334E-04    2.67138E+05
 4.52410E-04    3.07643E+05
 4.52563E-04    3.92979E+05
 4.52626E-04    4.26395E+05
 4.52678E-04    4.52548E+05
 4.52730E-04    4.76504E+05
 4.52782E-04    4.97674E+05
 4.52834E-04    5.15513E+05
 4.52878E-04    5.27862E+05
 4.52923E-04    5.37138E+05
 4.52953E-04    5.41521E+05
 4.53001E-04    5.45433E+05
 4.53028E-04    5.45931E+05
 4.53068E-04    5.44381E+05
 4.53106E-04    5.40472E+05
 4.53159E-04    5.31174E+05
 4.53211E-04    5.17679E+05
 4.53260E-04    5.01796E+05
 4.53291E-04    4.90108E+05
 4.53354E-04    4.63694E+05
 4.53426E-04    4.28887E+05
 4.53520E-04    3.80342E+05
 4.53645E-04    3.14251E+05
 4.53718E-04    2.77321E+05
 4.53783E-04    2.46343E+05
 4.53835E-04    2.23244E+05
 4.53874E-04    2.07005E+05
 4.53918E-04    1.89534E+05
 4.53963E-04    1.73379E+05
 4.54008E-04    1.58534E+05
 4.54053E-04    1.44974E+05
 4.54098E-04    1.32651E+05
 4.54134E-04    1.23518E+05
 4.54166E-04    1.16059E+05
 4.54199E-04    1.09147E+05
 4.54231E-04    1.02751E+05
 4.54263E-04    9.68420E+04
 4.54295E-04    9.13873E+04
 4.54327E-04    8.63569E+04
 4.54370E-04    8.02572E+04
 4.54413E-04    7.47889E+04
 4.54456E-04    6.98871E+04
 4.54500E-04    6.53961E+04
 4.54544E-04    6.13743E+04
 4.54588E-04    5.77674E+04
 4.54631E-04    5.45265E+04
 4.54675E-04    5.16079E+04
 4.54719E-04    4.89729E+04
 4.54763E-04    4.65874E+04
 4.54807E-04    4.44216E+04
 4.54866E-04    4.18307E+04
 4.54924E-04    3.95316E+04
 4.54989E-04    3.72659E+04
 4.55054E-04    3.52572E+04
 4.55119E-04    3.34654E+04
 4.55184E-04    3.18583E+04
 4.55249E-04    3.04091E+04
 4.55314E-04    2.90962E+04
 4.55412E-04    2.73439E+04
 4.55486E-04    2.61504E+04
 4.55571E-04    2.49339E+04
 4.55655E-04    2.38386E+04
 4.55740E-04    2.28477E+04
 4.55867E-04    2.15279E+04
 4.55993E-04    2.03755E+04
 4.56120E-04    1.93617E+04
 4.56250E-04    1.84424E+04
 4.56380E-04    1.76259E+04
 4.56510E-04    1.68968E+04
 4.56640E-04    1.62425E+04
 4.56835E-04    1.53795E+04
 4.57030E-04    1.46350E+04
 4.57230E-04    1.39737E+04
 4.57439E-04    1.33729E+04
 4.57648E-04    1.28524E+04
 4.57857E-04    1.24026E+04
 4.58066E-04    1.20206E+04
 4.58276E-04    1.17150E+04
 4.58410E-04    1.15748E+04
 4.58544E-04    1.15029E+04
 4.58577E-04    1.14997E+04
 4.58678E-04    1.15384E+04
 4.58745E-04    1.16146E+04
 4.58812E-04    1.17424E+04
 4.58891E-04    1.19742E+04
 4.58944E-04    1.21864E+04
 4.58996E-04    1.24515E+04
 4.59054E-04    1.28068E+04
 4.59116E-04    1.32762E+04
 4.59179E-04    1.38377E+04
 4.59241E-04    1.44923E+04
 4.59296E-04    1.51460E+04
 4.59368E-04    1.60930E+04
 4.59464E-04    1.74808E+04
 4.59605E-04    1.96134E+04
 4.59686E-04    2.07350E+04
 4.59743E-04    2.14402E+04
 4.59801E-04    2.20332E+04
 4.59854E-04    2.24631E+04
 4.59900E-04    2.27235E+04
 4.59952E-04    2.28865E+04
 4.59990E-04    2.29145E+04
 4.60040E-04    2.28309E+04
 4.60085E-04    2.26423E+04
 4.60130E-04    2.23428E+04
 4.60180E-04    2.18994E+04
 4.60238E-04    2.12537E+04
 4.60295E-04    2.04872E+04
 4.60354E-04    1.95975E+04
 4.60466E-04    1.77770E+04
 4.60584E-04    1.57995E+04
 4.60656E-04    1.46728E+04
 4.60728E-04    1.36384E+04
 4.60786E-04    1.28909E+04
 4.60843E-04    1.22203E+04
 4.60901E-04    1.16281E+04
 4.60958E-04    1.11124E+04
 4.61012E-04    1.06946E+04
 4.61066E-04    1.03355E+04
 4.61120E-04    1.00291E+04
 4.61174E-04    9.76958E+03
 4.61254E-04    9.45453E+03
 4.61335E-04    9.21139E+03
 4.61428E-04    8.99891E+03
 4.61545E-04    8.80251E+03
 4.61700E-04    8.61696E+03
 4.61934E-04    8.42278E+03
 4.62275E-04    8.21622E+03
 4.62802E-04    7.97156E+03
 4.63545E-04    7.70268E+03
 4.64024E-04    7.55883E+03
 4.64982E-04    7.31953E+03
 4.66081E-04    7.10523E+03
 4.67024E-04    6.96746E+03
 4.67744E-04    6.90443E+03
 4.67888E-04    6.90085E+03
 4.68176E-04    6.91618E+03
 4.68368E-04    6.96314E+03
 4.68512E-04    7.04270E+03
 4.68610E-04    7.13632E+03
 4.68686E-04    7.24076E+03
 4.68762E-04    7.38320E+03
 4.68837E-04    7.57415E+03
 4.68913E-04    7.82526E+03
 4.68963E-04    8.03201E+03
 4.69021E-04    8.31191E+03
 4.69078E-04    8.64253E+03
 4.69136E-04    9.02718E+03
 4.69194E-04    9.46754E+03
 4.69266E-04    1.00954E+04
 4.69338E-04    1.08027E+04
 4.69426E-04    1.17624E+04
 4.69602E-04    1.37604E+04
 4.69654E-04    1.43307E+04
 4.69731E-04    1.50798E+04
 4.69789E-04    1.55533E+04
 4.69843E-04    1.59087E+04
 4.69877E-04    1.60870E+04
 4.69931E-04    1.62790E+04
 4.69989E-04    1.63630E+04
 4.70000E-04    1.63639E+04
 4.70045E-04    1.63185E+04
 4.70096E-04    1.61730E+04
 4.70140E-04    1.59691E+04
 4.70192E-04    1.56444E+04
 4.70250E-04    1.51879E+04
 4.70307E-04    1.46475E+04
 4.70346E-04    1.42504E+04
 4.70451E-04    1.30616E+04
 4.70574E-04    1.16367E+04
 4.70662E-04    1.06603E+04
 4.70734E-04    9.93964E+03
 4.70806E-04    9.29825E+03
 4.70864E-04    8.84691E+03
 4.70922E-04    8.45114E+03
 4.70979E-04    8.10922E+03
 4.71037E-04    7.81785E+03
 4.71087E-04    7.60090E+03
 4.71163E-04    7.33429E+03
 4.71238E-04    7.12762E+03
 4.71314E-04    6.96929E+03
 4.71390E-04    6.84885E+03
 4.71500E-04    6.72286E+03
 4.71620E-04    6.63121E+03
 4.71800E-04    6.54431E+03
 4.71920E-04    6.50490E+03
 4.72352E-04    6.41293E+03
 4.73144E-04    6.31059E+03
 4.74224E-04    6.20997E+03
 4.77117E-04    5.99117E+03
 4.77869E-04    5.95471E+03
 4.78120E-04    5.96817E+03
 4.78245E-04    5.99636E+03
 4.78355E-04    6.04793E+03
 4.78449E-04    6.12760E+03
 4.78520E-04    6.22118E+03
 4.78590E-04    6.35674E+03
 4.78637E-04    6.47790E+03
 4.78684E-04    6.63003E+03
 4.78723E-04    6.78502E+03
 4.78762E-04    6.96997E+03
 4.78802E-04    7.18932E+03
 4.78841E-04    7.44778E+03
 4.78880E-04    7.75034E+03
 4.78919E-04    8.10211E+03
 4.78958E-04    8.50826E+03
 4.78997E-04    8.97381E+03
 4.79029E-04    9.39228E+03
 4.79060E-04    9.85408E+03
 4.79091E-04    1.03612E+04
 4.79123E-04    1.09153E+04
 4.79154E-04    1.15176E+04
 4.79185E-04    1.21689E+04
 4.79232E-04    1.32380E+04
 4.79268E-04    1.41314E+04
 4.79309E-04    1.52152E+04
 4.79350E-04    1.63722E+04
 4.79411E-04    1.82268E+04
 4.79489E-04    2.07582E+04
 4.79630E-04    2.54097E+04
 4.79702E-04    2.76004E+04
 4.79742E-04    2.87221E+04
 4.79794E-04    3.00352E+04
 4.79845E-04    3.10832E+04
 4.79885E-04    3.17581E+04
 4.79927E-04    3.23001E+04
 4.79965E-04    3.26196E+04
 4.80013E-04    3.28027E+04
 4.80024E-04    3.28088E+04
 4.80070E-04    3.26872E+04
 4.80120E-04    3.22930E+04
 4.80165E-04    3.17159E+04
 4.80216E-04    3.08476E+04
 4.80263E-04    2.98404E+04
 4.80321E-04    2.83739E+04
 4.80363E-04    2.71803E+04
 4.80426E-04    2.52939E+04
 4.80598E-04    1.98624E+04
 4.80660E-04    1.80329E+04
 4.80705E-04    1.67500E+04
 4.80750E-04    1.55471E+04
 4.80796E-04    1.44325E+04
 4.80846E-04    1.33032E+04
 4.80880E-04    1.26162E+04
 4.80914E-04    1.19817E+04
 4.80947E-04    1.13989E+04
 4.80981E-04    1.08664E+04
 4.81015E-04    1.03821E+04
 4.81048E-04    9.94379E+03
 4.81085E-04    9.51848E+03
 4.81124E-04    9.11363E+03
 4.81163E-04    8.75861E+03
 4.81202E-04    8.44875E+03
 4.81242E-04    8.17940E+03
 4.81281E-04    7.94608E+03
 4.81340E-04    7.65449E+03
 4.81402E-04    7.40766E+03
 4.81473E-04    7.19254E+03
 4.81543E-04    7.02806E+03
 4.81614E-04    6.90134E+03
 4.81708E-04    6.77434E+03
 4.81833E-04    6.65408E+03
 4.81990E-04    6.55004E+03
 4.82225E-04    6.44376E+03
 4.82569E-04    6.33963E+03
 4.83133E-04    6.23034E+03
 4.83792E-04    6.14814E+03
 4.84882E-04    6.06117E+03
 4.86173E-04    5.99780E+03
 4.87417E-04    5.97139E+03
 4.87979E-04    5.98727E+03
 4.88254E-04    6.02172E+03
 4.88433E-04    6.07483E+03
 4.88553E-04    6.13899E+03
 4.88662E-04    6.23119E+03
 4.88760E-04    6.35488E+03
 4.88833E-04    6.48148E+03
 4.88907E-04    6.64422E+03
 4.88981E-04    6.84964E+03
 4.89053E-04    7.09907E+03
 4.89125E-04    7.39702E+03
 4.89196E-04    7.74729E+03
 4.89268E-04    8.14874E+03
 4.89340E-04    8.59635E+03
 4.89428E-04    9.19763E+03
 4.89599E-04    1.04064E+04
 4.89686E-04    1.09733E+04
 4.89763E-04    1.13996E+04
 4.89820E-04    1.16578E+04
 4.89878E-04    1.18523E+04
 4.89939E-04    1.19812E+04
 4.90000E-04    1.20232E+04
 4.90036E-04    1.20062E+04
 4.90099E-04    1.19030E+04
 4.90151E-04    1.17522E+04
 4.90207E-04    1.15295E+04
 4.90245E-04    1.13431E+04
 4.90321E-04    1.09039E+04
 4.90409E-04    1.03199E+04
 4.90631E-04    8.74942E+03
 4.90703E-04    8.28298E+03
 4.90775E-04    7.85951E+03
 4.90847E-04    7.48567E+03
 4.90918E-04    7.16399E+03
 4.90993E-04    6.88547E+03
 4.91067E-04    6.65802E+03
 4.91141E-04    6.47602E+03
 4.91215E-04    6.33299E+03
 4.91301E-04    6.20695E+03
 4.91387E-04    6.11465E+03
 4.91502E-04    6.02964E+03
 4.91674E-04    5.95368E+03
 4.91937E-04    5.89586E+03
 4.92439E-04    5.84760E+03
 4.93157E-04    5.81459E+03
 4.94962E-04    5.78006E+03
 4.95523E-04    5.77809E+03
 4.96545E-04    5.79195E+03
 4.97275E-04    5.83324E+03
 4.97713E-04    5.89303E+03
 4.97980E-04    5.96420E+03
 4.98163E-04    6.04958E+03
 4.98285E-04    6.14056E+03
 4.98371E-04    6.23402E+03
 4.98450E-04    6.34853E+03
 4.98528E-04    6.50289E+03
 4.98581E-04    6.63478E+03
 4.98633E-04    6.79569E+03
 4.98685E-04    6.99145E+03
 4.98738E-04    7.22855E+03
 4.98782E-04    7.46402E+03
 4.98834E-04    7.80021E+03
 4.98887E-04    8.20054E+03
 4.98923E-04    8.50703E+03
 4.98958E-04    8.84788E+03
 4.98993E-04    9.22520E+03
 4.99028E-04    9.64092E+03
 4.99070E-04    1.01877E+04
 4.99119E-04    1.08950E+04
 4.99168E-04    1.16825E+04
 4.99216E-04    1.25494E+04
 4.99265E-04    1.34925E+04
 4.99314E-04    1.45057E+04
 4.99387E-04    1.61361E+04
 4.99502E-04    1.88653E+04
 4.99592E-04    2.10157E+04
 4.99665E-04    2.26395E+04
 4.99724E-04    2.38074E+04
 4.99782E-04    2.48139E+04
 4.99821E-04    2.53766E+04
 4.99875E-04    2.59979E+04
 4.99922E-04    2.63616E+04
 4.99962E-04    2.65396E+04
 5.00000E-04    2.65964E+04
 5.00046E-04    2.65121E+04
 5.00093E-04    2.62510E+04
 5.00144E-04    2.57885E+04
 5.00189E-04    2.52308E+04
 5.00241E-04    2.44163E+04
 5.00300E-04    2.33379E+04
 5.00360E-04    2.20723E+04
 5.00432E-04    2.04244E+04
 5.00599E-04    1.64527E+04
 5.00672E-04    1.48007E+04
 5.00720E-04    1.37686E+04
 5.00769E-04    1.28042E+04
 5.00818E-04    1.19144E+04
 5.00866E-04    1.11030E+04
 5.00915E-04    1.03717E+04
 5.00962E-04    9.73471E+03
 5.01010E-04    9.17047E+03
 5.01057E-04    8.67512E+03
 5.01105E-04    8.24392E+03
 5.01152E-04    7.87146E+03
 5.01192E-04    7.59797E+03
 5.01241E-04    7.31234E+03
 5.01290E-04    7.07117E+03
 5.01338E-04    6.86858E+03
 5.01387E-04    6.69909E+03
 5.01460E-04    6.49614E+03
 5.01533E-04    6.34194E+03
 5.01618E-04    6.20797E+03
 5.01679E-04    6.13483E+03
 5.01801E-04    6.02760E+03
 5.01922E-04    5.95467E+03
 5.02044E-04    5.90244E+03
 5.02287E-04    5.83226E+03
 5.02531E-04    5.78634E+03
 5.03017E-04    5.72857E+03
 5.03991E-04    5.66873E+03
 5.05353E-04    5.62660E+03
 5.09088E-04    5.56844E+03
 5.10000E-04    5.56024E+03
 5.10000E-04    8.95408E+03
 5.17195E-04    8.92914E+03
 5.24492E-04    8.90384E+03
 5.31892E-04    8.87819E+03
 5.39396E-04    8.85217E+03
 5.40625E-04    8.84791E+03
 5.48252E-04    8.82369E+03
 5.55987E-04    8.79912E+03
 5.63831E-04    8.77421E+03
 5.71250E-04    8.75065E+03
 5.79309E-04    8.72711E+03
 5.87482E-04    8.70322E+03
 5.95771E-04    8.67901E+03
 6.01875E-04    8.66117E+03
 6.10366E-04    8.63825E+03
 6.18978E-04    8.61500E+03
 6.27710E-04    8.59143E+03
 6.32500E-04    8.57850E+03
 6.41423E-04    8.55693E+03
 6.50473E-04    8.53507E+03
 6.59650E-04    8.51289E+03
 6.68956E-04    8.49041E+03
 6.78394E-04    8.46760E+03
 6.87965E-04    8.44447E+03
 6.93750E-04    8.43050E+03
 7.03538E-04    8.40990E+03
 7.13463E-04    8.38901E+03
 7.23529E-04    8.36783E+03
 7.33737E-04    8.34635E+03
 7.44088E-04    8.32457E+03
 7.54586E-04    8.30248E+03
 7.55000E-04    8.30161E+03
 7.65652E-04    8.28188E+03
 7.76454E-04    8.26187E+03
 7.87408E-04    8.24158E+03
 7.98517E-04    8.22100E+03
 8.09783E-04    8.20014E+03
 8.16250E-04    8.18816E+03
 8.27766E-04    8.16921E+03
 8.39444E-04    8.14999E+03
 8.51287E-04    8.13050E+03
 8.63297E-04    8.11074E+03
 8.75477E-04    8.09070E+03
 8.77500E-04    8.08737E+03
 8.89880E-04    8.06912E+03
 9.02435E-04    8.05063E+03
 9.15166E-04    8.03187E+03
 9.28078E-04    8.01284E+03
 9.38750E-04    7.99712E+03
 9.51994E-04    7.97952E+03
 9.65425E-04    7.96168E+03
 9.79045E-04    7.94359E+03
 9.92858E-04    7.92524E+03
 1.00000E-03    7.91575E+03
 1.01411E-03    7.89877E+03
 1.02842E-03    7.88155E+03
 1.04292E-03    7.86408E+03
 1.05764E-03    7.84637E+03
 1.06250E-03    7.84052E+03
 1.07749E-03    7.82410E+03
 1.09269E-03    7.80745E+03
 1.10811E-03    7.79056E+03
 1.12374E-03    7.77343E+03
 1.12500E-03    7.77205E+03
 1.14087E-03    7.75615E+03
 1.15697E-03    7.74002E+03
 1.17329E-03    7.72366E+03
 1.18750E-03    7.70942E+03
 1.20425E-03    7.69400E+03
 1.22124E-03    7.67836E+03
 1.23847E-03    7.66250E+03
 1.25000E-03    7.65189E+03
 1.26764E-03    7.63748E+03
 1.28552E-03    7.62286E+03
 1.30366E-03    7.60804E+03
 1.32205E-03    7.59300E+03
 1.34070E-03    7.57776E+03
 1.35961E-03    7.56230E+03
 1.37500E-03    7.54972E+03
 1.39440E-03    7.53606E+03
 1.41407E-03    7.52220E+03
 1.43402E-03    7.50814E+03
 1.45425E-03    7.49389E+03
 1.47477E-03    7.47943E+03
 1.49558E-03    7.46477E+03
 1.50000E-03    7.46166E+03
 1.52116E-03    7.44866E+03
 1.54262E-03    7.43548E+03
 1.56439E-03    7.42211E+03
 1.58646E-03    7.40856E+03
 1.60884E-03    7.39481E+03
 1.62500E-03    7.38488E+03
 1.64793E-03    7.37249E+03
 1.67118E-03    7.35992E+03
 1.69475E-03    7.34717E+03
 1.71866E-03    7.33425E+03
 1.74291E-03    7.32114E+03
 1.75000E-03    7.31731E+03
 1.77469E-03    7.30546E+03
 1.79973E-03    7.29345E+03
 1.82512E-03    7.28127E+03
 1.85087E-03    7.26892E+03
 1.87500E-03    7.25734E+03
 1.90145E-03    7.24600E+03
 1.92828E-03    7.23450E+03
 1.95548E-03    7.22283E+03
 1.98307E-03    7.21100E+03
 2.00000E-03    7.20375E+03
 2.02822E-03    7.19287E+03
 2.05683E-03    7.18183E+03
 2.08585E-03    7.17065E+03
 2.11528E-03    7.15930E+03
 2.12500E-03    7.15555E+03
 2.15498E-03    7.14510E+03
 2.18538E-03    7.13451E+03
 2.21621E-03    7.12376E+03
 2.24748E-03    7.11286E+03
 2.25000E-03    7.11198E+03
 2.28174E-03    7.10237E+03
 2.31393E-03    7.09262E+03
 2.34658E-03    7.08274E+03
 2.37969E-03    7.07271E+03
 2.41326E-03    7.06255E+03
 2.44731E-03    7.05224E+03
 2.48183E-03    7.04179E+03
 2.50000E-03    7.03629E+03
 2.53527E-03    7.02733E+03
 2.57104E-03    7.01825E+03
 2.60731E-03    7.00904E+03
 2.64410E-03    6.99970E+03
 2.68140E-03    6.99023E+03
 2.71923E-03    6.98062E+03
 2.75000E-03    6.97281E+03
 2.78880E-03    6.96444E+03
 2.82814E-03    6.95596E+03
 2.86804E-03    6.94735E+03
 2.90851E-03    6.93862E+03
 2.94954E-03    6.92977E+03
 2.99115E-03    6.92079E+03
 3.00000E-03    6.91888E+03
 3.04232E-03    6.91104E+03
 3.08525E-03    6.90308E+03
 3.12877E-03    6.89502E+03
 3.17291E-03    6.88684E+03
 3.21768E-03    6.87854E+03
 3.25000E-03    6.87255E+03
 3.29585E-03    6.86519E+03
 3.34235E-03    6.85772E+03
 3.38950E-03    6.85014E+03
 3.43732E-03    6.84246E+03
 3.48582E-03    6.83467E+03
 3.50000E-03    6.83239E+03
 3.54938E-03    6.82547E+03
 3.59945E-03    6.81844E+03
 3.65024E-03    6.81131E+03
 3.70173E-03    6.80409E+03
 3.75000E-03    6.79731E+03
 3.80291E-03    6.79079E+03
 3.85656E-03    6.78417E+03
 3.91097E-03    6.77745E+03
 3.96614E-03    6.77064E+03
 4.00000E-03    6.76647E+03
 4.05643E-03    6.76065E+03
 4.11366E-03    6.75476E+03
 4.17170E-03    6.74878E+03
 4.23055E-03    6.74272E+03
 4.29024E-03    6.73657E+03
 4.35077E-03    6.73033E+03
 4.41215E-03    6.72401E+03
 4.47439E-03    6.71760E+03
 4.50000E-03    6.71496E+03
 4.56349E-03    6.70975E+03
 4.62787E-03    6.70448E+03
 4.69316E-03    6.69913E+03
 4.75937E-03    6.69370E+03
 4.82652E-03    6.68820E+03
 4.89461E-03    6.68261E+03
 4.96367E-03    6.67695E+03
 5.00000E-03    6.67398E+03
 5.07054E-03    6.66931E+03
 5.14208E-03    6.66458E+03
 5.21462E-03    6.65979E+03
 5.28819E-03    6.65492E+03
 5.36280E-03    6.64999E+03
 5.43846E-03    6.64499E+03
 5.50000E-03    6.64092E+03
 5.57759E-03    6.63674E+03
 5.65629E-03    6.63250E+03
 5.73609E-03    6.62821E+03
 5.81701E-03    6.62385E+03
 5.89908E-03    6.61943E+03
 5.98230E-03    6.61494E+03
 6.00000E-03    6.61399E+03
 6.08465E-03    6.61025E+03
 6.17049E-03    6.60646E+03
 6.25755E-03    6.60261E+03
 6.34583E-03    6.59871E+03
 6.43536E-03    6.59475E+03
 6.50000E-03    6.59189E+03
 6.59170E-03    6.58855E+03
 6.68470E-03    6.58516E+03
 6.77901E-03    6.58172E+03
 6.87465E-03    6.57824E+03
 6.97164E-03    6.57470E+03
 7.00000E-03    6.57367E+03
 7.09876E-03    6.57095E+03
 7.19891E-03    6.56819E+03
 7.30047E-03    6.56539E+03
 7.40347E-03    6.56256E+03
 7.50792E-03    6.55968E+03
 7.61384E-03    6.55676E+03
 7.72126E-03    6.55380E+03
 7.83019E-03    6.55080E+03
 7.94066E-03    6.54776E+03
 8.00000E-03    6.54613E+03
 8.11287E-03    6.54401E+03
 8.22732E-03    6.54186E+03
 8.34340E-03    6.53968E+03
 8.46111E-03    6.53747E+03
 8.58048E-03    6.53522E+03
 8.70153E-03    6.53295E+03
 8.82430E-03    6.53064E+03
 8.94879E-03    6.52830E+03
 9.00000E-03    6.52734E+03
 9.12697E-03    6.52575E+03
 9.25574E-03    6.52413E+03
 9.38632E-03    6.52249E+03
 9.51875E-03    6.52083E+03
 9.65304E-03    6.51914E+03
 9.78922E-03    6.51743E+03
 9.92733E-03    6.51570E+03
 1.00000E-02    6.51478E+03
 1.01411E-02    6.51390E+03
 1.02842E-02    6.51300E+03
 1.04292E-02    6.51209E+03
 1.05764E-02    6.51116E+03
 1.07256E-02    6.51023E+03
 1.08769E-02    6.50928E+03
 1.10304E-02    6.50831E+03
 1.11860E-02    6.50734E+03
 1.13438E-02    6.50635E+03
 1.15038E-02    6.50534E+03
 1.16661E-02    6.50432E+03
 1.18307E-02    6.50329E+03
 1.19976E-02    6.50224E+03
 1.20000E-02    6.50222E+03
 1.21693E-02    6.50189E+03
 1.23410E-02    6.50156E+03
 1.25151E-02    6.50122E+03
 1.26917E-02    6.50088E+03
 1.28707E-02    6.50053E+03
 1.30000E-02    6.50027E+03
 1.31834E-02    6.50021E+03
 1.33694E-02    6.50014E+03
 1.35000E-02    6.50009E+03
 1.36905E-02    6.50019E+03
 1.38836E-02    6.50029E+03
 1.40000E-02    6.50035E+03
 1.41975E-02    6.50081E+03
 1.43978E-02    6.50127E+03
 1.46009E-02    6.50173E+03
 1.48069E-02    6.50221E+03
 1.50158E-02    6.50269E+03
 1.52277E-02    6.50318E+03
 1.54425E-02    6.50367E+03
 1.56604E-02    6.50417E+03
 1.58813E-02    6.50468E+03
 1.60000E-02    6.50495E+03
 1.62257E-02    6.50593E+03
 1.64546E-02    6.50692E+03
 1.66868E-02    6.50793E+03
 1.69222E-02    6.50895E+03
 1.71610E-02    6.50999E+03
 1.74031E-02    6.51104E+03
 1.76486E-02    6.51210E+03
 1.78976E-02    6.51318E+03
 1.80000E-02    6.51363E+03
 1.82539E-02    6.51517E+03
 1.85115E-02    6.51673E+03
 1.87726E-02    6.51832E+03
 1.90375E-02    6.51993E+03
 1.93061E-02    6.52156E+03
 1.95784E-02    6.52321E+03
 1.98547E-02    6.52489E+03
 2.01348E-02    6.52659E+03
 2.04188E-02    6.52832E+03
 2.07069E-02    6.53007E+03
 2.09991E-02    6.53184E+03
 2.12953E-02    6.53364E+03
 2.15958E-02    6.53547E+03
 2.19004E-02    6.53732E+03
 2.20000E-02    6.53792E+03
 2.23104E-02    6.54016E+03
 2.26251E-02    6.54243E+03
 2.29443E-02    6.54473E+03
 2.32680E-02    6.54707E+03
 2.35963E-02    6.54944E+03
 2.39292E-02    6.55184E+03
 2.42668E-02    6.55427E+03
 2.46092E-02    6.55674E+03
 2.49564E-02    6.55924E+03
 2.53085E-02    6.56178E+03
 2.56655E-02    6.56436E+03
 2.60000E-02    6.56677E+03
 2.63668E-02    6.56957E+03
 2.67388E-02    6.57240E+03
 2.71160E-02    6.57528E+03
 2.74986E-02    6.57819E+03
 2.78866E-02    6.58115E+03
 2.82800E-02    6.58415E+03
 2.86790E-02    6.58719E+03
 2.90836E-02    6.59028E+03
 2.94939E-02    6.59340E+03
 2.99100E-02    6.59658E+03
 3.00000E-02    6.59726E+03
 3.04232E-02    6.60051E+03
 3.08525E-02    6.60380E+03
 3.12877E-02    6.60715E+03
 3.17292E-02    6.61053E+03
 3.21768E-02    6.61397E+03
 3.26307E-02    6.61745E+03
 3.30911E-02    6.62099E+03
 3.35580E-02    6.62457E+03
 3.40000E-02    6.62796E+03
 3.44797E-02    6.63158E+03
 3.49661E-02    6.63525E+03
 3.54594E-02    6.63898E+03
 3.59597E-02    6.64275E+03
 3.64670E-02    6.64658E+03
 3.69815E-02    6.65046E+03
 3.75033E-02    6.65440E+03
 3.80000E-02    6.65814E+03
 3.85361E-02    6.66207E+03
 3.90798E-02    6.66605E+03
 3.96311E-02    6.67008E+03
 4.01903E-02    6.67417E+03
 4.07573E-02    6.67832E+03
 4.13323E-02    6.68253E+03
 4.19154E-02    6.68680E+03
 4.20000E-02    6.68742E+03
 4.25925E-02    6.69159E+03
 4.31934E-02    6.69582E+03
 4.38028E-02    6.70011E+03
 4.44208E-02    6.70447E+03
 4.50475E-02    6.70888E+03
 4.56830E-02    6.71336E+03
 4.60000E-02    6.71559E+03
 4.66490E-02    6.71997E+03
 4.73071E-02    6.72441E+03
 4.79745E-02    6.72891E+03
 4.86514E-02    6.73348E+03
 4.93377E-02    6.73811E+03
 5.00000E-02    6.74258E+03
 5.07054E-02    6.74712E+03
 5.14208E-02    6.75173E+03
 5.21462E-02    6.75640E+03
 5.28819E-02    6.76114E+03
 5.36280E-02    6.76595E+03
 5.40000E-02    6.76835E+03
 5.47618E-02    6.77302E+03
 5.55344E-02    6.77777E+03
 5.63179E-02    6.78258E+03
 5.71125E-02    6.78746E+03
 5.79182E-02    6.79241E+03
 5.80000E-02    6.79291E+03
 5.88183E-02    6.79769E+03
 5.96481E-02    6.80255E+03
 6.04896E-02    6.80747E+03
 6.13430E-02    6.81246E+03
 6.20000E-02    6.81630E+03
 6.28747E-02    6.82116E+03
 6.37618E-02    6.82610E+03
 6.46613E-02    6.83110E+03
 6.55736E-02    6.83617E+03
 6.60000E-02    6.83854E+03
 6.69311E-02    6.84347E+03
 6.78754E-02    6.84846E+03
 6.88330E-02    6.85353E+03
 6.98041E-02    6.85867E+03
 7.00000E-02    6.85970E+03
 7.09876E-02    6.86467E+03
 7.19891E-02    6.86970E+03
 7.30047E-02    6.87481E+03
 7.40000E-02    6.87982E+03
 7.80900E-02    6.89935E+03
 7.80900E-02    6.89924E+03
 5.00000E-01    7.00336E+03
 7.14883E-01    6.94574E+03
 1.05190E+00    6.70297E+03
 1.24280E+00    6.50233E+03
 1.57542E+00    6.10066E+03
 2.14465E+00    5.37636E+03
 2.53527E+00    4.92790E+03
 2.73809E+00    4.72737E+03
 2.96166E+00    4.53366E+03
 3.06379E+00    4.46397E+03
 3.50000E+00    4.19686E+03
 4.00000E+00    4.02840E+03
 5.00000E+00    3.93433E+03
 6.08465E+00    3.96038E+03
 7.09876E+00    4.02727E+03
 8.22732E+00    4.14120E+03
 1.00000E+01    4.34968E+03
 1.01411E+01    4.36276E+03
 1.02842E+01    4.37602E+03
 1.04292E+01    4.38946E+03
 1.05764E+01    4.40310E+03
 1.07256E+01    4.41693E+03
 1.08769E+01    4.43095E+03
 1.10000E+01    4.44236E+03
 1.11552E+01    4.45105E+03
 1.13126E+01    4.45987E+03
 1.14722E+01    4.46881E+03
 1.16340E+01    4.47788E+03
 1.17982E+01    4.48707E+03
 1.19646E+01    4.49640E+03
 1.20000E+01    4.49838E+03
 1.21693E+01    4.50138E+03
 1.23410E+01    4.50443E+03
 1.25151E+01    4.50752E+03
 1.26917E+01    4.51065E+03
 1.28707E+01    4.51383E+03
 1.30000E+01    4.51612E+03
 1.31834E+01    4.51282E+03
 1.33694E+01    4.50947E+03
 1.35580E+01    4.50608E+03
 1.37493E+01    4.50263E+03
 1.39433E+01    4.49914E+03
 1.40000E+01    4.49812E+03
 1.41975E+01    4.48836E+03
 1.43978E+01    4.47846E+03
 1.46009E+01    4.46842E+03
 1.48069E+01    4.45823E+03
 1.50000E+01    4.44869E+03
 1.52116E+01    4.43302E+03
 1.54262E+01    4.41713E+03
 1.56439E+01    4.40101E+03
 1.58646E+01    4.38467E+03
 1.60000E+01    4.37464E+03
 1.62257E+01    4.35422E+03
 1.64546E+01    4.33351E+03
 1.66868E+01    4.31251E+03
 1.69222E+01    4.29121E+03
 1.70000E+01    4.28417E+03
 1.72398E+01    4.25995E+03
 1.74831E+01    4.23538E+03
 1.77297E+01    4.21047E+03
 1.79799E+01    4.18521E+03
 1.82335E+01    4.15958E+03
 1.84908E+01    4.13360E+03
 1.87516E+01    4.10726E+03
 1.90162E+01    4.08054E+03
 1.92845E+01    4.05344E+03
 1.95565E+01    4.02596E+03
 1.98324E+01    3.99809E+03
 2.00000E+01    3.98117E+03
