# n + Sn113 : (n,p04)   
# jeff3.3    Herman,Oblozinsky,Mughabghab      EVAL-MAR06
# uncertainties: n
# # energies =    58
#   E(MeV)       xs(mb) 
 7.00000E-01    0.00000E+00
 1.00000E+00    3.38456E-05
 1.01000E+00    3.69158E-05
 1.04000E+00    4.69230E-05
 1.06000E+00    5.42213E-05
 1.07000E+00    5.81472E-05
 1.08000E+00    6.23671E-05
 1.09000E+00    6.68854E-05
 1.10000E+00    7.17153E-05
 1.11000E+00    7.68815E-05
 1.13000E+00    8.85525E-05
 1.14000E+00    9.50173E-05
 1.15000E+00    1.01971E-04
 1.16000E+00    1.09347E-04
 1.17000E+00    1.17195E-04
 1.20000E+00    1.43851E-04
 1.30000E+00    2.68563E-04
 1.50000E+00    7.07624E-04
 1.55000E+00    8.90312E-04
 1.60000E+00    1.10730E-03
 1.63000E+00    1.25587E-03
 1.65000E+00    1.36552E-03
 1.69000E+00    1.59483E-03
 1.70000E+00    1.65570E-03
 1.75000E+00    2.00188E-03
 1.80000E+00    2.40108E-03
 1.85000E+00    2.86883E-03
 1.90000E+00    3.79320E-03
 1.95000E+00    6.38266E-03
 2.02000E+00    7.97938E-03
 2.04000E+00    9.17603E-03
 2.06000E+00    9.80273E-03
 2.08000E+00    1.03411E-02
 2.10000E+00    1.10394E-02
 2.50000E+00    3.36351E-02
 2.60000E+00    4.08806E-02
 2.70000E+00    4.92286E-02
 2.80000E+00    5.77773E-02
 2.90000E+00    7.00987E-02
 3.00000E+00    7.95502E-02
 3.50000E+00    1.25937E-01
 4.00000E+00    1.50298E-01
 5.00000E+00    1.25827E-01
 6.00000E+00    6.62101E-02
 7.00000E+00    3.12146E-02
 8.00000E+00    1.35296E-02
 9.00000E+00    5.75811E-03
 1.00000E+01    2.51266E-03
 1.10000E+01    1.13530E-03
 1.20000E+01    5.31251E-04
 1.30000E+01    2.56251E-04
 1.40000E+01    1.26772E-04
 1.50000E+01    6.38753E-05
 1.60000E+01    3.27135E-05
 1.70000E+01    1.69344E-05
 1.80000E+01    8.85302E-06
 1.90000E+01    4.67095E-06
 2.00000E+01    2.48377E-06
