# n + Sn113 : (n,p27)   
# jeff3.3    Herman,Oblozinsky,Mughabghab      EVAL-MAR06
# uncertainties: n
# # energies =    44
#   E(MeV)       xs(mb) 
 1.30000E+00    0.00000E+00
 1.50000E+00    1.68021E-06
 1.55000E+00    2.65647E-06
 1.60000E+00    4.51847E-06
 1.63000E+00    5.85945E-06
 1.65000E+00    6.94900E-06
 1.69000E+00    9.56404E-06
 1.70000E+00    1.03356E-05
 1.75000E+00    1.51329E-05
 1.80000E+00    2.18100E-05
 1.85000E+00    3.09813E-05
 1.90000E+00    4.34986E-05
 1.95000E+00    5.99661E-05
 2.00000E+00    8.11209E-05
 2.01000E+00    8.60544E-05
 2.02000E+00    9.12634E-05
 2.04000E+00    1.02649E-04
 2.06000E+00    1.15347E-04
 2.08000E+00    1.27614E-04
 2.10000E+00    1.43120E-04
 2.50000E+00    8.49927E-04
 2.60000E+00    1.80579E-03
 2.70000E+00    2.97406E-03
 2.80000E+00    3.99181E-03
 2.90000E+00    5.87610E-03
 3.00000E+00    7.89253E-03
 3.50000E+00    2.06267E-02
 4.00000E+00    3.58951E-02
 5.00000E+00    5.01906E-02
 6.00000E+00    3.75309E-02
 7.00000E+00    2.27071E-02
 8.00000E+00    1.16666E-02
 9.00000E+00    5.56937E-03
 1.00000E+01    2.63017E-03
 1.10000E+01    1.25701E-03
 1.20000E+01    6.13104E-04
 1.30000E+01    3.05202E-04
 1.40000E+01    1.54733E-04
 1.50000E+01    7.94880E-05
 1.60000E+01    4.13497E-05
 1.70000E+01    2.16800E-05
 1.80000E+01    1.14550E-05
 1.90000E+01    6.09866E-06
 2.00000E+01    3.26855E-06
