# n + Sn113 : (n,n'20)  
# jeff3.3    Herman,Oblozinsky,Mughabghab      EVAL-MAR06
# uncertainties: n
# # energies =    37
#   E(MeV)       xs(mb) 
 1.66651E+00    0.00000E+00
 1.69000E+00    8.16342E+00
 1.70000E+00    1.13804E+01
 1.75000E+00    2.55526E+01
 1.80000E+00    3.43636E+01
 1.85000E+00    4.10008E+01
 1.90000E+00    4.46370E+01
 1.95000E+00    4.73464E+01
 2.01000E+00    4.89300E+01
 2.02000E+00    5.04427E+01
 2.04000E+00    5.08968E+01
 2.06000E+00    5.12446E+01
 2.08000E+00    5.09820E+01
 2.10000E+00    5.12480E+01
 2.50000E+00    4.41974E+01
 2.60000E+00    4.12443E+01
 2.80000E+00    3.50227E+01
 2.90000E+00    3.34283E+01
 3.00000E+00    3.02322E+01
 3.50000E+00    1.79311E+01
 4.00000E+00    1.03258E+01
 5.00000E+00    4.39182E+00
 6.00000E+00    3.11324E+00
 7.00000E+00    2.70450E+00
 8.00000E+00    2.52116E+00
 9.00000E+00    2.30975E+00
 1.00000E+01    2.16231E+00
 1.10000E+01    1.98584E+00
 1.20000E+01    1.86364E+00
 1.30000E+01    1.76894E+00
 1.40000E+01    1.71710E+00
 1.50000E+01    1.65675E+00
 1.60000E+01    1.54311E+00
 1.70000E+01    1.48984E+00
 1.80000E+01    1.49073E+00
 1.90000E+01    1.44976E+00
 2.00000E+01    1.45881E+00
