# n + Sn113 : (n,n'24)  
# jeff3.3    Herman,Oblozinsky,Mughabghab      EVAL-MAR06
# uncertainties: n
# # energies =    34
#   E(MeV)       xs(mb) 
 1.83727E+00    0.00000E+00
 1.85000E+00    2.45705E+00
 1.90000E+00    1.06404E+01
 1.95000E+00    1.64653E+01
 2.00000E+00    2.03541E+01
 2.02000E+00    2.16946E+01
 2.04000E+00    2.26916E+01
 2.06000E+00    2.35297E+01
 2.08000E+00    2.40540E+01
 2.10000E+00    2.47721E+01
 2.50000E+00    2.40915E+01
 2.60000E+00    2.24963E+01
 2.70000E+00    2.07703E+01
 2.80000E+00    1.89989E+01
 2.90000E+00    1.80333E+01
 3.00000E+00    1.62041E+01
 3.50000E+00    9.01927E+00
 4.00000E+00    4.52551E+00
 5.00000E+00    1.02780E+00
 6.00000E+00    2.38611E-01
 7.00000E+00    6.65546E-02
 8.00000E+00    1.98973E-02
 9.00000E+00    6.45336E-03
 1.00000E+01    2.31451E-03
 1.10000E+01    9.10062E-04
 1.20000E+01    3.85968E-04
 1.30000E+01    1.73283E-04
 1.40000E+01    8.12043E-05
 1.50000E+01    3.92464E-05
 1.60000E+01    1.94553E-05
 1.70000E+01    9.80533E-06
 1.80000E+01    5.00891E-06
 1.90000E+01    2.58872E-06
 2.00000E+01    1.35148E-06
