# n + Sn113 : (n,n'30)  
# jeff3.3    Herman,Oblozinsky,Mughabghab      EVAL-MAR06
# uncertainties: n
# # energies =    32
#   E(MeV)       xs(mb) 
 1.96399E+00    0.00000E+00
 2.00000E+00    7.45110E-01
 2.01000E+00    9.41593E-01
 2.02000E+00    1.13405E+00
 2.04000E+00    1.50807E+00
 2.06000E+00    1.86805E+00
 2.08000E+00    2.14254E+00
 2.10000E+00    2.44782E+00
 2.50000E+00    4.66083E+00
 2.60000E+00    4.74151E+00
 2.70000E+00    4.76337E+00
 2.80000E+00    4.74239E+00
 2.90000E+00    4.96286E+00
 3.00000E+00    4.83756E+00
 3.50000E+00    3.95988E+00
 4.00000E+00    2.73340E+00
 5.00000E+00    9.28781E-01
 6.00000E+00    2.76866E-01
 7.00000E+00    9.27024E-02
 8.00000E+00    3.16716E-02
 9.00000E+00    1.15329E-02
 1.00000E+01    4.60418E-03
 1.10000E+01    1.99040E-03
 1.20000E+01    9.14633E-04
 1.30000E+01    4.39068E-04
 1.40000E+01    2.17594E-04
 1.50000E+01    1.10208E-04
 1.60000E+01    5.68365E-05
 1.70000E+01    2.96415E-05
 1.80000E+01    1.56095E-05
 1.90000E+01    8.29575E-06
 2.00000E+01    4.44426E-06
