# n + Sn113 : (n,a09)   
# jeff3.3    Herman,Oblozinsky,Mughabghab      EVAL-MAR06
# uncertainties: n
# # energies =   117
#   E(MeV)       xs(mb) 
 9.85033E-05    0.00000E+00
 1.00000E-04    3.91640E-12
 1.01411E-04    7.99661E-12
 1.98669E-04    2.18667E-11
 2.01472E-04    2.23767E-11
 5.00000E-04    8.73292E-11
 6.99831E-04    1.44723E-10
 9.00000E-04    2.11244E-10
 1.00000E-03    2.47534E-10
 2.00000E-03    7.03241E-10
 5.00000E-03    2.81648E-09
 6.99831E-03    4.70486E-09
 1.00000E-02    8.14272E-09
 2.00000E-02    2.40621E-08
 5.00000E-02    3.05405E-07
 7.04767E-02    5.47977E-07
 1.00000E-01    9.14849E-07
 2.00000E-01    2.91601E-06
 2.67388E-01    4.84637E-06
 5.00000E-01    1.13744E-05
 7.00000E-01    2.04974E-05
 1.00000E+00    6.14045E-05
 1.02000E+00    6.58131E-05
 1.03000E+00    6.73320E-05
 1.05000E+00    6.93249E-05
 1.07000E+00    7.05267E-05
 1.09000E+00    7.21963E-05
 1.11000E+00    7.43236E-05
 1.13000E+00    7.76320E-05
 1.14000E+00    7.95064E-05
 1.15000E+00    8.16220E-05
 1.17000E+00    8.54751E-05
 1.20000E+00    9.18469E-05
 1.30000E+00    1.18439E-04
 1.50000E+00    5.21493E-04
 1.56093E+00    6.04226E-04
 1.60000E+00    6.58562E-04
 1.63000E+00    6.97660E-04
 1.65000E+00    7.29315E-04
 1.70000E+00    7.95096E-04
 1.80000E+00    9.52667E-04
 1.85000E+00    1.04140E-03
 1.90000E+00    1.13863E-03
 1.95000E+00    1.24574E-03
 2.01000E+00    1.38297E-03
 2.04000E+00    1.46008E-03
 2.06000E+00    1.51612E-03
 2.08000E+00    1.55286E-03
 2.11481E+00    1.66280E-03
 2.50000E+00    2.91374E-03
 2.60000E+00    3.30607E-03
 2.70000E+00    3.72693E-03
 2.80000E+00    4.18443E-03
 2.90000E+00    4.91023E-03
 3.00000E+00    5.42665E-03
 3.50000E+00    8.61265E-03
 4.00000E+00    1.21816E-02
 5.00000E+00    1.81566E-02
 6.00000E+00    2.03477E-02
 6.99984E+00    2.03927E-02
 8.00000E+00    1.47947E-02
 9.00000E+00    8.03228E-03
 1.00000E+01    3.80070E-03
 1.01411E+01    3.50862E-03
 1.02842E+01    3.21248E-03
 1.04292E+01    2.91217E-03
 1.05764E+01    2.60761E-03
 1.07256E+01    2.29876E-03
 1.08769E+01    1.98556E-03
 1.10000E+01    1.73079E-03
 1.11552E+01    1.58524E-03
 1.13126E+01    1.43763E-03
 1.14722E+01    1.28794E-03
 1.16340E+01    1.13614E-03
 1.17982E+01    9.82196E-04
 1.19646E+01    8.26081E-04
 1.20000E+01    7.92886E-04
 1.21693E+01    7.21450E-04
 1.23410E+01    6.49007E-04
 1.25151E+01    5.75541E-04
 1.26917E+01    5.01039E-04
 1.28707E+01    4.25486E-04
 1.30000E+01    3.70935E-04
 1.31834E+01    3.35498E-04
 1.33694E+01    2.99560E-04
 1.35580E+01    2.63116E-04
 1.37493E+01    2.26158E-04
 1.39433E+01    1.88678E-04
 1.40000E+01    1.77718E-04
 1.41975E+01    1.59762E-04
 1.43978E+01    1.41554E-04
 1.46009E+01    1.23088E-04
 1.48069E+01    1.04362E-04
 1.50000E+01    8.68111E-05
 1.52116E+01    7.75785E-05
 1.54262E+01    6.82156E-05
 1.56439E+01    5.87206E-05
 1.58646E+01    4.90916E-05
 1.60000E+01    4.31833E-05
 1.62257E+01    3.83484E-05
 1.64546E+01    3.34452E-05
 1.66868E+01    2.84729E-05
 1.69222E+01    2.34304E-05
 1.70000E+01    2.17643E-05
 1.72398E+01    1.92092E-05
 1.74831E+01    1.66180E-05
 1.77297E+01    1.39903E-05
 1.79799E+01    1.13256E-05
 1.80000E+01    1.11109E-05
 1.82539E+01    9.74771E-06
 1.85115E+01    8.36530E-06
 1.87726E+01    6.96338E-06
 1.90000E+01    5.74292E-06
 1.92681E+01    5.00780E-06
 1.95399E+01    4.26231E-06
 1.98156E+01    3.50630E-06
 2.00000E+01    3.00051E-06
