# n + Sn113 :  n        
# jeff3.3    Herman,Oblozinsky,Mughabghab      EVAL-MAR06
# uncertainties: n
# # energies =    60
#   E(MeV)       xs(mb) 
 9.90000E-01    0.00000E+00
 1.00000E+00    1.23750E-01
 1.01000E+00    1.34270E-01
 1.02000E+00    1.48810E-01
 1.03000E+00    1.62600E-01
 1.04000E+00    1.61150E-01
 1.05000E+00    1.66300E-01
 1.06000E+00    1.76250E-01
 1.07000E+00    1.72000E-01
 1.08000E+00    1.76000E-01
 1.09000E+00    1.74740E-01
 1.10000E+00    1.79920E-01
 1.11000E+00    1.87550E-01
 1.13000E+00    2.16470E-01
 1.14000E+00    2.24890E-01
 1.15000E+00    2.36370E-01
 1.16000E+00    2.42210E-01
 1.20000E+00    2.48870E-01
 1.30000E+00    3.36490E-01
 1.50000E+00    5.41520E-01
 1.55000E+00    6.53200E-01
 1.60000E+00    6.94639E-01
 1.63000E+00    7.35589E-01
 1.65000E+00    8.07920E-01
 1.69000E+00    8.61770E-01
 1.70000E+00    8.68130E-01
 1.75000E+00    9.64012E-01
 1.80000E+00    1.05327E+00
 1.85000E+00    1.12032E+00
 1.90000E+00    1.26803E+00
 1.95000E+00    1.31691E+00
 2.00000E+00    1.50484E+00
 2.01000E+00    1.52755E+00
 2.04000E+00    1.58200E+00
 2.06000E+00    1.60356E+00
 2.08000E+00    2.71535E+01
 2.10000E+00    2.76830E+01
 2.50000E+00    4.40818E+02
 2.70000E+00    6.93897E+02
 2.80000E+00    8.17204E+02
 2.90000E+00    8.81723E+02
 3.00000E+00    1.00306E+03
 3.50000E+00    1.47539E+03
 4.00000E+00    1.80254E+03
 5.00000E+00    2.12180E+03
 6.00000E+00    2.03050E+03
 7.00000E+00    1.97594E+03
 8.00000E+00    1.91285E+03
 9.00000E+00    1.74148E+03
 1.00000E+01    1.54945E+03
 1.10000E+01    1.32616E+03
 1.20000E+01    1.04252E+03
 1.30000E+01    7.78901E+02
 1.40000E+01    5.63082E+02
 1.50000E+01    3.95742E+02
 1.60000E+01    2.76870E+02
 1.70000E+01    2.00228E+02
 1.80000E+01    1.47221E+02
 1.90000E+01    1.15319E+02
 2.00000E+01    9.58307E+01
