# n + Ac214 : (n,3a)    
# tendl.2017 A.J. Koning and D. Rochman        EVAL-NOV17
# uncertainties: n
# # energies =   538
#   E(MeV)       xs(mb) 
 1.00000E-11    8.09560E-16
 1.03005E-11    7.97665E-16
 1.06099E-11    7.85945E-16
 1.09287E-11    7.74398E-16
 1.12571E-11    7.63020E-16
 1.15953E-11    7.51809E-16
 1.19437E-11    7.40763E-16
 1.23026E-11    7.29879E-16
 1.26722E-11    7.19155E-16
 1.30530E-11    7.08589E-16
 1.34452E-11    6.98178E-16
 1.38491E-11    6.87920E-16
 1.42652E-11    6.77813E-16
 1.46938E-11    6.67854E-16
 1.51353E-11    6.58041E-16
 1.55901E-11    6.48373E-16
 1.60585E-11    6.38846E-16
 1.65410E-11    6.29460E-16
 1.70380E-11    6.20212E-16
 1.75499E-11    6.11099E-16
 1.80772E-11    6.02120E-16
 1.86203E-11    5.93274E-16
 1.91798E-11    5.84557E-16
 1.97561E-11    5.75968E-16
 2.03497E-11    5.67506E-16
 2.09611E-11    5.59168E-16
 2.15909E-11    5.50952E-16
 2.22396E-11    5.42857E-16
 2.29078E-11    5.34881E-16
 2.35961E-11    5.27022E-16
 2.43051E-11    5.19279E-16
 2.50353E-11    5.11649E-16
 2.57875E-11    5.04132E-16
 2.65623E-11    4.96725E-16
 2.73604E-11    4.89426E-16
 2.81825E-11    4.82235E-16
 2.90293E-11    4.75150E-16
 2.99015E-11    4.68169E-16
 3.07999E-11    4.61290E-16
 3.17253E-11    4.54513E-16
 3.26785E-11    4.47835E-16
 3.36604E-11    4.41255E-16
 3.46717E-11    4.34772E-16
 3.57135E-11    4.28384E-16
 3.67865E-11    4.22090E-16
 3.78918E-11    4.15888E-16
 3.90303E-11    4.09777E-16
 4.02030E-11    4.03757E-16
 4.14109E-11    3.97824E-16
 4.26551E-11    3.91979E-16
 4.39367E-11    3.86220E-16
 4.52569E-11    3.80546E-16
 4.66166E-11    3.74954E-16
 4.80173E-11    3.69445E-16
 4.94600E-11    3.64017E-16
 5.09461E-11    3.58669E-16
 5.24768E-11    3.53399E-16
 5.40535E-11    3.48207E-16
 5.56776E-11    3.43090E-16
 5.73505E-11    3.38050E-16
 5.90736E-11    3.33083E-16
 6.08485E-11    3.28189E-16
 6.26768E-11    3.23367E-16
 6.45599E-11    3.18616E-16
 6.64997E-11    3.13934E-16
 6.84977E-11    3.09322E-16
 7.05558E-11    3.04777E-16
 7.26757E-11    3.00299E-16
 7.48593E-11    2.95887E-16
 7.71085E-11    2.91540E-16
 7.94253E-11    2.87256E-16
 8.18117E-11    2.83036E-16
 8.42698E-11    2.78877E-16
 8.68018E-11    2.74780E-16
 8.94098E-11    2.70742E-16
 9.20962E-11    2.66764E-16
 9.48633E-11    2.62845E-16
 9.77136E-11    2.58983E-16
 1.00649E-10    2.55178E-16
 1.03674E-10    2.51429E-16
 1.06789E-10    2.47734E-16
 1.09997E-10    2.44095E-16
 1.13302E-10    2.40508E-16
 1.16706E-10    2.36974E-16
 1.20213E-10    2.33493E-16
 1.23825E-10    2.30062E-16
 1.27545E-10    2.26682E-16
 1.31377E-10    2.23351E-16
 1.35325E-10    2.20070E-16
 1.39391E-10    2.16836E-16
 1.43579E-10    2.13650E-16
 1.47893E-10    2.10511E-16
 1.52336E-10    2.07418E-16
 1.56913E-10    2.04371E-16
 1.61628E-10    2.01368E-16
 1.66484E-10    1.98409E-16
 1.71486E-10    1.95494E-16
 1.76639E-10    1.92622E-16
 1.81946E-10    1.89792E-16
 1.87413E-10    1.87003E-16
 1.93044E-10    1.84256E-16
 1.98844E-10    1.81548E-16
 2.04818E-10    1.78881E-16
 2.10972E-10    1.76253E-16
 2.17311E-10    1.73663E-16
 2.23840E-10    1.71112E-16
 2.30566E-10    1.68597E-16
 2.37493E-10    1.66120E-16
 2.44629E-10    1.63680E-16
 2.51979E-10    1.61275E-16
 2.59550E-10    1.58905E-16
 2.67349E-10    1.56570E-16
 2.75381E-10    1.54270E-16
 2.83655E-10    1.52003E-16
 2.92178E-10    1.49770E-16
 3.00957E-10    1.47569E-16
 3.09999E-10    1.45401E-16
 3.19313E-10    1.43265E-16
 3.28907E-10    1.41160E-16
 3.38790E-10    1.39086E-16
 3.48969E-10    1.37042E-16
 3.59454E-10    1.35029E-16
 3.70254E-10    1.33045E-16
 3.81379E-10    1.31090E-16
 3.92838E-10    1.29164E-16
 4.04641E-10    1.27266E-16
 4.16798E-10    1.25397E-16
 4.29321E-10    1.23554E-16
 4.42221E-10    1.21739E-16
 4.55508E-10    1.19950E-16
 4.69194E-10    1.18188E-16
 4.83291E-10    1.16451E-16
 4.97812E-10    1.14740E-16
 5.12769E-10    1.13054E-16
 5.28176E-10    1.11393E-16
 5.44045E-10    1.09757E-16
 5.60392E-10    1.08144E-16
 5.77229E-10    1.06555E-16
 5.94572E-10    1.04990E-16
 6.12437E-10    1.03447E-16
 6.30838E-10    1.01927E-16
 6.49792E-10    1.00430E-16
 6.69316E-10    9.89540E-17
 6.89426E-10    9.75001E-17
 7.10140E-10    9.60675E-17
 7.31477E-10    9.46561E-17
 7.53455E-10    9.32653E-17
 7.76093E-10    9.18950E-17
 7.99411E-10    9.05448E-17
 8.23430E-10    8.92145E-17
 8.48171E-10    8.79037E-17
 8.73655E-10    8.66121E-17
 8.99905E-10    8.53396E-17
 9.26943E-10    8.40857E-17
 9.54794E-10    8.28503E-17
 9.83482E-10    8.16330E-17
 1.01303E-09    8.04336E-17
 1.04347E-09    7.92518E-17
 1.07482E-09    7.80874E-17
 1.10711E-09    7.69401E-17
 1.14038E-09    7.58096E-17
 1.17464E-09    7.46958E-17
 1.20994E-09    7.35983E-17
 1.24629E-09    7.25169E-17
 1.28373E-09    7.14515E-17
 1.32231E-09    7.04017E-17
 1.36204E-09    6.93673E-17
 1.40296E-09    6.83481E-17
 1.44511E-09    6.73439E-17
 1.48853E-09    6.63544E-17
 1.53326E-09    6.53795E-17
 1.57932E-09    6.44189E-17
 1.62678E-09    6.34724E-17
 1.67565E-09    6.25399E-17
 1.72600E-09    6.16210E-17
 1.77786E-09    6.07156E-17
 1.83128E-09    5.98236E-17
 1.88630E-09    5.89446E-17
 1.94297E-09    5.80786E-17
 2.00135E-09    5.72253E-17
 2.06148E-09    5.63845E-17
 2.12342E-09    5.55561E-17
 2.18722E-09    5.47399E-17
 2.25294E-09    5.39357E-17
 2.32063E-09    5.31433E-17
 2.39036E-09    5.23626E-17
 2.46218E-09    5.15934E-17
 2.53616E-09    5.08355E-17
 2.61236E-09    5.00888E-17
 2.69085E-09    4.93531E-17
 2.77170E-09    4.86283E-17
 2.85497E-09    4.79142E-17
 2.94075E-09    4.72107E-17
 3.02911E-09    4.65176E-17
 3.12012E-09    4.58348E-17
 3.21387E-09    4.51622E-17
 3.31043E-09    4.44996E-17
 3.40990E-09    4.38469E-17
 3.51235E-09    4.32039E-17
 3.61788E-09    4.25706E-17
 3.72659E-09    4.19468E-17
 3.83856E-09    4.13324E-17
 3.95389E-09    4.07272E-17
 4.07269E-09    4.01311E-17
 4.19505E-09    3.95440E-17
 4.32110E-09    3.89656E-17
 4.45093E-09    3.83959E-17
 4.58466E-09    3.78347E-17
 4.72241E-09    3.72818E-17
 4.86430E-09    3.67371E-17
 5.01045E-09    3.62003E-17
 5.16099E-09    3.56714E-17
 5.31606E-09    3.51501E-17
 5.47579E-09    3.46363E-17
 5.64031E-09    3.41299E-17
 5.80978E-09    3.36306E-17
 5.98434E-09    3.31385E-17
 6.16414E-09    3.26533E-17
 6.34935E-09    3.21750E-17
 6.54012E-09    3.17034E-17
 6.73663E-09    3.12386E-17
 6.93903E-09    3.07804E-17
 7.14752E-09    3.03287E-17
 7.36228E-09    2.98835E-17
 7.58348E-09    2.94448E-17
 7.81133E-09    2.90124E-17
 8.04603E-09    2.85863E-17
 8.28778E-09    2.81664E-17
 8.53679E-09    2.77526E-17
 8.79329E-09    2.73449E-17
 9.05749E-09    2.69431E-17
 9.32963E-09    2.65473E-17
 9.60995E-09    2.61572E-17
 9.89869E-09    2.57729E-17
 1.01961E-08    2.53942E-17
 1.05025E-08    2.50211E-17
 1.08180E-08    2.46535E-17
 1.11430E-08    2.42913E-17
 1.14778E-08    2.39344E-17
 1.18227E-08    2.35827E-17
 1.21779E-08    2.32362E-17
 1.25438E-08    2.28948E-17
 1.29207E-08    2.25585E-17
 1.33089E-08    2.22270E-17
 1.37088E-08    2.19004E-17
 1.41207E-08    2.15787E-17
 1.45450E-08    2.12616E-17
 1.49820E-08    2.09492E-17
 1.54321E-08    2.06414E-17
 1.58958E-08    2.03381E-17
 1.63734E-08    2.00393E-17
 1.68654E-08    1.97449E-17
 1.73721E-08    1.94547E-17
 1.78941E-08    1.91688E-17
 1.84317E-08    1.88870E-17
 1.89855E-08    1.86092E-17
 1.95559E-08    1.83354E-17
 2.01435E-08    1.80654E-17
 2.07487E-08    1.77993E-17
 2.13721E-08    1.75370E-17
 2.20143E-08    1.72788E-17
 2.26757E-08    1.70249E-17
 2.33570E-08    1.67756E-17
 2.40588E-08    1.65313E-17
 2.47817E-08    1.62919E-17
 2.52045E-08    1.61571E-17
 2.53000E-08    1.61272E-17
 2.60602E-08    1.58950E-17
 2.69569E-08    1.56333E-17
 2.78845E-08    1.53743E-17
 2.88441E-08    1.51169E-17
 2.98366E-08    1.48614E-17
 3.07331E-08    1.46399E-17
 3.16565E-08    1.44214E-17
 3.26077E-08    1.42064E-17
 3.35874E-08    1.39955E-17
 3.44505E-08    1.38186E-17
 3.53359E-08    1.36462E-17
 3.60910E-08    1.35075E-17
 3.67067E-08    1.34015E-17
 3.73330E-08    1.33017E-17
 3.78096E-08    1.32323E-17
 3.82924E-08    1.31689E-17
 3.87813E-08    1.31129E-17
 3.92764E-08    1.30660E-17
 3.96101E-08    1.30406E-17
 3.99465E-08    1.30205E-17
 4.02858E-08    1.30062E-17
 4.06280E-08    1.29982E-17
 4.08002E-08    1.29968E-17
 4.11467E-08    1.29991E-17
 4.14962E-08    1.30089E-17
 4.18487E-08    1.30265E-17
 4.22042E-08    1.30520E-17
 4.25169E-08    1.30810E-17
 4.28780E-08    1.31220E-17
 4.32422E-08    1.31712E-17
 4.36095E-08    1.32286E-17
 4.39800E-08    1.32940E-17
 4.43535E-08    1.33671E-17
 4.47303E-08    1.34476E-17
 4.51102E-08    1.35350E-17
 4.56862E-08    1.36782E-17
 4.62695E-08    1.38343E-17
 4.68602E-08    1.40016E-17
 4.76597E-08    1.42394E-17
 4.86782E-08    1.45556E-17
 4.99292E-08    1.49559E-17
 5.20860E-08    1.56604E-17
 5.59685E-08    1.69444E-17
 6.06513E-08    1.85062E-17
 6.60045E-08    2.03075E-17
 7.15269E-08    2.21812E-17
 7.78400E-08    2.43422E-17
 8.39967E-08    2.64664E-17
 9.17978E-08    2.91826E-17
 9.90585E-08    3.17308E-17
 1.08717E-07    3.51527E-17
 1.16821E-07    3.80466E-17
 1.28755E-07    4.23484E-17
 1.37769E-07    4.56237E-17
 1.53132E-07    5.12592E-17
 1.63161E-07    5.49703E-17
 1.82125E-07    6.20489E-17
 1.96530E-07    6.74641E-17
 1.99883E-07    6.86921E-17
 2.02435E-07    6.95800E-17
 2.04155E-07    7.01381E-17
 2.05889E-07    7.06538E-17
 2.06761E-07    7.08913E-17
 2.07637E-07    7.11127E-17
 2.08517E-07    7.13163E-17
 2.09401E-07    7.15005E-17
 2.10289E-07    7.16637E-17
 2.11180E-07    7.18050E-17
 2.12584E-07    7.19801E-17
 2.13485E-07    7.20618E-17
 2.14390E-07    7.21200E-17
 2.15298E-07    7.21553E-17
 2.16211E-07    7.21685E-17
 2.17127E-07    7.21607E-17
 2.18047E-07    7.21332E-17
 2.18971E-07    7.20878E-17
 2.20831E-07    7.19497E-17
 2.22707E-07    7.17607E-17
 2.25550E-07    7.14103E-17
 2.29398E-07    7.08715E-17
 2.47543E-07    6.81793E-17
 2.53904E-07    6.72762E-17
 2.59330E-07    6.65564E-17
 2.64872E-07    6.58699E-17
 2.75148E-07    6.46657E-17
 2.91930E-07    6.27441E-17
 2.98169E-07    6.20598E-17
 3.04541E-07    6.14026E-17
 3.11049E-07    6.07752E-17
 3.25861E-07    5.94212E-17
 3.44278E-07    5.77670E-17
 3.51635E-07    5.71366E-17
 3.59150E-07    5.65358E-17
 3.68379E-07    5.58505E-17
 4.02592E-07    5.34212E-17
 4.11195E-07    5.28331E-17
 4.18210E-07    5.23809E-17
 4.27148E-07    5.18451E-17
 4.47488E-07    5.06998E-17
 4.76794E-07    4.90735E-17
 4.86983E-07    4.85360E-17
 4.95291E-07    4.81287E-17
 5.08020E-07    4.75498E-17
 5.59917E-07    4.52809E-17
 5.71883E-07    4.47826E-17
 5.81639E-07    4.44065E-17
 5.96586E-07    4.38743E-17
 6.60318E-07    4.16878E-17
 6.71583E-07    4.13195E-17
 6.83040E-07    4.09722E-17
 6.97637E-07    4.05634E-17
 7.75436E-07    3.84666E-17
 7.88665E-07    3.81280E-17
 7.98734E-07    3.78904E-17
 8.12361E-07    3.75969E-17
 9.74372E-07    3.43384E-17
 9.90995E-07    3.40147E-17
 1.00365E-06    3.37843E-17
 1.02212E-06    3.34753E-17
 1.08103E-06    3.25446E-17
 1.09629E-06    3.23170E-17
 1.12744E-06    3.18923E-17
 1.27894E-06    2.99194E-17
 1.31528E-06    2.95127E-17
 1.51308E-06    2.74968E-17
 1.76518E-06    2.54533E-17
 1.97453E-06    2.41005E-17
 2.11780E-06    2.32344E-17
 2.47066E-06    2.15011E-17
 2.88231E-06    1.98999E-17
 3.40998E-06    1.82917E-17
 3.97813E-06    1.69294E-17
 4.70642E-06    1.55615E-17
 5.49057E-06    1.44025E-17
 6.49575E-06    1.32389E-17
 7.57803E-06    1.22527E-17
 8.96537E-06    1.12620E-17
 9.88913E-06    1.07235E-17
 1.00286E-05    1.06628E-17
 1.57015E-05    1.05274E-17
 1.69824E-05    1.05050E-17
 1.94553E-05    1.05885E-17
 1.01411E-04    1.00000E-17
 1.97475E+00    1.00000E-17
 2.00000E+00    1.00001E-17
 2.20000E+00    1.12536E-17
 2.40000E+00    1.53059E-17
 2.60000E+00    2.03623E-17
 2.80000E+00    2.50154E-17
 3.00000E+00    3.38782E-17
 3.20000E+00    4.57925E-17
 3.40000E+00    6.26727E-17
 3.60000E+00    8.60999E-17
 3.80000E+00    1.45371E-16
 4.00000E+00    2.02177E-16
 4.20000E+00    2.75292E-16
 4.40000E+00    2.94796E-16
 4.60000E+00    3.96107E-16
 4.80000E+00    5.27870E-16
 5.00000E+00    7.22531E-16
 5.20000E+00    9.11549E-16
 5.40000E+00    1.19092E-15
 5.60000E+00    2.02252E-15
 5.80000E+00    2.74440E-15
 6.00000E+00    3.61796E-15
 6.20000E+00    4.74770E-15
 6.40000E+00    6.05325E-15
 6.60000E+00    5.51625E-15
 6.80000E+00    6.99938E-15
 7.00000E+00    8.79982E-15
 7.20000E+00    1.10426E-14
 7.40000E+00    1.37276E-14
 7.60000E+00    1.68725E-14
 7.80000E+00    2.08026E-14
 8.00000E+00    4.56268E-14
 8.46111E+00    7.29664E-14
 8.50000E+00    7.53908E-14
 9.00000E+00    3.40677E-12
 9.50000E+00    6.08674E-12
 1.00000E+01    1.73995E-11
 1.01411E+01    1.26364E-11
 1.02842E+01    7.80501E-12
 1.04292E+01    2.90545E-12
 1.05000E+01    5.16136E-13
 1.06481E+01    6.08806E-13
 1.07984E+01    7.02782E-13
 1.09507E+01    7.98085E-13
 1.10000E+01    8.28921E-13
 1.11552E+01    1.06223E-12
 1.13126E+01    1.29883E-12
 1.14722E+01    1.53876E-12
 1.15000E+01    1.58060E-12
 1.16622E+01    1.78342E-12
 1.18268E+01    1.98911E-12
 1.19936E+01    2.19770E-12
 1.20000E+01    2.20566E-12
 1.21693E+01    2.78550E-12
 1.23410E+01    3.37352E-12
 1.25000E+01    3.91814E-12
 1.26764E+01    4.91201E-12
 1.28552E+01    5.91989E-12
 1.30000E+01    6.73598E-12
 1.31834E+01    8.50102E-12
 1.33694E+01    1.02910E-11
 1.35000E+01    1.15478E-11
 1.36905E+01    1.47031E-11
 1.38836E+01    1.79030E-11
 1.40000E+01    1.98312E-11
 1.41975E+01    2.53916E-11
 1.43978E+01    3.10305E-11
 1.45000E+01    3.39072E-11
 1.47046E+01    9.41082E-08
 1.49120E+01    1.89510E-07
 1.50000E+01    2.29967E-07
 1.52116E+01    3.54333E-07
 1.54262E+01    4.80454E-07
 1.56439E+01    6.08355E-07
 1.58646E+01    7.38059E-07
 1.60000E+01    8.17646E-07
 1.62257E+01    6.33163E-07
 1.64546E+01    4.46077E-07
 1.66868E+01    2.56352E-07
 1.69222E+01    6.39500E-08
 1.70000E+01    3.77232E-10
 1.72398E+01    5.13685E-10
 1.74831E+01    6.52062E-10
 1.77297E+01    7.92392E-10
 1.79799E+01    9.34702E-10
 1.80000E+01    9.46165E-10
 1.82539E+01    1.26489E-09
 1.85115E+01    1.58812E-09
 1.87726E+01    1.91590E-09
 1.90000E+01    2.20126E-09
 1.92681E+01    2.84481E-09
 1.95399E+01    3.49743E-09
 1.98156E+01    4.15926E-09
 2.00000E+01    4.60205E-09
 2.02822E+01    6.01810E-09
 2.05683E+01    7.45412E-09
 2.08585E+01    8.91040E-09
 2.10000E+01    9.62057E-09
 2.12963E+01    1.12527E-08
 2.15967E+01    1.29078E-08
 2.19014E+01    1.45862E-08
 2.20000E+01    1.51293E-08
 2.23104E+01    7.07477E-05
 2.26251E+01    1.42478E-04
 2.29443E+01    2.15221E-04
 2.30000E+01    2.27905E-04
 2.33245E+01    2.77378E-04
 2.36536E+01    3.27549E-04
 2.39873E+01    3.78427E-04
 2.40000E+01    3.80369E-04
 2.43386E+01    3.59913E-04
 2.46820E+01    3.39168E-04
 2.50000E+01    3.19955E-04
 2.53527E+01    2.90700E-04
 2.57104E+01    2.61032E-04
 2.60000E+01    2.37010E-04
 2.63668E+01    1.50104E-04
 2.67388E+01    6.19719E-05
 2.70000E+01    8.82283E-08
 2.73809E+01    9.86708E-08
 2.77672E+01    1.09261E-07
 2.80000E+01    1.15642E-07
 2.83950E+01    1.27213E-07
 2.87956E+01    1.38947E-07
 2.90000E+01    1.44933E-07
 2.94091E+01    1.61304E-07
 2.98240E+01    1.77906E-07
 3.00000E+01    1.84947E-07
