# n + Ac214 : (n,pa)    
# tendl.2017 A.J. Koning and D. Rochman        EVAL-NOV17
# uncertainties: y
# # energies =   541
#   E(MeV)       xs(mb)       xslow(mb)      xsupp(mb)
 1.00000E-11    1.12741E-03    0.00000E+00    8.62605E-03
 1.03223E-11    1.10967E-03    0.00000E+00    8.49030E-03
 1.06549E-11    1.09221E-03    0.00000E+00    8.35674E-03
 1.09984E-11    1.07503E-03    0.00000E+00    8.22523E-03
 1.13527E-11    1.05812E-03    0.00000E+00    8.09584E-03
 1.17186E-11    1.04146E-03    0.00000E+00    7.96844E-03
 1.20962E-11    1.02508E-03    0.00000E+00    7.84310E-03
 1.24861E-11    1.00895E-03    0.00000E+00    7.71967E-03
 1.28884E-11    9.93078E-04    0.00000E+00    7.59823E-03
 1.33038E-11    9.77450E-04    0.00000E+00    7.47866E-03
 1.37325E-11    9.62074E-04    0.00000E+00    7.36101E-03
 1.41751E-11    9.46934E-04    0.00000E+00    7.24518E-03
 1.46318E-11    9.32037E-04    0.00000E+00    7.13120E-03
 1.51034E-11    9.17370E-04    0.00000E+00    7.01898E-03
 1.55901E-11    9.02939E-04    0.00000E+00    6.90856E-03
 1.60926E-11    8.88730E-04    0.00000E+00    6.79985E-03
 1.66111E-11    8.74749E-04    0.00000E+00    6.69288E-03
 1.71465E-11    8.60984E-04    0.00000E+00    6.58756E-03
 1.76990E-11    8.47439E-04    0.00000E+00    6.48393E-03
 1.82694E-11    8.34104E-04    0.00000E+00    6.38189E-03
 1.88581E-11    8.20982E-04    0.00000E+00    6.28150E-03
 1.94659E-11    8.08063E-04    0.00000E+00    6.18265E-03
 2.00931E-11    7.95351E-04    0.00000E+00    6.08539E-03
 2.07407E-11    7.82836E-04    0.00000E+00    5.98963E-03
 2.14090E-11    7.70520E-04    0.00000E+00    5.89540E-03
 2.20991E-11    7.58395E-04    0.00000E+00    5.80263E-03
 2.28111E-11    7.46465E-04    0.00000E+00    5.71135E-03
 2.35464E-11    7.34718E-04    0.00000E+00    5.62147E-03
 2.43051E-11    7.23160E-04    0.00000E+00    5.53304E-03
 2.50884E-11    7.11780E-04    0.00000E+00    5.44597E-03
 2.58968E-11    7.00583E-04    0.00000E+00    5.36030E-03
 2.67315E-11    6.89558E-04    0.00000E+00    5.27595E-03
 2.75928E-11    6.78710E-04    0.00000E+00    5.19295E-03
 2.84822E-11    6.68030E-04    0.00000E+00    5.11123E-03
 2.93999E-11    6.57521E-04    0.00000E+00    5.03082E-03
 3.03475E-11    6.47174E-04    0.00000E+00    4.95166E-03
 3.13253E-11    6.36993E-04    0.00000E+00    4.87376E-03
 3.23350E-11    6.26970E-04    0.00000E+00    4.79707E-03
 3.33769E-11    6.17106E-04    0.00000E+00    4.72160E-03
 3.44526E-11    6.07396E-04    0.00000E+00    4.64730E-03
 3.55627E-11    5.97840E-04    0.00000E+00    4.57419E-03
 3.67089E-11    5.88433E-04    0.00000E+00    4.50221E-03
 3.78918E-11    5.79175E-04    0.00000E+00    4.43139E-03
 3.91130E-11    5.70062E-04    0.00000E+00    4.36165E-03
 4.03734E-11    5.61094E-04    0.00000E+00    4.29304E-03
 4.16746E-11    5.52265E-04    0.00000E+00    4.22548E-03
 4.30174E-11    5.43576E-04    0.00000E+00    4.15901E-03
 4.44039E-11    5.35023E-04    0.00000E+00    4.09356E-03
 4.58347E-11    5.26606E-04    0.00000E+00    4.02916E-03
 4.73119E-11    5.18319E-04    0.00000E+00    3.96576E-03
 4.88364E-11    5.10165E-04    0.00000E+00    3.90337E-03
 5.04104E-11    5.02137E-04    0.00000E+00    3.84195E-03
 5.20348E-11    4.94238E-04    0.00000E+00    3.78151E-03
 5.37119E-11    4.86461E-04    0.00000E+00    3.72201E-03
 5.54426E-11    4.78807E-04    0.00000E+00    3.66345E-03
 5.72295E-11    4.71273E-04    0.00000E+00    3.60580E-03
 5.90736E-11    4.63859E-04    0.00000E+00    3.54908E-03
 6.09775E-11    4.56560E-04    0.00000E+00    3.49323E-03
 6.29424E-11    4.49377E-04    0.00000E+00    3.43827E-03
 6.49710E-11    4.42306E-04    0.00000E+00    3.38417E-03
 6.70645E-11    4.35348E-04    0.00000E+00    3.33093E-03
 6.92260E-11    4.28497E-04    0.00000E+00    3.27852E-03
 7.14566E-11    4.21756E-04    0.00000E+00    3.22694E-03
 7.37596E-11    4.15120E-04    0.00000E+00    3.17616E-03
 7.61364E-11    4.08589E-04    0.00000E+00    3.12619E-03
 7.85902E-11    4.02160E-04    0.00000E+00    3.07700E-03
 8.11227E-11    3.95833E-04    0.00000E+00    3.02859E-03
 8.37372E-11    3.89604E-04    0.00000E+00    2.98094E-03
 8.64355E-11    3.83475E-04    0.00000E+00    2.93404E-03
 8.92212E-11    3.77441E-04    0.00000E+00    2.88787E-03
 9.20962E-11    3.71503E-04    0.00000E+00    2.84244E-03
 9.50644E-11    3.65657E-04    0.00000E+00    2.79771E-03
 9.81277E-11    3.59904E-04    0.00000E+00    2.75370E-03
 1.01291E-10    3.54240E-04    0.00000E+00    2.71036E-03
 1.04554E-10    3.48668E-04    0.00000E+00    2.66773E-03
 1.07924E-10    3.43181E-04    0.00000E+00    2.62574E-03
 1.11402E-10    3.37783E-04    0.00000E+00    2.58444E-03
 1.14992E-10    3.32467E-04    0.00000E+00    2.54377E-03
 1.18697E-10    3.27237E-04    0.00000E+00    2.50375E-03
 1.22523E-10    3.22087E-04    0.00000E+00    2.46435E-03
 1.26471E-10    3.17021E-04    0.00000E+00    2.42559E-03
 1.30547E-10    3.12032E-04    0.00000E+00    2.38742E-03
 1.34754E-10    3.07123E-04    0.00000E+00    2.34986E-03
 1.39097E-10    3.02290E-04    0.00000E+00    2.31288E-03
 1.43579E-10    2.97535E-04    0.00000E+00    2.27650E-03
 1.48207E-10    2.92853E-04    0.00000E+00    2.24067E-03
 1.52982E-10    2.88246E-04    0.00000E+00    2.20542E-03
 1.57913E-10    2.83710E-04    0.00000E+00    2.17072E-03
 1.63001E-10    2.79247E-04    0.00000E+00    2.13657E-03
 1.68254E-10    2.74852E-04    0.00000E+00    2.10295E-03
 1.73676E-10    2.70528E-04    0.00000E+00    2.06987E-03
 1.79274E-10    2.66271E-04    0.00000E+00    2.03729E-03
 1.85050E-10    2.62083E-04    0.00000E+00    2.00525E-03
 1.91014E-10    2.57958E-04    0.00000E+00    1.97369E-03
 1.97169E-10    2.53900E-04    0.00000E+00    1.94264E-03
 2.03524E-10    2.49905E-04    0.00000E+00    1.91207E-03
 2.10082E-10    2.45974E-04    0.00000E+00    1.88199E-03
 2.16853E-10    2.42103E-04    0.00000E+00    1.85238E-03
 2.23840E-10    2.38294E-04    0.00000E+00    1.82324E-03
 2.31055E-10    2.34544E-04    0.00000E+00    1.79455E-03
 2.38500E-10    2.30855E-04    0.00000E+00    1.76631E-03
 2.46187E-10    2.27222E-04    0.00000E+00    1.73852E-03
 2.54120E-10    2.23647E-04    0.00000E+00    1.71117E-03
 2.62310E-10    2.20128E-04    0.00000E+00    1.68424E-03
 2.70762E-10    2.16665E-04    0.00000E+00    1.65775E-03
 2.79489E-10    2.13256E-04    0.00000E+00    1.63166E-03
 2.88494E-10    2.09901E-04    0.00000E+00    1.60599E-03
 2.97793E-10    2.06598E-04    0.00000E+00    1.58072E-03
 3.07388E-10    2.03348E-04    0.00000E+00    1.55585E-03
 3.17295E-10    2.00148E-04    0.00000E+00    1.53137E-03
 3.27519E-10    1.96999E-04    0.00000E+00    1.50728E-03
 3.38075E-10    1.93899E-04    0.00000E+00    1.48356E-03
 3.48969E-10    1.90849E-04    0.00000E+00    1.46022E-03
 3.60216E-10    1.87846E-04    0.00000E+00    1.43724E-03
 3.71823E-10    1.84890E-04    0.00000E+00    1.41463E-03
 3.83807E-10    1.81981E-04    0.00000E+00    1.39237E-03
 3.96174E-10    1.79118E-04    0.00000E+00    1.37047E-03
 4.08943E-10    1.76300E-04    0.00000E+00    1.34890E-03
 4.22120E-10    1.73526E-04    0.00000E+00    1.32768E-03
 4.35725E-10    1.70796E-04    0.00000E+00    1.30679E-03
 4.49765E-10    1.68109E-04    0.00000E+00    1.28623E-03
 4.64261E-10    1.65463E-04    0.00000E+00    1.26599E-03
 4.79221E-10    1.62860E-04    0.00000E+00    1.24608E-03
 4.94666E-10    1.60298E-04    0.00000E+00    1.22647E-03
 5.10605E-10    1.57776E-04    0.00000E+00    1.20717E-03
 5.27062E-10    1.55293E-04    0.00000E+00    1.18818E-03
 5.44045E-10    1.52850E-04    0.00000E+00    1.16949E-03
 5.61580E-10    1.50445E-04    0.00000E+00    1.15108E-03
 5.79675E-10    1.48078E-04    0.00000E+00    1.13297E-03
 5.98358E-10    1.45748E-04    0.00000E+00    1.11515E-03
 6.17639E-10    1.43455E-04    0.00000E+00    1.09760E-03
 6.37545E-10    1.41198E-04    0.00000E+00    1.08033E-03
 6.58089E-10    1.38976E-04    0.00000E+00    1.06333E-03
 6.79298E-10    1.36790E-04    0.00000E+00    1.04660E-03
 7.01188E-10    1.34638E-04    0.00000E+00    1.03014E-03
 7.23786E-10    1.32519E-04    0.00000E+00    1.01393E-03
 7.47109E-10    1.30434E-04    0.00000E+00    9.97977E-04
 7.71188E-10    1.28382E-04    0.00000E+00    9.82273E-04
 7.96038E-10    1.26362E-04    0.00000E+00    9.66820E-04
 8.21693E-10    1.24374E-04    0.00000E+00    9.51607E-04
 8.48171E-10    1.22417E-04    0.00000E+00    9.36636E-04
 8.75507E-10    1.20491E-04    0.00000E+00    9.21897E-04
 9.03719E-10    1.18595E-04    0.00000E+00    9.07394E-04
 9.32845E-10    1.16729E-04    0.00000E+00    8.93116E-04
 9.62904E-10    1.14893E-04    0.00000E+00    8.79065E-04
 9.93937E-10    1.13085E-04    0.00000E+00    8.65232E-04
 1.02597E-09    1.11306E-04    0.00000E+00    8.51620E-04
 1.05903E-09    1.09554E-04    0.00000E+00    8.38220E-04
 1.09316E-09    1.07830E-04    0.00000E+00    8.25032E-04
 1.12839E-09    1.06134E-04    0.00000E+00    8.12050E-04
 1.16475E-09    1.04464E-04    0.00000E+00    7.99275E-04
 1.20229E-09    1.02820E-04    0.00000E+00    7.86698E-04
 1.24103E-09    1.01203E-04    0.00000E+00    7.74322E-04
 1.28103E-09    9.96102E-05    0.00000E+00    7.62137E-04
 1.32231E-09    9.80431E-05    0.00000E+00    7.50147E-04
 1.36492E-09    9.65004E-05    0.00000E+00    7.38343E-04
 1.40890E-09    9.49822E-05    0.00000E+00    7.26728E-04
 1.45431E-09    9.34877E-05    0.00000E+00    7.15292E-04
 1.50117E-09    9.20169E-05    0.00000E+00    7.04039E-04
 1.54956E-09    9.05690E-05    0.00000E+00    6.92961E-04
 1.59949E-09    8.91441E-05    0.00000E+00    6.82059E-04
 1.65104E-09    8.77414E-05    0.00000E+00    6.71327E-04
 1.70424E-09    8.63610E-05    0.00000E+00    6.60765E-04
 1.75917E-09    8.50021E-05    0.00000E+00    6.50368E-04
 1.81585E-09    8.36649E-05    0.00000E+00    6.40136E-04
 1.87438E-09    8.23484E-05    0.00000E+00    6.30064E-04
 1.93477E-09    8.10529E-05    0.00000E+00    6.20151E-04
 1.99713E-09    7.97775E-05    0.00000E+00    6.10394E-04
 2.06148E-09    7.85225E-05    0.00000E+00    6.00791E-04
 2.12792E-09    7.72870E-05    0.00000E+00    5.91338E-04
 2.19649E-09    7.60711E-05    0.00000E+00    5.82035E-04
 2.26728E-09    7.48743E-05    0.00000E+00    5.72878E-04
 2.34034E-09    7.36964E-05    0.00000E+00    5.63866E-04
 2.41577E-09    7.25370E-05    0.00000E+00    5.54994E-04
 2.49362E-09    7.13960E-05    0.00000E+00    5.46265E-04
 2.57398E-09    7.02728E-05    0.00000E+00    5.37671E-04
 2.65692E-09    6.91676E-05    0.00000E+00    5.29215E-04
 2.74255E-09    6.80797E-05    0.00000E+00    5.20891E-04
 2.83093E-09    6.70091E-05    0.00000E+00    5.12700E-04
 2.92217E-09    6.59554E-05    0.00000E+00    5.04638E-04
 3.01633E-09    6.49186E-05    0.00000E+00    4.96705E-04
 3.11354E-09    6.38981E-05    0.00000E+00    4.88897E-04
 3.21387E-09    6.28940E-05    0.00000E+00    4.81214E-04
 3.31745E-09    6.19058E-05    0.00000E+00    4.73653E-04
 3.42435E-09    6.09335E-05    0.00000E+00    4.66214E-04
 3.53471E-09    5.99767E-05    0.00000E+00    4.58894E-04
 3.64861E-09    5.90354E-05    0.00000E+00    4.51691E-04
 3.76620E-09    5.81091E-05    0.00000E+00    4.44604E-04
 3.88757E-09    5.71978E-05    0.00000E+00    4.37632E-04
 4.01286E-09    5.63011E-05    0.00000E+00    4.30771E-04
 4.14217E-09    5.54189E-05    0.00000E+00    4.24021E-04
 4.27566E-09    5.45508E-05    0.00000E+00    4.17379E-04
 4.41344E-09    5.36967E-05    0.00000E+00    4.10844E-04
 4.55568E-09    5.28561E-05    0.00000E+00    4.04412E-04
 4.70248E-09    5.20290E-05    0.00000E+00    3.98084E-04
 4.85404E-09    5.12149E-05    0.00000E+00    3.91855E-04
 5.01045E-09    5.04136E-05    0.00000E+00    3.85724E-04
 5.17193E-09    4.96247E-05    0.00000E+00    3.79688E-04
 5.33859E-09    4.88482E-05    0.00000E+00    3.73747E-04
 5.51065E-09    4.80835E-05    0.00000E+00    3.67896E-04
 5.68822E-09    4.73306E-05    0.00000E+00    3.62135E-04
 5.87154E-09    4.65890E-05    0.00000E+00    3.56462E-04
 6.06075E-09    4.58588E-05    0.00000E+00    3.50875E-04
 6.25608E-09    4.51396E-05    0.00000E+00    3.45372E-04
 6.45767E-09    4.44314E-05    0.00000E+00    3.39953E-04
 6.66579E-09    4.37338E-05    0.00000E+00    3.34616E-04
 6.88059E-09    4.30470E-05    0.00000E+00    3.29361E-04
 7.10234E-09    4.23706E-05    0.00000E+00    3.24186E-04
 7.33121E-09    4.17047E-05    0.00000E+00    3.19091E-04
 7.56748E-09    4.10490E-05    0.00000E+00    3.14074E-04
 7.81133E-09    4.04035E-05    0.00000E+00    3.09135E-04
 8.06308E-09    3.97680E-05    0.00000E+00    3.04273E-04
 8.32291E-09    3.91425E-05    0.00000E+00    2.99487E-04
 8.59114E-09    3.85266E-05    0.00000E+00    2.94775E-04
 8.86798E-09    3.79206E-05    0.00000E+00    2.90138E-04
 9.15378E-09    3.73239E-05    0.00000E+00    2.85573E-04
 9.44875E-09    3.67367E-05    0.00000E+00    2.81080E-04
 9.75327E-09    3.61587E-05    0.00000E+00    2.76657E-04
 1.00676E-08    3.55898E-05    0.00000E+00    2.72305E-04
 1.03920E-08    3.50298E-05    0.00000E+00    2.68020E-04
 1.07269E-08    3.44787E-05    0.00000E+00    2.63803E-04
 1.10726E-08    3.39362E-05    0.00000E+00    2.59652E-04
 1.14294E-08    3.34023E-05    0.00000E+00    2.55567E-04
 1.17978E-08    3.28767E-05    0.00000E+00    2.51546E-04
 1.21779E-08    3.23594E-05    0.00000E+00    2.47588E-04
 1.25704E-08    3.18503E-05    0.00000E+00    2.43693E-04
 1.29755E-08    3.13492E-05    0.00000E+00    2.39859E-04
 1.33937E-08    3.08559E-05    0.00000E+00    2.36085E-04
 1.38253E-08    3.03705E-05    0.00000E+00    2.32370E-04
 1.42708E-08    2.98926E-05    0.00000E+00    2.28714E-04
 1.47307E-08    2.94223E-05    0.00000E+00    2.25116E-04
 1.52054E-08    2.89593E-05    0.00000E+00    2.21574E-04
 1.56954E-08    2.85037E-05    0.00000E+00    2.18088E-04
 1.62012E-08    2.80552E-05    0.00000E+00    2.14656E-04
 1.67233E-08    2.76138E-05    0.00000E+00    2.11279E-04
 1.72623E-08    2.71792E-05    0.00000E+00    2.07954E-04
 1.78185E-08    2.67515E-05    0.00000E+00    2.04681E-04
 1.83928E-08    2.63304E-05    0.00000E+00    2.01459E-04
 1.89855E-08    2.59158E-05    0.00000E+00    1.98287E-04
 1.95974E-08    2.55074E-05    0.00000E+00    1.95162E-04
 2.02289E-08    2.51052E-05    0.00000E+00    1.92085E-04
 2.08808E-08    2.47091E-05    0.00000E+00    1.89054E-04
 2.15537E-08    2.43193E-05    0.00000E+00    1.86071E-04
 2.22483E-08    2.39360E-05    0.00000E+00    1.83139E-04
 2.29168E-08    2.35846E-05    0.00000E+00    1.80451E-04
 2.36053E-08    2.32400E-05    0.00000E+00    1.77814E-04
 2.43146E-08    2.29022E-05    0.00000E+00    1.75229E-04
 2.50451E-08    2.25711E-05    0.00000E+00    1.72696E-04
 2.52522E-08    2.24801E-05    0.00000E+00    1.71999E-04
 2.53000E-08    2.24593E-05    0.00000E+00    1.59331E-04
 2.61154E-08    2.21129E-05    0.00000E+00    1.56874E-04
 2.70140E-08    2.17488E-05    0.00000E+00    1.54291E-04
 2.80027E-08    2.13658E-05    0.00000E+00    1.51574E-04
 2.90277E-08    2.09853E-05    0.00000E+00    1.48875E-04
 3.00266E-08    2.06300E-05    0.00000E+00    1.46354E-04
 3.09942E-08    2.03006E-05    0.00000E+00    1.44017E-04
 3.19930E-08    1.99761E-05    0.00000E+00    1.41715E-04
 3.29543E-08    1.96786E-05    0.00000E+00    1.39605E-04
 3.39444E-08    1.93872E-05    0.00000E+00    1.37537E-04
 3.48904E-08    1.91232E-05    0.00000E+00    1.35664E-04
 3.57115E-08    1.89065E-05    0.00000E+00    1.34127E-04
 3.64747E-08    1.87178E-05    0.00000E+00    1.32789E-04
 3.71754E-08    1.85581E-05    0.00000E+00    1.31655E-04
 3.77298E-08    1.84432E-05    0.00000E+00    1.30840E-04
 3.82924E-08    1.83394E-05    0.00000E+00    1.30104E-04
 3.87813E-08    1.82615E-05    0.00000E+00    1.29551E-04
 3.92764E-08    1.81962E-05    0.00000E+00    1.29088E-04
 3.96940E-08    1.81531E-05    0.00000E+00    1.28782E-04
 4.01158E-08    1.81218E-05    0.00000E+00    1.28560E-04
 4.05423E-08    1.81037E-05    0.00000E+00    1.28431E-04
 4.08434E-08    1.80996E-05    0.00000E+00    1.28402E-04
 4.12339E-08    1.81054E-05    0.00000E+00    1.28444E-04
 4.15842E-08    1.81217E-05    0.00000E+00    1.28559E-04
 4.19374E-08    1.81489E-05    0.00000E+00    1.28752E-04
 4.22936E-08    1.81873E-05    0.00000E+00    1.29025E-04
 4.26971E-08    1.82441E-05    0.00000E+00    1.29428E-04
 4.30598E-08    1.83069E-05    0.00000E+00    1.29873E-04
 4.34255E-08    1.83812E-05    0.00000E+00    1.30400E-04
 4.37944E-08    1.84667E-05    0.00000E+00    1.31007E-04
 4.41663E-08    1.85632E-05    0.00000E+00    1.31692E-04
 4.46359E-08    1.86986E-05    0.00000E+00    1.32652E-04
 4.51102E-08    1.88493E-05    0.00000E+00    1.33721E-04
 4.55898E-08    1.90141E-05    0.00000E+00    1.34890E-04
 4.61718E-08    1.92287E-05    0.00000E+00    1.36412E-04
 4.67614E-08    1.94593E-05    0.00000E+00    1.38048E-04
 4.74586E-08    1.97455E-05    0.00000E+00    1.40079E-04
 4.83705E-08    2.01358E-05    0.00000E+00    1.42848E-04
 4.96136E-08    2.06861E-05    0.00000E+00    1.46752E-04
 5.15383E-08    2.15586E-05    0.00000E+00    1.52942E-04
 5.51463E-08    2.32173E-05    0.00000E+00    1.64709E-04
 5.98867E-08    2.54158E-05    0.00000E+00    1.80306E-04
 6.51723E-08    2.78895E-05    0.00000E+00    1.97855E-04
 7.06252E-08    3.04624E-05    0.00000E+00    2.16107E-04
 7.68586E-08    3.34303E-05    0.00000E+00    2.37162E-04
 8.32893E-08    3.65166E-05    0.00000E+00    2.59057E-04
 9.08325E-08    4.01709E-05    0.00000E+00    2.84981E-04
 9.82242E-08    4.37796E-05    0.00000E+00    3.10583E-04
 1.07347E-07    4.82762E-05    0.00000E+00    3.42482E-04
 1.15837E-07    5.24932E-05    0.00000E+00    3.72398E-04
 1.27132E-07    5.81582E-05    0.00000E+00    4.12587E-04
 1.36608E-07    6.29469E-05    0.00000E+00    4.46560E-04
 1.51202E-07    7.03955E-05    0.00000E+00    4.99402E-04
 1.61787E-07    7.58417E-05    0.00000E+00    5.38038E-04
 1.81356E-07    8.60097E-05    0.00000E+00    6.10173E-04
 1.96947E-07    9.41676E-05    0.00000E+00    6.68046E-04
 2.00307E-07    9.58726E-05    0.00000E+00    6.80142E-04
 2.02435E-07    9.68987E-05    0.00000E+00    6.87421E-04
 2.04155E-07    9.76758E-05    0.00000E+00    6.92935E-04
 2.05889E-07    9.83941E-05    0.00000E+00    6.98030E-04
 2.07199E-07    9.88821E-05    0.00000E+00    7.01492E-04
 2.08517E-07    9.93167E-05    0.00000E+00    7.04575E-04
 2.09845E-07    9.96907E-05    0.00000E+00    7.07228E-04
 2.11180E-07    9.99972E-05    0.00000E+00    7.09403E-04
 2.12584E-07    1.00241E-04    0.00000E+00    7.42914E-04
 2.13937E-07    1.00399E-04    0.00000E+00    7.44087E-04
 2.15298E-07    1.00485E-04    0.00000E+00    7.44722E-04
 2.16211E-07    1.00503E-04    0.00000E+00    7.44858E-04
 2.17587E-07    1.00477E-04    0.00000E+00    7.44660E-04
 2.18971E-07    1.00391E-04    0.00000E+00    7.44025E-04
 2.20831E-07    1.00199E-04    0.00000E+00    7.42600E-04
 2.22707E-07    9.99354E-05    0.00000E+00    7.40649E-04
 2.25075E-07    9.95346E-05    0.00000E+00    7.37678E-04
 2.28914E-07    9.87947E-05    0.00000E+00    7.32194E-04
 2.48592E-07    9.47357E-05    0.00000E+00    7.02112E-04
 2.54442E-07    9.35876E-05    0.00000E+00    6.93603E-04
 2.59880E-07    9.25902E-05    0.00000E+00    6.86211E-04
 2.65995E-07    9.15444E-05    0.00000E+00    6.78461E-04
 2.79252E-07    8.93956E-05    0.00000E+00    6.62535E-04
 2.92549E-07    8.72823E-05    0.00000E+00    6.46873E-04
 2.99433E-07    8.62391E-05    0.00000E+00    6.39141E-04
 3.05832E-07    8.53329E-05    0.00000E+00    6.32425E-04
 3.13691E-07    8.42945E-05    0.00000E+00    6.24729E-04
 3.39220E-07    8.10730E-05    0.00000E+00    6.00854E-04
 3.48673E-07    7.99170E-05    0.00000E+00    5.92286E-04
 3.56125E-07    7.90619E-05    0.00000E+00    5.85949E-04
 3.63735E-07    7.82512E-05    0.00000E+00    5.79941E-04
 3.79448E-07    7.66768E-05    0.00000E+00    5.68273E-04
 4.05155E-07    7.41475E-05    0.00000E+00    5.49528E-04
 4.13813E-07    7.33367E-05    0.00000E+00    5.43518E-04
 4.21763E-07    7.26434E-05    0.00000E+00    5.38380E-04
 4.32601E-07    7.17662E-05    0.00000E+00    5.31879E-04
 4.74782E-07    6.84936E-05    0.00000E+00    5.07624E-04
 4.85956E-07    6.76653E-05    0.00000E+00    5.01486E-04
 4.95291E-07    6.70251E-05    0.00000E+00    4.96741E-04
 5.08020E-07    6.62188E-05    0.00000E+00    4.90766E-04
 5.59917E-07    6.30591E-05    0.00000E+00    4.67348E-04
 5.71883E-07    6.23651E-05    0.00000E+00    4.62204E-04
 5.81639E-07    6.18413E-05    0.00000E+00    4.58323E-04
 5.95328E-07    6.11611E-05    0.00000E+00    4.53281E-04
 6.60318E-07    5.80551E-05    0.00000E+00    4.30262E-04
 6.73006E-07    5.74800E-05    0.00000E+00    4.26000E-04
 6.84488E-07    5.70003E-05    0.00000E+00    4.22445E-04
 7.03563E-07    5.62651E-05    0.00000E+00    4.16996E-04
 7.77079E-07    5.35090E-05    0.00000E+00    3.96570E-04
 7.90336E-07    5.30409E-05    0.00000E+00    3.93100E-04
 8.02119E-07    5.26617E-05    0.00000E+00    3.90290E-04
 8.19261E-07    5.21610E-05    0.00000E+00    3.86579E-04
 9.80575E-07    4.76494E-05    0.00000E+00    3.53143E-04
 9.97304E-07    4.72065E-05    0.00000E+00    3.49860E-04
 1.00790E-06    4.69461E-05    0.00000E+00    3.47930E-04
 1.02933E-06    4.64573E-05    0.00000E+00    3.44308E-04
 1.08103E-06    4.53222E-05    0.00000E+00    3.35895E-04
 1.10402E-06    4.48523E-05    0.00000E+00    3.32413E-04
 1.22630E-06    4.26120E-05    0.00000E+00    3.15809E-04
 1.28796E-06    4.15161E-05    0.00000E+00    3.07687E-04
 1.36220E-06    4.04271E-05    0.00000E+00    2.99616E-04
 1.51308E-06    3.82923E-05    0.00000E+00    2.83795E-04
 1.77764E-06    3.53181E-05    0.00000E+00    2.61752E-04
 2.10307E-06    3.24631E-05    0.00000E+00    2.40593E-04
 2.47066E-06    2.99426E-05    0.00000E+00    2.21913E-04
 2.90264E-06    2.76173E-05    0.00000E+00    2.04679E-04
 3.40998E-06    2.54732E-05    0.00000E+00    1.88789E-04
 4.00619E-06    2.34950E-05    0.00000E+00    1.74128E-04
 4.70642E-06    2.16710E-05    0.00000E+00    1.60610E-04
 5.52930E-06    1.99882E-05    0.00000E+00    1.48138E-04
 6.49575E-06    1.84365E-05    0.00000E+00    1.36638E-04
 7.63149E-06    1.70049E-05    0.00000E+00    1.26028E-04
 8.96537E-06    1.56834E-05    0.00000E+00    1.16234E-04
 1.00994E-05    1.47799E-05    0.00000E+00    1.09538E-04
 1.23739E-05    1.33363E-05    0.00000E+00    9.88392E-05
 1.45374E-05    1.22954E-05    0.00000E+00    9.11243E-05
 1.69293E-05    1.13945E-05    0.00000E+00    8.44474E-05
 1.69470E-05    1.13936E-05    0.00000E+00    8.44411E-05
 1.70423E-05    1.14311E-05    0.00000E+00    8.47193E-05
 1.93599E-05    1.36771E-05    0.00000E+00    1.01365E-04
 1.94896E-05    1.37540E-05    0.00000E+00    1.02476E-04
 1.95583E-05    1.37586E-05    0.00000E+00    1.02510E-04
 9.94068E-05    4.71503E-06    0.00000E+00    3.51298E-05
 1.00000E-04    4.65397E-06    0.00000E+00    3.46748E-05
 1.02842E-04    4.60872E-06    0.00000E+00    3.43377E-05
 2.00071E-04    3.27041E-06    0.00000E+00    2.43665E-05
 3.00000E-04    2.66199E-06    0.00000E+00    1.98334E-05
 6.00000E-04    1.87184E-06    0.00000E+00    1.39463E-05
 1.00000E-03    1.44532E-06    0.00000E+00    1.07685E-05
 2.00000E-03    1.02245E-06    0.00000E+00    8.17326E-06
 3.00000E-03    8.39622E-07    0.00000E+00    6.71180E-06
 6.00000E-03    6.11610E-07    0.00000E+00    4.96327E-06
 1.00000E-02    4.98783E-07    0.00000E+00    4.04767E-06
 2.00000E-02    4.06601E-07    0.00000E+00    3.29960E-06
 3.00000E-02    3.81250E-07    0.00000E+00    3.09190E-06
 6.00000E-02    3.86620E-07    0.00000E+00    3.13545E-06
 1.00000E-01    4.39444E-07    0.00000E+00    3.56384E-06
 2.00000E-01    6.41454E-07    0.00000E+00    4.86084E-06
 3.00000E-01    9.48853E-07    0.00000E+00    7.19027E-06
 4.00000E-01    1.39587E-06    0.00000E+00    1.05777E-05
 5.00000E-01    2.05553E-06    0.00000E+00    1.55765E-05
 6.00000E-01    3.01504E-06    0.00000E+00    2.25664E-05
 6.99969E-01    4.30032E-06    0.00000E+00    3.21862E-05
 8.00000E-01    5.86350E-06    0.00000E+00    4.38861E-05
 9.00000E-01    7.74788E-06    0.00000E+00    5.79900E-05
 1.00000E+00    1.03473E-05    0.00000E+00    5.47389E-05
 1.20000E+00    1.64262E-05    0.00000E+00    8.68973E-05
 1.40000E+00    2.05840E-05    0.00000E+00    1.08893E-04
 1.60000E+00    2.56003E-05    0.00000E+00    1.35429E-04
 1.80000E+00    3.19493E-05    0.00000E+00    1.68775E-04
 2.00000E+00    3.94894E-05    0.00000E+00    2.08606E-04
 2.20000E+00    4.87496E-05    0.00000E+00    2.57524E-04
 2.40000E+00    5.88969E-05    0.00000E+00    3.11128E-04
 2.60000E+00    7.10446E-05    0.00000E+00    3.74528E-04
 2.80000E+00    8.50412E-05    0.00000E+00    4.48315E-04
 3.00000E+00    1.01605E-04    0.00000E+00    5.35636E-04
 3.20000E+00    1.21358E-04    0.00000E+00    6.39768E-04
 3.40000E+00    1.44620E-04    0.00000E+00    7.62399E-04
 3.60000E+00    1.72258E-04    0.00000E+00    9.08099E-04
 3.80000E+00    2.04027E-04    0.00000E+00    1.07558E-03
 4.00000E+00    2.41032E-04    0.00000E+00    1.27066E-03
 4.20000E+00    2.82705E-04    0.00000E+00    1.49035E-03
 4.40000E+00    3.29595E-04    0.00000E+00    1.73754E-03
 4.60000E+00    3.84323E-04    0.00000E+00    2.39449E-03
 4.80000E+00    4.44681E-04    0.00000E+00    2.77054E-03
 5.00000E+00    5.16269E-04    0.00000E+00    3.21656E-03
 5.20000E+00    5.96598E-04    0.00000E+00    3.71704E-03
 5.40000E+00    6.86139E-04    0.00000E+00    4.27492E-03
 5.60000E+00    7.93241E-04    0.00000E+00    4.94220E-03
 5.80000E+00    9.12733E-04    0.00000E+00    5.68668E-03
 6.00000E+00    1.05536E-03    0.00000E+00    6.57532E-03
 6.20000E+00    1.22092E-03    0.00000E+00    7.60682E-03
 6.40000E+00    1.40735E-03    0.00000E+00    8.76836E-03
 6.60000E+00    1.62706E-03    0.00000E+00    8.52550E-03
 6.80000E+00    1.86924E-03    0.00000E+00    9.79448E-03
 7.00000E+00    2.15003E-03    0.00000E+00    1.12658E-02
 7.20000E+00    2.47118E-03    0.00000E+00    1.29485E-02
 7.40000E+00    2.81205E-03    0.00000E+00    1.47346E-02
 7.60000E+00    3.21312E-03    0.00000E+00    1.68362E-02
 7.80000E+00    3.64217E-03    0.00000E+00    1.90843E-02
 8.00000E+00    4.09125E-03    0.00000E+00    2.14374E-02
 8.50000E+00    5.42931E-03    0.00000E+00    2.84485E-02
 9.00000E+00    6.96754E-03    0.00000E+00    3.66312E-02
 9.50000E+00    8.67075E-03    0.00000E+00    4.55857E-02
 1.00000E+01    1.05020E-02    0.00000E+00    5.52134E-02
 1.01411E+01    1.10846E-02    0.00000E+00    5.82766E-02
 1.02842E+01    1.16755E-02    0.00000E+00    6.13830E-02
 1.04292E+01    1.22747E-02    0.00000E+00    6.45332E-02
 1.05000E+01    1.25669E-02    0.00000E+00    6.60694E-02
 1.06481E+01    1.32506E-02    0.00000E+00    6.96638E-02
 1.07984E+01    1.39439E-02    0.00000E+00    7.33089E-02
 1.09507E+01    1.46470E-02    0.00000E+00    7.70054E-02
 1.10000E+01    1.48745E-02    0.00000E+00    7.82015E-02
 1.11552E+01    1.56786E-02    0.00000E+00    8.24289E-02
 1.13126E+01    1.64941E-02    0.00000E+00    8.67161E-02
 1.14722E+01    1.73210E-02    0.00000E+00    9.10637E-02
 1.15000E+01    1.74652E-02    0.00000E+00    9.18218E-02
 1.16622E+01    1.85050E-02    0.00000E+00    9.72883E-02
 1.18268E+01    1.95594E-02    0.00000E+00    1.02832E-01
 1.19936E+01    2.06287E-02    0.00000E+00    1.08454E-01
 1.20000E+01    2.06695E-02    0.00000E+00    1.08668E-01
 1.21693E+01    2.19826E-02    0.00000E+00    1.15572E-01
 1.23410E+01    2.33142E-02    0.00000E+00    1.22572E-01
 1.25000E+01    2.45475E-02    0.00000E+00    1.29056E-01
 1.26764E+01    2.62701E-02    0.00000E+00    1.38113E-01
 1.28552E+01    2.80170E-02    0.00000E+00    1.47297E-01
 1.30000E+01    2.94315E-02    0.00000E+00    1.58415E-01
 1.31834E+01    3.14582E-02    0.00000E+00    1.69323E-01
 1.33694E+01    3.35134E-02    0.00000E+00    1.80386E-01
 1.35000E+01    3.49566E-02    0.00000E+00    1.88153E-01
 1.36905E+01    3.74056E-02    0.00000E+00    2.01335E-01
 1.38836E+01    3.98891E-02    0.00000E+00    2.14703E-01
 1.40000E+01    4.13857E-02    0.00000E+00    2.22758E-01
 1.41975E+01    4.41866E-02    0.00000E+00    2.37834E-01
 1.43978E+01    4.70271E-02    0.00000E+00    2.53123E-01
 1.45000E+01    4.84761E-02    0.00000E+00    2.60922E-01
 1.47046E+01    5.16392E-02    0.00000E+00    2.77947E-01
 1.49120E+01    5.48469E-02    0.00000E+00    2.95213E-01
 1.50000E+01    5.62072E-02    0.00000E+00    3.02535E-01
 1.52116E+01    5.97352E-02    0.00000E+00    3.21524E-01
 1.54262E+01    6.33129E-02    0.00000E+00    3.40781E-01
 1.56439E+01    6.69411E-02    0.00000E+00    3.60310E-01
 1.58646E+01    7.06205E-02    0.00000E+00    3.80114E-01
 1.60000E+01    7.28782E-02    0.00000E+00    3.96900E-01
 1.62257E+01    7.70222E-02    0.00000E+00    4.19469E-01
 1.64546E+01    8.12246E-02    0.00000E+00    4.42355E-01
 1.66868E+01    8.54863E-02    0.00000E+00    4.65565E-01
 1.69222E+01    8.98082E-02    0.00000E+00    4.89102E-01
 1.70000E+01    9.12362E-02    0.00000E+00    4.96879E-01
 1.72398E+01    9.47788E-02    0.00000E+00    5.16173E-01
 1.74831E+01    9.83714E-02    0.00000E+00    5.35738E-01
 1.77297E+01    1.02015E-01    0.00000E+00    5.55580E-01
 1.79799E+01    1.05709E-01    0.00000E+00    5.75701E-01
 1.80000E+01    1.06007E-01    0.00000E+00    5.77322E-01
 1.82539E+01    1.09039E-01    0.00000E+00    5.93833E-01
 1.85115E+01    1.12113E-01    0.00000E+00    6.10576E-01
 1.87726E+01    1.15231E-01    0.00000E+00    6.27556E-01
 1.90000E+01    1.17945E-01    0.00000E+00    6.42338E-01
 1.92681E+01    1.19429E-01    0.00000E+00    6.50422E-01
 1.95399E+01    1.20935E-01    0.00000E+00    6.58621E-01
 1.98156E+01    1.22462E-01    0.00000E+00    6.66935E-01
 2.00000E+01    1.23483E-01    0.00000E+00    6.63708E-01
 2.02822E+01    1.24677E-01    0.00000E+00    6.70125E-01
 2.05683E+01    1.25887E-01    0.00000E+00    6.76632E-01
 2.08585E+01    1.27115E-01    0.00000E+00    6.83231E-01
 2.10000E+01    1.27714E-01    0.00000E+00    6.86449E-01
 2.12963E+01    1.28990E-01    0.00000E+00    6.93305E-01
 2.15967E+01    1.30283E-01    0.00000E+00    7.00257E-01
 2.19014E+01    1.31595E-01    0.00000E+00    7.07307E-01
 2.20000E+01    1.32019E-01    0.00000E+00    7.09588E-01
 2.23104E+01    1.33037E-01    0.00000E+00    7.15060E-01
 2.26251E+01    1.34070E-01    0.00000E+00    7.20609E-01
 2.29443E+01    1.35116E-01    0.00000E+00    7.26236E-01
 2.30000E+01    1.35299E-01    0.00000E+00    7.27218E-01
 2.33245E+01    1.35784E-01    0.00000E+00    7.29824E-01
 2.36536E+01    1.36275E-01    0.00000E+00    7.32466E-01
 2.39873E+01    1.36774E-01    0.00000E+00    7.35146E-01
 2.40000E+01    1.36793E-01    0.00000E+00    7.23523E-01
 2.43386E+01    1.37301E-01    0.00000E+00    7.26208E-01
 2.46820E+01    1.37815E-01    0.00000E+00    7.28930E-01
 2.50000E+01    1.38292E-01    0.00000E+00    7.31452E-01
 2.53527E+01    1.38081E-01    0.00000E+00    7.30336E-01
 2.57104E+01    1.37867E-01    0.00000E+00    7.29205E-01
 2.60000E+01    1.37694E-01    0.00000E+00    7.28289E-01
 2.63668E+01    1.37185E-01    0.00000E+00    7.25596E-01
 2.67388E+01    1.36669E-01    0.00000E+00    7.22865E-01
 2.70000E+01    1.36306E-01    0.00000E+00    7.20948E-01
 2.73809E+01    1.35418E-01    0.00000E+00    7.16249E-01
 2.77672E+01    1.34517E-01    0.00000E+00    7.11485E-01
 2.80000E+01    1.33974E-01    0.00000E+00    7.08613E-01
 2.83950E+01    1.32740E-01    0.00000E+00    7.02088E-01
 2.87956E+01    1.31489E-01    0.00000E+00    6.95471E-01
 2.90000E+01    1.30851E-01    0.00000E+00    6.92095E-01
 2.94091E+01    1.29341E-01    0.00000E+00    6.84108E-01
 2.98240E+01    1.27809E-01    0.00000E+00    6.76007E-01
 3.00000E+01    1.27160E-01    0.00000E+00    6.72573E-01
