# n + Ac214 : (n,f)     
# tendl.2017 A.J. Koning and D. Rochman        EVAL-NOV17
# uncertainties: n
# # energies =   120
#   E(MeV)       xs(mb) 
 1.00000E-11    1.00000E-17
 4.25169E-08    1.00000E-17
 2.12584E-07    9.44017E-01
 1.00000E-06    4.34885E-01
 1.00000E-05    1.37048E-01
 1.00000E-04    4.29526E-02
 2.00000E-04    3.02536E-02
 3.00000E-04    2.46467E-02
 6.00000E-04    1.73834E-02
 1.00000E-03    1.34770E-02
 2.00000E-03    9.62924E-03
 3.00000E-03    7.98482E-03
 6.00000E-03    5.97888E-03
 1.00000E-02    5.03471E-03
 2.00000E-02    4.36345E-03
 3.00000E-02    4.27454E-03
 6.00000E-02    4.67610E-03
 1.00000E-01    5.56991E-03
 2.00000E-01    8.64172E-03
 3.00000E-01    1.34068E-02
 4.00000E-01    2.07518E-02
 5.00000E-01    3.13360E-02
 6.00000E-01    4.80549E-02
 7.00000E-01    7.43473E-02
 8.00000E-01    1.14221E-01
 9.00000E-01    1.75012E-01
 1.00000E+00    2.67956E-01
 1.20000E+00    5.89460E-01
 1.40000E+00    1.14198E+00
 1.60000E+00    2.22940E+00
 1.80000E+00    4.41408E+00
 2.00000E+00    8.32307E+00
 2.20000E+00    1.37661E+01
 2.40000E+00    1.91230E+01
 2.60000E+00    2.29949E+01
 2.80000E+00    2.53805E+01
 3.00000E+00    2.68277E+01
 3.20000E+00    2.77877E+01
 3.40000E+00    2.85234E+01
 3.60000E+00    2.91456E+01
 3.80000E+00    2.96923E+01
 4.00000E+00    3.01528E+01
 4.20000E+00    3.05176E+01
 4.40000E+00    3.07802E+01
 4.60000E+00    3.09480E+01
 4.80000E+00    3.10604E+01
 5.00000E+00    3.11522E+01
 5.20000E+00    3.12923E+01
 5.40000E+00    3.13899E+01
 5.60000E+00    3.16477E+01
 5.80000E+00    3.20203E+01
 6.00000E+00    3.25728E+01
 6.20000E+00    3.33095E+01
 6.40000E+00    3.42132E+01
 6.60000E+00    3.53647E+01
 6.80000E+00    3.67063E+01
 7.00000E+00    3.82951E+01
 7.20000E+00    4.01310E+01
 7.40000E+00    4.21964E+01
 7.60000E+00    4.45644E+01
 7.80000E+00    4.71542E+01
 8.00000E+00    5.00229E+01
 8.50000E+00    5.81709E+01
 9.00000E+00    6.71121E+01
 9.50000E+00    7.63707E+01
 1.00000E+01    8.56738E+01
 1.05000E+01    9.49803E+01
 1.10000E+01    1.04249E+02
 1.15000E+01    1.13872E+02
 1.20000E+01    1.25258E+02
 1.25000E+01    1.38145E+02
 1.30000E+01    1.51314E+02
 1.35000E+01    1.63914E+02
 1.40000E+01    1.75126E+02
 1.45000E+01    1.84853E+02
 1.50000E+01    1.93173E+02
 1.60000E+01    2.07160E+02
 1.70000E+01    2.18470E+02
 1.80000E+01    2.31711E+02
 1.90000E+01    2.45874E+02
 2.00000E+01    2.61862E+02
 2.10000E+01    2.79645E+02
 2.20000E+01    2.96230E+02
 2.30000E+01    3.10054E+02
 2.40000E+01    3.20903E+02
 2.50000E+01    3.29562E+02
 2.60000E+01    3.37657E+02
 2.70000E+01    3.45926E+02
 2.80000E+01    3.54144E+02
 2.90000E+01    3.62773E+02
 3.00000E+01    3.71994E+02
 3.20000E+01    3.90757E+02
 3.40000E+01    4.10618E+02
 3.60000E+01    4.26267E+02
 3.80000E+01    4.38969E+02
 4.00000E+01    4.51773E+02
 4.20000E+01    4.64486E+02
 4.40000E+01    4.75389E+02
 4.60000E+01    4.82019E+02
 4.80000E+01    4.85803E+02
 5.00000E+01    4.90463E+02
 5.20000E+01    4.99706E+02
 5.40000E+01    5.09125E+02
 5.60000E+01    5.15703E+02
 5.80000E+01    5.23667E+02
 6.00000E+01    5.31308E+02
 6.50000E+01    5.46429E+02
 7.00000E+01    5.65938E+02
 7.50000E+01    5.75468E+02
 8.00000E+01    5.86604E+02
 9.00000E+01    6.01314E+02
 1.00000E+02    6.09997E+02
 1.10000E+02    6.32285E+02
 1.20000E+02    6.53147E+02
 1.30000E+02    7.16156E+02
 1.40000E+02    7.79082E+02
 1.50000E+02    8.36728E+02
 1.60000E+02    8.78097E+02
 1.80000E+02    8.99741E+02
 2.00000E+02    7.04185E+02
