# n + Ac214 : (n,el)    
# tendl.2017 A.J. Koning and D. Rochman        EVAL-NOV17
# uncertainties: y
# # energies =  1296
#   E(MeV)       xs(mb)       xslow(mb)      xsupp(mb)
 1.00000E-11    3.26547E+04    2.75282E+04    3.77813E+04
 1.03223E-11    3.21684E+04    2.71182E+04    3.72187E+04
 1.06549E-11    3.16905E+04    2.67153E+04    3.66656E+04
 1.09984E-11    3.12202E+04    2.63189E+04    3.61216E+04
 1.13527E-11    3.07581E+04    2.59293E+04    3.55868E+04
 1.17186E-11    3.03034E+04    2.55460E+04    3.50608E+04
 1.20962E-11    2.98565E+04    2.51693E+04    3.45438E+04
 1.24861E-11    2.94169E+04    2.47987E+04    3.40352E+04
 1.28884E-11    2.89849E+04    2.44345E+04    3.35354E+04
 1.33038E-11    2.85600E+04    2.40763E+04    3.30437E+04
 1.37325E-11    2.81424E+04    2.37243E+04    3.25606E+04
 1.41751E-11    2.77317E+04    2.33781E+04    3.20854E+04
 1.46318E-11    2.73282E+04    2.30378E+04    3.16185E+04
 1.51034E-11    2.69313E+04    2.27033E+04    3.11593E+04
 1.55901E-11    2.65413E+04    2.23745E+04    3.07081E+04
 1.60926E-11    2.61578E+04    2.20512E+04    3.02644E+04
 1.66111E-11    2.57810E+04    2.17336E+04    2.98284E+04
 1.71465E-11    2.54105E+04    2.14213E+04    2.93998E+04
 1.76990E-11    2.50465E+04    2.11144E+04    2.89786E+04
 1.82694E-11    2.46887E+04    2.08127E+04    2.85646E+04
 1.88581E-11    2.43371E+04    2.05164E+04    2.81579E+04
 1.94659E-11    2.39915E+04    2.02251E+04    2.77580E+04
 2.01358E-11    2.36296E+04    1.99199E+04    2.73393E+04
 2.08286E-11    2.32744E+04    1.96205E+04    2.69283E+04
 2.15454E-11    2.29257E+04    1.93266E+04    2.65249E+04
 2.22868E-11    2.25836E+04    1.90382E+04    2.61291E+04
 2.30537E-11    2.22479E+04    1.87552E+04    2.57407E+04
 2.38470E-11    2.19185E+04    1.84775E+04    2.53596E+04
 2.46676E-11    2.15954E+04    1.82051E+04    2.49857E+04
 2.55164E-11    2.12783E+04    1.79378E+04    2.46188E+04
 2.63945E-11    2.09673E+04    1.76756E+04    2.42590E+04
 2.73028E-11    2.06622E+04    1.74184E+04    2.39060E+04
 2.82423E-11    2.03629E+04    1.71661E+04    2.35598E+04
 2.92141E-11    2.00695E+04    1.69187E+04    2.32202E+04
 3.02194E-11    1.97816E+04    1.66761E+04    2.28872E+04
 3.12593E-11    1.94994E+04    1.64381E+04    2.25606E+04
 3.23350E-11    1.92226E+04    1.62048E+04    2.22404E+04
 3.34476E-11    1.89513E+04    1.59761E+04    2.19265E+04
 3.45986E-11    1.86853E+04    1.57518E+04    2.16187E+04
 3.57892E-11    1.84245E+04    1.55320E+04    2.13171E+04
 3.70207E-11    1.81690E+04    1.53166E+04    2.10214E+04
 3.82947E-11    1.79185E+04    1.51054E+04    2.07315E+04
 3.96124E-11    1.76730E+04    1.48985E+04    2.04475E+04
 4.09755E-11    1.74325E+04    1.46957E+04    2.01692E+04
 4.23855E-11    1.71968E+04    1.44970E+04    1.98966E+04
 4.38441E-11    1.69660E+04    1.43024E+04    1.96295E+04
 4.53528E-11    1.67398E+04    1.41118E+04    1.93678E+04
 4.69134E-11    1.65183E+04    1.39251E+04    1.91116E+04
 4.85278E-11    1.63014E+04    1.37422E+04    1.88606E+04
 5.01977E-11    1.60890E+04    1.35632E+04    1.86149E+04
 5.19251E-11    1.58811E+04    1.33879E+04    1.83743E+04
 5.37119E-11    1.56775E+04    1.32162E+04    1.81387E+04
 5.56776E-11    1.54659E+04    1.30379E+04    1.78940E+04
 5.77156E-11    1.52591E+04    1.28636E+04    1.76547E+04
 5.98278E-11    1.50571E+04    1.26932E+04    1.74209E+04
 6.20178E-11    1.48596E+04    1.25268E+04    1.71925E+04
 6.42875E-11    1.46668E+04    1.23642E+04    1.69693E+04
 6.66407E-11    1.44784E+04    1.22054E+04    1.67514E+04
 6.90795E-11    1.42944E+04    1.20503E+04    1.65385E+04
 7.16081E-11    1.41148E+04    1.18989E+04    1.63307E+04
 7.42288E-11    1.39395E+04    1.17511E+04    1.61279E+04
 7.69459E-11    1.37683E+04    1.16068E+04    1.59298E+04
 7.97619E-11    1.36013E+04    1.14660E+04    1.57366E+04
 8.26815E-11    1.34384E+04    1.13287E+04    1.55481E+04
 8.57075E-11    1.32795E+04    1.11947E+04    1.53642E+04
 8.88447E-11    1.31244E+04    1.10640E+04    1.51849E+04
 9.22914E-11    1.29645E+04    1.09292E+04    1.49999E+04
 9.58719E-11    1.28089E+04    1.07980E+04    1.48198E+04
 9.95912E-11    1.26574E+04    1.06703E+04    1.46446E+04
 1.03455E-10    1.25101E+04    1.05461E+04    1.44740E+04
 1.07469E-10    1.23667E+04    1.04252E+04    1.43082E+04
 1.11638E-10    1.22274E+04    1.03077E+04    1.41470E+04
 1.15969E-10    1.20919E+04    1.01935E+04    1.39902E+04
 1.20468E-10    1.19602E+04    1.00825E+04    1.38378E+04
 1.25142E-10    1.18322E+04    9.97465E+03    1.36898E+04
 1.30271E-10    1.17012E+04    9.86416E+03    1.35382E+04
 1.35612E-10    1.15740E+04    9.75701E+03    1.33911E+04
 1.41170E-10    1.14509E+04    9.65318E+03    1.32486E+04
 1.46958E-10    1.13315E+04    9.55256E+03    1.31105E+04
 1.52982E-10    1.12159E+04    9.45512E+03    1.29768E+04
 1.59254E-10    1.11040E+04    9.36074E+03    1.28472E+04
 1.66133E-10    1.09900E+04    9.26467E+03    1.27154E+04
 1.73310E-10    1.08799E+04    9.17187E+03    1.25880E+04
 1.80796E-10    1.07736E+04    9.08226E+03    1.24650E+04
 1.88606E-10    1.06710E+04    8.99575E+03    1.23463E+04
 1.96754E-10    1.05720E+04    8.91227E+03    1.22317E+04
 2.05686E-10    1.04718E+04    8.82781E+03    1.21158E+04
 2.15027E-10    1.03753E+04    8.74649E+03    1.20042E+04
 2.24789E-10    1.02825E+04    8.66827E+03    1.18968E+04
 2.35493E-10    1.01891E+04    8.58951E+03    1.17887E+04
 2.46707E-10    1.00995E+04    8.51394E+03    1.16850E+04
 2.58455E-10    1.00135E+04    8.44145E+03    1.15855E+04
 2.71336E-10    9.92735E+03    8.36884E+03    1.14859E+04
 2.84857E-10    9.84496E+03    8.29938E+03    1.13905E+04
 2.99055E-10    9.76616E+03    8.23296E+03    1.12994E+04
 3.14623E-10    9.68764E+03    8.16676E+03    1.12085E+04
 3.31002E-10    9.61276E+03    8.10364E+03    1.11219E+04
 3.48969E-10    9.53847E+03    8.04101E+03    1.10359E+04
 3.67914E-10    9.46781E+03    7.98145E+03    1.09542E+04
 3.88708E-10    9.39802E+03    7.92261E+03    1.08734E+04
 4.10676E-10    9.33183E+03    7.86681E+03    1.07968E+04
 4.34803E-10    9.26671E+03    7.81192E+03    1.07215E+04
 4.60351E-10    9.20511E+03    7.75999E+03    1.06502E+04
 4.88430E-10    9.14476E+03    7.70911E+03    1.05804E+04
 5.19316E-10    9.08585E+03    7.65945E+03    1.05123E+04
 5.53327E-10    9.02854E+03    7.61114E+03    1.04459E+04
 5.89565E-10    8.97471E+03    7.56576E+03    1.03837E+04
 6.29507E-10    8.92253E+03    7.52177E+03    1.03233E+04
 6.73577E-10    8.87212E+03    7.47928E+03    1.02650E+04
 7.22255E-10    8.82358E+03    7.43835E+03    1.02088E+04
 7.76093E-10    8.77697E+03    7.39906E+03    1.01549E+04
 8.37478E-10    8.73113E+03    7.36042E+03    1.01018E+04
 9.05634E-10    8.68751E+03    7.32364E+03    1.00514E+04
 9.81407E-10    8.64612E+03    7.28875E+03    1.00035E+04
 1.06803E-09    8.60600E+03    7.25493E+03    9.95707E+03
 1.16722E-09    8.56737E+03    7.22236E+03    9.91237E+03
 1.27832E-09    8.53121E+03    7.19189E+03    9.87054E+03
 1.40593E-09    8.49673E+03    7.16282E+03    9.83064E+03
 1.55612E-09    8.46339E+03    7.13471E+03    9.79207E+03
 1.72966E-09    8.43208E+03    7.10832E+03    9.75584E+03
 1.93477E-09    8.40231E+03    7.08322E+03    9.72140E+03
 2.17799E-09    8.37428E+03    7.05959E+03    9.68896E+03
 2.46740E-09    8.34812E+03    7.03705E+03    9.65919E+03
 2.81898E-09    8.32357E+03    7.01636E+03    9.63078E+03
 3.25491E-09    8.30051E+03    6.99692E+03    9.60410E+03
 3.79380E-09    8.27935E+03    6.97909E+03    9.57962E+03
 4.47408E-09    8.25998E+03    6.96275E+03    9.55720E+03
 5.35503E-09    8.24231E+03    6.94786E+03    9.53676E+03
 6.51877E-09    8.22652E+03    6.92871E+03    9.52433E+03
 8.07081E-09    8.21305E+03    6.91736E+03    9.50873E+03
 1.01628E-08    8.20246E+03    6.90845E+03    9.49647E+03
 1.29331E-08    8.19594E+03    6.87436E+03    9.51751E+03
 1.52845E-08    8.19452E+03    6.87317E+03    9.51586E+03
 2.00354E-08    8.19833E+03    6.85768E+03    9.53898E+03
 2.52643E-08    8.20617E+03    6.87958E+03    9.53275E+03
 2.53000E-08    8.20622E+03    6.87962E+03    9.53281E+03
 3.19254E-08    8.21261E+03    6.92283E+03    9.50238E+03
 3.54108E-08    8.21337E+03    6.93106E+03    9.49568E+03
 4.60463E-08    8.20908E+03    6.92760E+03    9.49057E+03
 7.55237E-08    8.19152E+03    6.91071E+03    9.47232E+03
 1.12152E-07    8.17796E+03    6.89762E+03    9.45830E+03
 2.63519E-07    8.14062E+03    6.86111E+03    9.42014E+03
 3.06854E-07    8.12491E+03    6.84468E+03    9.40513E+03
 3.36063E-07    8.10905E+03    6.82854E+03    9.38957E+03
 3.57315E-07    8.09212E+03    6.80331E+03    9.38094E+03
 3.73540E-07    8.07379E+03    6.78790E+03    9.35968E+03
 3.88031E-07    8.05142E+03    6.76909E+03    9.33374E+03
 4.05649E-07    8.01972E+03    6.74863E+03    9.29080E+03
 4.10829E-07    8.01438E+03    6.74414E+03    9.28462E+03
 4.12570E-07    8.01382E+03    6.74367E+03    9.28397E+03
 4.16956E-07    8.01643E+03    6.74587E+03    9.28700E+03
 4.20429E-07    8.02358E+03    6.75188E+03    9.29528E+03
 4.24000E-07    8.03641E+03    6.76268E+03    9.31015E+03
 4.27602E-07    8.05515E+03    6.77845E+03    9.33185E+03
 4.31234E-07    8.07933E+03    6.79880E+03    9.35987E+03
 4.36811E-07    8.12350E+03    6.83597E+03    9.41103E+03
 4.45047E-07    8.19114E+03    6.89288E+03    9.48939E+03
 4.49778E-07    8.22521E+03    6.92155E+03    9.52886E+03
 4.54558E-07    8.25422E+03    6.94597E+03    9.56247E+03
 4.59390E-07    8.27798E+03    6.96596E+03    9.59000E+03
 4.64232E-07    8.29638E+03    6.98144E+03    9.61131E+03
 4.69165E-07    8.30950E+03    6.99248E+03    9.62651E+03
 4.74118E-07    8.31687E+03    6.99869E+03    9.63505E+03
 4.78616E-07    8.31880E+03    7.00031E+03    9.63729E+03
 4.84215E-07    8.31595E+03    6.99792E+03    9.63399E+03
 4.93517E-07    8.30339E+03    6.98735E+03    9.61944E+03
 5.13749E-07    8.27119E+03    6.98516E+03    9.55721E+03
 5.30304E-07    8.25158E+03    6.96860E+03    9.53455E+03
 5.50878E-07    8.23444E+03    6.95413E+03    9.51475E+03
 5.79555E-07    8.21827E+03    6.94048E+03    9.49607E+03
 6.21442E-07    8.20267E+03    6.92010E+03    9.48523E+03
 7.35981E-07    8.17172E+03    6.89399E+03    9.44945E+03
 7.65796E-07    8.16232E+03    6.88606E+03    9.43858E+03
 7.68699E-07    8.16210E+03    6.88588E+03    9.43833E+03
 7.79372E-07    8.16446E+03    6.88787E+03    9.44105E+03
 7.91785E-07    8.17403E+03    6.89594E+03    9.45212E+03
 8.07605E-07    8.18792E+03    6.90887E+03    9.46696E+03
 8.18337E-07    8.19139E+03    6.91180E+03    9.47097E+03
 8.19513E-07    8.19142E+03    6.91182E+03    9.47101E+03
 8.34065E-07    8.18807E+03    6.90679E+03    9.46936E+03
 8.92360E-07    8.16203E+03    6.88154E+03    9.44251E+03
 8.98976E-07    8.16119E+03    6.88084E+03    9.44154E+03
 9.08239E-07    8.16384E+03    6.88307E+03    9.44461E+03
 9.18825E-07    8.17326E+03    6.88059E+03    9.46594E+03
 9.36684E-07    8.19436E+03    6.89835E+03    9.49037E+03
 9.46424E-07    8.20035E+03    6.90339E+03    9.49731E+03
 9.52095E-07    8.20118E+03    6.92080E+03    9.48157E+03
 9.67218E-07    8.19725E+03    6.91748E+03    9.47702E+03
 9.88926E-07    8.18944E+03    6.90969E+03    9.46919E+03
 9.96666E-07    8.18872E+03    6.90788E+03    9.46955E+03
 1.01563E-06    8.19277E+03    6.91081E+03    9.47473E+03
 1.03769E-06    8.19711E+03    6.91447E+03    9.47975E+03
 1.15013E-06    8.18127E+03    6.90032E+03    9.46222E+03
 1.55298E-06    8.15087E+03    6.87468E+03    9.42706E+03
 1.59336E-06    8.14125E+03    6.86657E+03    9.41593E+03
 1.62437E-06    8.16030E+03    6.88263E+03    9.43797E+03
 1.65841E-06    8.19072E+03    6.90829E+03    9.47315E+03
 1.66597E-06    8.19150E+03    6.90894E+03    9.47405E+03
 1.86236E-06    8.16682E+03    6.88813E+03    9.44550E+03
 2.39671E-06    8.14155E+03    6.86293E+03    9.42017E+03
 2.40983E-06    8.14162E+03    6.86299E+03    9.42025E+03
 2.47386E-06    8.13677E+03    6.85890E+03    9.41463E+03
 2.51733E-06    8.14021E+03    6.86181E+03    9.41862E+03
 2.62219E-06    8.10077E+03    6.82856E+03    9.37299E+03
 2.65055E-06    8.12452E+03    6.84858E+03    9.40047E+03
 2.69487E-06    8.20766E+03    6.91866E+03    9.49665E+03
 2.70623E-06    8.21262E+03    6.92725E+03    9.49799E+03
 2.87632E-06    8.15767E+03    6.88090E+03    9.43444E+03
 2.88388E-06    8.15723E+03    6.88053E+03    9.43393E+03
 2.96102E-06    8.17892E+03    6.89883E+03    9.45902E+03
 3.37171E-06    8.12793E+03    6.85157E+03    9.40428E+03
 3.42734E-06    8.10998E+03    6.83644E+03    9.38352E+03
 3.46669E-06    8.13921E+03    6.86108E+03    9.41733E+03
 3.51217E-06    8.18918E+03    6.90669E+03    9.47167E+03
 3.51991E-06    8.19039E+03    6.90771E+03    9.47307E+03
 3.74504E-06    8.10868E+03    6.83880E+03    9.37856E+03
 3.77103E-06    8.09986E+03    6.83136E+03    9.36836E+03
 3.80289E-06    8.13084E+03    6.85749E+03    9.40419E+03
 3.84796E-06    8.21617E+03    6.92946E+03    9.50289E+03
 3.86598E-06    8.22525E+03    6.93712E+03    9.51339E+03
 4.10755E-06    8.17128E+03    6.89100E+03    9.45155E+03
 4.23012E-06    8.15771E+03    6.87956E+03    9.43586E+03
 4.30912E-06    8.16817E+03    6.88838E+03    9.44796E+03
 4.53089E-06    8.13683E+03    6.86018E+03    9.41348E+03
 4.62014E-06    8.16710E+03    6.88570E+03    9.44849E+03
 4.71043E-06    8.14931E+03    6.87070E+03    9.42791E+03
 4.75316E-06    8.15154E+03    6.87259E+03    9.43050E+03
 4.81965E-06    8.14126E+03    6.86392E+03    9.41860E+03
 4.89616E-06    8.16169E+03    6.88114E+03    9.44223E+03
 4.93505E-06    8.15831E+03    6.87830E+03    9.43833E+03
 5.00504E-06    8.17619E+03    6.89702E+03    9.45536E+03
 5.06908E-06    8.16130E+03    6.88446E+03    9.43814E+03
 5.16449E-06    8.20502E+03    6.92134E+03    9.48870E+03
 5.46246E-06    8.16013E+03    6.88347E+03    9.43678E+03
 5.49071E-06    8.16038E+03    6.88369E+03    9.43708E+03
 5.56377E-06    8.15402E+03    6.87569E+03    9.43235E+03
 5.66703E-06    8.18527E+03    6.90204E+03    9.46850E+03
 6.05172E-06    8.14067E+03    6.86443E+03    9.41690E+03
 6.15949E-06    8.17352E+03    6.89213E+03    9.45491E+03
 6.37098E-06    8.13231E+03    6.85738E+03    9.40723E+03
 6.43197E-06    8.16174E+03    6.88268E+03    9.44079E+03
 6.49096E-06    8.19593E+03    6.91152E+03    9.48035E+03
 6.49463E-06    8.19596E+03    6.91154E+03    9.48038E+03
 6.78586E-06    8.13323E+03    6.85864E+03    9.40781E+03
 6.84273E-06    8.16450E+03    6.88575E+03    9.44326E+03
 6.90021E-06    8.20223E+03    6.91757E+03    9.48690E+03
 6.90398E-06    8.20246E+03    6.91776E+03    9.48716E+03
 7.23140E-06    8.14724E+03    6.87119E+03    9.42329E+03
 7.35143E-06    8.19332E+03    6.91115E+03    9.47550E+03
 7.50658E-06    8.17105E+03    6.89236E+03    9.44973E+03
 7.58889E-06    8.17521E+03    6.89587E+03    9.45454E+03
 7.80726E-06    8.15861E+03    6.88187E+03    9.43535E+03
 7.92023E-06    8.17200E+03    6.89317E+03    9.45083E+03
 8.32640E-06    8.14578E+03    6.86742E+03    9.42415E+03
 8.45143E-06    8.16878E+03    6.88681E+03    9.45075E+03
 9.01625E-06    8.11255E+03    6.84330E+03    9.38181E+03
 9.13371E-06    8.05190E+03    6.79213E+03    9.31166E+03
 9.16395E-06    8.03911E+03    6.78134E+03    9.29687E+03
 9.19777E-06    8.06557E+03    6.80367E+03    9.32747E+03
 9.27245E-06    8.24693E+03    6.95665E+03    9.53721E+03
 9.29997E-06    8.26942E+03    6.97563E+03    9.56322E+03
 9.36549E-06    8.22300E+03    6.93647E+03    9.50954E+03
 9.41658E-06    8.20004E+03    6.91710E+03    9.48298E+03
 9.51898E-06    8.23271E+03    6.94466E+03    9.52076E+03
 9.84177E-06    8.18078E+03    6.90085E+03    9.46071E+03
 1.01099E-05    8.14300E+03    6.86895E+03    9.41705E+03
 1.01539E-05    8.13455E+03    6.86183E+03    9.40728E+03
 1.02150E-05    8.16709E+03    6.88927E+03    9.44491E+03
 1.02843E-05    8.21907E+03    6.93312E+03    9.50501E+03
 1.02957E-05    8.22037E+03    6.93422E+03    9.50652E+03
 1.05181E-05    8.18547E+03    6.90478E+03    9.46616E+03
 1.07080E-05    8.17119E+03    6.89273E+03    9.44965E+03
 1.08265E-05    8.18203E+03    6.90188E+03    9.46219E+03
 1.11935E-05    8.14650E+03    6.87190E+03    9.42110E+03
 1.13447E-05    8.19548E+03    6.91322E+03    9.47774E+03
 1.17322E-05    8.14073E+03    6.86704E+03    9.41443E+03
 1.18046E-05    8.17282E+03    6.89410E+03    9.45153E+03
 1.18790E-05    8.21116E+03    6.92645E+03    9.49587E+03
 1.18866E-05    8.21138E+03    6.92664E+03    9.49613E+03
 1.22010E-05    8.17987E+03    6.90038E+03    9.45935E+03
 1.24729E-05    8.16667E+03    6.88924E+03    9.44409E+03
 1.25264E-05    8.16711E+03    6.88961E+03    9.44460E+03
 1.25729E-05    8.16677E+03    6.88933E+03    9.44421E+03
 1.27753E-05    8.18697E+03    6.90637E+03    9.46757E+03
 1.32838E-05    8.16970E+03    6.89035E+03    9.44904E+03
 1.33381E-05    8.16985E+03    6.89048E+03    9.44923E+03
 1.36244E-05    8.16096E+03    6.88298E+03    9.43894E+03
 1.37527E-05    8.16784E+03    6.88878E+03    9.44690E+03
 1.38917E-05    8.16076E+03    6.88281E+03    9.43871E+03
 1.40132E-05    8.16698E+03    6.88806E+03    9.44590E+03
 1.42020E-05    8.14792E+03    6.87199E+03    9.42386E+03
 1.43660E-05    8.19056E+03    6.90795E+03    9.47318E+03
 1.46622E-05    8.16905E+03    6.88980E+03    9.44829E+03
 1.47348E-05    8.16962E+03    6.89029E+03    9.44896E+03
 1.50553E-05    8.15726E+03    6.87873E+03    9.43579E+03
 1.52163E-05    8.16970E+03    6.88922E+03    9.45018E+03
 1.58059E-05    8.13368E+03    6.85884E+03    9.40851E+03
 1.58514E-05    8.12854E+03    6.85451E+03    9.40257E+03
 1.59523E-05    8.16689E+03    6.88685E+03    9.44693E+03
 1.60162E-05    8.18492E+03    6.90205E+03    9.46778E+03
 1.63363E-05    8.11758E+03    6.84527E+03    9.38989E+03
 1.64046E-05    8.14710E+03    6.87016E+03    9.42404E+03
 1.64893E-05    8.21086E+03    6.92393E+03    9.49779E+03
 1.65125E-05    8.21399E+03    6.92657E+03    9.50142E+03
 1.66969E-05    8.17813E+03    6.89632E+03    9.45993E+03
 1.67410E-05    8.17864E+03    6.89676E+03    9.46053E+03
 1.69491E-05    8.14051E+03    6.86461E+03    9.41642E+03
 1.70006E-05    8.13164E+03    0.00000E+00    2.37153E+04
 1.70728E-05    8.16383E+03    0.00000E+00    2.38091E+04
 1.71600E-05    8.22057E+03    0.00000E+00    2.39746E+04
 1.71883E-05    8.22372E+03    0.00000E+00    2.39838E+04
 1.75055E-05    8.18429E+03    0.00000E+00    2.38688E+04
 1.75734E-05    8.18492E+03    0.00000E+00    2.38706E+04
 1.82122E-05    8.14980E+03    0.00000E+00    2.37682E+04
 1.83803E-05    8.18340E+03    0.00000E+00    2.38662E+04
 1.85917E-05    8.17116E+03    0.00000E+00    2.38305E+04
 1.87701E-05    8.19787E+03    0.00000E+00    2.39084E+04
 1.92331E-05    8.14046E+03    0.00000E+00    2.37410E+04
 1.93208E-05    8.11906E+03    0.00000E+00    2.36786E+04
 1.93840E-05    8.14841E+03    0.00000E+00    2.37642E+04
 1.94553E-05    8.23766E+03    0.00000E+00    2.40245E+04
 1.94553E-05    8.23773E+03    0.00000E+00    1.86440E+04
 1.94553E-05    1.14843E+04    0.00000E+00    2.59917E+04
 1.97298E-05    1.14842E+04    0.00000E+00    2.59916E+04
 2.00082E-05    1.14842E+04    0.00000E+00    2.59915E+04
 2.02904E-05    1.14841E+04    0.00000E+00    2.59913E+04
 2.05767E-05    1.14841E+04    0.00000E+00    2.59912E+04
 2.08670E-05    1.14840E+04    0.00000E+00    2.59910E+04
 2.11614E-05    1.14839E+04    0.00000E+00    2.59909E+04
 2.14599E-05    1.14839E+04    0.00000E+00    2.59907E+04
 2.17627E-05    1.14838E+04    0.00000E+00    2.59906E+04
 2.20697E-05    1.14837E+04    0.00000E+00    2.59904E+04
 2.23811E-05    1.14837E+04    0.00000E+00    2.59903E+04
 2.26969E-05    1.14836E+04    0.00000E+00    2.59901E+04
 2.30171E-05    1.14835E+04    0.00000E+00    2.59899E+04
 2.33418E-05    1.14835E+04    0.00000E+00    2.59898E+04
 2.36711E-05    1.14834E+04    0.00000E+00    2.59896E+04
 2.40051E-05    1.14833E+04    0.00000E+00    2.59894E+04
 2.43437E-05    1.14832E+04    0.00000E+00    2.59893E+04
 2.46872E-05    1.14832E+04    0.00000E+00    2.59891E+04
 2.50355E-05    1.14831E+04    0.00000E+00    2.59889E+04
 2.53887E-05    1.14830E+04    0.00000E+00    2.59888E+04
 2.57469E-05    1.14829E+04    0.00000E+00    2.59886E+04
 2.61101E-05    1.14828E+04    0.00000E+00    2.59884E+04
 2.64785E-05    1.14828E+04    0.00000E+00    2.59882E+04
 2.68520E-05    1.14827E+04    0.00000E+00    2.59880E+04
 2.72309E-05    1.14826E+04    0.00000E+00    2.59878E+04
 2.76150E-05    1.14825E+04    0.00000E+00    2.59876E+04
 2.80046E-05    1.14824E+04    0.00000E+00    2.59874E+04
 2.83997E-05    1.14823E+04    0.00000E+00    2.59872E+04
 2.88004E-05    1.14822E+04    0.00000E+00    2.59870E+04
 2.92067E-05    1.14822E+04    0.00000E+00    2.59868E+04
 2.96188E-05    1.14821E+04    0.00000E+00    2.59866E+04
 3.00367E-05    1.14820E+04    0.00000E+00    2.59864E+04
 3.04604E-05    1.14819E+04    0.00000E+00    2.59862E+04
 3.08902E-05    1.14818E+04    0.00000E+00    2.59860E+04
 3.13260E-05    1.14817E+04    0.00000E+00    2.59858E+04
 3.17679E-05    1.14816E+04    0.00000E+00    2.59856E+04
 3.22161E-05    1.14815E+04    0.00000E+00    2.59853E+04
 3.26706E-05    1.14814E+04    0.00000E+00    2.59851E+04
 3.31315E-05    1.14813E+04    0.00000E+00    2.59849E+04
 3.35990E-05    1.14812E+04    0.00000E+00    2.59846E+04
 3.40730E-05    1.14811E+04    0.00000E+00    2.59844E+04
 3.45537E-05    1.14810E+04    0.00000E+00    2.59842E+04
 3.50412E-05    1.14809E+04    0.00000E+00    2.59839E+04
 3.55355E-05    1.14808E+04    0.00000E+00    2.59837E+04
 3.60369E-05    1.14806E+04    0.00000E+00    2.59834E+04
 3.65453E-05    1.14805E+04    0.00000E+00    2.59832E+04
 3.70609E-05    1.14804E+04    0.00000E+00    2.59829E+04
 3.75838E-05    1.14803E+04    0.00000E+00    2.59827E+04
 3.81140E-05    1.14802E+04    0.00000E+00    2.59824E+04
 3.86517E-05    1.14801E+04    0.00000E+00    2.59821E+04
 3.91970E-05    1.14799E+04    0.00000E+00    2.59818E+04
 3.97500E-05    1.14798E+04    0.00000E+00    2.59816E+04
 4.03108E-05    1.14797E+04    0.00000E+00    2.59813E+04
 4.08795E-05    1.14796E+04    0.00000E+00    2.59810E+04
 4.14563E-05    1.14794E+04    0.00000E+00    2.59807E+04
 4.20411E-05    1.14793E+04    0.00000E+00    2.59804E+04
 4.26343E-05    1.14792E+04    0.00000E+00    2.59801E+04
 4.32358E-05    1.14791E+04    0.00000E+00    2.59798E+04
 4.38457E-05    1.14789E+04    0.00000E+00    2.59795E+04
 4.44643E-05    1.14788E+04    0.00000E+00    2.59792E+04
 4.50916E-05    1.14786E+04    0.00000E+00    2.59789E+04
 4.57278E-05    1.14785E+04    0.00000E+00    2.59786E+04
 4.63729E-05    1.14784E+04    0.00000E+00    2.59783E+04
 4.70272E-05    1.14782E+04    0.00000E+00    2.59779E+04
 4.76906E-05    1.14781E+04    0.00000E+00    2.59776E+04
 4.83635E-05    1.14779E+04    0.00000E+00    2.59773E+04
 4.90458E-05    1.14778E+04    0.00000E+00    2.59769E+04
 4.97377E-05    1.14776E+04    0.00000E+00    2.59766E+04
 5.04395E-05    1.14775E+04    0.00000E+00    2.59762E+04
 5.11511E-05    1.14773E+04    0.00000E+00    2.59759E+04
 5.18727E-05    1.14771E+04    0.00000E+00    2.59755E+04
 5.26045E-05    1.14770E+04    0.00000E+00    2.59751E+04
 5.33467E-05    1.14768E+04    0.00000E+00    2.59748E+04
 5.40993E-05    1.14766E+04    0.00000E+00    2.59744E+04
 5.48626E-05    1.14765E+04    0.00000E+00    2.59740E+04
 5.56366E-05    1.14763E+04    0.00000E+00    2.59736E+04
 5.64215E-05    1.14761E+04    0.00000E+00    2.59732E+04
 5.72175E-05    1.14760E+04    0.00000E+00    2.59728E+04
 5.80248E-05    1.14758E+04    0.00000E+00    2.59724E+04
 5.88434E-05    1.14756E+04    0.00000E+00    2.59720E+04
 5.96736E-05    1.14754E+04    0.00000E+00    2.59716E+04
 6.05154E-05    1.14752E+04    0.00000E+00    2.59712E+04
 6.13692E-05    1.14750E+04    0.00000E+00    2.59708E+04
 6.22350E-05    1.14749E+04    0.00000E+00    2.59703E+04
 6.31130E-05    1.14747E+04    0.00000E+00    2.59699E+04
 6.40035E-05    1.14745E+04    0.00000E+00    2.59694E+04
 6.49064E-05    1.14743E+04    0.00000E+00    2.59690E+04
 6.58221E-05    1.14741E+04    0.00000E+00    2.59685E+04
 6.67508E-05    1.14739E+04    0.00000E+00    2.59681E+04
 6.76925E-05    1.14736E+04    0.00000E+00    2.59676E+04
 6.86475E-05    1.14734E+04    0.00000E+00    2.59671E+04
 6.96160E-05    1.14732E+04    0.00000E+00    2.59666E+04
 7.05982E-05    1.14730E+04    0.00000E+00    2.59661E+04
 7.15942E-05    1.14728E+04    0.00000E+00    2.59656E+04
 7.26042E-05    1.14726E+04    0.00000E+00    2.59651E+04
 7.36286E-05    1.14723E+04    0.00000E+00    2.59646E+04
 7.46673E-05    1.14721E+04    0.00000E+00    2.59641E+04
 7.57208E-05    1.14719E+04    0.00000E+00    2.59636E+04
 7.67890E-05    1.14716E+04    0.00000E+00    2.59630E+04
 7.78724E-05    1.14714E+04    0.00000E+00    2.59625E+04
 7.89710E-05    1.14711E+04    0.00000E+00    2.59619E+04
 8.00852E-05    1.14709E+04    0.00000E+00    2.59614E+04
 8.12150E-05    1.14707E+04    0.00000E+00    2.59608E+04
 8.23608E-05    1.14704E+04    0.00000E+00    2.59602E+04
 8.35228E-05    1.14701E+04    0.00000E+00    2.59597E+04
 8.47011E-05    1.14699E+04    0.00000E+00    2.59591E+04
 8.58961E-05    1.14696E+04    0.00000E+00    2.59585E+04
 8.71080E-05    1.14694E+04    0.00000E+00    2.59579E+04
 8.83369E-05    1.14691E+04    0.00000E+00    2.59573E+04
 8.95832E-05    1.14688E+04    0.00000E+00    2.59566E+04
 9.08470E-05    1.14685E+04    0.00000E+00    2.59560E+04
 9.21287E-05    1.14682E+04    0.00000E+00    2.59554E+04
 9.34285E-05    1.14680E+04    0.00000E+00    2.59547E+04
 9.47466E-05    1.14677E+04    0.00000E+00    2.59540E+04
 9.60833E-05    1.14674E+04    0.00000E+00    2.59534E+04
 9.74389E-05    1.14671E+04    0.00000E+00    2.59527E+04
 9.88136E-05    1.14668E+04    0.00000E+00    2.59520E+04
 1.00000E-04    1.14665E+04    0.00000E+00    2.59514E+04
 1.01411E-04    1.14663E+04    0.00000E+00    2.59510E+04
 1.02842E-04    1.14661E+04    0.00000E+00    2.59506E+04
 1.04292E-04    1.14660E+04    0.00000E+00    2.59502E+04
 1.05764E-04    1.14658E+04    0.00000E+00    2.59498E+04
 1.07256E-04    1.14656E+04    0.00000E+00    2.59493E+04
 1.08769E-04    1.14654E+04    0.00000E+00    2.59489E+04
 1.10304E-04    1.14652E+04    0.00000E+00    2.59485E+04
 1.11860E-04    1.14650E+04    0.00000E+00    2.59480E+04
 1.13438E-04    1.14648E+04    0.00000E+00    2.59476E+04
 1.15038E-04    1.14646E+04    0.00000E+00    2.59471E+04
 1.16661E-04    1.14644E+04    0.00000E+00    2.59466E+04
 1.18307E-04    1.14642E+04    0.00000E+00    2.59462E+04
 1.19976E-04    1.14640E+04    0.00000E+00    2.59457E+04
 1.21669E-04    1.14637E+04    0.00000E+00    2.59452E+04
 1.23386E-04    1.14635E+04    0.00000E+00    2.59447E+04
 1.25126E-04    1.14633E+04    0.00000E+00    2.59442E+04
 1.26892E-04    1.14631E+04    0.00000E+00    2.59437E+04
 1.28682E-04    1.14629E+04    0.00000E+00    2.59432E+04
 1.30497E-04    1.14626E+04    0.00000E+00    2.59427E+04
 1.32338E-04    1.14624E+04    0.00000E+00    2.59421E+04
 1.34205E-04    1.14622E+04    0.00000E+00    2.59416E+04
 1.36099E-04    1.14619E+04    0.00000E+00    2.59410E+04
 1.38019E-04    1.14617E+04    0.00000E+00    2.59405E+04
 1.39966E-04    1.14614E+04    0.00000E+00    2.59399E+04
 1.41941E-04    1.14612E+04    0.00000E+00    2.59394E+04
 1.43943E-04    1.14609E+04    0.00000E+00    2.59388E+04
 1.45974E-04    1.14607E+04    0.00000E+00    2.59382E+04
 1.48034E-04    1.14604E+04    0.00000E+00    2.59376E+04
 1.50122E-04    1.14601E+04    0.00000E+00    2.59370E+04
 1.52240E-04    1.14599E+04    0.00000E+00    2.59364E+04
 1.54388E-04    1.14596E+04    0.00000E+00    2.59358E+04
 1.56566E-04    1.14593E+04    0.00000E+00    2.59352E+04
 1.58775E-04    1.14590E+04    0.00000E+00    2.59345E+04
 1.61015E-04    1.14588E+04    0.00000E+00    2.59339E+04
 1.63287E-04    1.14585E+04    0.00000E+00    2.59332E+04
 1.65590E-04    1.14582E+04    0.00000E+00    2.59326E+04
 1.67926E-04    1.14579E+04    0.00000E+00    2.59319E+04
 1.70296E-04    1.14576E+04    0.00000E+00    2.59312E+04
 1.72698E-04    1.14573E+04    0.00000E+00    2.59305E+04
 1.75135E-04    1.14570E+04    0.00000E+00    2.59298E+04
 1.77605E-04    1.14566E+04    0.00000E+00    2.59291E+04
 1.80111E-04    1.14563E+04    0.00000E+00    2.59284E+04
 1.82652E-04    1.14560E+04    0.00000E+00    2.59277E+04
 1.85229E-04    1.14557E+04    0.00000E+00    2.59269E+04
 1.87842E-04    1.14553E+04    0.00000E+00    2.59262E+04
 1.90492E-04    1.14550E+04    0.00000E+00    2.59254E+04
 1.93180E-04    1.14547E+04    0.00000E+00    2.59246E+04
 1.95905E-04    1.14543E+04    0.00000E+00    2.59239E+04
 1.98669E-04    1.14540E+04    0.00000E+00    2.59231E+04
 2.00000E-04    1.14538E+04    0.00000E+00    2.59227E+04
 2.02822E-04    1.14535E+04    0.00000E+00    2.59220E+04
 2.05683E-04    1.14532E+04    0.00000E+00    2.59214E+04
 2.08585E-04    1.14529E+04    0.00000E+00    2.59207E+04
 2.11528E-04    1.14526E+04    0.00000E+00    2.59200E+04
 2.14512E-04    1.14523E+04    0.00000E+00    2.59194E+04
 2.17538E-04    1.14520E+04    0.00000E+00    2.59187E+04
 2.20607E-04    1.14517E+04    0.00000E+00    2.59180E+04
 2.23720E-04    1.14514E+04    0.00000E+00    2.59173E+04
 2.26876E-04    1.14511E+04    0.00000E+00    2.59165E+04
 2.30077E-04    1.14508E+04    0.00000E+00    2.59158E+04
 2.33323E-04    1.14504E+04    0.00000E+00    2.59151E+04
 2.36615E-04    1.14501E+04    0.00000E+00    2.59143E+04
 2.39953E-04    1.14498E+04    0.00000E+00    2.59135E+04
 2.43338E-04    1.14494E+04    0.00000E+00    2.59128E+04
 2.46771E-04    1.14491E+04    0.00000E+00    2.59120E+04
 2.50253E-04    1.14487E+04    0.00000E+00    2.59112E+04
 2.53783E-04    1.14484E+04    0.00000E+00    2.59104E+04
 2.57364E-04    1.14480E+04    0.00000E+00    2.59096E+04
 2.60995E-04    1.14476E+04    0.00000E+00    2.59087E+04
 2.64677E-04    1.14473E+04    0.00000E+00    2.59079E+04
 2.68411E-04    1.14469E+04    0.00000E+00    2.59070E+04
 2.72198E-04    1.14465E+04    0.00000E+00    2.59062E+04
 2.76038E-04    1.14461E+04    0.00000E+00    2.59053E+04
 2.79932E-04    1.14457E+04    0.00000E+00    2.59044E+04
 2.83882E-04    1.14453E+04    0.00000E+00    2.59035E+04
 2.87887E-04    1.14449E+04    0.00000E+00    2.59026E+04
 2.91948E-04    1.14445E+04    0.00000E+00    2.59017E+04
 2.96067E-04    1.14441E+04    0.00000E+00    2.59007E+04
 3.00000E-04    1.14437E+04    0.00000E+00    2.58998E+04
 3.04232E-04    1.14434E+04    0.00000E+00    2.58991E+04
 3.08525E-04    1.14430E+04    0.00000E+00    2.58983E+04
 3.12877E-04    1.14427E+04    0.00000E+00    2.58975E+04
 3.17292E-04    1.14423E+04    0.00000E+00    2.58967E+04
 3.21768E-04    1.14420E+04    0.00000E+00    2.58959E+04
 3.26307E-04    1.14416E+04    0.00000E+00    2.58951E+04
 3.30911E-04    1.14413E+04    0.00000E+00    2.58943E+04
 3.35580E-04    1.14409E+04    0.00000E+00    2.58935E+04
 3.40314E-04    1.14405E+04    0.00000E+00    2.58926E+04
 3.45115E-04    1.14401E+04    0.00000E+00    2.58918E+04
 3.49984E-04    1.14398E+04    0.00000E+00    2.58909E+04
 3.54922E-04    1.14394E+04    0.00000E+00    2.58900E+04
 3.59929E-04    1.14390E+04    0.00000E+00    2.58891E+04
 3.65007E-04    1.14386E+04    0.00000E+00    2.58882E+04
 3.70157E-04    1.14382E+04    0.00000E+00    2.58873E+04
 3.75379E-04    1.14377E+04    0.00000E+00    2.58863E+04
 3.80675E-04    1.14373E+04    0.00000E+00    2.58854E+04
 3.86046E-04    1.14369E+04    0.00000E+00    2.58844E+04
 3.91492E-04    1.14365E+04    0.00000E+00    2.58835E+04
 3.97015E-04    1.14360E+04    0.00000E+00    2.58825E+04
 4.02616E-04    1.14356E+04    0.00000E+00    2.58815E+04
 4.08297E-04    1.14351E+04    0.00000E+00    2.58805E+04
 4.14057E-04    1.14347E+04    0.00000E+00    2.58794E+04
 4.19899E-04    1.14342E+04    0.00000E+00    2.58784E+04
 4.25823E-04    1.14338E+04    0.00000E+00    2.58773E+04
 4.31830E-04    1.14333E+04    0.00000E+00    2.58762E+04
 4.37922E-04    1.14328E+04    0.00000E+00    2.58752E+04
 4.44101E-04    1.14323E+04    0.00000E+00    2.58741E+04
 4.50366E-04    1.14318E+04    0.00000E+00    2.58729E+04
 4.56720E-04    1.14313E+04    0.00000E+00    2.58718E+04
 4.63164E-04    1.14308E+04    0.00000E+00    2.58706E+04
 4.69698E-04    1.14303E+04    0.00000E+00    2.58695E+04
 4.76325E-04    1.14298E+04    0.00000E+00    2.58683E+04
 4.83045E-04    1.14292E+04    0.00000E+00    2.58671E+04
 4.89860E-04    1.14287E+04    0.00000E+00    2.58659E+04
 4.96771E-04    1.14282E+04    0.00000E+00    2.58646E+04
 5.03779E-04    1.14276E+04    0.00000E+00    2.58634E+04
 5.10886E-04    1.14270E+04    0.00000E+00    2.58621E+04
 5.18094E-04    1.14265E+04    0.00000E+00    2.58608E+04
 5.25404E-04    1.14259E+04    0.00000E+00    2.58595E+04
 5.32816E-04    1.14253E+04    0.00000E+00    2.58582E+04
 5.40333E-04    1.14247E+04    0.00000E+00    2.58568E+04
 5.47956E-04    1.14241E+04    0.00000E+00    2.58555E+04
 5.55687E-04    1.14235E+04    0.00000E+00    2.58541E+04
 5.63527E-04    1.14229E+04    0.00000E+00    2.58527E+04
 5.71477E-04    1.14223E+04    0.00000E+00    2.58513E+04
 5.79540E-04    1.14216E+04    0.00000E+00    2.58498E+04
 5.87716E-04    1.14210E+04    0.00000E+00    2.58484E+04
 5.96007E-04    1.14203E+04    0.00000E+00    2.58469E+04
 6.00000E-04    1.14200E+04    0.00000E+00    2.58462E+04
 6.08465E-04    1.14195E+04    0.00000E+00    2.58450E+04
 6.17049E-04    1.14189E+04    0.00000E+00    2.58438E+04
 6.25755E-04    1.14184E+04    0.00000E+00    2.58425E+04
 6.34583E-04    1.14178E+04    0.00000E+00    2.58413E+04
 6.43536E-04    1.14173E+04    0.00000E+00    2.58400E+04
 6.52615E-04    1.14167E+04    0.00000E+00    2.58388E+04
 6.61822E-04    1.14162E+04    0.00000E+00    2.58375E+04
 6.71159E-04    1.14156E+04    0.00000E+00    2.58362E+04
 6.80628E-04    1.14150E+04    0.00000E+00    2.58348E+04
 6.90231E-04    1.14144E+04    0.00000E+00    2.58335E+04
 6.99968E-04    1.14138E+04    0.00000E+00    2.58321E+04
 7.09844E-04    1.14132E+04    0.00000E+00    2.58307E+04
 7.19858E-04    1.14125E+04    0.00000E+00    2.58293E+04
 7.30014E-04    1.14119E+04    0.00000E+00    2.58279E+04
 7.40313E-04    1.14113E+04    0.00000E+00    2.58264E+04
 7.50758E-04    1.14106E+04    0.00000E+00    2.58249E+04
 7.61350E-04    1.14100E+04    0.00000E+00    2.58234E+04
 7.72091E-04    1.14093E+04    0.00000E+00    2.58219E+04
 7.82984E-04    1.14086E+04    0.00000E+00    2.58204E+04
 7.94030E-04    1.14079E+04    0.00000E+00    2.58188E+04
 8.05233E-04    1.14072E+04    0.00000E+00    2.58173E+04
 8.16593E-04    1.14065E+04    0.00000E+00    2.58157E+04
 8.28114E-04    1.14058E+04    0.00000E+00    2.58140E+04
 8.39797E-04    1.14051E+04    0.00000E+00    2.58124E+04
 8.51645E-04    1.14043E+04    0.00000E+00    2.58107E+04
 8.63660E-04    1.14036E+04    0.00000E+00    2.58090E+04
 8.75845E-04    1.14028E+04    0.00000E+00    2.58073E+04
 8.88201E-04    1.14021E+04    0.00000E+00    2.58056E+04
 9.00732E-04    1.14013E+04    0.00000E+00    2.58038E+04
 9.13440E-04    1.14005E+04    0.00000E+00    2.58020E+04
 9.26327E-04    1.13997E+04    0.00000E+00    2.58002E+04
 9.39396E-04    1.13989E+04    0.00000E+00    2.57984E+04
 9.52649E-04    1.13980E+04    0.00000E+00    2.57965E+04
 9.66089E-04    1.13972E+04    0.00000E+00    2.57946E+04
 9.79719E-04    1.13964E+04    0.00000E+00    2.57927E+04
 9.93541E-04    1.13955E+04    0.00000E+00    2.57907E+04
 1.00000E-03    1.13951E+04    0.00000E+00    2.57898E+04
 1.01411E-03    1.13944E+04    0.00000E+00    2.57882E+04
 1.02842E-03    1.13937E+04    0.00000E+00    2.57866E+04
 1.04292E-03    1.13930E+04    0.00000E+00    2.57850E+04
 1.05764E-03    1.13922E+04    0.00000E+00    2.57834E+04
 1.07256E-03    1.13915E+04    0.00000E+00    2.57817E+04
 1.08769E-03    1.13908E+04    0.00000E+00    2.57800E+04
 1.10304E-03    1.13900E+04    0.00000E+00    2.57783E+04
 1.11860E-03    1.13892E+04    0.00000E+00    2.57765E+04
 1.13438E-03    1.13884E+04    0.00000E+00    2.57747E+04
 1.15038E-03    1.13876E+04    0.00000E+00    2.57729E+04
 1.16661E-03    1.13868E+04    0.00000E+00    2.57711E+04
 1.18307E-03    1.13860E+04    0.00000E+00    2.57693E+04
 1.19976E-03    1.13852E+04    0.00000E+00    2.57674E+04
 1.21669E-03    1.13844E+04    0.00000E+00    2.57655E+04
 1.23386E-03    1.13835E+04    0.00000E+00    2.57636E+04
 1.25126E-03    1.13826E+04    0.00000E+00    2.57616E+04
 1.26892E-03    1.13818E+04    0.00000E+00    2.57596E+04
 1.28682E-03    1.13809E+04    0.00000E+00    2.57576E+04
 1.30497E-03    1.13800E+04    0.00000E+00    2.57556E+04
 1.32338E-03    1.13791E+04    0.00000E+00    2.57535E+04
 1.34205E-03    1.13781E+04    0.00000E+00    2.57514E+04
 1.36099E-03    1.13772E+04    0.00000E+00    2.57493E+04
 1.38019E-03    1.13762E+04    0.00000E+00    2.57471E+04
 1.39966E-03    1.13753E+04    0.00000E+00    2.57450E+04
 1.41941E-03    1.13743E+04    0.00000E+00    2.57427E+04
 1.43943E-03    1.13733E+04    0.00000E+00    2.57405E+04
 1.45974E-03    1.13723E+04    0.00000E+00    2.57382E+04
 1.48034E-03    1.13713E+04    0.00000E+00    2.57359E+04
 1.50122E-03    1.13702E+04    0.00000E+00    2.57336E+04
 1.52240E-03    1.13692E+04    0.00000E+00    2.57312E+04
 1.54388E-03    1.13681E+04    0.00000E+00    2.57288E+04
 1.56566E-03    1.13670E+04    0.00000E+00    2.57263E+04
 1.58775E-03    1.13659E+04    0.00000E+00    2.57238E+04
 1.61015E-03    1.13648E+04    0.00000E+00    2.57213E+04
 1.63287E-03    1.13637E+04    0.00000E+00    2.57188E+04
 1.65590E-03    1.13626E+04    0.00000E+00    2.57162E+04
 1.67926E-03    1.13614E+04    0.00000E+00    2.57136E+04
 1.70296E-03    1.13602E+04    0.00000E+00    2.57109E+04
 1.72698E-03    1.13590E+04    0.00000E+00    2.57082E+04
 1.75135E-03    1.13578E+04    0.00000E+00    2.57055E+04
 1.77605E-03    1.13566E+04    0.00000E+00    2.57027E+04
 1.80111E-03    1.13554E+04    0.00000E+00    2.56999E+04
 1.82652E-03    1.13541E+04    0.00000E+00    2.56970E+04
 1.85229E-03    1.13528E+04    0.00000E+00    2.56941E+04
 1.87842E-03    1.13515E+04    0.00000E+00    2.56912E+04
 1.90492E-03    1.13502E+04    0.00000E+00    2.56882E+04
 1.93180E-03    1.13489E+04    0.00000E+00    2.56852E+04
 1.95905E-03    1.13475E+04    0.00000E+00    2.56822E+04
 1.98669E-03    1.13462E+04    0.00000E+00    2.56791E+04
 2.00000E-03    1.13455E+04    7.64728E+02    2.19263E+04
 2.02822E-03    1.13443E+04    7.64649E+02    2.19240E+04
 2.05683E-03    1.13432E+04    7.64570E+02    2.19217E+04
 2.08585E-03    1.13420E+04    7.64489E+02    2.19194E+04
 2.11528E-03    1.13407E+04    7.64407E+02    2.19171E+04
 2.14512E-03    1.13395E+04    7.64324E+02    2.19147E+04
 2.17538E-03    1.13383E+04    7.64240E+02    2.19123E+04
 2.20607E-03    1.13370E+04    7.64154E+02    2.19098E+04
 2.23720E-03    1.13357E+04    7.64067E+02    2.19073E+04
 2.26876E-03    1.13344E+04    7.63980E+02    2.19048E+04
 2.30077E-03    1.13331E+04    7.63890E+02    2.19023E+04
 2.33323E-03    1.13317E+04    7.63800E+02    2.18997E+04
 2.36615E-03    1.13304E+04    7.63708E+02    2.18971E+04
 2.39953E-03    1.13290E+04    7.63616E+02    2.18944E+04
 2.43338E-03    1.13276E+04    7.63521E+02    2.18917E+04
 2.46771E-03    1.13262E+04    7.63426E+02    2.18889E+04
 2.50253E-03    1.13247E+04    7.63329E+02    2.18862E+04
 2.53783E-03    1.13233E+04    7.63231E+02    2.18833E+04
 2.57364E-03    1.13218E+04    7.63131E+02    2.18805E+04
 2.60995E-03    1.13203E+04    7.63030E+02    2.18776E+04
 2.64677E-03    1.13188E+04    7.62927E+02    2.18747E+04
 2.68411E-03    1.13172E+04    7.62823E+02    2.18717E+04
 2.72198E-03    1.13157E+04    7.62718E+02    2.18686E+04
 2.76038E-03    1.13141E+04    7.62611E+02    2.18656E+04
 2.79932E-03    1.13125E+04    7.62503E+02    2.18625E+04
 2.83882E-03    1.13109E+04    7.62393E+02    2.18593E+04
 2.87887E-03    1.13092E+04    7.62281E+02    2.18561E+04
 2.91948E-03    1.13075E+04    7.62168E+02    2.18529E+04
 2.96067E-03    1.13058E+04    7.62053E+02    2.18496E+04
 3.00000E-03    1.13042E+04    7.61944E+02    2.18465E+04
 3.04232E-03    1.13027E+04    7.61841E+02    2.18435E+04
 3.08525E-03    1.13011E+04    7.61737E+02    2.18405E+04
 3.12877E-03    1.12996E+04    7.61631E+02    2.18375E+04
 3.17291E-03    1.12980E+04    7.61523E+02    2.18344E+04
 3.21768E-03    1.12963E+04    7.61414E+02    2.18313E+04
 3.26307E-03    1.12947E+04    7.61304E+02    2.18281E+04
 3.30911E-03    1.12930E+04    7.61192E+02    2.18249E+04
 3.35580E-03    1.12914E+04    7.61078E+02    2.18216E+04
 3.40314E-03    1.12896E+04    7.60963E+02    2.18183E+04
 3.45115E-03    1.12879E+04    7.60846E+02    2.18150E+04
 3.49984E-03    1.12862E+04    7.60728E+02    2.18116E+04
 3.54922E-03    1.12844E+04    7.60608E+02    2.18081E+04
 3.59929E-03    1.12826E+04    7.60486E+02    2.18046E+04
 3.65007E-03    1.12807E+04    7.60362E+02    2.18011E+04
 3.70157E-03    1.12789E+04    7.60237E+02    2.17975E+04
 3.75379E-03    1.12770E+04    7.60110E+02    2.17939E+04
 3.80675E-03    1.12751E+04    7.59981E+02    2.17902E+04
 3.86046E-03    1.12731E+04    7.59850E+02    2.17864E+04
 3.91492E-03    1.12712E+04    7.59718E+02    2.17826E+04
 3.97015E-03    1.12692E+04    7.59583E+02    2.17788E+04
 4.00000E-03    1.12681E+04    7.59511E+02    2.17767E+04
 4.05643E-03    1.12662E+04    7.59381E+02    2.17730E+04
 4.11366E-03    1.12642E+04    7.59249E+02    2.17692E+04
 4.17170E-03    1.12622E+04    7.59115E+02    2.17653E+04
 4.23055E-03    1.12602E+04    7.58979E+02    2.17615E+04
 4.29024E-03    1.12582E+04    7.58842E+02    2.17575E+04
 4.35077E-03    1.12561E+04    7.58702E+02    2.17535E+04
 4.41215E-03    1.12540E+04    7.58561E+02    2.17494E+04
 4.47439E-03    1.12519E+04    7.58417E+02    2.17453E+04
 4.53752E-03    1.12497E+04    7.58272E+02    2.17412E+04
 4.60154E-03    1.12475E+04    7.58124E+02    2.17369E+04
 4.66646E-03    1.12453E+04    7.57974E+02    2.17326E+04
 4.73229E-03    1.12431E+04    7.57823E+02    2.17283E+04
 4.79906E-03    1.12408E+04    7.57669E+02    2.17239E+04
 4.86676E-03    1.12385E+04    7.57513E+02    2.17194E+04
 4.93542E-03    1.12361E+04    7.57354E+02    2.17149E+04
 5.00000E-03    1.12339E+04    7.57206E+02    2.17106E+04
 5.07054E-03    1.12316E+04    7.57049E+02    2.17061E+04
 5.14208E-03    1.12292E+04    7.56890E+02    2.17016E+04
 5.21462E-03    1.12268E+04    7.56729E+02    2.16969E+04
 5.28819E-03    1.12244E+04    7.56566E+02    2.16923E+04
 5.36280E-03    1.12220E+04    7.56401E+02    2.16875E+04
 5.43846E-03    1.12195E+04    7.56233E+02    2.16827E+04
 5.51518E-03    1.12170E+04    7.56063E+02    2.16778E+04
 5.59299E-03    1.12144E+04    7.55890E+02    2.16729E+04
 5.67190E-03    1.12118E+04    7.55716E+02    2.16679E+04
 5.75192E-03    1.12092E+04    7.55538E+02    2.16628E+04
 5.83307E-03    1.12065E+04    7.55358E+02    2.16576E+04
 5.91536E-03    1.12038E+04    7.55176E+02    2.16524E+04
 5.99882E-03    1.12010E+04    7.54990E+02    2.16471E+04
 6.00000E-03    1.12010E+04    4.64130E+03    1.77607E+04
 6.08465E-03    1.11985E+04    4.64024E+03    1.77567E+04
 6.17049E-03    1.11959E+04    4.63918E+03    1.77526E+04
 6.25755E-03    1.11933E+04    4.63809E+03    1.77485E+04
 6.34583E-03    1.11906E+04    4.63700E+03    1.77443E+04
 6.43536E-03    1.11879E+04    4.63588E+03    1.77400E+04
 6.52615E-03    1.11852E+04    4.63476E+03    1.77357E+04
 6.61822E-03    1.11825E+04    4.63361E+03    1.77313E+04
 6.71159E-03    1.11797E+04    4.63245E+03    1.77269E+04
 6.80628E-03    1.11768E+04    4.63127E+03    1.77223E+04
 6.90231E-03    1.11739E+04    4.63008E+03    1.77178E+04
 6.99968E-03    1.11710E+04    4.62887E+03    1.77131E+04
 7.00000E-03    1.11710E+04    4.62887E+03    1.77131E+04
 7.09876E-03    1.11681E+04    4.62767E+03    1.77086E+04
 7.19891E-03    1.11652E+04    4.62646E+03    1.77039E+04
 7.30047E-03    1.11622E+04    4.62523E+03    1.76992E+04
 7.40347E-03    1.11592E+04    4.62398E+03    1.76945E+04
 7.50792E-03    1.11562E+04    4.62272E+03    1.76896E+04
 7.61384E-03    1.11531E+04    4.62144E+03    1.76847E+04
 7.72126E-03    1.11499E+04    4.62014E+03    1.76797E+04
 7.83019E-03    1.11468E+04    4.61882E+03    1.76747E+04
 7.94066E-03    1.11435E+04    4.61748E+03    1.76696E+04
 8.00000E-03    1.11418E+04    4.61677E+03    1.76668E+04
 8.11287E-03    1.11386E+04    4.61543E+03    1.76617E+04
 8.22732E-03    1.11353E+04    4.61408E+03    1.76566E+04
 8.34340E-03    1.11320E+04    4.61271E+03    1.76513E+04
 8.46111E-03    1.11287E+04    4.61132E+03    1.76460E+04
 8.58048E-03    1.11253E+04    4.60991E+03    1.76406E+04
 8.70153E-03    1.11218E+04    4.60848E+03    1.76351E+04
 8.82430E-03    1.11183E+04    4.60703E+03    1.76296E+04
 8.94879E-03    1.11148E+04    4.60556E+03    1.76240E+04
 9.00000E-03    1.11133E+04    4.60496E+03    1.76216E+04
 9.12697E-03    1.11097E+04    4.60348E+03    1.76160E+04
 9.25574E-03    1.11061E+04    4.60199E+03    1.76103E+04
 9.38632E-03    1.11025E+04    4.60047E+03    1.76045E+04
 9.51875E-03    1.10988E+04    4.59894E+03    1.75986E+04
 9.65304E-03    1.10950E+04    4.59738E+03    1.75927E+04
 9.78922E-03    1.10912E+04    4.59580E+03    1.75866E+04
 9.92733E-03    1.10873E+04    4.59420E+03    1.75805E+04
 1.00000E-02    1.10853E+04    4.59335E+03    1.75772E+04
 1.01411E-02    1.10817E+04    4.59187E+03    1.75715E+04
 1.02842E-02    1.10781E+04    4.59035E+03    1.75658E+04
 1.04292E-02    1.10744E+04    4.58882E+03    1.75599E+04
 1.05764E-02    1.10706E+04    4.58727E+03    1.75540E+04
 1.07256E-02    1.10668E+04    4.58569E+03    1.75479E+04
 1.08769E-02    1.10630E+04    4.58410E+03    1.75418E+04
 1.10304E-02    1.10591E+04    4.58248E+03    1.75356E+04
 1.11860E-02    1.10551E+04    4.58083E+03    1.75293E+04
 1.13438E-02    1.10511E+04    4.57917E+03    1.75230E+04
 1.15038E-02    1.10470E+04    4.57748E+03    1.75165E+04
 1.16661E-02    1.10429E+04    4.57577E+03    1.75099E+04
 1.18307E-02    1.10387E+04    4.57403E+03    1.75033E+04
 1.19976E-02    1.10344E+04    4.57227E+03    1.74966E+04
 1.21669E-02    1.10301E+04    4.57048E+03    1.74897E+04
 1.23386E-02    1.10257E+04    4.56867E+03    1.74828E+04
 1.25126E-02    1.10213E+04    4.56683E+03    1.74758E+04
 1.26143E-02    1.10187E+04    4.56576E+03    1.74716E+04
 1.27923E-02    1.10144E+04    4.56399E+03    1.74649E+04
 1.29727E-02    1.10101E+04    4.56220E+03    1.74580E+04
 1.31558E-02    1.10057E+04    4.56038E+03    1.74511E+04
 1.33414E-02    1.10013E+04    4.55853E+03    1.74440E+04
 1.35296E-02    1.09968E+04    4.55666E+03    1.74368E+04
 1.37205E-02    1.09922E+04    4.55477E+03    1.74296E+04
 1.39140E-02    1.09875E+04    4.55284E+03    1.74222E+04
 1.41103E-02    1.09828E+04    4.55089E+03    1.74148E+04
 1.43094E-02    1.09781E+04    4.54892E+03    1.74072E+04
 1.45113E-02    1.09732E+04    4.54691E+03    1.73995E+04
 1.47160E-02    1.09683E+04    4.54488E+03    1.73917E+04
 1.49236E-02    1.09633E+04    4.54281E+03    1.73838E+04
 1.51342E-02    1.09583E+04    4.54072E+03    1.73758E+04
 1.53477E-02    1.09532E+04    4.53860E+03    1.73677E+04
 1.55642E-02    1.09480E+04    4.53645E+03    1.73595E+04
 1.57838E-02    1.09427E+04    4.53427E+03    1.73511E+04
 1.60065E-02    1.09374E+04    4.53205E+03    1.73427E+04
 1.62323E-02    1.09319E+04    4.52981E+03    1.73341E+04
 1.64613E-02    1.09265E+04    4.52753E+03    1.73254E+04
 1.66936E-02    1.09209E+04    4.52523E+03    1.73165E+04
 1.69291E-02    1.09152E+04    4.52289E+03    1.73076E+04
 1.71679E-02    1.09095E+04    4.52051E+03    1.72985E+04
 1.74101E-02    1.09037E+04    4.51811E+03    1.72893E+04
 1.76558E-02    1.08978E+04    4.51567E+03    1.72800E+04
 1.79048E-02    1.08918E+04    4.51319E+03    1.72705E+04
 1.81574E-02    1.08858E+04    4.51068E+03    1.72609E+04
 1.84136E-02    1.08796E+04    4.50814E+03    1.72511E+04
 1.86734E-02    1.08734E+04    4.50555E+03    1.72413E+04
 1.89368E-02    1.08671E+04    4.50294E+03    1.72312E+04
 1.92040E-02    1.08607E+04    4.50028E+03    1.72211E+04
 1.94749E-02    1.08542E+04    4.49759E+03    1.72108E+04
 1.97497E-02    1.08476E+04    4.49486E+03    1.72003E+04
 2.00000E-02    1.08416E+04    4.49237E+03    1.71908E+04
 2.02822E-02    1.08356E+04    4.48991E+03    1.71814E+04
 2.05683E-02    1.08296E+04    4.48740E+03    1.71718E+04
 2.08585E-02    1.08235E+04    4.48486E+03    1.71621E+04
 2.11528E-02    1.08173E+04    4.48229E+03    1.71522E+04
 2.14512E-02    1.08110E+04    4.47968E+03    1.71423E+04
 2.17538E-02    1.08046E+04    4.47703E+03    1.71321E+04
 2.20607E-02    1.07981E+04    4.47435E+03    1.71218E+04
 2.23720E-02    1.07915E+04    4.47163E+03    1.71114E+04
 2.26876E-02    1.07849E+04    4.46886E+03    1.71009E+04
 2.30077E-02    1.07781E+04    4.46606E+03    1.70902E+04
 2.33323E-02    1.07713E+04    4.46323E+03    1.70793E+04
 2.36615E-02    1.07643E+04    4.46035E+03    1.70683E+04
 2.39953E-02    1.07573E+04    4.45743E+03    1.70571E+04
 2.43338E-02    1.07501E+04    4.45446E+03    1.70458E+04
 2.46771E-02    1.07429E+04    4.45146E+03    1.70343E+04
 2.50253E-02    1.07355E+04    4.44842E+03    1.70226E+04
 2.53783E-02    1.07281E+04    4.44533E+03    1.70108E+04
 2.57364E-02    1.07205E+04    4.44220E+03    1.69988E+04
 2.60995E-02    1.07128E+04    4.43902E+03    1.69867E+04
 2.64677E-02    1.07051E+04    4.43580E+03    1.69743E+04
 2.68411E-02    1.06972E+04    4.43253E+03    1.69618E+04
 2.72198E-02    1.06892E+04    4.42922E+03    1.69492E+04
 2.76038E-02    1.06811E+04    4.42586E+03    1.69363E+04
 2.79932E-02    1.06729E+04    4.42246E+03    1.69233E+04
 2.83882E-02    1.06645E+04    4.41900E+03    1.69101E+04
 2.87887E-02    1.06561E+04    4.41550E+03    1.68966E+04
 2.91948E-02    1.06475E+04    4.41194E+03    1.68830E+04
 2.96067E-02    1.06388E+04    4.40834E+03    1.68693E+04
 3.00000E-02    1.06305E+04    6.21878E+03    1.50422E+04
 3.04232E-02    1.06226E+04    6.21413E+03    1.50310E+04
 3.08525E-02    1.06145E+04    6.20941E+03    1.50196E+04
 3.12877E-02    1.06063E+04    6.20463E+03    1.50080E+04
 3.17292E-02    1.05980E+04    6.19978E+03    1.49963E+04
 3.21768E-02    1.05896E+04    6.19486E+03    1.49844E+04
 3.26307E-02    1.05811E+04    6.18988E+03    1.49723E+04
 3.30911E-02    1.05724E+04    6.18482E+03    1.49601E+04
 3.35580E-02    1.05637E+04    6.17969E+03    1.49477E+04
 3.40314E-02    1.05548E+04    6.17449E+03    1.49351E+04
 3.45115E-02    1.05458E+04    6.16921E+03    1.49223E+04
 3.49984E-02    1.05366E+04    6.16386E+03    1.49094E+04
 3.54922E-02    1.05274E+04    6.15844E+03    1.48963E+04
 3.59929E-02    1.05180E+04    6.15294E+03    1.48830E+04
 3.65007E-02    1.05084E+04    6.14736E+03    1.48695E+04
 3.70157E-02    1.04987E+04    6.14170E+03    1.48558E+04
 3.75379E-02    1.04889E+04    6.13597E+03    1.48419E+04
 3.80675E-02    1.04790E+04    6.13015E+03    1.48278E+04
 3.86046E-02    1.04689E+04    6.12425E+03    1.48136E+04
 3.91492E-02    1.04587E+04    6.11826E+03    1.47991E+04
 3.97015E-02    1.04483E+04    6.11220E+03    1.47844E+04
 4.00000E-02    1.04427E+04    6.10892E+03    1.47765E+04
 4.05643E-02    1.04326E+04    6.10301E+03    1.47622E+04
 4.11366E-02    1.04224E+04    6.09702E+03    1.47477E+04
 4.17170E-02    1.04120E+04    6.09095E+03    1.47330E+04
 4.23055E-02    1.04015E+04    6.08479E+03    1.47181E+04
 4.29024E-02    1.03908E+04    6.07854E+03    1.47030E+04
 4.35077E-02    1.03799E+04    6.07221E+03    1.46877E+04
 4.41215E-02    1.03690E+04    6.06578E+03    1.46722E+04
 4.47440E-02    1.03578E+04    6.05927E+03    1.46564E+04
 4.53752E-02    1.03465E+04    6.05266E+03    1.46404E+04
 4.60154E-02    1.03351E+04    6.04596E+03    1.46242E+04
 4.66646E-02    1.03235E+04    6.03917E+03    1.46078E+04
 4.73229E-02    1.03117E+04    6.03228E+03    1.45911E+04
 4.79906E-02    1.02997E+04    6.02529E+03    1.45742E+04
 4.86676E-02    1.02876E+04    6.01821E+03    1.45571E+04
 4.93542E-02    1.02754E+04    6.01102E+03    1.45397E+04
 5.00000E-02    1.02638E+04    6.00426E+03    1.45233E+04
 5.07054E-02    1.02517E+04    5.99717E+03    1.45062E+04
 5.14208E-02    1.02394E+04    5.98998E+03    1.44888E+04
 5.21462E-02    1.02269E+04    5.98269E+03    1.44712E+04
 5.28819E-02    1.02143E+04    5.97530E+03    1.44533E+04
 5.36280E-02    1.02015E+04    5.96780E+03    1.44351E+04
 5.43846E-02    1.01885E+04    5.96019E+03    1.44168E+04
 5.51518E-02    1.01753E+04    5.95248E+03    1.43981E+04
 5.59299E-02    1.01619E+04    5.94466E+03    1.43792E+04
 5.67190E-02    1.01484E+04    5.93673E+03    1.43600E+04
 5.75192E-02    1.01346E+04    5.92869E+03    1.43405E+04
 5.83307E-02    1.01207E+04    5.92054E+03    1.43208E+04
 5.91536E-02    1.01065E+04    5.91227E+03    1.43008E+04
 5.99882E-02    1.00922E+04    5.90388E+03    1.42805E+04
 6.00000E-02    1.00920E+04    5.90376E+03    1.42802E+04
 6.08465E-02    1.00786E+04    5.89591E+03    1.42612E+04
 6.17049E-02    1.00650E+04    5.88794E+03    1.42420E+04
 6.25755E-02    1.00512E+04    5.87987E+03    1.42225E+04
 6.34583E-02    1.00372E+04    5.87168E+03    1.42026E+04
 6.43536E-02    1.00230E+04    5.86337E+03    1.41826E+04
 6.52615E-02    1.00086E+04    5.85495E+03    1.41622E+04
 6.61822E-02    9.99397E+03    5.84641E+03    1.41415E+04
 6.71159E-02    9.97916E+03    5.83775E+03    1.41206E+04
 6.80628E-02    9.96415E+03    5.82897E+03    1.40993E+04
 6.90231E-02    9.94892E+03    5.82006E+03    1.40778E+04
 6.99968E-02    9.93348E+03    5.81103E+03    1.40559E+04
 7.00000E-02    9.93343E+03    5.81100E+03    1.40559E+04
 7.09876E-02    9.91828E+03    5.80214E+03    1.40344E+04
 7.19891E-02    9.90292E+03    5.79315E+03    1.40127E+04
 7.30047E-02    9.88735E+03    5.78404E+03    1.39907E+04
 7.40347E-02    9.87155E+03    5.77480E+03    1.39683E+04
 7.50792E-02    9.85553E+03    5.76543E+03    1.39456E+04
 7.61384E-02    9.83929E+03    5.75592E+03    1.39226E+04
 7.72126E-02    9.82281E+03    5.74628E+03    1.38993E+04
 7.83019E-02    9.80610E+03    5.73651E+03    1.38757E+04
 7.94066E-02    9.78916E+03    5.72660E+03    1.38517E+04
 8.00000E-02    9.78006E+03    5.72128E+03    1.38388E+04
 8.11287E-02    9.76328E+03    5.71146E+03    1.38151E+04
 8.22732E-02    9.74627E+03    5.70151E+03    1.37910E+04
 8.34340E-02    9.72901E+03    5.69141E+03    1.37666E+04
 8.46111E-02    9.71152E+03    5.68118E+03    1.37419E+04
 8.58048E-02    9.69377E+03    5.67080E+03    1.37167E+04
 8.70153E-02    9.67578E+03    5.66027E+03    1.36913E+04
 8.82430E-02    9.65753E+03    5.64960E+03    1.36655E+04
 8.94879E-02    9.63902E+03    5.63877E+03    1.36393E+04
 9.00000E-02    9.63141E+03    5.63432E+03    1.36285E+04
 9.08820E-02    9.61855E+03    5.62679E+03    1.36103E+04
 9.08820E-02    9.61843E+03    5.62672E+03    1.36101E+04
 1.55351E-01    8.75325E+03    5.12060E+03    1.23859E+04
 2.25298E-01    7.93658E+03    5.23197E+03    1.06412E+04
 2.70604E-01    7.45028E+03    4.91140E+03    9.98917E+03
 3.43689E-01    6.74091E+03    4.44376E+03    9.03806E+03
 3.95711E-01    6.28648E+03    4.14419E+03    8.42877E+03
 4.56349E-01    5.79157E+03    3.81794E+03    7.76521E+03
 5.10631E-01    5.39353E+03    3.55554E+03    7.23152E+03
 5.65151E-01    5.02594E+03    3.31322E+03    6.73867E+03
 6.21402E-01    4.68999E+03    2.73917E+03    6.64081E+03
 6.70154E-01    4.42632E+03    2.58518E+03    6.26746E+03
 7.25753E-01    4.15863E+03    2.42884E+03    5.88843E+03
 7.71312E-01    3.96015E+03    2.31291E+03    5.60738E+03
 8.17009E-01    3.78208E+03    2.20891E+03    5.35525E+03
 8.65510E-01    3.61202E+03    2.10959E+03    5.11445E+03
 9.12697E-01    3.46813E+03    2.02555E+03    4.91071E+03
 9.65014E-01    3.32893E+03    1.94425E+03    4.71361E+03
 1.01585E+00    3.21354E+03    1.98977E+03    4.43732E+03
 1.07169E+00    3.10565E+03    1.92296E+03    4.28834E+03
 1.10776E+00    3.04938E+03    1.88812E+03    4.21065E+03
 1.20000E+00    2.93439E+03    1.81692E+03    4.05186E+03
 1.30000E+00    2.86204E+03    1.77212E+03    3.95196E+03
 1.40000E+00    2.83927E+03    1.75803E+03    3.92052E+03
 1.50000E+00    2.87412E+03    1.77960E+03    3.96864E+03
 1.60000E+00    2.94385E+03    1.82278E+03    4.06493E+03
 1.71199E+00    3.06529E+03    1.89797E+03    4.23261E+03
 1.81270E+00    3.19348E+03    2.21903E+03    4.16794E+03
 2.02822E+00    3.50746E+03    2.43720E+03    4.57773E+03
 2.30000E+00    3.90742E+03    2.71511E+03    5.09973E+03
 2.50000E+00    4.17121E+03    2.89841E+03    5.44401E+03
 2.69289E+00    4.39038E+03    2.77505E+03    6.00570E+03
 2.85953E+00    4.54819E+03    2.87480E+03    6.22158E+03
 3.05745E+00    4.70171E+03    2.97184E+03    6.43158E+03
 3.24515E+00    4.81125E+03    3.04108E+03    6.58142E+03
 3.44797E+00    4.89552E+03    3.09434E+03    6.69670E+03
 3.65102E+00    4.94728E+03    3.12706E+03    6.76750E+03
 3.87681E+00    4.97105E+03    3.14208E+03    6.80002E+03
 3.90000E+00    4.97217E+03    3.14279E+03    6.80155E+03
 4.14268E+00    4.95701E+03    3.13321E+03    6.78082E+03
 4.38379E+00    4.91562E+03    3.10704E+03    6.72419E+03
 4.67261E+00    4.82877E+03    3.50797E+03    6.14957E+03
 5.00000E+00    4.69587E+03    3.41142E+03    5.98032E+03
 5.41419E+00    4.48742E+03    3.25999E+03    5.71484E+03
 6.12757E+00    4.07675E+03    2.96165E+03    5.19184E+03
 6.80000E+00    3.68932E+03    3.05923E+03    4.31941E+03
 7.25079E+00    3.45316E+03    2.86341E+03    4.04292E+03
 7.65191E+00    3.26454E+03    2.70700E+03    3.82208E+03
 8.02504E+00    3.11008E+03    2.57892E+03    3.64124E+03
 8.57453E+00    2.91809E+03    2.41972E+03    3.41646E+03
 8.95822E+00    2.80809E+03    2.32850E+03    3.28767E+03
 9.48496E+00    2.68550E+03    2.43731E+03    2.93369E+03
 9.91572E+00    2.60915E+03    2.36801E+03    2.85029E+03
 1.00000E+01    2.59656E+03    2.35659E+03    2.83653E+03
 1.01411E+01    2.57777E+03    2.33954E+03    2.81601E+03
 1.02307E+01    2.56584E+03    2.32871E+03    2.80297E+03
 1.02329E+01    2.56556E+03    2.32845E+03    2.80267E+03
 1.02854E+01    2.55934E+03    2.32281E+03    2.79587E+03
 1.04305E+01    2.54403E+03    2.30891E+03    2.77915E+03
 1.05000E+01    2.53670E+03    2.30226E+03    2.77114E+03
 1.05067E+01    2.53606E+03    2.30168E+03    2.77044E+03
 1.06549E+01    2.52402E+03    2.29075E+03    2.75728E+03
 1.07905E+01    2.51300E+03    2.28075E+03    2.74525E+03
 1.08287E+01    2.51046E+03    2.27845E+03    2.74247E+03
 1.09815E+01    2.50171E+03    2.27050E+03    2.73292E+03
 1.10000E+01    2.50065E+03    2.26954E+03    2.73176E+03
 1.11469E+01    2.49426E+03    2.26374E+03    2.72478E+03
 1.13042E+01    2.49064E+03    2.26046E+03    2.72082E+03
 1.14636E+01    2.48697E+03    2.25712E+03    2.71681E+03
 1.15000E+01    2.48613E+03    2.25636E+03    2.71590E+03
 1.16622E+01    2.48598E+03    2.25623E+03    2.71573E+03
 1.17200E+01    2.48593E+03    2.25618E+03    2.71568E+03
 1.18853E+01    2.48859E+03    2.25860E+03    2.71859E+03
 1.19744E+01    2.49003E+03    2.25990E+03    2.72016E+03
 1.20000E+01    2.49069E+03    2.26050E+03    2.72088E+03
 1.20237E+01    2.49134E+03    2.26109E+03    2.72159E+03
 1.21041E+01    2.49381E+03    2.26333E+03    2.72429E+03
 1.21220E+01    2.49441E+03    2.26388E+03    2.72494E+03
 1.22930E+01    2.50226E+03    2.27100E+03    2.73352E+03
 1.24665E+01    2.51022E+03    2.27823E+03    2.74221E+03
 1.25000E+01    2.51176E+03    2.27963E+03    2.74389E+03
 1.25204E+01    2.51294E+03    2.28070E+03    2.74518E+03
 1.26970E+01    2.52421E+03    2.29092E+03    2.75749E+03
 1.27418E+01    2.52706E+03    2.29351E+03    2.76061E+03
 1.29216E+01    2.54065E+03    2.30585E+03    2.77545E+03
 1.30000E+01    2.54658E+03    2.22113E+03    2.87203E+03
 1.31834E+01    2.56262E+03    2.23512E+03    2.89012E+03
 1.32878E+01    2.57175E+03    2.24309E+03    2.90041E+03
 1.33820E+01    2.58068E+03    2.25088E+03    2.91048E+03
 1.35000E+01    2.59230E+03    2.26101E+03    2.92359E+03
 1.36905E+01    2.61240E+03    2.27854E+03    2.94626E+03
 1.38465E+01    2.62887E+03    2.29291E+03    2.96483E+03
 1.39551E+01    2.64098E+03    2.30347E+03    2.97849E+03
 1.40000E+01    2.64607E+03    2.30791E+03    2.98423E+03
 1.41493E+01    2.66330E+03    2.32294E+03    3.00366E+03
 1.42095E+01    2.67036E+03    2.32909E+03    3.01163E+03
 1.43392E+01    2.68578E+03    2.34254E+03    3.02902E+03
 1.45000E+01    2.70526E+03    2.35953E+03    3.05099E+03
 1.47046E+01    2.73070E+03    2.38172E+03    3.07967E+03
 1.49120E+01    2.75650E+03    2.40422E+03    3.10877E+03
 1.49768E+01    2.76455E+03    2.41125E+03    3.11785E+03
 1.50000E+01    2.76747E+03    2.41379E+03    3.12115E+03
 1.52116E+01    2.79423E+03    2.43714E+03    3.15133E+03
 1.54262E+01    2.82137E+03    2.46081E+03    3.18194E+03
 1.55000E+01    2.83070E+03    2.46894E+03    3.19246E+03
 1.56687E+01    2.85197E+03    2.48750E+03    3.21644E+03
 1.57500E+01    2.86218E+03    2.49640E+03    3.22796E+03
 1.59722E+01    2.88984E+03    2.52053E+03    3.25915E+03
 1.60000E+01    2.89330E+03    2.14248E+03    3.64412E+03
 1.62025E+01    2.91815E+03    2.16088E+03    3.67542E+03
 1.64311E+01    2.94565E+03    2.18124E+03    3.71005E+03
 1.65000E+01    2.95394E+03    2.18738E+03    3.72050E+03
 1.65721E+01    2.96246E+03    2.19369E+03    3.73123E+03
 1.68059E+01    2.98931E+03    2.21357E+03    3.76504E+03
 1.70000E+01    3.01160E+03    2.23008E+03    3.79312E+03
 1.70561E+01    3.01785E+03    2.23471E+03    3.80099E+03
 1.71003E+01    3.02273E+03    2.23832E+03    3.80714E+03
 1.73416E+01    3.04869E+03    2.25754E+03    3.83983E+03
 1.74325E+01    3.05847E+03    2.26479E+03    3.85215E+03
 1.75000E+01    3.06551E+03    2.27000E+03    3.86102E+03
 1.77469E+01    3.09021E+03    2.28829E+03    3.89212E+03
 1.79038E+01    3.10590E+03    2.29991E+03    3.91189E+03
 1.79563E+01    3.11094E+03    2.30364E+03    3.91824E+03
 1.79851E+01    3.11367E+03    2.30566E+03    3.92168E+03
 1.80000E+01    3.11508E+03    2.30671E+03    3.92345E+03
 1.82539E+01    3.13844E+03    2.32401E+03    3.95288E+03
 1.82612E+01    3.13911E+03    2.32450E+03    3.95372E+03
 1.84375E+01    3.15456E+03    2.33594E+03    3.97318E+03
 1.85000E+01    3.15988E+03    2.33988E+03    3.97988E+03
 1.87610E+01    3.18111E+03    2.35560E+03    4.00662E+03
 1.88072E+01    3.18487E+03    2.35839E+03    4.01135E+03
 1.90000E+01    3.19954E+03    2.36925E+03    4.02983E+03
 1.92681E+01    3.21830E+03    2.38314E+03    4.05346E+03
 1.93659E+01    3.22515E+03    2.38821E+03    4.06209E+03
 1.94550E+01    3.23095E+03    2.39251E+03    4.06939E+03
 1.95000E+01    3.23380E+03    2.39462E+03    4.07298E+03
 1.97751E+01    3.24958E+03    2.40630E+03    4.09286E+03
 2.00000E+01    3.26248E+03    2.23305E+03    4.29191E+03
 2.02822E+01    3.27376E+03    2.24077E+03    4.30675E+03
 2.05683E+01    3.28520E+03    2.24860E+03    4.32180E+03
 2.08585E+01    3.29680E+03    2.25654E+03    4.33706E+03
 2.10000E+01    3.30246E+03    2.26041E+03    4.34451E+03
 2.12963E+01    3.30732E+03    2.26374E+03    4.35090E+03
 2.15967E+01    3.31224E+03    2.26711E+03    4.35737E+03
 2.19014E+01    3.31723E+03    2.27053E+03    4.36394E+03
 2.20000E+01    3.31885E+03    2.27163E+03    4.36607E+03
 2.23104E+01    3.31668E+03    2.27015E+03    4.36321E+03
 2.26251E+01    3.31448E+03    2.26864E+03    4.36032E+03
 2.29443E+01    3.31225E+03    2.26711E+03    4.35738E+03
 2.30000E+01    3.31186E+03    2.26685E+03    4.35687E+03
 2.33245E+01    3.30246E+03    2.26041E+03    4.34451E+03
 2.36536E+01    3.29293E+03    2.25389E+03    4.33196E+03
 2.39873E+01    3.28326E+03    2.24727E+03    4.31925E+03
 2.40000E+01    3.28289E+03    2.28372E+03    4.28206E+03
 2.43386E+01    3.26652E+03    2.27233E+03    4.26070E+03
 2.46820E+01    3.24991E+03    2.26078E+03    4.23904E+03
 2.50000E+01    3.23453E+03    2.25008E+03    4.21898E+03
 2.53527E+01    3.21191E+03    2.23434E+03    4.18948E+03
 2.57104E+01    3.18897E+03    2.21839E+03    4.15956E+03
 2.60000E+01    3.17040E+03    2.20547E+03    4.13533E+03
 2.63668E+01    3.14254E+03    2.18609E+03    4.09900E+03
 2.67388E+01    3.11429E+03    2.16643E+03    4.06214E+03
 2.70000E+01    3.09445E+03    2.15263E+03    4.03627E+03
 2.73809E+01    3.06248E+03    2.13039E+03    3.99456E+03
 2.77672E+01    3.03005E+03    2.10783E+03    3.95227E+03
 2.80000E+01    3.01051E+03    2.16477E+03    3.85625E+03
 2.83950E+01    2.97549E+03    2.13960E+03    3.81139E+03
 2.87956E+01    2.93999E+03    2.11406E+03    3.76591E+03
 2.90000E+01    2.92187E+03    2.10104E+03    3.74270E+03
 2.94091E+01    2.88472E+03    2.07432E+03    3.69511E+03
 2.98240E+01    2.84704E+03    2.04723E+03    3.64685E+03
 3.00000E+01    2.83106E+03    2.03574E+03    3.62638E+03
 3.04232E+01    2.79250E+03    2.00801E+03    3.57699E+03
 3.08525E+01    2.75340E+03    1.97989E+03    3.52691E+03
 3.10000E+01    2.73996E+03    1.97023E+03    3.50969E+03
 3.14374E+01    2.70060E+03    1.94193E+03    3.45928E+03
 3.18809E+01    2.66069E+03    1.91323E+03    3.40815E+03
 3.20000E+01    2.64997E+03    1.90552E+03    3.39442E+03
 3.24515E+01    2.61042E+03    1.87708E+03    3.34376E+03
 3.29093E+01    2.57031E+03    1.84824E+03    3.29238E+03
 3.30000E+01    2.56236E+03    1.84252E+03    3.28220E+03
 3.34656E+01    2.52330E+03    1.81443E+03    3.23216E+03
 3.39377E+01    2.48369E+03    1.78595E+03    3.18142E+03
 3.40000E+01    2.47846E+03    1.78219E+03    3.17473E+03
 3.44797E+01    2.44063E+03    1.75499E+03    3.12627E+03
 3.49661E+01    2.40227E+03    1.72741E+03    3.07714E+03
 3.50000E+01    2.39960E+03    1.72549E+03    3.07371E+03
 3.54938E+01    2.36378E+03    1.69973E+03    3.02783E+03
 3.59945E+01    2.32745E+03    1.67360E+03    2.98129E+03
 3.60000E+01    2.32705E+03    1.67332E+03    2.98078E+03
 3.65079E+01    2.29390E+03    1.64948E+03    2.93832E+03
 3.70000E+01    2.26178E+03    1.62638E+03    2.89718E+03
 3.75220E+01    2.23185E+03    1.60486E+03    2.85884E+03
 3.80000E+01    2.20444E+03    1.58515E+03    2.82373E+03
 3.85361E+01    2.17808E+03    1.56620E+03    2.78996E+03
 3.90000E+01    2.15527E+03    1.54979E+03    2.76075E+03
 3.95502E+01    2.13269E+03    1.53356E+03    2.73182E+03
 4.00000E+01    2.11423E+03    1.52028E+03    2.70818E+03
 4.05643E+01    2.09549E+03    1.50681E+03    2.68417E+03
 4.10000E+01    2.08102E+03    1.49640E+03    2.66564E+03
 4.15784E+01    2.06612E+03    1.48569E+03    2.64655E+03
 4.20000E+01    2.05526E+03    1.47788E+03    2.63264E+03
 4.25925E+01    2.04419E+03    1.46992E+03    2.61846E+03
 4.30000E+01    2.03658E+03    1.46445E+03    2.60871E+03
 4.36067E+01    2.02930E+03    1.45921E+03    2.59939E+03
 4.40000E+01    2.02458E+03    1.45582E+03    2.59334E+03
 4.46208E+01    2.02105E+03    1.45328E+03    2.58882E+03
 4.50000E+01    2.01889E+03    1.45173E+03    2.58605E+03
 4.56349E+01    2.01905E+03    1.45184E+03    2.58626E+03
 4.60000E+01    2.01914E+03    1.45191E+03    2.58637E+03
 4.66490E+01    2.02288E+03    1.45460E+03    2.59117E+03
 4.70000E+01    2.02491E+03    1.45606E+03    2.59376E+03
 4.76631E+01    2.03209E+03    1.46122E+03    2.60296E+03
 4.80000E+01    2.03574E+03    1.46384E+03    2.60764E+03
 4.86772E+01    2.04615E+03    1.47133E+03    2.62097E+03
 4.90000E+01    2.05111E+03    1.47490E+03    2.62732E+03
 4.96913E+01    2.06451E+03    1.48453E+03    2.64449E+03
 5.00000E+01    2.07049E+03    1.48883E+03    2.65215E+03
 5.07054E+01    2.08661E+03    1.50042E+03    2.67280E+03
 5.10000E+01    2.09334E+03    1.50526E+03    2.68142E+03
 5.17195E+01    2.11190E+03    1.51861E+03    2.70519E+03
 5.20000E+01    2.11913E+03    1.52381E+03    2.71445E+03
 5.27336E+01    2.13985E+03    1.53871E+03    2.74100E+03
 5.30000E+01    2.14738E+03    1.54412E+03    2.75064E+03
 5.37477E+01    2.16999E+03    1.56038E+03    2.77960E+03
 5.40000E+01    2.17762E+03    1.56587E+03    2.78937E+03
 5.47618E+01    2.20185E+03    1.58329E+03    2.82042E+03
 5.50000E+01    2.20943E+03    1.58874E+03    2.83012E+03
 5.57760E+01    2.23503E+03    1.60715E+03    2.86291E+03
 5.60000E+01    2.24242E+03    1.61246E+03    2.87238E+03
 5.67901E+01    2.26915E+03    1.63168E+03    2.90661E+03
 5.70000E+01    2.27625E+03    1.63679E+03    2.91571E+03
 5.78042E+01    2.30387E+03    1.65665E+03    2.95109E+03
 5.80000E+01    2.31059E+03    1.66148E+03    2.95970E+03
 5.88183E+01    2.33886E+03    1.68181E+03    2.99591E+03
 5.90000E+01    2.34514E+03    1.68632E+03    3.00396E+03
 5.98324E+01    2.37383E+03    1.70696E+03    3.04071E+03
 6.00000E+01    2.37961E+03    1.71111E+03    3.04811E+03
 6.08465E+01    2.40852E+03    1.73190E+03    3.08514E+03
 6.10000E+01    2.41376E+03    1.73567E+03    3.09185E+03
 6.18606E+01    2.44268E+03    1.75646E+03    3.12889E+03
 6.20000E+01    2.44736E+03    1.75983E+03    3.13489E+03
 6.28747E+01    2.47609E+03    1.78048E+03    3.17169E+03
 6.30000E+01    2.48020E+03    1.78344E+03    3.17696E+03
 6.38888E+01    2.50856E+03    1.80384E+03    3.21329E+03
 6.40000E+01    2.51211E+03    1.80639E+03    3.21783E+03
 6.49029E+01    2.53994E+03    1.82640E+03    3.25348E+03
 6.50000E+01    2.54293E+03    1.82855E+03    3.25731E+03
 6.59170E+01    2.57007E+03    1.84807E+03    3.29208E+03
 6.60000E+01    2.57253E+03    1.84983E+03    3.29523E+03
 6.69311E+01    2.59884E+03    1.86876E+03    3.32893E+03
 6.70000E+01    2.60079E+03    1.87016E+03    3.33142E+03
 6.79453E+01    2.62617E+03    1.88841E+03    3.36393E+03
 6.80000E+01    2.62764E+03    1.88946E+03    3.36582E+03
 6.89594E+01    2.65196E+03    1.90695E+03    3.39697E+03
 6.90000E+01    2.65299E+03    1.90769E+03    3.39829E+03
 6.99735E+01    2.67615E+03    1.92434E+03    3.42795E+03
 7.00000E+01    2.67678E+03    1.92480E+03    3.42876E+03
 7.09876E+01    2.69870E+03    1.94056E+03    3.45685E+03
 7.10000E+01    2.69898E+03    1.94076E+03    3.45720E+03
 7.20000E+01    2.71955E+03    1.95555E+03    3.48355E+03
 7.30000E+01    2.73847E+03    1.96916E+03    3.50778E+03
 7.40000E+01    2.75572E+03    1.98156E+03    3.52988E+03
 7.50000E+01    2.77131E+03    1.99277E+03    3.54985E+03
 7.60000E+01    2.78525E+03    2.00280E+03    3.56770E+03
 7.70000E+01    2.79755E+03    2.01164E+03    3.58346E+03
 7.80000E+01    2.80823E+03    2.01932E+03    3.59714E+03
 7.90000E+01    2.81732E+03    2.02586E+03    3.60878E+03
 8.00000E+01    2.82481E+03    2.03124E+03    3.61838E+03
 8.10000E+01    2.83083E+03    2.03557E+03    3.62609E+03
 8.20000E+01    2.83533E+03    2.03881E+03    3.63185E+03
 8.30000E+01    2.83843E+03    2.04104E+03    3.63582E+03
 8.40000E+01    2.84012E+03    2.04225E+03    3.63799E+03
 8.50000E+01    2.84048E+03    2.04251E+03    3.63845E+03
 8.60000E+01    2.83954E+03    2.04183E+03    3.63725E+03
 8.70000E+01    2.83737E+03    2.04027E+03    3.63447E+03
 8.80000E+01    2.83400E+03    2.03785E+03    3.63015E+03
 8.90000E+01    2.82949E+03    2.03461E+03    3.62437E+03
 9.00000E+01    2.82390E+03    2.03059E+03    3.61721E+03
 9.10000E+01    2.81725E+03    2.02581E+03    3.60869E+03
 9.20000E+01    2.80964E+03    2.02033E+03    3.59895E+03
 9.30000E+01    2.80107E+03    2.01417E+03    3.58797E+03
 9.40000E+01    2.79163E+03    2.00738E+03    3.57588E+03
 9.50000E+01    2.78133E+03    1.99998E+03    3.56268E+03
 9.60000E+01    2.77026E+03    1.99202E+03    3.54850E+03
 9.70000E+01    2.75841E+03    1.98350E+03    3.53332E+03
 9.80000E+01    2.74591E+03    1.97451E+03    3.51731E+03
 9.90000E+01    2.73269E+03    1.96500E+03    3.50038E+03
 1.00000E+02    2.71892E+03    1.95510E+03    3.48274E+03
 1.01411E+02    2.69827E+03    1.94025E+03    3.45628E+03
 1.02000E+02    2.68964E+03    1.93405E+03    3.44524E+03
 1.03439E+02    2.66716E+03    1.91788E+03    3.41643E+03
 1.04000E+02    2.65839E+03    1.91157E+03    3.40521E+03
 1.05467E+02    2.63423E+03    1.89420E+03    3.37426E+03
 1.06000E+02    2.62546E+03    1.88790E+03    3.36302E+03
 1.07495E+02    2.59978E+03    1.86943E+03    3.33013E+03
 1.08000E+02    2.59112E+03    1.86320E+03    3.31904E+03
 1.09524E+02    2.56399E+03    1.84369E+03    3.28429E+03
 1.10000E+02    2.55551E+03    1.83760E+03    3.27342E+03
 1.11552E+02    2.52724E+03    1.81727E+03    3.23722E+03
 1.12000E+02    2.51908E+03    1.81140E+03    3.22676E+03
 1.13580E+02    2.48973E+03    1.79030E+03    3.18916E+03
 1.14000E+02    2.48193E+03    1.78469E+03    3.17917E+03
 1.15608E+02    2.45164E+03    1.76290E+03    3.14037E+03
 1.16000E+02    2.44426E+03    1.75760E+03    3.13092E+03
 1.17637E+02    2.41315E+03    1.73523E+03    3.09107E+03
 1.18000E+02    2.40624E+03    1.73026E+03    3.08222E+03
 1.19665E+02    2.37443E+03    1.70738E+03    3.04147E+03
 1.20000E+02    2.36802E+03    1.70278E+03    3.03326E+03
 1.21693E+02    2.33562E+03    1.67948E+03    2.99177E+03
 1.22000E+02    2.32975E+03    1.67526E+03    2.98424E+03
 1.23721E+02    2.29687E+03    1.65161E+03    2.94212E+03
 1.24000E+02    2.29154E+03    1.64778E+03    2.93530E+03
 1.25749E+02    2.25816E+03    1.62378E+03    2.89254E+03
 1.26000E+02    2.25338E+03    1.62034E+03    2.88642E+03
 1.27778E+02    2.21983E+03    1.59622E+03    2.84344E+03
 1.28000E+02    2.21563E+03    1.59320E+03    2.83806E+03
 1.29806E+02    2.18189E+03    1.56893E+03    2.79484E+03
 1.30000E+02    2.17826E+03    1.56633E+03    2.79019E+03
 1.31834E+02    2.14439E+03    1.54197E+03    2.74681E+03
 1.32000E+02    2.14133E+03    1.53977E+03    2.74289E+03
 1.33862E+02    2.10742E+03    1.51539E+03    2.69945E+03
 1.34000E+02    2.10491E+03    1.51358E+03    2.69624E+03
 1.35891E+02    2.07101E+03    1.48921E+03    2.65282E+03
 1.36000E+02    2.06905E+03    1.48780E+03    2.65030E+03
 1.37919E+02    2.03510E+03    1.46338E+03    2.60681E+03
 1.38000E+02    2.03366E+03    1.46235E+03    2.60497E+03
 1.39947E+02    1.99999E+03    1.43814E+03    2.56184E+03
 1.40000E+02    1.99907E+03    1.43748E+03    2.56066E+03
 1.41975E+02    1.96561E+03    1.41342E+03    2.51781E+03
 1.42000E+02    1.96519E+03    1.41311E+03    2.51727E+03
 1.44000E+02    1.93202E+03    1.38926E+03    2.47478E+03
 1.46000E+02    1.89943E+03    1.36583E+03    2.43303E+03
 1.48000E+02    1.86777E+03    1.34306E+03    2.39248E+03
 1.50000E+02    1.83689E+03    1.32086E+03    2.35292E+03
 1.52000E+02    1.80679E+03    1.29921E+03    2.31437E+03
 1.54000E+02    1.77748E+03    1.27814E+03    2.27682E+03
 1.56000E+02    1.74880E+03    1.25751E+03    2.24009E+03
 1.58000E+02    1.72108E+03    1.23758E+03    2.20458E+03
 1.60000E+02    1.69415E+03    1.21822E+03    2.17008E+03
 1.62000E+02    1.66801E+03    1.19942E+03    2.13660E+03
 1.64000E+02    1.64249E+03    1.18107E+03    2.10391E+03
 1.66000E+02    1.61788E+03    1.16337E+03    2.07239E+03
 1.68000E+02    1.59403E+03    1.14622E+03    2.04184E+03
 1.70000E+02    1.57093E+03    1.12961E+03    2.01225E+03
 1.72000E+02    1.54842E+03    1.11343E+03    1.98341E+03
 1.74000E+02    1.52679E+03    1.09787E+03    1.95571E+03
 1.76000E+02    1.50587E+03    1.08283E+03    1.92891E+03
 1.78000E+02    1.48564E+03    1.06828E+03    1.90300E+03
 1.80000E+02    1.46610E+03    1.05423E+03    1.87797E+03
 1.82000E+02    1.44708E+03    1.04055E+03    1.85361E+03
 1.84000E+02    1.42886E+03    1.02745E+03    1.83027E+03
 1.86000E+02    1.41128E+03    1.01481E+03    1.80775E+03
 1.88000E+02    1.39431E+03    1.00261E+03    1.78601E+03
 1.90000E+02    1.37781E+03    9.90745E+02    1.76488E+03
 1.92000E+02    1.36204E+03    9.79405E+02    1.74468E+03
 1.94000E+02    1.34684E+03    9.68475E+02    1.72520E+03
 1.96000E+02    1.33221E+03    9.57955E+02    1.70646E+03
 1.98000E+02    1.31811E+03    9.47816E+02    1.68840E+03
 2.00000E+02    1.30440E+03    9.37958E+02    1.67084E+03
