# n + Ac214 : (n,2n2a)  
# tendl.2017 A.J. Koning and D. Rochman        EVAL-NOV17
# uncertainties: n
# # energies =   269
#   E(MeV)       xs(mb) 
 1.00000E-11    4.00581E-17
 1.03005E-11    3.95011E-17
 1.06099E-11    3.89528E-17
 1.09287E-11    3.84131E-17
 1.12571E-11    3.78817E-17
 1.15953E-11    3.73586E-17
 1.19437E-11    3.68437E-17
 1.23026E-11    3.63368E-17
 1.26722E-11    3.58379E-17
 1.30530E-11    3.53468E-17
 1.34452E-11    3.48634E-17
 1.38491E-11    3.43876E-17
 1.42652E-11    3.39194E-17
 1.46938E-11    3.34585E-17
 1.51353E-11    3.30050E-17
 1.55901E-11    3.25586E-17
 1.60585E-11    3.21194E-17
 1.65410E-11    3.16871E-17
 1.70380E-11    3.12618E-17
 1.75499E-11    3.08433E-17
 1.80772E-11    3.04315E-17
 1.86203E-11    3.00264E-17
 1.91798E-11    2.96278E-17
 1.98398E-11    2.91801E-17
 2.05225E-11    2.87407E-17
 2.12287E-11    2.83095E-17
 2.19592E-11    2.78864E-17
 2.27149E-11    2.74712E-17
 2.34965E-11    2.70637E-17
 2.43051E-11    2.66640E-17
 2.51414E-11    2.62717E-17
 2.60066E-11    2.58870E-17
 2.69015E-11    2.55096E-17
 2.78272E-11    2.51393E-17
 2.87848E-11    2.47762E-17
 2.97753E-11    2.44201E-17
 3.07999E-11    2.40709E-17
 3.18597E-11    2.37285E-17
 3.29561E-11    2.33927E-17
 3.40901E-11    2.30636E-17
 3.52632E-11    2.27409E-17
 3.64767E-11    2.24246E-17
 3.77319E-11    2.21146E-17
 3.90303E-11    2.18108E-17
 4.03734E-11    2.15131E-17
 4.17626E-11    2.12214E-17
 4.31997E-11    2.09356E-17
 4.46863E-11    2.06557E-17
 4.62240E-11    2.03815E-17
 4.78146E-11    2.01130E-17
 4.94600E-11    1.98500E-17
 5.11620E-11    1.95925E-17
 5.29225E-11    1.93405E-17
 5.47436E-11    1.90937E-17
 5.66274E-11    1.88522E-17
 5.85760E-11    1.86159E-17
 6.05917E-11    1.83847E-17
 6.26768E-11    1.81584E-17
 6.48335E-11    1.79371E-17
 6.70645E-11    1.77207E-17
 6.93723E-11    1.75090E-17
 7.17595E-11    1.73021E-17
 7.42288E-11    1.70998E-17
 7.67831E-11    1.69021E-17
 7.94253E-11    1.67088E-17
 8.21584E-11    1.65200E-17
 8.49856E-11    1.63356E-17
 8.82826E-11    1.61332E-17
 9.17076E-11    1.59362E-17
 9.52653E-11    1.57444E-17
 9.89612E-11    1.55577E-17
 1.02800E-10    1.53761E-17
 1.06789E-10    1.51995E-17
 1.10931E-10    1.50277E-17
 1.15235E-10    1.48607E-17
 1.19705E-10    1.46984E-17
 1.24350E-10    1.45407E-17
 1.29174E-10    1.43875E-17
 1.34185E-10    1.42387E-17
 1.39391E-10    1.40943E-17
 1.44798E-10    1.39540E-17
 1.50416E-10    1.38180E-17
 1.56251E-10    1.36860E-17
 1.63001E-10    1.35440E-17
 1.70042E-10    1.34069E-17
 1.77387E-10    1.32744E-17
 1.85050E-10    1.31465E-17
 1.93044E-10    1.30231E-17
 2.01383E-10    1.29040E-17
 2.10082E-10    1.27891E-17
 2.19157E-10    1.26784E-17
 2.28624E-10    1.25716E-17
 2.39511E-10    1.24587E-17
 2.50916E-10    1.23504E-17
 2.62864E-10    1.22465E-17
 2.75381E-10    1.21469E-17
 2.88494E-10    1.20514E-17
 3.02232E-10    1.19600E-17
 3.17966E-10    1.18646E-17
 3.34519E-10    1.17737E-17
 3.51933E-10    1.16870E-17
 3.70254E-10    1.16043E-17
 3.91180E-10    1.15193E-17
 4.13288E-10    1.14386E-17
 4.36646E-10    1.13620E-17
 4.61324E-10    1.12895E-17
 4.89462E-10    1.12156E-17
 5.19316E-10    1.11459E-17
 5.53327E-10    1.10756E-17
 5.89565E-10    1.10096E-17
 6.28176E-10    1.09476E-17
 6.72152E-10    1.08857E-17
 7.19207E-10    1.08277E-17
 7.72818E-10    1.07703E-17
 8.33944E-10    1.07139E-17
 8.99905E-10    1.06616E-17
 9.75198E-10    1.06105E-17
 1.06127E-09    1.05610E-17
 1.15494E-09    1.05155E-17
 1.26220E-09    1.04717E-17
 1.38527E-09    1.04298E-17
 1.52679E-09    1.03899E-17
 1.69705E-09    1.03508E-17
 1.89429E-09    1.03143E-17
 2.12342E-09    1.02804E-17
 2.40049E-09    1.02480E-17
 2.73675E-09    1.02175E-17
 3.14663E-09    1.01892E-17
 3.66408E-09    1.01625E-17
 4.30286E-09    1.01384E-17
 5.13921E-09    1.01158E-17
 6.24285E-09    1.00954E-17
 7.74554E-09    1.00769E-17
 9.85691E-09    1.00604E-17
 1.29755E-08    1.00459E-17
 1.78185E-08    1.00334E-17
 2.52045E-08    1.00236E-17
 2.53000E-08    1.00235E-17
 4.01158E-08    1.00148E-17
 7.31341E-08    1.00081E-17
 1.73299E-07    1.00034E-17
 8.14725E-07    1.00007E-17
 1.21247E-04    1.00000E-17
 1.22958E-04    1.00000E-17
 1.26452E-04    1.00000E-17
 1.31880E-04    1.00000E-17
 1.33740E-04    1.00000E-17
 1.35627E-04    1.00000E-17
 1.37541E-04    1.00000E-17
 1.39481E-04    1.00000E-17
 1.41449E-04    1.00000E-17
 1.49602E-04    1.00000E-17
 1.53853E-04    1.00000E-17
 1.56023E-04    1.00000E-17
 1.60457E-04    1.00000E-17
 1.62721E-04    1.00000E-17
 1.76990E-04    1.00000E-17
 1.84587E-04    1.00000E-17
 1.89832E-04    1.00000E-17
 1.95226E-04    1.00000E-17
 1.97981E-04    1.00000E-17
 2.00774E-04    1.00000E-17
 2.03606E-04    1.00000E-17
 2.21461E-04    1.00000E-17
 2.37530E-04    1.00000E-17
 2.51221E-04    1.00000E-17
 2.54765E-04    1.00000E-17
 2.58359E-04    1.00000E-17
 2.65701E-04    1.00000E-17
 2.81015E-04    1.00000E-17
 3.27836E-04    1.00000E-17
 3.32461E-04    1.00000E-17
 3.41909E-04    1.00000E-17
 3.46732E-04    1.00000E-17
 3.66717E-04    1.00000E-17
 9.37064E+00    1.00000E-17
 9.50000E+00    5.38682E-15
 1.00000E+01    1.41726E-10
 1.01411E+01    5.23676E-10
 1.02842E+01    9.11062E-10
 1.04292E+01    1.30391E-09
 1.05000E+01    1.49549E-09
 1.06481E+01    2.22900E-09
 1.07984E+01    2.97286E-09
 1.09507E+01    3.72721E-09
 1.10000E+01    3.97129E-09
 1.11552E+01    4.91629E-09
 1.13126E+01    5.87463E-09
 1.14722E+01    6.84648E-09
 1.15000E+01    7.01595E-09
 1.16622E+01    7.92445E-09
 1.18268E+01    8.84577E-09
 1.19936E+01    9.78009E-09
 1.20000E+01    9.81575E-09
 1.21693E+01    1.11505E-08
 1.23410E+01    1.25041E-08
 1.25000E+01    1.37578E-08
 1.26764E+01    1.45117E-08
 1.28552E+01    1.52763E-08
 1.30000E+01    1.58954E-08
 1.31834E+01    1.64222E-08
 1.33694E+01    1.69564E-08
 1.35000E+01    1.73315E-08
 1.36905E+01    1.80002E-08
 1.38836E+01    1.86783E-08
 1.40000E+01    1.90870E-08
 1.41975E+01    1.93612E-08
 1.43978E+01    1.96392E-08
 1.45000E+01    1.97811E-08
 1.47046E+01    1.97725E-08
 1.49120E+01    1.97639E-08
 1.50000E+01    1.97602E-08
 1.52116E+01    2.05727E-08
 1.54262E+01    2.13967E-08
 1.56439E+01    2.22323E-08
 1.58646E+01    2.30796E-08
 1.60000E+01    2.35996E-08
 1.62257E+01    2.47660E-08
 1.64546E+01    2.59489E-08
 1.66868E+01    2.71485E-08
 1.69222E+01    2.83650E-08
 1.70000E+01    2.87670E-08
 1.72398E+01    3.42695E-08
 1.74831E+01    3.98496E-08
 1.77297E+01    4.55084E-08
 1.79799E+01    5.12470E-08
 1.80000E+01    5.17093E-08
 1.82539E+01    7.36229E-08
 1.85115E+01    9.58456E-08
 1.87726E+01    1.18382E-07
 1.90000E+01    1.38001E-07
 1.92681E+01    1.99755E-07
 1.95399E+01    2.62381E-07
 1.98156E+01    3.25890E-07
 2.00000E+01    3.68380E-07
 2.02822E+01    5.45731E-07
 2.05683E+01    7.25584E-07
 2.08585E+01    9.07975E-07
 2.10000E+01    9.96919E-07
 2.12963E+01    1.48808E-06
 2.15967E+01    1.98617E-06
 2.19014E+01    2.49129E-06
 2.20000E+01    2.65472E-06
 2.23104E+01    3.99291E-06
 2.26251E+01    5.34998E-06
 2.29443E+01    6.72619E-06
 2.30000E+01    6.96617E-06
 2.33245E+01    1.03446E-05
 2.36536E+01    1.37707E-05
 2.39873E+01    1.72452E-05
 2.40000E+01    1.73778E-05
 2.43386E+01    2.53718E-05
 2.46820E+01    3.34786E-05
 2.50000E+01    4.09870E-05
 2.53527E+01    5.92689E-05
 2.57104E+01    7.78087E-05
 2.60000E+01    9.28204E-05
 2.63668E+01    1.31279E-04
 2.67388E+01    1.70280E-04
 2.70000E+01    1.97665E-04
 2.73809E+01    2.78796E-04
 2.77672E+01    3.61071E-04
 2.80000E+01    4.10651E-04
 2.83950E+01    5.62191E-04
 2.87956E+01    7.15868E-04
 2.90000E+01    7.94267E-04
 2.94091E+01    1.04293E-03
 2.98240E+01    1.29511E-03
 3.00000E+01    1.40205E-03
