# n + Ac214 : (n,n')    
# tendl.2017 A.J. Koning and D. Rochman        EVAL-NOV17
# uncertainties: y
# # energies =   134
#   E(MeV)       xs(mb)       xslow(mb)      xsupp(mb)
 9.22327E-02    0.00000E+00   -0.00000E+00    0.00000E+00
 1.00000E-01    1.33588E-04    0.00000E+00    3.88185E-04
 2.00000E-01    3.69583E-02    0.00000E+00    1.07395E-01
 3.00000E-01    2.05768E-01    0.00000E+00    5.97928E-01
 3.13973E-01    2.49911E-01    0.00000E+00    7.26199E-01
 3.45873E-01    4.45212E-01    0.00000E+00    1.29371E+00
 3.76767E-01    2.40940E+00    0.00000E+00    7.00133E+00
 4.00000E-01    7.97960E+00    0.00000E+00    2.31874E+01
 5.00000E-01    5.31750E+01    0.00000E+00    1.54518E+02
 5.65151E-01    7.67044E+01    0.00000E+00    2.22890E+02
 5.97051E-01    8.93851E+01    0.00000E+00    2.59738E+02
 6.00000E-01    9.05607E+01    0.00000E+00    1.90835E+02
 6.27946E-01    9.99265E+01    0.00000E+00    2.10571E+02
 6.67324E-01    1.13161E+02    0.00000E+00    2.38459E+02
 7.00000E-01    1.27659E+02    0.00000E+00    2.69010E+02
 7.05700E-01    1.29689E+02    0.00000E+00    2.73288E+02
 7.81444E-01    1.73672E+02    0.00000E+00    3.65971E+02
 7.89417E-01    1.78500E+02    0.00000E+00    3.76145E+02
 7.99204E-01    1.84443E+02    0.00000E+00    3.88669E+02
 8.00000E-01    1.84926E+02    0.00000E+00    3.89688E+02
 8.37261E-01    2.06841E+02    0.00000E+00    4.35867E+02
 8.90542E-01    2.47320E+02    0.00000E+00    5.21168E+02
 8.93079E-01    2.49450E+02    0.00000E+00    5.25656E+02
 9.00000E-01    2.55422E+02    0.00000E+00    5.38241E+02
 9.32948E-01    2.77844E+02    0.00000E+00    5.85489E+02
 9.48895E-01    2.88756E+02    0.00000E+00    6.08484E+02
 9.54478E-01    2.93332E+02    0.00000E+00    6.18126E+02
 9.81879E-01    3.21442E+02    0.00000E+00    6.77361E+02
 1.00000E+00    3.41082E+02    2.77476E+02    4.04687E+02
 1.00471E+00    3.43900E+02    2.79769E+02    4.08031E+02
 1.00572E+00    3.44534E+02    2.80285E+02    4.08784E+02
 1.00672E+00    3.45163E+02    2.80797E+02    4.09530E+02
 1.00773E+00    3.45811E+02    2.81324E+02    4.10299E+02
 1.00873E+00    3.46498E+02    2.81882E+02    4.11114E+02
 1.04336E+00    3.72952E+02    3.03403E+02    4.42501E+02
 1.05038E+00    3.78989E+02    3.08314E+02    4.49664E+02
 1.05181E+00    3.80225E+02    3.09320E+02    4.51131E+02
 1.06751E+00    3.94501E+02    3.20934E+02    4.68069E+02
 1.07169E+00    3.98911E+02    3.24522E+02    4.73301E+02
 1.09891E+00    4.28352E+02    3.48472E+02    5.08232E+02
 1.20000E+00    6.75788E+02    5.49766E+02    8.01811E+02
 1.40000E+00    1.23567E+03    1.00524E+03    1.46610E+03
 1.60000E+00    1.72506E+03    1.40337E+03    2.04676E+03
 1.80000E+00    2.07840E+03    1.52470E+03    2.63210E+03
 2.00000E+00    2.30696E+03    1.69237E+03    2.92154E+03
 2.20000E+00    2.43594E+03    1.78700E+03    3.08489E+03
 2.40000E+00    2.49581E+03    1.83091E+03    3.16070E+03
 2.60000E+00    2.51438E+03    1.78268E+03    3.24607E+03
 2.80000E+00    2.51087E+03    1.78020E+03    3.24154E+03
 3.00000E+00    2.49944E+03    1.77209E+03    3.22678E+03
 3.20000E+00    2.48737E+03    1.76353E+03    3.21120E+03
 3.40000E+00    2.47940E+03    1.75789E+03    3.20092E+03
 3.60000E+00    2.47513E+03    1.75486E+03    3.19540E+03
 3.80000E+00    2.47387E+03    1.75396E+03    3.19378E+03
 4.00000E+00    2.47145E+03    1.75225E+03    3.19065E+03
 4.20000E+00    2.46658E+03    1.74880E+03    3.18437E+03
 4.40000E+00    2.45740E+03    1.74228E+03    3.17251E+03
 4.60000E+00    2.44466E+03    1.89629E+03    2.99303E+03
 4.80000E+00    2.42922E+03    1.88432E+03    2.97413E+03
 5.00000E+00    2.41198E+03    1.87094E+03    2.95302E+03
 5.20000E+00    2.39480E+03    1.85761E+03    2.93199E+03
 5.40000E+00    2.37917E+03    1.84549E+03    2.91284E+03
 5.60000E+00    2.36546E+03    1.83485E+03    2.89606E+03
 5.80000E+00    2.35550E+03    1.82713E+03    2.88387E+03
 6.00000E+00    2.34870E+03    1.82186E+03    2.87555E+03
 6.20000E+00    2.34576E+03    1.81957E+03    2.87195E+03
 6.40000E+00    2.34685E+03    1.82042E+03    2.87328E+03
 6.60000E+00    2.35092E+03    1.79638E+03    2.90546E+03
 6.80000E+00    2.35834E+03    1.80205E+03    2.91463E+03
 7.00000E+00    2.36752E+03    1.80906E+03    2.92597E+03
 7.20000E+00    2.37818E+03    1.81721E+03    2.93915E+03
 7.40000E+00    2.38959E+03    1.82593E+03    2.95324E+03
 7.60000E+00    2.39952E+03    1.83352E+03    2.96552E+03
 7.80000E+00    2.40806E+03    1.84004E+03    2.97607E+03
 8.00000E+00    2.41064E+03    1.84202E+03    2.97926E+03
 8.50000E+00    2.38032E+03    1.81885E+03    2.94179E+03
 9.00000E+00    2.31420E+03    6.86808E+02    3.94160E+03
 9.50000E+00    2.23997E+03    6.64777E+02    3.81516E+03
 1.00000E+01    2.16751E+03    6.43271E+02    3.69174E+03
 1.05000E+01    2.03895E+03    6.05119E+02    3.47278E+03
 1.10000E+01    1.83835E+03    5.45586E+02    3.13112E+03
 1.15000E+01    1.60487E+03    4.76294E+02    2.73345E+03
 1.20000E+01    1.36741E+03    4.05818E+02    2.32900E+03
 1.25000E+01    1.15253E+03    3.42047E+02    1.96301E+03
 1.30000E+01    9.73025E+02    1.34398E+01    1.93261E+03
 1.35000E+01    8.28997E+02    1.14504E+01    1.64654E+03
 1.40000E+01    7.14600E+02    9.87032E+00    1.41933E+03
 1.45000E+01    6.24383E+02    8.62420E+00    1.24014E+03
 1.50000E+01    5.53864E+02    7.65016E+00    1.10008E+03
 1.60000E+01    4.58239E+02    1.15114E+02    8.01364E+02
 1.70000E+01    4.07276E+02    1.02311E+02    7.12241E+02
 1.80000E+01    3.72629E+02    9.36078E+01    6.51651E+02
 1.90000E+01    3.49508E+02    8.77995E+01    6.11216E+02
 2.00000E+01    3.31704E+02    1.02988E+02    5.60420E+02
 2.10000E+01    3.17602E+02    9.86098E+01    5.36594E+02
 2.20000E+01    3.03701E+02    9.42937E+01    5.13108E+02
 2.30000E+01    2.91113E+02    9.03852E+01    4.91840E+02
 2.40000E+01    2.79303E+02    1.13886E+02    4.44719E+02
 2.50000E+01    2.67689E+02    1.09150E+02    4.26227E+02
 2.60000E+01    2.57278E+02    1.04906E+02    4.09651E+02
 2.70000E+01    2.47612E+02    1.00964E+02    3.94260E+02
 2.80000E+01    2.38736E+02    9.73449E+01    3.80126E+02
 2.90000E+01    2.30023E+02    9.37924E+01    3.66254E+02
 3.00000E+01    2.21779E+02    9.04306E+01    3.53126E+02
 3.00000E+01    1.83708E+02    7.49071E+01    2.92508E+02
 3.20000E+01    1.71632E+02    6.99831E+01    2.73280E+02
 3.40000E+01    1.56525E+02    6.38234E+01    2.49227E+02
 3.60000E+01    1.43169E+02    5.83776E+01    2.27961E+02
 3.80000E+01    1.31357E+02    5.35610E+01    2.09153E+02
 4.00000E+01    1.21083E+02    4.93717E+01    1.92794E+02
 4.20000E+01    1.12301E+02    4.57908E+01    1.78811E+02
 4.40000E+01    1.05166E+02    4.28816E+01    1.67450E+02
 4.60000E+01    1.00087E+02    4.08106E+01    1.59363E+02
 4.80000E+01    9.66424E+01    3.94061E+01    1.53879E+02
 5.00000E+01    9.27786E+01    3.78306E+01    1.47727E+02
 5.20000E+01    8.89991E+01    3.62895E+01    1.41709E+02
 5.40000E+01    8.47079E+01    3.45398E+01    1.34876E+02
 5.60000E+01    8.01221E+01    3.26699E+01    1.27574E+02
 5.80000E+01    7.57802E+01    3.08995E+01    1.20661E+02
 6.00000E+01    7.17899E+01    2.92724E+01    1.14307E+02
 6.50000E+01    6.26965E+01    2.55646E+01    9.98283E+01
 7.00000E+01    5.54629E+01    2.26151E+01    8.83107E+01
 7.50000E+01    4.93002E+01    2.01022E+01    7.84981E+01
 8.00000E+01    4.43172E+01    1.80704E+01    7.05640E+01
 9.00000E+01    3.60183E+01    1.46865E+01    5.73500E+01
 1.00000E+02    2.95936E+01    1.20668E+01    4.71204E+01
 1.10000E+02    2.43754E+01    9.93913E+00    3.88117E+01
 1.20000E+02    2.03351E+01    8.29169E+00    3.23786E+01
 1.30000E+02    1.61574E+01    6.58822E+00    2.57267E+01
 1.40000E+02    1.28121E+01    5.22418E+00    2.04001E+01
 1.50000E+02    1.02463E+01    4.17795E+00    1.63147E+01
 1.60000E+02    8.33409E+00    3.39824E+00    1.32699E+01
 1.80000E+02    5.99186E+00    2.44319E+00    9.54053E+00
 2.00000E+02    5.55608E+00    2.26550E+00    8.84665E+00
