# n + Ac214 : (n,n'05)  
# tendl.2017 A.J. Koning and D. Rochman        EVAL-NOV17
# uncertainties: n
# # energies =    95
#   E(MeV)       xs(mb) 
 5.65151E-01    0.00000E+00
 5.97051E-01    1.15999E+00
 6.00000E-01    1.26723E+00
 6.27946E-01    2.95445E+00
 6.67324E-01    5.33186E+00
 7.00000E-01    7.30464E+00
 7.05700E-01    7.60394E+00
 7.81444E-01    1.15812E+01
 7.89417E-01    1.19999E+01
 7.99204E-01    1.25138E+01
 8.00000E-01    1.25556E+01
 8.37261E-01    1.40253E+01
 8.90542E-01    1.61269E+01
 8.93079E-01    1.62269E+01
 9.00000E-01    1.64999E+01
 9.32948E-01    1.74458E+01
 9.48895E-01    1.79037E+01
 9.54478E-01    1.80640E+01
 9.81879E-01    1.88507E+01
 1.00000E+00    1.93709E+01
 1.00471E+00    1.94404E+01
 1.00572E+00    1.94553E+01
 1.00672E+00    1.94700E+01
 1.00773E+00    1.94849E+01
 1.00873E+00    1.94997E+01
 1.04336E+00    2.00105E+01
 1.05038E+00    2.01140E+01
 1.05181E+00    2.01351E+01
 1.06751E+00    2.03667E+01
 1.07169E+00    2.04284E+01
 1.09891E+00    2.08299E+01
 1.20000E+00    2.23211E+01
 1.40000E+00    2.29726E+01
 1.60000E+00    2.33270E+01
 1.80000E+00    2.36796E+01
 2.00000E+00    2.36829E+01
 2.20000E+00    2.30490E+01
 2.40000E+00    2.17787E+01
 2.60000E+00    2.01080E+01
 2.80000E+00    1.83115E+01
 3.00000E+00    1.65806E+01
 3.20000E+00    1.50133E+01
 3.40000E+00    1.36437E+01
 3.60000E+00    1.24683E+01
 3.80000E+00    1.14664E+01
 4.00000E+00    1.06092E+01
 4.20000E+00    9.86718E+00
 4.40000E+00    9.21362E+00
 4.60000E+00    8.62774E+00
 4.80000E+00    8.09494E+00
 5.00000E+00    7.60691E+00
 5.20000E+00    7.15962E+00
 5.40000E+00    6.75128E+00
 5.60000E+00    6.38155E+00
 5.80000E+00    6.04977E+00
 6.00000E+00    5.75497E+00
 6.20000E+00    5.49577E+00
 6.40000E+00    5.27034E+00
 6.60000E+00    5.07643E+00
 6.80000E+00    4.91139E+00
 7.00000E+00    4.77222E+00
 7.20000E+00    4.65553E+00
 7.40000E+00    4.55756E+00
 7.60000E+00    4.47445E+00
 7.80000E+00    4.40222E+00
 8.00000E+00    4.33723E+00
 8.50000E+00    4.18662E+00
 9.00000E+00    4.02979E+00
 9.50000E+00    3.85793E+00
 1.00000E+01    3.67603E+00
 1.05000E+01    3.49312E+00
 1.10000E+01    3.31714E+00
 1.15000E+01    3.15327E+00
 1.20000E+01    3.00377E+00
 1.25000E+01    2.86816E+00
 1.30000E+01    2.74415E+00
 1.35000E+01    2.62875E+00
 1.40000E+01    2.51937E+00
 1.45000E+01    2.41446E+00
 1.50000E+01    2.31361E+00
 1.60000E+01    2.12632E+00
 1.70000E+01    1.96410E+00
 1.80000E+01    1.83059E+00
 1.90000E+01    1.72311E+00
 2.00000E+01    1.63407E+00
 2.10000E+01    1.55469E+00
 2.20000E+01    1.47839E+00
 2.30000E+01    1.40242E+00
 2.40000E+01    1.32784E+00
 2.50000E+01    1.25782E+00
 2.60000E+01    1.19545E+00
 2.70000E+01    1.14218E+00
 2.80000E+01    1.09762E+00
 2.90000E+01    1.06004E+00
 3.00000E+01    1.02704E+00
