# n + Ac214 : (n,n'21)  
# tendl.2017 A.J. Koning and D. Rochman        EVAL-NOV17
# uncertainties: n
# # energies =    74
#   E(MeV)       xs(mb) 
 1.00572E+00    0.00000E+00
 1.00672E+00    1.36157E-03
 1.00773E+00    2.73695E-03
 1.00873E+00    4.09868E-03
 1.04336E+00    5.12534E-02
 1.05038E+00    6.08123E-02
 1.05181E+00    6.27595E-02
 1.06751E+00    8.41378E-02
 1.07169E+00    8.98295E-02
 1.09891E+00    1.26894E-01
 1.20000E+00    2.64546E-01
 1.40000E+00    5.14775E-01
 1.60000E+00    6.19267E-01
 1.80000E+00    6.33667E-01
 2.00000E+00    6.12983E-01
 2.20000E+00    5.78138E-01
 2.40000E+00    5.27194E-01
 2.60000E+00    4.56627E-01
 2.80000E+00    3.73267E-01
 3.00000E+00    2.90389E-01
 3.20000E+00    2.18325E-01
 3.40000E+00    1.60903E-01
 3.60000E+00    1.17298E-01
 3.80000E+00    8.50350E-02
 4.00000E+00    6.14394E-02
 4.20000E+00    4.42898E-02
 4.40000E+00    3.18493E-02
 4.60000E+00    2.28321E-02
 4.80000E+00    1.63119E-02
 5.00000E+00    1.16072E-02
 5.20000E+00    8.23277E-03
 5.40000E+00    5.80479E-03
 5.60000E+00    4.09624E-03
 5.80000E+00    2.88839E-03
 6.00000E+00    2.04035E-03
 6.20000E+00    1.44658E-03
 6.40000E+00    1.02848E-03
 6.60000E+00    7.35239E-04
 6.80000E+00    5.28207E-04
 7.00000E+00    3.81534E-04
 7.20000E+00    2.77239E-04
 7.40000E+00    2.02441E-04
 7.60000E+00    1.48714E-04
 7.80000E+00    1.09686E-04
 8.00000E+00    8.12574E-05
 8.50000E+00    3.89344E-05
 9.00000E+00    1.89083E-05
 9.50000E+00    9.26118E-06
 1.00000E+01    4.56323E-06
 1.05000E+01    2.26381E-06
 1.10000E+01    1.13184E-06
 1.15000E+01    5.71064E-07
 1.20000E+01    2.90971E-07
 1.25000E+01    1.49776E-07
 1.30000E+01    7.78571E-08
 1.35000E+01    4.08519E-08
 1.40000E+01    2.16087E-08
 1.45000E+01    1.15207E-08
 1.50000E+01    6.18383E-09
 1.60000E+01    1.81771E-09
 1.70000E+01    5.45410E-10
 1.80000E+01    1.69493E-10
 1.90000E+01    5.42206E-11
 2.00000E+01    1.78657E-11
 2.10000E+01    6.04368E-12
 2.20000E+01    2.08751E-12
 2.30000E+01    7.35241E-13
 2.40000E+01    2.63899E-13
 2.50000E+01    9.63899E-14
 2.60000E+01    3.58590E-14
 2.70000E+01    1.35820E-14
 2.80000E+01    5.23984E-15
 2.90000E+01    2.05589E-15
 3.00000E+01    8.20061E-16
