# n + Ac214 : (n,n'26)  
# tendl.2017 A.J. Koning and D. Rochman        EVAL-NOV17
# uncertainties: n
# # energies =    69
#   E(MeV)       xs(mb) 
 1.05038E+00    0.00000E+00
 1.05181E+00    6.48803E-03
 1.06751E+00    7.77184E-02
 1.07169E+00    9.66827E-02
 1.09891E+00    2.20179E-01
 1.20000E+00    6.78822E-01
 1.40000E+00    1.59762E+00
 1.60000E+00    1.98330E+00
 1.80000E+00    2.02493E+00
 2.00000E+00    1.93189E+00
 2.20000E+00    1.79599E+00
 2.40000E+00    1.62472E+00
 2.60000E+00    1.40617E+00
 2.80000E+00    1.15264E+00
 3.00000E+00    8.98790E-01
 3.20000E+00    6.75810E-01
 3.40000E+00    4.97005E-01
 3.60000E+00    3.60881E-01
 3.80000E+00    2.60303E-01
 4.00000E+00    1.87033E-01
 4.20000E+00    1.34077E-01
 4.40000E+00    9.59181E-02
 4.60000E+00    6.84544E-02
 4.80000E+00    4.87289E-02
 5.00000E+00    3.45797E-02
 5.20000E+00    2.44805E-02
 5.40000E+00    1.72321E-02
 5.60000E+00    1.21451E-02
 5.80000E+00    8.55506E-03
 6.00000E+00    6.03827E-03
 6.20000E+00    4.27615E-03
 6.40000E+00    3.03792E-03
 6.60000E+00    2.16951E-03
 6.80000E+00    1.55737E-03
 7.00000E+00    1.12415E-03
 7.20000E+00    8.16118E-04
 7.40000E+00    5.95539E-04
 7.60000E+00    4.37219E-04
 7.80000E+00    3.22305E-04
 8.00000E+00    2.38661E-04
 8.50000E+00    1.14283E-04
 9.00000E+00    5.54982E-05
 9.50000E+00    2.71893E-05
 1.00000E+01    1.34009E-05
 1.05000E+01    6.65000E-06
 1.10000E+01    3.32563E-06
 1.15000E+01    1.67835E-06
 1.20000E+01    8.55409E-07
 1.25000E+01    4.40467E-07
 1.30000E+01    2.29058E-07
 1.35000E+01    1.20243E-07
 1.40000E+01    6.36354E-08
 1.45000E+01    3.39456E-08
 1.50000E+01    1.82304E-08
 1.60000E+01    5.36410E-09
 1.70000E+01    1.61085E-09
 1.80000E+01    5.00933E-10
 1.90000E+01    1.60343E-10
 2.00000E+01    5.28621E-11
 2.10000E+01    1.78921E-11
 2.20000E+01    6.18320E-12
 2.30000E+01    2.17887E-12
 2.40000E+01    7.82422E-13
 2.50000E+01    2.85899E-13
 2.60000E+01    1.06395E-13
 2.70000E+01    4.03092E-14
 2.80000E+01    1.55544E-14
 2.90000E+01    6.10412E-15
 3.00000E+01    2.43531E-15
