# n + Ac226 : (n,p)     
# tendl.2017 A.J. Koning and D. Rochman        EVAL-NOV17
# uncertainties: y
# # energies =   595
#   E(MeV)       xs(mb)       xslow(mb)      xsupp(mb)
 1.00000E-11    1.41035E-13    1.41035E-13    1.41035E-13
 1.03005E-11    1.38963E-13    1.38963E-13    1.38963E-13
 1.06099E-11    1.36921E-13    1.36921E-13    1.36921E-13
 1.09287E-11    1.34909E-13    1.34909E-13    1.34909E-13
 1.12571E-11    1.32927E-13    1.32927E-13    1.32927E-13
 1.15953E-11    1.30974E-13    1.30974E-13    1.30974E-13
 1.19437E-11    1.29050E-13    1.29050E-13    1.29050E-13
 1.23026E-11    1.27154E-13    1.27154E-13    1.27154E-13
 1.26722E-11    1.25285E-13    1.25285E-13    1.25285E-13
 1.30530E-11    1.23445E-13    1.23445E-13    1.23445E-13
 1.34452E-11    1.21631E-13    1.21631E-13    1.21631E-13
 1.38491E-11    1.19844E-13    1.19844E-13    1.19844E-13
 1.42652E-11    1.18083E-13    1.18083E-13    1.18083E-13
 1.46938E-11    1.16348E-13    1.16348E-13    1.16348E-13
 1.51353E-11    1.14639E-13    1.14639E-13    1.14639E-13
 1.55901E-11    1.12954E-13    1.12954E-13    1.12954E-13
 1.60585E-11    1.11295E-13    1.11295E-13    1.11295E-13
 1.65410E-11    1.09659E-13    1.09659E-13    1.09659E-13
 1.70380E-11    1.08048E-13    1.08048E-13    1.08048E-13
 1.75499E-11    1.06461E-13    1.06461E-13    1.06461E-13
 1.80772E-11    1.04897E-13    1.04897E-13    1.04897E-13
 1.86203E-11    1.03355E-13    1.03355E-13    1.03355E-13
 1.91798E-11    1.01837E-13    1.01837E-13    1.01837E-13
 1.97561E-11    1.00341E-13    1.00341E-13    1.00341E-13
 2.03497E-11    9.88663E-14    9.88663E-14    9.88663E-14
 2.09611E-11    9.74137E-14    9.74137E-14    9.74137E-14
 2.15909E-11    9.59824E-14    9.59824E-14    9.59824E-14
 2.22396E-11    9.45722E-14    9.45722E-14    9.45722E-14
 2.29078E-11    9.31826E-14    9.31826E-14    9.31826E-14
 2.35961E-11    9.18135E-14    9.18135E-14    9.18135E-14
 2.43051E-11    9.04646E-14    9.04646E-14    9.04646E-14
 2.50353E-11    8.91354E-14    8.91354E-14    8.91354E-14
 2.57875E-11    8.78258E-14    8.78258E-14    8.78258E-14
 2.65623E-11    8.65354E-14    8.65354E-14    8.65354E-14
 2.73604E-11    8.52639E-14    8.52639E-14    8.52639E-14
 2.81825E-11    8.40112E-14    8.40112E-14    8.40112E-14
 2.90293E-11    8.27768E-14    8.27768E-14    8.27768E-14
 2.99015E-11    8.15606E-14    8.15606E-14    8.15606E-14
 3.07999E-11    8.03623E-14    8.03623E-14    8.03623E-14
 3.17253E-11    7.91815E-14    7.91815E-14    7.91815E-14
 3.26785E-11    7.80181E-14    7.80181E-14    7.80181E-14
 3.36604E-11    7.68719E-14    7.68719E-14    7.68719E-14
 3.46717E-11    7.57424E-14    7.57424E-14    7.57424E-14
 3.57135E-11    7.46295E-14    7.46295E-14    7.46295E-14
 3.67865E-11    7.35330E-14    7.35330E-14    7.35330E-14
 3.78918E-11    7.24526E-14    7.24526E-14    7.24526E-14
 3.90303E-11    7.13881E-14    7.13881E-14    7.13881E-14
 4.02030E-11    7.03392E-14    7.03392E-14    7.03392E-14
 4.14109E-11    6.93058E-14    6.93058E-14    6.93058E-14
 4.26551E-11    6.82875E-14    6.82875E-14    6.82875E-14
 4.39367E-11    6.72842E-14    6.72842E-14    6.72842E-14
 4.52569E-11    6.62956E-14    6.62956E-14    6.62956E-14
 4.66166E-11    6.53215E-14    6.53215E-14    6.53215E-14
 4.80173E-11    6.43618E-14    6.43618E-14    6.43618E-14
 4.94600E-11    6.34161E-14    6.34161E-14    6.34161E-14
 5.09461E-11    6.24844E-14    6.24844E-14    6.24844E-14
 5.24768E-11    6.15663E-14    6.15663E-14    6.15663E-14
 5.40535E-11    6.06617E-14    6.06617E-14    6.06617E-14
 5.56776E-11    5.97705E-14    5.97705E-14    5.97705E-14
 5.73505E-11    5.88923E-14    5.88923E-14    5.88923E-14
 5.90736E-11    5.80270E-14    5.80270E-14    5.80270E-14
 6.08485E-11    5.71744E-14    5.71744E-14    5.71744E-14
 6.26768E-11    5.63344E-14    5.63344E-14    5.63344E-14
 6.45599E-11    5.55067E-14    5.55067E-14    5.55067E-14
 6.64997E-11    5.46911E-14    5.46911E-14    5.46911E-14
 6.84977E-11    5.38876E-14    5.38876E-14    5.38876E-14
 7.05558E-11    5.30958E-14    5.30958E-14    5.30958E-14
 7.26757E-11    5.23157E-14    5.23157E-14    5.23157E-14
 7.48593E-11    5.15470E-14    5.15470E-14    5.15470E-14
 7.71085E-11    5.07897E-14    5.07897E-14    5.07897E-14
 7.94253E-11    5.00434E-14    5.00434E-14    5.00434E-14
 8.18117E-11    4.93082E-14    4.93082E-14    4.93082E-14
 8.42698E-11    4.85837E-14    4.85837E-14    4.85837E-14
 8.68018E-11    4.78699E-14    4.78699E-14    4.78699E-14
 8.94098E-11    4.71665E-14    4.71665E-14    4.71665E-14
 9.20962E-11    4.64735E-14    4.64735E-14    4.64735E-14
 9.48633E-11    4.57907E-14    4.57907E-14    4.57907E-14
 9.77136E-11    4.51179E-14    4.51179E-14    4.51179E-14
 1.00649E-10    4.44550E-14    4.44550E-14    4.44550E-14
 1.03674E-10    4.38019E-14    4.38019E-14    4.38019E-14
 1.06789E-10    4.31583E-14    4.31583E-14    4.31583E-14
 1.09997E-10    4.25242E-14    4.25242E-14    4.25242E-14
 1.13302E-10    4.18994E-14    4.18994E-14    4.18994E-14
 1.16706E-10    4.12838E-14    4.12838E-14    4.12838E-14
 1.20213E-10    4.06772E-14    4.06772E-14    4.06772E-14
 1.23825E-10    4.00796E-14    4.00796E-14    4.00796E-14
 1.27545E-10    3.94907E-14    3.94907E-14    3.94907E-14
 1.31377E-10    3.89105E-14    3.89105E-14    3.89105E-14
 1.35325E-10    3.83388E-14    3.83388E-14    3.83388E-14
 1.39391E-10    3.77755E-14    3.77755E-14    3.77755E-14
 1.43579E-10    3.72204E-14    3.72204E-14    3.72204E-14
 1.47893E-10    3.66736E-14    3.66736E-14    3.66736E-14
 1.52336E-10    3.61347E-14    3.61347E-14    3.61347E-14
 1.56913E-10    3.56038E-14    3.56038E-14    3.56038E-14
 1.61628E-10    3.50807E-14    3.50807E-14    3.50807E-14
 1.66484E-10    3.45653E-14    3.45653E-14    3.45653E-14
 1.71486E-10    3.40574E-14    3.40574E-14    3.40574E-14
 1.76639E-10    3.35570E-14    3.35570E-14    3.35570E-14
 1.81946E-10    3.30640E-14    3.30640E-14    3.30640E-14
 1.87413E-10    3.25782E-14    3.25782E-14    3.25782E-14
 1.93044E-10    3.20995E-14    3.20995E-14    3.20995E-14
 1.98844E-10    3.16279E-14    3.16279E-14    3.16279E-14
 2.04818E-10    3.11632E-14    3.11632E-14    3.11632E-14
 2.10972E-10    3.07053E-14    3.07053E-14    3.07053E-14
 2.17311E-10    3.02542E-14    3.02542E-14    3.02542E-14
 2.23840E-10    2.98097E-14    2.98097E-14    2.98097E-14
 2.30566E-10    2.93717E-14    2.93717E-14    2.93717E-14
 2.37493E-10    2.89401E-14    2.89401E-14    2.89401E-14
 2.44629E-10    2.85149E-14    2.85149E-14    2.85149E-14
 2.51979E-10    2.80960E-14    2.80960E-14    2.80960E-14
 2.59550E-10    2.76832E-14    2.76832E-14    2.76832E-14
 2.67349E-10    2.72764E-14    2.72764E-14    2.72764E-14
 2.75381E-10    2.68757E-14    2.68757E-14    2.68757E-14
 2.83655E-10    2.64808E-14    2.64808E-14    2.64808E-14
 2.92178E-10    2.60917E-14    2.60917E-14    2.60917E-14
 3.00957E-10    2.57084E-14    2.57084E-14    2.57084E-14
 3.09999E-10    2.53306E-14    2.53306E-14    2.53306E-14
 3.19313E-10    2.49585E-14    2.49585E-14    2.49585E-14
 3.28907E-10    2.45918E-14    2.45918E-14    2.45918E-14
 3.38790E-10    2.42304E-14    2.42304E-14    2.42304E-14
 3.48969E-10    2.38744E-14    2.38744E-14    2.38744E-14
 3.59454E-10    2.35237E-14    2.35237E-14    2.35237E-14
 3.70254E-10    2.31780E-14    2.31780E-14    2.31780E-14
 3.81379E-10    2.28375E-14    2.28375E-14    2.28375E-14
 3.92838E-10    2.25019E-14    2.25019E-14    2.25019E-14
 4.04641E-10    2.21713E-14    2.21713E-14    2.21713E-14
 4.16798E-10    2.18456E-14    2.18456E-14    2.18456E-14
 4.29321E-10    2.15246E-14    2.15246E-14    2.15246E-14
 4.42221E-10    2.12083E-14    2.12083E-14    2.12083E-14
 4.55508E-10    2.08967E-14    2.08967E-14    2.08967E-14
 4.69194E-10    2.05897E-14    2.05897E-14    2.05897E-14
 4.83291E-10    2.02872E-14    2.02872E-14    2.02872E-14
 4.97812E-10    1.99891E-14    1.99891E-14    1.99891E-14
 5.12769E-10    1.96954E-14    1.96954E-14    1.96954E-14
 5.28176E-10    1.94060E-14    1.94060E-14    1.94060E-14
 5.44045E-10    1.91209E-14    1.91209E-14    1.91209E-14
 5.60392E-10    1.88400E-14    1.88400E-14    1.88400E-14
 5.77229E-10    1.85632E-14    1.85632E-14    1.85632E-14
 5.94572E-10    1.82904E-14    1.82904E-14    1.82904E-14
 6.12437E-10    1.80217E-14    1.80217E-14    1.80217E-14
 6.30838E-10    1.77569E-14    1.77569E-14    1.77569E-14
 6.49792E-10    1.74960E-14    1.74960E-14    1.74960E-14
 6.69316E-10    1.72389E-14    1.72389E-14    1.72389E-14
 6.89426E-10    1.69857E-14    1.69857E-14    1.69857E-14
 7.10140E-10    1.67361E-14    1.67361E-14    1.67361E-14
 7.31477E-10    1.64902E-14    1.64902E-14    1.64902E-14
 7.53455E-10    1.62479E-14    1.62479E-14    1.62479E-14
 7.76093E-10    1.60092E-14    1.60092E-14    1.60092E-14
 7.99411E-10    1.57740E-14    1.57740E-14    1.57740E-14
 8.23430E-10    1.55422E-14    1.55422E-14    1.55422E-14
 8.48171E-10    1.53138E-14    1.53138E-14    1.53138E-14
 8.73655E-10    1.50888E-14    1.50888E-14    1.50888E-14
 8.99905E-10    1.48672E-14    1.48672E-14    1.48672E-14
 9.26943E-10    1.46487E-14    1.46487E-14    1.46487E-14
 9.54794E-10    1.44335E-14    1.44335E-14    1.44335E-14
 9.83482E-10    1.42214E-14    1.42214E-14    1.42214E-14
 1.01303E-09    1.40125E-14    1.40125E-14    1.40125E-14
 1.04347E-09    1.38066E-14    1.38066E-14    1.38066E-14
 1.07482E-09    1.36037E-14    1.36037E-14    1.36037E-14
 1.10711E-09    1.34039E-14    1.34039E-14    1.34039E-14
 1.14038E-09    1.32069E-14    1.32069E-14    1.32069E-14
 1.17464E-09    1.30129E-14    1.30129E-14    1.30129E-14
 1.20994E-09    1.28217E-14    1.28217E-14    1.28217E-14
 1.24629E-09    1.26333E-14    1.26333E-14    1.26333E-14
 1.28373E-09    1.24477E-14    1.24477E-14    1.24477E-14
 1.32231E-09    1.22648E-14    1.22648E-14    1.22648E-14
 1.36204E-09    1.20846E-14    1.20846E-14    1.20846E-14
 1.40296E-09    1.19070E-14    1.19070E-14    1.19070E-14
 1.44511E-09    1.17321E-14    1.17321E-14    1.17321E-14
 1.48853E-09    1.15597E-14    1.15597E-14    1.15597E-14
 1.53326E-09    1.13899E-14    1.13899E-14    1.13899E-14
 1.57932E-09    1.12225E-14    1.12225E-14    1.12225E-14
 1.62678E-09    1.10576E-14    1.10576E-14    1.10576E-14
 1.67565E-09    1.08952E-14    1.08952E-14    1.08952E-14
 1.72600E-09    1.07351E-14    1.07351E-14    1.07351E-14
 1.77786E-09    1.05774E-14    1.05774E-14    1.05774E-14
 1.83128E-09    1.04220E-14    1.04220E-14    1.04220E-14
 1.88630E-09    1.02689E-14    1.02689E-14    1.02689E-14
 1.94297E-09    1.01180E-14    1.01180E-14    1.01180E-14
 2.00135E-09    9.96933E-15    9.96933E-15    9.96933E-15
 2.06148E-09    9.82287E-15    9.82287E-15    9.82287E-15
 2.12342E-09    9.67855E-15    9.67855E-15    9.67855E-15
 2.18722E-09    9.53637E-15    9.53637E-15    9.53637E-15
 2.25294E-09    9.39627E-15    9.39627E-15    9.39627E-15
 2.32063E-09    9.25824E-15    9.25824E-15    9.25824E-15
 2.39036E-09    9.12224E-15    9.12224E-15    9.12224E-15
 2.46218E-09    8.98825E-15    8.98825E-15    8.98825E-15
 2.53616E-09    8.85623E-15    8.85623E-15    8.85623E-15
 2.61236E-09    8.72617E-15    8.72617E-15    8.72617E-15
 2.69085E-09    8.59803E-15    8.59803E-15    8.59803E-15
 2.77170E-09    8.47179E-15    8.47179E-15    8.47179E-15
 2.85497E-09    8.34742E-15    8.34742E-15    8.34742E-15
 2.94075E-09    8.22491E-15    8.22491E-15    8.22491E-15
 3.02911E-09    8.10421E-15    8.10421E-15    8.10421E-15
 3.12012E-09    7.98532E-15    7.98532E-15    7.98532E-15
 3.21387E-09    7.86821E-15    7.86821E-15    7.86821E-15
 3.31043E-09    7.75285E-15    7.75285E-15    7.75285E-15
 3.40990E-09    7.63922E-15    7.63922E-15    7.63922E-15
 3.51235E-09    7.52731E-15    7.52731E-15    7.52731E-15
 3.61788E-09    7.41707E-15    7.41707E-15    7.41707E-15
 3.72659E-09    7.30850E-15    7.30850E-15    7.30850E-15
 3.83856E-09    7.20156E-15    7.20156E-15    7.20156E-15
 3.95389E-09    7.09623E-15    7.09623E-15    7.09623E-15
 4.07269E-09    6.99247E-15    6.99247E-15    6.99247E-15
 4.19505E-09    6.89027E-15    6.89027E-15    6.89027E-15
 4.32110E-09    6.78959E-15    6.78959E-15    6.78959E-15
 4.45093E-09    6.69040E-15    6.69040E-15    6.69040E-15
 4.58466E-09    6.59266E-15    6.59266E-15    6.59266E-15
 4.72241E-09    6.49636E-15    6.49636E-15    6.49636E-15
 4.86430E-09    6.40144E-15    6.40144E-15    6.40144E-15
 5.01045E-09    6.30790E-15    6.30790E-15    6.30790E-15
 5.16099E-09    6.21569E-15    6.21569E-15    6.21569E-15
 5.31606E-09    6.12479E-15    6.12479E-15    6.12479E-15
 5.47579E-09    6.03518E-15    6.03518E-15    6.03518E-15
 5.64031E-09    5.94684E-15    5.94684E-15    5.94684E-15
 5.80978E-09    5.85974E-15    5.85974E-15    5.85974E-15
 5.98434E-09    5.77388E-15    5.77388E-15    5.77388E-15
 6.16414E-09    5.68923E-15    5.68923E-15    5.68923E-15
 6.34935E-09    5.60579E-15    5.60579E-15    5.60579E-15
 6.54012E-09    5.52354E-15    5.52354E-15    5.52354E-15
 6.73663E-09    5.44246E-15    5.44246E-15    5.44246E-15
 6.93903E-09    5.36256E-15    5.36256E-15    5.36256E-15
 7.14752E-09    5.28381E-15    5.28381E-15    5.28381E-15
 7.36228E-09    5.20621E-15    5.20621E-15    5.20621E-15
 7.58348E-09    5.12973E-15    5.12973E-15    5.12973E-15
 7.81133E-09    5.05437E-15    5.05437E-15    5.05437E-15
 8.04603E-09    4.98012E-15    4.98012E-15    4.98012E-15
 8.28778E-09    4.90695E-15    4.90695E-15    4.90695E-15
 8.53679E-09    4.83486E-15    4.83486E-15    4.83486E-15
 8.79329E-09    4.76382E-15    4.76382E-15    4.76382E-15
 9.05749E-09    4.69383E-15    4.69383E-15    4.69383E-15
 9.32963E-09    4.62487E-15    4.62487E-15    4.62487E-15
 9.60995E-09    4.55692E-15    4.55692E-15    4.55692E-15
 9.89869E-09    4.48996E-15    4.48996E-15    4.48996E-15
 1.01961E-08    4.42399E-15    4.42399E-15    4.42399E-15
 1.05025E-08    4.35899E-15    4.35899E-15    4.35899E-15
 1.08180E-08    4.29495E-15    4.29495E-15    4.29495E-15
 1.11430E-08    4.23184E-15    4.23184E-15    4.23184E-15
 1.14778E-08    4.16967E-15    4.16967E-15    4.16967E-15
 1.18227E-08    4.10840E-15    4.10840E-15    4.10840E-15
 1.21779E-08    4.04804E-15    4.04804E-15    4.04804E-15
 1.25438E-08    3.98856E-15    3.98856E-15    3.98856E-15
 1.29207E-08    3.92996E-15    3.92996E-15    3.92996E-15
 1.33089E-08    3.87222E-15    3.87222E-15    3.87222E-15
 1.37088E-08    3.81533E-15    3.81533E-15    3.81533E-15
 1.41207E-08    3.75927E-15    3.75927E-15    3.75927E-15
 1.45450E-08    3.70403E-15    3.70403E-15    3.70403E-15
 1.49820E-08    3.64961E-15    3.64961E-15    3.64961E-15
 1.54321E-08    3.59599E-15    3.59599E-15    3.59599E-15
 1.58958E-08    3.54315E-15    3.54315E-15    3.54315E-15
 1.63734E-08    3.49109E-15    3.49109E-15    3.49109E-15
 1.68654E-08    3.43980E-15    3.43980E-15    3.43980E-15
 1.73721E-08    3.38925E-15    3.38925E-15    3.38925E-15
 1.78941E-08    3.33944E-15    3.33944E-15    3.33944E-15
 1.84317E-08    3.29035E-15    3.29035E-15    3.29035E-15
 1.89855E-08    3.24196E-15    3.24196E-15    3.24196E-15
 1.95559E-08    3.19426E-15    3.19426E-15    3.19426E-15
 2.01435E-08    3.14723E-15    3.14723E-15    3.14723E-15
 2.07487E-08    3.10086E-15    3.10086E-15    3.10086E-15
 2.13721E-08    3.05516E-15    3.05516E-15    3.05516E-15
 2.20143E-08    3.01015E-15    3.01015E-15    3.01015E-15
 2.26757E-08    2.96589E-15    2.96589E-15    2.96589E-15
 2.33570E-08    2.92246E-15    2.92246E-15    2.92246E-15
 2.40588E-08    2.87989E-15    2.87989E-15    2.87989E-15
 2.47817E-08    2.83819E-15    2.83819E-15    2.83819E-15
 2.52045E-08    2.81473E-15    2.81473E-15    2.81473E-15
 2.53000E-08    2.80952E-15    2.80952E-15    2.80952E-15
 2.60602E-08    2.76911E-15    2.76911E-15    2.76911E-15
 2.69569E-08    2.72358E-15    2.72358E-15    2.72358E-15
 2.78845E-08    2.67848E-15    2.67848E-15    2.67848E-15
 2.88441E-08    2.63365E-15    2.63365E-15    2.63365E-15
 2.98366E-08    2.58909E-15    2.58909E-15    2.58909E-15
 3.07331E-08    2.55048E-15    2.55048E-15    2.55048E-15
 3.16565E-08    2.51237E-15    2.51237E-15    2.51237E-15
 3.26077E-08    2.47491E-15    2.47491E-15    2.47491E-15
 3.35874E-08    2.43812E-15    2.43812E-15    2.43812E-15
 3.45965E-08    2.40200E-15    2.40200E-15    2.40200E-15
 3.56360E-08    2.36652E-15    2.36652E-15    2.36652E-15
 3.67067E-08    2.33165E-15    2.33165E-15    2.33165E-15
 3.78096E-08    2.29737E-15    2.29737E-15    2.29737E-15
 3.89456E-08    2.26364E-15    2.26364E-15    2.26364E-15
 4.01158E-08    2.23039E-15    2.23039E-15    2.23039E-15
 4.13211E-08    2.19759E-15    2.19759E-15    2.19759E-15
 4.25626E-08    2.16527E-15    2.16527E-15    2.16527E-15
 4.38415E-08    2.13346E-15    2.13346E-15    2.13346E-15
 4.51587E-08    2.10219E-15    2.10219E-15    2.10219E-15
 4.65156E-08    2.07144E-15    2.07144E-15    2.07144E-15
 4.79132E-08    2.04118E-15    2.04118E-15    2.04118E-15
 4.93527E-08    2.01149E-15    2.01149E-15    2.01149E-15
 5.08356E-08    1.98248E-15    1.98248E-15    1.98248E-15
 5.23630E-08    1.95424E-15    1.95424E-15    1.95424E-15
 5.39363E-08    1.92667E-15    1.92667E-15    1.92667E-15
 5.57923E-08    1.89570E-15    1.89570E-15    1.89570E-15
 5.74686E-08    1.86899E-15    1.86899E-15    1.86899E-15
 5.86967E-08    1.85043E-15    1.85043E-15    1.85043E-15
 5.96981E-08    1.83629E-15    1.83629E-15    1.83629E-15
 6.04603E-08    1.82639E-15    1.82639E-15    1.82639E-15
 6.12323E-08    1.81735E-15    1.81735E-15    1.81735E-15
 6.20141E-08    1.80947E-15    1.80947E-15    1.80947E-15
 6.25408E-08    1.80499E-15    1.80499E-15    1.80499E-15
 6.30721E-08    1.80123E-15    1.80123E-15    1.80123E-15
 6.36078E-08    1.79827E-15    1.79827E-15    1.79827E-15
 6.41481E-08    1.79619E-15    1.79619E-15    1.79619E-15
 6.46930E-08    1.79502E-15    1.79502E-15    1.79502E-15
 6.49671E-08    1.79479E-15    1.79479E-15    1.79479E-15
 6.55516E-08    1.79512E-15    1.79512E-15    1.79512E-15
 6.61084E-08    1.79643E-15    1.79643E-15    1.79643E-15
 6.66700E-08    1.79871E-15    1.79871E-15    1.79871E-15
 6.72363E-08    1.80191E-15    1.80191E-15    1.80191E-15
 6.78074E-08    1.80599E-15    1.80599E-15    1.80599E-15
 6.86731E-08    1.81361E-15    1.81361E-15    1.81361E-15
 6.95499E-08    1.82280E-15    1.82280E-15    1.82280E-15
 7.04379E-08    1.83327E-15    1.83327E-15    1.83327E-15
 7.16396E-08    1.84875E-15    1.84875E-15    1.84875E-15
 7.34807E-08    1.87415E-15    1.87415E-15    1.87415E-15
 8.09872E-08    1.98136E-15    1.98136E-15    1.98136E-15
 8.52032E-08    2.04014E-15    2.04014E-15    2.04014E-15
 9.04001E-08    2.11084E-15    2.11084E-15    2.11084E-15
 9.55093E-08    2.17901E-15    2.17901E-15    2.17901E-15
 1.00057E-07    2.23821E-15    2.23821E-15    2.23821E-15
 1.06610E-07    2.32142E-15    2.32142E-15    2.32142E-15
 1.12635E-07    2.39650E-15    2.39650E-15    2.39650E-15
 1.17999E-07    2.46161E-15    2.46161E-15    2.46161E-15
 1.26260E-07    2.55940E-15    2.55940E-15    2.55940E-15
 1.33395E-07    2.64231E-15    2.64231E-15    2.64231E-15
 1.39748E-07    2.71400E-15    2.71400E-15    2.71400E-15
 1.50801E-07    2.83583E-15    2.83583E-15    2.83583E-15
 1.57982E-07    2.91343E-15    2.91343E-15    2.91343E-15
 1.65505E-07    2.99234E-15    2.99234E-15    2.99234E-15
 1.80112E-07    3.14235E-15    3.14235E-15    3.14235E-15
 1.87893E-07    3.22029E-15    3.22029E-15    3.22029E-15
 1.98512E-07    3.32342E-15    3.32342E-15    3.32342E-15
 2.14213E-07    3.47359E-15    3.47359E-15    3.47359E-15
 2.22523E-07    3.55084E-15    3.55084E-15    3.55084E-15
 2.39111E-07    3.70050E-15    3.70050E-15    3.70050E-15
 2.52624E-07    3.82081E-15    3.82081E-15    3.82081E-15
 2.61317E-07    3.89558E-15    3.89558E-15    3.89558E-15
 2.77256E-07    4.02792E-15    4.02792E-15    4.02792E-15
 3.06875E-07    4.27162E-15    4.27162E-15    4.27162E-15
 3.12110E-07    4.31270E-15    4.31270E-15    4.31270E-15
 3.14761E-07    4.33186E-15    4.33186E-15    4.33186E-15
 3.17435E-07    4.34911E-15    4.34911E-15    4.34911E-15
 3.20131E-07    4.36352E-15    4.36352E-15    4.36352E-15
 3.21488E-07    4.36934E-15    4.36934E-15    4.36934E-15
 3.22850E-07    4.37408E-15    4.37408E-15    4.37408E-15
 3.24218E-07    4.37766E-15    4.37766E-15    4.37766E-15
 3.26375E-07    4.38075E-15    4.38075E-15    4.38075E-15
 3.27758E-07    4.38108E-15    4.38108E-15    4.38108E-15
 3.29147E-07    4.38014E-15    4.38014E-15    4.38014E-15
 3.30542E-07    4.37796E-15    4.37796E-15    4.37796E-15
 3.31943E-07    4.37462E-15    4.37462E-15    4.37462E-15
 3.33350E-07    4.37022E-15    4.37022E-15    4.37022E-15
 3.36181E-07    4.35871E-15    4.35871E-15    4.35871E-15
 3.39037E-07    4.34441E-15    4.34441E-15    4.34441E-15
 3.43366E-07    4.31977E-15    4.31977E-15    4.31977E-15
 3.55181E-07    4.24923E-15    4.24923E-15    4.24923E-15
 3.64309E-07    4.19803E-15    4.19803E-15    4.19803E-15
 3.93124E-07    4.04454E-15    4.04454E-15    4.04454E-15
 4.06652E-07    3.97363E-15    3.97363E-15    3.97363E-15
 4.15342E-07    3.93040E-15    3.93040E-15    3.93040E-15
 4.22428E-07    3.89761E-15    3.89761E-15    3.89761E-15
 4.33284E-07    3.85073E-15    3.85073E-15    3.85073E-15
 4.75531E-07    3.67498E-15    3.67498E-15    3.67498E-15
 4.85693E-07    3.63455E-15    3.63455E-15    3.63455E-15
 4.93979E-07    3.60386E-15    3.60386E-15    3.60386E-15
 5.04536E-07    3.56758E-15    3.56758E-15    3.56758E-15
 5.58434E-07    3.39126E-15    3.39126E-15    3.39126E-15
 5.70367E-07    3.35377E-15    3.35377E-15    3.35377E-15
 5.80098E-07    3.32540E-15    3.32540E-15    3.32540E-15
 5.92495E-07    3.29204E-15    3.29204E-15    3.29204E-15
 6.58568E-07    3.12241E-15    3.12241E-15    3.12241E-15
 6.69804E-07    3.09469E-15    3.09469E-15    3.09469E-15
 6.81231E-07    3.06845E-15    3.06845E-15    3.06845E-15
 6.95789E-07    3.03778E-15    3.03778E-15    3.03778E-15
 7.76659E-07    2.87490E-15    2.87490E-15    2.87490E-15
 7.89909E-07    2.84969E-15    2.84969E-15    2.84969E-15
 7.99994E-07    2.83209E-15    2.83209E-15    2.83209E-15
 8.13642E-07    2.81033E-15    2.81033E-15    2.81033E-15
 9.80045E-07    2.56042E-15    2.56042E-15    2.56042E-15
 9.96765E-07    2.53658E-15    2.53658E-15    2.53658E-15
 1.00523E-06    2.52532E-15    2.52532E-15    2.52532E-15
 1.01941E-06    2.50762E-15    2.50762E-15    2.50762E-15
 1.07817E-06    2.43821E-15    2.43821E-15    2.43821E-15
 1.09338E-06    2.42107E-15    2.42107E-15    2.42107E-15
 1.12445E-06    2.38919E-15    2.38919E-15    2.38919E-15
 1.27555E-06    2.24215E-15    2.24215E-15    2.24215E-15
 1.31180E-06    2.21142E-15    2.21142E-15    2.21142E-15
 1.50907E-06    2.06099E-15    2.06099E-15    2.06099E-15
 1.68805E-06    1.95170E-15    1.95170E-15    1.95170E-15
 1.78534E-06    1.89473E-15    1.89473E-15    1.89473E-15
 2.08281E-06    1.75414E-15    1.75414E-15    1.75414E-15
 2.46411E-06    1.61262E-15    1.61262E-15    1.61262E-15
 2.87467E-06    1.49299E-15    1.49299E-15    1.49299E-15
 3.40095E-06    1.37254E-15    1.37254E-15    1.37254E-15
 3.96759E-06    1.27072E-15    1.27072E-15    1.27072E-15
 4.69395E-06    1.16821E-15    1.16821E-15    1.16821E-15
 5.47603E-06    1.08156E-15    1.08156E-15    1.08156E-15
 6.47854E-06    9.94309E-16    9.94309E-16    9.94309E-16
 7.55796E-06    9.20565E-16    9.20565E-16    9.20565E-16
 8.94162E-06    8.46239E-16    8.46239E-16    8.46239E-16
 1.00021E-05    8.00124E-16    8.00124E-16    8.00124E-16
 1.23411E-05    7.20517E-16    7.20517E-16    7.20517E-16
 1.43973E-05    6.67221E-16    6.67221E-16    6.67221E-16
 1.70331E-05    6.13508E-16    6.13508E-16    6.13508E-16
 1.98710E-05    5.68145E-16    5.68145E-16    5.68145E-16
 2.35089E-05    5.22400E-16    5.22400E-16    5.22400E-16
 2.74258E-05    4.83915E-16    4.83915E-16    4.83915E-16
 2.75423E-05    4.84403E-16    4.84403E-16    4.84403E-16
 2.79309E-05    5.00627E-16    5.00627E-16    5.00627E-16
 3.12434E-05    6.53913E-16    6.53913E-16    6.53913E-16
 3.15714E-05    6.67323E-16    6.67323E-16    6.67323E-16
 3.20169E-05    6.66373E-16    6.66373E-16    6.66373E-16
 9.95879E-05    2.56167E-16    2.56167E-16    2.56167E-16
 1.00993E-04    2.52936E-16    2.52936E-16    2.52936E-16
 2.00000E-04    1.80141E-16    1.80141E-16    1.80141E-16
 3.00000E-04    1.47727E-16    1.47727E-16    1.47727E-16
 6.00000E-04    1.05992E-16    1.05992E-16    1.05992E-16
 1.00000E-03    8.37028E-17    8.37028E-17    8.37028E-17
 2.00000E-03    6.21919E-17    6.21919E-17    6.21919E-17
 3.00000E-03    5.33382E-17    5.33382E-17    5.33382E-17
 6.00000E-03    4.35345E-17    4.35345E-17    4.35345E-17
 1.00000E-02    4.02875E-17    4.02875E-17    4.02875E-17
 2.00000E-02    4.25342E-17    4.25342E-17    4.25342E-17
 3.00000E-02    4.89237E-17    4.89237E-17    4.89237E-17
 6.00000E-02    7.59375E-17    7.59375E-17    7.59375E-17
 1.00000E-01    2.08329E-16    2.08329E-16    2.08329E-16
 2.00000E-01    1.45194E-15    1.45194E-15    1.45194E-15
 3.00000E-01    7.28897E-15    7.28897E-15    7.28897E-15
 4.00000E-01    3.08141E-14    3.08141E-14    3.08141E-14
 5.00000E-01    1.14797E-13    1.14797E-13    1.14797E-13
 6.00000E-01    4.62267E-13    4.62267E-13    4.62267E-13
 6.99969E-01    3.15829E-12    3.15829E-12    3.15829E-12
 8.00000E-01    7.77449E-12    7.77449E-12    7.77449E-12
 9.00000E-01    2.31473E-11    2.31473E-11    2.31473E-11
 1.00000E+00    4.85290E-11    4.85290E-11    4.85290E-11
 1.20000E+00    2.37210E-10    2.37210E-10    2.37210E-10
 1.40000E+00    9.50482E-10    9.50482E-10    9.50482E-10
 1.60000E+00    3.19175E-09    3.19175E-09    3.19175E-09
 1.80000E+00    9.42574E-09    0.00000E+00    1.88682E-08
 2.00000E+00    2.56943E-08    0.00000E+00    5.14343E-08
 2.20000E+00    6.61553E-08    0.00000E+00    1.32428E-07
 2.40000E+00    1.62427E-07    0.00000E+00    3.25143E-07
 2.60000E+00    3.84507E-07    1.24107E-07    6.44907E-07
 2.80000E+00    8.91597E-07    2.87779E-07    1.49541E-06
 3.00000E+00    1.49359E-06    4.82085E-07    2.50510E-06
 3.20000E+00    3.33751E-06    1.07724E-06    5.59777E-06
 3.43598E+00    8.07316E-06    2.60576E-06    1.35406E-05
 3.60000E+00    1.13959E-05    3.67822E-06    1.91135E-05
 3.80000E+00    2.89784E-05    9.35332E-06    4.86036E-05
 4.00000E+00    4.89738E-05    1.58072E-05    8.21403E-05
 4.20000E+00    9.65519E-05    3.11639E-05    1.61940E-04
 4.40000E+00    1.98196E-04    6.39713E-05    3.32420E-04
 4.60000E+00    2.82817E-04    1.43026E-04    4.22609E-04
 4.80000E+00    5.56130E-04    2.81245E-04    8.31016E-04
 5.00000E+00    8.63855E-04    4.36867E-04    1.29084E-03
 5.20000E+00    1.39943E-03    7.07717E-04    2.09114E-03
 5.40000E+00    2.39536E-03    1.21138E-03    3.57934E-03
 5.60000E+00    3.08428E-03    1.55978E-03    4.60879E-03
 5.80000E+00    5.19689E-03    2.62816E-03    7.76562E-03
 6.00000E+00    7.44090E-03    3.76299E-03    1.11188E-02
 6.20000E+00    1.07590E-02    5.44099E-03    1.60769E-02
 6.40000E+00    1.60626E-02    8.12315E-03    2.40021E-02
 6.60000E+00    2.02358E-02    1.10500E-02    2.94215E-02
 6.80000E+00    2.94854E-02    1.61009E-02    4.28699E-02
 7.00000E+00    3.93107E-02    2.14662E-02    5.71552E-02
 7.20000E+00    5.28853E-02    2.88788E-02    7.68919E-02
 7.40000E+00    7.07251E-02    3.86204E-02    1.02830E-01
 7.60000E+00    8.64161E-02    4.71887E-02    1.25643E-01
 7.80000E+00    1.14028E-01    6.22666E-02    1.65790E-01
 8.00000E+00    1.42649E-01    7.78955E-02    2.07403E-01
 8.50000E+00    2.42712E-01    1.32536E-01    3.52887E-01
 9.00000E+00    3.88563E-01    2.45341E-01    5.31785E-01
 9.50000E+00    5.90894E-01    3.73093E-01    8.08694E-01
 1.00000E+01    8.59874E-01    5.42929E-01    1.17682E+00
 1.01411E+01    9.57056E-01    6.04291E-01    1.30982E+00
 1.02842E+01    1.05561E+00    6.66520E-01    1.44471E+00
 1.04292E+01    1.15556E+00    7.29627E-01    1.58149E+00
 1.05000E+01    1.20430E+00    7.60401E-01    1.64820E+00
 1.06481E+01    1.33036E+00    8.39999E-01    1.82073E+00
 1.07984E+01    1.45821E+00    9.20719E-01    1.99569E+00
 1.09507E+01    1.58785E+00    1.00258E+00    2.17313E+00
 1.10000E+01    1.62980E+00    1.02906E+00    2.23054E+00
 1.11552E+01    1.78769E+00    1.12876E+00    2.44662E+00
 1.13126E+01    1.94781E+00    1.22986E+00    2.66576E+00
 1.14722E+01    2.11019E+00    1.33238E+00    2.88799E+00
 1.15000E+01    2.13850E+00    1.35026E+00    2.92674E+00
 1.16622E+01    2.32984E+00    1.47107E+00    3.18860E+00
 1.18268E+01    2.52387E+00    1.59359E+00    3.45416E+00
 1.19936E+01    2.72065E+00    1.71783E+00    3.72347E+00
 1.20000E+01    2.72816E+00    1.72257E+00    3.73375E+00
 1.21693E+01    2.94674E+00    1.86059E+00    4.03289E+00
 1.23410E+01    3.16841E+00    2.00055E+00    4.33626E+00
 1.25000E+01    3.37371E+00    2.13018E+00    4.61724E+00
 1.26764E+01    3.63258E+00    2.29363E+00    4.97153E+00
 1.28552E+01    3.89511E+00    2.45939E+00    5.33082E+00
 1.30000E+01    4.10767E+00    2.58903E+00    5.62631E+00
 1.31834E+01    4.39828E+00    2.77220E+00    6.02437E+00
 1.33694E+01    4.69300E+00    2.95795E+00    6.42805E+00
 1.35000E+01    4.89994E+00    3.08839E+00    6.71149E+00
 1.36905E+01    5.22103E+00    3.29077E+00    7.15129E+00
 1.38836E+01    5.54665E+00    3.49600E+00    7.59730E+00
 1.40000E+01    5.74287E+00    3.61968E+00    7.86606E+00
 1.41975E+01    6.09177E+00    3.83958E+00    8.34395E+00
 1.43978E+01    6.44559E+00    4.06259E+00    8.82858E+00
 1.45000E+01    6.62609E+00    4.17636E+00    9.07582E+00
 1.47046E+01    6.99903E+00    4.41142E+00    9.58664E+00
 1.49120E+01    7.37724E+00    4.64980E+00    1.01047E+01
 1.50000E+01    7.53762E+00    4.75089E+00    1.03244E+01
 1.52116E+01    7.93153E+00    4.99917E+00    1.08639E+01
 1.54262E+01    8.33100E+00    5.25095E+00    1.14110E+01
 1.56439E+01    8.73610E+00    5.50628E+00    1.19659E+01
 1.58646E+01    9.14691E+00    5.76521E+00    1.25286E+01
 1.60000E+01    9.39899E+00    5.41145E+00    1.33865E+01
 1.62257E+01    9.88362E+00    5.69047E+00    1.40768E+01
 1.64546E+01    1.03751E+01    5.97343E+00    1.47767E+01
 1.66868E+01    1.08735E+01    6.26038E+00    1.54866E+01
 1.69222E+01    1.13789E+01    6.55138E+00    1.62064E+01
 1.70000E+01    1.15459E+01    6.64753E+00    1.64443E+01
 1.72398E+01    1.19519E+01    6.88129E+00    1.70226E+01
 1.74831E+01    1.23637E+01    7.11836E+00    1.76090E+01
 1.77297E+01    1.27812E+01    7.35877E+00    1.82037E+01
 1.79799E+01    1.32047E+01    7.60257E+00    1.88068E+01
 1.80000E+01    1.32388E+01    7.62221E+00    1.88554E+01
 1.82539E+01    1.35954E+01    7.82755E+00    1.93633E+01
 1.85115E+01    1.39571E+01    8.03578E+00    1.98785E+01
 1.87726E+01    1.43239E+01    8.24695E+00    2.04008E+01
 1.90000E+01    1.46432E+01    8.43079E+00    2.08556E+01
 1.92681E+01    1.49772E+01    8.62307E+00    2.13313E+01
 1.95399E+01    1.53159E+01    8.81807E+00    2.18136E+01
 1.98156E+01    1.56593E+01    9.01581E+00    2.23028E+01
 2.00000E+01    1.58891E+01    8.70983E+00    2.30684E+01
 2.02822E+01    1.61193E+01    8.83599E+00    2.34025E+01
 2.05683E+01    1.63527E+01    8.96394E+00    2.37414E+01
 2.08585E+01    1.65894E+01    9.09369E+00    2.40850E+01
 2.10000E+01    1.67048E+01    9.15697E+00    2.42526E+01
 2.12963E+01    1.69007E+01    9.26435E+00    2.45370E+01
 2.15967E+01    1.70994E+01    9.37325E+00    2.48255E+01
 2.19014E+01    1.73008E+01    9.48368E+00    2.51180E+01
 2.20000E+01    1.73660E+01    9.51941E+00    2.52126E+01
 2.23104E+01    1.74479E+01    9.56431E+00    2.53315E+01
 2.26251E+01    1.75310E+01    9.60984E+00    2.54521E+01
 2.29443E+01    1.76152E+01    9.65602E+00    2.55744E+01
 2.30000E+01    1.76299E+01    9.66407E+00    2.55957E+01
 2.33245E+01    1.76762E+01    9.68947E+00    2.56630E+01
 2.36536E+01    1.77232E+01    9.71523E+00    2.57312E+01
 2.39873E+01    1.77709E+01    9.74135E+00    2.58004E+01
 2.40000E+01    1.77727E+01    9.37725E+00    2.61682E+01
 2.43386E+01    1.77522E+01    9.36644E+00    2.61380E+01
 2.46820E+01    1.77314E+01    9.35548E+00    2.61074E+01
 2.50000E+01    1.77122E+01    9.34533E+00    2.60791E+01
 2.53527E+01    1.76405E+01    9.30751E+00    2.59735E+01
 2.57104E+01    1.75679E+01    9.26917E+00    2.58665E+01
 2.60000E+01    1.75090E+01    9.23812E+00    2.57799E+01
 2.63668E+01    1.74275E+01    9.19513E+00    2.56599E+01
 2.67388E+01    1.73449E+01    9.15154E+00    2.55383E+01
 2.70000E+01    1.72869E+01    9.12093E+00    2.54529E+01
 2.73809E+01    1.71620E+01    9.05503E+00    2.52690E+01
 2.77672E+01    1.70353E+01    8.98820E+00    2.50825E+01
 2.80000E+01    1.69590E+01    8.94792E+00    2.49701E+01
 2.83950E+01    1.68081E+01    8.86830E+00    2.47479E+01
 2.87956E+01    1.66551E+01    8.78756E+00    2.45226E+01
 2.90000E+01    1.65770E+01    8.74637E+00    2.44076E+01
 2.94091E+01    1.64072E+01    8.65681E+00    2.41577E+01
 2.98240E+01    1.62351E+01    8.56598E+00    2.39042E+01
 3.00000E+01    1.61621E+01    8.52746E+00    2.37967E+01
 3.00000E+01    1.54456E+01    8.14940E+00    2.27417E+01
 3.20000E+01    1.46788E+01    7.74487E+00    2.16128E+01
 3.40000E+01    1.36576E+01    7.20603E+00    2.01092E+01
 3.60000E+01    1.26174E+01    6.65720E+00    1.85776E+01
 3.80000E+01    1.16755E+01    6.16021E+00    1.71907E+01
 4.00000E+01    1.05173E+01    5.54914E+00    1.54854E+01
 4.20000E+01    9.73072E+00    5.13413E+00    1.43273E+01
 4.40000E+01    9.02543E+00    4.76201E+00    1.32889E+01
 4.60000E+01    8.37086E+00    4.41664E+00    1.23251E+01
 4.80000E+01    7.83094E+00    4.13177E+00    1.15301E+01
 5.00000E+01    7.33621E+00    3.87074E+00    1.08017E+01
 5.20000E+01    6.89648E+00    3.63872E+00    1.01542E+01
 5.40000E+01    6.49482E+00    3.42680E+00    9.56284E+00
 5.60000E+01    6.14786E+00    3.24374E+00    9.05198E+00
 5.80000E+01    5.84585E+00    3.08439E+00    8.60731E+00
 6.00000E+01    5.55606E+00    2.93150E+00    8.18063E+00
 6.50000E+01    5.09871E+00    2.69019E+00    7.50723E+00
 7.00000E+01    4.43025E+00    2.33749E+00    6.52301E+00
 7.50000E+01    4.13028E+00    2.17922E+00    6.08133E+00
 8.00000E+01    3.64939E+00    1.92550E+00    5.37329E+00
 9.00000E+01    3.05755E+00    1.61323E+00    4.50187E+00
 1.00000E+02    2.59939E+00    1.37149E+00    3.82729E+00
 1.10000E+02    2.22308E+00    1.17294E+00    3.27322E+00
 1.20000E+02    1.93072E+00    1.01869E+00    2.84276E+00
 1.30000E+02    1.68683E+00    8.90008E-01    2.48366E+00
 1.40000E+02    1.49994E+00    7.91398E-01    2.20848E+00
 1.50000E+02    1.34630E+00    7.10337E-01    1.98227E+00
 1.60000E+02    1.22184E+00    6.44670E-01    1.79902E+00
 1.80000E+02    9.66327E-01    5.09855E-01    1.42280E+00
 2.00000E+02    7.24116E-01    3.82059E-01    1.06617E+00
