# n + Ac226 : (n,t)     
# tendl.2017 A.J. Koning and D. Rochman        EVAL-NOV17
# uncertainties: y
# # energies =    48
#   E(MeV)       xs(mb)       xslow(mb)      xsupp(mb)
 1.40135E+00    0.00000E+00    0.00000E+00    0.00000E+00
 4.60000E+00    1.94821E-17    1.94821E-17    1.94821E-17
 4.80000E+00    1.27177E-16    1.27177E-16    1.27177E-16
 5.00000E+00    7.04862E-16    7.04862E-16    7.04862E-16
 5.20000E+00    3.43307E-15    3.43307E-15    3.43307E-15
 5.40000E+00    1.49779E-14    1.49779E-14    1.49779E-14
 5.60000E+00    9.33987E-14    9.33987E-14    9.33987E-14
 5.80000E+00    9.90440E-13    9.90440E-13    9.90440E-13
 6.00000E+00    4.54501E-12    4.54501E-12    4.54501E-12
 6.20000E+00    1.33479E-11    1.33479E-11    1.33479E-11
 6.40000E+00    2.43127E-11    2.43127E-11    2.43127E-11
 6.60000E+00    1.28478E-10    0.00000E+00    4.06306E-10
 6.80000E+00    2.62824E-10    0.00000E+00    8.31170E-10
 7.00000E+00    8.98072E-10    0.00000E+00    2.84012E-09
 7.20000E+00    2.13942E-09    0.00000E+00    6.76583E-09
 7.40000E+00    3.35586E-09    0.00000E+00    1.06128E-08
 7.60000E+00    1.22581E-08    0.00000E+00    3.87657E-08
 7.80000E+00    2.22093E-08    0.00000E+00    7.02360E-08
 8.00000E+00    5.36143E-08    0.00000E+00    1.69553E-07
 8.50000E+00    2.93505E-07    0.00000E+00    9.28198E-07
 9.00000E+00    1.36101E-06    0.00000E+00    2.83461E-06
 9.50000E+00    5.61525E-06    0.00000E+00    1.16950E-05
 1.00000E+01    2.14243E-05    0.00000E+00    4.46210E-05
 1.05000E+01    7.70124E-05    0.00000E+00    1.60396E-04
 1.10000E+01    2.60834E-04    0.00000E+00    5.43246E-04
 1.15000E+01    8.25633E-04    0.00000E+00    1.71957E-03
 1.20000E+01    2.42307E-03    0.00000E+00    5.04660E-03
 1.25000E+01    6.55403E-03    0.00000E+00    1.36503E-02
 1.30000E+01    1.62353E-02    7.72886E-03    2.47417E-02
 1.35000E+01    3.65679E-02    1.74082E-02    5.57276E-02
 1.40000E+01    7.45904E-02    3.55089E-02    1.13672E-01
 1.45000E+01    1.38174E-01    6.57781E-02    2.10570E-01
 1.50000E+01    2.34770E-01    1.11763E-01    3.57777E-01
 1.60000E+01    5.47309E-01    2.48796E-01    8.45822E-01
 1.70000E+01    1.02745E+00    4.67059E-01    1.58784E+00
 1.80000E+01    1.64226E+00    7.46540E-01    2.53798E+00
 1.90000E+01    2.30519E+00    1.04790E+00    3.56248E+00
 2.00000E+01    2.89067E+00    1.25182E+00    4.52952E+00
 2.10000E+01    3.36194E+00    1.45591E+00    5.26797E+00
 2.20000E+01    3.69082E+00    1.59833E+00    5.78331E+00
 2.30000E+01    3.87999E+00    1.68025E+00    6.07973E+00
 2.40000E+01    3.97172E+00    1.68441E+00    6.25903E+00
 2.50000E+01    3.97937E+00    1.68765E+00    6.27109E+00
 2.60000E+01    3.92704E+00    1.66546E+00    6.18862E+00
 2.70000E+01    3.85177E+00    1.63354E+00    6.07000E+00
 2.80000E+01    3.70240E+00    1.57019E+00    5.83461E+00
 2.90000E+01    3.56866E+00    1.51347E+00    5.62385E+00
 3.00000E+01    3.42015E+00    1.45049E+00    5.38981E+00
