# n + Ac226 :  n        
# tendl.2017 A.J. Koning and D. Rochman        EVAL-NOV17
# uncertainties: n
# # energies =    81
#   E(MeV)       xs(mb) 
 3.60000E+00    0.00000E+00
 3.80000E+00    7.77701E-16
 4.00000E+00    1.08217E-14
 4.20000E+00    6.56539E-14
 4.40000E+00    3.11376E-13
 4.60000E+00    1.42189E-12
 4.80000E+00    6.50502E-12
 5.00000E+00    3.00619E-11
 5.20000E+00    1.40636E-10
 5.40000E+00    6.62681E-10
 5.60000E+00    2.41018E-09
 5.80000E+00    6.80297E-09
 6.00000E+00    1.95804E-08
 6.20000E+00    6.84747E-08
 6.40000E+00    2.83785E-07
 6.60000E+00    1.28605E-06
 6.80000E+00    6.05868E-06
 7.00000E+00    2.91552E-05
 7.20000E+00    1.42560E-04
 7.40000E+00    7.03651E-04
 7.60000E+00    3.48310E-03
 7.80000E+00    1.65193E-02
 8.00000E+00    6.40423E-02
 8.50000E+00    4.88160E-01
 9.00000E+00    1.31814E+00
 9.50000E+00    2.31030E+00
 1.00000E+01    3.31784E+00
 1.05000E+01    4.24755E+00
 1.10000E+01    5.05013E+00
 1.15000E+01    5.74823E+00
 1.20000E+01    6.41378E+00
 1.25000E+01    6.97554E+00
 1.30000E+01    7.49532E+00
 1.35000E+01    7.93482E+00
 1.40000E+01    8.31283E+00
 1.45000E+01    8.63936E+00
 1.50000E+01    8.92912E+00
 1.60000E+01    9.43493E+00
 1.70000E+01    9.83451E+00
 1.80000E+01    1.02493E+01
 1.90000E+01    1.06490E+01
 2.00000E+01    1.10341E+01
 2.10000E+01    1.13827E+01
 2.20000E+01    1.17131E+01
 2.30000E+01    1.20023E+01
 2.40000E+01    1.22944E+01
 2.50000E+01    1.25927E+01
 2.60000E+01    1.28795E+01
 2.70000E+01    1.31727E+01
 2.80000E+01    1.34863E+01
 2.90000E+01    1.38085E+01
 3.00000E+01    1.41256E+01
 3.20000E+01    1.46906E+01
 3.40000E+01    1.53177E+01
 3.60000E+01    1.60716E+01
 3.80000E+01    1.69706E+01
 4.00000E+01    1.80350E+01
 4.20000E+01    1.92447E+01
 4.40000E+01    2.07034E+01
 4.60000E+01    2.24463E+01
 4.80000E+01    2.45174E+01
 5.00000E+01    2.69625E+01
 5.20000E+01    2.96812E+01
 5.40000E+01    3.27112E+01
 5.60000E+01    3.59988E+01
 5.80000E+01    3.92987E+01
 6.00000E+01    4.24902E+01
 6.50000E+01    4.82386E+01
 7.00000E+01    4.79032E+01
 7.50000E+01    4.04314E+01
 8.00000E+01    2.98607E+01
 9.00000E+01    1.52654E+01
 1.00000E+02    9.40568E+00
 1.10000E+02    6.75050E+00
 1.20000E+02    5.18528E+00
 1.30000E+02    4.09429E+00
 1.40000E+02    3.32475E+00
 1.50000E+02    2.75204E+00
 1.60000E+02    2.31966E+00
 1.80000E+02    1.69456E+00
 2.00000E+02    1.28405E+00
