# n + Ac226 : (n,xt)    
# tendl.2017 A.J. Koning and D. Rochman        EVAL-NOV17
# 
# # energies =   138
#   E(MeV)        xs(mb) 
 5.12276E-03    0.00000E+00
 1.00000E-02    0.00000E+00
 1.88839E-02    0.00000E+00
 2.00000E-02    0.00000E+00
 3.00000E-02    0.00000E+00
 3.34486E-02    0.00000E+00
 4.52008E-02    0.00000E+00
 5.85602E-02    0.00000E+00
 6.00000E-02    0.00000E+00
 7.06137E-02    0.00000E+00
 7.80467E-02    0.00000E+00
 1.00000E-01    0.00000E+00
 1.30982E-01    0.00000E+00
 1.65736E-01    0.00000E+00
 1.95870E-01    0.00000E+00
 2.00000E-01    0.00000E+00
 2.31026E-01    0.00000E+00
 2.66183E-01    0.00000E+00
 2.91294E-01    0.00000E+00
 3.00000E-01    0.00000E+00
 3.79687E-01    0.00000E+00
 4.00000E-01    0.00000E+00
 4.19865E-01    0.00000E+00
 5.00000E-01    0.00000E+00
 5.58481E-01    0.00000E+00
 5.91628E-01    0.00000E+00
 5.93520E-01    0.00000E+00
 5.95529E-01    0.00000E+00
 5.96533E-01    0.00000E+00
 5.97538E-01    0.00000E+00
 5.98542E-01    0.00000E+00
 5.99547E-01    0.00000E+00
 6.00000E-01    0.00000E+00
 6.00551E-01    0.00000E+00
 6.01556E-01    0.00000E+00
 6.02560E-01    0.00000E+00
 6.03565E-01    0.00000E+00
 6.04569E-01    0.00000E+00
 6.05573E-01    0.00000E+00
 6.06577E-01    0.00000E+00
 7.00000E-01    0.00000E+00
 8.00000E-01    0.00000E+00
 9.00000E-01    0.00000E+00
 1.00000E+00    0.00000E+00
 1.20000E+00    0.00000E+00
 1.40000E+00    0.00000E+00
 1.60000E+00    1.20992E-18
 1.80000E+00    2.42807E-18
 2.00000E+00    3.64621E-18
 2.20000E+00    4.86436E-18
 2.40000E+00    6.08250E-18
 2.60000E+00    7.30065E-18
 2.80000E+00    8.51879E-18
 3.00000E+00    9.73694E-18
 3.20000E+00    1.09551E-17
 3.40000E+00    1.21732E-17
 3.60000E+00    1.33914E-17
 3.80000E+00    1.46095E-17
 4.00000E+00    1.58277E-17
 4.20000E+00    1.70458E-17
 4.40000E+00    1.82640E-17
 4.60000E+00    1.94821E-17
 4.80000E+00    1.27177E-16
 5.00000E+00    7.04862E-16
 5.20000E+00    3.43307E-15
 5.40000E+00    1.49779E-14
 5.60000E+00    9.33987E-14
 5.80000E+00    9.90440E-13
 6.00000E+00    4.54501E-12
 6.20000E+00    1.33479E-11
 6.40000E+00    2.43127E-11
 6.60000E+00    1.28478E-10
 6.80000E+00    2.62824E-10
 7.00000E+00    8.98072E-10
 7.20000E+00    2.13942E-09
 7.40000E+00    3.35586E-09
 7.60000E+00    1.22581E-08
 7.80000E+00    2.22093E-08
 8.00000E+00    5.36143E-08
 8.50000E+00    2.93505E-07
 9.00000E+00    1.36101E-06
 9.50000E+00    5.61525E-06
 1.00000E+01    2.14243E-05
 1.05000E+01    7.70124E-05
 1.10000E+01    2.60834E-04
 1.15000E+01    8.25633E-04
 1.20000E+01    2.42307E-03
 1.25000E+01    6.55403E-03
 1.30000E+01    1.62353E-02
 1.35000E+01    3.65680E-02
 1.40000E+01    7.45920E-02
 1.45000E+01    1.38183E-01
 1.50000E+01    2.34820E-01
 1.60000E+01    5.48142E-01
 1.70000E+01    1.03547E+00
 1.80000E+01    1.68868E+00
 1.90000E+01    2.48164E+00
 2.00000E+01    3.38134E+00
 2.10000E+01    4.35491E+00
 2.20000E+01    5.37285E+00
 2.30000E+01    6.40670E+00
 2.40000E+01    7.40963E+00
 2.50000E+01    8.34107E+00
 2.60000E+01    9.13257E+00
 2.70000E+01    9.75151E+00
 2.80000E+01    1.01663E+01
 2.90000E+01    1.04096E+01
 3.00000E+01    1.04877E+01
 3.00000E+01    1.28549E+01
 3.20000E+01    1.47062E+01
 3.40000E+01    1.65684E+01
 3.60000E+01    1.86574E+01
 3.80000E+01    2.11277E+01
 4.00000E+01    2.41136E+01
 4.20000E+01    2.76690E+01
 4.40000E+01    3.18797E+01
 4.60000E+01    3.66494E+01
 4.80000E+01    4.18557E+01
 5.00000E+01    4.72055E+01
 5.20000E+01    5.24048E+01
 5.40000E+01    5.73356E+01
 5.60000E+01    6.19903E+01
 5.80000E+01    6.63527E+01
 6.00000E+01    7.03506E+01
 6.50000E+01    7.77803E+01
 7.00000E+01    8.14008E+01
 7.50000E+01    8.31163E+01
 8.00000E+01    8.41681E+01
 9.00000E+01    8.76349E+01
 1.00000E+02    9.17080E+01
 1.10000E+02    9.38894E+01
 1.20000E+02    9.50366E+01
 1.30000E+02    9.69069E+01
 1.40000E+02    9.98187E+01
 1.50000E+02    1.04536E+02
 1.60000E+02    1.13804E+02
 1.80000E+02    1.74524E+02
 2.00000E+02    3.26132E+02
