# n + Ac226 : (n,4n)    
# tendl.2017 A.J. Koning and D. Rochman        EVAL-NOV17
# uncertainties: n
# # energies =    44
#   E(MeV)       xs(mb) 
 1.78097E+01    0.00000E+00
 1.80000E+01    3.47271E-01
 1.90000E+01    1.21547E+01
 2.00000E+01    5.85348E+01
 2.10000E+01    1.71804E+02
 2.20000E+01    3.35385E+02
 2.30000E+01    5.29912E+02
 2.40000E+01    7.32347E+02
 2.50000E+01    9.15748E+02
 2.60000E+01    1.06687E+03
 2.70000E+01    1.18169E+03
 2.80000E+01    1.25126E+03
 2.90000E+01    1.27126E+03
 3.00000E+01    1.24761E+03
 3.00000E+01    1.19248E+03
 3.20000E+01    1.03915E+03
 3.40000E+01    8.38805E+02
 3.60000E+01    6.64026E+02
 3.80000E+01    5.24592E+02
 4.00000E+01    4.24356E+02
 4.20000E+01    3.51860E+02
 4.40000E+01    2.97669E+02
 4.60000E+01    2.61660E+02
 4.80000E+01    2.33006E+02
 5.00000E+01    2.12879E+02
 5.20000E+01    1.97623E+02
 5.40000E+01    1.84570E+02
 5.60000E+01    1.75724E+02
 5.80000E+01    1.68559E+02
 6.00000E+01    1.62478E+02
 6.50000E+01    1.50546E+02
 7.00000E+01    1.41175E+02
 7.50000E+01    1.34946E+02
 8.00000E+01    1.26803E+02
 9.00000E+01    1.16680E+02
 1.00000E+02    1.08324E+02
 1.10000E+02    9.94573E+01
 1.20000E+02    9.30145E+01
 1.30000E+02    8.67094E+01
 1.40000E+02    8.15442E+01
 1.50000E+02    7.74883E+01
 1.60000E+02    7.41684E+01
 1.80000E+02    6.35405E+01
 2.00000E+02    5.34929E+01
