# n + Ac226 :  n        
# tendl.2017 A.J. Koning and D. Rochman        EVAL-NOV17
# uncertainties: n
# # energies =    44
#   E(MeV)       xs(mb) 
 1.60000E+01    0.00000E+00
 1.70000E+01    5.52033E-15
 1.80000E+01    1.53324E-11
 1.90000E+01    2.30501E-08
 2.00000E+01    7.80222E-05
 2.10000E+01    1.55423E-02
 2.20000E+01    1.07328E-01
 2.30000E+01    3.70607E-01
 2.40000E+01    8.32834E-01
 2.50000E+01    1.50602E+00
 2.60000E+01    2.32473E+00
 2.70000E+01    3.20840E+00
 2.80000E+01    4.09548E+00
 2.90000E+01    4.94922E+00
 3.00000E+01    5.75751E+00
 3.20000E+01    7.05930E+00
 3.40000E+01    7.98648E+00
 3.60000E+01    8.84262E+00
 3.80000E+01    9.28329E+00
 4.00000E+01    9.64959E+00
 4.20000E+01    9.83023E+00
 4.40000E+01    9.87189E+00
 4.60000E+01    9.93751E+00
 4.80000E+01    9.89301E+00
 5.00000E+01    9.87108E+00
 5.20000E+01    9.89256E+00
 5.40000E+01    9.95957E+00
 5.60000E+01    1.01468E+01
 5.80000E+01    1.04862E+01
 6.00000E+01    1.09189E+01
 6.50000E+01    1.28847E+01
 7.00000E+01    1.68097E+01
 7.50000E+01    2.28698E+01
 8.00000E+01    2.90025E+01
 9.00000E+01    2.89571E+01
 1.00000E+02    2.00604E+01
 1.10000E+02    1.54027E+01
 1.20000E+02    1.33559E+01
 1.30000E+02    1.20838E+01
 1.40000E+02    1.11517E+01
 1.50000E+02    1.04707E+01
 1.60000E+02    9.99657E+00
 1.80000E+02    9.03973E+00
 2.00000E+02    8.15544E+00
