# n + Ac226 : (n,2np)   
# tendl.2017 A.J. Koning and D. Rochman        EVAL-NOV17
# uncertainties: y
# # energies =    24
#   E(MeV)       xs(mb)       xslow(mb)      xsupp(mb)
 9.92102E+00    0.00000E+00    0.00000E+00    0.00000E+00
 1.15000E+01    4.74846E-16    4.74846E-16    4.74846E-16
 1.20000E+01    1.25562E-13    1.25562E-13    1.25562E-13
 1.25000E+01    3.53129E-11    3.53129E-11    3.53129E-11
 1.30000E+01    1.51494E-09    1.77287E-10    2.85259E-09
 1.35000E+01    4.18220E-08    4.89424E-09    7.87498E-08
 1.40000E+01    5.99848E-07    7.01975E-08    1.12950E-06
 1.45000E+01    4.22419E-06    4.94338E-07    7.95404E-06
 1.50000E+01    2.66306E-05    3.11646E-06    5.01447E-05
 1.60000E+01    4.69223E-04    1.72675E-04    7.65771E-04
 1.70000E+01    4.10144E-03    1.50934E-03    6.69354E-03
 1.80000E+01    2.23196E-02    8.21367E-03    3.64255E-02
 1.90000E+01    8.79737E-02    3.23745E-02    1.43573E-01
 2.00000E+01    2.86345E-01    1.11287E-01    4.61403E-01
 2.10000E+01    7.20435E-01    2.79995E-01    1.16088E+00
 2.20000E+01    1.60601E+00    6.24172E-01    2.58785E+00
 2.30000E+01    3.11636E+00    1.21117E+00    5.02155E+00
 2.40000E+01    5.34431E+00    1.63722E+00    9.05140E+00
 2.50000E+01    8.46631E+00    2.59364E+00    1.43390E+01
 2.60000E+01    1.20514E+01    3.69192E+00    2.04109E+01
 2.70000E+01    1.63386E+01    5.00530E+00    2.76719E+01
 2.80000E+01    2.10701E+01    6.45478E+00    3.56854E+01
 2.90000E+01    2.58479E+01    7.91845E+00    4.37773E+01
 3.00000E+01    3.03903E+01    9.31001E+00    5.14706E+01
