# n + Ac226 : (n,npa)   
# tendl.2017 A.J. Koning and D. Rochman        EVAL-NOV17
# uncertainties: y
# # energies =   231
#   E(MeV)       xs(mb)       xslow(mb)      xsupp(mb)
 1.00000E-11    3.90413E-17    3.90413E-17    3.90413E-17
 1.03005E-11    3.85001E-17    3.85001E-17    3.85001E-17
 1.06099E-11    3.79674E-17    3.79674E-17    3.79674E-17
 1.09287E-11    3.74430E-17    3.74430E-17    3.74430E-17
 1.12571E-11    3.69267E-17    3.69267E-17    3.69267E-17
 1.15953E-11    3.64185E-17    3.64185E-17    3.64185E-17
 1.19437E-11    3.59183E-17    3.59183E-17    3.59183E-17
 1.23026E-11    3.54259E-17    3.54259E-17    3.54259E-17
 1.26722E-11    3.49413E-17    3.49413E-17    3.49413E-17
 1.30530E-11    3.44643E-17    3.44643E-17    3.44643E-17
 1.34452E-11    3.39948E-17    3.39948E-17    3.39948E-17
 1.38491E-11    3.35328E-17    3.35328E-17    3.35328E-17
 1.42652E-11    3.30780E-17    3.30780E-17    3.30780E-17
 1.46938E-11    3.26305E-17    3.26305E-17    3.26305E-17
 1.51353E-11    3.21901E-17    3.21901E-17    3.21901E-17
 1.55901E-11    3.17568E-17    3.17568E-17    3.17568E-17
 1.60585E-11    3.13303E-17    3.13303E-17    3.13303E-17
 1.65410E-11    3.09107E-17    3.09107E-17    3.09107E-17
 1.70380E-11    3.04978E-17    3.04978E-17    3.04978E-17
 1.75499E-11    3.00916E-17    3.00916E-17    3.00916E-17
 1.80772E-11    2.96919E-17    2.96919E-17    2.96919E-17
 1.86993E-11    2.92431E-17    2.92431E-17    2.92431E-17
 1.93427E-11    2.88025E-17    2.88025E-17    2.88025E-17
 2.00083E-11    2.83702E-17    2.83702E-17    2.83702E-17
 2.06968E-11    2.79459E-17    2.79459E-17    2.79459E-17
 2.14090E-11    2.75295E-17    2.75295E-17    2.75295E-17
 2.21458E-11    2.71210E-17    2.71210E-17    2.71210E-17
 2.29078E-11    2.67201E-17    2.67201E-17    2.67201E-17
 2.36961E-11    2.63268E-17    2.63268E-17    2.63268E-17
 2.45115E-11    2.59410E-17    2.59410E-17    2.59410E-17
 2.53550E-11    2.55625E-17    2.55625E-17    2.55625E-17
 2.62275E-11    2.51913E-17    2.51913E-17    2.51913E-17
 2.71300E-11    2.48272E-17    2.48272E-17    2.48272E-17
 2.80636E-11    2.44701E-17    2.44701E-17    2.44701E-17
 2.90293E-11    2.41199E-17    2.41199E-17    2.41199E-17
 3.00282E-11    2.37765E-17    2.37765E-17    2.37765E-17
 3.10615E-11    2.34398E-17    2.34398E-17    2.34398E-17
 3.21304E-11    2.31097E-17    2.31097E-17    2.31097E-17
 3.32360E-11    2.27861E-17    2.27861E-17    2.27861E-17
 3.43797E-11    2.24689E-17    2.24689E-17    2.24689E-17
 3.55627E-11    2.21580E-17    2.21580E-17    2.21580E-17
 3.67865E-11    2.18533E-17    2.18533E-17    2.18533E-17
 3.80524E-11    2.15547E-17    2.15547E-17    2.15547E-17
 3.93618E-11    2.12622E-17    2.12622E-17    2.12622E-17
 4.07163E-11    2.09756E-17    2.09756E-17    2.09756E-17
 4.21174E-11    2.06948E-17    2.06948E-17    2.06948E-17
 4.35667E-11    2.04198E-17    2.04198E-17    2.04198E-17
 4.50659E-11    2.01504E-17    2.01504E-17    2.01504E-17
 4.66166E-11    1.98867E-17    1.98867E-17    1.98867E-17
 4.82208E-11    1.96284E-17    1.96284E-17    1.96284E-17
 4.98801E-11    1.93756E-17    1.93756E-17    1.93756E-17
 5.15965E-11    1.91281E-17    1.91281E-17    1.91281E-17
 5.33720E-11    1.88859E-17    1.88859E-17    1.88859E-17
 5.52086E-11    1.86488E-17    1.86488E-17    1.86488E-17
 5.71084E-11    1.84168E-17    1.84168E-17    1.84168E-17
 5.90736E-11    1.81899E-17    1.81899E-17    1.81899E-17
 6.11064E-11    1.79679E-17    1.79679E-17    1.79679E-17
 6.32091E-11    1.77507E-17    1.77507E-17    1.77507E-17
 6.53842E-11    1.75384E-17    1.75384E-17    1.75384E-17
 6.76342E-11    1.73308E-17    1.73308E-17    1.73308E-17
 6.99616E-11    1.71278E-17    1.71278E-17    1.71278E-17
 7.23690E-11    1.69295E-17    1.69295E-17    1.69295E-17
 7.48593E-11    1.67356E-17    1.67356E-17    1.67356E-17
 7.74353E-11    1.65462E-17    1.65462E-17    1.65462E-17
 8.00999E-11    1.63611E-17    1.63611E-17    1.63611E-17
 8.32074E-11    1.61581E-17    1.61581E-17    1.61581E-17
 8.64355E-11    1.59603E-17    1.59603E-17    1.59603E-17
 8.97887E-11    1.57679E-17    1.57679E-17    1.57679E-17
 9.32721E-11    1.55806E-17    1.55806E-17    1.55806E-17
 9.68906E-11    1.53983E-17    1.53983E-17    1.53983E-17
 1.00649E-10    1.52211E-17    1.52211E-17    1.52211E-17
 1.04554E-10    1.50487E-17    1.50487E-17    1.50487E-17
 1.08610E-10    1.48811E-17    1.48811E-17    1.48811E-17
 1.12824E-10    1.47182E-17    1.47182E-17    1.47182E-17
 1.17201E-10    1.45599E-17    1.45599E-17    1.45599E-17
 1.21748E-10    1.44061E-17    1.44061E-17    1.44061E-17
 1.26471E-10    1.42568E-17    1.42568E-17    1.42568E-17
 1.31377E-10    1.41118E-17    1.41118E-17    1.41118E-17
 1.36474E-10    1.39711E-17    1.39711E-17    1.39711E-17
 1.41769E-10    1.38345E-17    1.38345E-17    1.38345E-17
 1.47268E-10    1.37020E-17    1.37020E-17    1.37020E-17
 1.52982E-10    1.35735E-17    1.35735E-17    1.35735E-17
 1.59590E-10    1.34353E-17    1.34353E-17    1.34353E-17
 1.66484E-10    1.33019E-17    1.33019E-17    1.33019E-17
 1.73676E-10    1.31730E-17    1.31730E-17    1.31730E-17
 1.81178E-10    1.30486E-17    1.30486E-17    1.30486E-17
 1.89005E-10    1.29286E-17    1.29286E-17    1.29286E-17
 1.97169E-10    1.28128E-17    1.28128E-17    1.28128E-17
 2.05686E-10    1.27012E-17    1.27012E-17    1.27012E-17
 2.14571E-10    1.25937E-17    1.25937E-17    1.25937E-17
 2.24789E-10    1.24799E-17    1.24799E-17    1.24799E-17
 2.35493E-10    1.23707E-17    1.23707E-17    1.23707E-17
 2.46707E-10    1.22659E-17    1.22659E-17    1.22659E-17
 2.58455E-10    1.21655E-17    1.21655E-17    1.21655E-17
 2.70762E-10    1.20693E-17    1.20693E-17    1.20693E-17
 2.83655E-10    1.19771E-17    1.19771E-17    1.19771E-17
 2.98422E-10    1.18809E-17    1.18809E-17    1.18809E-17
 3.13957E-10    1.17892E-17    1.17892E-17    1.17892E-17
 3.30301E-10    1.17017E-17    1.17017E-17    1.17017E-17
 3.47496E-10    1.16184E-17    1.16184E-17    1.16184E-17
 3.67136E-10    1.15326E-17    1.15326E-17    1.15326E-17
 3.87885E-10    1.14512E-17    1.14512E-17    1.14512E-17
 4.09807E-10    1.13740E-17    1.13740E-17    1.13740E-17
 4.32968E-10    1.13009E-17    1.13009E-17    1.13009E-17
 4.59377E-10    1.12263E-17    1.12263E-17    1.12263E-17
 4.87396E-10    1.11560E-17    1.11560E-17    1.11560E-17
 5.17125E-10    1.10897E-17    1.10897E-17    1.10897E-17
 5.50992E-10    1.10228E-17    1.10228E-17    1.10228E-17
 5.87077E-10    1.09600E-17    1.09600E-17    1.09600E-17
 6.28176E-10    1.08973E-17    1.08973E-17    1.08973E-17
 6.72152E-10    1.08386E-17    1.08386E-17    1.08386E-17
 7.22255E-10    1.07804E-17    1.07804E-17    1.07804E-17
 7.76093E-10    1.07263E-17    1.07263E-17    1.07263E-17
 8.37478E-10    1.06731E-17    1.06731E-17    1.06731E-17
 9.07549E-10    1.06211E-17    1.06211E-17    1.06211E-17
 9.83482E-10    1.05732E-17    1.05732E-17    1.05732E-17
 1.07028E-09    1.05267E-17    1.05267E-17    1.05267E-17
 1.16969E-09    1.04819E-17    1.04819E-17    1.04819E-17
 1.28373E-09    1.04391E-17    1.04391E-17    1.04391E-17
 1.41488E-09    1.03984E-17    1.03984E-17    1.03984E-17
 1.56602E-09    1.03599E-17    1.03599E-17    1.03599E-17
 1.74804E-09    1.03225E-17    1.03225E-17    1.03225E-17
 1.95948E-09    1.02877E-17    1.02877E-17    1.02877E-17
 2.21515E-09    1.02545E-17    1.02545E-17    1.02545E-17
 2.52545E-09    1.02232E-17    1.02232E-17    1.02232E-17
 2.90368E-09    1.01941E-17    1.01941E-17    1.01941E-17
 3.36691E-09    1.01674E-17    1.01674E-17    1.01674E-17
 3.95389E-09    1.01426E-17    1.01426E-17    1.01426E-17
 4.70248E-09    1.01199E-17    1.01199E-17    1.01199E-17
 5.68822E-09    1.00991E-17    1.00991E-17    1.00991E-17
 7.02763E-09    1.00802E-17    1.00802E-17    1.00802E-17
 8.90556E-09    1.00633E-17    1.00633E-17    1.00633E-17
 1.16244E-08    1.00485E-17    1.00485E-17    1.00485E-17
 1.58287E-08    1.00356E-17    1.00356E-17    1.00356E-17
 2.27718E-08    1.00248E-17    1.00248E-17    1.00248E-17
 2.52045E-08    1.00224E-17    1.00224E-17    1.00224E-17
 2.53000E-08    1.00223E-17    1.00223E-17    1.00223E-17
 4.06280E-08    1.00139E-17    1.00139E-17    1.00139E-17
 7.56507E-08    1.00075E-17    1.00075E-17    1.00075E-17
 1.87799E-07    1.00030E-17    1.00030E-17    1.00030E-17
 1.04978E-06    1.00005E-17    1.00005E-17    1.00005E-17
 9.98841E+00    1.00000E-17    1.00000E-17    1.00000E-17
 1.01293E+01    1.00000E-17    1.00000E-17    1.00000E-17
 1.02722E+01    1.00000E-17    1.00000E-17    1.00000E-17
 1.04172E+01    1.00000E-17    1.00000E-17    1.00000E-17
 1.05641E+01    1.00000E-17    1.00000E-17    1.00000E-17
 1.07132E+01    1.00000E-17    1.00000E-17    1.00000E-17
 1.08643E+01    1.00000E-17    1.00000E-17    1.00000E-17
 1.10176E+01    1.00000E-17    1.00000E-17    1.00000E-17
 1.11730E+01    1.00000E-17    1.00000E-17    1.00000E-17
 1.13307E+01    1.00000E-17    1.00000E-17    1.00000E-17
 1.14905E+01    1.00000E-17    1.00000E-17    1.00000E-17
 1.16526E+01    1.00000E-17    1.00000E-17    1.00000E-17
 1.18170E+01    1.00000E-17    1.00000E-17    1.00000E-17
 1.19837E+01    1.00000E-17    1.00000E-17    1.00000E-17
 1.21528E+01    1.00000E-17    1.00000E-17    1.00000E-17
 1.23243E+01    1.00000E-17    1.00000E-17    1.00000E-17
 1.24981E+01    1.00000E-17    1.00000E-17    1.00000E-17
 1.25000E+01    1.00000E-17    1.00000E-17    1.00000E-17
 1.26764E+01    1.86505E-17    1.86505E-17    1.86505E-17
 1.28552E+01    2.74230E-17    2.74230E-17    2.74230E-17
 1.30000E+01    3.45261E-17    3.45261E-17    3.45261E-17
 1.31834E+01    9.32741E-17    9.32741E-17    9.32741E-17
 1.33694E+01    1.52851E-16    1.52851E-16    1.52851E-16
 1.35000E+01    1.94684E-16    1.94684E-16    1.94684E-16
 1.36905E+01    4.86797E-16    4.86797E-16    4.86797E-16
 1.38836E+01    7.83032E-16    7.83032E-16    7.83032E-16
 1.40000E+01    9.61544E-16    9.61544E-16    9.61544E-16
 1.41975E+01    2.11498E-15    2.11498E-15    2.11498E-15
 1.43978E+01    3.28468E-15    3.28468E-15    3.28468E-15
 1.45000E+01    3.88141E-15    3.88141E-15    3.88141E-15
 1.47046E+01    7.89836E-15    7.89836E-15    7.89836E-15
 1.49120E+01    1.19720E-14    1.19720E-14    1.19720E-14
 1.50000E+01    1.36995E-14    1.36995E-14    1.36995E-14
 1.52116E+01    7.25547E-14    7.25547E-14    7.25547E-14
 1.54262E+01    1.32240E-13    1.32240E-13    1.32240E-13
 1.56439E+01    1.92768E-13    1.92768E-13    1.92768E-13
 1.58646E+01    2.54149E-13    2.54149E-13    2.54149E-13
 1.60000E+01    2.91813E-13    2.91813E-13    2.91813E-13
 1.62257E+01    6.74930E-13    6.74930E-13    6.74930E-13
 1.64546E+01    1.06345E-12    1.06345E-12    1.06345E-12
 1.66868E+01    1.45746E-12    1.45746E-12    1.45746E-12
 1.69222E+01    1.85702E-12    1.85702E-12    1.85702E-12
 1.70000E+01    1.98904E-12    1.98904E-12    1.98904E-12
 1.72398E+01    4.03239E-12    4.03239E-12    4.03239E-12
 1.74831E+01    6.10457E-12    6.10457E-12    6.10457E-12
 1.77297E+01    8.20598E-12    8.20598E-12    8.20598E-12
 1.79799E+01    1.03370E-11    1.03370E-11    1.03370E-11
 1.80000E+01    1.05087E-11    1.05087E-11    1.05087E-11
 1.82539E+01    2.08834E-11    2.08834E-11    2.08834E-11
 1.85115E+01    3.14045E-11    3.14045E-11    3.14045E-11
 1.87726E+01    4.20740E-11    4.20740E-11    4.20740E-11
 1.90000E+01    5.13624E-11    5.13624E-11    5.13624E-11
 1.92681E+01    1.04063E-10    1.04063E-10    1.04063E-10
 1.95399E+01    1.57506E-10    1.57506E-10    1.57506E-10
 1.98156E+01    2.11704E-10    2.11704E-10    2.11704E-10
 2.00000E+01    2.47964E-10    0.00000E+00    2.21773E-09
 2.02822E+01    4.74343E-10    0.00000E+00    4.24242E-09
 2.05683E+01    7.03916E-10    0.00000E+00    6.29567E-09
 2.08585E+01    9.36728E-10    0.00000E+00    8.37789E-09
 2.10000E+01    1.05026E-09    0.00000E+00    9.39329E-09
 2.12963E+01    1.93223E-09    0.00000E+00    1.72814E-08
 2.15967E+01    2.82664E-09    0.00000E+00    2.52808E-08
 2.19014E+01    3.73367E-09    0.00000E+00    3.33931E-08
 2.20000E+01    4.02715E-09    0.00000E+00    3.60179E-08
 2.23104E+01    7.43058E-09    0.00000E+00    6.64574E-08
 2.26251E+01    1.08820E-08    0.00000E+00    9.73262E-08
 2.29443E+01    1.43822E-08    0.00000E+00    1.28631E-07
 2.30000E+01    1.49925E-08    0.00000E+00    1.34090E-07
 2.33245E+01    2.69591E-08    0.00000E+00    2.41116E-07
 2.36536E+01    3.90944E-08    0.00000E+00    3.49652E-07
 2.39873E+01    5.14010E-08    0.00000E+00    4.59719E-07
 2.40000E+01    5.18707E-08    0.00000E+00    4.00255E-07
 2.43386E+01    9.05243E-08    0.00000E+00    6.98521E-07
 2.46820E+01    1.29723E-07    0.00000E+00    1.00099E-06
 2.50000E+01    1.66029E-07    0.00000E+00    1.28114E-06
 2.53527E+01    2.88941E-07    0.00000E+00    2.22958E-06
 2.57104E+01    4.13587E-07    0.00000E+00    3.19140E-06
 2.60000E+01    5.14513E-07    0.00000E+00    3.97018E-06
 2.63668E+01    8.69917E-07    0.00000E+00    6.71262E-06
 2.67388E+01    1.23034E-06    0.00000E+00    9.49375E-06
 2.70000E+01    1.48341E-06    0.00000E+00    1.14466E-05
 2.73809E+01    2.39799E-06    0.00000E+00    1.85038E-05
 2.77672E+01    3.32548E-06    0.00000E+00    2.56607E-05
 2.80000E+01    3.88438E-06    0.00000E+00    2.99734E-05
 2.83950E+01    6.07242E-06    0.00000E+00    4.68571E-05
 2.87956E+01    8.29132E-06    0.00000E+00    6.39791E-05
 2.90000E+01    9.42330E-06    0.00000E+00    7.27139E-05
 2.94091E+01    1.42976E-05    0.00000E+00    1.10326E-04
 2.98240E+01    1.92407E-05    0.00000E+00    1.48469E-04
 3.00000E+01    2.13369E-05    0.00000E+00    1.64644E-04
