# n + Ac226 : (n,n'11)  
# tendl.2017 A.J. Koning and D. Rochman        EVAL-NOV17
# uncertainties: n
# # energies =    92
#   E(MeV)       xs(mb) 
 2.31026E-01    0.00000E+00
 2.66183E-01    6.66338E-07
 2.91294E-01    1.14227E-06
 3.00000E-01    1.30728E-06
 3.79687E-01    2.40528E-05
 4.00000E-01    2.98508E-05
 4.19865E-01    5.90989E-05
 5.00000E-01    1.77085E-04
 5.58481E-01    4.37352E-04
 5.91628E-01    5.84872E-04
 5.93520E-01    5.93292E-04
 5.95529E-01    6.02233E-04
 5.96533E-01    6.06701E-04
 5.97538E-01    6.11174E-04
 5.98542E-01    6.15642E-04
 5.99547E-01    6.20115E-04
 6.00000E-01    6.22131E-04
 6.00551E-01    6.27525E-04
 6.01556E-01    6.37362E-04
 6.02560E-01    6.47190E-04
 6.03565E-01    6.57028E-04
 6.04569E-01    6.66856E-04
 6.05573E-01    6.76684E-04
 6.06577E-01    6.86512E-04
 7.00000E-01    1.60102E-03
 8.00000E-01    3.32043E-03
 9.00000E-01    5.99507E-03
 1.00000E+00    9.86195E-03
 1.20000E+00    2.26924E-02
 1.40000E+00    4.59451E-02
 1.60000E+00    8.51321E-02
 1.80000E+00    1.44465E-01
 2.00000E+00    2.23602E-01
 2.20000E+00    3.18764E-01
 2.40000E+00    4.26503E-01
 2.60000E+00    5.44946E-01
 2.80000E+00    6.72481E-01
 3.00000E+00    8.05380E-01
 3.20000E+00    9.36313E-01
 3.40000E+00    1.05502E+00
 3.60000E+00    1.15105E+00
 3.80000E+00    1.21742E+00
 4.00000E+00    1.25287E+00
 4.20000E+00    1.26151E+00
 4.40000E+00    1.25061E+00
 4.60000E+00    1.22796E+00
 4.80000E+00    1.20019E+00
 5.00000E+00    1.17214E+00
 5.20000E+00    1.14706E+00
 5.40000E+00    1.12686E+00
 5.60000E+00    1.11268E+00
 5.80000E+00    1.10506E+00
 6.00000E+00    1.10421E+00
 6.20000E+00    1.11001E+00
 6.40000E+00    1.12206E+00
 6.60000E+00    1.13963E+00
 6.80000E+00    1.16162E+00
 7.00000E+00    1.18665E+00
 7.20000E+00    1.21311E+00
 7.40000E+00    1.23935E+00
 7.60000E+00    1.26383E+00
 7.80000E+00    1.28530E+00
 8.00000E+00    1.30289E+00
 8.50000E+00    1.32732E+00
 9.00000E+00    1.32502E+00
 9.50000E+00    1.30218E+00
 1.00000E+01    1.26650E+00
 1.05000E+01    1.22491E+00
 1.10000E+01    1.18251E+00
 1.15000E+01    1.14219E+00
 1.20000E+01    1.10487E+00
 1.25000E+01    1.07023E+00
 1.30000E+01    1.03755E+00
 1.35000E+01    1.00624E+00
 1.40000E+01    9.76141E-01
 1.45000E+01    9.47428E-01
 1.50000E+01    9.20433E-01
 1.60000E+01    8.72893E-01
 1.70000E+01    8.34791E-01
 1.80000E+01    8.04918E-01
 1.90000E+01    7.80148E-01
 2.00000E+01    7.56919E-01
 2.10000E+01    7.32727E-01
 2.20000E+01    7.06984E-01
 2.30000E+01    6.80849E-01
 2.40000E+01    6.56133E-01
 2.50000E+01    6.34092E-01
 2.60000E+01    6.15010E-01
 2.70000E+01    5.98344E-01
 2.80000E+01    5.83075E-01
 2.90000E+01    5.68066E-01
 3.00000E+01    5.52509E-01
