# n + Ac226 : (n,n'13)  
# tendl.2017 A.J. Koning and D. Rochman        EVAL-NOV17
# uncertainties: n
# # energies =    90
#   E(MeV)       xs(mb) 
 2.91294E-01    0.00000E+00
 3.00000E-01    2.59784E+00
 3.79687E-01    8.13911E+00
 4.00000E-01    9.55164E+00
 4.19865E-01    1.00590E+01
 5.00000E-01    1.21055E+01
 5.58481E-01    1.24634E+01
 5.91628E-01    1.26663E+01
 5.93520E-01    1.26778E+01
 5.95529E-01    1.26901E+01
 5.96533E-01    1.26963E+01
 5.97538E-01    1.27024E+01
 5.98542E-01    1.27086E+01
 5.99547E-01    1.27147E+01
 6.00000E-01    1.27175E+01
 6.00551E-01    1.27134E+01
 6.01556E-01    1.27059E+01
 6.02560E-01    1.26985E+01
 6.03565E-01    1.26910E+01
 6.04569E-01    1.26835E+01
 6.05573E-01    1.26761E+01
 6.06577E-01    1.26686E+01
 7.00000E-01    1.19742E+01
 8.00000E-01    1.04698E+01
 9.00000E-01    8.80536E+00
 1.00000E+00    7.23396E+00
 1.20000E+00    4.74334E+00
 1.40000E+00    3.04412E+00
 1.60000E+00    1.94371E+00
 1.80000E+00    1.26675E+00
 2.00000E+00    8.54522E-01
 2.20000E+00    5.90459E-01
 2.40000E+00    4.10231E-01
 2.60000E+00    2.82367E-01
 2.80000E+00    1.91458E-01
 3.00000E+00    1.27919E-01
 3.20000E+00    8.45069E-02
 3.40000E+00    5.54366E-02
 3.60000E+00    3.62406E-02
 3.80000E+00    2.36816E-02
 4.00000E+00    1.54997E-02
 4.20000E+00    1.01815E-02
 4.40000E+00    6.71780E-03
 4.60000E+00    4.45378E-03
 4.80000E+00    2.96739E-03
 5.00000E+00    1.98858E-03
 5.20000E+00    1.34030E-03
 5.40000E+00    9.02754E-04
 5.60000E+00    6.14444E-04
 5.80000E+00    4.20715E-04
 6.00000E+00    2.90059E-04
 6.20000E+00    2.01297E-04
 6.40000E+00    1.40402E-04
 6.60000E+00    9.86359E-05
 6.80000E+00    6.96494E-05
 7.00000E+00    4.94734E-05
 7.20000E+00    3.53566E-05
 7.40000E+00    2.53844E-05
 7.60000E+00    1.83424E-05
 7.80000E+00    1.33142E-05
 8.00000E+00    9.71079E-06
 8.50000E+00    4.49789E-06
 9.00000E+00    2.13746E-06
 9.50000E+00    1.04061E-06
 1.00000E+01    5.18363E-07
 1.05000E+01    2.64010E-07
 1.10000E+01    1.37362E-07
 1.15000E+01    7.29749E-08
 1.20000E+01    3.95407E-08
 1.25000E+01    2.18301E-08
 1.30000E+01    1.22598E-08
 1.35000E+01    6.99485E-09
 1.40000E+01    4.04829E-09
 1.45000E+01    2.37503E-09
 1.50000E+01    1.41130E-09
 1.60000E+01    5.17319E-10
 1.70000E+01    1.98065E-10
 1.80000E+01    7.98715E-11
 1.90000E+01    3.36928E-11
 2.00000E+01    1.48088E-11
 2.10000E+01    6.76183E-12
 2.20000E+01    3.19772E-12
 2.30000E+01    1.56179E-12
 2.40000E+01    7.87805E-13
 2.50000E+01    4.09947E-13
 2.60000E+01    2.18824E-13
 2.70000E+01    1.19893E-13
 2.80000E+01    6.73156E-14
 2.90000E+01    3.86738E-14
 3.00000E+01    2.26661E-14
