# n + Ac225 : (n,d)     
# tendl.2017 A.J. Koning and D. Rochman        EVAL-NOV17
# uncertainties: y
# # energies =    46
#   E(MeV)       xs(mb)       xslow(mb)      xsupp(mb)
 2.26307E+00    0.00000E+00    0.00000E+00    0.00000E+00
 5.00000E+00    9.02987E-17    9.02987E-17    9.02987E-17
 5.20000E+00    8.94256E-16    8.94256E-16    8.94256E-16
 5.40000E+00    7.39087E-15    7.39087E-15    7.39087E-15
 5.60000E+00    5.17395E-14    5.17395E-14    5.17395E-14
 5.80000E+00    9.81300E-13    9.81300E-13    9.81300E-13
 6.00000E+00    5.49579E-12    5.49579E-12    5.49579E-12
 6.20000E+00    2.65339E-11    2.65339E-11    2.65339E-11
 6.40000E+00    1.14545E-10    1.14545E-10    1.14545E-10
 6.60000E+00    2.65308E-10    0.00000E+00    6.19613E-10
 6.80000E+00    6.88592E-10    0.00000E+00    1.60817E-09
 7.00000E+00    3.20800E-09    0.00000E+00    7.49212E-09
 7.20000E+00    7.21554E-09    0.00000E+00    1.68515E-08
 7.40000E+00    2.77815E-08    0.00000E+00    6.48822E-08
 7.60000E+00    7.11327E-08    0.00000E+00    1.66127E-07
 7.80000E+00    1.49684E-07    0.00000E+00    3.49579E-07
 8.00000E+00    4.36966E-07    0.00000E+00    1.02051E-06
 8.50000E+00    3.08208E-06    0.00000E+00    7.19804E-06
 9.00000E+00    1.69271E-05    8.64302E-06    2.52112E-05
 9.50000E+00    7.55434E-05    3.85726E-05    1.12514E-04
 1.00000E+01    2.83302E-04    1.44655E-04    4.21949E-04
 1.05000E+01    9.16463E-04    4.67948E-04    1.36498E-03
 1.10000E+01    2.60985E-03    1.33260E-03    3.88710E-03
 1.15000E+01    6.64715E-03    3.39405E-03    9.90025E-03
 1.20000E+01    1.53392E-02    7.83223E-03    2.28462E-02
 1.25000E+01    3.24272E-02    1.65574E-02    4.82970E-02
 1.30000E+01    6.34557E-02    4.60314E-02    8.08800E-02
 1.35000E+01    1.16019E-01    8.41614E-02    1.47877E-01
 1.40000E+01    1.99667E-01    1.44841E-01    2.54494E-01
 1.45000E+01    3.24999E-01    2.35758E-01    4.14240E-01
 1.50000E+01    5.02856E-01    3.64777E-01    6.40935E-01
 1.60000E+01    1.05251E+00    8.83877E-01    1.22114E+00
 1.70000E+01    1.93589E+00    1.62572E+00    2.24606E+00
 1.80000E+01    3.02695E+00    2.54197E+00    3.51193E+00
 1.90000E+01    4.26825E+00    3.58439E+00    4.95211E+00
 2.00000E+01    5.54224E+00    4.56939E+00    6.51509E+00
 2.10000E+01    6.73282E+00    5.55098E+00    7.91466E+00
 2.20000E+01    7.75516E+00    6.39387E+00    9.11645E+00
 2.30000E+01    8.52521E+00    7.02875E+00    1.00217E+01
 2.40000E+01    9.15189E+00    7.17234E+00    1.11314E+01
 2.50000E+01    9.14292E+00    7.16531E+00    1.11205E+01
 2.60000E+01    9.48861E+00    7.43622E+00    1.15410E+01
 2.70000E+01    9.72643E+00    7.62260E+00    1.18303E+01
 2.80000E+01    9.88170E+00    7.74429E+00    1.20191E+01
 2.90000E+01    9.96065E+00    7.80616E+00    1.21151E+01
 3.00000E+01    9.97503E+00    7.81743E+00    1.21326E+01
