# n + Ac225 : (n,t)     
# tendl.2017 A.J. Koning and D. Rochman        EVAL-NOV17
# uncertainties: y
# # energies =    43
#   E(MeV)       xs(mb)       xslow(mb)      xsupp(mb)
 2.48553E+00    0.00000E+00    0.00000E+00    0.00000E+00
 5.60000E+00    2.01853E-17    2.01853E-17    2.01853E-17
 5.80000E+00    1.28394E-16    1.28394E-16    1.28394E-16
 6.00000E+00    6.76834E-16    6.76834E-16    6.76834E-16
 6.20000E+00    3.03744E-15    3.03744E-15    3.03744E-15
 6.40000E+00    1.18706E-14    1.18706E-14    1.18706E-14
 6.60000E+00    7.41987E-14    0.00000E+00    7.41987E-13
 6.80000E+00    1.55165E-12    0.00000E+00    1.55165E-11
 7.00000E+00    3.37817E-12    0.00000E+00    3.37817E-11
 7.20000E+00    1.39900E-11    0.00000E+00    1.39900E-10
 7.40000E+00    3.09141E-11    0.00000E+00    3.09141E-10
 7.60000E+00    9.15417E-11    0.00000E+00    9.15417E-10
 7.80000E+00    2.05019E-10    0.00000E+00    2.05019E-09
 8.00000E+00    4.88216E-10    0.00000E+00    4.88216E-09
 8.50000E+00    5.87214E-09    0.00000E+00    5.87214E-08
 9.00000E+00    6.29923E-08    0.00000E+00    3.70651E-07
 9.50000E+00    5.38387E-07    0.00000E+00    3.16790E-06
 1.00000E+01    3.63679E-06    0.00000E+00    2.13991E-05
 1.05000E+01    1.99005E-05    0.00000E+00    1.17096E-04
 1.10000E+01    9.09028E-05    0.00000E+00    5.34878E-04
 1.15000E+01    3.55049E-04    0.00000E+00    2.08913E-03
 1.20000E+01    1.00732E-03    0.00000E+00    5.92714E-03
 1.25000E+01    3.10715E-03    0.00000E+00    1.82827E-02
 1.30000E+01    8.53953E-03    0.00000E+00    2.07161E-02
 1.35000E+01    2.09795E-02    0.00000E+00    5.08943E-02
 1.40000E+01    4.62091E-02    0.00000E+00    1.12099E-01
 1.45000E+01    9.16241E-02    0.00000E+00    2.22272E-01
 1.50000E+01    1.64844E-01    0.00000E+00    3.99896E-01
 1.60000E+01    4.19431E-01    2.24412E-01    6.14450E-01
 1.70000E+01    8.34230E-01    4.46345E-01    1.22211E+00
 1.80000E+01    1.38548E+00    7.41285E-01    2.02967E+00
 1.90000E+01    1.99552E+00    1.06768E+00    2.92336E+00
 2.00000E+01    2.57192E+00    2.51830E-01    4.89201E+00
 2.10000E+01    3.04230E+00    2.97887E-01    5.78671E+00
 2.20000E+01    3.40208E+00    3.33115E-01    6.47104E+00
 2.30000E+01    3.63630E+00    3.56049E-01    6.91655E+00
 2.40000E+01    3.80793E+00    0.00000E+00    1.04807E+01
 2.50000E+01    3.84959E+00    0.00000E+00    1.05954E+01
 2.60000E+01    3.82789E+00    0.00000E+00    1.05357E+01
 2.70000E+01    3.76313E+00    0.00000E+00    1.03574E+01
 2.80000E+01    3.64654E+00    0.00000E+00    1.00365E+01
 2.90000E+01    3.51706E+00    0.00000E+00    9.68017E+00
 3.00000E+01    3.37620E+00    0.00000E+00    9.29247E+00
