# n + Ac225 : (n,pa)    
# tendl.2017 A.J. Koning and D. Rochman        EVAL-NOV17
# uncertainties: y
# # energies =   277
#   E(MeV)       xs(mb)       xslow(mb)      xsupp(mb)
 1.00000E-11    3.91229E-17    3.91229E-17    3.91229E-17
 1.03005E-11    3.85805E-17    3.85805E-17    3.85805E-17
 1.06099E-11    3.80465E-17    3.80465E-17    3.80465E-17
 1.09287E-11    3.75209E-17    3.75209E-17    3.75209E-17
 1.12571E-11    3.70034E-17    3.70034E-17    3.70034E-17
 1.15953E-11    3.64940E-17    3.64940E-17    3.64940E-17
 1.19437E-11    3.59926E-17    3.59926E-17    3.59926E-17
 1.23026E-11    3.54991E-17    3.54991E-17    3.54991E-17
 1.26722E-11    3.50133E-17    3.50133E-17    3.50133E-17
 1.30530E-11    3.45351E-17    3.45351E-17    3.45351E-17
 1.34452E-11    3.40645E-17    3.40645E-17    3.40645E-17
 1.38491E-11    3.36014E-17    3.36014E-17    3.36014E-17
 1.42652E-11    3.31456E-17    3.31456E-17    3.31456E-17
 1.46938E-11    3.26970E-17    3.26970E-17    3.26970E-17
 1.51353E-11    3.22555E-17    3.22555E-17    3.22555E-17
 1.55901E-11    3.18211E-17    3.18211E-17    3.18211E-17
 1.60585E-11    3.13936E-17    3.13936E-17    3.13936E-17
 1.65410E-11    3.09730E-17    3.09730E-17    3.09730E-17
 1.70380E-11    3.05591E-17    3.05591E-17    3.05591E-17
 1.75499E-11    3.01519E-17    3.01519E-17    3.01519E-17
 1.80772E-11    2.97513E-17    2.97513E-17    2.97513E-17
 1.86993E-11    2.93013E-17    2.93013E-17    2.93013E-17
 1.93427E-11    2.88597E-17    2.88597E-17    2.88597E-17
 2.00083E-11    2.84263E-17    2.84263E-17    2.84263E-17
 2.06968E-11    2.80009E-17    2.80009E-17    2.80009E-17
 2.14090E-11    2.75835E-17    2.75835E-17    2.75835E-17
 2.21458E-11    2.71740E-17    2.71740E-17    2.71740E-17
 2.29078E-11    2.67721E-17    2.67721E-17    2.67721E-17
 2.36961E-11    2.63779E-17    2.63779E-17    2.63779E-17
 2.45115E-11    2.59911E-17    2.59911E-17    2.59911E-17
 2.53550E-11    2.56116E-17    2.56116E-17    2.56116E-17
 2.62275E-11    2.52395E-17    2.52395E-17    2.52395E-17
 2.71300E-11    2.48744E-17    2.48744E-17    2.48744E-17
 2.80636E-11    2.45164E-17    2.45164E-17    2.45164E-17
 2.90293E-11    2.41653E-17    2.41653E-17    2.41653E-17
 3.00282E-11    2.38210E-17    2.38210E-17    2.38210E-17
 3.10615E-11    2.34835E-17    2.34835E-17    2.34835E-17
 3.21304E-11    2.31525E-17    2.31525E-17    2.31525E-17
 3.32360E-11    2.28281E-17    2.28281E-17    2.28281E-17
 3.43797E-11    2.25100E-17    2.25100E-17    2.25100E-17
 3.55627E-11    2.21983E-17    2.21983E-17    2.21983E-17
 3.67865E-11    2.18928E-17    2.18928E-17    2.18928E-17
 3.80524E-11    2.15935E-17    2.15935E-17    2.15935E-17
 3.93618E-11    2.13001E-17    2.13001E-17    2.13001E-17
 4.07163E-11    2.10128E-17    2.10128E-17    2.10128E-17
 4.21174E-11    2.07312E-17    2.07312E-17    2.07312E-17
 4.35667E-11    2.04555E-17    2.04555E-17    2.04555E-17
 4.50659E-11    2.01854E-17    2.01854E-17    2.01854E-17
 4.66166E-11    1.99209E-17    1.99209E-17    1.99209E-17
 4.82208E-11    1.96619E-17    1.96619E-17    1.96619E-17
 4.98801E-11    1.94084E-17    1.94084E-17    1.94084E-17
 5.15965E-11    1.91602E-17    1.91602E-17    1.91602E-17
 5.33720E-11    1.89173E-17    1.89173E-17    1.89173E-17
 5.52086E-11    1.86795E-17    1.86795E-17    1.86795E-17
 5.71084E-11    1.84469E-17    1.84469E-17    1.84469E-17
 5.90736E-11    1.82193E-17    1.82193E-17    1.82193E-17
 6.11064E-11    1.79967E-17    1.79967E-17    1.79967E-17
 6.32091E-11    1.77789E-17    1.77789E-17    1.77789E-17
 6.53842E-11    1.75660E-17    1.75660E-17    1.75660E-17
 6.76342E-11    1.73577E-17    1.73577E-17    1.73577E-17
 6.99616E-11    1.71542E-17    1.71542E-17    1.71542E-17
 7.23690E-11    1.69552E-17    1.69552E-17    1.69552E-17
 7.48593E-11    1.67607E-17    1.67607E-17    1.67607E-17
 7.74353E-11    1.65707E-17    1.65707E-17    1.65707E-17
 8.00999E-11    1.63851E-17    1.63851E-17    1.63851E-17
 8.32074E-11    1.61814E-17    1.61814E-17    1.61814E-17
 8.64355E-11    1.59831E-17    1.59831E-17    1.59831E-17
 8.97887E-11    1.57900E-17    1.57900E-17    1.57900E-17
 9.32721E-11    1.56021E-17    1.56021E-17    1.56021E-17
 9.68906E-11    1.54193E-17    1.54193E-17    1.54193E-17
 1.00649E-10    1.52415E-17    1.52415E-17    1.52415E-17
 1.04554E-10    1.50685E-17    1.50685E-17    1.50685E-17
 1.08610E-10    1.49004E-17    1.49004E-17    1.49004E-17
 1.12824E-10    1.47369E-17    1.47369E-17    1.47369E-17
 1.17201E-10    1.45781E-17    1.45781E-17    1.45781E-17
 1.21748E-10    1.44238E-17    1.44238E-17    1.44238E-17
 1.26471E-10    1.42740E-17    1.42740E-17    1.42740E-17
 1.31377E-10    1.41285E-17    1.41285E-17    1.41285E-17
 1.36474E-10    1.39872E-17    1.39872E-17    1.39872E-17
 1.41769E-10    1.38502E-17    1.38502E-17    1.38502E-17
 1.47268E-10    1.37172E-17    1.37172E-17    1.37172E-17
 1.52982E-10    1.35883E-17    1.35883E-17    1.35883E-17
 1.59590E-10    1.34496E-17    1.34496E-17    1.34496E-17
 1.66484E-10    1.33156E-17    1.33156E-17    1.33156E-17
 1.73676E-10    1.31863E-17    1.31863E-17    1.31863E-17
 1.81178E-10    1.30615E-17    1.30615E-17    1.30615E-17
 1.89005E-10    1.29410E-17    1.29410E-17    1.29410E-17
 1.97169E-10    1.28248E-17    1.28248E-17    1.28248E-17
 2.05686E-10    1.27128E-17    1.27128E-17    1.27128E-17
 2.14571E-10    1.26048E-17    1.26048E-17    1.26048E-17
 2.24789E-10    1.24905E-17    1.24905E-17    1.24905E-17
 2.35493E-10    1.23809E-17    1.23809E-17    1.23809E-17
 2.46707E-10    1.22758E-17    1.22758E-17    1.22758E-17
 2.58455E-10    1.21749E-17    1.21749E-17    1.21749E-17
 2.70762E-10    1.20783E-17    1.20783E-17    1.20783E-17
 2.83655E-10    1.19857E-17    1.19857E-17    1.19857E-17
 2.98422E-10    1.18891E-17    1.18891E-17    1.18891E-17
 3.13957E-10    1.17970E-17    1.17970E-17    1.17970E-17
 3.30301E-10    1.17092E-17    1.17092E-17    1.17092E-17
 3.47496E-10    1.16256E-17    1.16256E-17    1.16256E-17
 3.67136E-10    1.15394E-17    1.15394E-17    1.15394E-17
 3.87885E-10    1.14576E-17    1.14576E-17    1.14576E-17
 4.09807E-10    1.13801E-17    1.13801E-17    1.13801E-17
 4.32968E-10    1.13066E-17    1.13066E-17    1.13066E-17
 4.59377E-10    1.12318E-17    1.12318E-17    1.12318E-17
 4.87396E-10    1.11612E-17    1.11612E-17    1.11612E-17
 5.17125E-10    1.10946E-17    1.10946E-17    1.10946E-17
 5.50992E-10    1.10274E-17    1.10274E-17    1.10274E-17
 5.87077E-10    1.09643E-17    1.09643E-17    1.09643E-17
 6.28176E-10    1.09013E-17    1.09013E-17    1.09013E-17
 6.72152E-10    1.08423E-17    1.08423E-17    1.08423E-17
 7.22255E-10    1.07839E-17    1.07839E-17    1.07839E-17
 7.76093E-10    1.07295E-17    1.07295E-17    1.07295E-17
 8.37478E-10    1.06761E-17    1.06761E-17    1.06761E-17
 9.07549E-10    1.06239E-17    1.06239E-17    1.06239E-17
 9.83482E-10    1.05757E-17    1.05757E-17    1.05757E-17
 1.07028E-09    1.05290E-17    1.05290E-17    1.05290E-17
 1.16969E-09    1.04841E-17    1.04841E-17    1.04841E-17
 1.28373E-09    1.04411E-17    1.04411E-17    1.04411E-17
 1.41488E-09    1.04002E-17    1.04002E-17    1.04002E-17
 1.56602E-09    1.03616E-17    1.03616E-17    1.03616E-17
 1.74066E-09    1.03253E-17    1.03253E-17    1.03253E-17
 1.95121E-09    1.02902E-17    1.02902E-17    1.02902E-17
 2.20580E-09    1.02567E-17    1.02567E-17    1.02567E-17
 2.50418E-09    1.02261E-17    1.02261E-17    1.02261E-17
 2.86707E-09    1.01975E-17    1.01975E-17    1.01975E-17
 3.32446E-09    1.01703E-17    1.01703E-17    1.01703E-17
 3.90404E-09    1.01450E-17    1.01450E-17    1.01450E-17
 4.64320E-09    1.01219E-17    1.01219E-17    1.01219E-17
 5.61651E-09    1.01008E-17    1.01008E-17    1.01008E-17
 6.90975E-09    1.00819E-17    1.00819E-17    1.00819E-17
 8.71923E-09    1.00649E-17    1.00649E-17    1.00649E-17
 1.13331E-08    1.00500E-17    1.00500E-17    1.00500E-17
 1.53670E-08    1.00368E-17    1.00368E-17    1.00368E-17
 2.20143E-08    1.00257E-17    1.00257E-17    1.00257E-17
 2.52045E-08    1.00225E-17    1.00225E-17    1.00225E-17
 2.53000E-08    1.00224E-17    1.00224E-17    1.00224E-17
 4.06280E-08    1.00139E-17    1.00139E-17    1.00139E-17
 7.56507E-08    1.00075E-17    1.00075E-17    1.00075E-17
 1.87799E-07    1.00030E-17    1.00030E-17    1.00030E-17
 1.03517E-06    1.00005E-17    1.00005E-17    1.00005E-17
 1.17897E-04    1.00000E-17    1.00000E-17    1.00000E-17
 1.58225E-04    1.00000E-17    1.00000E-17    1.00000E-17
 1.60457E-04    1.00000E-17    1.00000E-17    1.00000E-17
 1.62721E-04    1.00000E-17    1.00000E-17    1.00000E-17
 1.67344E-04    1.00000E-17    1.00000E-17    1.00000E-17
 1.72099E-04    1.00000E-17    1.00000E-17    1.00000E-17
 1.74527E-04    1.00000E-17    1.00000E-17    1.00000E-17
 1.79487E-04    1.00000E-17    1.00000E-17    1.00000E-17
 1.95226E-04    1.00000E-17    1.00000E-17    1.00000E-17
 1.97981E-04    1.00000E-17    1.00000E-17    1.00000E-17
 2.03606E-04    1.00000E-17    1.00000E-17    1.00000E-17
 2.09392E-04    1.00000E-17    1.00000E-17    1.00000E-17
 2.21461E-04    1.00000E-17    1.00000E-17    1.00000E-17
 2.30967E-04    1.00000E-17    1.00000E-17    1.00000E-17
 2.81015E-04    1.00000E-17    1.00000E-17    1.00000E-17
 2.84980E-04    1.00000E-17    1.00000E-17    1.00000E-17
 3.09970E-04    1.00000E-17    1.00000E-17    1.00000E-17
 3.14343E-04    1.00000E-17    1.00000E-17    1.00000E-17
 4.15997E-04    1.00000E-17    1.00000E-17    1.00000E-17
 4.21866E-04    1.00000E-17    1.00000E-17    1.00000E-17
 4.52476E-04    1.00000E-17    1.00000E-17    1.00000E-17
 4.92155E-04    1.00000E-17    1.00000E-17    1.00000E-17
 4.99098E-04    1.00000E-17    1.00000E-17    1.00000E-17
 5.42865E-04    1.00000E-17    1.00000E-17    1.00000E-17
 5.66167E-04    1.00000E-17    1.00000E-17    1.00000E-17
 7.18419E-04    1.00000E-17    1.00000E-17    1.00000E-17
 7.28554E-04    1.00000E-17    1.00000E-17    1.00000E-17
 8.03622E-04    1.00000E-17    1.00000E-17    1.00000E-17
 8.26457E-04    1.00000E-17    1.00000E-17    1.00000E-17
 8.38117E-04    1.00000E-17    1.00000E-17    1.00000E-17
 8.61933E-04    1.00000E-17    1.00000E-17    1.00000E-17
 8.98931E-04    1.00000E-17    1.00000E-17    1.00000E-17
 9.11613E-04    1.00000E-17    1.00000E-17    1.00000E-17
 1.01973E-03    1.00000E-17    1.00000E-17    1.00000E-17
 1.06350E-03    1.00000E-17    1.00000E-17    1.00000E-17
 7.00000E+00    1.00001E-17    1.00001E-17    1.00001E-17
 7.20000E+00    1.13764E-17    1.13764E-17    1.13764E-17
 7.40000E+00    2.43286E-17    2.43286E-17    2.43286E-17
 7.60000E+00    5.14582E-17    5.14582E-17    5.14582E-17
 7.80000E+00    9.81181E-17    9.81181E-17    9.81181E-17
 8.00000E+00    2.01004E-16    2.01004E-16    2.01004E-16
 8.50000E+00    9.84715E-16    9.84715E-16    9.84715E-16
 9.00000E+00    3.91889E-15    3.91889E-15    3.91889E-15
 9.50000E+00    1.33365E-14    1.33365E-14    1.33365E-14
 1.00000E+01    4.21155E-14    4.21155E-14    4.21155E-14
 1.01411E+01    6.17315E-14    6.17315E-14    6.17315E-14
 1.02842E+01    8.16257E-14    8.16257E-14    8.16257E-14
 1.04292E+01    1.01801E-13    1.01801E-13    1.01801E-13
 1.05000E+01    1.11639E-13    1.11639E-13    1.11639E-13
 1.06481E+01    1.63883E-13    1.63883E-13    1.63883E-13
 1.07984E+01    2.16864E-13    2.16864E-13    2.16864E-13
 1.09507E+01    2.70592E-13    2.70592E-13    2.70592E-13
 1.10000E+01    2.87976E-13    2.87976E-13    2.87976E-13
 1.11552E+01    7.45673E-13    7.45673E-13    7.45673E-13
 1.13126E+01    1.20983E-12    1.20983E-12    1.20983E-12
 1.14722E+01    1.68053E-12    1.68053E-12    1.68053E-12
 1.15000E+01    1.76261E-12    1.76261E-12    1.76261E-12
 1.16622E+01    2.49468E-12    2.49468E-12    2.49468E-12
 1.18268E+01    3.23708E-12    3.23708E-12    3.23708E-12
 1.19936E+01    3.98996E-12    3.98996E-12    3.98996E-12
 1.20000E+01    4.01869E-12    4.01869E-12    4.01869E-12
 1.21693E+01    5.59794E-12    5.59794E-12    5.59794E-12
 1.23410E+01    7.19947E-12    7.19947E-12    7.19947E-12
 1.25000E+01    8.68279E-12    8.68279E-12    8.68279E-12
 1.26764E+01    1.20092E-11    1.20092E-11    1.20092E-11
 1.28552E+01    1.53825E-11    1.53825E-11    1.53825E-11
 1.30000E+01    1.81139E-11    1.81139E-11    1.81139E-11
 1.31834E+01    2.51121E-11    2.51121E-11    2.51121E-11
 1.33694E+01    3.22091E-11    3.22091E-11    3.22091E-11
 1.35000E+01    3.71923E-11    3.71923E-11    3.71923E-11
 1.36905E+01    5.08139E-11    5.08139E-11    5.08139E-11
 1.38836E+01    6.46277E-11    6.46277E-11    6.46277E-11
 1.40000E+01    7.29520E-11    7.29520E-11    7.29520E-11
 1.41975E+01    9.94095E-11    9.94095E-11    9.94095E-11
 1.43978E+01    1.26240E-10    1.26240E-10    1.26240E-10
 1.45000E+01    1.39928E-10    1.39928E-10    1.39928E-10
 1.47046E+01    1.87986E-10    1.87986E-10    1.87986E-10
 1.49120E+01    2.36722E-10    2.36722E-10    2.36722E-10
 1.50000E+01    2.57390E-10    2.57390E-10    2.57390E-10
 1.52116E+01    3.76265E-10    3.76265E-10    3.76265E-10
 1.54262E+01    4.96816E-10    4.96816E-10    4.96816E-10
 1.56439E+01    6.19069E-10    6.19069E-10    6.19069E-10
 1.58646E+01    7.43046E-10    7.43046E-10    7.43046E-10
 1.60000E+01    8.19118E-10    0.00000E+00    6.79874E-09
 1.62257E+01    1.15547E-09    0.00000E+00    9.59049E-09
 1.64546E+01    1.49657E-09    0.00000E+00    1.24216E-08
 1.66868E+01    1.84247E-09    0.00000E+00    1.52926E-08
 1.69222E+01    2.19326E-09    0.00000E+00    1.82042E-08
 1.70000E+01    2.30917E-09    0.00000E+00    1.91663E-08
 1.72398E+01    3.13042E-09    0.00000E+00    2.59827E-08
 1.74831E+01    3.96326E-09    0.00000E+00    3.28954E-08
 1.77297E+01    4.80785E-09    0.00000E+00    3.99055E-08
 1.79799E+01    5.66435E-09    0.00000E+00    4.70145E-08
 1.80000E+01    5.73334E-09    0.00000E+00    4.75872E-08
 1.82539E+01    7.63860E-09    0.00000E+00    6.34010E-08
 1.85115E+01    9.57073E-09    0.00000E+00    7.94378E-08
 1.87726E+01    1.15301E-08    0.00000E+00    9.57007E-08
 1.90000E+01    1.32359E-08    0.00000E+00    1.09859E-07
 1.92681E+01    1.73262E-08    0.00000E+00    1.43809E-07
 1.95399E+01    2.14743E-08    0.00000E+00    1.78238E-07
 1.98156E+01    2.56809E-08    0.00000E+00    2.13153E-07
 2.00000E+01    2.84952E-08    0.00000E+00    2.05906E-07
 2.02822E+01    3.69734E-08    0.00000E+00    2.67170E-07
 2.05683E+01    4.55713E-08    0.00000E+00    3.29298E-07
 2.08585E+01    5.42904E-08    0.00000E+00    3.92302E-07
 2.10000E+01    5.85424E-08    0.00000E+00    4.23027E-07
 2.12963E+01    7.64383E-08    0.00000E+00    5.52343E-07
 2.15967E+01    9.45867E-08    0.00000E+00    6.83483E-07
 2.19014E+01    1.12991E-07    0.00000E+00    8.16472E-07
 2.20000E+01    1.18946E-07    0.00000E+00    8.59503E-07
 2.23104E+01    1.55070E-07    0.00000E+00    1.12053E-06
 2.26251E+01    1.91703E-07    0.00000E+00    1.38524E-06
 2.29443E+01    2.28853E-07    0.00000E+00    1.65369E-06
 2.30000E+01    2.35331E-07    0.00000E+00    1.70050E-06
 2.33245E+01    3.05751E-07    0.00000E+00    2.20935E-06
 2.36536E+01    3.77165E-07    0.00000E+00    2.72539E-06
 2.39873E+01    4.49586E-07    0.00000E+00    3.24871E-06
 2.40000E+01    4.52350E-07    0.00000E+00    3.18394E-06
 2.43386E+01    5.89441E-07    0.00000E+00    4.14888E-06
 2.46820E+01    7.28466E-07    0.00000E+00    5.12743E-06
 2.50000E+01    8.57229E-07    0.00000E+00    6.03375E-06
 2.53527E+01    1.10925E-06    0.00000E+00    7.80768E-06
 2.57104E+01    1.36484E-06    0.00000E+00    9.60663E-06
 2.60000E+01    1.57178E-06    0.00000E+00    1.10632E-05
 2.63668E+01    1.97728E-06    0.00000E+00    1.39174E-05
 2.67388E+01    2.38850E-06    0.00000E+00    1.68119E-05
 2.70000E+01    2.67725E-06    0.00000E+00    1.88443E-05
 2.73809E+01    3.27148E-06    0.00000E+00    2.30269E-05
 2.77672E+01    3.87409E-06    0.00000E+00    2.72685E-05
 2.80000E+01    4.23723E-06    0.00000E+00    2.98245E-05
 2.83950E+01    5.10820E-06    0.00000E+00    3.59549E-05
 2.87956E+01    5.99145E-06    0.00000E+00    4.21718E-05
 2.90000E+01    6.44204E-06    0.00000E+00    4.53434E-05
 2.94091E+01    7.57471E-06    0.00000E+00    5.33159E-05
 2.98240E+01    8.72337E-06    0.00000E+00    6.14009E-05
 3.00000E+01    9.21048E-06    0.00000E+00    6.48295E-05
