# n + Ac225 :  n        
# tendl.2017 A.J. Koning and D. Rochman        EVAL-NOV17
# uncertainties: n
# # energies =    80
#   E(MeV)       xs(mb) 
 3.80000E+00    0.00000E+00
 4.00000E+00    1.75910E-14
 4.20000E+00    1.66591E-13
 4.40000E+00    8.32758E-13
 4.60000E+00    3.88486E-12
 4.80000E+00    1.76441E-11
 5.00000E+00    8.00194E-11
 5.20000E+00    3.64718E-10
 5.40000E+00    1.66786E-09
 5.60000E+00    7.71314E-09
 5.80000E+00    3.59475E-08
 6.00000E+00    1.69445E-07
 6.20000E+00    8.07284E-07
 6.40000E+00    3.88446E-06
 6.60000E+00    1.89148E-05
 6.80000E+00    8.61079E-05
 7.00000E+00    2.54405E-04
 7.20000E+00    7.07164E-04
 7.40000E+00    2.10701E-03
 7.60000E+00    7.50702E-03
 7.80000E+00    2.97144E-02
 8.00000E+00    1.09862E-01
 8.50000E+00    7.00830E-01
 9.00000E+00    1.48257E+00
 9.50000E+00    2.15063E+00
 1.00000E+01    2.64209E+00
 1.05000E+01    2.93411E+00
 1.10000E+01    3.10697E+00
 1.15000E+01    3.24192E+00
 1.20000E+01    3.39893E+00
 1.25000E+01    3.63444E+00
 1.30000E+01    3.92815E+00
 1.35000E+01    4.26103E+00
 1.40000E+01    4.62150E+00
 1.45000E+01    4.97472E+00
 1.50000E+01    5.33994E+00
 1.60000E+01    6.02054E+00
 1.70000E+01    6.65092E+00
 1.80000E+01    7.27456E+00
 1.90000E+01    7.89032E+00
 2.00000E+01    8.50234E+00
 2.10000E+01    9.09147E+00
 2.20000E+01    9.63105E+00
 2.30000E+01    1.00875E+01
 2.40000E+01    1.04381E+01
 2.50000E+01    1.07696E+01
 2.60000E+01    1.10696E+01
 2.70000E+01    1.13760E+01
 2.80000E+01    1.16958E+01
 2.90000E+01    1.20272E+01
 3.00000E+01    1.23530E+01
 3.20000E+01    1.28704E+01
 3.40000E+01    1.34231E+01
 3.60000E+01    1.40336E+01
 3.80000E+01    1.47733E+01
 4.00000E+01    1.57152E+01
 4.20000E+01    1.69144E+01
 4.40000E+01    1.84500E+01
 4.60000E+01    2.03264E+01
 4.80000E+01    2.25652E+01
 5.00000E+01    2.51723E+01
 5.20000E+01    2.80662E+01
 5.40000E+01    3.12466E+01
 5.60000E+01    3.45913E+01
 5.80000E+01    3.79824E+01
 6.00000E+01    4.11599E+01
 6.50000E+01    4.70794E+01
 7.00000E+01    4.69463E+01
 7.50000E+01    3.93575E+01
 8.00000E+01    2.91170E+01
 9.00000E+01    1.47975E+01
 1.00000E+02    9.04842E+00
 1.10000E+02    6.55534E+00
 1.20000E+02    5.02165E+00
 1.30000E+02    3.93196E+00
 1.40000E+02    3.19172E+00
 1.50000E+02    2.65625E+00
 1.60000E+02    2.24481E+00
 1.80000E+02    1.65450E+00
 2.00000E+02    1.26504E+00
