# n + Ac225 : (n,xd)    
# tendl.2017 A.J. Koning and D. Rochman        EVAL-NOV17
# 
# # energies =   135
#   E(MeV)        xs(mb) 
 3.00742E-02    1.00000E-17
 4.02697E-02    1.00000E-17
 6.00000E-02    1.00000E-17
 6.49900E-02    1.00000E-17
 7.74657E-02    1.00000E-17
 1.00000E-01    1.00000E-17
 1.05531E-01    1.00000E-17
 1.21341E-01    1.00000E-17
 1.45600E-01    1.00000E-17
 1.56348E-01    1.00000E-17
 1.71556E-01    1.00000E-17
 2.00000E-01    1.00000E-17
 2.00746E-01    1.00000E-17
 2.21991E-01    1.00000E-17
 2.36556E-01    1.00000E-17
 2.58192E-01    1.00000E-17
 3.00000E-01    1.00000E-17
 3.19425E-01    1.00000E-17
 3.28466E-01    1.00000E-17
 4.00000E-01    1.00000E-17
 4.22887E-01    1.00000E-17
 5.00000E-01    1.00000E-17
 5.11542E-01    1.00000E-17
 5.17596E-01    1.00000E-17
 5.22644E-01    1.00000E-17
 5.34339E-01    1.00000E-17
 5.43672E-01    1.00000E-17
 5.46171E-01    1.00000E-17
 5.47666E-01    1.00000E-17
 5.58356E-01    1.00000E-17
 5.61146E-01    1.00000E-17
 5.83508E-01    1.00000E-17
 5.90599E-01    1.00000E-17
 5.92980E-01    1.00000E-17
 5.94358E-01    1.00000E-17
 5.97476E-01    1.00000E-17
 6.00000E-01    1.00000E-17
 7.00000E-01    1.00000E-17
 8.00000E-01    1.00000E-17
 9.00000E-01    1.00000E-17
 1.00000E+00    1.00000E-17
 1.20000E+00    1.00001E-17
 1.40000E+00    1.00001E-17
 1.60000E+00    1.00001E-17
 1.80000E+00    1.00001E-17
 2.00000E+00    1.00001E-17
 2.20000E+00    1.00001E-17
 2.40000E+00    1.45178E-17
 2.60000E+00    2.11163E-17
 2.80000E+00    2.77149E-17
 3.00000E+00    3.43134E-17
 3.20000E+00    4.09120E-17
 3.40000E+00    4.75105E-17
 3.60000E+00    5.41091E-17
 3.80000E+00    6.07076E-17
 4.00000E+00    6.73062E-17
 4.20000E+00    7.39047E-17
 4.40000E+00    8.05033E-17
 4.60000E+00    8.71018E-17
 4.80000E+00    9.37004E-17
 5.00000E+00    1.00299E-16
 5.20000E+00    9.04256E-16
 5.40000E+00    7.40087E-15
 5.60000E+00    5.17495E-14
 5.80000E+00    9.81310E-13
 6.00000E+00    5.49580E-12
 6.20000E+00    2.65339E-11
 6.40000E+00    1.14545E-10
 6.60000E+00    2.65308E-10
 6.80000E+00    6.88592E-10
 7.00000E+00    3.20800E-09
 7.20000E+00    7.21554E-09
 7.40000E+00    2.77815E-08
 7.60000E+00    7.11327E-08
 7.80000E+00    1.49684E-07
 8.00000E+00    4.36966E-07
 8.50000E+00    3.08208E-06
 9.00000E+00    1.69271E-05
 9.50000E+00    7.55434E-05
 1.00000E+01    2.83302E-04
 1.05000E+01    9.16463E-04
 1.10000E+01    2.60985E-03
 1.15000E+01    6.64715E-03
 1.20000E+01    1.53392E-02
 1.25000E+01    3.24272E-02
 1.30000E+01    6.34557E-02
 1.35000E+01    1.16019E-01
 1.40000E+01    1.99667E-01
 1.45000E+01    3.25001E-01
 1.50000E+01    5.02866E-01
 1.60000E+01    1.05271E+00
 1.70000E+01    1.93808E+00
 1.80000E+01    3.04132E+00
 1.90000E+01    4.33295E+00
 2.00000E+01    5.74737E+00
 2.10000E+01    7.23299E+00
 2.20000E+01    8.74714E+00
 2.30000E+01    1.02045E+01
 2.40000E+01    1.17016E+01
 2.50000E+01    1.26998E+01
 2.60000E+01    1.41686E+01
 2.70000E+01    1.56189E+01
 2.80000E+01    1.70526E+01
 2.90000E+01    1.84711E+01
 3.00000E+01    1.98741E+01
 3.00000E+01    1.87192E+01
 3.20000E+01    2.14488E+01
 3.40000E+01    2.40915E+01
 3.60000E+01    2.69300E+01
 3.80000E+01    3.01131E+01
 4.00000E+01    3.37851E+01
 4.20000E+01    3.80719E+01
 4.40000E+01    4.30730E+01
 4.60000E+01    4.81685E+01
 4.80000E+01    5.44887E+01
 5.00000E+01    6.12828E+01
 5.20000E+01    6.83265E+01
 5.40000E+01    7.54096E+01
 5.60000E+01    8.23564E+01
 5.80000E+01    8.90063E+01
 6.00000E+01    9.52328E+01
 6.50000E+01    1.09714E+02
 7.00000E+01    1.20515E+02
 7.50000E+01    1.28855E+02
 8.00000E+01    1.34810E+02
 9.00000E+01    1.46274E+02
 1.00000E+02    1.56163E+02
 1.10000E+02    1.61782E+02
 1.20000E+02    1.65187E+02
 1.30000E+02    1.66034E+02
 1.40000E+02    1.71544E+02
 1.50000E+02    1.82141E+02
 1.60000E+02    1.97370E+02
 1.80000E+02    2.74283E+02
 2.00000E+02    4.27776E+02
