# n + Ac225 : (n,xh)    
# tendl.2017 A.J. Koning and D. Rochman        EVAL-NOV17
# 
# # energies =   135
#   E(MeV)        xs(mb) 
 3.00742E-02    0.00000E+00
 4.02697E-02    0.00000E+00
 6.00000E-02    0.00000E+00
 6.49900E-02    0.00000E+00
 7.74657E-02    0.00000E+00
 1.00000E-01    0.00000E+00
 1.05531E-01    0.00000E+00
 1.21341E-01    0.00000E+00
 1.45600E-01    0.00000E+00
 1.56348E-01    0.00000E+00
 1.71556E-01    0.00000E+00
 2.00000E-01    0.00000E+00
 2.00746E-01    0.00000E+00
 2.21991E-01    0.00000E+00
 2.36556E-01    0.00000E+00
 2.58192E-01    0.00000E+00
 3.00000E-01    0.00000E+00
 3.19425E-01    0.00000E+00
 3.28466E-01    0.00000E+00
 4.00000E-01    0.00000E+00
 4.22887E-01    0.00000E+00
 5.00000E-01    0.00000E+00
 5.11542E-01    0.00000E+00
 5.17596E-01    0.00000E+00
 5.22644E-01    0.00000E+00
 5.34339E-01    0.00000E+00
 5.43672E-01    0.00000E+00
 5.46171E-01    0.00000E+00
 5.47666E-01    0.00000E+00
 5.58356E-01    0.00000E+00
 5.61146E-01    0.00000E+00
 5.83508E-01    0.00000E+00
 5.90599E-01    0.00000E+00
 5.92980E-01    0.00000E+00
 5.94358E-01    0.00000E+00
 5.97476E-01    0.00000E+00
 6.00000E-01    0.00000E+00
 7.00000E-01    0.00000E+00
 8.00000E-01    0.00000E+00
 9.00000E-01    0.00000E+00
 1.00000E+00    0.00000E+00
 1.20000E+00    0.00000E+00
 1.40000E+00    0.00000E+00
 1.60000E+00    0.00000E+00
 1.80000E+00    0.00000E+00
 2.00000E+00    0.00000E+00
 2.20000E+00    0.00000E+00
 2.40000E+00    0.00000E+00
 2.60000E+00    0.00000E+00
 2.80000E+00    0.00000E+00
 3.00000E+00    0.00000E+00
 3.20000E+00    0.00000E+00
 3.40000E+00    0.00000E+00
 3.60000E+00    0.00000E+00
 3.80000E+00    3.76491E-19
 4.00000E+00    7.97362E-19
 4.20000E+00    1.21823E-18
 4.40000E+00    1.63911E-18
 4.60000E+00    2.05998E-18
 4.80000E+00    2.48085E-18
 5.00000E+00    2.90172E-18
 5.20000E+00    3.32259E-18
 5.40000E+00    3.74346E-18
 5.60000E+00    4.16433E-18
 5.80000E+00    4.58521E-18
 6.00000E+00    5.00608E-18
 6.20000E+00    5.42695E-18
 6.40000E+00    5.84782E-18
 6.60000E+00    6.26869E-18
 6.80000E+00    6.68956E-18
 7.00000E+00    7.11043E-18
 7.20000E+00    7.53130E-18
 7.40000E+00    7.95218E-18
 7.60000E+00    8.37305E-18
 7.80000E+00    8.79392E-18
 8.00000E+00    9.21479E-18
 8.50000E+00    1.02670E-17
 9.00000E+00    1.13191E-17
 9.50000E+00    1.23713E-17
 1.00000E+01    2.60971E-17
 1.05000E+01    4.94086E-17
 1.10000E+01    7.27201E-17
 1.15000E+01    9.60316E-17
 1.20000E+01    1.19343E-16
 1.25000E+01    1.42655E-16
 1.30000E+01    2.66821E-16
 1.35000E+01    8.24497E-16
 1.40000E+01    3.75891E-12
 1.45000E+01    2.31243E-11
 1.50000E+01    1.21521E-10
 1.60000E+01    2.27445E-09
 1.70000E+01    2.72633E-08
 1.80000E+01    2.32892E-07
 1.90000E+01    1.51876E-06
 2.00000E+01    7.97840E-06
 2.10000E+01    3.51341E-05
 2.20000E+01    1.33993E-04
 2.30000E+01    4.52542E-04
 2.40000E+01    1.37443E-03
 2.50000E+01    4.04780E-03
 2.60000E+01    9.63908E-03
 2.70000E+01    2.16071E-02
 2.80000E+01    4.38192E-02
 2.90000E+01    8.02680E-02
 3.00000E+01    1.34104E-01
 3.00000E+01    1.25773E-01
 3.20000E+01    2.81602E-01
 3.40000E+01    5.08693E-01
 3.60000E+01    7.98401E-01
 3.80000E+01    1.13904E+00
 4.00000E+01    1.51998E+00
 4.20000E+01    1.93422E+00
 4.40000E+01    2.37965E+00
 4.60000E+01    2.86668E+00
 4.80000E+01    3.38294E+00
 5.00000E+01    3.95061E+00
 5.20000E+01    4.58332E+00
 5.40000E+01    5.29453E+00
 5.60000E+01    6.09468E+00
 5.80000E+01    6.98916E+00
 6.00000E+01    7.97301E+00
 6.50000E+01    1.07146E+01
 7.00000E+01    1.35764E+01
 7.50000E+01    1.65856E+01
 8.00000E+01    2.00021E+01
 9.00000E+01    2.89904E+01
 1.00000E+02    4.16671E+01
 1.10000E+02    5.44782E+01
 1.20000E+02    6.91725E+01
 1.30000E+02    8.62067E+01
 1.40000E+02    1.05918E+02
 1.50000E+02    1.28143E+02
 1.60000E+02    1.52488E+02
 1.80000E+02    1.93741E+02
 2.00000E+02    2.31450E+02
