# n + Ac225 : (n,2na)   
# tendl.2017 A.J. Koning and D. Rochman        EVAL-NOV17
# uncertainties: y
# # energies =    31
#   E(MeV)       xs(mb)       xslow(mb)      xsupp(mb)
 3.42737E-01    0.00000E+00    0.00000E+00    0.00000E+00
 8.00000E+00    2.08497E-12    2.08497E-12    2.08497E-12
 8.50000E+00    5.80273E-10    5.80273E-10    5.80273E-10
 9.00000E+00    4.96835E-09    0.00000E+00    1.24439E-08
 9.50000E+00    2.43235E-08    0.00000E+00    6.09217E-08
 1.00000E+01    9.82472E-08    0.00000E+00    2.46074E-07
 1.05000E+01    3.44423E-07    0.00000E+00    8.62657E-07
 1.10000E+01    1.05386E-06    0.00000E+00    2.63954E-06
 1.15000E+01    2.97104E-06    0.00000E+00    7.44139E-06
 1.20000E+01    7.76926E-06    0.00000E+00    1.94592E-05
 1.25000E+01    1.86606E-05    0.00000E+00    4.67381E-05
 1.30000E+01    3.81893E-05    0.00000E+00    9.21688E-05
 1.35000E+01    7.37265E-05    0.00000E+00    1.77937E-04
 1.40000E+01    1.38633E-04    0.00000E+00    3.34587E-04
 1.45000E+01    2.49983E-04    0.00000E+00    6.03327E-04
 1.50000E+01    4.40878E-04    0.00000E+00    1.06405E-03
 1.60000E+01    1.45626E-03    0.00000E+00    3.46390E-03
 1.70000E+01    4.55152E-03    0.00000E+00    1.08264E-02
 1.80000E+01    1.37484E-02    0.00000E+00    3.27024E-02
 1.90000E+01    4.53000E-02    0.00000E+00    1.07752E-01
 2.00000E+01    1.34911E-01    0.00000E+00    3.21014E-01
 2.10000E+01    3.67608E-01    0.00000E+00    8.74705E-01
 2.20000E+01    9.40062E-01    0.00000E+00    2.23683E+00
 2.30000E+01    2.02247E+00    0.00000E+00    4.81236E+00
 2.40000E+01    3.65156E+00    0.00000E+00    8.63417E+00
 2.50000E+01    5.24542E+00    0.00000E+00    1.24029E+01
 2.60000E+01    7.19842E+00    0.00000E+00    1.70208E+01
 2.70000E+01    9.14791E+00    0.00000E+00    2.16304E+01
 2.80000E+01    1.09216E+01    0.00000E+00    2.58243E+01
 2.90000E+01    1.23089E+01    0.00000E+00    2.91046E+01
 3.00000E+01    1.30694E+01    0.00000E+00    3.09028E+01
