# n + Ac225 : (n,non)   
# tendl.2017 A.J. Koning and D. Rochman        EVAL-NOV17
# uncertainties: y
# # energies =  1136
#   E(MeV)       xs(mb)       xslow(mb)      xsupp(mb)
 1.00000E-11    5.46424E-04    3.43361E-04    7.49487E-04
 1.03223E-11    5.37825E-04    3.37957E-04    7.37692E-04
 1.06549E-11    5.29364E-04    3.32641E-04    7.26088E-04
 1.09984E-11    5.21034E-04    3.27406E-04    7.14661E-04
 1.13527E-11    5.12838E-04    3.22256E-04    7.03419E-04
 1.17186E-11    5.04767E-04    3.17185E-04    6.92350E-04
 1.20962E-11    4.96827E-04    3.12195E-04    6.81459E-04
 1.24861E-11    4.89008E-04    3.07282E-04    6.70735E-04
 1.28884E-11    4.81316E-04    3.02448E-04    6.60183E-04
 1.33038E-11    4.73741E-04    2.97689E-04    6.49794E-04
 1.37325E-11    4.66289E-04    2.93006E-04    6.39572E-04
 1.41751E-11    4.58951E-04    2.88395E-04    6.29508E-04
 1.46318E-11    4.51731E-04    2.83858E-04    6.19605E-04
 1.51034E-11    4.44623E-04    2.79391E-04    6.09854E-04
 1.55901E-11    4.37628E-04    2.74996E-04    6.00261E-04
 1.60926E-11    4.30742E-04    2.70669E-04    5.90815E-04
 1.66111E-11    4.23966E-04    2.66411E-04    5.81521E-04
 1.71465E-11    4.17294E-04    2.62218E-04    5.72369E-04
 1.76990E-11    4.10729E-04    2.58093E-04    5.63365E-04
 1.82694E-11    4.04266E-04    2.54032E-04    5.54500E-04
 1.88581E-11    3.97906E-04    2.50036E-04    5.45777E-04
 1.94659E-11    3.91645E-04    2.46101E-04    5.37189E-04
 2.00931E-11    3.85484E-04    2.42229E-04    5.28738E-04
 2.07407E-11    3.79418E-04    2.38418E-04    5.20418E-04
 2.14090E-11    3.73449E-04    2.34667E-04    5.12231E-04
 2.20991E-11    3.67572E-04    2.30974E-04    5.04170E-04
 2.28111E-11    3.61790E-04    2.27341E-04    4.96239E-04
 2.35464E-11    3.56097E-04    2.23763E-04    4.88430E-04
 2.43051E-11    3.50495E-04    2.20243E-04    4.80746E-04
 2.50884E-11    3.44979E-04    2.16777E-04    4.73181E-04
 2.58968E-11    3.39552E-04    2.13367E-04    4.65737E-04
 2.67315E-11    3.34209E-04    2.10010E-04    4.58408E-04
 2.75928E-11    3.28951E-04    2.06706E-04    4.51197E-04
 2.84822E-11    3.23775E-04    2.03453E-04    4.44097E-04
 2.93999E-11    3.18681E-04    2.00252E-04    4.37110E-04
 3.03475E-11    3.13667E-04    1.97101E-04    4.30232E-04
 3.13253E-11    3.08732E-04    1.94000E-04    4.23464E-04
 3.23350E-11    3.03874E-04    1.90948E-04    4.16800E-04
 3.33769E-11    2.99093E-04    1.87944E-04    4.10243E-04
 3.44526E-11    2.94387E-04    1.84986E-04    4.03788E-04
 3.55627E-11    2.89756E-04    1.82076E-04    3.97435E-04
 3.67089E-11    2.85196E-04    1.79211E-04    3.91181E-04
 3.78918E-11    2.80709E-04    1.76392E-04    3.85027E-04
 3.91130E-11    2.76292E-04    1.73616E-04    3.78969E-04
 4.03734E-11    2.71946E-04    1.70885E-04    3.73007E-04
 4.16746E-11    2.67667E-04    1.68196E-04    3.67137E-04
 4.30174E-11    2.63456E-04    1.65550E-04    3.61362E-04
 4.44039E-11    2.59310E-04    1.62945E-04    3.55675E-04
 4.58347E-11    2.55230E-04    1.60381E-04    3.50080E-04
 4.73119E-11    2.51214E-04    1.57858E-04    3.44571E-04
 4.88364E-11    2.47262E-04    1.55374E-04    3.39150E-04
 5.04104E-11    2.43371E-04    1.52929E-04    3.33814E-04
 5.20348E-11    2.39543E-04    1.50523E-04    3.28562E-04
 5.37119E-11    2.35773E-04    1.48155E-04    3.23392E-04
 5.54426E-11    2.32064E-04    1.45824E-04    3.18304E-04
 5.72295E-11    2.28412E-04    1.43529E-04    3.13295E-04
 5.90736E-11    2.24819E-04    1.41271E-04    3.08367E-04
 6.09775E-11    2.21281E-04    1.39048E-04    3.03514E-04
 6.29424E-11    2.17800E-04    1.36861E-04    2.98739E-04
 6.49710E-11    2.14373E-04    1.34707E-04    2.94039E-04
 6.70645E-11    2.11000E-04    1.32588E-04    2.89413E-04
 6.92260E-11    2.07680E-04    1.30502E-04    2.84859E-04
 7.14566E-11    2.04413E-04    1.28449E-04    2.80377E-04
 7.37596E-11    2.01196E-04    1.26427E-04    2.75965E-04
 7.61364E-11    1.98031E-04    1.24438E-04    2.71624E-04
 7.85902E-11    1.94915E-04    1.22480E-04    2.67350E-04
 8.11227E-11    1.91849E-04    1.20553E-04    2.63144E-04
 8.37372E-11    1.88830E-04    1.18656E-04    2.59003E-04
 8.64355E-11    1.85859E-04    1.16790E-04    2.54928E-04
 8.92212E-11    1.82934E-04    1.14952E-04    2.50917E-04
 9.20962E-11    1.80057E-04    1.13144E-04    2.46969E-04
 9.50644E-11    1.77223E-04    1.11363E-04    2.43083E-04
 9.81277E-11    1.74435E-04    1.09611E-04    2.39259E-04
 1.01291E-10    1.71690E-04    1.07886E-04    2.35494E-04
 1.04554E-10    1.68989E-04    1.06189E-04    2.31789E-04
 1.07924E-10    1.66330E-04    1.04518E-04    2.28142E-04
 1.11402E-10    1.63713E-04    1.02874E-04    2.24553E-04
 1.14992E-10    1.61137E-04    1.01255E-04    2.21019E-04
 1.18697E-10    1.58602E-04    9.96621E-05    2.17542E-04
 1.22523E-10    1.56106E-04    9.80937E-05    2.14119E-04
 1.26471E-10    1.53651E-04    9.65506E-05    2.10751E-04
 1.30547E-10    1.51233E-04    9.50313E-05    2.07434E-04
 1.34754E-10    1.48854E-04    9.35364E-05    2.04171E-04
 1.39097E-10    1.46511E-04    9.20644E-05    2.00958E-04
 1.43579E-10    1.44206E-04    9.06161E-05    1.97797E-04
 1.48207E-10    1.41937E-04    8.91901E-05    1.94684E-04
 1.52982E-10    1.39704E-04    8.77871E-05    1.91621E-04
 1.57913E-10    1.37506E-04    8.64056E-05    1.88606E-04
 1.63001E-10    1.35343E-04    8.50464E-05    1.85639E-04
 1.68254E-10    1.33213E-04    8.37080E-05    1.82718E-04
 1.73676E-10    1.31117E-04    8.23912E-05    1.79843E-04
 1.79274E-10    1.29054E-04    8.10947E-05    1.77013E-04
 1.85050E-10    1.27024E-04    7.98190E-05    1.74229E-04
 1.91014E-10    1.25025E-04    7.85629E-05    1.71487E-04
 1.97169E-10    1.23058E-04    7.73270E-05    1.68789E-04
 2.03524E-10    1.21122E-04    7.61101E-05    1.66133E-04
 2.10082E-10    1.19216E-04    7.49128E-05    1.63520E-04
 2.16853E-10    1.17340E-04    7.37340E-05    1.60946E-04
 2.23840E-10    1.15494E-04    7.25741E-05    1.58415E-04
 2.31055E-10    1.13677E-04    7.14321E-05    1.55922E-04
 2.38500E-10    1.11888E-04    7.03083E-05    1.53469E-04
 2.46187E-10    1.10128E-04    6.92019E-05    1.51054E-04
 2.54120E-10    1.08395E-04    6.81133E-05    1.48678E-04
 2.62310E-10    1.06690E-04    6.70414E-05    1.46338E-04
 2.70762E-10    1.05011E-04    6.59867E-05    1.44036E-04
 2.79489E-10    1.03359E-04    6.49484E-05    1.41769E-04
 2.88494E-10    1.01733E-04    6.39266E-05    1.39539E-04
 2.97793E-10    1.00132E-04    6.29207E-05    1.37343E-04
 3.07388E-10    9.85567E-05    6.19308E-05    1.35183E-04
 3.17295E-10    9.70058E-05    6.09563E-05    1.33055E-04
 3.27519E-10    9.54797E-05    5.99974E-05    1.30962E-04
 3.38075E-10    9.39773E-05    5.90533E-05    1.28901E-04
 3.48969E-10    9.24988E-05    5.81242E-05    1.26873E-04
 3.60216E-10    9.10433E-05    5.72096E-05    1.24877E-04
 3.71823E-10    8.96110E-05    5.63096E-05    1.22912E-04
 3.83807E-10    8.82009E-05    5.54235E-05    1.20978E-04
 3.96174E-10    8.68134E-05    5.45516E-05    1.19075E-04
 4.08943E-10    8.54473E-05    5.36932E-05    1.17201E-04
 4.22120E-10    8.41030E-05    5.28485E-05    1.15358E-04
 4.35725E-10    8.27796E-05    5.20169E-05    1.13542E-04
 4.49765E-10    8.14773E-05    5.11985E-05    1.11756E-04
 4.64261E-10    8.01952E-05    5.03929E-05    1.09998E-04
 4.79221E-10    7.89336E-05    4.96001E-05    1.08267E-04
 4.94666E-10    7.76915E-05    4.88196E-05    1.06563E-04
 5.10605E-10    7.64693E-05    4.80516E-05    1.04887E-04
 5.27062E-10    7.52660E-05    4.72955E-05    1.03237E-04
 5.44045E-10    7.40819E-05    4.65514E-05    1.01612E-04
 5.61580E-10    7.29162E-05    4.58189E-05    1.00013E-04
 5.79675E-10    7.17690E-05    4.50981E-05    9.84400E-05
 5.98358E-10    7.06397E-05    4.43885E-05    9.68910E-05
 6.17639E-10    6.95284E-05    4.36901E-05    9.53667E-05
 6.37545E-10    6.84344E-05    4.30026E-05    9.38661E-05
 6.58089E-10    6.73577E-05    4.23261E-05    9.23894E-05
 6.79298E-10    6.62978E-05    4.16601E-05    9.09356E-05
 7.01188E-10    6.52548E-05    4.10047E-05    8.95050E-05
 7.23786E-10    6.42280E-05    4.03595E-05    8.80966E-05
 7.47109E-10    6.32176E-05    3.97245E-05    8.67106E-05
 7.71188E-10    6.22228E-05    3.90994E-05    8.53462E-05
 7.96038E-10    6.12439E-05    3.84843E-05    8.40035E-05
 8.21693E-10    6.02802E-05    3.78788E-05    8.26817E-05
 8.48171E-10    5.93319E-05    3.72828E-05    8.13809E-05
 8.75507E-10    5.83983E-05    3.66962E-05    8.01003E-05
 9.03719E-10    5.74795E-05    3.61189E-05    7.88402E-05
 9.32845E-10    5.65751E-05    3.55505E-05    7.75996E-05
 9.62904E-10    5.56850E-05    3.49912E-05    7.63788E-05
 9.93937E-10    5.48088E-05    3.44406E-05    7.51769E-05
 1.02597E-09    5.39465E-05    3.38988E-05    7.39942E-05
 1.05903E-09    5.30977E-05    3.33654E-05    7.28299E-05
 1.09316E-09    5.22623E-05    3.28405E-05    7.16841E-05
 1.12839E-09    5.14399E-05    3.23237E-05    7.05561E-05
 1.16475E-09    5.06306E-05    3.18152E-05    6.94461E-05
 1.20229E-09    4.98340E-05    3.13146E-05    6.83534E-05
 1.24103E-09    4.90500E-05    3.08219E-05    6.72780E-05
 1.28103E-09    4.82782E-05    3.03369E-05    6.62194E-05
 1.32231E-09    4.75186E-05    2.98596E-05    6.51776E-05
 1.36492E-09    4.67709E-05    2.93898E-05    6.41520E-05
 1.40890E-09    4.60351E-05    2.89274E-05    6.31427E-05
 1.45431E-09    4.53107E-05    2.84723E-05    6.21492E-05
 1.50117E-09    4.45979E-05    2.80243E-05    6.11714E-05
 1.54956E-09    4.38961E-05    2.75834E-05    6.02089E-05
 1.59949E-09    4.32055E-05    2.71494E-05    5.92617E-05
 1.65104E-09    4.25257E-05    2.67222E-05    5.83292E-05
 1.70424E-09    4.18567E-05    2.63018E-05    5.74115E-05
 1.75917E-09    4.11981E-05    2.58879E-05    5.65082E-05
 1.81585E-09    4.05499E-05    2.54807E-05    5.56192E-05
 1.87438E-09    3.99119E-05    2.50797E-05    5.47440E-05
 1.93477E-09    3.92840E-05    2.46852E-05    5.38828E-05
 1.99713E-09    3.86659E-05    2.42968E-05    5.30350E-05
 2.06148E-09    3.80576E-05    2.39146E-05    5.22006E-05
 2.12792E-09    3.74588E-05    2.35383E-05    5.13793E-05
 2.19649E-09    3.68696E-05    2.31680E-05    5.05711E-05
 2.26728E-09    3.62895E-05    2.28035E-05    4.97755E-05
 2.34034E-09    3.57187E-05    2.24448E-05    4.89925E-05
 2.41577E-09    3.51568E-05    2.20917E-05    4.82218E-05
 2.49362E-09    3.46038E-05    2.17443E-05    4.74634E-05
 2.57398E-09    3.40596E-05    2.14023E-05    4.67168E-05
 2.65692E-09    3.35240E-05    2.10657E-05    4.59822E-05
 2.74255E-09    3.29968E-05    2.07345E-05    4.52592E-05
 2.83093E-09    3.24781E-05    2.04085E-05    4.45477E-05
 2.92217E-09    3.19676E-05    2.00877E-05    4.38474E-05
 3.01633E-09    3.14652E-05    1.97721E-05    4.31584E-05
 3.11354E-09    3.09709E-05    1.94614E-05    4.24803E-05
 3.21387E-09    3.04845E-05    1.91558E-05    4.18132E-05
 3.31745E-09    3.00059E-05    1.88550E-05    4.11567E-05
 3.42435E-09    2.95350E-05    1.85591E-05    4.05108E-05
 3.53471E-09    2.90716E-05    1.82680E-05    3.98753E-05
 3.64861E-09    2.86158E-05    1.79815E-05    3.92500E-05
 3.76620E-09    2.81672E-05    1.76997E-05    3.86348E-05
 3.88757E-09    2.77260E-05    1.74224E-05    3.80296E-05
 4.01286E-09    2.72918E-05    1.71495E-05    3.74340E-05
 4.14217E-09    2.68646E-05    1.68811E-05    3.68480E-05
 4.27566E-09    2.64441E-05    1.66169E-05    3.62713E-05
 4.41344E-09    2.60304E-05    1.63569E-05    3.57039E-05
 4.55568E-09    2.56232E-05    1.61010E-05    3.51453E-05
 4.70248E-09    2.52224E-05    1.58492E-05    3.45955E-05
 4.85404E-09    2.48277E-05    1.56012E-05    3.40542E-05
 5.01045E-09    2.44392E-05    1.53571E-05    3.35214E-05
 5.17193E-09    2.40566E-05    1.51166E-05    3.29966E-05
 5.33859E-09    2.36799E-05    1.48799E-05    3.24799E-05
 5.51065E-09    2.33088E-05    1.46468E-05    3.19709E-05
 5.68822E-09    2.29434E-05    1.44171E-05    3.14697E-05
 5.87154E-09    2.25835E-05    1.41910E-05    3.09761E-05
 6.06075E-09    2.22291E-05    1.39683E-05    3.04899E-05
 6.25608E-09    2.18800E-05    1.37489E-05    3.00111E-05
 6.45767E-09    2.15363E-05    1.35330E-05    2.95397E-05
 6.66579E-09    2.11979E-05    1.33203E-05    2.90754E-05
 6.88059E-09    2.08646E-05    1.31109E-05    2.86184E-05
 7.10234E-09    2.05365E-05    1.29047E-05    2.81683E-05
 7.33121E-09    2.02136E-05    1.27017E-05    2.77254E-05
 7.56748E-09    1.98956E-05    1.25019E-05    2.72892E-05
 7.81133E-09    1.95826E-05    1.23053E-05    2.68599E-05
 8.06308E-09    1.92745E-05    1.21117E-05    2.64373E-05
 8.32291E-09    1.89713E-05    1.19211E-05    2.60214E-05
 8.59114E-09    1.86728E-05    1.17336E-05    2.56120E-05
 8.86798E-09    1.83790E-05    1.15490E-05    2.52091E-05
 9.15378E-09    1.80898E-05    1.13672E-05    2.48124E-05
 9.44875E-09    1.78052E-05    1.11884E-05    2.44220E-05
 9.75327E-09    1.75250E-05    1.10124E-05    2.40377E-05
 1.00676E-08    1.72493E-05    1.08391E-05    2.36596E-05
 1.03920E-08    1.69779E-05    1.06685E-05    2.32873E-05
 1.07269E-08    1.67108E-05    1.05007E-05    2.29209E-05
 1.10726E-08    1.64479E-05    1.03355E-05    2.25602E-05
 1.14294E-08    1.61891E-05    1.01729E-05    2.22053E-05
 1.17978E-08    1.59344E-05    1.00128E-05    2.18559E-05
 1.21779E-08    1.56837E-05    9.85527E-06    2.15121E-05
 1.25704E-08    1.54369E-05    9.70020E-06    2.11736E-05
 1.29755E-08    1.51940E-05    9.54759E-06    2.08405E-05
 1.33937E-08    1.49549E-05    9.39736E-06    2.05125E-05
 1.38253E-08    1.47197E-05    9.24952E-06    2.01898E-05
 1.42708E-08    1.44880E-05    9.10397E-06    1.98721E-05
 1.47307E-08    1.42601E-05    8.96074E-06    1.95595E-05
 1.52054E-08    1.40357E-05    8.81975E-06    1.92517E-05
 1.56954E-08    1.38149E-05    8.68098E-06    1.89488E-05
 1.62012E-08    1.35975E-05    8.54439E-06    1.86507E-05
 1.67233E-08    1.33836E-05    8.40996E-06    1.83572E-05
 1.72623E-08    1.31730E-05    8.27762E-06    1.80684E-05
 1.78185E-08    1.29657E-05    8.14735E-06    1.77840E-05
 1.83928E-08    1.27616E-05    8.01909E-06    1.75041E-05
 1.89855E-08    1.25606E-05    7.89283E-06    1.72285E-05
 1.95974E-08    1.23627E-05    7.76845E-06    1.69570E-05
 2.02289E-08    1.21678E-05    7.64597E-06    1.66896E-05
 2.08808E-08    1.19758E-05    7.52532E-06    1.64262E-05
 2.15537E-08    1.17868E-05    7.40655E-06    1.61670E-05
 2.22483E-08    1.16009E-05    7.28976E-06    1.59121E-05
 2.29168E-08    1.14306E-05    7.18271E-06    1.56784E-05
 2.36053E-08    1.12634E-05    7.07770E-06    1.54492E-05
 2.43146E-08    1.10997E-05    6.97484E-06    1.52247E-05
 2.50451E-08    1.09393E-05    6.87405E-06    1.50047E-05
 2.52522E-08    1.08953E-05    6.84636E-06    1.49442E-05
 2.53000E-08    1.08852E-05    7.23774E-07    2.10466E-05
 2.61154E-08    1.07175E-05    7.12625E-07    2.07224E-05
 2.70140E-08    1.05412E-05    7.00903E-07    2.03816E-05
 2.80027E-08    1.03557E-05    6.88567E-07    2.00228E-05
 2.90277E-08    1.01713E-05    6.76305E-07    1.96663E-05
 3.00266E-08    9.99895E-06    6.64845E-07    1.93330E-05
 3.09942E-08    9.83915E-06    6.54220E-07    1.90241E-05
 3.19930E-08    9.68178E-06    6.43757E-07    1.87198E-05
 3.29543E-08    9.53755E-06    6.34167E-07    1.84409E-05
 3.39444E-08    9.39597E-06    6.24752E-07    1.81672E-05
 3.49643E-08    9.25693E-06    6.15507E-07    1.78983E-05
 3.60910E-08    9.11066E-06    6.05782E-07    1.76155E-05
 3.72542E-08    8.96705E-06    5.96233E-07    1.73379E-05
 3.84547E-08    8.82599E-06    5.86854E-07    1.70651E-05
 3.96940E-08    8.68718E-06    5.77624E-07    1.67967E-05
 4.09731E-08    8.55044E-06    5.68532E-07    1.65323E-05
 4.22936E-08    8.41573E-06    5.59575E-07    1.62719E-05
 4.36565E-08    8.28327E-06    5.50768E-07    1.60158E-05
 4.50634E-08    8.15310E-06    5.42112E-07    1.57641E-05
 4.65156E-08    8.02502E-06    5.33596E-07    1.55164E-05
 4.80147E-08    7.89870E-06    5.25196E-07    1.52722E-05
 4.95619E-08    7.77416E-06    5.16916E-07    1.50314E-05
 5.11592E-08    7.65169E-06    5.08773E-07    1.47946E-05
 5.28078E-08    7.53152E-06    5.00782E-07    1.45623E-05
 5.45097E-08    7.41334E-06    4.92925E-07    1.43338E-05
 5.63854E-08    7.28897E-06    4.84655E-07    1.40933E-05
 5.82024E-08    7.17389E-06    4.77003E-07    1.38708E-05
 5.99511E-08    7.06823E-06    4.69978E-07    1.36665E-05
 6.17524E-08    6.96460E-06    4.63087E-07    1.34661E-05
 6.37426E-08    6.85552E-06    4.55834E-07    1.32552E-05
 6.59360E-08    6.74064E-06    4.48195E-07    1.30331E-05
 6.80608E-08    6.63407E-06    4.41109E-07    1.28270E-05
 7.01057E-08    6.53614E-06    4.34598E-07    1.26377E-05
 7.22121E-08    6.44027E-06    4.28224E-07    1.24523E-05
 7.45394E-08    6.33963E-06    4.21532E-07    1.22577E-05
 7.72674E-08    6.22701E-06    4.14044E-07    1.20400E-05
 7.99263E-08    6.12187E-06    4.07053E-07    1.18367E-05
 8.23277E-08    6.03129E-06    4.01030E-07    1.16616E-05
 8.46224E-08    5.94909E-06    3.95564E-07    1.15026E-05
 8.73493E-08    5.85637E-06    3.89399E-07    1.13233E-05
 9.05465E-08    5.75251E-06    3.82493E-07    1.11225E-05
 9.38604E-08    5.64902E-06    3.75612E-07    1.09224E-05
 9.66805E-08    5.56497E-06    3.70024E-07    1.07599E-05
 9.89558E-08    5.50078E-06    3.65755E-07    1.06358E-05
 1.00857E-07    5.45050E-06    3.62412E-07    1.05386E-05
 1.02361E-07    5.41398E-06    3.59984E-07    1.04680E-05
 1.03668E-07    5.38592E-06    3.58118E-07    1.04137E-05
 1.04770E-07    5.36623E-06    3.56809E-07    1.03756E-05
 1.05659E-07    5.35397E-06    3.55994E-07    1.03519E-05
 1.06332E-07    5.34744E-06    3.55560E-07    1.03393E-05
 1.07009E-07    5.34372E-06    3.55312E-07    1.03321E-05
 1.07462E-07    5.34304E-06    3.55267E-07    1.03308E-05
 1.08146E-07    5.34513E-06    3.55406E-07    1.03349E-05
 1.08834E-07    5.35140E-06    3.55823E-07    1.03470E-05
 1.09295E-07    5.35818E-06    3.56273E-07    1.03601E-05
 1.09759E-07    5.36719E-06    3.56873E-07    1.03775E-05
 1.10224E-07    5.37858E-06    3.57630E-07    1.03995E-05
 1.10691E-07    5.39248E-06    3.58555E-07    1.04264E-05
 1.11160E-07    5.40900E-06    3.59653E-07    1.04583E-05
 1.11631E-07    5.42822E-06    3.60931E-07    1.04955E-05
 1.12104E-07    5.45021E-06    3.62393E-07    1.05380E-05
 1.12598E-07    5.47607E-06    3.64112E-07    1.05880E-05
 1.13075E-07    5.50385E-06    3.65960E-07    1.06418E-05
 1.13554E-07    5.53449E-06    3.67997E-07    1.07010E-05
 1.14036E-07    5.56794E-06    3.70221E-07    1.07657E-05
 1.14519E-07    5.60418E-06    3.72630E-07    1.08357E-05
 1.15004E-07    5.64312E-06    3.75220E-07    1.09110E-05
 1.15492E-07    5.68468E-06    3.77983E-07    1.09914E-05
 1.16227E-07    5.75172E-06    3.82440E-07    1.11210E-05
 1.16966E-07    5.82392E-06    3.87242E-07    1.12606E-05
 1.17711E-07    5.90093E-06    3.92362E-07    1.14095E-05
 1.18460E-07    5.98213E-06    3.97761E-07    1.15665E-05
 1.19214E-07    6.06713E-06    4.03413E-07    1.17309E-05
 1.20226E-07    6.18541E-06    4.11278E-07    1.19595E-05
 1.21504E-07    6.33980E-06    4.21543E-07    1.22581E-05
 1.23055E-07    6.53262E-06    4.34364E-07    1.26309E-05
 1.24891E-07    6.76566E-06    4.49859E-07    1.30815E-05
 1.27021E-07    7.04116E-06    4.68178E-07    1.36141E-05
 1.28915E-07    7.29073E-06    4.84772E-07    1.40967E-05
 1.30561E-07    7.51228E-06    4.99503E-07    1.45251E-05
 1.31949E-07    7.70331E-06    5.12205E-07    1.48944E-05
 1.33351E-07    7.90080E-06    5.25336E-07    1.52763E-05
 1.34769E-07    8.10548E-06    5.38946E-07    1.56720E-05
 1.36201E-07    8.31743E-06    5.53039E-07    1.60818E-05
 1.37649E-07    8.53679E-06    5.67625E-07    1.65060E-05
 1.39406E-07    8.80908E-06    5.85729E-07    1.70324E-05
 1.41485E-07    9.13791E-06    6.07594E-07    1.76682E-05
 1.44203E-07    9.57571E-06    6.36704E-07    1.85147E-05
 1.47597E-07    1.01301E-05    6.73564E-07    1.95866E-05
 1.50433E-07    1.06004E-05    7.04836E-07    2.04959E-05
 1.52676E-07    1.09795E-05    7.30046E-07    2.12290E-05
 1.54625E-07    1.13167E-05    7.52466E-07    2.18810E-05
 1.56269E-07    1.16081E-05    7.71840E-07    2.24443E-05
 1.57929E-07    1.19099E-05    7.91905E-07    2.30278E-05
 1.59608E-07    1.22229E-05    8.12718E-07    2.36330E-05
 1.61304E-07    1.25469E-05    8.34263E-07    2.42596E-05
 1.63364E-07    1.29497E-05    8.61046E-07    2.50384E-05
 1.65800E-07    1.34366E-05    8.93420E-07    2.59798E-05
 1.68985E-07    1.40841E-05    9.36475E-07    2.72318E-05
 1.73328E-07    1.49781E-05    9.95916E-07    2.89603E-05
 1.76659E-07    1.56721E-05    1.04206E-06    3.03020E-05
 1.79293E-07    1.62303E-05    1.07918E-06    3.13815E-05
 1.81582E-07    1.67266E-05    1.11218E-06    3.23411E-05
 1.83512E-07    1.71559E-05    1.14072E-06    3.31711E-05
 1.85462E-07    1.76012E-05    1.17033E-06    3.40321E-05
 1.87434E-07    1.80642E-05    1.20112E-06    3.49273E-05
 1.89426E-07    1.85444E-05    1.23305E-06    3.58557E-05
 1.91844E-07    1.91423E-05    1.27280E-06    3.70117E-05
 1.94705E-07    1.98654E-05    1.32088E-06    3.84099E-05
 1.98866E-07    2.09351E-05    1.39201E-06    4.04783E-05
 2.04841E-07    2.24883E-05    1.49528E-06    4.34813E-05
 2.08777E-07    2.35235E-05    1.56412E-06    4.54829E-05
 2.11442E-07    2.42372E-05    1.61157E-06    4.68629E-05
 2.13690E-07    2.48519E-05    1.65244E-06    4.80513E-05
 2.15961E-07    2.54886E-05    1.69478E-06    4.92824E-05
 2.18257E-07    2.61513E-05    1.73884E-06    5.05637E-05
 2.20576E-07    2.68411E-05    1.78471E-06    5.18975E-05
 2.22921E-07    2.75584E-05    1.83240E-06    5.32843E-05
 2.25767E-07    2.84515E-05    1.89178E-06    5.50112E-05
 2.29133E-07    2.95304E-05    1.96352E-06    5.70972E-05
 2.35022E-07    3.14472E-05    2.09097E-06    6.08034E-05
 2.43109E-07    3.41035E-05    2.26759E-06    6.59393E-05
 2.47257E-07    3.54854E-05    2.35948E-06    6.86114E-05
 2.50413E-07    3.65604E-05    2.43096E-06    7.06899E-05
 2.53076E-07    3.74913E-05    2.49285E-06    7.24897E-05
 2.55765E-07    3.84603E-05    2.55729E-06    7.43634E-05
 2.57937E-07    3.92664E-05    2.61088E-06    7.59219E-05
 2.60679E-07    4.03131E-05    2.68048E-06    7.79457E-05
 2.63450E-07    4.13999E-05    2.75274E-06    8.00470E-05
 2.66813E-07    4.27497E-05    2.84249E-06    8.26569E-05
 2.71940E-07    4.48443E-05    2.98177E-06    8.67069E-05
 2.84287E-07    4.99439E-05    3.32085E-06    9.65670E-05
 2.89750E-07    5.22237E-05    3.47244E-06    1.00975E-04
 2.93449E-07    5.37967E-05    3.57702E-06    1.04016E-04
 2.96568E-07    5.51558E-05    3.66739E-06    1.06644E-04
 2.99087E-07    5.62839E-05    3.74240E-06    1.08825E-04
 3.01627E-07    5.74533E-05    3.82016E-06    1.11086E-04
 3.04189E-07    5.86664E-05    3.90082E-06    1.13432E-04
 3.07423E-07    6.02431E-05    4.00566E-06    1.16481E-04
 3.10690E-07    6.18786E-05    4.11441E-06    1.19643E-04
 3.15323E-07    6.42478E-05    4.27193E-06    1.24224E-04
 3.25484E-07    6.95224E-05    4.62265E-06    1.34422E-04
 3.38111E-07    7.61148E-05    5.06099E-06    1.47169E-04
 3.43154E-07    7.87842E-05    5.23848E-06    1.52330E-04
 3.46801E-07    8.07556E-05    5.36956E-06    1.56142E-04
 3.50487E-07    8.28058E-05    5.50588E-06    1.60106E-04
 3.53464E-07    8.45148E-05    5.61952E-06    1.63410E-04
 3.56467E-07    8.62919E-05    5.73768E-06    1.66846E-04
 3.59495E-07    8.81373E-05    5.86039E-06    1.70414E-04
 3.63315E-07    9.05314E-05    6.01957E-06    1.75043E-04
 3.67953E-07    9.35090E-05    6.21756E-06    1.80800E-04
 3.76613E-07    9.91636E-05    6.59354E-06    1.91734E-04
 3.97898E-07    1.13160E-04    7.52417E-06    2.18795E-04
 4.03831E-07    1.17112E-04    7.78699E-06    2.26438E-04
 4.08124E-07    1.20035E-04    7.98133E-06    2.32089E-04
 4.11590E-07    1.22459E-04    8.14249E-06    2.36776E-04
 4.15086E-07    1.24979E-04    8.31002E-06    2.41647E-04
 4.18612E-07    1.27605E-04    8.48465E-06    2.46725E-04
 4.22168E-07    1.30339E-04    8.66645E-06    2.52012E-04
 4.26654E-07    1.33893E-04    8.90274E-06    2.58883E-04
 4.32101E-07    1.38315E-04    9.19676E-06    2.67433E-04
 4.45084E-07    1.49031E-04    9.90927E-06    2.88152E-04
 4.70239E-07    1.69895E-04    1.12966E-05    3.28493E-04
 4.77252E-07    1.75803E-04    1.16894E-05    3.39916E-04
 4.82324E-07    1.80186E-04    1.19808E-05    3.48391E-04
 4.86421E-07    1.83837E-04    1.22236E-05    3.55450E-04
 4.90552E-07    1.87640E-04    1.24765E-05    3.62804E-04
 4.94719E-07    1.91604E-04    1.27400E-05    3.70468E-04
 4.99978E-07    1.96765E-04    1.30832E-05    3.80448E-04
 5.06362E-07    2.03194E-04    1.35107E-05    3.92877E-04
 5.23786E-07    2.21038E-04    1.46971E-05    4.27378E-04
 5.37247E-07    2.34809E-04    1.56128E-05    4.54006E-04
 5.41811E-07    2.39384E-04    1.59170E-05    4.62851E-04
 5.45257E-07    2.42735E-04    1.61398E-05    4.69330E-04
 5.48728E-07    2.45949E-04    1.63535E-05    4.75545E-04
 5.51054E-07    2.47971E-04    1.64879E-05    4.79453E-04
 5.53389E-07    2.49860E-04    1.66136E-05    4.83107E-04
 5.55735E-07    2.51587E-04    1.67284E-05    4.86445E-04
 5.57500E-07    2.52757E-04    1.68062E-05    4.88707E-04
 5.59270E-07    2.53807E-04    1.68760E-05    4.90738E-04
 5.61047E-07    2.54730E-04    1.69374E-05    4.92523E-04
 5.62988E-07    2.55583E-04    2.91521E-05    4.82015E-04
 5.64777E-07    2.56225E-04    2.92253E-05    4.83226E-04
 5.66572E-07    2.56733E-04    2.92832E-05    4.84182E-04
 5.68372E-07    2.57109E-04    2.93262E-05    4.84893E-04
 5.70176E-07    2.57364E-04    2.93552E-05    4.85373E-04
 5.72593E-07    2.57531E-04    2.93742E-05    4.85687E-04
 5.73806E-07    2.57548E-04    2.93762E-05    4.85720E-04
 5.76238E-07    2.57469E-04    2.93671E-05    4.85571E-04
 5.78680E-07    2.57265E-04    2.93438E-05    4.85185E-04
 5.82361E-07    2.56786E-04    2.92892E-05    4.84282E-04
 5.87308E-07    2.55946E-04    2.91935E-05    4.82699E-04
 5.98593E-07    2.53735E-04    2.89412E-05    4.78528E-04
 6.61138E-07    2.41103E-04    2.75004E-05    4.54705E-04
 6.73842E-07    2.38683E-04    2.72244E-05    4.50141E-04
 6.85337E-07    2.36682E-04    2.69961E-05    4.46367E-04
 7.04436E-07    2.33623E-04    2.66473E-05    4.40599E-04
 7.76398E-07    2.22386E-04    2.53656E-05    4.19407E-04
 7.89644E-07    2.20428E-04    2.51422E-05    4.15714E-04
 8.01421E-07    2.18842E-04    2.49613E-05    4.12722E-04
 8.18547E-07    2.16755E-04    2.47233E-05    4.08788E-04
 9.81792E-07    1.97751E-04    2.25557E-05    3.72947E-04
 9.98542E-07    1.95913E-04    2.23460E-05    3.69479E-04
 1.01198E-06    1.94558E-04    2.21915E-05    3.66925E-04
 1.05542E-06    1.90523E-04    2.17312E-05    3.59314E-04
 1.09301E-06    1.87144E-04    2.13458E-05    3.52942E-04
 1.12407E-06    1.84662E-04    2.10627E-05    3.48261E-04
 1.27513E-06    1.73225E-04    1.97581E-05    3.26691E-04
 1.31136E-06    1.70830E-04    1.94851E-05    3.22176E-04
 1.50857E-06    1.59135E-04    1.81511E-05    3.00119E-04
 1.65243E-06    1.52280E-04    1.73692E-05    2.87190E-04
 1.78475E-06    1.46211E-04    1.66770E-05    2.75746E-04
 2.09680E-06    1.34812E-04    1.53768E-05    2.54247E-04
 2.46329E-06    1.24305E-04    1.41783E-05    2.34431E-04
 2.89398E-06    1.14613E-04    1.30729E-05    2.16154E-04
 3.39980E-06    1.05681E-04    1.20540E-05    1.99307E-04
 3.99424E-06    9.74421E-05    1.11143E-05    1.83770E-04
 4.69237E-06    8.98480E-05    1.02481E-05    1.69448E-04
 5.51281E-06    8.28439E-05    9.44925E-06    1.56239E-04
 6.47637E-06    7.63878E-05    8.71287E-06    1.44063E-04
 7.60872E-06    7.04333E-05    8.03369E-06    1.32833E-04
 9.00167E-06    6.47225E-05    7.38231E-06    1.22063E-04
 1.00693E-05    6.11762E-05    6.97781E-06    1.15375E-04
 1.23370E-05    5.51422E-05    6.28957E-06    1.03995E-04
 1.44940E-05    5.07907E-05    5.79323E-06    9.57881E-05
 1.70274E-05    4.67843E-05    5.33627E-06    8.82324E-05
 2.00045E-05    4.30931E-05    4.91524E-06    8.12710E-05
 2.35010E-05    3.96940E-05    4.52754E-06    7.48605E-05
 2.76100E-05    3.65622E-05    4.17032E-06    6.89541E-05
 3.24359E-05    3.36784E-05    3.84138E-06    6.35153E-05
 3.81071E-05    3.10213E-05    3.53831E-06    5.85042E-05
 4.47676E-05    2.85745E-05    3.25923E-06    5.38897E-05
 5.25950E-05    2.63201E-05    3.00209E-06    4.96380E-05
 6.17878E-05    2.42441E-05    2.76530E-06    4.57229E-05
 7.56738E-05    2.17780E-05    2.48402E-06    4.10719E-05
 7.57070E-05    2.18193E-05    2.48873E-06    4.11498E-05
 7.57277E-05    2.19494E-05    2.50357E-06    4.13952E-05
 7.57401E-05    2.21302E-05    2.52419E-06    4.17363E-05
 7.57484E-05    2.23333E-05    2.54736E-06    4.21193E-05
 7.57567E-05    2.26420E-05    2.58256E-06    4.27014E-05
 7.57629E-05    2.29735E-05    2.62038E-06    4.33266E-05
 7.57691E-05    2.34245E-05    2.67182E-06    4.41772E-05
 7.57753E-05    2.40364E-05    2.74162E-06    4.53312E-05
 7.57795E-05    2.45605E-05    2.80139E-06    4.63196E-05
 7.57836E-05    2.52011E-05    2.87446E-06    4.75278E-05
 7.57877E-05    2.59834E-05    2.96369E-06    4.90030E-05
 7.57919E-05    2.69376E-05    3.07252E-06    5.08026E-05
 7.57950E-05    2.77878E-05    3.16950E-06    5.24061E-05
 7.57981E-05    2.87733E-05    3.28191E-06    5.42648E-05
 7.58012E-05    2.99151E-05    3.41215E-06    5.64181E-05
 7.58043E-05    3.12370E-05    3.56292E-06    5.89111E-05
 7.58074E-05    3.27666E-05    3.73739E-06    6.17959E-05
 7.58105E-05    3.45356E-05    3.93917E-06    6.51321E-05
 7.58136E-05    3.65803E-05    4.17239E-06    6.89883E-05
 7.58157E-05    3.81168E-05    4.34764E-06    7.18861E-05
 7.58178E-05    3.98081E-05    4.54054E-06    7.50756E-05
 7.58199E-05    4.16690E-05    4.75280E-06    7.85852E-05
 7.58219E-05    4.37162E-05    4.98631E-06    8.24461E-05
 7.58240E-05    4.59678E-05    5.24313E-06    8.66924E-05
 7.58261E-05    4.84435E-05    5.52551E-06    9.13615E-05
 7.58281E-05    5.11650E-05    5.83592E-06    9.64940E-05
 7.58302E-05    5.41558E-05    6.17706E-06    1.02135E-04
 7.58323E-05    5.74419E-05    6.55187E-06    1.08332E-04
 7.58344E-05    6.10514E-05    6.96358E-06    1.15139E-04
 7.58364E-05    6.50152E-05    7.41570E-06    1.22615E-04
 7.58385E-05    6.93669E-05    7.91206E-06    1.30822E-04
 7.58406E-05    7.41435E-05    8.45688E-06    1.39830E-04
 7.58426E-05    7.93851E-05    9.05474E-06    1.49715E-04
 7.58447E-05    8.51353E-05    9.71061E-06    1.60560E-04
 7.58468E-05    9.14419E-05    1.04300E-05    1.72454E-04
 7.58489E-05    9.83572E-05    1.12187E-05    1.85496E-04
 7.58509E-05    1.05938E-04    1.20834E-05    1.99792E-04
 7.58530E-05    1.14246E-04    1.30310E-05    2.15461E-04
 7.58551E-05    1.23349E-04    1.40693E-05    2.32628E-04
 7.58571E-05    1.33320E-04    1.52066E-05    2.51433E-04
 7.58592E-05    1.44240E-04    1.64521E-05    2.72027E-04
 7.58613E-05    1.56195E-04    1.78158E-05    2.94574E-04
 7.58634E-05    1.69281E-04    1.93084E-05    3.19254E-04
 7.58654E-05    1.83601E-04    2.09417E-05    3.46261E-04
 7.58675E-05    1.99268E-04    2.27286E-05    3.75806E-04
 7.58696E-05    2.16402E-04    2.46831E-05    4.08122E-04
 7.58716E-05    2.35139E-04    2.68202E-05    4.43457E-04
 7.58737E-05    2.55622E-04    2.91565E-05    4.82087E-04
 7.58758E-05    2.78008E-04    3.17099E-05    5.24307E-04
 7.58779E-05    3.02469E-04    3.44999E-05    5.70438E-04
 7.58799E-05    3.29189E-04    3.75476E-05    6.20830E-04
 7.58820E-05    3.58370E-04    4.08760E-05    6.75863E-04
 7.58841E-05    3.90230E-04    4.45100E-05    7.35950E-04
 7.58861E-05    4.25007E-04    4.84767E-05    8.01538E-04
 7.58882E-05    4.62958E-04    5.28055E-05    8.73111E-04
 7.58903E-05    5.04364E-04    5.75282E-05    9.51199E-04
 7.58924E-05    5.49527E-04    6.26795E-05    1.03637E-03
 7.58944E-05    5.98774E-04    6.82967E-05    1.12925E-03
 7.58965E-05    6.52463E-04    7.44205E-05    1.23050E-03
 7.58986E-05    7.10978E-04    8.10948E-05    1.34086E-03
 7.59006E-05    7.74739E-04    8.83675E-05    1.46111E-03
 7.59027E-05    8.44198E-04    9.62900E-05    1.59211E-03
 7.59048E-05    9.19843E-04    1.04918E-04    1.73477E-03
 7.59068E-05    1.00221E-03    1.14313E-04    1.89011E-03
 7.59089E-05    1.09187E-03    1.24540E-04    2.05920E-03
 7.59110E-05    1.18944E-03    1.35669E-04    2.24322E-03
 7.59131E-05    1.29560E-03    1.47778E-04    2.44343E-03
 7.59151E-05    1.41108E-03    1.60949E-04    2.66121E-03
 7.59172E-05    1.53665E-03    1.75272E-04    2.89803E-03
 7.59193E-05    1.67317E-03    1.90843E-04    3.15549E-03
 7.59214E-05    1.82155E-03    2.07767E-04    3.43533E-03
 7.59234E-05    1.98279E-03    2.26158E-04    3.73941E-03
 7.59255E-05    2.15795E-03    2.46138E-04    4.06977E-03
 7.59276E-05    2.34820E-03    2.67837E-04    4.42855E-03
 7.59296E-05    2.55476E-03    2.91399E-04    4.81813E-03
 7.59317E-05    2.77900E-03    3.16976E-04    5.24103E-03
 7.59338E-05    3.02237E-03    3.44734E-04    5.70000E-03
 7.59359E-05    3.28641E-03    3.74851E-04    6.19798E-03
 7.59379E-05    3.57283E-03    4.07520E-04    6.73814E-03
 7.59400E-05    3.88344E-03    4.42949E-04    7.32394E-03
 7.59421E-05    4.22021E-03    4.81361E-04    7.95906E-03
 7.59441E-05    4.58523E-03    5.22996E-04    8.64747E-03
 7.59462E-05    4.98078E-03    5.68113E-04    9.39346E-03
 7.59483E-05    5.40932E-03    6.16992E-04    1.02016E-02
 7.59504E-05    5.87346E-03    6.69932E-04    1.10770E-02
 7.59524E-05    6.37605E-03    7.27258E-04    1.20248E-02
 7.59545E-05    6.92012E-03    7.89315E-04    1.30509E-02
 7.59566E-05    7.50896E-03    8.56479E-04    1.41614E-02
 7.59586E-05    8.14611E-03    9.29153E-04    1.53631E-02
 7.59607E-05    8.83534E-03    1.00777E-03    1.66629E-02
 7.59628E-05    9.58072E-03    1.09279E-03    1.80686E-02
 7.59649E-05    1.03866E-02    1.18471E-03    1.95885E-02
 7.59669E-05    1.12577E-02    1.28407E-03    2.12314E-02
 7.59690E-05    1.21991E-02    1.39145E-03    2.30068E-02
 7.59711E-05    1.32162E-02    1.50745E-03    2.49249E-02
 7.59731E-05    1.43148E-02    1.63275E-03    2.69967E-02
 7.59752E-05    1.55011E-02    1.76807E-03    2.92341E-02
 7.59773E-05    1.67818E-02    1.91414E-03    3.16494E-02
 7.59794E-05    1.81640E-02    2.07181E-03    3.42562E-02
 7.59814E-05    1.96555E-02    2.24193E-03    3.70691E-02
 7.59835E-05    2.12646E-02    2.42546E-03    4.01037E-02
 7.59856E-05    2.29999E-02    2.62339E-03    4.33763E-02
 7.59876E-05    2.48709E-02    2.83680E-03    4.69050E-02
 7.59897E-05    2.68878E-02    3.06685E-03    5.07088E-02
 7.59918E-05    2.90614E-02    3.31478E-03    5.48081E-02
 7.59939E-05    3.14033E-02    3.58189E-03    5.92248E-02
 7.59959E-05    3.39259E-02    3.86962E-03    6.39822E-02
 7.59980E-05    3.66424E-02    4.17946E-03    6.91053E-02
 7.60001E-05    3.95670E-02    4.51305E-03    7.46210E-02
 7.60021E-05    4.27148E-02    4.87209E-03    8.05576E-02
 7.60042E-05    4.61021E-02    5.25845E-03    8.69458E-02
 7.60063E-05    4.97462E-02    5.67410E-03    9.38183E-02
 7.60084E-05    5.36656E-02    6.12115E-03    1.01210E-01
 7.60104E-05    5.78800E-02    6.60185E-03    1.09158E-01
 7.60125E-05    6.24104E-02    7.11858E-03    1.17702E-01
 7.60146E-05    6.72793E-02    7.67394E-03    1.26885E-01
 7.60166E-05    7.25108E-02    8.27065E-03    1.36751E-01
 7.60187E-05    7.81303E-02    8.91162E-03    1.47349E-01
 7.60208E-05    8.41651E-02    9.59996E-03    1.58730E-01
 7.60229E-05    9.06445E-02    1.03390E-02    1.70950E-01
 7.60249E-05    9.75995E-02    1.11323E-02    1.84067E-01
 7.60270E-05    1.05063E-01    1.19836E-02    1.98142E-01
 7.60291E-05    1.13070E-01    1.28969E-02    2.13243E-01
 7.60311E-05    1.21658E-01    1.38764E-02    2.29440E-01
 7.60332E-05    1.30867E-01    1.49268E-02    2.46808E-01
 7.60353E-05    1.40740E-01    1.60529E-02    2.65427E-01
 7.60374E-05    1.51321E-01    1.72598E-02    2.85381E-01
 7.60394E-05    1.62658E-01    1.85530E-02    3.06764E-01
 7.60415E-05    1.74804E-01    1.99383E-02    3.29670E-01
 7.60436E-05    1.87811E-01    2.14220E-02    3.54201E-01
 7.60456E-05    2.01738E-01    2.30105E-02    3.80466E-01
 7.60477E-05    2.16646E-01    2.47109E-02    4.08582E-01
 7.60498E-05    2.32600E-01    2.65306E-02    4.38670E-01
 7.60519E-05    2.49669E-01    2.84775E-02    4.70861E-01
 7.60539E-05    2.67927E-01    3.05600E-02    5.05293E-01
 7.60560E-05    2.87450E-01    3.27869E-02    5.42114E-01
 7.60581E-05    3.08324E-01    3.51677E-02    5.81480E-01
 7.60601E-05    3.30633E-01    3.77124E-02    6.23554E-01
 7.60622E-05    3.54472E-01    4.04314E-02    6.68513E-01
 7.60643E-05    3.79939E-01    4.33362E-02    7.16542E-01
 7.60664E-05    4.07139E-01    4.64387E-02    7.67839E-01
 7.60684E-05    4.36181E-01    4.97512E-02    8.22611E-01
 7.60705E-05    4.67183E-01    5.32874E-02    8.81079E-01
 7.60726E-05    5.00270E-01    5.70613E-02    9.43479E-01
 7.60746E-05    5.35573E-01    6.10880E-02    1.01006E+00
 7.60767E-05    5.73230E-01    6.53832E-02    1.08108E+00
 7.60788E-05    6.13388E-01    6.99636E-02    1.15681E+00
 7.60809E-05    6.56203E-01    7.48471E-02    1.23756E+00
 7.60829E-05    7.01840E-01    8.00525E-02    1.32363E+00
 7.60850E-05    7.50470E-01    8.55994E-02    1.41534E+00
 7.60871E-05    8.02279E-01    9.15087E-02    1.51305E+00
 7.60891E-05    8.57461E-01    9.78028E-02    1.61712E+00
 7.60912E-05    9.16221E-01    1.04505E-01    1.72794E+00
 7.60933E-05    9.78774E-01    1.11640E-01    1.84591E+00
 7.60954E-05    1.04535E+00    1.19233E-01    1.97146E+00
 7.60974E-05    1.11619E+00    1.27313E-01    2.10506E+00
 7.60995E-05    1.19154E+00    1.35908E-01    2.24717E+00
 7.61016E-05    1.27168E+00    1.45049E-01    2.39831E+00
 7.61036E-05    1.35688E+00    1.54767E-01    2.55900E+00
 7.61068E-05    1.49485E+00    1.70504E-01    2.81920E+00
 7.61099E-05    1.64597E+00    1.87741E-01    3.10420E+00
 7.61130E-05    1.81139E+00    2.06609E-01    3.41617E+00
 7.61161E-05    1.99238E+00    2.27253E-01    3.75752E+00
 7.61192E-05    2.19028E+00    2.49826E-01    4.13074E+00
 7.61223E-05    2.40656E+00    2.74495E-01    4.53863E+00
 7.61254E-05    2.64278E+00    3.01438E-01    4.98413E+00
 7.61285E-05    2.90066E+00    3.30851E-01    5.47046E+00
 7.61316E-05    3.18199E+00    3.62940E-01    6.00103E+00
 7.61347E-05    3.48875E+00    3.97930E-01    6.57957E+00
 7.61378E-05    3.82304E+00    4.36060E-01    7.21002E+00
 7.61409E-05    4.18717E+00    4.77593E-01    7.89675E+00
 7.61440E-05    4.58353E+00    5.22801E-01    8.64425E+00
 7.61471E-05    5.01475E+00    5.71987E-01    9.45750E+00
 7.61503E-05    5.48361E+00    6.25466E-01    1.03418E+01
 7.61534E-05    5.99315E+00    6.83585E-01    1.13027E+01
 7.61565E-05    6.54657E+00    7.46708E-01    1.23464E+01
 7.61596E-05    7.14731E+00    8.15229E-01    1.34794E+01
 7.61627E-05    7.79902E+00    8.89564E-01    1.47085E+01
 7.61658E-05    8.50571E+00    9.70169E-01    1.60412E+01
 7.61689E-05    9.27149E+00    1.05751E+00    1.74855E+01
 7.61720E-05    1.01009E+01    1.15212E+00    1.90497E+01
 7.61751E-05    1.09987E+01    1.25452E+00    2.07429E+01
 7.61782E-05    1.19700E+01    1.36531E+00    2.25747E+01
 7.61813E-05    1.30202E+01    1.48510E+00    2.45553E+01
 7.61844E-05    1.41551E+01    1.61455E+00    2.66957E+01
 7.61875E-05    1.53808E+01    1.75435E+00    2.90073E+01
 7.61906E-05    1.67039E+01    1.90527E+00    3.15026E+01
 7.61938E-05    1.81313E+01    2.06807E+00    3.41945E+01
 7.61969E-05    1.96703E+01    2.24362E+00    3.70970E+01
 7.62000E-05    2.13288E+01    2.43278E+00    4.02248E+01
 7.62031E-05    2.31150E+01    2.63651E+00    4.35934E+01
 7.62062E-05    2.50376E+01    2.85581E+00    4.72194E+01
 7.62093E-05    2.71060E+01    3.09174E+00    5.11203E+01
 7.62124E-05    2.93299E+01    3.34539E+00    5.53144E+01
 7.62155E-05    3.17198E+01    3.61799E+00    5.98216E+01
 7.62186E-05    3.42864E+01    3.91074E+00    6.46620E+01
 7.62217E-05    3.70414E+01    4.22498E+00    6.98578E+01
 7.62248E-05    3.99969E+01    4.56209E+00    7.54318E+01
 7.62279E-05    4.31659E+01    4.92354E+00    8.14082E+01
 7.62311E-05    4.65616E+01    5.31086E+00    8.78123E+01
 7.62342E-05    5.01984E+01    5.72567E+00    9.46710E+01
 7.62373E-05    5.40909E+01    6.16966E+00    1.02012E+02
 7.62402E-05    5.80173E+01    6.61751E+00    1.09417E+02
 7.62431E-05    6.21999E+01    7.09457E+00    1.17305E+02
 7.62461E-05    6.66532E+01    7.60252E+00    1.25704E+02
 7.62490E-05    7.13922E+01    8.14306E+00    1.34641E+02
 7.62519E-05    7.64332E+01    8.71804E+00    1.44148E+02
 7.62549E-05    8.17922E+01    9.32930E+00    1.54255E+02
 7.62578E-05    8.74868E+01    9.97883E+00    1.64995E+02
 7.62607E-05    9.35347E+01    1.06687E+01    1.76401E+02
 7.62651E-05    1.03311E+02    1.17837E+01    1.94838E+02
 7.62695E-05    1.13991E+02    1.30019E+01    2.14980E+02
 7.62740E-05    1.25646E+02    1.43313E+01    2.36960E+02
 7.62784E-05    1.38349E+02    1.57802E+01    2.60918E+02
 7.62828E-05    1.52181E+02    1.73579E+01    2.87004E+02
 7.62872E-05    1.67224E+02    1.90738E+01    3.15375E+02
 7.62916E-05    1.83567E+02    2.09378E+01    3.46196E+02
 7.62960E-05    2.01300E+02    2.29605E+01    3.79640E+02
 7.63004E-05    2.20522E+02    2.51530E+01    4.15892E+02
 7.63048E-05    2.41333E+02    2.75267E+01    4.55140E+02
 7.63092E-05    2.63840E+02    3.00939E+01    4.97587E+02
 7.63136E-05    2.88154E+02    3.28671E+01    5.43440E+02
 7.63180E-05    3.14389E+02    3.58595E+01    5.92919E+02
 7.63224E-05    3.42667E+02    3.90849E+01    6.46249E+02
 7.63268E-05    3.73111E+02    4.25574E+01    7.03665E+02
 7.63312E-05    4.05851E+02    4.62917E+01    7.65410E+02
 7.63356E-05    4.41023E+02    5.03034E+01    8.31742E+02
 7.63400E-05    4.78761E+02    5.46079E+01    9.02914E+02
 7.63444E-05    5.19209E+02    5.92215E+01    9.79196E+02
 7.63488E-05    5.62512E+02    6.41606E+01    1.06086E+03
 7.63532E-05    6.08821E+02    6.94427E+01    1.14820E+03
 7.63576E-05    6.58288E+02    7.50849E+01    1.24149E+03
 7.63620E-05    7.11069E+02    8.11052E+01    1.34103E+03
 7.63664E-05    7.67322E+02    8.75215E+01    1.44712E+03
 7.63708E-05    8.27212E+02    9.43526E+01    1.56007E+03
 7.63767E-05    9.12998E+02    1.04137E+02    1.72186E+03
 7.63825E-05    1.00593E+03    1.14737E+02    1.89712E+03
 7.63869E-05    1.08055E+03    1.23248E+02    2.03785E+03
 7.63928E-05    1.18693E+03    1.35382E+02    2.23847E+03
 7.63987E-05    1.30153E+03    1.48454E+02    2.45461E+03
 7.64046E-05    1.42475E+03    1.62508E+02    2.68699E+03
 7.64104E-05    1.55697E+03    1.77590E+02    2.93635E+03
 7.64163E-05    1.69857E+03    1.93740E+02    3.20340E+03
 7.64222E-05    1.84990E+03    2.11001E+02    3.48880E+03
 7.64280E-05    2.01132E+03    2.29413E+02    3.79323E+03
 7.64339E-05    2.18315E+03    2.49013E+02    4.11730E+03
 7.64398E-05    2.36571E+03    2.69835E+02    4.46159E+03
 7.64456E-05    2.55927E+03    2.91913E+02    4.82663E+03
 7.64515E-05    2.76409E+03    3.15275E+02    5.21291E+03
 7.64574E-05    2.98040E+03    3.39947E+02    5.62085E+03
 7.64662E-05    3.32678E+03    3.79456E+02    6.27411E+03
 7.64750E-05    3.69991E+03    4.22015E+02    6.97780E+03
 7.64838E-05    4.10002E+03    4.67652E+02    7.73239E+03
 7.64926E-05    4.52717E+03    5.16373E+02    8.53797E+03
 7.65014E-05    4.98113E+03    5.68153E+02    9.39412E+03
 7.65102E-05    5.46145E+03    6.22938E+02    1.03000E+04
 7.65220E-05    6.14152E+03    7.00507E+02    1.15825E+04
 7.65337E-05    6.86456E+03    7.82978E+02    1.29461E+04
 7.65484E-05    7.82355E+03    8.92361E+02    1.47547E+04
 7.65660E-05    9.04392E+03    1.03156E+03    1.70563E+04
 7.65836E-05    1.03231E+04    1.17747E+03    1.94688E+04
 7.66467E-05    1.50561E+04    3.03491E+03    2.70772E+04
 7.66721E-05    1.68527E+04    3.39707E+03    3.03084E+04
 7.66889E-05    1.79701E+04    3.62230E+03    3.23179E+04
 7.67058E-05    1.90070E+04    3.83132E+03    3.41827E+04
 7.67227E-05    1.99535E+04    4.02210E+03    3.58848E+04
 7.67396E-05    2.08032E+04    4.19338E+03    3.74130E+04
 7.67565E-05    2.15535E+04    4.34462E+03    3.87624E+04
 7.67734E-05    2.22051E+04    4.47597E+03    3.99342E+04
 7.67903E-05    2.27615E+04    4.58813E+03    4.09349E+04
 7.68156E-05    2.34313E+04    4.72314E+03    4.21394E+04
 7.68410E-05    2.39274E+04    4.82314E+03    4.30317E+04
 7.68663E-05    2.42806E+04    4.89435E+03    4.36669E+04
 7.69001E-05    2.45825E+04    4.95520E+03    4.42099E+04
 7.69507E-05    2.48001E+04    4.99905E+03    4.46011E+04
 7.70183E-05    2.48771E+04    5.01458E+03    4.47396E+04
 7.99015E-05    2.37671E+04    4.79084E+03    4.27434E+04
 9.92824E-05    1.61285E+04    3.25108E+03    2.90058E+04
 9.99778E-05    1.58716E+04    3.19930E+03    2.85439E+04
 1.01388E-04    1.57793E+04    3.18071E+03    2.83780E+04
 2.00026E-04    1.10655E+04    2.23052E+03    1.99005E+04
 3.00000E-04    8.95642E+03    1.80538E+03    1.61075E+04
 6.00000E-04    6.22733E+03    1.25527E+03    1.11994E+04
 1.00000E-03    4.76234E+03    9.59963E+02    8.56471E+03
 2.00000E-03    3.32243E+03    5.58227E+02    6.08662E+03
 3.00000E-03    2.70761E+03    4.54928E+02    4.96030E+03
 5.99882E-03    1.95367E+03    3.28251E+02    3.57908E+03
 1.00000E-02    1.58676E+03    0.00000E+00    3.38138E+03
 2.00000E-02    1.27902E+03    0.00000E+00    2.72560E+03
 3.00742E-02    1.17103E+03    0.00000E+00    3.11050E+03
 4.05538E-02    1.12241E+03    0.00000E+00    2.98135E+03
 6.49900E-02    1.08412E+03    0.00000E+00    2.87964E+03
 7.98335E-02    1.08866E+03    0.00000E+00    2.89171E+03
 1.00000E-01    1.10409E+03    0.00000E+00    2.93269E+03
 1.05531E-01    1.10192E+03    0.00000E+00    2.92693E+03
 1.22197E-01    1.10285E+03    0.00000E+00    2.92938E+03
 1.57451E-01    1.13996E+03    0.00000E+00    3.02797E+03
 1.75204E-01    1.17829E+03    0.00000E+00    3.12978E+03
 2.00746E-01    1.23984E+03    2.74622E+02    2.20506E+03
 2.51764E-01    1.30135E+03    2.88247E+02    2.31445E+03
 3.00000E-01    1.36453E+03    3.02242E+02    2.42682E+03
 3.23931E-01    1.38072E+03    3.05826E+02    2.45560E+03
 4.02822E-01    1.45579E+03    3.22455E+02    2.58912E+03
 5.00000E-01    1.51681E+03    3.35970E+02    2.69764E+03
 5.38108E-01    1.52370E+03    3.37496E+02    2.70990E+03
 5.61146E-01    1.53663E+03    3.40362E+02    2.73291E+03
 5.87053E-01    1.56020E+03    3.45583E+02    2.77483E+03
 5.97476E-01    1.57304E+03    3.48426E+02    2.79766E+03
 6.00000E-01    1.58420E+03    6.73297E+02    2.49509E+03
 7.14883E-01    1.67463E+03    7.11733E+02    2.63753E+03
 8.11287E-01    1.76187E+03    7.48810E+02    2.77493E+03
 9.06349E-01    1.86283E+03    7.91721E+02    2.93395E+03
 1.00705E+00    1.99180E+03    1.72694E+03    2.25667E+03
 1.21693E+00    2.31608E+03    2.00809E+03    2.62406E+03
 1.40000E+00    2.62114E+03    2.27259E+03    2.96970E+03
 1.60000E+00    2.89191E+03    2.50735E+03    3.27646E+03
 1.80000E+00    3.04412E+03    2.22011E+03    3.86814E+03
 2.00000E+00    3.08587E+03    2.25055E+03    3.92119E+03
 2.21552E+00    3.05061E+03    2.22483E+03    3.87638E+03
 2.48553E+00    2.95774E+03    2.15710E+03    3.75837E+03
 2.81975E+00    2.83876E+03    1.94406E+03    3.73346E+03
 3.04232E+00    2.77842E+03    1.90273E+03    3.65410E+03
 3.26804E+00    2.73419E+03    1.87245E+03    3.59594E+03
 3.65517E+00    2.68130E+03    1.83623E+03    3.52638E+03
 4.25925E+00    2.60025E+03    1.78072E+03    3.41978E+03
 4.86772E+00    2.51494E+03    1.81987E+03    3.21002E+03
 5.21968E+00    2.47941E+03    1.79416E+03    3.16467E+03
 5.53914E+00    2.46258E+03    1.78198E+03    3.14319E+03
 5.80000E+00    2.45939E+03    1.77967E+03    3.13911E+03
 6.12757E+00    2.47094E+03    1.78803E+03    3.15386E+03
 6.53608E+00    2.50265E+03    1.81097E+03    3.19433E+03
 6.74525E+00    2.52231E+03    2.05303E+03    2.99158E+03
 7.45423E+00    2.59832E+03    2.11490E+03    3.08174E+03
 7.95502E+00    2.63447E+03    2.14433E+03    3.12461E+03
 8.50000E+00    2.65172E+03    2.15837E+03    3.14508E+03
 9.20367E+00    2.64821E+03    2.24832E+03    3.04809E+03
 1.00000E+01    2.63310E+03    2.23550E+03    3.03070E+03
 1.01411E+01    2.63083E+03    2.23357E+03    3.02809E+03
 1.02384E+01    2.62927E+03    2.23225E+03    3.02629E+03
 1.03828E+01    2.62695E+03    2.23028E+03    3.02362E+03
 1.05000E+01    2.62506E+03    2.22868E+03    3.02145E+03
 1.05456E+01    2.62474E+03    2.22840E+03    3.02108E+03
 1.06944E+01    2.62367E+03    2.22750E+03    3.01985E+03
 1.08327E+01    2.62268E+03    2.22665E+03    3.01871E+03
 1.09855E+01    2.62159E+03    2.22573E+03    3.01745E+03
 1.10000E+01    2.62148E+03    2.22564E+03    3.01733E+03
 1.10054E+01    2.62149E+03    2.22565E+03    3.01734E+03
 1.11607E+01    2.62177E+03    2.22588E+03    3.01766E+03
 1.11796E+01    2.62180E+03    2.22591E+03    3.01770E+03
 1.13373E+01    2.62208E+03    2.22615E+03    3.01802E+03
 1.13737E+01    2.62215E+03    2.22620E+03    3.01809E+03
 1.15000E+01    2.62237E+03    2.22639E+03    3.01835E+03
 1.15050E+01    2.62241E+03    2.22642E+03    3.01839E+03
 1.15867E+01    2.62301E+03    2.22693E+03    3.01909E+03
 1.17064E+01    2.62389E+03    2.22768E+03    3.02010E+03
 1.18716E+01    2.62511E+03    2.22872E+03    3.02150E+03
 1.20000E+01    2.62606E+03    2.22952E+03    3.02259E+03
 1.21147E+01    2.62676E+03    2.23011E+03    3.02340E+03
 1.21873E+01    2.62720E+03    2.23049E+03    3.02391E+03
 1.23592E+01    2.62825E+03    2.23138E+03    3.02511E+03
 1.23865E+01    2.62841E+03    2.23152E+03    3.02530E+03
 1.24729E+01    2.62967E+03    2.23259E+03    3.02675E+03
 1.25000E+01    2.63007E+03    2.23293E+03    3.02721E+03
 1.26042E+01    2.63049E+03    2.23329E+03    3.02770E+03
 1.27820E+01    2.63121E+03    2.23390E+03    3.02853E+03
 1.28872E+01    2.63164E+03    2.23426E+03    3.02902E+03
 1.29989E+01    2.63210E+03    2.23465E+03    3.02954E+03
 1.30000E+01    2.63210E+03    2.21778E+03    3.04642E+03
 1.31834E+01    2.63161E+03    2.21737E+03    3.04585E+03
 1.33694E+01    2.63111E+03    2.21695E+03    3.04528E+03
 1.34142E+01    2.63099E+03    2.21685E+03    3.04514E+03
 1.35000E+01    2.63076E+03    2.21665E+03    3.04487E+03
 1.36905E+01    2.62887E+03    2.21506E+03    3.04268E+03
 1.37395E+01    2.62839E+03    2.21465E+03    3.04212E+03
 1.37859E+01    2.62792E+03    2.21426E+03    3.04159E+03
 1.39409E+01    2.62639E+03    2.21297E+03    3.03980E+03
 1.39521E+01    2.62627E+03    2.21287E+03    3.03968E+03
 1.40000E+01    2.62580E+03    2.21247E+03    3.03913E+03
 1.41814E+01    2.62293E+03    2.21005E+03    3.03580E+03
 1.43545E+01    2.62019E+03    2.20775E+03    3.03263E+03
 1.44119E+01    2.61928E+03    2.20698E+03    3.03158E+03
 1.44416E+01    2.61881E+03    2.20658E+03    3.03104E+03
 1.45000E+01    2.61789E+03    2.20581E+03    3.02997E+03
 1.47046E+01    2.61395E+03    2.20249E+03    3.02541E+03
 1.47081E+01    2.61388E+03    2.20243E+03    3.02534E+03
 1.49156E+01    2.60989E+03    2.19907E+03    3.02071E+03
 1.50000E+01    2.60827E+03    2.19770E+03    3.01884E+03
 1.50078E+01    2.60812E+03    2.19757E+03    3.01866E+03
 1.51217E+01    2.60596E+03    2.19575E+03    3.01616E+03
 1.52334E+01    2.60384E+03    2.19397E+03    3.01371E+03
 1.54483E+01    2.59977E+03    2.19054E+03    3.00900E+03
 1.55000E+01    2.59879E+03    2.18971E+03    3.00786E+03
 1.57187E+01    2.59464E+03    2.18622E+03    3.00306E+03
 1.57590E+01    2.59388E+03    2.18557E+03    3.00218E+03
 1.59741E+01    2.58980E+03    2.18214E+03    2.99746E+03
 1.60000E+01    2.58931E+03    2.26354E+03    2.91507E+03
 1.60205E+01    2.58907E+03    2.26333E+03    2.91480E+03
 1.61867E+01    2.58713E+03    2.26164E+03    2.91262E+03
 1.62735E+01    2.58612E+03    2.26075E+03    2.91148E+03
 1.63509E+01    2.58521E+03    2.25996E+03    2.91046E+03
 1.65000E+01    2.58347E+03    2.25844E+03    2.90850E+03
 1.66762E+01    2.58142E+03    2.25665E+03    2.90619E+03
 1.69115E+01    2.57867E+03    2.25424E+03    2.90309E+03
 1.70000E+01    2.57764E+03    2.25334E+03    2.90193E+03
 1.71180E+01    2.57749E+03    2.25322E+03    2.90177E+03
 1.71496E+01    2.57745E+03    2.25318E+03    2.90172E+03
 1.73916E+01    2.57716E+03    2.25292E+03    2.90139E+03
 1.74654E+01    2.57707E+03    2.25284E+03    2.90129E+03
 1.74680E+01    2.57706E+03    2.25284E+03    2.90129E+03
 1.75000E+01    2.57702E+03    2.25281E+03    2.90124E+03
 1.77469E+01    2.57672E+03    2.25254E+03    2.90090E+03
 1.79917E+01    2.57642E+03    2.25228E+03    2.90056E+03
 1.79935E+01    2.57642E+03    2.25228E+03    2.90056E+03
 1.80000E+01    2.57641E+03    2.25227E+03    2.90055E+03
 1.80109E+01    2.57649E+03    2.25234E+03    2.90064E+03
 1.82650E+01    2.57827E+03    2.25390E+03    2.90265E+03
 1.84053E+01    2.57926E+03    2.25476E+03    2.90375E+03
 1.84726E+01    2.57973E+03    2.25517E+03    2.90429E+03
 1.85000E+01    2.57992E+03    2.25534E+03    2.90450E+03
 1.85854E+01    2.58052E+03    2.25586E+03    2.90518E+03
 1.87607E+01    2.58175E+03    2.25694E+03    2.90656E+03
 1.88670E+01    2.58249E+03    2.25759E+03    2.90740E+03
 1.90000E+01    2.58343E+03    2.25841E+03    2.90845E+03
 1.92681E+01    2.58567E+03    2.26036E+03    2.91098E+03
 1.92842E+01    2.58581E+03    2.26048E+03    2.91113E+03
 1.93526E+01    2.58651E+03    2.26110E+03    2.91192E+03
 1.95000E+01    2.58803E+03    2.26242E+03    2.91363E+03
 1.97751E+01    2.59086E+03    2.26490E+03    2.91682E+03
 1.98138E+01    2.59126E+03    2.26525E+03    2.91727E+03
 2.00000E+01    2.59318E+03    2.30869E+03    2.87767E+03
 2.02822E+01    2.59495E+03    2.31027E+03    2.87964E+03
 2.05683E+01    2.59676E+03    2.31188E+03    2.88164E+03
 2.08585E+01    2.59859E+03    2.31350E+03    2.88367E+03
 2.10000E+01    2.59948E+03    2.31430E+03    2.88466E+03
 2.12963E+01    2.59916E+03    2.31401E+03    2.88431E+03
 2.15967E+01    2.59883E+03    2.31372E+03    2.88394E+03
 2.19014E+01    2.59850E+03    2.31343E+03    2.88358E+03
 2.20000E+01    2.59840E+03    2.31334E+03    2.88346E+03
 2.23104E+01    2.59587E+03    2.31108E+03    2.88065E+03
 2.26251E+01    2.59330E+03    2.30880E+03    2.87780E+03
 2.29443E+01    2.59069E+03    2.30648E+03    2.87491E+03
 2.30000E+01    2.59024E+03    2.30607E+03    2.87441E+03
 2.33245E+01    2.58646E+03    2.30271E+03    2.87021E+03
 2.36536E+01    2.58263E+03    2.29929E+03    2.86596E+03
 2.39873E+01    2.57874E+03    2.29583E+03    2.86164E+03
 2.40000E+01    2.57859E+03    2.30605E+03    2.85113E+03
 2.43386E+01    2.57487E+03    2.30272E+03    2.84702E+03
 2.46820E+01    2.57110E+03    2.29935E+03    2.84285E+03
 2.50000E+01    2.56760E+03    2.29623E+03    2.83898E+03
 2.53527E+01    2.56478E+03    2.29370E+03    2.83586E+03
 2.57104E+01    2.56191E+03    2.29113E+03    2.83269E+03
 2.60000E+01    2.55959E+03    2.28906E+03    2.83012E+03
 2.63668E+01    2.55712E+03    2.28685E+03    2.82739E+03
 2.67388E+01    2.55462E+03    2.28462E+03    2.82463E+03
 2.70000E+01    2.55287E+03    2.28305E+03    2.82269E+03
 2.73809E+01    2.54889E+03    2.27949E+03    2.81829E+03
 2.77672E+01    2.54485E+03    2.27588E+03    2.81382E+03
 2.80000E+01    2.54242E+03    2.29229E+03    2.79255E+03
 2.83950E+01    2.53303E+03    2.28382E+03    2.78223E+03
 2.87956E+01    2.52351E+03    2.27524E+03    2.77177E+03
 2.90000E+01    2.51865E+03    2.27086E+03    2.76644E+03
 2.94091E+01    2.50069E+03    2.25466E+03    2.74671E+03
 2.98240E+01    2.48247E+03    2.23824E+03    2.72670E+03
 3.00000E+01    2.47475E+03    2.23128E+03    2.71822E+03
 3.04232E+01    2.50052E+03    2.25451E+03    2.74653E+03
 3.08525E+01    2.52666E+03    2.27808E+03    2.77523E+03
 3.10000E+01    2.53564E+03    2.28618E+03    2.78510E+03
 3.14374E+01    2.53226E+03    2.28313E+03    2.78139E+03
 3.18809E+01    2.52883E+03    2.28004E+03    2.77762E+03
 3.20000E+01    2.52791E+03    2.27921E+03    2.77661E+03
 3.24515E+01    2.52340E+03    2.27514E+03    2.77166E+03
 3.29093E+01    2.51883E+03    2.27102E+03    2.76663E+03
 3.30000E+01    2.51792E+03    2.27020E+03    2.76564E+03
 3.34656E+01    2.51327E+03    2.26601E+03    2.76053E+03
 3.39377E+01    2.50855E+03    2.26175E+03    2.75535E+03
 3.40000E+01    2.50793E+03    2.26119E+03    2.75467E+03
 3.44797E+01    2.50388E+03    2.25754E+03    2.75022E+03
 3.49661E+01    2.49978E+03    2.25384E+03    2.74571E+03
 3.50000E+01    2.49949E+03    2.25358E+03    2.74540E+03
 3.54938E+01    2.49532E+03    2.24983E+03    2.74082E+03
 3.59945E+01    2.49110E+03    2.24602E+03    2.73618E+03
 3.60000E+01    2.49105E+03    2.24597E+03    2.73613E+03
 3.65079E+01    2.48741E+03    2.24270E+03    2.73213E+03
 3.70000E+01    2.48389E+03    2.23952E+03    2.72826E+03
 3.75220E+01    2.48015E+03    2.23614E+03    2.72415E+03
 3.80000E+01    2.47672E+03    2.23305E+03    2.72039E+03
 3.85361E+01    2.47255E+03    2.22929E+03    2.71580E+03
 3.90000E+01    2.46894E+03    2.22604E+03    2.71184E+03
 3.95502E+01    2.46466E+03    2.22219E+03    2.70714E+03
 4.00000E+01    2.46117E+03    2.21903E+03    2.70331E+03
 4.05643E+01    2.45623E+03    2.21458E+03    2.69788E+03
 4.10000E+01    2.45242E+03    2.21115E+03    2.69369E+03
 4.15784E+01    2.44736E+03    2.20658E+03    2.68814E+03
 4.20000E+01    2.44367E+03    2.20326E+03    2.68408E+03
 4.25925E+01    2.43843E+03    2.19853E+03    2.67833E+03
 4.30000E+01    2.43483E+03    2.19529E+03    2.67437E+03
 4.36067E+01    2.42947E+03    2.19046E+03    2.66849E+03
 4.40000E+01    2.42600E+03    2.18732E+03    2.66468E+03
 4.46208E+01    2.42082E+03    2.18265E+03    2.65898E+03
 4.50000E+01    2.41765E+03    2.17980E+03    2.65550E+03
 4.56349E+01    2.41235E+03    2.17502E+03    2.64968E+03
 4.60000E+01    2.40930E+03    2.17227E+03    2.64633E+03
 4.66490E+01    2.40410E+03    2.16757E+03    2.64062E+03
 4.70000E+01    2.40128E+03    2.16504E+03    2.63752E+03
 4.76631E+01    2.39596E+03    2.16024E+03    2.63168E+03
 4.80000E+01    2.39326E+03    2.15781E+03    2.62871E+03
 4.86772E+01    2.38787E+03    2.15295E+03    2.62279E+03
 4.90000E+01    2.38530E+03    2.15063E+03    2.61997E+03
 4.96913E+01    2.37980E+03    2.14567E+03    2.61393E+03
 5.00000E+01    2.37734E+03    2.14345E+03    2.61123E+03
 5.07054E+01    2.37174E+03    2.13840E+03    2.60508E+03
 5.10000E+01    2.36940E+03    2.13629E+03    2.60251E+03
 5.17195E+01    2.36369E+03    2.13114E+03    2.59623E+03
 5.20000E+01    2.36146E+03    2.12913E+03    2.59379E+03
 5.27336E+01    2.35575E+03    2.12398E+03    2.58751E+03
 5.30000E+01    2.35367E+03    2.12211E+03    2.58523E+03
 5.37477E+01    2.34784E+03    2.11686E+03    2.57883E+03
 5.40000E+01    2.34588E+03    2.11509E+03    2.57667E+03
 5.47618E+01    2.34014E+03    2.10991E+03    2.57036E+03
 5.50000E+01    2.33834E+03    2.10829E+03    2.56839E+03
 5.57760E+01    2.33249E+03    2.10301E+03    2.56197E+03
 5.60000E+01    2.33080E+03    2.10149E+03    2.56011E+03
 5.67901E+01    2.32503E+03    2.09629E+03    2.55377E+03
 5.70000E+01    2.32350E+03    2.09491E+03    2.55209E+03
 5.78042E+01    2.31762E+03    2.08961E+03    2.54563E+03
 5.80000E+01    2.31619E+03    2.08832E+03    2.54406E+03
 5.88183E+01    2.31037E+03    2.08307E+03    2.53767E+03
 5.90000E+01    2.30908E+03    2.08191E+03    2.53625E+03
 5.98324E+01    2.30317E+03    2.07658E+03    2.52976E+03
 6.00000E+01    2.30198E+03    2.07551E+03    2.52845E+03
 6.08465E+01    2.29624E+03    2.07033E+03    2.52215E+03
 6.10000E+01    2.29520E+03    2.06939E+03    2.52101E+03
 6.18606E+01    2.28936E+03    2.06413E+03    2.51460E+03
 6.20000E+01    2.28842E+03    2.06328E+03    2.51356E+03
 6.28747E+01    2.28250E+03    2.05794E+03    2.50706E+03
 6.30000E+01    2.28165E+03    2.05718E+03    2.50612E+03
 6.38888E+01    2.27562E+03    2.05174E+03    2.49950E+03
 6.40000E+01    2.27487E+03    2.05106E+03    2.49868E+03
 6.49029E+01    2.26875E+03    2.04554E+03    2.49195E+03
 6.50000E+01    2.26809E+03    2.04495E+03    2.49123E+03
 6.59170E+01    2.26233E+03    2.03976E+03    2.48490E+03
 6.60000E+01    2.26181E+03    2.03929E+03    2.48433E+03
 6.69311E+01    2.25595E+03    2.03401E+03    2.47790E+03
 6.70000E+01    2.25552E+03    2.03362E+03    2.47742E+03
 6.79453E+01    2.24958E+03    2.02826E+03    2.47090E+03
 6.80000E+01    2.24924E+03    2.02795E+03    2.47053E+03
 6.89594E+01    2.24321E+03    2.02251E+03    2.46390E+03
 6.90000E+01    2.24295E+03    2.02228E+03    2.46362E+03
 6.99735E+01    2.23684E+03    2.01677E+03    2.45690E+03
 7.00000E+01    2.23667E+03    2.01662E+03    2.45672E+03
 7.09876E+01    2.23092E+03    2.01144E+03    2.45041E+03
 7.10000E+01    2.23085E+03    2.01137E+03    2.45033E+03
 7.20000E+01    2.22503E+03    2.00613E+03    2.44393E+03
 7.30000E+01    2.21920E+03    2.00087E+03    2.43753E+03
 7.40000E+01    2.21338E+03    1.99562E+03    2.43114E+03
 7.50000E+01    2.20756E+03    1.99038E+03    2.42475E+03
 7.60000E+01    2.20217E+03    1.98552E+03    2.41882E+03
 7.70000E+01    2.19677E+03    1.98065E+03    2.41289E+03
 7.80000E+01    2.19138E+03    1.97579E+03    2.40697E+03
 7.90000E+01    2.18598E+03    1.97092E+03    2.40104E+03
 8.00000E+01    2.18059E+03    1.96606E+03    2.39512E+03
 8.10000E+01    2.17576E+03    1.96170E+03    2.38982E+03
 8.20000E+01    2.17094E+03    1.95736E+03    2.38452E+03
 8.30000E+01    2.16611E+03    1.95300E+03    2.37922E+03
 8.40000E+01    2.16129E+03    1.94866E+03    2.37392E+03
 8.50000E+01    2.15646E+03    1.94430E+03    2.36862E+03
 8.60000E+01    2.15163E+03    1.93995E+03    2.36331E+03
 8.70000E+01    2.14681E+03    1.93560E+03    2.35802E+03
 8.80000E+01    2.14198E+03    1.93125E+03    2.35271E+03
 8.90000E+01    2.13716E+03    1.92690E+03    2.34742E+03
 9.00000E+01    2.13233E+03    1.92255E+03    2.34211E+03
 9.10000E+01    2.12815E+03    1.91878E+03    2.33752E+03
 9.20000E+01    2.12397E+03    1.91501E+03    2.33293E+03
 9.30000E+01    2.11979E+03    1.91124E+03    2.32834E+03
 9.40000E+01    2.11561E+03    1.90747E+03    2.32375E+03
 9.50000E+01    2.11143E+03    1.90370E+03    2.31916E+03
 9.60000E+01    2.10725E+03    1.89993E+03    2.31457E+03
 9.70000E+01    2.10307E+03    1.89617E+03    2.30998E+03
 9.80000E+01    2.09889E+03    1.89240E+03    2.30538E+03
 9.90000E+01    2.09471E+03    1.88863E+03    2.30079E+03
 1.00000E+02    2.09053E+03    1.88486E+03    2.29620E+03
 1.01411E+02    2.08538E+03    1.88022E+03    2.29055E+03
 1.02000E+02    2.08323E+03    1.87828E+03    2.28818E+03
 1.03439E+02    2.07797E+03    1.87353E+03    2.28241E+03
 1.04000E+02    2.07592E+03    1.87169E+03    2.28015E+03
 1.05467E+02    2.07056E+03    1.86686E+03    2.27427E+03
 1.06000E+02    2.06862E+03    1.86510E+03    2.27214E+03
 1.07495E+02    2.06315E+03    1.86018E+03    2.26613E+03
 1.08000E+02    2.06131E+03    1.85851E+03    2.26411E+03
 1.09524E+02    2.05575E+03    1.85350E+03    2.25800E+03
 1.10000E+02    2.05401E+03    1.85193E+03    2.25609E+03
 1.11552E+02    2.04901E+03    1.84743E+03    2.25060E+03
 1.12000E+02    2.04757E+03    1.84613E+03    2.24901E+03
 1.13580E+02    2.04248E+03    1.84154E+03    2.24343E+03
 1.14000E+02    2.04113E+03    1.84032E+03    2.24194E+03
 1.15608E+02    2.03596E+03    1.83566E+03    2.23626E+03
 1.16000E+02    2.03470E+03    1.83452E+03    2.23488E+03
 1.17637E+02    2.02943E+03    1.82977E+03    2.22909E+03
 1.18000E+02    2.02826E+03    1.82871E+03    2.22780E+03
 1.19665E+02    2.02290E+03    1.82388E+03    2.22192E+03
 1.20000E+02    2.02182E+03    1.82291E+03    2.22073E+03
 1.21693E+02    2.01698E+03    1.81854E+03    2.21541E+03
 1.22000E+02    2.01610E+03    1.81775E+03    2.21445E+03
 1.23721E+02    2.01117E+03    1.81331E+03    2.20903E+03
 1.24000E+02    2.01037E+03    1.81259E+03    2.20816E+03
 1.25749E+02    2.00537E+03    1.80807E+03    2.20266E+03
 1.26000E+02    2.00465E+03    1.80743E+03    2.20187E+03
 1.27778E+02    1.99956E+03    1.80284E+03    2.19628E+03
 1.28000E+02    1.99892E+03    1.80226E+03    2.19558E+03
 1.29806E+02    1.99376E+03    1.79760E+03    2.18991E+03
 1.30000E+02    1.99320E+03    1.79710E+03    2.18930E+03
 1.31834E+02    1.98850E+03    1.79286E+03    2.18413E+03
 1.32000E+02    1.98807E+03    1.79248E+03    2.18366E+03
 1.33862E+02    1.98329E+03    1.78817E+03    2.17841E+03
 1.34000E+02    1.98294E+03    1.78785E+03    2.17803E+03
 1.35891E+02    1.97810E+03    1.78349E+03    2.17271E+03
 1.36000E+02    1.97782E+03    1.78324E+03    2.17240E+03
 1.37919E+02    1.97290E+03    1.77880E+03    2.16700E+03
 1.38000E+02    1.97269E+03    1.77861E+03    2.16677E+03
 1.39947E+02    1.96770E+03    1.77411E+03    2.16128E+03
 1.40000E+02    1.96756E+03    1.77399E+03    2.16113E+03
 1.41975E+02    1.96299E+03    1.76986E+03    2.15611E+03
 1.42000E+02    1.96293E+03    1.76981E+03    2.15605E+03
 1.44000E+02    1.95830E+03    1.76564E+03    2.15096E+03
 1.46000E+02    1.95366E+03    1.76145E+03    2.14587E+03
 1.48000E+02    1.94903E+03    1.75728E+03    2.14078E+03
 1.50000E+02    1.94440E+03    1.75311E+03    2.13569E+03
 1.52000E+02    1.94019E+03    1.74931E+03    2.13107E+03
 1.54000E+02    1.93597E+03    1.74550E+03    2.12644E+03
 1.56000E+02    1.93176E+03    1.74171E+03    2.12181E+03
 1.58000E+02    1.92754E+03    1.73790E+03    2.11718E+03
 1.60000E+02    1.92333E+03    1.73411E+03    2.11255E+03
 1.62000E+02    1.91963E+03    1.73077E+03    2.10849E+03
 1.64000E+02    1.91592E+03    1.72743E+03    2.10441E+03
 1.66000E+02    1.91222E+03    1.72409E+03    2.10035E+03
 1.68000E+02    1.90852E+03    1.72076E+03    2.09628E+03
 1.70000E+02    1.90481E+03    1.71741E+03    2.09221E+03
 1.72000E+02    1.90111E+03    1.71407E+03    2.08815E+03
 1.74000E+02    1.89741E+03    1.71074E+03    2.08408E+03
 1.76000E+02    1.89371E+03    1.70740E+03    2.08002E+03
 1.78000E+02    1.89000E+03    1.70406E+03    2.07594E+03
 1.80000E+02    1.88630E+03    1.70072E+03    2.07188E+03
 1.82000E+02    1.88313E+03    1.69786E+03    2.06840E+03
 1.84000E+02    1.87995E+03    1.69500E+03    2.06490E+03
 1.86000E+02    1.87678E+03    1.69214E+03    2.06142E+03
 1.88000E+02    1.87360E+03    1.68927E+03    2.05793E+03
 1.90000E+02    1.87043E+03    1.68641E+03    2.05445E+03
 1.92000E+02    1.86726E+03    1.68355E+03    2.05097E+03
 1.94000E+02    1.86408E+03    1.68069E+03    2.04747E+03
 1.96000E+02    1.86091E+03    1.67783E+03    2.04399E+03
 1.98000E+02    1.85773E+03    1.67496E+03    2.04050E+03
 2.00000E+02    1.85456E+03    1.67210E+03    2.03702E+03
