# n + Ac225 : (n,4n)g   
# tendl.2017 A.J. Koning and D. Rochman        EVAL-NOV17
# uncertainties: n
# # energies =    42
#   E(MeV)       xs(mb) 
 1.92842E+01    0.00000E+00
 2.00000E+01    1.20073E+00
 2.10000E+01    1.91183E+01
 2.20000E+01    8.01144E+01
 2.30000E+01    1.96393E+02
 2.40000E+01    3.63109E+02
 2.50000E+01    5.47730E+02
 2.60000E+01    7.25171E+02
 2.70000E+01    8.75951E+02
 2.80000E+01    9.91919E+02
 2.90000E+01    1.06464E+03
 3.00000E+01    1.09515E+03
 3.00000E+01    1.03125E+03
 3.20000E+01    9.84314E+02
 3.40000E+01    8.49191E+02
 3.60000E+01    6.91704E+02
 3.80000E+01    5.51219E+02
 4.00000E+01    4.38602E+02
 4.20000E+01    3.57163E+02
 4.40000E+01    2.97338E+02
 4.60000E+01    2.53189E+02
 4.80000E+01    2.22969E+02
 5.00000E+01    1.99973E+02
 5.20000E+01    1.82034E+02
 5.40000E+01    1.68982E+02
 5.60000E+01    1.58178E+02
 5.80000E+01    1.50155E+02
 6.00000E+01    1.43118E+02
 6.50000E+01    1.30528E+02
 7.00000E+01    1.21165E+02
 7.50000E+01    1.14636E+02
 8.00000E+01    1.08255E+02
 9.00000E+01    9.92960E+01
 1.00000E+02    9.24287E+01
 1.10000E+02    8.54263E+01
 1.20000E+02    7.98689E+01
 1.30000E+02    7.42949E+01
 1.40000E+02    7.05099E+01
 1.50000E+02    6.65193E+01
 1.60000E+02    6.35982E+01
 1.80000E+02    5.41373E+01
 2.00000E+02    4.65457E+01
