# n + Ac225 : (n,n')    
# tendl.2017 A.J. Koning and D. Rochman        EVAL-NOV17
# uncertainties: y
# # energies =   135
#   E(MeV)       xs(mb)       xslow(mb)      xsupp(mb)
 3.00742E-02    0.00000E+00   -0.00000E+00    0.00000E+00
 4.02697E-02    2.30810E+01    0.00000E+00    8.19012E+01
 6.00000E-02    1.31197E+02    0.00000E+00    4.65540E+02
 6.49900E-02    1.44003E+02    0.00000E+00    5.10981E+02
 7.74657E-02    2.01034E+02    0.00000E+00    7.13353E+02
 1.00000E-01    3.16352E+02    0.00000E+00    1.12255E+03
 1.05531E-01    3.27809E+02    0.00000E+00    1.16320E+03
 1.21341E-01    3.66823E+02    0.00000E+00    1.30164E+03
 1.45600E-01    4.51084E+02    0.00000E+00    1.60063E+03
 1.56348E-01    4.88763E+02    0.00000E+00    1.73434E+03
 1.71556E-01    5.57908E+02    0.00000E+00    1.97969E+03
 2.00000E-01    6.97802E+02    3.74007E+01    1.35820E+03
 2.00746E-01    6.99270E+02    3.74794E+01    1.36106E+03
 2.21991E-01    7.46301E+02    4.00001E+01    1.45260E+03
 2.36556E-01    7.78627E+02    4.17328E+01    1.51552E+03
 2.58192E-01    8.29042E+02    4.44349E+01    1.61365E+03
 3.00000E-01    9.27624E+02    4.97187E+01    1.80553E+03
 3.19425E-01    9.47612E+02    5.07900E+01    1.84443E+03
 3.28466E-01    9.60116E+02    5.14601E+01    1.86877E+03
 4.00000E-01    1.05906E+03    5.67634E+01    2.06136E+03
 4.22887E-01    1.07522E+03    5.76294E+01    2.09281E+03
 5.00000E-01    1.12966E+03    6.05475E+01    2.19878E+03
 5.11542E-01    1.13029E+03    6.05810E+01    2.19999E+03
 5.17596E-01    1.13062E+03    6.05987E+01    2.20064E+03
 5.22644E-01    1.13089E+03    6.06134E+01    2.20117E+03
 5.34339E-01    1.13224E+03    6.06858E+01    2.20380E+03
 5.43672E-01    1.13563E+03    6.08672E+01    2.21039E+03
 5.46171E-01    1.13654E+03    6.09163E+01    2.21217E+03
 5.47666E-01    1.13711E+03    6.09466E+01    2.21327E+03
 5.58356E-01    1.14259E+03    6.12402E+01    2.22393E+03
 5.61146E-01    1.14477E+03    6.13570E+01    2.22817E+03
 5.83508E-01    1.16225E+03    6.22940E+01    2.26220E+03
 5.90599E-01    1.17042E+03    6.27322E+01    2.27812E+03
 5.92980E-01    1.17317E+03    6.28794E+01    2.28346E+03
 5.94358E-01    1.17476E+03    6.29646E+01    2.28655E+03
 5.97476E-01    1.17835E+03    6.31573E+01    2.29355E+03
 6.00000E-01    1.18934E+03    9.44727E+01    2.28421E+03
 7.00000E-01    1.25628E+03    9.97901E+01    2.41278E+03
 8.00000E-01    1.32944E+03    1.05601E+02    2.55329E+03
 9.00000E-01    1.41099E+03    1.12079E+02    2.70990E+03
 1.00000E+00    1.50718E+03    1.01338E+03    2.00098E+03
 1.20000E+00    1.73598E+03    1.16721E+03    2.30474E+03
 1.40000E+00    1.99137E+03    1.33893E+03    2.64381E+03
 1.60000E+00    2.20489E+03    1.48249E+03    2.92729E+03
 1.80000E+00    2.33924E+03    1.72456E+03    2.95391E+03
 2.00000E+00    2.38442E+03    1.75787E+03    3.01096E+03
 2.20000E+00    2.37648E+03    1.75202E+03    3.00094E+03
 2.40000E+00    2.33503E+03    1.72146E+03    2.94860E+03
 2.60000E+00    2.28043E+03    1.44179E+03    3.11906E+03
 2.80000E+00    2.22900E+03    1.40927E+03    3.04873E+03
 3.00000E+00    2.18409E+03    1.38088E+03    2.98731E+03
 3.20000E+00    2.15112E+03    1.36004E+03    2.94221E+03
 3.40000E+00    2.13012E+03    1.34676E+03    2.91349E+03
 3.60000E+00    2.11635E+03    1.33805E+03    2.89465E+03
 3.80000E+00    2.10754E+03    1.33248E+03    2.88260E+03
 4.00000E+00    2.10171E+03    1.32880E+03    2.87463E+03
 4.20000E+00    2.09622E+03    1.32532E+03    2.86711E+03
 4.40000E+00    2.09076E+03    1.32187E+03    2.85965E+03
 4.60000E+00    2.08594E+03    1.39072E+03    2.78117E+03
 4.80000E+00    2.08308E+03    1.38881E+03    2.77736E+03
 5.00000E+00    2.08208E+03    1.38815E+03    2.77602E+03
 5.20000E+00    2.08435E+03    1.38966E+03    2.77904E+03
 5.40000E+00    2.09220E+03    1.39489E+03    2.78951E+03
 5.60000E+00    2.10274E+03    1.40192E+03    2.80357E+03
 5.80000E+00    2.11774E+03    1.41192E+03    2.82357E+03
 6.00000E+00    2.13648E+03    1.42442E+03    2.84855E+03
 6.20000E+00    2.15920E+03    1.43956E+03    2.87884E+03
 6.40000E+00    2.18559E+03    1.45716E+03    2.91403E+03
 6.60000E+00    2.21415E+03    9.94295E+02    3.43400E+03
 6.80000E+00    2.23819E+03    1.00509E+03    3.47129E+03
 7.00000E+00    2.21389E+03    9.94179E+02    3.43360E+03
 7.20000E+00    2.13507E+03    9.58782E+02    3.31135E+03
 7.40000E+00    2.01129E+03    9.03198E+02    3.11938E+03
 7.60000E+00    1.85910E+03    8.34855E+02    2.88334E+03
 7.80000E+00    1.71246E+03    7.69003E+02    2.65591E+03
 8.00000E+00    1.55369E+03    6.97705E+02    2.40967E+03
 8.50000E+00    1.18622E+03    5.32691E+02    1.83976E+03
 9.00000E+00    8.81525E+02    5.62653E+02    1.20040E+03
 9.50000E+00    6.67829E+02    4.26256E+02    9.09401E+02
 1.00000E+01    5.27134E+02    3.36455E+02    7.17814E+02
 1.05000E+01    4.34363E+02    2.77242E+02    5.91484E+02
 1.10000E+01    3.72559E+02    2.37794E+02    5.07323E+02
 1.15000E+01    3.31082E+02    2.11320E+02    4.50843E+02
 1.20000E+01    3.03667E+02    1.93822E+02    4.13511E+02
 1.25000E+01    2.84375E+02    1.81509E+02    3.87241E+02
 1.30000E+01    2.69912E+02    1.74673E+02    3.65150E+02
 1.35000E+01    2.59185E+02    1.67732E+02    3.50639E+02
 1.40000E+01    2.49308E+02    1.61339E+02    3.37276E+02
 1.45000E+01    2.41066E+02    1.56005E+02    3.26126E+02
 1.50000E+01    2.32523E+02    1.50477E+02    3.14570E+02
 1.60000E+01    2.17821E+02    1.46541E+02    2.89100E+02
 1.70000E+01    2.09412E+02    1.40885E+02    2.77940E+02
 1.80000E+01    1.99335E+02    1.34105E+02    2.64565E+02
 1.90000E+01    1.90401E+02    1.28094E+02    2.52707E+02
 2.00000E+01    1.82474E+02    1.26459E+02    2.38490E+02
 2.10000E+01    1.74792E+02    1.21135E+02    2.28449E+02
 2.20000E+01    1.66747E+02    1.15559E+02    2.17935E+02
 2.30000E+01    1.59374E+02    1.10450E+02    2.08298E+02
 2.40000E+01    1.52538E+02    1.09869E+02    1.95208E+02
 2.50000E+01    1.46732E+02    1.05687E+02    1.87778E+02
 2.60000E+01    1.41982E+02    1.02266E+02    1.81699E+02
 2.70000E+01    1.37441E+02    9.89948E+01    1.75887E+02
 2.80000E+01    1.33317E+02    9.60241E+01    1.70609E+02
 2.90000E+01    1.28719E+02    9.27127E+01    1.64726E+02
 3.00000E+01    1.23665E+02    8.90726E+01    1.58258E+02
 3.00000E+01    1.12159E+02    8.07847E+01    1.43533E+02
 3.20000E+01    1.03698E+02    7.46908E+01    1.32706E+02
 3.40000E+01    9.49956E+01    6.84226E+01    1.21569E+02
 3.60000E+01    8.75921E+01    6.30901E+01    1.12094E+02
 3.80000E+01    8.06856E+01    5.81156E+01    1.03256E+02
 4.00000E+01    7.44500E+01    5.36242E+01    9.52758E+01
 4.20000E+01    6.81508E+01    4.90870E+01    8.72145E+01
 4.40000E+01    6.48045E+01    4.66768E+01    8.29322E+01
 4.60000E+01    6.32414E+01    4.55509E+01    8.09318E+01
 4.80000E+01    6.25102E+01    4.50243E+01    7.99961E+01
 5.00000E+01    6.03250E+01    4.34504E+01    7.71997E+01
 5.20000E+01    5.72637E+01    4.12454E+01    7.32820E+01
 5.40000E+01    5.42369E+01    3.90653E+01    6.94086E+01
 5.60000E+01    5.16661E+01    3.72136E+01    6.61186E+01
 5.80000E+01    4.93582E+01    3.55513E+01    6.31651E+01
 6.00000E+01    4.71562E+01    3.39653E+01    6.03472E+01
 6.50000E+01    4.21139E+01    3.03334E+01    5.38944E+01
 7.00000E+01    3.83606E+01    2.76301E+01    4.90912E+01
 7.50000E+01    3.43501E+01    2.47414E+01    4.39589E+01
 8.00000E+01    3.16105E+01    2.27682E+01    4.04529E+01
 9.00000E+01    2.61642E+01    1.88454E+01    3.34831E+01
 1.00000E+02    2.18305E+01    1.57239E+01    2.79371E+01
 1.10000E+02    1.81538E+01    1.30757E+01    2.32320E+01
 1.20000E+02    1.50905E+01    1.08692E+01    1.93117E+01
 1.30000E+02    1.25985E+01    9.07432E+00    1.61226E+01
 1.40000E+02    1.07304E+01    7.72880E+00    1.37320E+01
 1.50000E+02    9.16745E+00    6.60305E+00    1.17318E+01
 1.60000E+02    7.92527E+00    5.70834E+00    1.01422E+01
 1.80000E+02    5.77677E+00    4.16084E+00    7.39270E+00
 2.00000E+02    4.27970E+00    3.08255E+00    5.47686E+00
