# n + Ac225 : (n,n'01)  
# tendl.2017 A.J. Koning and D. Rochman        EVAL-NOV17
# uncertainties: y
# # energies =   105
#   E(MeV)       xs(mb)       xslow(mb)      xsupp(mb)
 3.00742E-02    0.00000E+00   -0.00000E+00    0.00000E+00
 4.02697E-02    2.30810E+01    0.00000E+00    1.13319E+02
 6.00000E-02    6.77474E+01    0.00000E+00    3.32615E+02
 6.49900E-02    7.44609E+01    0.00000E+00    3.65575E+02
 7.74657E-02    9.12456E+01    0.00000E+00    4.47982E+02
 1.00000E-01    1.21563E+02    0.00000E+00    5.96829E+02
 1.05531E-01    1.25686E+02    0.00000E+00    6.17074E+02
 1.21341E-01    1.37473E+02    0.00000E+00    6.74941E+02
 1.45600E-01    1.55558E+02    0.00000E+00    7.63734E+02
 1.56348E-01    1.63571E+02    0.00000E+00    8.03073E+02
 1.71556E-01    1.74909E+02    0.00000E+00    8.58737E+02
 2.00000E-01    1.96114E+02    0.00000E+00    3.99888E+02
 2.00746E-01    1.96282E+02    0.00000E+00    4.00229E+02
 2.21991E-01    2.01053E+02    0.00000E+00    4.09958E+02
 2.36556E-01    2.04324E+02    0.00000E+00    4.16628E+02
 2.58192E-01    2.09183E+02    0.00000E+00    4.26536E+02
 3.00000E-01    2.18572E+02    0.00000E+00    4.45681E+02
 3.19425E-01    2.18700E+02    0.00000E+00    4.45943E+02
 3.28466E-01    2.18760E+02    0.00000E+00    4.46065E+02
 4.00000E-01    2.19233E+02    0.00000E+00    4.47029E+02
 4.22887E-01    2.17268E+02    0.00000E+00    4.43022E+02
 5.00000E-01    2.10648E+02    0.00000E+00    4.29523E+02
 5.11542E-01    2.08919E+02    0.00000E+00    4.25997E+02
 5.17596E-01    2.08011E+02    0.00000E+00    4.24147E+02
 5.22644E-01    2.07255E+02    0.00000E+00    4.22605E+02
 5.34339E-01    2.05503E+02    0.00000E+00    4.19032E+02
 5.43672E-01    2.04104E+02    0.00000E+00    4.16180E+02
 5.46171E-01    2.03730E+02    0.00000E+00    4.15417E+02
 5.47666E-01    2.03506E+02    0.00000E+00    4.14960E+02
 5.58356E-01    2.01904E+02    0.00000E+00    4.11694E+02
 5.61146E-01    2.01486E+02    0.00000E+00    4.10841E+02
 5.83508E-01    1.98135E+02    0.00000E+00    4.04009E+02
 5.90599E-01    1.97073E+02    0.00000E+00    4.01842E+02
 5.92980E-01    1.96716E+02    0.00000E+00    4.01115E+02
 5.94358E-01    1.96509E+02    0.00000E+00    4.00694E+02
 5.97476E-01    1.96042E+02    0.00000E+00    3.99741E+02
 6.00000E-01    1.95664E+02    7.79260E+01    3.13402E+02
 7.00000E-01    1.74544E+02    6.95146E+01    2.79573E+02
 8.00000E-01    1.55112E+02    6.17756E+01    2.48448E+02
 9.00000E-01    1.38819E+02    5.52866E+01    2.22351E+02
 1.00000E+00    1.24925E+02    5.03541E+01    1.99496E+02
 1.20000E+00    1.05778E+02    4.26364E+01    1.68920E+02
 1.40000E+00    9.16989E+01    3.69615E+01    1.46436E+02
 1.60000E+00    7.68869E+01    3.09912E+01    1.22783E+02
 1.80000E+00    6.04340E+01    2.59734E+01    9.48946E+01
 2.00000E+00    4.48595E+01    1.92798E+01    7.04392E+01
 2.20000E+00    3.22086E+01    1.38427E+01    5.05745E+01
 2.40000E+00    2.29006E+01    9.84226E+00    3.59589E+01
 2.60000E+00    1.64368E+01    1.84906E+00    3.10245E+01
 2.80000E+00    1.20877E+01    1.35981E+00    2.28156E+01
 3.00000E+00    9.19644E+00    1.03455E+00    1.73583E+01
 3.20000E+00    7.27090E+00    8.17940E-01    1.37239E+01
 3.40000E+00    5.96727E+00    6.71288E-01    1.12633E+01
 3.60000E+00    5.05778E+00    5.68975E-01    9.54659E+00
 3.80000E+00    4.39725E+00    4.94669E-01    8.29983E+00
 4.00000E+00    3.89647E+00    4.38334E-01    7.35461E+00
 4.20000E+00    3.50185E+00    3.93941E-01    6.60976E+00
 4.40000E+00    3.18120E+00    3.57869E-01    6.00453E+00
 4.60000E+00    2.91510E+00    6.13035E-01    5.21716E+00
 4.80000E+00    2.69150E+00    5.66012E-01    4.81699E+00
 5.00000E+00    2.50236E+00    5.26237E-01    4.47848E+00
 5.20000E+00    2.34204E+00    4.92522E-01    4.19156E+00
 5.40000E+00    2.20630E+00    4.63977E-01    3.94862E+00
 5.60000E+00    2.09206E+00    4.39952E-01    3.74417E+00
 5.80000E+00    1.99659E+00    4.19875E-01    3.57330E+00
 6.00000E+00    1.91772E+00    4.03289E-01    3.43215E+00
 6.20000E+00    1.85340E+00    3.89763E-01    3.31704E+00
 6.40000E+00    1.80161E+00    3.78872E-01    3.22435E+00
 6.60000E+00    1.76028E+00    0.00000E+00    4.03228E+00
 6.80000E+00    1.72721E+00    0.00000E+00    3.95653E+00
 7.00000E+00    1.70009E+00    0.00000E+00    3.89441E+00
 7.20000E+00    1.67671E+00    0.00000E+00    3.84085E+00
 7.40000E+00    1.65508E+00    0.00000E+00    3.79130E+00
 7.60000E+00    1.63358E+00    0.00000E+00    3.74205E+00
 7.80000E+00    1.61107E+00    0.00000E+00    3.69049E+00
 8.00000E+00    1.58694E+00    0.00000E+00    3.63521E+00
 8.50000E+00    1.51855E+00    0.00000E+00    3.47855E+00
 9.00000E+00    1.44166E+00    0.00000E+00    3.10162E+00
 9.50000E+00    1.36177E+00    0.00000E+00    2.92975E+00
 1.00000E+01    1.28353E+00    0.00000E+00    2.76142E+00
 1.05000E+01    1.21013E+00    0.00000E+00    2.60350E+00
 1.10000E+01    1.14328E+00    0.00000E+00    2.45968E+00
 1.15000E+01    1.08331E+00    0.00000E+00    2.33066E+00
 1.20000E+01    1.02939E+00    0.00000E+00    2.21466E+00
 1.25000E+01    9.80129E-01    0.00000E+00    2.10867E+00
 1.30000E+01    9.34203E-01    1.27419E-01    1.74099E+00
 1.35000E+01    8.90752E-01    1.21492E-01    1.66001E+00
 1.40000E+01    8.49481E-01    1.15863E-01    1.58310E+00
 1.45000E+01    8.10499E-01    1.10546E-01    1.51045E+00
 1.50000E+01    7.74115E-01    1.05584E-01    1.44265E+00
 1.60000E+01    7.10304E-01    0.00000E+00    1.42713E+00
 1.70000E+01    6.59006E-01    0.00000E+00    1.32406E+00
 1.80000E+01    6.18490E-01    0.00000E+00    1.24266E+00
 1.90000E+01    5.84974E-01    0.00000E+00    1.17532E+00
 2.00000E+01    5.54366E-01    4.45615E-04    1.10829E+00
 2.10000E+01    5.24000E-01    4.21206E-04    1.04758E+00
 2.20000E+01    4.93405E-01    3.96613E-04    9.86413E-01
 2.30000E+01    4.63833E-01    3.72842E-04    9.27293E-01
 2.40000E+01    4.37017E-01    2.74533E-02    8.46581E-01
 2.50000E+01    4.14050E-01    2.60105E-02    8.02090E-01
 2.60000E+01    3.95044E-01    2.48165E-02    7.65271E-01
 2.70000E+01    3.79360E-01    2.38313E-02    7.34889E-01
 2.80000E+01    3.65940E-01    2.29882E-02    7.08892E-01
 2.90000E+01    3.53658E-01    2.22167E-02    6.85099E-01
 3.00000E+01    3.41666E-01    2.14633E-02    6.61869E-01
