# n + Ac225 : (n,n'04)  
# tendl.2017 A.J. Koning and D. Rochman        EVAL-NOV17
# uncertainties: y
# # energies =   101
#   E(MeV)       xs(mb)       xslow(mb)      xsupp(mb)
 7.74657E-02    0.00000E+00   -0.00000E+00    0.00000E+00
 1.00000E-01    1.23052E+01    0.00000E+00    2.76640E+01
 1.05531E-01    1.57261E+01    0.00000E+00    3.53548E+01
 1.21341E-01    2.55046E+01    0.00000E+00    5.73384E+01
 1.45600E-01    4.05089E+01    0.00000E+00    9.10703E+01
 1.56348E-01    4.71565E+01    0.00000E+00    1.06015E+02
 1.71556E-01    5.65627E+01    0.00000E+00    1.27162E+02
 2.00000E-01    7.41553E+01    0.00000E+00    1.66713E+02
 2.00746E-01    7.43683E+01    0.00000E+00    1.67192E+02
 2.21991E-01    8.04350E+01    0.00000E+00    1.80831E+02
 2.36556E-01    8.45941E+01    0.00000E+00    1.90181E+02
 2.58192E-01    9.07724E+01    0.00000E+00    2.04071E+02
 3.00000E-01    1.02711E+02    0.00000E+00    2.30911E+02
 3.19425E-01    1.05011E+02    0.00000E+00    2.36080E+02
 3.28466E-01    1.06081E+02    0.00000E+00    2.38486E+02
 4.00000E-01    1.14549E+02    0.00000E+00    2.57524E+02
 4.22887E-01    1.15523E+02    0.00000E+00    2.59715E+02
 5.00000E-01    1.18807E+02    0.00000E+00    2.67097E+02
 5.11542E-01    1.18664E+02    0.00000E+00    2.66775E+02
 5.17596E-01    1.18589E+02    0.00000E+00    2.66606E+02
 5.22644E-01    1.18526E+02    0.00000E+00    2.66465E+02
 5.34339E-01    1.18381E+02    0.00000E+00    2.66138E+02
 5.43672E-01    1.18265E+02    0.00000E+00    2.65878E+02
 5.46171E-01    1.18234E+02    0.00000E+00    2.65808E+02
 5.47666E-01    1.18215E+02    0.00000E+00    2.65766E+02
 5.58356E-01    1.18082E+02    0.00000E+00    2.65467E+02
 5.61146E-01    1.18048E+02    0.00000E+00    2.65390E+02
 5.83508E-01    1.17770E+02    0.00000E+00    2.64765E+02
 5.90599E-01    1.17682E+02    0.00000E+00    2.64567E+02
 5.92980E-01    1.17652E+02    0.00000E+00    2.64501E+02
 5.94358E-01    1.17635E+02    0.00000E+00    2.64462E+02
 5.97476E-01    1.17596E+02    0.00000E+00    2.64375E+02
 6.00000E-01    1.17565E+02    5.63315E+01    1.78799E+02
 7.00000E-01    1.11529E+02    5.34393E+01    1.69619E+02
 8.00000E-01    1.05603E+02    5.05999E+01    1.60606E+02
 9.00000E-01    1.00747E+02    4.82731E+01    1.53221E+02
 1.00000E+00    9.64265E+01    3.77622E+01    1.55091E+02
 1.20000E+00    9.06314E+01    3.54927E+01    1.45770E+02
 1.40000E+00    8.45072E+01    3.30944E+01    1.35920E+02
 1.60000E+00    7.43880E+01    2.91315E+01    1.19644E+02
 1.80000E+00    6.05374E+01    2.23049E+01    9.87699E+01
 2.00000E+00    4.62240E+01    1.70312E+01    7.54168E+01
 2.20000E+00    3.40951E+01    1.25623E+01    5.56279E+01
 2.40000E+00    2.49402E+01    9.18919E+00    4.06912E+01
 2.60000E+00    1.84543E+01    1.72666E+00    3.51819E+01
 2.80000E+00    1.40046E+01    1.31033E+00    2.66989E+01
 3.00000E+00    1.09829E+01    1.02761E+00    2.09382E+01
 3.20000E+00    8.92213E+00    8.34791E-01    1.70095E+01
 3.40000E+00    7.48997E+00    7.00792E-01    1.42791E+01
 3.60000E+00    6.46250E+00    6.04658E-01    1.23203E+01
 3.80000E+00    5.69446E+00    5.32797E-01    1.08561E+01
 4.00000E+00    5.09541E+00    4.76747E-01    9.71407E+00
 4.20000E+00    4.61087E+00    4.31412E-01    8.79033E+00
 4.40000E+00    4.20828E+00    3.93744E-01    8.02282E+00
 4.60000E+00    3.86816E+00    8.26682E-01    6.90964E+00
 4.80000E+00    3.57839E+00    7.64754E-01    6.39203E+00
 5.00000E+00    3.33074E+00    7.11827E-01    5.94965E+00
 5.20000E+00    3.11917E+00    6.66612E-01    5.57173E+00
 5.40000E+00    2.93897E+00    6.28100E-01    5.24984E+00
 5.60000E+00    2.78658E+00    5.95532E-01    4.97763E+00
 5.80000E+00    2.65873E+00    5.68209E-01    4.74925E+00
 6.00000E+00    2.55271E+00    5.45551E-01    4.55987E+00
 6.20000E+00    2.46599E+00    5.27018E-01    4.40496E+00
 6.40000E+00    2.39599E+00    5.12058E-01    4.27992E+00
 6.60000E+00    2.34007E+00    0.00000E+00    5.36659E+00
 6.80000E+00    2.29535E+00    0.00000E+00    5.26403E+00
 7.00000E+00    2.25883E+00    0.00000E+00    5.18028E+00
 7.20000E+00    2.22762E+00    0.00000E+00    5.10870E+00
 7.40000E+00    2.19898E+00    0.00000E+00    5.04302E+00
 7.60000E+00    2.17077E+00    0.00000E+00    4.97832E+00
 7.80000E+00    2.14140E+00    0.00000E+00    4.91097E+00
 8.00000E+00    2.10992E+00    0.00000E+00    4.83877E+00
 8.50000E+00    2.02053E+00    0.00000E+00    4.63377E+00
 9.00000E+00    1.91945E+00    0.00000E+00    4.13471E+00
 9.50000E+00    1.81394E+00    0.00000E+00    3.90743E+00
 1.00000E+01    1.71025E+00    0.00000E+00    3.68407E+00
 1.05000E+01    1.61274E+00    0.00000E+00    3.47403E+00
 1.10000E+01    1.52378E+00    0.00000E+00    3.28240E+00
 1.15000E+01    1.44390E+00    0.00000E+00    3.11033E+00
 1.20000E+01    1.37210E+00    0.00000E+00    2.95566E+00
 1.25000E+01    1.30654E+00    0.00000E+00    2.81444E+00
 1.30000E+01    1.24546E+00    1.68664E-01    2.32226E+00
 1.35000E+01    1.18768E+00    1.60839E-01    2.21452E+00
 1.40000E+01    1.13278E+00    1.53404E-01    2.11216E+00
 1.45000E+01    1.08088E+00    1.46376E-01    2.01538E+00
 1.50000E+01    1.03239E+00    1.39809E-01    1.92497E+00
 1.60000E+01    9.47230E-01    0.00000E+00    1.90028E+00
 1.70000E+01    8.78680E-01    0.00000E+00    1.76276E+00
 1.80000E+01    8.24544E-01    0.00000E+00    1.65416E+00
 1.90000E+01    7.79849E-01    0.00000E+00    1.56449E+00
 2.00000E+01    7.39136E-01    0.00000E+00    1.47942E+00
 2.10000E+01    6.98791E-01    0.00000E+00    1.39866E+00
 2.20000E+01    6.58111E-01    0.00000E+00    1.31724E+00
 2.30000E+01    6.18720E-01    0.00000E+00    1.23840E+00
 2.40000E+01    5.82934E-01    3.70706E-02    1.12880E+00
 2.50000E+01    5.52241E-01    3.51187E-02    1.06936E+00
 2.60000E+01    5.26829E-01    3.35027E-02    1.02016E+00
 2.70000E+01    5.05867E-01    3.21696E-02    9.79564E-01
 2.80000E+01    4.87958E-01    3.10307E-02    9.44885E-01
 2.90000E+01    4.71600E-01    2.99905E-02    9.13210E-01
 3.00000E+01    4.55646E-01    2.89759E-02    8.82316E-01
