# n + Ac225 : (n,n'06)  
# tendl.2017 A.J. Koning and D. Rochman        EVAL-NOV17
# uncertainties: n
# # energies =    98
#   E(MeV)       xs(mb) 
 1.21341E-01    0.00000E+00
 1.45600E-01    2.43963E+01
 1.56348E-01    3.52051E+01
 1.71556E-01    5.04991E+01
 2.00000E-01    7.91041E+01
 2.00746E-01    7.95459E+01
 2.21991E-01    9.21274E+01
 2.36556E-01    1.00753E+02
 2.58192E-01    1.13566E+02
 3.00000E-01    1.38325E+02
 3.19425E-01    1.43412E+02
 3.28466E-01    1.45779E+02
 4.00000E-01    1.64511E+02
 4.22887E-01    1.66283E+02
 5.00000E-01    1.72254E+02
 5.11542E-01    1.71735E+02
 5.17596E-01    1.71463E+02
 5.22644E-01    1.71236E+02
 5.34339E-01    1.70711E+02
 5.43672E-01    1.70291E+02
 5.46171E-01    1.70179E+02
 5.47666E-01    1.70111E+02
 5.58356E-01    1.69631E+02
 5.61146E-01    1.69506E+02
 5.83508E-01    1.68500E+02
 5.90599E-01    1.68182E+02
 5.92980E-01    1.68075E+02
 5.94358E-01    1.68013E+02
 5.97476E-01    1.67872E+02
 6.00000E-01    1.67759E+02
 7.00000E-01    1.53648E+02
 8.00000E-01    1.38433E+02
 9.00000E-01    1.24599E+02
 1.00000E+00    1.12214E+02
 1.20000E+00    9.47710E+01
 1.40000E+00    8.26557E+01
 1.60000E+00    7.06260E+01
 1.80000E+00    5.68267E+01
 2.00000E+00    4.30263E+01
 2.20000E+00    3.13337E+01
 2.40000E+00    2.24918E+01
 2.60000E+00    1.62418E+01
 2.80000E+00    1.19875E+01
 3.00000E+00    9.13771E+00
 3.20000E+00    7.23100E+00
 3.40000E+00    5.93755E+00
 3.60000E+00    5.03543E+00
 3.80000E+00    4.38138E+00
 4.00000E+00    3.88622E+00
 4.20000E+00    3.49599E+00
 4.40000E+00    3.17827E+00
 4.60000E+00    2.91373E+00
 4.80000E+00    2.69056E+00
 5.00000E+00    2.50104E+00
 5.20000E+00    2.33977E+00
 5.40000E+00    2.20273E+00
 5.60000E+00    2.08695E+00
 5.80000E+00    1.98981E+00
 6.00000E+00    1.90922E+00
 6.20000E+00    1.84321E+00
 6.40000E+00    1.78989E+00
 6.60000E+00    1.74725E+00
 6.80000E+00    1.71321E+00
 7.00000E+00    1.68552E+00
 7.20000E+00    1.66203E+00
 7.40000E+00    1.64069E+00
 7.60000E+00    1.61984E+00
 7.80000E+00    1.59824E+00
 8.00000E+00    1.57516E+00
 8.50000E+00    1.50950E+00
 9.00000E+00    1.43486E+00
 9.50000E+00    1.35660E+00
 1.00000E+01    1.27945E+00
 1.05000E+01    1.20671E+00
 1.10000E+01    1.14024E+00
 1.15000E+01    1.08051E+00
 1.20000E+01    1.02683E+00
 1.25000E+01    9.77837E-01
 1.30000E+01    9.32221E-01
 1.35000E+01    8.89077E-01
 1.40000E+01    8.48067E-01
 1.45000E+01    8.09273E-01
 1.50000E+01    7.72997E-01
 1.60000E+01    7.09202E-01
 1.70000E+01    6.57782E-01
 1.80000E+01    6.17176E-01
 1.90000E+01    5.83712E-01
 2.00000E+01    5.53301E-01
 2.10000E+01    5.23199E-01
 2.20000E+01    4.92827E-01
 2.30000E+01    4.63369E-01
 2.40000E+01    4.36560E-01
 2.50000E+01    4.13536E-01
 2.60000E+01    3.94463E-01
 2.70000E+01    3.78736E-01
 2.80000E+01    3.65318E-01
 2.90000E+01    3.53084E-01
 3.00000E+01    3.41166E-01
