# n + Ac225 : (n,n'21)  
# tendl.2017 A.J. Koning and D. Rochman        EVAL-NOV17
# uncertainties: n
# # energies =    79
#   E(MeV)       xs(mb) 
 5.43672E-01    0.00000E+00
 5.46171E-01    1.00700E-02
 5.47666E-01    1.60944E-02
 5.58356E-01    5.91712E-02
 5.61146E-01    7.04140E-02
 5.83508E-01    1.60525E-01
 5.90599E-01    1.89099E-01
 5.92980E-01    1.98694E-01
 5.94358E-01    2.04247E-01
 5.97476E-01    2.16811E-01
 6.00000E-01    2.26982E-01
 7.00000E-01    1.04046E+00
 8.00000E-01    2.11990E+00
 9.00000E-01    3.27442E+00
 1.00000E+00    4.35963E+00
 1.20000E+00    6.22698E+00
 1.40000E+00    7.65880E+00
 1.60000E+00    8.59144E+00
 1.80000E+00    8.73093E+00
 2.00000E+00    7.87772E+00
 2.20000E+00    6.31695E+00
 2.40000E+00    4.63189E+00
 2.60000E+00    3.23232E+00
 2.80000E+00    2.22503E+00
 3.00000E+00    1.55244E+00
 3.20000E+00    1.12078E+00
 3.40000E+00    8.48642E-01
 3.60000E+00    6.78485E-01
 3.80000E+00    5.73072E-01
 4.00000E+00    5.09061E-01
 4.20000E+00    4.71768E-01
 4.40000E+00    4.51679E-01
 4.60000E+00    4.42651E-01
 4.80000E+00    4.40800E-01
 5.00000E+00    4.43718E-01
 5.20000E+00    4.49940E-01
 5.40000E+00    4.58562E-01
 5.60000E+00    4.69116E-01
 5.80000E+00    4.81189E-01
 6.00000E+00    4.94447E-01
 6.20000E+00    5.08536E-01
 6.40000E+00    5.23039E-01
 6.60000E+00    5.37486E-01
 6.80000E+00    5.51364E-01
 7.00000E+00    5.64159E-01
 7.20000E+00    5.75402E-01
 7.40000E+00    5.84725E-01
 7.60000E+00    5.91882E-01
 7.80000E+00    5.96766E-01
 8.00000E+00    5.99413E-01
 8.50000E+00    5.97405E-01
 9.00000E+00    5.86551E-01
 9.50000E+00    5.71331E-01
 1.00000E+01    5.55144E-01
 1.05000E+01    5.39995E-01
 1.10000E+01    5.26721E-01
 1.15000E+01    5.15335E-01
 1.20000E+01    5.05356E-01
 1.25000E+01    4.96122E-01
 1.30000E+01    4.87031E-01
 1.35000E+01    4.77686E-01
 1.40000E+01    4.67937E-01
 1.45000E+01    4.57825E-01
 1.50000E+01    4.47519E-01
 1.60000E+01    4.27100E-01
 1.70000E+01    4.07884E-01
 1.80000E+01    3.90235E-01
 1.90000E+01    3.73886E-01
 2.00000E+01    3.58378E-01
 2.10000E+01    3.43378E-01
 2.20000E+01    3.28824E-01
 2.30000E+01    3.14893E-01
 2.40000E+01    3.01844E-01
 2.50000E+01    2.89846E-01
 2.60000E+01    2.78912E-01
 2.70000E+01    2.68928E-01
 2.80000E+01    2.59715E-01
 2.90000E+01    2.51087E-01
 3.00000E+01    2.42891E-01
