# n + Ac226 : (n,h)     
# tendl.2017 A.J. Koning and D. Rochman        EVAL-NOV17
# uncertainties: y
# # energies =    19
#   E(MeV)       xs(mb)       xslow(mb)      xsupp(mb)
 4.31842E+00    0.00000E+00    0.00000E+00    0.00000E+00
 1.40000E+01    3.48707E-12    3.48707E-12    3.48707E-12
 1.45000E+01    2.22096E-11    2.22096E-11    2.22096E-11
 1.50000E+01    1.19311E-10    1.19311E-10    1.19311E-10
 1.60000E+01    2.26229E-09    0.00000E+00    1.90811E-08
 1.70000E+01    2.76393E-08    0.00000E+00    2.33121E-07
 1.80000E+01    2.38494E-07    0.00000E+00    2.01156E-06
 1.90000E+01    1.59029E-06    0.00000E+00    1.34132E-05
 2.00000E+01    8.35385E-06    0.00000E+00    6.37551E-05
 2.10000E+01    3.67589E-05    0.00000E+00    2.80537E-04
 2.20000E+01    1.39833E-04    0.00000E+00    1.06718E-03
 2.30000E+01    4.70388E-04    0.00000E+00    3.58992E-03
 2.40000E+01    1.42239E-03    0.00000E+00    1.05979E-02
 2.50000E+01    4.17182E-03    0.00000E+00    3.10832E-02
 2.60000E+01    9.66535E-03    0.00000E+00    7.20141E-02
 2.70000E+01    2.13712E-02    0.00000E+00    1.59232E-01
 2.80000E+01    4.22838E-02    0.00000E+00    3.15046E-01
 2.90000E+01    7.49643E-02    0.00000E+00    5.58540E-01
 3.00000E+01    1.19432E-01    0.00000E+00    8.89858E-01
