# n + Ac226 : (n,pa)    
# tendl.2017 A.J. Koning and D. Rochman        EVAL-NOV17
# uncertainties: y
# # energies =   246
#   E(MeV)       xs(mb)       xslow(mb)      xsupp(mb)
 1.00000E-11    3.90413E-17    3.90413E-17    3.90413E-17
 1.03005E-11    3.85001E-17    3.85001E-17    3.85001E-17
 1.06099E-11    3.79674E-17    3.79674E-17    3.79674E-17
 1.09287E-11    3.74430E-17    3.74430E-17    3.74430E-17
 1.12571E-11    3.69267E-17    3.69267E-17    3.69267E-17
 1.15953E-11    3.64185E-17    3.64185E-17    3.64185E-17
 1.19437E-11    3.59183E-17    3.59183E-17    3.59183E-17
 1.23026E-11    3.54259E-17    3.54259E-17    3.54259E-17
 1.26722E-11    3.49413E-17    3.49413E-17    3.49413E-17
 1.30530E-11    3.44643E-17    3.44643E-17    3.44643E-17
 1.34452E-11    3.39948E-17    3.39948E-17    3.39948E-17
 1.38491E-11    3.35328E-17    3.35328E-17    3.35328E-17
 1.42652E-11    3.30780E-17    3.30780E-17    3.30780E-17
 1.46938E-11    3.26305E-17    3.26305E-17    3.26305E-17
 1.51353E-11    3.21901E-17    3.21901E-17    3.21901E-17
 1.55901E-11    3.17568E-17    3.17568E-17    3.17568E-17
 1.60585E-11    3.13303E-17    3.13303E-17    3.13303E-17
 1.65410E-11    3.09107E-17    3.09107E-17    3.09107E-17
 1.70380E-11    3.04978E-17    3.04978E-17    3.04978E-17
 1.75499E-11    3.00916E-17    3.00916E-17    3.00916E-17
 1.80772E-11    2.96919E-17    2.96919E-17    2.96919E-17
 1.86993E-11    2.92431E-17    2.92431E-17    2.92431E-17
 1.93427E-11    2.88025E-17    2.88025E-17    2.88025E-17
 2.00083E-11    2.83702E-17    2.83702E-17    2.83702E-17
 2.06968E-11    2.79459E-17    2.79459E-17    2.79459E-17
 2.14090E-11    2.75295E-17    2.75295E-17    2.75295E-17
 2.21458E-11    2.71210E-17    2.71210E-17    2.71210E-17
 2.29078E-11    2.67201E-17    2.67201E-17    2.67201E-17
 2.36961E-11    2.63268E-17    2.63268E-17    2.63268E-17
 2.45115E-11    2.59410E-17    2.59410E-17    2.59410E-17
 2.53550E-11    2.55625E-17    2.55625E-17    2.55625E-17
 2.62275E-11    2.51913E-17    2.51913E-17    2.51913E-17
 2.71300E-11    2.48272E-17    2.48272E-17    2.48272E-17
 2.80636E-11    2.44701E-17    2.44701E-17    2.44701E-17
 2.90293E-11    2.41199E-17    2.41199E-17    2.41199E-17
 3.00282E-11    2.37765E-17    2.37765E-17    2.37765E-17
 3.10615E-11    2.34398E-17    2.34398E-17    2.34398E-17
 3.21304E-11    2.31097E-17    2.31097E-17    2.31097E-17
 3.32360E-11    2.27861E-17    2.27861E-17    2.27861E-17
 3.43797E-11    2.24689E-17    2.24689E-17    2.24689E-17
 3.55627E-11    2.21580E-17    2.21580E-17    2.21580E-17
 3.67865E-11    2.18533E-17    2.18533E-17    2.18533E-17
 3.80524E-11    2.15547E-17    2.15547E-17    2.15547E-17
 3.93618E-11    2.12622E-17    2.12622E-17    2.12622E-17
 4.07163E-11    2.09756E-17    2.09756E-17    2.09756E-17
 4.21174E-11    2.06948E-17    2.06948E-17    2.06948E-17
 4.35667E-11    2.04198E-17    2.04198E-17    2.04198E-17
 4.50659E-11    2.01504E-17    2.01504E-17    2.01504E-17
 4.66166E-11    1.98867E-17    1.98867E-17    1.98867E-17
 4.82208E-11    1.96284E-17    1.96284E-17    1.96284E-17
 4.98801E-11    1.93756E-17    1.93756E-17    1.93756E-17
 5.15965E-11    1.91281E-17    1.91281E-17    1.91281E-17
 5.33720E-11    1.88859E-17    1.88859E-17    1.88859E-17
 5.52086E-11    1.86488E-17    1.86488E-17    1.86488E-17
 5.71084E-11    1.84168E-17    1.84168E-17    1.84168E-17
 5.90736E-11    1.81899E-17    1.81899E-17    1.81899E-17
 6.11064E-11    1.79679E-17    1.79679E-17    1.79679E-17
 6.32091E-11    1.77507E-17    1.77507E-17    1.77507E-17
 6.53842E-11    1.75384E-17    1.75384E-17    1.75384E-17
 6.76342E-11    1.73308E-17    1.73308E-17    1.73308E-17
 6.99616E-11    1.71278E-17    1.71278E-17    1.71278E-17
 7.23690E-11    1.69295E-17    1.69295E-17    1.69295E-17
 7.48593E-11    1.67356E-17    1.67356E-17    1.67356E-17
 7.74353E-11    1.65462E-17    1.65462E-17    1.65462E-17
 8.00999E-11    1.63611E-17    1.63611E-17    1.63611E-17
 8.32074E-11    1.61581E-17    1.61581E-17    1.61581E-17
 8.64355E-11    1.59603E-17    1.59603E-17    1.59603E-17
 8.97887E-11    1.57679E-17    1.57679E-17    1.57679E-17
 9.32721E-11    1.55806E-17    1.55806E-17    1.55806E-17
 9.68906E-11    1.53983E-17    1.53983E-17    1.53983E-17
 1.00649E-10    1.52211E-17    1.52211E-17    1.52211E-17
 1.04554E-10    1.50487E-17    1.50487E-17    1.50487E-17
 1.08610E-10    1.48811E-17    1.48811E-17    1.48811E-17
 1.12824E-10    1.47182E-17    1.47182E-17    1.47182E-17
 1.17201E-10    1.45599E-17    1.45599E-17    1.45599E-17
 1.21748E-10    1.44061E-17    1.44061E-17    1.44061E-17
 1.26471E-10    1.42568E-17    1.42568E-17    1.42568E-17
 1.31377E-10    1.41118E-17    1.41118E-17    1.41118E-17
 1.36474E-10    1.39711E-17    1.39711E-17    1.39711E-17
 1.41769E-10    1.38345E-17    1.38345E-17    1.38345E-17
 1.47268E-10    1.37020E-17    1.37020E-17    1.37020E-17
 1.52982E-10    1.35735E-17    1.35735E-17    1.35735E-17
 1.59590E-10    1.34353E-17    1.34353E-17    1.34353E-17
 1.66484E-10    1.33019E-17    1.33019E-17    1.33019E-17
 1.73676E-10    1.31730E-17    1.31730E-17    1.31730E-17
 1.81178E-10    1.30486E-17    1.30486E-17    1.30486E-17
 1.89005E-10    1.29286E-17    1.29286E-17    1.29286E-17
 1.97169E-10    1.28128E-17    1.28128E-17    1.28128E-17
 2.05686E-10    1.27012E-17    1.27012E-17    1.27012E-17
 2.14571E-10    1.25937E-17    1.25937E-17    1.25937E-17
 2.24789E-10    1.24799E-17    1.24799E-17    1.24799E-17
 2.35493E-10    1.23707E-17    1.23707E-17    1.23707E-17
 2.46707E-10    1.22659E-17    1.22659E-17    1.22659E-17
 2.58455E-10    1.21655E-17    1.21655E-17    1.21655E-17
 2.70762E-10    1.20693E-17    1.20693E-17    1.20693E-17
 2.83655E-10    1.19771E-17    1.19771E-17    1.19771E-17
 2.98422E-10    1.18809E-17    1.18809E-17    1.18809E-17
 3.13957E-10    1.17892E-17    1.17892E-17    1.17892E-17
 3.30301E-10    1.17017E-17    1.17017E-17    1.17017E-17
 3.47496E-10    1.16184E-17    1.16184E-17    1.16184E-17
 3.67136E-10    1.15326E-17    1.15326E-17    1.15326E-17
 3.87885E-10    1.14512E-17    1.14512E-17    1.14512E-17
 4.09807E-10    1.13740E-17    1.13740E-17    1.13740E-17
 4.32968E-10    1.13009E-17    1.13009E-17    1.13009E-17
 4.59377E-10    1.12263E-17    1.12263E-17    1.12263E-17
 4.87396E-10    1.11560E-17    1.11560E-17    1.11560E-17
 5.17125E-10    1.10897E-17    1.10897E-17    1.10897E-17
 5.50992E-10    1.10228E-17    1.10228E-17    1.10228E-17
 5.87077E-10    1.09600E-17    1.09600E-17    1.09600E-17
 6.28176E-10    1.08973E-17    1.08973E-17    1.08973E-17
 6.72152E-10    1.08386E-17    1.08386E-17    1.08386E-17
 7.22255E-10    1.07804E-17    1.07804E-17    1.07804E-17
 7.76093E-10    1.07263E-17    1.07263E-17    1.07263E-17
 8.37478E-10    1.06731E-17    1.06731E-17    1.06731E-17
 9.07549E-10    1.06211E-17    1.06211E-17    1.06211E-17
 9.83482E-10    1.05732E-17    1.05732E-17    1.05732E-17
 1.07028E-09    1.05267E-17    1.05267E-17    1.05267E-17
 1.16969E-09    1.04819E-17    1.04819E-17    1.04819E-17
 1.28373E-09    1.04391E-17    1.04391E-17    1.04391E-17
 1.41488E-09    1.03984E-17    1.03984E-17    1.03984E-17
 1.56602E-09    1.03599E-17    1.03599E-17    1.03599E-17
 1.74804E-09    1.03225E-17    1.03225E-17    1.03225E-17
 1.95948E-09    1.02877E-17    1.02877E-17    1.02877E-17
 2.21515E-09    1.02545E-17    1.02545E-17    1.02545E-17
 2.52545E-09    1.02232E-17    1.02232E-17    1.02232E-17
 2.90368E-09    1.01941E-17    1.01941E-17    1.01941E-17
 3.36691E-09    1.01674E-17    1.01674E-17    1.01674E-17
 3.95389E-09    1.01426E-17    1.01426E-17    1.01426E-17
 4.70248E-09    1.01199E-17    1.01199E-17    1.01199E-17
 5.68822E-09    1.00991E-17    1.00991E-17    1.00991E-17
 7.02763E-09    1.00802E-17    1.00802E-17    1.00802E-17
 8.90556E-09    1.00633E-17    1.00633E-17    1.00633E-17
 1.16244E-08    1.00485E-17    1.00485E-17    1.00485E-17
 1.58287E-08    1.00356E-17    1.00356E-17    1.00356E-17
 2.27718E-08    1.00248E-17    1.00248E-17    1.00248E-17
 2.52045E-08    1.00224E-17    1.00224E-17    1.00224E-17
 2.53000E-08    1.00223E-17    1.00223E-17    1.00223E-17
 4.06280E-08    1.00139E-17    1.00139E-17    1.00139E-17
 7.56507E-08    1.00075E-17    1.00075E-17    1.00075E-17
 1.87799E-07    1.00030E-17    1.00030E-17    1.00030E-17
 1.04978E-06    1.00005E-17    1.00005E-17    1.00005E-17
 6.37968E+00    1.00000E-17    1.00000E-17    1.00000E-17
 6.40000E+00    1.00010E-17    1.00010E-17    1.00010E-17
 6.60000E+00    2.26882E-17    2.26882E-17    2.26882E-17
 6.80000E+00    4.61843E-17    4.61843E-17    4.61843E-17
 7.00000E+00    9.41938E-17    9.41938E-17    9.41938E-17
 7.20000E+00    2.00091E-16    2.00091E-16    2.00091E-16
 7.40000E+00    3.64316E-16    3.64316E-16    3.64316E-16
 7.60000E+00    7.25906E-16    7.25906E-16    7.25906E-16
 7.80000E+00    1.32930E-15    1.32930E-15    1.32930E-15
 8.00000E+00    2.37225E-15    2.37225E-15    2.37225E-15
 8.50000E+00    1.00044E-14    1.00044E-14    1.00044E-14
 9.00000E+00    3.67468E-14    3.67468E-14    3.67468E-14
 9.50000E+00    1.18049E-13    1.18049E-13    1.18049E-13
 1.00000E+01    1.41368E-12    1.41368E-12    1.41368E-12
 1.01411E+01    2.11978E-12    2.11978E-12    2.11978E-12
 1.02842E+01    2.83590E-12    2.83590E-12    2.83590E-12
 1.04292E+01    3.56212E-12    3.56212E-12    3.56212E-12
 1.05000E+01    3.91627E-12    3.91627E-12    3.91627E-12
 1.06481E+01    5.60066E-12    5.60066E-12    5.60066E-12
 1.07984E+01    7.30881E-12    7.30881E-12    7.30881E-12
 1.09507E+01    9.04106E-12    9.04106E-12    9.04106E-12
 1.10000E+01    9.60154E-12    9.60154E-12    9.60154E-12
 1.11552E+01    1.33029E-11    1.33029E-11    1.33029E-11
 1.13126E+01    1.70566E-11    1.70566E-11    1.70566E-11
 1.14722E+01    2.08631E-11    2.08631E-11    2.08631E-11
 1.15000E+01    2.15269E-11    2.15269E-11    2.15269E-11
 1.16622E+01    2.91596E-11    2.91596E-11    2.91596E-11
 1.18268E+01    3.69000E-11    3.69000E-11    3.69000E-11
 1.19936E+01    4.47495E-11    4.47495E-11    4.47495E-11
 1.20000E+01    4.50491E-11    4.50491E-11    4.50491E-11
 1.21693E+01    5.80011E-11    5.80011E-11    5.80011E-11
 1.23410E+01    7.11359E-11    7.11359E-11    7.11359E-11
 1.25000E+01    8.33012E-11    8.33012E-11    8.33012E-11
 1.26764E+01    1.08537E-10    1.08537E-10    1.08537E-10
 1.28552E+01    1.34128E-10    1.34128E-10    1.34128E-10
 1.30000E+01    1.54850E-10    1.54850E-10    1.54850E-10
 1.31834E+01    1.89599E-10    1.89599E-10    1.89599E-10
 1.33694E+01    2.24838E-10    2.24838E-10    2.24838E-10
 1.35000E+01    2.49582E-10    2.49582E-10    2.49582E-10
 1.36905E+01    3.11424E-10    3.11424E-10    3.11424E-10
 1.38836E+01    3.74138E-10    3.74138E-10    3.74138E-10
 1.40000E+01    4.11930E-10    4.11930E-10    4.11930E-10
 1.41975E+01    4.91393E-10    4.91393E-10    4.91393E-10
 1.43978E+01    5.71978E-10    5.71978E-10    5.71978E-10
 1.45000E+01    6.13088E-10    6.13088E-10    6.13088E-10
 1.47046E+01    7.31153E-10    7.31153E-10    7.31153E-10
 1.49120E+01    8.50883E-10    8.50883E-10    8.50883E-10
 1.50000E+01    9.01658E-10    9.01658E-10    9.01658E-10
 1.52116E+01    1.07971E-09    1.07971E-09    1.07971E-09
 1.54262E+01    1.26027E-09    1.26027E-09    1.26027E-09
 1.56439E+01    1.44338E-09    1.44338E-09    1.44338E-09
 1.58646E+01    1.62907E-09    1.62907E-09    1.62907E-09
 1.60000E+01    1.74301E-09    0.00000E+00    1.74301E-08
 1.62257E+01    2.08353E-09    0.00000E+00    2.08353E-08
 1.64546E+01    2.42885E-09    0.00000E+00    2.42885E-08
 1.66868E+01    2.77905E-09    0.00000E+00    2.77905E-08
 1.69222E+01    3.13419E-09    0.00000E+00    3.13419E-08
 1.70000E+01    3.25153E-09    0.00000E+00    3.25153E-08
 1.72398E+01    3.82672E-09    0.00000E+00    3.82672E-08
 1.74831E+01    4.41002E-09    0.00000E+00    4.41002E-08
 1.77297E+01    5.00156E-09    0.00000E+00    5.00156E-08
 1.79799E+01    5.60144E-09    0.00000E+00    5.60144E-08
 1.80000E+01    5.64976E-09    0.00000E+00    5.64976E-08
 1.82539E+01    6.64732E-09    0.00000E+00    6.64732E-08
 1.85115E+01    7.65895E-09    0.00000E+00    7.65895E-08
 1.87726E+01    8.68485E-09    0.00000E+00    8.68485E-08
 1.90000E+01    9.57796E-09    0.00000E+00    9.57796E-08
 1.92681E+01    1.16454E-08    0.00000E+00    1.16454E-07
 1.95399E+01    1.37421E-08    0.00000E+00    1.37421E-07
 1.98156E+01    1.58683E-08    0.00000E+00    1.58683E-07
 2.00000E+01    1.72908E-08    0.00000E+00    1.72908E-07
 2.02822E+01    2.14281E-08    0.00000E+00    2.14281E-07
 2.05683E+01    2.56237E-08    0.00000E+00    2.56237E-07
 2.08585E+01    2.98786E-08    0.00000E+00    2.98786E-07
 2.10000E+01    3.19535E-08    0.00000E+00    3.19535E-07
 2.12963E+01    4.06281E-08    0.00000E+00    4.06281E-07
 2.15967E+01    4.94252E-08    0.00000E+00    4.94252E-07
 2.19014E+01    5.83463E-08    0.00000E+00    5.83463E-07
 2.20000E+01    6.12328E-08    0.00000E+00    6.12328E-07
 2.23104E+01    7.93706E-08    0.00000E+00    7.93706E-07
 2.26251E+01    9.77642E-08    0.00000E+00    9.77642E-07
 2.29443E+01    1.16417E-07    0.00000E+00    1.16417E-06
 2.30000E+01    1.19670E-07    0.00000E+00    1.19670E-06
 2.33245E+01    1.59296E-07    0.00000E+00    1.59296E-06
 2.36536E+01    1.99481E-07    0.00000E+00    1.99481E-06
 2.39873E+01    2.40233E-07    0.00000E+00    2.40233E-06
 2.40000E+01    2.41788E-07    0.00000E+00    2.41788E-06
 2.43386E+01    3.26261E-07    0.00000E+00    3.26261E-06
 2.46820E+01    4.11927E-07    0.00000E+00    4.11927E-06
 2.50000E+01    4.91269E-07    0.00000E+00    4.91269E-06
 2.53527E+01    6.63273E-07    0.00000E+00    6.63273E-06
 2.57104E+01    8.37703E-07    0.00000E+00    8.37703E-06
 2.60000E+01    9.78939E-07    0.00000E+00    9.78939E-06
 2.63668E+01    1.28500E-06    0.00000E+00    1.28500E-05
 2.67388E+01    1.59537E-06    0.00000E+00    1.59537E-05
 2.70000E+01    1.81331E-06    0.00000E+00    1.81331E-05
 2.73809E+01    2.33286E-06    0.00000E+00    2.33286E-05
 2.77672E+01    2.85974E-06    0.00000E+00    2.85974E-05
 2.80000E+01    3.17724E-06    0.00000E+00    3.17724E-05
 2.83950E+01    3.98182E-06    0.00000E+00    3.98182E-05
 2.87956E+01    4.79776E-06    0.00000E+00    4.79776E-05
 2.90000E+01    5.21401E-06    0.00000E+00    5.21401E-05
 2.94091E+01    6.36074E-06    0.00000E+00    6.36074E-05
 2.98240E+01    7.52365E-06    0.00000E+00    7.52365E-05
 3.00000E+01    8.01681E-06    0.00000E+00    8.01681E-05
