# n + Ac226 : (n,xn)    
# tendl.2017 A.J. Koning and D. Rochman        EVAL-NOV17
# 
# # energies =   138
#   E(MeV)        xs(mb) 
 5.12276E-03    7.00035E-17
 1.00000E-02    3.79548E+00
 1.88839E-02    4.63379E+00
 2.00000E-02    4.74980E+00
 3.00000E-02    5.58765E+00
 3.34486E-02    6.11355E+00
 4.52008E-02    1.03323E+01
 5.85602E-02    1.53022E+01
 6.00000E-02    1.58378E+01
 7.06137E-02    2.09280E+01
 7.80467E-02    2.44930E+01
 1.00000E-01    3.50222E+01
 1.30982E-01    5.20736E+01
 1.65736E-01    7.43924E+01
 1.95870E-01    9.99829E+01
 2.00000E-01    1.03503E+02
 2.31026E-01    1.78708E+02
 2.66183E-01    2.63926E+02
 2.91294E-01    3.24831E+02
 3.00000E-01    3.48545E+02
 3.79687E-01    5.15508E+02
 4.00000E-01    5.59211E+02
 4.19865E-01    5.90332E+02
 5.00000E-01    7.20754E+02
 5.58481E-01    7.87428E+02
 5.91628E-01    8.25395E+02
 5.93520E-01    8.27641E+02
 5.95529E-01    8.30026E+02
 5.96533E-01    8.31218E+02
 5.97538E-01    8.32422E+02
 5.98542E-01    8.33626E+02
 5.99547E-01    8.34900E+02
 6.00000E-01    8.35474E+02
 6.00551E-01    8.35948E+02
 6.01556E-01    8.36813E+02
 6.02560E-01    8.37721E+02
 6.03565E-01    8.38629E+02
 6.04569E-01    8.39539E+02
 6.05573E-01    8.40460E+02
 6.06577E-01    8.41397E+02
 7.00000E-01    9.55601E+02
 8.00000E-01    1.09181E+03
 9.00000E-01    1.23635E+03
 1.00000E+00    1.39382E+03
 1.20000E+00    1.74941E+03
 1.40000E+00    2.13294E+03
 1.60000E+00    2.45616E+03
 1.80000E+00    2.64733E+03
 2.00000E+00    2.70978E+03
 2.20000E+00    2.68910E+03
 2.40000E+00    2.62954E+03
 2.60000E+00    2.56148E+03
 2.80000E+00    2.50117E+03
 3.00000E+00    2.45551E+03
 3.20000E+00    2.42457E+03
 3.40000E+00    2.40431E+03
 3.60000E+00    2.38919E+03
 3.80000E+00    2.37460E+03
 4.00000E+00    2.35811E+03
 4.20000E+00    2.33946E+03
 4.40000E+00    2.31953E+03
 4.60000E+00    2.30004E+03
 4.80000E+00    2.28257E+03
 5.00000E+00    2.26844E+03
 5.20000E+00    2.25856E+03
 5.40000E+00    2.25502E+03
 5.60000E+00    2.27802E+03
 5.80000E+00    2.35791E+03
 6.00000E+00    2.48643E+03
 6.20000E+00    2.63738E+03
 6.40000E+00    2.79758E+03
 6.60000E+00    2.96306E+03
 6.80000E+00    3.12243E+03
 7.00000E+00    3.27885E+03
 7.20000E+00    3.43506E+03
 7.40000E+00    3.57525E+03
 7.60000E+00    3.70862E+03
 7.80000E+00    3.82459E+03
 8.00000E+00    3.92814E+03
 8.50000E+00    4.12748E+03
 9.00000E+00    4.26188E+03
 9.50000E+00    4.35217E+03
 1.00000E+01    4.41606E+03
 1.05000E+01    4.46613E+03
 1.10000E+01    4.50983E+03
 1.15000E+01    4.55071E+03
 1.20000E+01    4.58895E+03
 1.25000E+01    4.63034E+03
 1.30000E+01    4.70025E+03
 1.35000E+01    4.81889E+03
 1.40000E+01    4.98326E+03
 1.45000E+01    5.18093E+03
 1.50000E+01    5.38355E+03
 1.60000E+01    5.77168E+03
 1.70000E+01    6.04102E+03
 1.80000E+01    6.23359E+03
 1.90000E+01    6.38153E+03
 2.00000E+01    6.51887E+03
 2.10000E+01    6.68270E+03
 2.20000E+01    6.86776E+03
 2.30000E+01    7.05970E+03
 2.40000E+01    7.24947E+03
 2.50000E+01    7.42548E+03
 2.60000E+01    7.55910E+03
 2.70000E+01    7.63831E+03
 2.80000E+01    7.62197E+03
 2.90000E+01    7.48276E+03
 3.00000E+01    7.21433E+03
 3.00000E+01    7.75500E+03
 3.20000E+01    7.96639E+03
 3.40000E+01    8.10839E+03
 3.60000E+01    8.21628E+03
 3.80000E+01    8.29967E+03
 4.00000E+01    8.34445E+03
 4.20000E+01    8.35850E+03
 4.40000E+01    8.35639E+03
 4.60000E+01    8.34471E+03
 4.80000E+01    8.34324E+03
 5.00000E+01    8.35702E+03
 5.20000E+01    8.38026E+03
 5.40000E+01    8.43495E+03
 5.60000E+01    8.50395E+03
 5.80000E+01    8.59221E+03
 6.00000E+01    8.68788E+03
 6.50000E+01    8.98166E+03
 7.00000E+01    9.30250E+03
 7.50000E+01    9.59640E+03
 8.00000E+01    9.87658E+03
 9.00000E+01    1.04062E+04
 1.00000E+02    1.08823E+04
 1.10000E+02    1.13120E+04
 1.20000E+02    1.16832E+04
 1.30000E+02    1.20467E+04
 1.40000E+02    1.24970E+04
 1.50000E+02    1.29895E+04
 1.60000E+02    1.34799E+04
 1.80000E+02    1.48136E+04
 2.00000E+02    1.52991E+04
