# n + Ac226 : (n,xp)    
# tendl.2017 A.J. Koning and D. Rochman        EVAL-NOV17
# 
# # energies =   138
#   E(MeV)        xs(mb) 
 5.12276E-03    6.64022E-17
 1.00000E-02    6.02885E-17
 1.88839E-02    6.22844E-17
 2.00000E-02    6.25352E-17
 3.00000E-02    6.89247E-17
 3.34486E-02    7.20300E-17
 4.52008E-02    8.26124E-17
 5.85602E-02    9.46420E-17
 6.00000E-02    9.59385E-17
 7.06137E-02    1.31068E-16
 7.80467E-02    1.55669E-16
 1.00000E-01    2.28330E-16
 1.30982E-01    6.13626E-16
 1.65736E-01    1.04583E-15
 1.95870E-01    1.42058E-15
 2.00000E-01    1.47194E-15
 2.31026E-01    3.28294E-15
 2.66183E-01    5.33506E-15
 2.91294E-01    6.80080E-15
 3.00000E-01    7.30897E-15
 3.79687E-01    2.60554E-14
 4.00000E-01    3.08341E-14
 4.19865E-01    4.75173E-14
 5.00000E-01    1.14817E-13
 5.58481E-01    3.18021E-13
 5.91628E-01    4.33197E-13
 5.93520E-01    4.39771E-13
 5.95529E-01    4.46752E-13
 5.96533E-01    4.50240E-13
 5.97538E-01    4.53732E-13
 5.98542E-01    4.57221E-13
 5.99547E-01    4.60713E-13
 6.00000E-01    4.62287E-13
 6.00551E-01    4.77146E-13
 6.01556E-01    5.04250E-13
 6.02560E-01    5.31326E-13
 6.03565E-01    5.58429E-13
 6.04569E-01    5.85507E-13
 6.05573E-01    6.12583E-13
 6.06577E-01    6.39659E-13
 7.00000E-01    3.15976E-12
 8.00000E-01    7.77451E-12
 9.00000E-01    2.31473E-11
 1.00000E+00    4.85290E-11
 1.20000E+00    2.37210E-10
 1.40000E+00    9.50482E-10
 1.60000E+00    3.19175E-09
 1.80000E+00    9.42574E-09
 2.00000E+00    2.56943E-08
 2.20000E+00    6.61553E-08
 2.40000E+00    1.62427E-07
 2.60000E+00    3.84507E-07
 2.80000E+00    8.91597E-07
 3.00000E+00    1.49359E-06
 3.20000E+00    3.33751E-06
 3.40000E+00    7.35118E-06
 3.60000E+00    1.13959E-05
 3.80000E+00    2.89784E-05
 4.00000E+00    4.89738E-05
 4.20000E+00    9.65519E-05
 4.40000E+00    1.98196E-04
 4.60000E+00    2.82817E-04
 4.80000E+00    5.56130E-04
 5.00000E+00    8.63855E-04
 5.20000E+00    1.39943E-03
 5.40000E+00    2.39536E-03
 5.60000E+00    3.08428E-03
 5.80000E+00    5.19689E-03
 6.00000E+00    7.44090E-03
 6.20000E+00    1.07590E-02
 6.40000E+00    1.60626E-02
 6.60000E+00    2.02358E-02
 6.80000E+00    2.94854E-02
 7.00000E+00    3.93107E-02
 7.20000E+00    5.28853E-02
 7.40000E+00    7.07251E-02
 7.60000E+00    8.64161E-02
 7.80000E+00    1.14028E-01
 8.00000E+00    1.42649E-01
 8.50000E+00    2.42712E-01
 9.00000E+00    3.88564E-01
 9.50000E+00    5.90900E-01
 1.00000E+01    8.59908E-01
 1.05000E+01    1.20446E+00
 1.10000E+01    1.63041E+00
 1.15000E+01    2.14044E+00
 1.20000E+01    2.73369E+00
 1.25000E+01    3.38756E+00
 1.30000E+01    4.13897E+00
 1.35000E+01    4.96583E+00
 1.40000E+01    5.87000E+00
 1.45000E+01    6.85669E+00
 1.50000E+01    7.93424E+00
 1.60000E+01    1.03983E+01
 1.70000E+01    1.37175E+01
 1.80000E+01    1.72828E+01
 1.90000E+01    2.13985E+01
 2.00000E+01    2.62152E+01
 2.10000E+01    3.12849E+01
 2.20000E+01    3.67667E+01
 2.30000E+01    4.24511E+01
 2.40000E+01    4.83802E+01
 2.50000E+01    5.45899E+01
 2.60000E+01    6.10433E+01
 2.70000E+01    6.79051E+01
 2.80000E+01    7.49679E+01
 2.90000E+01    8.23714E+01
 3.00000E+01    8.99641E+01
 3.00000E+01    8.61736E+01
 3.20000E+01    1.01848E+02
 3.40000E+01    1.16654E+02
 3.60000E+01    1.32112E+02
 3.80000E+01    1.48444E+02
 4.00000E+01    1.64944E+02
 4.20000E+01    1.82164E+02
 4.40000E+01    1.99632E+02
 4.60000E+01    2.17138E+02
 4.80000E+01    2.34515E+02
 5.00000E+01    2.51876E+02
 5.20000E+01    2.69155E+02
 5.40000E+01    2.86175E+02
 5.60000E+01    3.02642E+02
 5.80000E+01    3.18986E+02
 6.00000E+01    3.35322E+02
 6.50000E+01    3.74699E+02
 7.00000E+01    4.10710E+02
 7.50000E+01    4.43447E+02
 8.00000E+01    4.72087E+02
 9.00000E+01    5.26626E+02
 1.00000E+02    5.78858E+02
 1.10000E+02    6.23535E+02
 1.20000E+02    6.62898E+02
 1.30000E+02    6.96825E+02
 1.40000E+02    7.33104E+02
 1.50000E+02    7.77374E+02
 1.60000E+02    8.31109E+02
 1.80000E+02    9.81570E+02
 2.00000E+02    1.25694E+03
