# n + Ac226 : (n,np)    
# tendl.2017 A.J. Koning and D. Rochman        EVAL-NOV17
# uncertainties: y
# # energies =    37
#   E(MeV)       xs(mb)       xslow(mb)      xsupp(mb)
 4.99501E+00    0.00000E+00    0.00000E+00    0.00000E+00
 6.80000E+00    4.51516E-15    0.00000E+00    2.39556E-14
 7.00000E+00    3.93124E-14    0.00000E+00    2.08576E-13
 7.20000E+00    1.29999E-12    0.00000E+00    6.89723E-12
 7.40000E+00    8.17195E-12    0.00000E+00    4.33571E-11
 7.60000E+00    8.57472E-11    0.00000E+00    4.54940E-10
 7.80000E+00    3.52291E-10    0.00000E+00    1.86912E-09
 8.00000E+00    2.11380E-09    0.00000E+00    1.12150E-08
 8.50000E+00    5.14683E-08    0.00000E+00    2.73070E-07
 9.00000E+00    7.00516E-07    6.96812E-08    1.33135E-06
 9.50000E+00    6.24544E-06    6.21242E-07    1.18696E-05
 1.00000E+01    3.43687E-05    3.41870E-06    6.53187E-05
 1.05000E+01    1.61595E-04    1.60741E-05    3.07116E-04
 1.10000E+01    6.13816E-04    6.10571E-05    1.16657E-03
 1.15000E+01    1.93805E-03    1.92780E-04    3.68332E-03
 1.20000E+01    5.53111E-03    5.50187E-04    1.05120E-02
 1.25000E+01    1.38542E-02    1.37809E-03    2.63303E-02
 1.30000E+01    3.13047E-02    1.35650E-02    4.90444E-02
 1.35000E+01    6.58890E-02    2.85512E-02    1.03227E-01
 1.40000E+01    1.27134E-01    5.50901E-02    1.99178E-01
 1.45000E+01    2.30593E-01    9.99212E-02    3.61265E-01
 1.50000E+01    3.96595E-01    1.71854E-01    6.21336E-01
 1.60000E+01    9.98878E-01    5.37774E-01    1.45998E+00
 1.70000E+01    2.16752E+00    1.16694E+00    3.16810E+00
 1.80000E+01    4.02172E+00    2.16521E+00    5.87823E+00
 1.90000E+01    6.66731E+00    3.58953E+00    9.74509E+00
 2.00000E+01    1.00398E+01    5.58014E+00    1.44995E+01
 2.10000E+01    1.38597E+01    7.70325E+00    2.00162E+01
 2.20000E+01    1.77945E+01    9.89022E+00    2.56988E+01
 2.30000E+01    2.17032E+01    1.20627E+01    3.13437E+01
 2.40000E+01    2.52532E+01    1.41580E+01    3.63484E+01
 2.50000E+01    2.83683E+01    1.59044E+01    4.08322E+01
 2.60000E+01    3.13488E+01    1.75754E+01    4.51222E+01
 2.70000E+01    3.39179E+01    1.90157E+01    4.88201E+01
 2.80000E+01    3.60419E+01    2.02065E+01    5.18773E+01
 2.90000E+01    3.80614E+01    2.13388E+01    5.47840E+01
 3.00000E+01    3.98511E+01    2.23421E+01    5.73601E+01
