# n + Ac226 : (n,non)   
# tendl.2017 A.J. Koning and D. Rochman        EVAL-NOV17
# uncertainties: y
# # energies =  1019
#   E(MeV)       xs(mb)       xslow(mb)      xsupp(mb)
 1.00000E-11    2.20591E-02    0.00000E+00    9.33131E-02
 1.03223E-11    2.17120E-02    0.00000E+00    9.18447E-02
 1.06549E-11    2.13704E-02    0.00000E+00    9.03999E-02
 1.09984E-11    2.10341E-02    0.00000E+00    8.89773E-02
 1.13527E-11    2.07033E-02    0.00000E+00    8.75776E-02
 1.17186E-11    2.03774E-02    0.00000E+00    8.61994E-02
 1.20962E-11    2.00569E-02    0.00000E+00    8.48434E-02
 1.24861E-11    1.97413E-02    0.00000E+00    8.35083E-02
 1.28884E-11    1.94307E-02    0.00000E+00    8.21946E-02
 1.33038E-11    1.91249E-02    0.00000E+00    8.09012E-02
 1.37325E-11    1.88241E-02    0.00000E+00    7.96285E-02
 1.41751E-11    1.85279E-02    0.00000E+00    7.83754E-02
 1.46318E-11    1.82364E-02    0.00000E+00    7.71425E-02
 1.51034E-11    1.79494E-02    0.00000E+00    7.59285E-02
 1.55901E-11    1.76670E-02    0.00000E+00    7.47341E-02
 1.60926E-11    1.73890E-02    0.00000E+00    7.35581E-02
 1.66111E-11    1.71155E-02    0.00000E+00    7.24009E-02
 1.71465E-11    1.68462E-02    0.00000E+00    7.12616E-02
 1.76990E-11    1.65811E-02    0.00000E+00    7.01405E-02
 1.82694E-11    1.63202E-02    0.00000E+00    6.90368E-02
 1.88581E-11    1.60635E-02    0.00000E+00    6.79507E-02
 1.94659E-11    1.58107E-02    0.00000E+00    6.68815E-02
 2.00931E-11    1.55620E-02    0.00000E+00    6.58293E-02
 2.07407E-11    1.53171E-02    0.00000E+00    6.47934E-02
 2.14090E-11    1.50761E-02    0.00000E+00    6.37741E-02
 2.20991E-11    1.48389E-02    0.00000E+00    6.27706E-02
 2.28111E-11    1.46054E-02    0.00000E+00    6.17831E-02
 2.35464E-11    1.43756E-02    0.00000E+00    6.08108E-02
 2.43051E-11    1.41495E-02    0.00000E+00    5.98542E-02
 2.50884E-11    1.39268E-02    0.00000E+00    5.89123E-02
 2.58968E-11    1.37077E-02    0.00000E+00    5.79855E-02
 2.67315E-11    1.34920E-02    0.00000E+00    5.70731E-02
 2.75928E-11    1.32798E-02    0.00000E+00    5.61752E-02
 2.84822E-11    1.30708E-02    0.00000E+00    5.52913E-02
 2.93999E-11    1.28652E-02    0.00000E+00    5.44214E-02
 3.03475E-11    1.26627E-02    0.00000E+00    5.35651E-02
 3.13253E-11    1.24635E-02    0.00000E+00    5.27224E-02
 3.23350E-11    1.22674E-02    0.00000E+00    5.18928E-02
 3.33769E-11    1.20744E-02    0.00000E+00    5.10764E-02
 3.44526E-11    1.18844E-02    0.00000E+00    5.02727E-02
 3.55627E-11    1.16974E-02    0.00000E+00    4.94818E-02
 3.67089E-11    1.15134E-02    0.00000E+00    4.87032E-02
 3.78918E-11    1.13322E-02    0.00000E+00    4.79370E-02
 3.91130E-11    1.11539E-02    0.00000E+00    4.71826E-02
 4.03734E-11    1.09785E-02    0.00000E+00    4.64404E-02
 4.16746E-11    1.08057E-02    0.00000E+00    4.57096E-02
 4.30174E-11    1.06357E-02    0.00000E+00    4.49905E-02
 4.44039E-11    1.04683E-02    0.00000E+00    4.42825E-02
 4.58347E-11    1.03037E-02    0.00000E+00    4.35859E-02
 4.73119E-11    1.01415E-02    0.00000E+00    4.29000E-02
 4.88364E-11    9.98197E-03    0.00000E+00    4.22251E-02
 5.04104E-11    9.82490E-03    0.00000E+00    4.15607E-02
 5.20348E-11    9.67033E-03    0.00000E+00    4.09068E-02
 5.37119E-11    9.51817E-03    0.00000E+00    4.02632E-02
 5.54426E-11    9.36842E-03    0.00000E+00    3.96297E-02
 5.72295E-11    9.22101E-03    0.00000E+00    3.90061E-02
 5.90736E-11    9.07594E-03    0.00000E+00    3.83925E-02
 6.09775E-11    8.93313E-03    0.00000E+00    3.77884E-02
 6.29424E-11    8.79259E-03    0.00000E+00    3.71939E-02
 6.49710E-11    8.65423E-03    0.00000E+00    3.66086E-02
 6.70645E-11    8.51808E-03    0.00000E+00    3.60327E-02
 6.92260E-11    8.38405E-03    0.00000E+00    3.54657E-02
 7.14566E-11    8.25215E-03    0.00000E+00    3.49077E-02
 7.37596E-11    8.12230E-03    0.00000E+00    3.43584E-02
 7.61364E-11    7.99451E-03    0.00000E+00    3.38179E-02
 7.85902E-11    7.86872E-03    0.00000E+00    3.32858E-02
 8.11227E-11    7.74493E-03    0.00000E+00    3.27621E-02
 8.37372E-11    7.62306E-03    0.00000E+00    3.22466E-02
 8.64355E-11    7.50313E-03    0.00000E+00    3.17393E-02
 8.92212E-11    7.38506E-03    0.00000E+00    3.12398E-02
 9.20962E-11    7.26888E-03    0.00000E+00    3.07484E-02
 9.50644E-11    7.15450E-03    0.00000E+00    3.02645E-02
 9.81277E-11    7.04194E-03    0.00000E+00    2.97884E-02
 1.01291E-10    6.93112E-03    0.00000E+00    2.93196E-02
 1.04554E-10    6.82209E-03    0.00000E+00    2.88584E-02
 1.07924E-10    6.71473E-03    0.00000E+00    2.84043E-02
 1.11402E-10    6.60911E-03    0.00000E+00    2.79574E-02
 1.14992E-10    6.50510E-03    0.00000E+00    2.75175E-02
 1.18697E-10    6.40277E-03    0.00000E+00    2.70846E-02
 1.22523E-10    6.30201E-03    0.00000E+00    2.66584E-02
 1.26471E-10    6.20287E-03    0.00000E+00    2.62390E-02
 1.30547E-10    6.10526E-03    0.00000E+00    2.58261E-02
 1.34754E-10    6.00922E-03    0.00000E+00    2.54198E-02
 1.39097E-10    5.91466E-03    0.00000E+00    2.50198E-02
 1.43579E-10    5.82161E-03    0.00000E+00    2.46262E-02
 1.48207E-10    5.73000E-03    0.00000E+00    2.42387E-02
 1.52982E-10    5.63986E-03    0.00000E+00    2.38574E-02
 1.57913E-10    5.55111E-03    0.00000E+00    2.34820E-02
 1.63001E-10    5.46378E-03    0.00000E+00    2.31126E-02
 1.68254E-10    5.37780E-03    0.00000E+00    2.27489E-02
 1.73676E-10    5.29320E-03    0.00000E+00    2.23910E-02
 1.79274E-10    5.20991E-03    0.00000E+00    2.20386E-02
 1.85050E-10    5.12795E-03    0.00000E+00    2.16919E-02
 1.91014E-10    5.04725E-03    0.00000E+00    2.13506E-02
 1.97169E-10    4.96786E-03    0.00000E+00    2.10147E-02
 2.03524E-10    4.88968E-03    0.00000E+00    2.06840E-02
 2.10082E-10    4.81276E-03    0.00000E+00    2.03586E-02
 2.16853E-10    4.73702E-03    0.00000E+00    2.00383E-02
 2.23840E-10    4.66250E-03    0.00000E+00    1.97230E-02
 2.31055E-10    4.58913E-03    0.00000E+00    1.94127E-02
 2.38500E-10    4.51694E-03    0.00000E+00    1.91073E-02
 2.46187E-10    4.44586E-03    0.00000E+00    1.88066E-02
 2.54120E-10    4.37592E-03    0.00000E+00    1.85108E-02
 2.62310E-10    4.30706E-03    0.00000E+00    1.82195E-02
 2.70762E-10    4.23930E-03    0.00000E+00    1.79328E-02
 2.79489E-10    4.17259E-03    0.00000E+00    1.76507E-02
 2.88494E-10    4.10695E-03    0.00000E+00    1.73730E-02
 2.97793E-10    4.04233E-03    0.00000E+00    1.70996E-02
 3.07388E-10    3.97873E-03    0.00000E+00    1.68306E-02
 3.17295E-10    3.91612E-03    0.00000E+00    1.65657E-02
 3.27519E-10    3.85452E-03    0.00000E+00    1.63051E-02
 3.38075E-10    3.79386E-03    0.00000E+00    1.60486E-02
 3.48969E-10    3.73418E-03    0.00000E+00    1.57961E-02
 3.60216E-10    3.67542E-03    0.00000E+00    1.55475E-02
 3.71823E-10    3.61760E-03    0.00000E+00    1.53029E-02
 3.83807E-10    3.56067E-03    0.00000E+00    1.50621E-02
 3.96174E-10    3.50465E-03    0.00000E+00    1.48252E-02
 4.08943E-10    3.44951E-03    0.00000E+00    1.45919E-02
 4.22120E-10    3.39524E-03    0.00000E+00    1.43623E-02
 4.35725E-10    3.34181E-03    0.00000E+00    1.41363E-02
 4.49765E-10    3.28924E-03    0.00000E+00    1.39139E-02
 4.64261E-10    3.23748E-03    0.00000E+00    1.36950E-02
 4.79221E-10    3.18655E-03    0.00000E+00    1.34795E-02
 4.94666E-10    3.13641E-03    0.00000E+00    1.32674E-02
 5.10605E-10    3.08706E-03    0.00000E+00    1.30587E-02
 5.27062E-10    3.03849E-03    0.00000E+00    1.28532E-02
 5.44045E-10    2.99069E-03    0.00000E+00    1.26510E-02
 5.61580E-10    2.94363E-03    0.00000E+00    1.24519E-02
 5.79675E-10    2.89732E-03    0.00000E+00    1.22561E-02
 5.98358E-10    2.85173E-03    0.00000E+00    1.20632E-02
 6.17639E-10    2.80686E-03    0.00000E+00    1.18734E-02
 6.37545E-10    2.76270E-03    0.00000E+00    1.16866E-02
 6.58089E-10    2.71923E-03    0.00000E+00    1.15027E-02
 6.79298E-10    2.67644E-03    0.00000E+00    1.13217E-02
 7.01188E-10    2.63434E-03    0.00000E+00    1.11436E-02
 7.23786E-10    2.59288E-03    0.00000E+00    1.09683E-02
 7.47109E-10    2.55209E-03    0.00000E+00    1.07957E-02
 7.71188E-10    2.51193E-03    0.00000E+00    1.06258E-02
 7.96038E-10    2.47242E-03    0.00000E+00    1.04587E-02
 8.21693E-10    2.43351E-03    0.00000E+00    1.02941E-02
 8.48171E-10    2.39523E-03    0.00000E+00    1.01321E-02
 8.75507E-10    2.35754E-03    0.00000E+00    9.97271E-03
 9.03719E-10    2.32045E-03    0.00000E+00    9.81581E-03
 9.32845E-10    2.28393E-03    0.00000E+00    9.66136E-03
 9.62904E-10    2.24800E-03    0.00000E+00    9.50937E-03
 9.93937E-10    2.21263E-03    0.00000E+00    9.35973E-03
 1.02597E-09    2.17782E-03    0.00000E+00    9.21248E-03
 1.05903E-09    2.14355E-03    0.00000E+00    9.06752E-03
 1.09316E-09    2.10983E-03    0.00000E+00    8.92487E-03
 1.12839E-09    2.07663E-03    0.00000E+00    8.78443E-03
 1.16475E-09    2.04396E-03    0.00000E+00    8.64623E-03
 1.20229E-09    2.01180E-03    0.00000E+00    8.51018E-03
 1.24103E-09    1.98015E-03    0.00000E+00    8.37630E-03
 1.28103E-09    1.94899E-03    0.00000E+00    8.24449E-03
 1.32231E-09    1.91833E-03    0.00000E+00    8.11479E-03
 1.36492E-09    1.88814E-03    0.00000E+00    7.98710E-03
 1.40890E-09    1.85844E-03    0.00000E+00    7.86144E-03
 1.45431E-09    1.82919E-03    0.00000E+00    7.73774E-03
 1.50117E-09    1.80041E-03    0.00000E+00    7.61601E-03
 1.54956E-09    1.77209E-03    0.00000E+00    7.49617E-03
 1.59949E-09    1.74421E-03    0.00000E+00    7.37824E-03
 1.65104E-09    1.71676E-03    0.00000E+00    7.26214E-03
 1.70424E-09    1.68975E-03    0.00000E+00    7.14789E-03
 1.75917E-09    1.66317E-03    0.00000E+00    7.03542E-03
 1.81585E-09    1.63700E-03    0.00000E+00    6.92473E-03
 1.87438E-09    1.61124E-03    0.00000E+00    6.81578E-03
 1.93477E-09    1.58589E-03    0.00000E+00    6.70855E-03
 1.99713E-09    1.56094E-03    0.00000E+00    6.60299E-03
 2.06148E-09    1.53638E-03    0.00000E+00    6.49912E-03
 2.12792E-09    1.51221E-03    0.00000E+00    6.39686E-03
 2.19649E-09    1.48842E-03    0.00000E+00    6.29623E-03
 2.26728E-09    1.46500E-03    0.00000E+00    6.19718E-03
 2.34034E-09    1.44196E-03    0.00000E+00    6.09970E-03
 2.41577E-09    1.41928E-03    0.00000E+00    6.00374E-03
 2.49362E-09    1.39695E-03    0.00000E+00    5.90931E-03
 2.57398E-09    1.37498E-03    0.00000E+00    5.81637E-03
 2.65692E-09    1.35336E-03    0.00000E+00    5.72491E-03
 2.74255E-09    1.33208E-03    0.00000E+00    5.63488E-03
 2.83093E-09    1.31114E-03    0.00000E+00    5.54630E-03
 2.92217E-09    1.29053E-03    0.00000E+00    5.45911E-03
 3.01633E-09    1.27025E-03    0.00000E+00    5.37333E-03
 3.11354E-09    1.25029E-03    0.00000E+00    5.28891E-03
 3.21387E-09    1.23066E-03    0.00000E+00    5.20585E-03
 3.31745E-09    1.21133E-03    0.00000E+00    5.12411E-03
 3.42435E-09    1.19233E-03    0.00000E+00    5.04370E-03
 3.53471E-09    1.17362E-03    0.00000E+00    4.96457E-03
 3.64861E-09    1.15522E-03    0.00000E+00    4.88673E-03
 3.76620E-09    1.13711E-03    0.00000E+00    4.81013E-03
 3.88757E-09    1.11930E-03    0.00000E+00    4.73478E-03
 4.01286E-09    1.10177E-03    0.00000E+00    4.66063E-03
 4.14217E-09    1.08452E-03    0.00000E+00    4.58767E-03
 4.27566E-09    1.06755E-03    0.00000E+00    4.51588E-03
 4.41344E-09    1.05085E-03    0.00000E+00    4.44523E-03
 4.55568E-09    1.03441E-03    0.00000E+00    4.37568E-03
 4.70248E-09    1.01823E-03    0.00000E+00    4.30724E-03
 4.85404E-09    1.00229E-03    0.00000E+00    4.23984E-03
 5.01045E-09    9.86611E-04    0.00000E+00    4.17350E-03
 5.17193E-09    9.71165E-04    0.00000E+00    4.10816E-03
 5.33859E-09    9.55957E-04    0.00000E+00    4.04383E-03
 5.51065E-09    9.40977E-04    0.00000E+00    3.98047E-03
 5.68822E-09    9.26226E-04    0.00000E+00    3.91807E-03
 5.87154E-09    9.11697E-04    0.00000E+00    3.85660E-03
 6.06075E-09    8.97389E-04    0.00000E+00    3.79608E-03
 6.25608E-09    8.83297E-04    0.00000E+00    3.73647E-03
 6.45767E-09    8.69421E-04    0.00000E+00    3.67777E-03
 6.66579E-09    8.55757E-04    0.00000E+00    3.61997E-03
 6.88059E-09    8.42304E-04    0.00000E+00    3.56306E-03
 7.10234E-09    8.29058E-04    0.00000E+00    3.50703E-03
 7.33121E-09    8.16020E-04    0.00000E+00    3.45188E-03
 7.56748E-09    8.03183E-04    0.00000E+00    3.39758E-03
 7.81133E-09    7.90549E-04    0.00000E+00    3.34413E-03
 8.06308E-09    7.78111E-04    0.00000E+00    3.29152E-03
 8.32291E-09    7.65870E-04    0.00000E+00    3.23974E-03
 8.59114E-09    7.53819E-04    0.00000E+00    3.18876E-03
 8.86798E-09    7.41960E-04    0.00000E+00    3.13859E-03
 9.15378E-09    7.30285E-04    0.00000E+00    3.08921E-03
 9.44875E-09    7.18796E-04    0.00000E+00    3.04061E-03
 9.75327E-09    7.07486E-04    0.00000E+00    2.99276E-03
 1.00676E-08    6.96355E-04    0.00000E+00    2.94568E-03
 1.03920E-08    6.85398E-04    0.00000E+00    2.89933E-03
 1.07269E-08    6.74615E-04    0.00000E+00    2.85371E-03
 1.10726E-08    6.64000E-04    0.00000E+00    2.80881E-03
 1.14294E-08    6.53553E-04    0.00000E+00    2.76462E-03
 1.17978E-08    6.43270E-04    0.00000E+00    2.72112E-03
 1.21779E-08    6.33149E-04    0.00000E+00    2.67831E-03
 1.25704E-08    6.23187E-04    0.00000E+00    2.63617E-03
 1.29755E-08    6.13382E-04    0.00000E+00    2.59469E-03
 1.33937E-08    6.03731E-04    0.00000E+00    2.55387E-03
 1.38253E-08    5.94232E-04    0.00000E+00    2.51369E-03
 1.42708E-08    5.84882E-04    0.00000E+00    2.47413E-03
 1.47307E-08    5.75680E-04    0.00000E+00    2.43521E-03
 1.52054E-08    5.66622E-04    0.00000E+00    2.39689E-03
 1.56954E-08    5.57708E-04    0.00000E+00    2.35918E-03
 1.62012E-08    5.48932E-04    0.00000E+00    2.32206E-03
 1.67233E-08    5.40295E-04    0.00000E+00    2.28552E-03
 1.72623E-08    5.31793E-04    0.00000E+00    2.24956E-03
 1.78185E-08    5.23425E-04    0.00000E+00    2.21416E-03
 1.83928E-08    5.15185E-04    0.00000E+00    2.17930E-03
 1.89855E-08    5.07073E-04    0.00000E+00    2.14499E-03
 1.95974E-08    4.99083E-04    0.00000E+00    2.11119E-03
 2.02289E-08    4.91214E-04    0.00000E+00    2.07790E-03
 2.08808E-08    4.83462E-04    0.00000E+00    2.04511E-03
 2.15537E-08    4.75832E-04    0.00000E+00    2.01283E-03
 2.22483E-08    4.68328E-04    0.00000E+00    1.98109E-03
 2.29168E-08    4.61451E-04    0.00000E+00    1.95200E-03
 2.36053E-08    4.54704E-04    0.00000E+00    1.92346E-03
 2.43146E-08    4.48095E-04    0.00000E+00    1.89551E-03
 2.50451E-08    4.41621E-04    0.00000E+00    1.86812E-03
 2.52522E-08    4.39842E-04    0.00000E+00    1.86059E-03
 2.53000E-08    4.39435E-04    0.00000E+00    2.27850E-03
 2.61154E-08    4.32667E-04    0.00000E+00    2.24341E-03
 2.70140E-08    4.25551E-04    0.00000E+00    2.20651E-03
 2.80027E-08    4.18061E-04    0.00000E+00    2.16768E-03
 2.90277E-08    4.10616E-04    0.00000E+00    2.12908E-03
 3.00266E-08    4.03658E-04    0.00000E+00    2.09300E-03
 3.09942E-08    3.97206E-04    0.00000E+00    2.05955E-03
 3.19930E-08    3.90853E-04    0.00000E+00    2.02660E-03
 3.29543E-08    3.85030E-04    0.00000E+00    1.99641E-03
 3.39444E-08    3.79315E-04    0.00000E+00    1.96678E-03
 3.49643E-08    3.73702E-04    0.00000E+00    1.93767E-03
 3.60910E-08    3.67797E-04    0.00000E+00    1.90706E-03
 3.72542E-08    3.62000E-04    0.00000E+00    1.87700E-03
 3.84547E-08    3.56305E-04    0.00000E+00    1.84747E-03
 3.96940E-08    3.50701E-04    0.00000E+00    1.81841E-03
 4.09731E-08    3.45181E-04    0.00000E+00    1.78979E-03
 4.22936E-08    3.39744E-04    0.00000E+00    1.76160E-03
 4.36565E-08    3.34398E-04    0.00000E+00    1.73388E-03
 4.50634E-08    3.29148E-04    0.00000E+00    1.70666E-03
 4.65156E-08    3.23991E-04    0.00000E+00    1.67992E-03
 4.80147E-08    3.18924E-04    0.00000E+00    1.65365E-03
 4.94573E-08    3.14286E-04    0.00000E+00    1.62960E-03
 5.08356E-08    3.10078E-04    0.00000E+00    1.60778E-03
 5.22525E-08    3.05972E-04    0.00000E+00    1.58649E-03
 5.38225E-08    3.01653E-04    0.00000E+00    1.56410E-03
 5.56746E-08    2.96805E-04    0.00000E+00    1.53896E-03
 5.74686E-08    2.92326E-04    0.00000E+00    1.51574E-03
 5.88211E-08    2.89140E-04    0.00000E+00    1.49921E-03
 5.98246E-08    2.86946E-04    0.00000E+00    1.48784E-03
 6.07166E-08    2.85175E-04    0.00000E+00    1.47865E-03
 6.14918E-08    2.83816E-04    0.00000E+00    1.47161E-03
 6.21455E-08    2.82831E-04    0.00000E+00    1.46650E-03
 6.28059E-08    2.82007E-04    0.00000E+00    1.46223E-03
 6.34736E-08    2.81369E-04    0.00000E+00    1.45892E-03
 6.41481E-08    2.80939E-04    0.00000E+00    1.45669E-03
 6.46930E-08    2.80757E-04    0.00000E+00    1.45575E-03
 6.51048E-08    2.80718E-04    0.00000E+00    1.45554E-03
 6.56905E-08    2.80809E-04    0.00000E+00    1.45602E-03
 6.63886E-08    2.81137E-04    0.00000E+00    1.45772E-03
 6.70944E-08    2.81696E-04    0.00000E+00    1.46062E-03
 6.78074E-08    2.82473E-04    0.00000E+00    1.46465E-03
 6.85282E-08    2.83448E-04    0.00000E+00    1.46970E-03
 6.94032E-08    2.84847E-04    0.00000E+00    1.47696E-03
 7.04379E-08    2.86739E-04    0.00000E+00    1.48677E-03
 7.16396E-08    2.89160E-04    0.00000E+00    1.49932E-03
 7.34807E-08    2.93134E-04    0.00000E+00    1.51992E-03
 8.11588E-08    3.10281E-04    0.00000E+00    1.60883E-03
 8.53838E-08    3.19484E-04    0.00000E+00    1.65655E-03
 9.09756E-08    3.31364E-04    0.00000E+00    1.71815E-03
 9.63205E-08    3.42485E-04    0.00000E+00    1.77581E-03
 1.01335E-07    3.52637E-04    0.00000E+00    1.82845E-03
 1.08659E-07    3.67110E-04    0.00000E+00    1.90350E-03
 1.14315E-07    3.78054E-04    0.00000E+00    1.96024E-03
 1.20266E-07    3.89248E-04    0.00000E+00    2.01828E-03
 1.29504E-07    4.06247E-04    0.00000E+00    2.10643E-03
 1.35671E-07    4.17334E-04    0.00000E+00    2.16391E-03
 1.43036E-07    4.30198E-04    0.00000E+00    2.23061E-03
 1.54024E-07    4.49034E-04    0.00000E+00    2.32828E-03
 1.61017E-07    4.60708E-04    0.00000E+00    2.38881E-03
 1.71563E-07    4.77802E-04    0.00000E+00    2.47744E-03
 1.82798E-07    4.95740E-04    0.00000E+00    2.57045E-03
 1.90695E-07    5.07980E-04    0.00000E+00    2.63392E-03
 2.07526E-07    5.33348E-04    0.00000E+00    2.76545E-03
 2.17867E-07    5.48659E-04    0.00000E+00    2.84484E-03
 2.27760E-07    5.62825E-04    0.00000E+00    2.91829E-03
 2.49440E-07    5.93218E-04    0.00000E+00    3.07588E-03
 2.58570E-07    6.05652E-04    0.00000E+00    3.14035E-03
 2.69739E-07    6.20292E-04    0.00000E+00    3.21627E-03
 3.06875E-07    6.68118E-04    0.00000E+00    3.46425E-03
 3.12110E-07    6.74543E-04    0.00000E+00    3.49756E-03
 3.15428E-07    6.78248E-04    0.00000E+00    3.51677E-03
 3.18107E-07    6.80850E-04    0.00000E+00    3.53026E-03
 3.20131E-07    6.82491E-04    0.00000E+00    3.53877E-03
 3.22169E-07    6.83795E-04    0.00000E+00    3.54553E-03
 3.24218E-07    6.84703E-04    0.00000E+00    3.55024E-03
 3.26375E-07    6.85188E-04    0.00000E+00    3.93517E-03
 3.27758E-07    6.85239E-04    0.00000E+00    3.93547E-03
 3.29845E-07    6.84944E-04    0.00000E+00    3.93377E-03
 3.31943E-07    6.84228E-04    0.00000E+00    3.92966E-03
 3.34056E-07    6.83140E-04    0.00000E+00    3.92341E-03
 3.36894E-07    6.81215E-04    0.00000E+00    3.91236E-03
 3.40474E-07    6.78269E-04    0.00000E+00    3.89544E-03
 3.48486E-07    6.70831E-04    0.00000E+00    3.85272E-03
 3.57442E-07    6.62584E-04    0.00000E+00    3.80536E-03
 3.67403E-07    6.53986E-04    0.00000E+00    3.75598E-03
 4.03227E-07    6.24279E-04    0.00000E+00    3.58537E-03
 4.12717E-07    6.16740E-04    0.00000E+00    3.54206E-03
 4.20645E-07    6.10877E-04    0.00000E+00    3.50839E-03
 4.30545E-07    6.04100E-04    0.00000E+00    3.46947E-03
 4.74528E-07    5.75440E-04    0.00000E+00    3.30487E-03
 4.85693E-07    5.68475E-04    0.00000E+00    3.26487E-03
 4.95026E-07    5.63093E-04    0.00000E+00    3.23396E-03
 5.06674E-07    5.56888E-04    0.00000E+00    3.19832E-03
 5.60800E-07    5.29233E-04    0.00000E+00    3.03949E-03
 5.72785E-07    5.23422E-04    0.00000E+00    3.00612E-03
 5.82556E-07    5.19054E-04    0.00000E+00    2.98103E-03
 5.97528E-07    5.12858E-04    0.00000E+00    2.94545E-03
 6.61359E-07    4.87275E-04    0.00000E+00    2.79852E-03
 6.74068E-07    4.82463E-04    0.00000E+00    2.77088E-03
 6.85567E-07    4.78464E-04    0.00000E+00    2.74792E-03
 7.06166E-07    4.71841E-04    0.00000E+00    2.70988E-03
 7.76659E-07    4.49658E-04    0.00000E+00    2.58248E-03
 7.89909E-07    4.45715E-04    0.00000E+00    2.55983E-03
 8.01689E-07    4.42523E-04    0.00000E+00    2.54150E-03
 8.18822E-07    4.38322E-04    0.00000E+00    2.51737E-03
 9.82122E-07    3.99994E-04    0.00000E+00    2.29725E-03
 9.98877E-07    3.96295E-04    0.00000E+00    2.27600E-03
 1.01232E-06    3.93574E-04    0.00000E+00    2.26038E-03
 1.05578E-06    3.85463E-04    0.00000E+00    2.21379E-03
 1.09338E-06    3.78674E-04    0.00000E+00    2.17480E-03
 1.12445E-06    3.73688E-04    0.00000E+00    2.14617E-03
 1.27555E-06    3.50686E-04    0.00000E+00    2.01406E-03
 1.31180E-06    3.45879E-04    0.00000E+00    1.98645E-03
 1.50907E-06    3.22348E-04    0.00000E+00    1.85131E-03
 1.67631E-06    3.06357E-04    0.00000E+00    1.75947E-03
 1.78534E-06    2.96340E-04    0.00000E+00    1.70194E-03
 2.09750E-06    2.73385E-04    0.00000E+00    1.57011E-03
 2.46411E-06    2.52214E-04    0.00000E+00    1.44852E-03
 2.89495E-06    2.32678E-04    0.00000E+00    1.33632E-03
 3.40095E-06    2.14661E-04    0.00000E+00    1.23284E-03
 3.99558E-06    1.98034E-04    0.00000E+00    1.13735E-03
 4.69395E-06    1.82700E-04    0.00000E+00    1.04928E-03
 5.51466E-06    1.68550E-04    0.00000E+00    9.68015E-04
 6.47854E-06    1.55499E-04    0.00000E+00    8.93063E-04
 7.61127E-06    1.43456E-04    0.00000E+00    8.23897E-04
 9.00469E-06    1.31900E-04    0.00000E+00    7.57528E-04
 1.00726E-05    1.24726E-04    0.00000E+00    7.16327E-04
 1.23411E-05    1.12659E-04    0.00000E+00    6.47023E-04
 1.44989E-05    1.03941E-04    0.00000E+00    5.96957E-04
 1.70331E-05    9.59019E-05    0.00000E+00    5.50784E-04
 2.00112E-05    8.84824E-05    0.00000E+00    5.08172E-04
 2.35089E-05    8.16386E-05    0.00000E+00    4.68867E-04
 3.09760E-05    7.01165E-05    0.00000E+00    4.02694E-04
 3.10031E-05    7.03267E-05    0.00000E+00    4.03900E-04
 3.10132E-05    7.06803E-05    0.00000E+00    4.05931E-04
 3.10200E-05    7.11448E-05    0.00000E+00    4.08599E-04
 3.10268E-05    7.19415E-05    0.00000E+00    4.13175E-04
 3.10318E-05    7.28867E-05    0.00000E+00    4.18603E-04
 3.10369E-05    7.42850E-05    0.00000E+00    4.26634E-04
 3.10403E-05    7.55684E-05    0.00000E+00    4.34005E-04
 3.10437E-05    7.72265E-05    0.00000E+00    4.43528E-04
 3.10471E-05    7.93651E-05    0.00000E+00    4.55810E-04
 3.10496E-05    8.13636E-05    0.00000E+00    4.67288E-04
 3.10521E-05    8.37766E-05    0.00000E+00    4.81146E-04
 3.10547E-05    8.66871E-05    0.00000E+00    4.97862E-04
 3.10572E-05    9.01940E-05    0.00000E+00    5.18003E-04
 3.10597E-05    9.44163E-05    0.00000E+00    5.42252E-04
 3.10614E-05    9.76967E-05    0.00000E+00    5.61093E-04
 3.10631E-05    1.01405E-04    0.00000E+00    5.82390E-04
 3.10648E-05    1.05595E-04    0.00000E+00    6.06457E-04
 3.10665E-05    1.10329E-04    0.00000E+00    6.33640E-04
 3.10682E-05    1.15672E-04    0.00000E+00    6.64331E-04
 3.10699E-05    1.21703E-04    0.00000E+00    6.98966E-04
 3.10716E-05    1.28506E-04    0.00000E+00    7.38039E-04
 3.10733E-05    1.36178E-04    0.00000E+00    7.82099E-04
 3.10749E-05    1.44825E-04    0.00000E+00    8.31761E-04
 3.10766E-05    1.54568E-04    0.00000E+00    8.87713E-04
 3.10779E-05    1.62673E-04    0.00000E+00    9.34266E-04
 3.10792E-05    1.71533E-04    0.00000E+00    9.85147E-04
 3.10804E-05    1.81214E-04    0.00000E+00    1.04075E-03
 3.10817E-05    1.91790E-04    0.00000E+00    1.10149E-03
 3.10830E-05    2.03342E-04    0.00000E+00    1.16783E-03
 3.10842E-05    2.15954E-04    0.00000E+00    1.24027E-03
 3.10855E-05    2.29727E-04    0.00000E+00    1.31937E-03
 3.10868E-05    2.44757E-04    0.00000E+00    1.40569E-03
 3.10881E-05    2.61159E-04    0.00000E+00    1.49989E-03
 3.10893E-05    2.79052E-04    0.00000E+00    1.60265E-03
 3.10906E-05    2.98568E-04    0.00000E+00    1.71474E-03
 3.10919E-05    3.19850E-04    0.00000E+00    1.83696E-03
 3.10931E-05    3.43052E-04    0.00000E+00    1.97022E-03
 3.10944E-05    3.68337E-04    0.00000E+00    2.11544E-03
 3.10957E-05    3.95895E-04    0.00000E+00    2.27371E-03
 3.10969E-05    4.25914E-04    0.00000E+00    2.44611E-03
 3.10982E-05    4.58611E-04    0.00000E+00    2.63390E-03
 3.10995E-05    4.94216E-04    0.00000E+00    2.83839E-03
 3.11007E-05    5.32981E-04    0.00000E+00    3.06102E-03
 3.11020E-05    5.75172E-04    0.00000E+00    3.30333E-03
 3.11033E-05    6.21084E-04    0.00000E+00    3.56701E-03
 3.11045E-05    6.71027E-04    0.00000E+00    3.85385E-03
 3.11058E-05    7.25359E-04    0.00000E+00    4.16589E-03
 3.11071E-05    7.84435E-04    0.00000E+00    4.50517E-03
 3.11083E-05    8.48662E-04    0.00000E+00    4.87404E-03
 3.11096E-05    9.18467E-04    0.00000E+00    5.27494E-03
 3.11109E-05    9.94326E-04    0.00000E+00    5.71062E-03
 3.11122E-05    1.07755E-03    0.00000E+00    6.18859E-03
 3.11134E-05    1.16846E-03    0.00000E+00    6.71070E-03
 3.11147E-05    1.26728E-03    0.00000E+00    7.27826E-03
 3.11160E-05    1.37471E-03    0.00000E+00    7.89524E-03
 3.11173E-05    1.49143E-03    0.00000E+00    8.56561E-03
 3.11186E-05    1.61825E-03    0.00000E+00    9.29394E-03
 3.11199E-05    1.75598E-03    0.00000E+00    1.00850E-02
 3.11212E-05    1.90556E-03    0.00000E+00    1.09440E-02
 3.11224E-05    2.06793E-03    0.00000E+00    1.18765E-02
 3.11237E-05    2.24417E-03    0.00000E+00    1.28887E-02
 3.11250E-05    2.43538E-03    0.00000E+00    1.39869E-02
 3.11263E-05    2.64286E-03    0.00000E+00    1.51785E-02
 3.11276E-05    2.86787E-03    0.00000E+00    1.64708E-02
 3.11289E-05    3.11187E-03    0.00000E+00    1.78721E-02
 3.11302E-05    3.37636E-03    0.00000E+00    1.93912E-02
 3.11314E-05    3.66305E-03    0.00000E+00    2.10376E-02
 3.11327E-05    3.97368E-03    0.00000E+00    2.28216E-02
 3.11340E-05    4.31020E-03    0.00000E+00    2.47544E-02
 3.11353E-05    4.67463E-03    0.00000E+00    2.68474E-02
 3.11366E-05    5.06930E-03    0.00000E+00    2.91140E-02
 3.11379E-05    5.49648E-03    0.00000E+00    3.15674E-02
 3.11392E-05    5.95884E-03    0.00000E+00    3.42229E-02
 3.11404E-05    6.45913E-03    0.00000E+00    3.70961E-02
 3.11417E-05    7.00035E-03    0.00000E+00    4.02045E-02
 3.11430E-05    7.58566E-03    0.00000E+00    4.35660E-02
 3.11443E-05    8.21855E-03    0.00000E+00    4.72008E-02
 3.11456E-05    8.90262E-03    0.00000E+00    5.11296E-02
 3.11469E-05    9.64206E-03    0.00000E+00    5.53763E-02
 3.11482E-05    1.04409E-02    0.00000E+00    5.99644E-02
 3.11494E-05    1.13039E-02    0.00000E+00    6.49207E-02
 3.11507E-05    1.22359E-02    0.00000E+00    7.02731E-02
 3.11520E-05    1.32422E-02    0.00000E+00    7.60525E-02
 3.11533E-05    1.43284E-02    0.00000E+00    8.22911E-02
 3.11546E-05    1.55008E-02    0.00000E+00    8.90242E-02
 3.11559E-05    1.67656E-02    0.00000E+00    9.62880E-02
 3.11572E-05    1.81300E-02    0.00000E+00    1.04125E-01
 3.11584E-05    1.96014E-02    0.00000E+00    1.12575E-01
 3.11597E-05    2.11879E-02    0.00000E+00    1.21686E-01
 3.11610E-05    2.28979E-02    0.00000E+00    1.31507E-01
 3.11623E-05    2.47409E-02    0.00000E+00    1.42092E-01
 3.11636E-05    2.67264E-02    0.00000E+00    1.53495E-01
 3.11649E-05    2.88653E-02    0.00000E+00    1.65779E-01
 3.11662E-05    3.11683E-02    0.00000E+00    1.79006E-01
 3.11675E-05    3.36485E-02    0.00000E+00    1.93250E-01
 3.11687E-05    3.63178E-02    0.00000E+00    2.08581E-01
 3.11700E-05    3.91905E-02    0.00000E+00    2.25079E-01
 3.11713E-05    4.22810E-02    0.00000E+00    2.42828E-01
 3.11726E-05    4.56054E-02    0.00000E+00    2.61921E-01
 3.11739E-05    4.91803E-02    0.00000E+00    2.82453E-01
 3.11752E-05    5.30240E-02    0.00000E+00    3.04528E-01
 3.11765E-05    5.71550E-02    0.00000E+00    3.28253E-01
 3.11777E-05    6.15948E-02    0.00000E+00    3.53752E-01
 3.11790E-05    6.63643E-02    0.00000E+00    3.81144E-01
 3.11803E-05    7.14874E-02    0.00000E+00    4.10567E-01
 3.11816E-05    7.69889E-02    0.00000E+00    4.42163E-01
 3.11829E-05    8.28956E-02    0.00000E+00    4.76087E-01
 3.11842E-05    8.92352E-02    0.00000E+00    5.12496E-01
 3.11855E-05    9.60383E-02    0.00000E+00    5.51568E-01
 3.11867E-05    1.03336E-01    0.00000E+00    5.93481E-01
 3.11880E-05    1.11165E-01    0.00000E+00    6.38445E-01
 3.11893E-05    1.19560E-01    0.00000E+00    6.86655E-01
 3.11906E-05    1.28559E-01    0.00000E+00    7.38341E-01
 3.11919E-05    1.38205E-01    0.00000E+00    7.93737E-01
 3.11932E-05    1.48541E-01    0.00000E+00    8.53100E-01
 3.11945E-05    1.59614E-01    0.00000E+00    9.16697E-01
 3.11957E-05    1.71475E-01    0.00000E+00    9.84817E-01
 3.11970E-05    1.84174E-01    0.00000E+00    1.05775E+00
 3.11983E-05    1.97772E-01    0.00000E+00    1.13584E+00
 3.11996E-05    2.12323E-01    0.00000E+00    1.21942E+00
 3.12009E-05    2.27895E-01    0.00000E+00    1.30885E+00
 3.12022E-05    2.44553E-01    0.00000E+00    1.40452E+00
 3.12035E-05    2.62370E-01    0.00000E+00    1.50685E+00
 3.12047E-05    2.81421E-01    0.00000E+00    1.61626E+00
 3.12060E-05    3.01788E-01    0.00000E+00    1.73323E+00
 3.12073E-05    3.23554E-01    0.00000E+00    1.85823E+00
 3.12086E-05    3.46815E-01    0.00000E+00    1.99183E+00
 3.12099E-05    3.71662E-01    0.00000E+00    2.13453E+00
 3.12112E-05    3.98201E-01    0.00000E+00    2.28695E+00
 3.12125E-05    4.26536E-01    0.00000E+00    2.44969E+00
 3.12142E-05    4.67314E-01    0.00000E+00    2.68388E+00
 3.12159E-05    5.11787E-01    0.00000E+00    2.93930E+00
 3.12176E-05    5.60266E-01    0.00000E+00    3.21772E+00
 3.12193E-05    6.13093E-01    0.00000E+00    3.52112E+00
 3.12210E-05    6.70628E-01    0.00000E+00    3.85155E+00
 3.12227E-05    7.33275E-01    0.00000E+00    4.21135E+00
 3.12245E-05    8.01450E-01    0.00000E+00    4.60289E+00
 3.12262E-05    8.75615E-01    0.00000E+00    5.02883E+00
 3.12279E-05    9.56254E-01    0.00000E+00    5.49196E+00
 3.12296E-05    1.04391E+00    0.00000E+00    5.99538E+00
 3.12313E-05    1.13914E+00    0.00000E+00    6.54229E+00
 3.12330E-05    1.24256E+00    0.00000E+00    7.13625E+00
 3.12347E-05    1.35482E+00    0.00000E+00    7.78099E+00
 3.12365E-05    1.47664E+00    0.00000E+00    8.48065E+00
 3.12382E-05    1.60877E+00    0.00000E+00    9.23948E+00
 3.12399E-05    1.75202E+00    0.00000E+00    1.00622E+01
 3.12416E-05    1.90726E+00    0.00000E+00    1.09538E+01
 3.12433E-05    2.07544E+00    0.00000E+00    1.19197E+01
 3.12450E-05    2.25753E+00    0.00000E+00    1.29655E+01
 3.12467E-05    2.45463E+00    0.00000E+00    1.40975E+01
 3.12485E-05    2.66786E+00    0.00000E+00    1.53221E+01
 3.12502E-05    2.89848E+00    0.00000E+00    1.66466E+01
 3.12519E-05    3.14777E+00    0.00000E+00    1.80783E+01
 3.12536E-05    3.41715E+00    0.00000E+00    1.96254E+01
 3.12553E-05    3.70808E+00    0.00000E+00    2.12963E+01
 3.12570E-05    4.02221E+00    0.00000E+00    2.31004E+01
 3.12588E-05    4.36120E+00    0.00000E+00    2.50473E+01
 3.12605E-05    4.72688E+00    0.00000E+00    2.71475E+01
 3.12622E-05    5.12118E+00    0.00000E+00    2.94120E+01
 3.12639E-05    5.54619E+00    0.00000E+00    3.18529E+01
 3.12656E-05    6.00408E+00    0.00000E+00    3.44826E+01
 3.12673E-05    6.49720E+00    0.00000E+00    3.73148E+01
 3.12690E-05    7.02800E+00    0.00000E+00    4.03633E+01
 3.12708E-05    7.59920E+00    0.00000E+00    4.36438E+01
 3.12725E-05    8.21354E+00    0.00000E+00    4.71721E+01
 3.12742E-05    8.87405E+00    0.00000E+00    5.09655E+01
 3.12759E-05    9.58384E+00    0.00000E+00    5.50420E+01
 3.12776E-05    1.03464E+01    0.00000E+00    5.94215E+01
 3.12793E-05    1.11652E+01    0.00000E+00    6.41239E+01
 3.12810E-05    1.20440E+01    0.00000E+00    6.91712E+01
 3.12828E-05    1.29868E+01    0.00000E+00    7.45861E+01
 3.12845E-05    1.39980E+01    0.00000E+00    8.03936E+01
 3.12862E-05    1.50820E+01    0.00000E+00    8.66188E+01
 3.12879E-05    1.62434E+01    0.00000E+00    9.32894E+01
 3.12896E-05    1.74874E+01    0.00000E+00    1.00434E+02
 3.12913E-05    1.88194E+01    0.00000E+00    1.08084E+02
 3.12930E-05    2.02448E+01    0.00000E+00    1.16270E+02
 3.12948E-05    2.17696E+01    0.00000E+00    1.25027E+02
 3.12965E-05    2.34000E+01    0.00000E+00    1.34391E+02
 3.12982E-05    2.51427E+01    0.00000E+00    1.44400E+02
 3.12999E-05    2.70046E+01    0.00000E+00    1.55093E+02
 3.13016E-05    2.89930E+01    0.00000E+00    1.66513E+02
 3.13033E-05    3.11155E+01    0.00000E+00    1.78703E+02
 3.13050E-05    3.33806E+01    0.00000E+00    1.91711E+02
 3.13068E-05    3.57964E+01    0.00000E+00    2.05586E+02
 3.13085E-05    3.83721E+01    0.00000E+00    2.20379E+02
 3.13102E-05    4.11170E+01    0.00000E+00    2.36143E+02
 3.13119E-05    4.40412E+01    0.00000E+00    2.52938E+02
 3.13136E-05    4.71549E+01    0.00000E+00    2.70820E+02
 3.13153E-05    5.04691E+01    0.00000E+00    2.89854E+02
 3.13170E-05    5.39949E+01    0.00000E+00    3.10104E+02
 3.13188E-05    5.77451E+01    0.00000E+00    3.31642E+02
 3.13205E-05    6.17314E+01    0.00000E+00    3.54536E+02
 3.13222E-05    6.59674E+01    0.00000E+00    3.78864E+02
 3.13239E-05    7.04665E+01    0.00000E+00    4.04703E+02
 3.13265E-05    7.77409E+01    0.00000E+00    4.46482E+02
 3.13290E-05    8.56911E+01    0.00000E+00    4.92142E+02
 3.13316E-05    9.43724E+01    0.00000E+00    5.42000E+02
 3.13342E-05    1.03843E+02    0.00000E+00    5.96391E+02
 3.13368E-05    1.14165E+02    0.00000E+00    6.55672E+02
 3.13393E-05    1.25404E+02    0.00000E+00    7.20219E+02
 3.13419E-05    1.37630E+02    0.00000E+00    7.90437E+02
 3.13445E-05    1.50917E+02    0.00000E+00    8.66745E+02
 3.13470E-05    1.65345E+02    0.00000E+00    9.49609E+02
 3.13496E-05    1.80995E+02    0.00000E+00    1.03949E+03
 3.13522E-05    1.97956E+02    0.00000E+00    1.13690E+03
 3.13548E-05    2.16321E+02    0.00000E+00    1.24237E+03
 3.13573E-05    2.36186E+02    0.00000E+00    1.35646E+03
 3.13599E-05    2.57655E+02    0.00000E+00    1.47976E+03
 3.13625E-05    2.80835E+02    0.00000E+00    1.61289E+03
 3.13651E-05    3.05837E+02    0.00000E+00    1.75649E+03
 3.13676E-05    3.32784E+02    0.00000E+00    1.91124E+03
 3.13702E-05    3.61794E+02    0.00000E+00    2.07786E+03
 3.13728E-05    3.93000E+02    0.00000E+00    2.25708E+03
 3.13753E-05    4.26534E+02    0.00000E+00    2.44967E+03
 3.13779E-05    4.62539E+02    0.00000E+00    2.65645E+03
 3.13805E-05    5.01157E+02    0.00000E+00    2.87825E+03
 3.13831E-05    5.42542E+02    0.00000E+00    3.11593E+03
 3.13856E-05    5.86846E+02    0.00000E+00    3.37038E+03
 3.13882E-05    6.34241E+02    0.00000E+00    3.64257E+03
 3.13908E-05    6.84884E+02    0.00000E+00    3.93343E+03
 3.13933E-05    7.38951E+02    0.00000E+00    4.24395E+03
 3.13959E-05    7.96619E+02    0.00000E+00    4.57515E+03
 3.13985E-05    8.58072E+02    0.00000E+00    4.92808E+03
 3.14011E-05    9.23495E+02    0.00000E+00    5.30382E+03
 3.14045E-05    1.01723E+03    0.00000E+00    5.84218E+03
 3.14079E-05    1.11884E+03    0.00000E+00    6.42571E+03
 3.14113E-05    1.22878E+03    0.00000E+00    7.05713E+03
 3.14148E-05    1.34755E+03    0.00000E+00    7.73926E+03
 3.14182E-05    1.47565E+03    0.00000E+00    8.47495E+03
 3.14216E-05    1.61357E+03    0.00000E+00    9.26706E+03
 3.14251E-05    1.76182E+03    0.00000E+00    1.01185E+04
 3.14285E-05    1.92092E+03    0.00000E+00    1.10322E+04
 3.14319E-05    2.09136E+03    0.00000E+00    1.20111E+04
 3.14353E-05    2.27366E+03    0.00000E+00    1.30581E+04
 3.14388E-05    2.46832E+03    0.00000E+00    1.41761E+04
 3.14422E-05    2.67583E+03    0.00000E+00    1.53679E+04
 3.14456E-05    2.89668E+03    0.00000E+00    1.66362E+04
 3.14491E-05    3.13132E+03    0.00000E+00    1.79838E+04
 3.14525E-05    3.38021E+03    0.00000E+00    1.94132E+04
 3.14559E-05    3.64376E+03    0.00000E+00    2.09269E+04
 3.14594E-05    3.92240E+03    0.00000E+00    2.25271E+04
 3.14645E-05    4.36942E+03    0.00000E+00    2.50945E+04
 3.14696E-05    4.85231E+03    0.00000E+00    2.78678E+04
 3.14748E-05    5.37201E+03    0.00000E+00    3.08526E+04
 3.14799E-05    5.92924E+03    0.00000E+00    3.40529E+04
 3.14851E-05    6.52448E+03    0.00000E+00    3.74714E+04
 3.14902E-05    7.15795E+03    0.00000E+00    4.11096E+04
 3.14954E-05    7.82958E+03    0.00000E+00    4.49669E+04
 3.15005E-05    8.53908E+03    0.00000E+00    4.90417E+04
 3.15074E-05    9.54271E+03    0.00000E+00    5.48058E+04
 3.15142E-05    1.06099E+04    0.00000E+00    6.09351E+04
 3.15228E-05    1.20280E+04    0.00000E+00    6.90795E+04
 3.15296E-05    1.32242E+04    0.00000E+00    7.59492E+04
 3.15399E-05    1.51077E+04    0.00000E+00    8.67666E+04
 3.15529E-05    1.75966E+04    0.00000E+00    1.01061E+05
 3.15923E-05    2.54484E+04    0.00000E+00    1.41025E+05
 3.16062E-05    2.80899E+04    0.00000E+00    1.55663E+05
 3.16202E-05    3.05559E+04    0.00000E+00    1.69329E+05
 3.16341E-05    3.27965E+04    0.00000E+00    1.81745E+05
 3.16410E-05    3.38210E+04    0.00000E+00    1.87422E+05
 3.16550E-05    3.56651E+04    0.00000E+00    1.97642E+05
 3.16689E-05    3.72306E+04    0.00000E+00    2.06317E+05
 3.16828E-05    3.85237E+04    0.00000E+00    2.13483E+05
 3.16967E-05    3.95632E+04    0.00000E+00    2.19243E+05
 3.17106E-05    4.03762E+04    0.00000E+00    2.23748E+05
 3.17246E-05    4.09947E+04    0.00000E+00    2.27176E+05
 3.17454E-05    4.16309E+04    0.00000E+00    2.30702E+05
 3.17663E-05    4.20110E+04    0.00000E+00    2.32808E+05
 3.17941E-05    4.22684E+04    0.00000E+00    2.34235E+05
 3.18498E-05    4.24036E+04    0.00000E+00    2.34984E+05
 3.18637E-05    4.24076E+04    0.00000E+00    2.35006E+05
 9.99391E-05    1.61227E+04    0.00000E+00    8.93452E+04
 1.00290E-04    1.60744E+04    0.00000E+00    8.90779E+04
 2.00000E-04    1.13903E+04    0.00000E+00    6.31207E+04
 3.00000E-04    9.31255E+03    0.00000E+00    5.16064E+04
 6.00000E-04    6.61669E+03    0.00000E+00    3.66670E+04
 1.00000E-03    5.16167E+03    0.00000E+00    2.86039E+04
 2.00000E-03    3.71929E+03    0.00000E+00    1.95745E+04
 3.00000E-03    3.09608E+03    0.00000E+00    1.62946E+04
 6.00000E-03    2.31962E+03    0.00000E+00    9.79202E+03
 1.00000E-02    1.93478E+03    0.00000E+00    8.16747E+03
 2.00000E-02    1.61519E+03    0.00000E+00    6.81836E+03
 3.00000E-02    1.52040E+03    0.00000E+00    3.29794E+03
 6.00000E-02    1.49299E+03    0.00000E+00    3.23847E+03
 1.05764E-01    1.56982E+03    0.00000E+00    3.40513E+03
 1.68074E-01    1.66279E+03    0.00000E+00    3.60680E+03
 2.01411E-01    1.71927E+03    6.06101E+02    2.83244E+03
 2.97487E-01    1.80838E+03    6.37516E+02    2.97925E+03
 4.02822E-01    1.86016E+03    6.55769E+02    3.06455E+03
 5.40063E-01    1.89166E+03    6.66876E+02    3.11645E+03
 6.00000E-01    1.90332E+03    1.12218E+03    2.68447E+03
 6.03063E-01    1.90326E+03    1.12214E+03    2.68437E+03
 7.09876E-01    1.93785E+03    1.14254E+03    2.73317E+03
 8.05643E-01    1.98626E+03    1.17108E+03    2.80144E+03
 9.06349E-01    2.06252E+03    1.21604E+03    2.90899E+03
 1.00000E+00    2.15808E+03    1.61824E+03    2.69791E+03
 1.21128E+00    2.45488E+03    1.84079E+03    3.06896E+03
 1.40630E+00    2.76071E+03    2.07012E+03    3.45129E+03
 1.60000E+00    3.00101E+03    2.25031E+03    3.75170E+03
 1.80000E+00    3.12452E+03    2.37455E+03    3.87450E+03
 2.00000E+00    3.13891E+03    2.38549E+03    3.89234E+03
 2.21552E+00    3.08122E+03    2.34164E+03    3.82080E+03
 2.70000E+00    2.88434E+03    2.30930E+03    3.45939E+03
 2.85014E+00    2.83158E+03    2.26705E+03    3.39610E+03
 3.04232E+00    2.77736E+03    2.22364E+03    3.33108E+03
 3.24515E+00    2.73507E+03    2.18978E+03    3.28035E+03
 3.60000E+00    2.68297E+03    2.14807E+03    3.21787E+03
 4.28884E+00    2.58586E+03    2.07032E+03    3.10139E+03
 4.83319E+00    2.50839E+03    2.12688E+03    2.88989E+03
 5.20000E+00    2.47133E+03    2.09546E+03    2.84720E+03
 5.46176E+00    2.45531E+03    2.08188E+03    2.82875E+03
 5.60000E+00    2.45320E+03    2.08009E+03    2.82631E+03
 5.92332E+00    2.45737E+03    2.08363E+03    2.83112E+03
 6.29992E+00    2.47987E+03    2.10270E+03    2.85704E+03
 6.84797E+00    2.53572E+03    2.10987E+03    2.96156E+03
 7.50440E+00    2.60478E+03    2.16733E+03    3.04222E+03
 7.95449E+00    2.63619E+03    2.19347E+03    3.07891E+03
 8.50000E+00    2.65264E+03    2.20716E+03    3.09812E+03
 9.25746E+00    2.64741E+03    2.18589E+03    3.10892E+03
 1.00000E+01    2.63306E+03    2.17404E+03    3.09207E+03
 1.01411E+01    2.63089E+03    2.17225E+03    3.08952E+03
 1.02750E+01    2.62883E+03    2.17055E+03    3.08710E+03
 1.04200E+01    2.62660E+03    2.16871E+03    3.08449E+03
 1.04230E+01    2.62655E+03    2.16867E+03    3.08443E+03
 1.05000E+01    2.62537E+03    2.16770E+03    3.08304E+03
 1.06431E+01    2.62448E+03    2.16696E+03    3.08199E+03
 1.07933E+01    2.62354E+03    2.16618E+03    3.08089E+03
 1.09455E+01    2.62258E+03    2.16540E+03    3.07977E+03
 1.09962E+01    2.62227E+03    2.16513E+03    3.07940E+03
 1.10000E+01    2.62224E+03    2.16511E+03    3.07937E+03
 1.11552E+01    2.62263E+03    2.16544E+03    3.07983E+03
 1.12108E+01    2.62277E+03    2.16555E+03    3.07999E+03
 1.12868E+01    2.62297E+03    2.16571E+03    3.08022E+03
 1.14460E+01    2.62337E+03    2.16604E+03    3.08069E+03
 1.15000E+01    2.62350E+03    2.16615E+03    3.08085E+03
 1.16622E+01    2.62475E+03    2.16719E+03    3.08232E+03
 1.18268E+01    2.62602E+03    2.16823E+03    3.08380E+03
 1.19847E+01    2.62723E+03    2.16924E+03    3.08523E+03
 1.20000E+01    2.62735E+03    2.16933E+03    3.08537E+03
 1.20253E+01    2.62710E+03    2.16913E+03    3.08508E+03
 1.20709E+01    2.62665E+03    2.16875E+03    3.08455E+03
 1.21124E+01    2.62624E+03    2.16841E+03    3.08406E+03
 1.21214E+01    2.62615E+03    2.16834E+03    3.08396E+03
 1.21370E+01    2.62636E+03    2.16851E+03    3.08420E+03
 1.23082E+01    2.62865E+03    2.17040E+03    3.08689E+03
 1.23280E+01    2.62891E+03    2.17062E+03    3.08720E+03
 1.25000E+01    2.63121E+03    2.17252E+03    3.08990E+03
 1.25410E+01    2.63134E+03    2.17263E+03    3.09006E+03
 1.26676E+01    2.63175E+03    2.17296E+03    3.09053E+03
 1.28463E+01    2.63232E+03    2.17343E+03    3.09120E+03
 1.28776E+01    2.63242E+03    2.17352E+03    3.09132E+03
 1.29240E+01    2.63257E+03    2.17364E+03    3.09149E+03
 1.30000E+01    2.63281E+03    2.21066E+03    3.05496E+03
 1.30902E+01    2.63246E+03    2.21037E+03    3.05455E+03
 1.32749E+01    2.63174E+03    2.20976E+03    3.05372E+03
 1.34622E+01    2.63101E+03    2.20915E+03    3.05287E+03
 1.35000E+01    2.63086E+03    2.20903E+03    3.05270E+03
 1.35213E+01    2.63063E+03    2.20883E+03    3.05243E+03
 1.35797E+01    2.62997E+03    2.20828E+03    3.05167E+03
 1.36448E+01    2.62925E+03    2.20767E+03    3.05082E+03
 1.38373E+01    2.62709E+03    2.20586E+03    3.04833E+03
 1.40000E+01    2.62527E+03    2.20433E+03    3.04621E+03
 1.41941E+01    2.62200E+03    2.20158E+03    3.04241E+03
 1.43469E+01    2.61942E+03    2.19941E+03    3.03942E+03
 1.43715E+01    2.61900E+03    2.19907E+03    3.03894E+03
 1.43815E+01    2.61883E+03    2.19892E+03    3.03874E+03
 1.45000E+01    2.61683E+03    2.19724E+03    3.03642E+03
 1.45625E+01    2.61559E+03    2.19620E+03    3.03498E+03
 1.47680E+01    2.61150E+03    2.19276E+03    3.03023E+03
 1.47755E+01    2.61134E+03    2.19264E+03    3.03005E+03
 1.49021E+01    2.60882E+03    2.19052E+03    3.02713E+03
 1.50000E+01    2.60687E+03    2.18888E+03    3.02486E+03
 1.51386E+01    2.60424E+03    2.18667E+03    3.02181E+03
 1.53522E+01    2.60018E+03    2.18326E+03    3.01709E+03
 1.55000E+01    2.59736E+03    2.18090E+03    3.01383E+03
 1.56617E+01    2.59429E+03    2.17832E+03    3.01026E+03
 1.57930E+01    2.59179E+03    2.17622E+03    3.00736E+03
 1.60000E+01    2.58785E+03    2.08078E+03    3.09492E+03
 1.62257E+01    2.58534E+03    2.07877E+03    3.09192E+03
 1.62560E+01    2.58501E+03    2.07850E+03    3.09152E+03
 1.64286E+01    2.58309E+03    2.07695E+03    3.08923E+03
 1.65000E+01    2.58230E+03    2.07631E+03    3.08828E+03
 1.66029E+01    2.58115E+03    2.07540E+03    3.08691E+03
 1.67970E+01    2.57900E+03    2.07366E+03    3.08433E+03
 1.69283E+01    2.57754E+03    2.07249E+03    3.08259E+03
 1.70000E+01    2.57674E+03    2.07185E+03    3.08163E+03
 1.70100E+01    2.57673E+03    2.07184E+03    3.08162E+03
 1.71296E+01    2.57664E+03    2.07176E+03    3.08151E+03
 1.73713E+01    2.57644E+03    2.07161E+03    3.08128E+03
 1.75000E+01    2.57634E+03    2.07153E+03    3.08116E+03
 1.75380E+01    2.57631E+03    2.07150E+03    3.08112E+03
 1.75433E+01    2.57631E+03    2.07150E+03    3.08111E+03
 1.76105E+01    2.57625E+03    2.07146E+03    3.08105E+03
 1.76304E+01    2.57624E+03    2.07144E+03    3.08103E+03
 1.78097E+01    2.57610E+03    2.07133E+03    3.08086E+03
 1.80000E+01    2.57629E+03    2.07149E+03    3.08109E+03
 1.80275E+01    2.57650E+03    2.07165E+03    3.08134E+03
 1.82818E+01    2.57843E+03    2.07321E+03    3.08366E+03
 1.83104E+01    2.57865E+03    2.07338E+03    3.08391E+03
 1.84221E+01    2.57950E+03    2.07406E+03    3.08493E+03
 1.85000E+01    2.58009E+03    2.07454E+03    3.08564E+03
 1.87610E+01    2.58207E+03    2.07613E+03    3.08801E+03
 1.88374E+01    2.58265E+03    2.07660E+03    3.08870E+03
 1.90000E+01    2.58389E+03    2.07759E+03    3.09018E+03
 1.91628E+01    2.58547E+03    2.07887E+03    3.09207E+03
 1.92092E+01    2.58592E+03    2.07923E+03    3.09261E+03
 1.93641E+01    2.58743E+03    2.08044E+03    3.09442E+03
 1.93754E+01    2.58754E+03    2.08053E+03    3.09455E+03
 1.95000E+01    2.58876E+03    2.08151E+03    3.09600E+03
 1.96046E+01    2.58978E+03    2.08233E+03    3.09722E+03
 1.97778E+01    2.59146E+03    2.08368E+03    3.09924E+03
 1.98351E+01    2.59202E+03    2.08413E+03    3.09991E+03
 1.98649E+01    2.59231E+03    2.08437E+03    3.10025E+03
 2.00000E+01    2.59363E+03    2.09609E+03    3.09116E+03
 2.02822E+01    2.59522E+03    2.09738E+03    3.09306E+03
 2.05683E+01    2.59683E+03    2.09868E+03    3.09498E+03
 2.08585E+01    2.59847E+03    2.10000E+03    3.09693E+03
 2.10000E+01    2.59926E+03    2.10065E+03    3.09788E+03
 2.12963E+01    2.59863E+03    2.10014E+03    3.09713E+03
 2.15967E+01    2.59800E+03    2.09963E+03    3.09637E+03
 2.19014E+01    2.59735E+03    2.09910E+03    3.09560E+03
 2.20000E+01    2.59714E+03    2.09893E+03    3.09535E+03
 2.23104E+01    2.59431E+03    2.09665E+03    3.09198E+03
 2.26251E+01    2.59144E+03    2.09433E+03    3.08856E+03
 2.29443E+01    2.58854E+03    2.09198E+03    3.08509E+03
 2.30000E+01    2.58803E+03    2.09157E+03    3.08449E+03
 2.33245E+01    2.58407E+03    2.08837E+03    3.07977E+03
 2.36536E+01    2.58005E+03    2.08512E+03    3.07498E+03
 2.39873E+01    2.57598E+03    2.08183E+03    3.07012E+03
 2.40000E+01    2.57582E+03    2.05861E+03    3.09303E+03
 2.43386E+01    2.57205E+03    2.05560E+03    3.08850E+03
 2.46820E+01    2.56822E+03    2.05254E+03    3.08390E+03
 2.50000E+01    2.56467E+03    2.04970E+03    3.07964E+03
 2.53527E+01    2.56134E+03    2.04704E+03    3.07565E+03
 2.57104E+01    2.55797E+03    2.04435E+03    3.07159E+03
 2.60000E+01    2.55523E+03    2.04216E+03    3.06831E+03
 2.63668E+01    2.55042E+03    2.03831E+03    3.06253E+03
 2.67388E+01    2.54554E+03    2.03441E+03    3.05667E+03
 2.70000E+01    2.54211E+03    2.03167E+03    3.05255E+03
 2.73809E+01    2.53139E+03    2.02310E+03    3.03968E+03
 2.77672E+01    2.52052E+03    2.01442E+03    3.02663E+03
 2.80000E+01    2.51397E+03    1.97886E+03    3.04909E+03
 2.83950E+01    2.49346E+03    1.96271E+03    3.02421E+03
 2.87956E+01    2.47267E+03    1.94634E+03    2.99899E+03
 2.90000E+01    2.46206E+03    1.93799E+03    2.98612E+03
 2.94091E+01    2.42993E+03    1.91270E+03    2.94715E+03
 2.98240E+01    2.39734E+03    1.88705E+03    2.90763E+03
 3.00000E+01    2.38352E+03    1.87618E+03    2.89087E+03
 3.04232E+01    2.44948E+03    1.92809E+03    2.97086E+03
 3.08525E+01    2.51636E+03    1.98074E+03    3.05198E+03
 3.10000E+01    2.53935E+03    1.99883E+03    3.07987E+03
 3.14374E+01    2.53587E+03    1.99609E+03    3.07564E+03
 3.18809E+01    2.53234E+03    1.99331E+03    3.07136E+03
 3.20000E+01    2.53139E+03    1.99257E+03    3.07021E+03
 3.24515E+01    2.52689E+03    1.98903E+03    3.06476E+03
 3.29093E+01    2.52233E+03    1.98544E+03    3.05923E+03
 3.30000E+01    2.52143E+03    1.98473E+03    3.05813E+03
 3.34656E+01    2.51679E+03    1.98108E+03    3.05251E+03
 3.39377E+01    2.51209E+03    1.97738E+03    3.04681E+03
 3.40000E+01    2.51147E+03    1.97689E+03    3.04605E+03
 3.44797E+01    2.50752E+03    1.97378E+03    3.04126E+03
 3.49661E+01    2.50351E+03    1.97062E+03    3.03640E+03
 3.50000E+01    2.50323E+03    1.97040E+03    3.03606E+03
 3.54938E+01    2.49916E+03    1.96720E+03    3.03112E+03
 3.59945E+01    2.49503E+03    1.96395E+03    3.02612E+03
 3.60000E+01    2.49499E+03    1.96392E+03    3.02606E+03
 3.65079E+01    2.49141E+03    1.96110E+03    3.02172E+03
 3.70000E+01    2.48794E+03    1.95837E+03    3.01751E+03
 3.75220E+01    2.48425E+03    1.95546E+03    3.01304E+03
 3.80000E+01    2.48088E+03    1.95281E+03    3.00895E+03
 3.85361E+01    2.47670E+03    1.94952E+03    3.00388E+03
 3.90000E+01    2.47308E+03    1.94667E+03    2.99949E+03
 3.95502E+01    2.46879E+03    1.94330E+03    2.99429E+03
 4.00000E+01    2.46529E+03    1.94054E+03    2.99004E+03
 4.05643E+01    2.46034E+03    1.93664E+03    2.98404E+03
 4.10000E+01    2.45652E+03    1.93363E+03    2.97941E+03
 4.15784E+01    2.45145E+03    1.92964E+03    2.97325E+03
 4.20000E+01    2.44775E+03    1.92673E+03    2.96877E+03
 4.25925E+01    2.44254E+03    1.92263E+03    2.96245E+03
 4.30000E+01    2.43896E+03    1.91981E+03    2.95811E+03
 4.36067E+01    2.43363E+03    1.91562E+03    2.95165E+03
 4.40000E+01    2.43018E+03    1.91290E+03    2.94746E+03
 4.46208E+01    2.42504E+03    1.90885E+03    2.94123E+03
 4.50000E+01    2.42190E+03    1.90638E+03    2.93742E+03
 4.56349E+01    2.41664E+03    1.90224E+03    2.93103E+03
 4.60000E+01    2.41361E+03    1.89986E+03    2.92736E+03
 4.66490E+01    2.40844E+03    1.89579E+03    2.92109E+03
 4.70000E+01    2.40564E+03    1.89358E+03    2.91770E+03
 4.76631E+01    2.40035E+03    1.88942E+03    2.91128E+03
 4.80000E+01    2.39766E+03    1.88730E+03    2.90802E+03
 4.86772E+01    2.39228E+03    1.88307E+03    2.90150E+03
 4.90000E+01    2.38972E+03    1.88105E+03    2.89839E+03
 4.96913E+01    2.38423E+03    1.87673E+03    2.89173E+03
 5.00000E+01    2.38178E+03    1.87480E+03    2.88876E+03
 5.07054E+01    2.37619E+03    1.87040E+03    2.88198E+03
 5.10000E+01    2.37386E+03    1.86857E+03    2.87915E+03
 5.17195E+01    2.36816E+03    1.86408E+03    2.87224E+03
 5.20000E+01    2.36594E+03    1.86233E+03    2.86955E+03
 5.27336E+01    2.36025E+03    1.85786E+03    2.86265E+03
 5.30000E+01    2.35819E+03    1.85623E+03    2.86015E+03
 5.37477E+01    2.35239E+03    1.85167E+03    2.85311E+03
 5.40000E+01    2.35043E+03    1.85013E+03    2.85073E+03
 5.47618E+01    2.34471E+03    1.84562E+03    2.84379E+03
 5.50000E+01    2.34292E+03    1.84421E+03    2.84163E+03
 5.57760E+01    2.33709E+03    1.83963E+03    2.83456E+03
 5.60000E+01    2.33541E+03    1.83830E+03    2.83252E+03
 5.67901E+01    2.32967E+03    1.83378E+03    2.82555E+03
 5.70000E+01    2.32814E+03    1.83258E+03    2.82370E+03
 5.78042E+01    2.32229E+03    1.82798E+03    2.81661E+03
 5.80000E+01    2.32087E+03    1.82686E+03    2.81488E+03
 5.88183E+01    2.31508E+03    1.82230E+03    2.80786E+03
 5.90000E+01    2.31379E+03    1.82128E+03    2.80630E+03
 5.98324E+01    2.30790E+03    1.81665E+03    2.79915E+03
 6.00000E+01    2.30671E+03    1.81571E+03    2.79771E+03
 6.08465E+01    2.30100E+03    1.81121E+03    2.79078E+03
 6.10000E+01    2.29996E+03    1.81040E+03    2.78952E+03
 6.18606E+01    2.29415E+03    1.80583E+03    2.78248E+03
 6.20000E+01    2.29321E+03    1.80508E+03    2.78134E+03
 6.28747E+01    2.28730E+03    1.80043E+03    2.77416E+03
 6.30000E+01    2.28645E+03    1.79976E+03    2.77314E+03
 6.38888E+01    2.28045E+03    1.79504E+03    2.76586E+03
 6.40000E+01    2.27970E+03    1.79445E+03    2.76495E+03
 6.49029E+01    2.27361E+03    1.78965E+03    2.75756E+03
 6.50000E+01    2.27295E+03    1.78914E+03    2.75676E+03
 6.59170E+01    2.26721E+03    1.78462E+03    2.74980E+03
 6.60000E+01    2.26669E+03    1.78421E+03    2.74917E+03
 6.69311E+01    2.26086E+03    1.77962E+03    2.74210E+03
 6.70000E+01    2.26043E+03    1.77928E+03    2.74158E+03
 6.79453E+01    2.25452E+03    1.77463E+03    2.73441E+03
 6.80000E+01    2.25418E+03    1.77436E+03    2.73400E+03
 6.89594E+01    2.24817E+03    1.76964E+03    2.72671E+03
 6.90000E+01    2.24792E+03    1.76943E+03    2.72640E+03
 6.99735E+01    2.24183E+03    1.76464E+03    2.71901E+03
 7.00000E+01    2.24166E+03    1.76451E+03    2.71881E+03
 7.09876E+01    2.23593E+03    1.76000E+03    2.71187E+03
 7.10000E+01    2.23586E+03    1.75994E+03    2.71178E+03
 7.20000E+01    2.23006E+03    1.75538E+03    2.70474E+03
 7.30000E+01    2.22426E+03    1.75081E+03    2.69771E+03
 7.40000E+01    2.21846E+03    1.74625E+03    2.69067E+03
 7.50000E+01    2.21266E+03    1.74168E+03    2.68364E+03
 7.60000E+01    2.20729E+03    1.73745E+03    2.67713E+03
 7.70000E+01    2.20191E+03    1.73322E+03    2.67060E+03
 7.80000E+01    2.19654E+03    1.72899E+03    2.66409E+03
 7.90000E+01    2.19116E+03    1.72476E+03    2.65756E+03
 8.00000E+01    2.18579E+03    1.72053E+03    2.65105E+03
 8.10000E+01    2.18098E+03    1.71674E+03    2.64522E+03
 8.20000E+01    2.17618E+03    1.71297E+03    2.63939E+03
 8.30000E+01    2.17137E+03    1.70918E+03    2.63356E+03
 8.40000E+01    2.16656E+03    1.70539E+03    2.62773E+03
 8.50000E+01    2.16175E+03    1.70161E+03    2.62189E+03
 8.60000E+01    2.15695E+03    1.69783E+03    2.61607E+03
 8.70000E+01    2.15214E+03    1.69404E+03    2.61024E+03
 8.80000E+01    2.14733E+03    1.69026E+03    2.60440E+03
 8.90000E+01    2.14253E+03    1.68648E+03    2.59858E+03
 9.00000E+01    2.13772E+03    1.68269E+03    2.59275E+03
 9.10000E+01    2.13356E+03    1.67942E+03    2.58770E+03
 9.20000E+01    2.12939E+03    1.67614E+03    2.58264E+03
 9.30000E+01    2.12523E+03    1.67286E+03    2.57760E+03
 9.40000E+01    2.12106E+03    1.66958E+03    2.57254E+03
 9.50000E+01    2.11690E+03    1.66630E+03    2.56750E+03
 9.60000E+01    2.11274E+03    1.66303E+03    2.56245E+03
 9.70000E+01    2.10857E+03    1.65975E+03    2.55739E+03
 9.80000E+01    2.10441E+03    1.65647E+03    2.55235E+03
 9.90000E+01    2.10024E+03    1.65319E+03    2.54729E+03
 1.00000E+02    2.09608E+03    1.64992E+03    2.54224E+03
 1.01411E+02    2.09094E+03    1.64587E+03    2.53602E+03
 1.02000E+02    2.08880E+03    1.64419E+03    2.53341E+03
 1.03439E+02    2.08356E+03    1.64006E+03    2.52706E+03
 1.04000E+02    2.08152E+03    1.63845E+03    2.52459E+03
 1.05467E+02    2.07619E+03    1.63426E+03    2.51812E+03
 1.06000E+02    2.07425E+03    1.63273E+03    2.51577E+03
 1.07495E+02    2.06881E+03    1.62845E+03    2.50917E+03
 1.08000E+02    2.06697E+03    1.62700E+03    2.50694E+03
 1.09524E+02    2.06142E+03    1.62264E+03    2.50021E+03
 1.10000E+02    2.05969E+03    1.62127E+03    2.49811E+03
 1.11552E+02    2.05472E+03    1.61736E+03    2.49208E+03
 1.12000E+02    2.05328E+03    1.61623E+03    2.49033E+03
 1.13580E+02    2.04821E+03    1.61223E+03    2.48418E+03
 1.14000E+02    2.04686E+03    1.61117E+03    2.48255E+03
 1.15608E+02    2.04171E+03    1.60711E+03    2.47630E+03
 1.16000E+02    2.04045E+03    1.60613E+03    2.47477E+03
 1.17637E+02    2.03520E+03    1.60199E+03    2.46840E+03
 1.18000E+02    2.03403E+03    1.60107E+03    2.46699E+03
 1.19665E+02    2.02869E+03    1.59687E+03    2.46052E+03
 1.20000E+02    2.02762E+03    1.59603E+03    2.45921E+03
 1.21693E+02    2.02279E+03    1.59222E+03    2.45335E+03
 1.22000E+02    2.02191E+03    1.59153E+03    2.45229E+03
 1.23721E+02    2.01700E+03    1.58767E+03    2.44634E+03
 1.24000E+02    2.01621E+03    1.58705E+03    2.44537E+03
 1.25749E+02    2.01122E+03    1.58312E+03    2.43932E+03
 1.26000E+02    2.01050E+03    1.58255E+03    2.43845E+03
 1.27778E+02    2.00543E+03    1.57856E+03    2.43230E+03
 1.28000E+02    2.00480E+03    1.57807E+03    2.43153E+03
 1.29806E+02    1.99964E+03    1.57401E+03    2.42528E+03
 1.30000E+02    1.99909E+03    1.57357E+03    2.42461E+03
 1.31834E+02    1.99440E+03    1.56988E+03    2.41893E+03
 1.32000E+02    1.99398E+03    1.56955E+03    2.41841E+03
 1.33862E+02    1.98921E+03    1.56580E+03    2.41263E+03
 1.34000E+02    1.98886E+03    1.56552E+03    2.41220E+03
 1.35891E+02    1.98403E+03    1.56172E+03    2.40634E+03
 1.36000E+02    1.98375E+03    1.56150E+03    2.40600E+03
 1.37919E+02    1.97884E+03    1.55763E+03    2.40005E+03
 1.38000E+02    1.97863E+03    1.55747E+03    2.39979E+03
 1.39947E+02    1.97366E+03    1.55355E+03    2.39376E+03
 1.40000E+02    1.97352E+03    1.55344E+03    2.39360E+03
 1.41975E+02    1.96896E+03    1.54985E+03    2.38806E+03
 1.42000E+02    1.96890E+03    1.54981E+03    2.38799E+03
 1.44000E+02    1.96428E+03    1.54617E+03    2.38239E+03
 1.46000E+02    1.95967E+03    1.54254E+03    2.37680E+03
 1.48000E+02    1.95505E+03    1.53890E+03    2.37120E+03
 1.50000E+02    1.95043E+03    1.53527E+03    2.36559E+03
 1.52000E+02    1.94623E+03    1.53196E+03    2.36050E+03
 1.54000E+02    1.94203E+03    1.52866E+03    2.35540E+03
 1.56000E+02    1.93782E+03    1.52534E+03    2.35030E+03
 1.58000E+02    1.93362E+03    1.52204E+03    2.34520E+03
 1.60000E+02    1.92942E+03    1.51873E+03    2.34011E+03
 1.62000E+02    1.92572E+03    1.51582E+03    2.33562E+03
 1.64000E+02    1.92203E+03    1.51291E+03    2.33115E+03
 1.66000E+02    1.91833E+03    1.51000E+03    2.32666E+03
 1.68000E+02    1.91464E+03    1.50710E+03    2.32218E+03
 1.70000E+02    1.91094E+03    1.50418E+03    2.31770E+03
 1.72000E+02    1.90724E+03    1.50127E+03    2.31321E+03
 1.74000E+02    1.90355E+03    1.49837E+03    2.30873E+03
 1.76000E+02    1.89985E+03    1.49545E+03    2.30425E+03
 1.78000E+02    1.89616E+03    1.49255E+03    2.29977E+03
 1.80000E+02    1.89246E+03    1.48964E+03    2.29528E+03
 1.82000E+02    1.88929E+03    1.48714E+03    2.29144E+03
 1.84000E+02    1.88612E+03    1.48465E+03    2.28759E+03
 1.86000E+02    1.88295E+03    1.48215E+03    2.28375E+03
 1.88000E+02    1.87978E+03    1.47966E+03    2.27990E+03
 1.90000E+02    1.87661E+03    1.47716E+03    2.27606E+03
 1.92000E+02    1.87345E+03    1.47467E+03    2.27223E+03
 1.94000E+02    1.87028E+03    1.47218E+03    2.26838E+03
 1.96000E+02    1.86711E+03    1.46968E+03    2.26454E+03
 1.98000E+02    1.86394E+03    1.46719E+03    2.26069E+03
 2.00000E+02    1.86077E+03    1.46469E+03    2.25685E+03
