# n + Ac226 : (n,nd)    
# tendl.2017 A.J. Koning and D. Rochman        EVAL-NOV17
# uncertainties: y
# # energies =    26
#   E(MeV)       xs(mb)       xslow(mb)      xsupp(mb)
 7.68652E+00    0.00000E+00   -0.00000E+00    0.00000E+00
 1.05000E+01    2.78202E-15    0.00000E+00    1.46774E-14
 1.10000E+01    1.45627E-12    0.00000E+00    7.68298E-12
 1.15000E+01    5.51008E-11    0.00000E+00    2.90700E-10
 1.20000E+01    1.59318E-09    0.00000E+00    8.40529E-09
 1.25000E+01    3.56307E-08    0.00000E+00    1.87980E-07
 1.30000E+01    2.71817E-07    0.00000E+00    8.41260E-07
 1.35000E+01    2.41552E-06    0.00000E+00    7.47591E-06
 1.40000E+01    1.18059E-05    0.00000E+00    3.65387E-05
 1.45000E+01    6.00025E-05    0.00000E+00    1.85705E-04
 1.50000E+01    2.31760E-04    0.00000E+00    7.17285E-04
 1.60000E+01    2.57717E-03    8.26782E-04    4.32756E-03
 1.70000E+01    1.64024E-02    5.26205E-03    2.75427E-02
 1.80000E+01    6.83774E-02    2.19362E-02    1.14819E-01
 1.90000E+01    2.15969E-01    6.92850E-02    3.62653E-01
 2.00000E+01    5.34197E-01    2.24703E-01    8.43691E-01
 2.10000E+01    1.03457E+00    4.35178E-01    1.63396E+00
 2.20000E+01    1.76001E+00    7.40324E-01    2.77970E+00
 2.30000E+01    2.65722E+00    1.11772E+00    4.19672E+00
 2.40000E+01    3.66052E+00    1.30088E+00    6.02016E+00
 2.50000E+01    4.78563E+00    1.70073E+00    7.87053E+00
 2.60000E+01    5.84421E+00    2.07693E+00    9.61149E+00
 2.70000E+01    6.87575E+00    2.44352E+00    1.13080E+01
 2.80000E+01    7.81637E+00    2.77780E+00    1.28549E+01
 2.90000E+01    8.56995E+00    3.04561E+00    1.40943E+01
 3.00000E+01    9.13960E+00    3.24805E+00    1.50311E+01
