# n + Ac226 : (n,n')    
# tendl.2017 A.J. Koning and D. Rochman        EVAL-NOV17
# uncertainties: y
# # energies =   138
#   E(MeV)       xs(mb)       xslow(mb)      xsupp(mb)
 5.12276E-03    0.00000E+00   -0.00000E+00    0.00000E+00
 1.00000E-02    3.79548E+00    0.00000E+00    3.17738E+01
 1.88839E-02    4.63379E+00    0.00000E+00    3.87918E+01
 2.00000E-02    4.74980E+00    0.00000E+00    3.97629E+01
 3.00000E-02    5.58765E+00    0.00000E+00    4.35567E+01
 3.34486E-02    6.11355E+00    0.00000E+00    4.76562E+01
 4.52008E-02    1.03323E+01    0.00000E+00    8.05419E+01
 5.85602E-02    1.53022E+01    0.00000E+00    1.19283E+02
 6.00000E-02    1.58378E+01    0.00000E+00    1.23459E+02
 7.06137E-02    2.09280E+01    0.00000E+00    1.63138E+02
 7.80467E-02    2.44930E+01    0.00000E+00    1.90928E+02
 1.00000E-01    3.50222E+01    0.00000E+00    2.73005E+02
 1.30982E-01    5.20736E+01    0.00000E+00    4.05923E+02
 1.65736E-01    7.43924E+01    0.00000E+00    5.79902E+02
 1.95870E-01    9.99829E+01    0.00000E+00    7.79385E+02
 2.00000E-01    1.03503E+02    0.00000E+00    3.31727E+02
 2.31026E-01    1.78708E+02    0.00000E+00    5.72760E+02
 2.66183E-01    2.63926E+02    0.00000E+00    8.45885E+02
 2.91294E-01    3.24831E+02    0.00000E+00    1.04109E+03
 3.00000E-01    3.48545E+02    0.00000E+00    1.11709E+03
 3.79687E-01    5.15508E+02    0.00000E+00    1.65221E+03
 4.00000E-01    5.59211E+02    0.00000E+00    1.79228E+03
 4.19865E-01    5.90332E+02    0.00000E+00    1.89202E+03
 5.00000E-01    7.20754E+02    0.00000E+00    2.31002E+03
 5.58481E-01    7.87428E+02    0.00000E+00    2.52372E+03
 5.91628E-01    8.25395E+02    0.00000E+00    2.64540E+03
 5.93520E-01    8.27641E+02    0.00000E+00    2.65260E+03
 5.95529E-01    8.30026E+02    0.00000E+00    2.66024E+03
 5.96533E-01    8.31218E+02    0.00000E+00    2.66406E+03
 5.97538E-01    8.32422E+02    0.00000E+00    2.66792E+03
 5.98542E-01    8.33626E+02    0.00000E+00    2.67178E+03
 5.99547E-01    8.34900E+02    0.00000E+00    2.67586E+03
 6.00000E-01    8.35474E+02    0.00000E+00    1.76727E+03
 6.00551E-01    8.35948E+02    0.00000E+00    1.76827E+03
 6.01556E-01    8.36813E+02    0.00000E+00    1.77010E+03
 6.02560E-01    8.37721E+02    0.00000E+00    1.77202E+03
 6.03565E-01    8.38629E+02    0.00000E+00    1.77394E+03
 6.04569E-01    8.39539E+02    0.00000E+00    1.77587E+03
 6.05573E-01    8.40460E+02    0.00000E+00    1.77782E+03
 6.06577E-01    8.41397E+02    0.00000E+00    1.77980E+03
 7.00000E-01    9.55601E+02    0.00000E+00    2.02137E+03
 8.00000E-01    1.09181E+03    0.00000E+00    2.30950E+03
 9.00000E-01    1.23635E+03    0.00000E+00    2.61523E+03
 1.00000E+00    1.39382E+03    7.64471E+02    2.02316E+03
 1.20000E+00    1.74941E+03    9.59505E+02    2.53932E+03
 1.40000E+00    2.13294E+03    1.16986E+03    3.09602E+03
 1.60000E+00    2.45616E+03    1.34714E+03    3.56519E+03
 1.80000E+00    2.64733E+03    1.40167E+03    3.89300E+03
 2.00000E+00    2.70978E+03    1.43473E+03    3.98483E+03
 2.20000E+00    2.68910E+03    1.42378E+03    3.95442E+03
 2.40000E+00    2.62954E+03    1.39224E+03    3.86683E+03
 2.60000E+00    2.56148E+03    1.72775E+03    3.39520E+03
 2.80000E+00    2.50117E+03    1.68707E+03    3.31526E+03
 3.00000E+00    2.45551E+03    1.65628E+03    3.25475E+03
 3.20000E+00    2.42457E+03    1.63541E+03    3.21374E+03
 3.40000E+00    2.40431E+03    1.62174E+03    3.18688E+03
 3.60000E+00    2.38919E+03    1.61154E+03    3.16683E+03
 3.80000E+00    2.37460E+03    1.60170E+03    3.14751E+03
 4.00000E+00    2.35811E+03    1.59058E+03    3.12564E+03
 4.20000E+00    2.33946E+03    1.57800E+03    3.10093E+03
 4.40000E+00    2.31953E+03    1.56456E+03    3.07451E+03
 4.60000E+00    2.30004E+03    1.57692E+03    3.02317E+03
 4.80000E+00    2.28257E+03    1.56494E+03    3.00020E+03
 5.00000E+00    2.26844E+03    1.55526E+03    2.98163E+03
 5.20000E+00    2.25856E+03    1.54848E+03    2.96864E+03
 5.40000E+00    2.25502E+03    1.54606E+03    2.96399E+03
 5.60000E+00    2.23396E+03    1.53162E+03    2.93631E+03
 5.80000E+00    2.16706E+03    1.48575E+03    2.84838E+03
 6.00000E+00    2.06210E+03    1.41379E+03    2.71042E+03
 6.20000E+00    1.94442E+03    1.33310E+03    2.55573E+03
 6.40000E+00    1.82618E+03    1.25204E+03    2.40032E+03
 6.60000E+00    1.70860E+03    8.14504E+02    2.60270E+03
 6.80000E+00    1.60105E+03    7.63233E+02    2.43887E+03
 7.00000E+00    1.49741E+03    7.13828E+02    2.28100E+03
 7.20000E+00    1.39232E+03    6.63728E+02    2.12090E+03
 7.40000E+00    1.29961E+03    6.19533E+02    1.97968E+03
 7.60000E+00    1.20802E+03    5.75871E+02    1.84016E+03
 7.80000E+00    1.12749E+03    5.37482E+02    1.71749E+03
 8.00000E+00    1.05246E+03    5.01716E+02    1.60320E+03
 8.50000E+00    8.96339E+02    4.27292E+02    1.36539E+03
 9.00000E+00    7.74097E+02    4.45331E+02    1.10286E+03
 9.50000E+00    6.78850E+02    3.90536E+02    9.67164E+02
 1.00000E+01    6.05038E+02    3.48072E+02    8.62003E+02
 1.05000E+01    5.48467E+02    3.15528E+02    7.81406E+02
 1.10000E+01    5.06029E+02    2.91114E+02    7.20944E+02
 1.15000E+01    4.73923E+02    2.72643E+02    6.75202E+02
 1.20000E+01    4.48582E+02    2.58065E+02    6.39100E+02
 1.25000E+01    4.28238E+02    2.46361E+02    6.10115E+02
 1.30000E+01    4.10728E+02    2.33676E+02    5.87781E+02
 1.35000E+01    3.94540E+02    2.24466E+02    5.64615E+02
 1.40000E+01    3.79644E+02    2.15991E+02    5.43297E+02
 1.45000E+01    3.65281E+02    2.07819E+02    5.22742E+02
 1.50000E+01    3.51804E+02    2.00152E+02    5.03456E+02
 1.60000E+01    3.27655E+02    1.90219E+02    4.65091E+02
 1.70000E+01    3.11403E+02    1.80784E+02    4.42021E+02
 1.80000E+01    2.95507E+02    1.71556E+02    4.19458E+02
 1.90000E+01    2.81626E+02    1.63497E+02    3.99755E+02
 2.00000E+01    2.69170E+02    1.54669E+02    3.83671E+02
 2.10000E+01    2.56231E+02    1.47234E+02    3.65228E+02
 2.20000E+01    2.43660E+02    1.40011E+02    3.47310E+02
 2.30000E+01    2.31567E+02    1.33061E+02    3.30072E+02
 2.40000E+01    2.20856E+02    1.18173E+02    3.23539E+02
 2.50000E+01    2.11341E+02    1.13082E+02    3.09600E+02
 2.60000E+01    2.03538E+02    1.08907E+02    2.98170E+02
 2.70000E+01    1.96755E+02    1.05277E+02    2.88232E+02
 2.80000E+01    1.90221E+02    1.01781E+02    2.78660E+02
 2.90000E+01    1.83805E+02    9.83481E+01    2.69262E+02
 3.00000E+01    1.77167E+02    9.47963E+01    2.59538E+02
 3.00000E+01    1.65645E+02    8.86310E+01    2.42658E+02
 3.20000E+01    1.53349E+02    8.20522E+01    2.24646E+02
 3.40000E+01    1.41273E+02    7.55908E+01    2.06956E+02
 3.60000E+01    1.31076E+02    7.01345E+01    1.92017E+02
 3.80000E+01    1.22293E+02    6.54351E+01    1.79151E+02
 4.00000E+01    1.14086E+02    6.10436E+01    1.67128E+02
 4.20000E+01    1.06833E+02    5.71629E+01    1.56503E+02
 4.40000E+01    1.01507E+02    5.43134E+01    1.48702E+02
 4.60000E+01    9.80897E+01    5.24847E+01    1.43695E+02
 4.80000E+01    9.59100E+01    5.13183E+01    1.40502E+02
 5.00000E+01    9.22435E+01    4.93565E+01    1.35130E+02
 5.20000E+01    8.78460E+01    4.70035E+01    1.28688E+02
 5.40000E+01    8.38035E+01    4.48406E+01    1.22766E+02
 5.60000E+01    8.01970E+01    4.29108E+01    1.17483E+02
 5.80000E+01    7.69077E+01    4.11508E+01    1.12665E+02
 6.00000E+01    7.37233E+01    3.94470E+01    1.08000E+02
 6.50000E+01    6.67196E+01    3.56995E+01    9.77396E+01
 7.00000E+01    6.07030E+01    3.24802E+01    8.89257E+01
 7.50000E+01    5.50452E+01    2.94529E+01    8.06375E+01
 8.00000E+01    5.01109E+01    2.68127E+01    7.34091E+01
 9.00000E+01    4.13483E+01    2.21241E+01    6.05725E+01
 1.00000E+02    3.42176E+01    1.83087E+01    5.01265E+01
 1.10000E+02    2.81491E+01    1.50617E+01    4.12366E+01
 1.20000E+02    2.31521E+01    1.23879E+01    3.39162E+01
 1.30000E+02    1.90343E+01    1.01847E+01    2.78840E+01
 1.40000E+02    1.58247E+01    8.46729E+00    2.31821E+01
 1.50000E+02    1.32555E+01    7.09260E+00    1.94184E+01
 1.60000E+02    1.11952E+01    5.99021E+00    1.64003E+01
 1.80000E+02    7.88457E+00    4.21878E+00    1.15504E+01
 2.00000E+02    5.62619E+00    3.01039E+00    8.24198E+00
