# n + Ac226 : (n,any)   
# tendl.2017 A.J. Koning and D. Rochman        EVAL-NOV17
# uncertainties: n
# # energies =    31
#   E(MeV)       xs(mb) 
 3.00000E+01    0.00000E+00
 3.00000E+01    2.43439E+03
 3.20000E+01    2.41846E+03
 3.40000E+01    2.38528E+03
 3.60000E+01    2.35601E+03
 3.80000E+01    2.32890E+03
 4.00000E+01    2.30008E+03
 4.20000E+01    2.26948E+03
 4.40000E+01    2.23932E+03
 4.60000E+01    2.21115E+03
 4.80000E+01    2.18578E+03
 5.00000E+01    2.16297E+03
 5.20000E+01    2.14280E+03
 5.40000E+01    2.12566E+03
 5.60000E+01    2.11040E+03
 5.80000E+01    2.09733E+03
 6.00000E+01    2.08579E+03
 6.50000E+01    2.06173E+03
 7.00000E+01    2.03931E+03
 7.50000E+01    2.01551E+03
 8.00000E+01    1.99088E+03
 9.00000E+01    1.94502E+03
 1.00000E+02    1.90529E+03
 1.10000E+02    1.86376E+03
 1.20000E+02    1.81788E+03
 1.30000E+02    1.77163E+03
 1.40000E+02    1.73572E+03
 1.50000E+02    1.70778E+03
 1.60000E+02    1.68530E+03
 1.80000E+02    1.61974E+03
 2.00000E+02    1.53351E+03
