# n + Ac226 : (n,n'04)  
# tendl.2017 A.J. Koning and D. Rochman        EVAL-NOV17
# uncertainties: y
# # energies =   102
#   E(MeV)       xs(mb)       xslow(mb)      xsupp(mb)
 4.52008E-02    0.00000E+00   -0.00000E+00    0.00000E+00
 5.85602E-02    1.74236E-01    0.00000E+00    1.35826E+00
 6.00000E-02    1.93014E-01    0.00000E+00    1.50464E+00
 7.06137E-02    5.29074E-01    0.00000E+00    4.12440E+00
 7.80467E-02    7.64425E-01    0.00000E+00    5.95907E+00
 1.00000E-01    1.45953E+00    0.00000E+00    1.13778E+01
 1.30982E-01    2.90797E+00    0.00000E+00    2.26691E+01
 1.65736E-01    4.53275E+00    0.00000E+00    3.53351E+01
 1.95870E-01    5.94155E+00    0.00000E+00    4.63173E+01
 2.00000E-01    6.13463E+00    0.00000E+00    4.78342E+01
 2.31026E-01    7.06157E+00    0.00000E+00    5.50620E+01
 2.66183E-01    8.11193E+00    0.00000E+00    6.32520E+01
 2.91294E-01    8.86215E+00    0.00000E+00    6.91018E+01
 3.00000E-01    9.12225E+00    0.00000E+00    7.11299E+01
 3.79687E-01    1.00491E+01    0.00000E+00    7.83572E+01
 4.00000E-01    1.02854E+01    0.00000E+00    8.01995E+01
 4.19865E-01    1.03342E+01    0.00000E+00    8.05801E+01
 5.00000E-01    1.05311E+01    0.00000E+00    8.21153E+01
 5.58481E-01    1.05844E+01    0.00000E+00    8.25308E+01
 5.91628E-01    1.06146E+01    0.00000E+00    8.27662E+01
 5.93520E-01    1.06163E+01    0.00000E+00    8.27797E+01
 5.95529E-01    1.06181E+01    0.00000E+00    8.27939E+01
 5.96533E-01    1.06190E+01    0.00000E+00    8.28010E+01
 5.97538E-01    1.06200E+01    0.00000E+00    8.28082E+01
 5.98542E-01    1.06209E+01    0.00000E+00    8.28153E+01
 5.99547E-01    1.06218E+01    0.00000E+00    8.28225E+01
 6.00000E-01    1.06222E+01    0.00000E+00    2.47504E+01
 6.00551E-01    1.06215E+01    0.00000E+00    2.47489E+01
 6.01556E-01    1.06203E+01    0.00000E+00    2.47461E+01
 6.02560E-01    1.06191E+01    0.00000E+00    2.47433E+01
 6.03565E-01    1.06179E+01    0.00000E+00    2.47405E+01
 6.04569E-01    1.06167E+01    0.00000E+00    2.47377E+01
 6.05573E-01    1.06155E+01    0.00000E+00    2.47349E+01
 6.06577E-01    1.06143E+01    0.00000E+00    2.47320E+01
 7.00000E-01    1.05021E+01    0.00000E+00    2.44706E+01
 8.00000E-01    1.02362E+01    0.00000E+00    2.38510E+01
 9.00000E-01    9.98128E+00    0.00000E+00    2.32571E+01
 1.00000E+00    9.72281E+00    1.72138E+00    1.77242E+01
 1.20000E+00    9.04803E+00    1.60191E+00    1.64941E+01
 1.40000E+00    7.73852E+00    1.37007E+00    1.41070E+01
 1.60000E+00    5.88502E+00    1.04192E+00    1.07281E+01
 1.80000E+00    4.10460E+00    7.28627E-01    7.48057E+00
 2.00000E+00    2.76218E+00    4.90328E-01    5.03403E+00
 2.20000E+00    1.83914E+00    3.26474E-01    3.35181E+00
 2.40000E+00    1.21567E+00    2.15799E-01    2.21554E+00
 2.60000E+00    7.96055E-01    8.05202E-02    1.51159E+00
 2.80000E+00    5.17127E-01    5.23069E-02    9.81947E-01
 3.00000E+00    3.34254E-01    3.38095E-02    6.34699E-01
 3.20000E+00    2.15557E-01    2.18034E-02    4.09311E-01
 3.40000E+00    1.38854E-01    1.40450E-02    2.63663E-01
 3.60000E+00    8.93135E-02    9.03398E-03    1.69593E-01
 3.80000E+00    5.73475E-02    5.80065E-03    1.08894E-01
 4.00000E+00    3.67821E-02    3.72048E-03    6.98437E-02
 4.20000E+00    2.36165E-02    2.38879E-03    4.48442E-02
 4.40000E+00    1.52064E-02    1.53811E-03    2.88747E-02
 4.60000E+00    9.83389E-03    0.00000E+00    1.97990E-02
 4.80000E+00    6.40127E-03    0.00000E+00    1.28880E-02
 5.00000E+00    4.19571E-03    0.00000E+00    8.44742E-03
 5.20000E+00    2.77377E-03    0.00000E+00    5.58456E-03
 5.40000E+00    1.83845E-03    0.00000E+00    3.70144E-03
 5.60000E+00    1.23472E-03    0.00000E+00    2.48592E-03
 5.80000E+00    8.37561E-04    0.00000E+00    1.68630E-03
 6.00000E+00    5.73887E-04    0.00000E+00    1.15543E-03
 6.20000E+00    3.97171E-04    0.00000E+00    7.99643E-04
 6.40000E+00    2.77181E-04    0.00000E+00    5.58061E-04
 6.60000E+00    1.95405E-04    0.00000E+00    3.98648E-04
 6.80000E+00    1.38772E-04    0.00000E+00    2.83110E-04
 7.00000E+00    9.93563E-05    0.00000E+00    2.02698E-04
 7.20000E+00    7.16531E-05    0.00000E+00    1.46180E-04
 7.40000E+00    5.19427E-05    0.00000E+00    1.05969E-04
 7.60000E+00    3.79205E-05    0.00000E+00    7.73620E-05
 7.80000E+00    2.77885E-05    0.00000E+00    5.66916E-05
 8.00000E+00    2.04569E-05    0.00000E+00    4.17343E-05
 8.50000E+00    9.66458E-06    0.00000E+00    1.97168E-05
 9.00000E+00    4.66158E-06    4.66158E-06    4.66158E-06
 9.50000E+00    2.29428E-06    2.29428E-06    2.29428E-06
 1.00000E+01    1.15220E-06    1.15220E-06    1.15220E-06
 1.05000E+01    5.90658E-07    5.90658E-07    5.90658E-07
 1.10000E+01    3.09019E-07    3.09019E-07    3.09019E-07
 1.15000E+01    1.64958E-07    1.64958E-07    1.64958E-07
 1.20000E+01    8.97396E-08    8.97396E-08    8.97396E-08
 1.25000E+01    4.97012E-08    4.97012E-08    4.97012E-08
 1.30000E+01    2.79793E-08    2.79793E-08    2.79793E-08
 1.35000E+01    1.59946E-08    1.59946E-08    1.59946E-08
 1.40000E+01    9.27397E-09    9.27397E-09    9.27397E-09
 1.45000E+01    5.45213E-09    5.45213E-09    5.45213E-09
 1.50000E+01    3.24806E-09    3.24806E-09    3.24806E-09
 1.60000E+01    1.19877E-09    1.19877E-09    1.19877E-09
 1.70000E+01    4.63094E-10    4.63094E-10    4.63094E-10
 1.80000E+01    1.88632E-10    1.88632E-10    1.88632E-10
 1.90000E+01    8.03640E-11    8.03640E-11    8.03640E-11
 2.00000E+01    3.56339E-11    3.56339E-11    3.56339E-11
 2.10000E+01    1.63891E-11    1.63891E-11    1.63891E-11
 2.20000E+01    7.79487E-12    7.79487E-12    7.79487E-12
 2.30000E+01    3.82427E-12    3.82427E-12    3.82427E-12
 2.40000E+01    1.93647E-12    1.93647E-12    1.93647E-12
 2.50000E+01    1.01137E-12    1.01137E-12    1.01137E-12
 2.60000E+01    5.41905E-13    5.41905E-13    5.41905E-13
 2.70000E+01    2.98103E-13    2.98103E-13    2.98103E-13
 2.80000E+01    1.68066E-13    1.68066E-13    1.68066E-13
 2.90000E+01    9.69423E-14    9.69423E-14    9.69423E-14
 3.00000E+01    5.70187E-14    5.70187E-14    5.70187E-14
