# n + Ac226 : (n,n'05)  
# tendl.2017 A.J. Koning and D. Rochman        EVAL-NOV17
# uncertainties: n
# # energies =   101
#   E(MeV)       xs(mb) 
 5.85602E-02    0.00000E+00
 6.00000E-02    6.95495E-06
 7.06137E-02    9.93630E-04
 7.80467E-02    1.68462E-03
 1.00000E-01    3.72545E-03
 1.30982E-01    3.67837E-02
 1.65736E-01    7.38668E-02
 1.95870E-01    1.06020E-01
 2.00000E-01    1.10427E-01
 2.31026E-01    2.11873E-01
 2.66183E-01    3.26825E-01
 2.91294E-01    4.08931E-01
 3.00000E-01    4.37397E-01
 3.79687E-01    8.65856E-01
 4.00000E-01    9.75074E-01
 4.19865E-01    1.11153E+00
 5.00000E-01    1.66199E+00
 5.58481E-01    2.12598E+00
 5.91628E-01    2.38898E+00
 5.93520E-01    2.40399E+00
 5.95529E-01    2.41993E+00
 5.96533E-01    2.42789E+00
 5.97538E-01    2.43587E+00
 5.98542E-01    2.44383E+00
 5.99547E-01    2.45181E+00
 6.00000E-01    2.45540E+00
 6.00551E-01    2.45972E+00
 6.01556E-01    2.46760E+00
 6.02560E-01    2.47548E+00
 6.03565E-01    2.48336E+00
 6.04569E-01    2.49123E+00
 6.05573E-01    2.49911E+00
 6.06577E-01    2.50698E+00
 7.00000E-01    3.23965E+00
 8.00000E-01    3.91811E+00
 9.00000E-01    4.49339E+00
 1.00000E+00    4.95615E+00
 1.20000E+00    5.50743E+00
 1.40000E+00    5.33649E+00
 1.60000E+00    4.49063E+00
 1.80000E+00    3.45628E+00
 2.00000E+00    2.60819E+00
 2.20000E+00    2.01590E+00
 2.40000E+00    1.62963E+00
 2.60000E+00    1.39266E+00
 2.80000E+00    1.26180E+00
 3.00000E+00    1.20354E+00
 3.20000E+00    1.19217E+00
 3.40000E+00    1.20845E+00
 3.60000E+00    1.23878E+00
 3.80000E+00    1.27454E+00
 4.00000E+00    1.31103E+00
 4.20000E+00    1.34646E+00
 4.40000E+00    1.38074E+00
 4.60000E+00    1.41463E+00
 4.80000E+00    1.44919E+00
 5.00000E+00    1.48545E+00
 5.20000E+00    1.52425E+00
 5.40000E+00    1.56613E+00
 5.60000E+00    1.61129E+00
 5.80000E+00    1.65946E+00
 6.00000E+00    1.70993E+00
 6.20000E+00    1.76147E+00
 6.40000E+00    1.81249E+00
 6.60000E+00    1.86107E+00
 6.80000E+00    1.90524E+00
 7.00000E+00    1.94321E+00
 7.20000E+00    1.97357E+00
 7.40000E+00    1.99548E+00
 7.60000E+00    2.00873E+00
 7.80000E+00    2.01368E+00
 8.00000E+00    2.01115E+00
 8.50000E+00    1.97954E+00
 9.00000E+00    1.92654E+00
 9.50000E+00    1.86690E+00
 1.00000E+01    1.80973E+00
 1.05000E+01    1.75935E+00
 1.10000E+01    1.71661E+00
 1.15000E+01    1.68017E+00
 1.20000E+01    1.64760E+00
 1.25000E+01    1.61639E+00
 1.30000E+01    1.58476E+00
 1.35000E+01    1.55177E+00
 1.40000E+01    1.51741E+00
 1.45000E+01    1.48215E+00
 1.50000E+01    1.44674E+00
 1.60000E+01    1.37804E+00
 1.70000E+01    1.31466E+00
 1.80000E+01    1.25687E+00
 1.90000E+01    1.20320E+00
 2.00000E+01    1.15197E+00
 2.10000E+01    1.10227E+00
 2.20000E+01    1.05420E+00
 2.30000E+01    1.00861E+00
 2.40000E+01    9.66370E-01
 2.50000E+01    9.27844E-01
 2.60000E+01    8.92854E-01
 2.70000E+01    8.60868E-01
 2.80000E+01    8.31220E-01
 2.90000E+01    8.03283E-01
 3.00000E+01    7.76633E-01
