# n + Ac226 : (n,n'07)  
# tendl.2017 A.J. Koning and D. Rochman        EVAL-NOV17
# uncertainties: n
# # energies =    98
#   E(MeV)       xs(mb) 
 7.80467E-02    0.00000E+00
 1.00000E-01    2.65455E-07
 1.30982E-01    3.50692E-05
 1.65736E-01    7.41104E-05
 1.95870E-01    1.07961E-04
 2.00000E-01    1.12601E-04
 2.31026E-01    5.07608E-04
 2.66183E-01    9.55209E-04
 2.91294E-01    1.27491E-03
 3.00000E-01    1.38575E-03
 3.79687E-01    5.76497E-03
 4.00000E-01    6.88128E-03
 4.19865E-01    9.93146E-03
 5.00000E-01    2.22358E-02
 5.58481E-01    4.20349E-02
 5.91628E-01    5.32571E-02
 5.93520E-01    5.38976E-02
 5.95529E-01    5.45778E-02
 5.96533E-01    5.49177E-02
 5.97538E-01    5.52580E-02
 5.98542E-01    5.55979E-02
 5.99547E-01    5.59381E-02
 6.00000E-01    5.60915E-02
 6.00551E-01    5.64296E-02
 6.01556E-01    5.70463E-02
 6.02560E-01    5.76623E-02
 6.03565E-01    5.82790E-02
 6.04569E-01    5.88951E-02
 6.05573E-01    5.95112E-02
 6.06577E-01    6.01272E-02
 7.00000E-01    1.17453E-01
 8.00000E-01    2.11999E-01
 9.00000E-01    3.43804E-01
 1.00000E+00    5.10365E-01
 1.20000E+00    8.94571E-01
 1.40000E+00    1.15778E+00
 1.60000E+00    1.14128E+00
 1.80000E+00    9.47780E-01
 2.00000E+00    7.48579E-01
 2.20000E+00    6.10676E-01
 2.40000E+00    5.32936E-01
 2.60000E+00    4.99167E-01
 2.80000E+00    4.94811E-01
 3.00000E+00    5.09001E-01
 3.20000E+00    5.34232E-01
 3.40000E+00    5.65459E-01
 3.60000E+00    5.99399E-01
 3.80000E+00    6.34119E-01
 4.00000E+00    6.68770E-01
 4.20000E+00    7.03276E-01
 4.40000E+00    7.38076E-01
 4.60000E+00    7.73854E-01
 4.80000E+00    8.11385E-01
 5.00000E+00    8.51360E-01
 5.20000E+00    8.94340E-01
 5.40000E+00    9.40626E-01
 5.60000E+00    9.90233E-01
 5.80000E+00    1.04279E+00
 6.00000E+00    1.09752E+00
 6.20000E+00    1.15323E+00
 6.40000E+00    1.20836E+00
 6.60000E+00    1.26112E+00
 6.80000E+00    1.30967E+00
 7.00000E+00    1.35233E+00
 7.20000E+00    1.38780E+00
 7.40000E+00    1.41531E+00
 7.60000E+00    1.43469E+00
 7.80000E+00    1.44626E+00
 8.00000E+00    1.45081E+00
 8.50000E+00    1.43853E+00
 9.00000E+00    1.40620E+00
 9.50000E+00    1.36749E+00
 1.00000E+01    1.33055E+00
 1.05000E+01    1.29907E+00
 1.10000E+01    1.27366E+00
 1.15000E+01    1.25301E+00
 1.20000E+01    1.23492E+00
 1.25000E+01    1.21718E+00
 1.30000E+01    1.19822E+00
 1.35000E+01    1.17725E+00
 1.40000E+01    1.15431E+00
 1.45000E+01    1.12987E+00
 1.50000E+01    1.10465E+00
 1.60000E+01    1.05444E+00
 1.70000E+01    1.00722E+00
 1.80000E+01    9.63869E-01
 1.90000E+01    9.23604E-01
 2.00000E+01    8.85285E-01
 2.10000E+01    8.48186E-01
 2.20000E+01    8.12311E-01
 2.30000E+01    7.78261E-01
 2.40000E+01    7.46767E-01
 2.50000E+01    7.18233E-01
 2.60000E+01    6.92626E-01
 2.70000E+01    6.69536E-01
 2.80000E+01    6.48363E-01
 2.90000E+01    6.28477E-01
 3.00000E+01    6.09431E-01
