# n + Ac226 : (n,n'12)  
# tendl.2017 A.J. Koning and D. Rochman        EVAL-NOV17
# uncertainties: n
# # energies =    91
#   E(MeV)       xs(mb) 
 2.66183E-01    0.00000E+00
 2.91294E-01    3.74580E-02
 3.00000E-01    5.04447E-02
 3.79687E-01    2.43460E-01
 4.00000E-01    2.92662E-01
 4.19865E-01    3.50884E-01
 5.00000E-01    5.85752E-01
 5.58481E-01    7.46956E-01
 5.91628E-01    8.38326E-01
 5.93520E-01    8.43541E-01
 5.95529E-01    8.49079E-01
 5.96533E-01    8.51846E-01
 5.97538E-01    8.54617E-01
 5.98542E-01    8.57384E-01
 5.99547E-01    8.60154E-01
 6.00000E-01    8.61403E-01
 6.00551E-01    8.62610E-01
 6.01556E-01    8.64812E-01
 6.02560E-01    8.67012E-01
 6.03565E-01    8.69214E-01
 6.04569E-01    8.71414E-01
 6.05573E-01    8.73614E-01
 6.06577E-01    8.75814E-01
 7.00000E-01    1.08051E+00
 8.00000E-01    1.23404E+00
 9.00000E-01    1.34186E+00
 1.00000E+00    1.41082E+00
 1.20000E+00    1.44085E+00
 1.40000E+00    1.30384E+00
 1.60000E+00    1.04954E+00
 1.80000E+00    7.85552E-01
 2.00000E+00    5.72645E-01
 2.20000E+00    4.14703E-01
 2.40000E+00    2.99104E-01
 2.60000E+00    2.14050E-01
 2.80000E+00    1.51869E-01
 3.00000E+00    1.06947E-01
 3.20000E+00    7.48674E-02
 3.40000E+00    5.21540E-02
 3.60000E+00    3.61619E-02
 3.80000E+00    2.49606E-02
 4.00000E+00    1.71655E-02
 4.20000E+00    1.17825E-02
 4.40000E+00    8.08558E-03
 4.60000E+00    5.55576E-03
 4.80000E+00    3.82632E-03
 5.00000E+00    2.64782E-03
 5.20000E+00    1.84077E-03
 5.40000E+00    1.27876E-03
 5.60000E+00    8.97895E-04
 5.80000E+00    6.34203E-04
 6.00000E+00    4.51310E-04
 6.20000E+00    3.23218E-04
 6.40000E+00    2.32552E-04
 6.60000E+00    1.68396E-04
 6.80000E+00    1.22420E-04
 7.00000E+00    8.93404E-05
 7.20000E+00    6.54736E-05
 7.40000E+00    4.80868E-05
 7.60000E+00    3.54529E-05
 7.80000E+00    2.62000E-05
 8.00000E+00    1.94035E-05
 8.50000E+00    9.26144E-06
 9.00000E+00    4.49567E-06
 9.50000E+00    2.22468E-06
 1.00000E+01    1.12391E-06
 1.05000E+01    5.80180E-07
 1.10000E+01    3.05958E-07
 1.15000E+01    1.64747E-07
 1.20000E+01    9.04396E-08
 1.25000E+01    5.05436E-08
 1.30000E+01    2.87010E-08
 1.35000E+01    1.65386E-08
 1.40000E+01    9.65785E-09
 1.45000E+01    5.71312E-09
 1.50000E+01    3.42177E-09
 1.60000E+01    1.27381E-09
 1.70000E+01    4.95449E-10
 1.80000E+01    2.03028E-10
 1.90000E+01    8.70043E-11
 2.00000E+01    3.88042E-11
 2.10000E+01    1.79445E-11
 2.20000E+01    8.57398E-12
 2.30000E+01    4.22175E-12
 2.40000E+01    2.14388E-12
 2.50000E+01    1.12250E-12
 2.60000E+01    6.02906E-13
 2.70000E+01    3.32453E-13
 2.80000E+01    1.87859E-13
 2.90000E+01    1.08581E-13
 3.00000E+01    6.39781E-14
