# n + Ac226 : (n,n'16)  
# tendl.2017 A.J. Koning and D. Rochman        EVAL-NOV17
# uncertainties: n
# # energies =    84
#   E(MeV)       xs(mb) 
 5.58481E-01    0.00000E+00
 5.91628E-01    1.75224E-01
 5.93520E-01    1.85226E-01
 5.95529E-01    1.95846E-01
 5.96533E-01    2.01153E-01
 5.97538E-01    2.06466E-01
 5.98542E-01    2.11773E-01
 5.99547E-01    2.17086E-01
 6.00000E-01    2.19481E-01
 6.00551E-01    2.23351E-01
 6.01556E-01    2.30410E-01
 6.02560E-01    2.37462E-01
 6.03565E-01    2.44521E-01
 6.04569E-01    2.51574E-01
 6.05573E-01    2.58625E-01
 6.06577E-01    2.65677E-01
 7.00000E-01    9.21877E-01
 8.00000E-01    1.68642E+00
 9.00000E-01    2.45255E+00
 1.00000E+00    3.23052E+00
 1.20000E+00    4.94141E+00
 1.40000E+00    6.87470E+00
 1.60000E+00    8.92806E+00
 1.80000E+00    1.09186E+01
 2.00000E+00    1.24972E+01
 2.20000E+00    1.33100E+01
 2.40000E+00    1.33018E+01
 2.60000E+00    1.27028E+01
 2.80000E+00    1.18048E+01
 3.00000E+00    1.08237E+01
 3.20000E+00    9.88170E+00
 3.40000E+00    9.03229E+00
 3.60000E+00    8.28711E+00
 3.80000E+00    7.63663E+00
 4.00000E+00    7.06423E+00
 4.20000E+00    6.55328E+00
 4.40000E+00    6.09172E+00
 4.60000E+00    5.67229E+00
 4.80000E+00    5.29176E+00
 5.00000E+00    4.94870E+00
 5.20000E+00    4.64227E+00
 5.40000E+00    4.37123E+00
 5.60000E+00    4.13391E+00
 5.80000E+00    3.92823E+00
 6.00000E+00    3.75201E+00
 6.20000E+00    3.60286E+00
 6.40000E+00    3.47832E+00
 6.60000E+00    3.37571E+00
 6.80000E+00    3.29210E+00
 7.00000E+00    3.22431E+00
 7.20000E+00    3.16887E+00
 7.40000E+00    3.12230E+00
 7.60000E+00    3.08130E+00
 7.80000E+00    3.04288E+00
 8.00000E+00    3.00482E+00
 8.50000E+00    2.90217E+00
 9.00000E+00    2.78406E+00
 9.50000E+00    2.65480E+00
 1.00000E+01    2.52212E+00
 1.05000E+01    2.39284E+00
 1.10000E+01    2.27178E+00
 1.15000E+01    2.16133E+00
 1.20000E+01    2.06151E+00
 1.25000E+01    1.97071E+00
 1.30000E+01    1.88678E+00
 1.35000E+01    1.80786E+00
 1.40000E+01    1.73300E+00
 1.45000E+01    1.66202E+00
 1.50000E+01    1.59528E+00
 1.60000E+01    1.47654E+00
 1.70000E+01    1.37940E+00
 1.80000E+01    1.30243E+00
 1.90000E+01    1.24041E+00
 2.00000E+01    1.18663E+00
 2.10000E+01    1.13580E+00
 2.20000E+01    1.08580E+00
 2.30000E+01    1.03763E+00
 2.40000E+01    9.93750E-01
 2.50000E+01    9.56095E-01
 2.60000E+01    9.25109E-01
 2.70000E+01    8.99800E-01
 2.80000E+01    8.78281E-01
 2.90000E+01    8.58346E-01
 3.00000E+01    8.38250E-01
