# n + Ac226 : (n,n'17)  
# tendl.2017 A.J. Koning and D. Rochman        EVAL-NOV17
# uncertainties: n
# # energies =    83
#   E(MeV)       xs(mb) 
 5.91628E-01    0.00000E+00
 5.93520E-01    7.90584E-02
 5.95529E-01    1.63008E-01
 5.96533E-01    2.04961E-01
 5.97538E-01    2.46956E-01
 5.98542E-01    2.88909E-01
 5.99547E-01    3.30906E-01
 6.00000E-01    3.49835E-01
 6.00551E-01    3.73845E-01
 6.01556E-01    4.17639E-01
 6.02560E-01    4.61390E-01
 6.03565E-01    5.05184E-01
 6.04569E-01    5.48936E-01
 6.05573E-01    5.92687E-01
 6.06577E-01    6.36437E-01
 7.00000E-01    4.70750E+00
 8.00000E-01    7.74852E+00
 9.00000E-01    8.84709E+00
 1.00000E+00    8.69427E+00
 1.20000E+00    7.00869E+00
 1.40000E+00    5.14234E+00
 1.60000E+00    3.69256E+00
 1.80000E+00    2.70388E+00
 2.00000E+00    2.02463E+00
 2.20000E+00    1.50414E+00
 2.40000E+00    1.08157E+00
 2.60000E+00    7.47730E-01
 2.80000E+00    4.99680E-01
 3.00000E+00    3.25516E-01
 3.20000E+00    2.08520E-01
 3.40000E+00    1.32337E-01
 3.60000E+00    8.36655E-02
 3.80000E+00    5.28996E-02
 4.00000E+00    3.35290E-02
 4.20000E+00    2.13430E-02
 4.40000E+00    1.36519E-02
 4.60000E+00    8.77775E-03
 4.80000E+00    5.67635E-03
 5.00000E+00    3.69462E-03
 5.20000E+00    2.42221E-03
 5.40000E+00    1.59019E-03
 5.60000E+00    1.05636E-03
 5.80000E+00    7.08001E-04
 6.00000E+00    4.78815E-04
 6.20000E+00    3.26768E-04
 6.40000E+00    2.24789E-04
 6.60000E+00    1.56160E-04
 6.80000E+00    1.09350E-04
 7.00000E+00    7.72464E-05
 7.20000E+00    5.50382E-05
 7.40000E+00    3.94796E-05
 7.60000E+00    2.85655E-05
 7.80000E+00    2.07822E-05
 8.00000E+00    1.52104E-05
 8.50000E+00    7.11684E-06
 9.00000E+00    3.41227E-06
 9.50000E+00    1.67086E-06
 1.00000E+01    8.34323E-07
 1.05000E+01    4.24739E-07
 1.10000E+01    2.20411E-07
 1.15000E+01    1.16626E-07
 1.20000E+01    6.28941E-08
 1.25000E+01    3.45553E-08
 1.30000E+01    1.93191E-08
 1.35000E+01    1.09803E-08
 1.40000E+01    6.33584E-09
 1.45000E+01    3.70918E-09
 1.50000E+01    2.20124E-09
 1.60000E+01    8.06481E-10
 1.70000E+01    3.09259E-10
 1.80000E+01    1.25050E-10
 1.90000E+01    5.29123E-11
 2.00000E+01    2.33218E-11
 2.10000E+01    1.06738E-11
 2.20000E+01    5.05662E-12
 2.30000E+01    2.47242E-12
 2.40000E+01    1.24775E-12
 2.50000E+01    6.49333E-13
 2.60000E+01    3.46603E-13
 2.70000E+01    1.89946E-13
 2.80000E+01    1.06720E-13
 2.90000E+01    6.13810E-14
 3.00000E+01    3.60222E-14
