# n + Ac226 : (n,n'19)  
# tendl.2017 A.J. Koning and D. Rochman        EVAL-NOV17
# uncertainties: n
# # energies =    81
#   E(MeV)       xs(mb) 
 5.95529E-01    0.00000E+00
 5.96533E-01    2.26206E-09
 5.97538E-01    4.52641E-09
 5.98542E-01    6.78847E-09
 5.99547E-01    9.05295E-09
 6.00000E-01    1.00736E-08
 6.00551E-01    7.79507E-08
 6.01556E-01    2.01758E-07
 6.02560E-01    3.25441E-07
 6.03565E-01    4.49248E-07
 6.04569E-01    5.72938E-07
 6.05573E-01    6.96621E-07
 6.06577E-01    8.20303E-07
 7.00000E-01    1.23293E-05
 8.00000E-01    7.62437E-05
 9.00000E-01    2.25010E-04
 1.00000E+00    4.74299E-04
 1.20000E+00    1.25872E-03
 1.40000E+00    2.27378E-03
 1.60000E+00    3.28837E-03
 1.80000E+00    4.17034E-03
 2.00000E+00    4.83697E-03
 2.20000E+00    5.15465E-03
 2.40000E+00    5.07072E-03
 2.60000E+00    4.68061E-03
 2.80000E+00    4.13824E-03
 3.00000E+00    3.55816E-03
 3.20000E+00    3.00351E-03
 3.40000E+00    2.49915E-03
 3.60000E+00    2.05234E-03
 3.80000E+00    1.66249E-03
 4.00000E+00    1.32855E-03
 4.20000E+00    1.04824E-03
 4.40000E+00    8.17754E-04
 4.60000E+00    6.32179E-04
 4.80000E+00    4.85874E-04
 5.00000E+00    3.71963E-04
 5.20000E+00    2.84466E-04
 5.40000E+00    2.16463E-04
 5.60000E+00    1.65353E-04
 5.80000E+00    1.26855E-04
 6.00000E+00    9.75080E-05
 6.20000E+00    7.50776E-05
 6.40000E+00    5.78598E-05
 6.60000E+00    4.46284E-05
 6.80000E+00    3.43820E-05
 7.00000E+00    2.64705E-05
 7.20000E+00    2.03563E-05
 7.40000E+00    1.56076E-05
 7.60000E+00    1.19722E-05
 7.80000E+00    9.15620E-06
 8.00000E+00    6.99795E-06
 8.50000E+00    3.56858E-06
 9.00000E+00    1.82986E-06
 9.50000E+00    9.51924E-07
 1.00000E+01    5.05296E-07
 1.05000E+01    2.74444E-07
 1.10000E+01    1.52498E-07
 1.15000E+01    8.65556E-08
 1.20000E+01    5.00238E-08
 1.25000E+01    2.93504E-08
 1.30000E+01    1.74291E-08
 1.35000E+01    1.04565E-08
 1.40000E+01    6.32978E-09
 1.45000E+01    3.86663E-09
 1.50000E+01    2.38401E-09
 1.60000E+01    9.34628E-10
 1.70000E+01    3.81149E-10
 1.80000E+01    1.63425E-10
 1.90000E+01    7.31312E-11
 2.00000E+01    3.39519E-11
 2.10000E+01    1.62709E-11
 2.20000E+01    8.01602E-12
 2.30000E+01    4.05088E-12
 2.40000E+01    2.10395E-12
 2.50000E+01    1.12429E-12
 2.60000E+01    6.15585E-13
 2.70000E+01    3.45750E-13
 2.80000E+01    1.98823E-13
 2.90000E+01    1.16804E-13
 3.00000E+01    6.98483E-14
