# n + Sn114 : (n,d)     
# jeff3.3    N.Iwamoto                         EVAL-Dec09
# uncertainties: n
# # energies =    63
#   E(MeV)       xs(mb) 
 6.31108E+00    0.00000E+00
 6.70625E+00    8.38335E-15
 6.96364E+00    1.13455E-12
 7.34439E+00    2.80259E-12
 7.34983E+00    2.82665E-12
 7.38438E+00    2.97969E-12
 7.42730E+00    3.16995E-12
 7.45255E+00    3.28191E-12
 7.49453E+00    3.46808E-12
 7.50000E+00    3.51748E-12
 7.51274E+00    7.83744E-12
 7.66789E+00    6.19320E-11
 7.67406E+00    6.40868E-11
 7.70407E+00    7.45721E-11
 7.77695E+00    1.00047E-10
 7.79599E+00    1.06703E-10
 7.82071E+00    1.15345E-10
 7.82840E+00    1.18033E-10
 7.83345E+00    1.19799E-10
 7.86060E+00    1.29291E-10
 7.87683E+00    1.34965E-10
 7.89201E+00    1.40272E-10
 7.89452E+00    1.41149E-10
 7.94430E+00    1.58553E-10
 7.95608E+00    1.62672E-10
 7.95955E+00    1.63885E-10
 8.00000E+00    1.78026E-10
 8.00139E+00    2.71270E-10
 8.01012E+00    8.56915E-10
 8.01564E+00    1.22723E-09
 8.02614E+00    1.93163E-09
 8.03355E+00    2.42875E-09
 8.08465E+00    5.85699E-09
 8.08694E+00    6.01062E-09
 8.09478E+00    6.53661E-09
 8.12934E+00    8.85524E-09
 8.14975E+00    1.02246E-08
 8.16305E+00    1.11169E-08
 8.19293E+00    1.31215E-08
 8.50000E+00    3.37231E-08
 9.00000E+00    1.34802E-06
 9.50000E+00    2.34335E-05
 1.00000E+01    1.75171E-04
 1.05000E+01    1.17574E-03
 1.10000E+01    5.65768E-03
 1.15000E+01    2.07415E-02
 1.20000E+01    6.06841E-02
 1.25000E+01    1.47253E-01
 1.30000E+01    3.05207E-01
 1.35000E+01    5.55653E-01
 1.40000E+01    9.10317E-01
 1.45000E+01    1.36970E+00
 1.50000E+01    1.92779E+00
 1.55000E+01    2.57014E+00
 1.60000E+01    3.28689E+00
 1.65000E+01    4.05900E+00
 1.70000E+01    4.79992E+00
 1.75000E+01    5.64591E+00
 1.80000E+01    6.52428E+00
 1.85000E+01    7.41665E+00
 1.90000E+01    8.18077E+00
 1.95000E+01    9.09568E+00
 2.00000E+01    1.00220E+01
