# n + Ac234 : (n,2np)   
# tendl.2017 A.J. Koning and D. Rochman        EVAL-NOV17
# uncertainties: y
# # energies =    21
#   E(MeV)       xs(mb)       xslow(mb)      xsupp(mb)
 1.10635E+01    0.00000E+00    0.00000E+00    0.00000E+00
 1.30000E+01    1.49736E-13    2.65486E-14    2.72923E-13
 1.35000E+01    6.42482E-12    1.13914E-12    1.17105E-11
 1.40000E+01    6.53546E-10    1.15875E-10    1.19122E-09
 1.45000E+01    1.04774E-08    1.85767E-09    1.90971E-08
 1.50000E+01    1.36410E-07    2.41858E-08    2.48634E-07
 1.60000E+01    9.06714E-06    4.00097E-06    1.41333E-05
 1.70000E+01    1.96256E-04    8.66000E-05    3.05912E-04
 1.80000E+01    1.79293E-03    7.91149E-04    2.79471E-03
 1.90000E+01    1.01657E-02    4.48572E-03    1.58457E-02
 2.00000E+01    4.91961E-02    2.44235E-02    7.39687E-02
 2.10000E+01    1.63605E-01    8.12220E-02    2.45988E-01
 2.20000E+01    4.68531E-01    2.32603E-01    7.04459E-01
 2.30000E+01    1.06187E+00    5.27167E-01    1.59657E+00
 2.40000E+01    2.11309E+00    1.04426E+00    3.18192E+00
 2.50000E+01    3.63976E+00    1.79872E+00    5.48080E+00
 2.60000E+01    5.74952E+00    2.84133E+00    8.65771E+00
 2.70000E+01    8.43345E+00    4.16769E+00    1.26992E+01
 2.80000E+01    1.15334E+01    5.69964E+00    1.73672E+01
 2.90000E+01    1.49122E+01    7.36940E+00    2.24550E+01
 3.00000E+01    1.85434E+01    9.16389E+00    2.79229E+01
