# n + Ac225 : (n,p)     
# eaf.2010   Manhattan project, site A         EVAL-JUN10
# uncertainties: n
# # energies =   100
#   E(MeV)       xs(mb) 
 1.00000E-11    6.81410E-18
 2.53000E-08    6.81410E-18
 1.22769E-07    6.81410E-18
 6.13843E-07    6.81410E-18
 1.00000E-06    6.81410E-18
 1.00000E-03    6.81410E-18
 2.00000E-03    6.81410E-18
 5.00000E-03    6.81410E-18
 1.00000E-02    6.81410E-18
 2.00000E-02    6.81410E-18
 5.00000E-02    6.81410E-18
 1.00000E-01    6.81410E-18
 2.00000E-01    6.81410E-18
 3.00000E-01    6.81410E-18
 4.00000E-01    6.81410E-18
 5.00000E-01    6.81410E-18
 6.00000E-01    6.81410E-18
 7.00000E-01    6.81410E-18
 8.00000E-01    6.81410E-18
 9.00000E-01    6.81410E-18
 1.00000E+00    8.70972E-18
 1.20000E+00    4.51618E-16
 1.40000E+00    1.15249E-14
 1.60000E+00    1.16081E-12
 1.80000E+00    1.52286E-11
 2.00000E+00    1.18944E-10
 2.20000E+00    6.60902E-10
 2.40000E+00    2.86860E-09
 2.60000E+00    1.01751E-08
 2.80000E+00    3.04862E-08
 3.00000E+00    7.95206E-08
 3.20000E+00    1.85018E-07
 3.40000E+00    3.93178E-07
 3.60000E+00    7.77905E-07
 3.80000E+00    1.55831E-06
 4.00000E+00    2.66756E-06
 4.20000E+00    4.78817E-06
 4.40000E+00    8.08616E-06
 4.60000E+00    1.17209E-05
 4.80000E+00    2.27051E-05
 5.00000E+00    3.41399E-05
 5.20000E+00    5.86718E-05
 5.40000E+00    9.52107E-05
 5.60000E+00    1.17168E-04
 5.80000E+00    2.48596E-04
 6.00000E+00    3.78082E-04
 6.20000E+00    5.63172E-04
 6.40000E+00    9.02977E-04
 6.60000E+00    1.10350E-03
 6.80000E+00    1.97706E-03
 7.00000E+00    2.91778E-03
 7.20000E+00    3.85119E-03
 7.40000E+00    5.70564E-03
 7.60000E+00    6.89205E-03
 7.80000E+00    1.04649E-02
 8.00000E+00    1.46456E-02
 8.50000E+00    2.85776E-02
 9.00000E+00    5.18084E-02
 9.50000E+00    8.83946E-02
 1.00000E+01    1.43448E-01
 1.05000E+01    2.23172E-01
 1.10000E+01    3.34557E-01
 1.15000E+01    4.84853E-01
 1.20000E+01    6.80838E-01
 1.25000E+01    9.27617E-01
 1.30000E+01    1.22817E+00
 1.35000E+01    1.58195E+00
 1.40000E+01    1.98368E+00
 1.45000E+01    2.42433E+00
 1.50000E+01    2.90110E+00
 1.60000E+01    3.89280E+00
 1.70000E+01    5.00000E+00
 1.80000E+01    5.88460E+00
 1.90000E+01    6.60952E+00
 2.00000E+01    7.09627E+00
 2.10000E+01    7.49163E+00
 2.20000E+01    7.84460E+00
 2.30000E+01    7.95567E+00
 2.40000E+01    8.04677E+00
 2.50000E+01    7.94524E+00
 2.60000E+01    7.92024E+00
 2.70000E+01    7.71016E+00
 2.80000E+01    7.60093E+00
 2.90000E+01    7.36986E+00
 3.00000E+01    7.13443E+00
 3.20000E+01    6.72974E+00
 3.40000E+01    6.28173E+00
 3.60000E+01    5.70648E+00
 3.80000E+01    5.34431E+00
 4.00000E+01    4.82138E+00
 4.20000E+01    4.50717E+00
 4.40000E+01    4.32304E+00
 4.60000E+01    3.82667E+00
 4.80000E+01    3.51800E+00
 5.00000E+01    3.42418E+00
 5.20000E+01    3.29496E+00
 5.40000E+01    2.81673E+00
 5.60000E+01    2.60492E+00
 5.80000E+01    2.54779E+00
 6.00000E+01    2.51461E+00
