# n + Ac225 : (n,t)     
# eaf.2010   Manhattan project, site A         EVAL-JUN10
# uncertainties: n
# # energies =    58
#   E(MeV)       xs(mb) 
 2.48973E+00    0.00000E+00
 5.60000E+00    2.78080E-17
 5.80000E+00    2.14183E-16
 6.00000E+00    1.43024E-15
 6.20000E+00    8.45455E-15
 6.40000E+00    4.46559E-14
 6.60000E+00    2.39778E-12
 6.80000E+00    8.25752E-12
 7.00000E+00    1.52254E-11
 7.20000E+00    1.78516E-10
 7.40000E+00    4.67412E-10
 7.60000E+00    2.08417E-09
 7.80000E+00    6.20452E-09
 8.00000E+00    1.04528E-08
 8.50000E+00    1.31122E-07
 9.00000E+00    1.16247E-06
 9.50000E+00    7.78731E-06
 1.00000E+01    4.15167E-05
 1.05000E+01    1.83189E-04
 1.10000E+01    6.89359E-04
 1.15000E+01    2.26023E-03
 1.20000E+01    6.54701E-03
 1.25000E+01    1.68699E-02
 1.30000E+01    3.87501E-02
 1.35000E+01    7.95708E-02
 1.40000E+01    1.47288E-01
 1.45000E+01    2.49012E-01
 1.50000E+01    3.90086E-01
 1.60000E+01    8.00778E-01
 1.70000E+01    1.37792E+00
 1.80000E+01    2.08371E+00
 1.90000E+01    2.83586E+00
 2.00000E+01    3.54209E+00
 2.10000E+01    4.13409E+00
 2.20000E+01    4.57683E+00
 2.30000E+01    4.84477E+00
 2.40000E+01    4.99316E+00
 2.50000E+01    5.03452E+00
 2.60000E+01    4.99573E+00
 2.70000E+01    4.89412E+00
 2.80000E+01    4.75055E+00
 2.90000E+01    4.57497E+00
 3.00000E+01    4.38772E+00
 3.20000E+01    3.99805E+00
 3.40000E+01    3.58587E+00
 3.60000E+01    3.21932E+00
 3.80000E+01    2.86608E+00
 4.00000E+01    2.54910E+00
 4.20000E+01    2.25431E+00
 4.40000E+01    2.03562E+00
 4.60000E+01    1.78377E+00
 4.80000E+01    1.60696E+00
 5.00000E+01    1.43570E+00
 5.20000E+01    1.24270E+00
 5.40000E+01    1.12826E+00
 5.60000E+01    1.03755E+00
 5.80000E+01    8.92203E-01
 6.00000E+01    7.75060E-01
