# n + Ac225 : (n,h)     
# eaf.2010   Manhattan project, site A         EVAL-JUN10
# uncertainties: n
# # energies =    39
#   E(MeV)       xs(mb) 
 3.62527E+00    0.00000E+00
 1.15000E+01    2.35383E-17
 1.20000E+01    2.83121E-16
 1.25000E+01    2.56355E-15
 1.30000E+01    2.05690E-12
 1.35000E+01    1.27057E-11
 1.40000E+01    6.62454E-11
 1.45000E+01    2.99200E-10
 1.50000E+01    1.19388E-09
 1.60000E+01    1.39387E-08
 1.70000E+01    1.16365E-07
 1.80000E+01    7.45426E-07
 1.90000E+01    3.86197E-06
 2.00000E+01    1.68434E-05
 2.10000E+01    6.37499E-05
 2.20000E+01    2.14163E-04
 2.30000E+01    6.48421E-04
 2.40000E+01    1.71645E-03
 2.50000E+01    4.22065E-03
 2.60000E+01    9.59541E-03
 2.70000E+01    1.97335E-02
 2.80000E+01    3.65011E-02
 2.90000E+01    6.14945E-02
 3.00000E+01    9.29569E-02
 3.20000E+01    1.68104E-01
 3.40000E+01    2.38402E-01
 3.60000E+01    2.94414E-01
 3.80000E+01    3.06683E-01
 4.00000E+01    3.17799E-01
 4.20000E+01    3.13117E-01
 4.40000E+01    3.07216E-01
 4.60000E+01    2.81216E-01
 4.80000E+01    2.86233E-01
 5.00000E+01    2.38266E-01
 5.20000E+01    2.31506E-01
 5.40000E+01    2.30741E-01
 5.60000E+01    1.85108E-01
 5.80000E+01    1.74254E-01
 6.00000E+01    1.69210E-01
