# n + Ac225 : (n,2nd)   
# eaf.2010   Manhattan project, site A         EVAL-JUN10
# uncertainties: n
# # energies =    30
#   E(MeV)       xs(mb) 
 1.39489E+01    0.00000E+00
 1.70000E+01    2.01455E-15
 1.80000E+01    1.34269E-11
 1.90000E+01    5.67585E-09
 2.00000E+01    4.21416E-07
 2.10000E+01    1.09698E-05
 2.20000E+01    1.47444E-04
 2.30000E+01    1.25538E-03
 2.40000E+01    7.25117E-03
 2.50000E+01    3.02253E-02
 2.60000E+01    9.59454E-02
 2.70000E+01    2.56627E-01
 2.80000E+01    5.50763E-01
 2.90000E+01    1.03972E+00
 3.00000E+01    1.73892E+00
 3.20000E+01    3.75445E+00
 3.40000E+01    6.49492E+00
 3.60000E+01    9.31851E+00
 3.80000E+01    1.17460E+01
 4.00000E+01    1.37336E+01
 4.20000E+01    1.52199E+01
 4.40000E+01    1.61241E+01
 4.60000E+01    1.68861E+01
 4.80000E+01    1.70753E+01
 5.00000E+01    1.72582E+01
 5.20000E+01    1.72685E+01
 5.40000E+01    1.72961E+01
 5.60000E+01    1.65935E+01
 5.80000E+01    1.65212E+01
 6.00000E+01    1.66104E+01
