# n + Ac225 : (n,t2a)   
# eaf.2010   Manhattan project, site A         EVAL-JUN10
# uncertainties: n
# # energies =   100
#   E(MeV)       xs(mb) 
 1.00000E-11    1.00000E-17
 2.53000E-08    1.00000E-17
 1.09519E-07    1.00000E-17
 5.47596E-07    1.00000E-17
 1.00000E-06    1.00000E-17
 1.00000E-03    1.00000E-17
 2.00000E-03    1.00000E-17
 5.00000E-03    1.00000E-17
 1.00000E-02    1.00000E-17
 2.00000E-02    1.00000E-17
 5.00000E-02    1.00000E-17
 1.00000E-01    1.00000E-17
 2.00000E-01    1.00000E-17
 3.00000E-01    1.00000E-17
 4.00000E-01    1.00000E-17
 5.00000E-01    1.00000E-17
 6.00000E-01    1.00000E-17
 7.00000E-01    1.00000E-17
 8.00000E-01    1.00000E-17
 9.00000E-01    1.00000E-17
 1.00000E+00    1.00000E-17
 1.20000E+00    1.00000E-17
 1.40000E+00    1.00000E-17
 1.60000E+00    1.00000E-17
 1.80000E+00    1.00000E-17
 2.00000E+00    1.00000E-17
 2.20000E+00    1.00000E-17
 2.40000E+00    1.00000E-17
 2.60000E+00    1.00000E-17
 2.80000E+00    1.00000E-17
 3.00000E+00    1.00000E-17
 3.20000E+00    1.00000E-17
 3.40000E+00    1.00000E-17
 3.60000E+00    1.00000E-17
 3.80000E+00    1.00000E-17
 4.00000E+00    1.00000E-17
 4.20000E+00    1.00000E-17
 4.40000E+00    1.00000E-17
 4.60000E+00    1.00000E-17
 4.80000E+00    1.00000E-17
 5.00000E+00    1.00000E-17
 5.20000E+00    1.00000E-17
 5.40000E+00    1.00000E-17
 5.60000E+00    1.00000E-17
 5.80000E+00    1.00000E-17
 6.00000E+00    1.00000E-17
 6.20000E+00    1.00000E-17
 6.40000E+00    1.00000E-17
 6.60000E+00    1.00000E-17
 6.80000E+00    1.00000E-17
 7.00000E+00    1.00000E-17
 7.20000E+00    1.00000E-17
 7.40000E+00    1.00000E-17
 7.60000E+00    1.00000E-17
 7.80000E+00    1.00000E-17
 8.00000E+00    1.00000E-17
 8.50000E+00    1.00000E-17
 9.00000E+00    6.02021E-17
 9.50000E+00    6.35252E-16
 1.00000E+01    6.34619E-15
 1.05000E+01    3.05918E-14
 1.10000E+01    1.85492E-13
 1.15000E+01    2.50324E-12
 1.20000E+01    1.10433E-11
 1.25000E+01    4.53215E-11
 1.30000E+01    1.61891E-10
 1.35000E+01    5.12892E-10
 1.40000E+01    1.51442E-09
 1.45000E+01    4.10876E-09
 1.50000E+01    1.02279E-08
 1.60000E+01    4.89711E-08
 1.70000E+01    1.72906E-07
 1.80000E+01    4.57496E-07
 1.90000E+01    8.68015E-07
 2.00000E+01    1.28561E-06
 2.10000E+01    1.72081E-06
 2.20000E+01    2.05954E-06
 2.30000E+01    2.08273E-06
 2.40000E+01    2.19204E-06
 2.50000E+01    2.48487E-06
 2.60000E+01    2.53001E-06
 2.70000E+01    2.52782E-06
 2.80000E+01    2.71176E-06
 2.90000E+01    2.63966E-06
 3.00000E+01    2.53500E-06
 3.20000E+01    2.18664E-06
 3.40000E+01    2.41969E-06
 3.60000E+01    2.29534E-06
 3.80000E+01    1.82550E-06
 4.00000E+01    1.59995E-06
 4.20000E+01    1.59383E-06
 4.40000E+01    1.23788E-06
 4.60000E+01    1.22710E-06
 4.80000E+01    1.12770E-06
 5.00000E+01    1.17044E-06
 5.20000E+01    9.06356E-07
 5.40000E+01    7.52617E-07
 5.60000E+01    7.12082E-07
 5.80000E+01    1.37551E-06
 6.00000E+01    8.38981E-07
