# n + Ac225 :  n        
# eaf.2010   Manhattan project, site A         EVAL-JUN10
# uncertainties: n
# # energies =    29
#   E(MeV)       xs(mb) 
 1.44106E+01    0.00000E+00
 1.80000E+01    2.24548E-15
 1.90000E+01    3.26241E-11
 2.00000E+01    8.95313E-09
 2.10000E+01    6.16495E-07
 2.20000E+01    1.73968E-05
 2.30000E+01    2.66300E-04
 2.40000E+01    2.50261E-03
 2.50000E+01    1.58089E-02
 2.60000E+01    6.65452E-02
 2.70000E+01    1.97846E-01
 2.80000E+01    4.49584E-01
 2.90000E+01    8.34610E-01
 3.00000E+01    1.35409E+00
 3.20000E+01    2.70766E+00
 3.40000E+01    4.20296E+00
 3.60000E+01    5.53095E+00
 3.80000E+01    6.61895E+00
 4.00000E+01    7.18461E+00
 4.20000E+01    7.43493E+00
 4.40000E+01    7.43368E+00
 4.60000E+01    7.29701E+00
 4.80000E+01    7.07470E+00
 5.00000E+01    6.60426E+00
 5.20000E+01    6.42973E+00
 5.40000E+01    5.88186E+00
 5.60000E+01    5.62208E+00
 5.80000E+01    5.12001E+00
 6.00000E+01    4.76756E+00
