# n + Ac225 :  n        
# eaf.2010   Manhattan project, site A         EVAL-JUN10
# uncertainties: n
# # energies =   100
#   E(MeV)       xs(mb) 
 1.00000E-11    1.00000E-17
 2.53000E-08    1.00000E-17
 1.22769E-07    1.00000E-17
 6.13843E-07    1.00000E-17
 1.00000E-06    1.00000E-17
 1.00000E-03    1.00000E-17
 2.00000E-03    1.00000E-17
 5.00000E-03    1.00000E-17
 1.00000E-02    1.00000E-17
 2.00000E-02    1.00000E-17
 5.00000E-02    1.00000E-17
 1.00000E-01    1.00000E-17
 2.00000E-01    1.00000E-17
 3.00000E-01    1.00000E-17
 4.00000E-01    1.00000E-17
 5.00000E-01    1.00000E-17
 6.00000E-01    1.00000E-17
 7.00000E-01    1.00000E-17
 8.00000E-01    1.00000E-17
 9.00000E-01    1.00000E-17
 1.00000E+00    1.00000E-17
 1.20000E+00    1.00000E-17
 1.40000E+00    1.00000E-17
 1.60000E+00    1.00000E-17
 1.80000E+00    1.00000E-17
 2.00000E+00    1.00000E-17
 2.20000E+00    1.00000E-17
 2.40000E+00    1.00000E-17
 2.60000E+00    1.00000E-17
 2.80000E+00    1.00000E-17
 3.00000E+00    1.00000E-17
 3.20000E+00    1.00000E-17
 3.40000E+00    1.00000E-17
 3.60000E+00    1.00000E-17
 3.80000E+00    1.00000E-17
 4.00000E+00    1.00000E-17
 4.20000E+00    1.00000E-17
 4.40000E+00    1.00000E-17
 4.60000E+00    1.00000E-17
 4.80000E+00    1.00000E-17
 5.00000E+00    1.00000E-17
 5.20000E+00    1.00000E-17
 5.40000E+00    1.00000E-17
 5.60000E+00    1.00000E-17
 5.80000E+00    1.00000E-17
 6.00000E+00    1.00000E-17
 6.20000E+00    1.00000E-17
 6.40000E+00    1.00000E-17
 6.60000E+00    2.16379E-16
 6.80000E+00    1.00796E-15
 7.00000E+00    2.04332E-15
 7.20000E+00    2.10991E-14
 7.40000E+00    6.61996E-14
 7.60000E+00    2.25888E-13
 7.80000E+00    3.13186E-12
 8.00000E+00    5.59691E-12
 8.50000E+00    6.51710E-11
 9.00000E+00    5.34756E-10
 9.50000E+00    3.31385E-09
 1.00000E+01    1.63841E-08
 1.05000E+01    6.73479E-08
 1.10000E+01    2.35875E-07
 1.15000E+01    7.24700E-07
 1.20000E+01    2.00424E-06
 1.25000E+01    4.88808E-06
 1.30000E+01    1.06697E-05
 1.35000E+01    2.08901E-05
 1.40000E+01    3.69287E-05
 1.45000E+01    5.95320E-05
 1.50000E+01    8.86731E-05
 1.60000E+01    1.63112E-04
 1.70000E+01    2.58281E-04
 1.80000E+01    3.38923E-04
 1.90000E+01    4.10850E-04
 2.00000E+01    4.82623E-04
 2.10000E+01    5.26516E-04
 2.20000E+01    5.41515E-04
 2.30000E+01    5.56138E-04
 2.40000E+01    5.49125E-04
 2.50000E+01    5.33635E-04
 2.60000E+01    4.61999E-04
 2.70000E+01    4.51417E-04
 2.80000E+01    4.22595E-04
 2.90000E+01    4.04668E-04
 3.00000E+01    3.86672E-04
 3.20000E+01    3.47169E-04
 3.40000E+01    2.77334E-04
 3.60000E+01    2.51988E-04
 3.80000E+01    2.26276E-04
 4.00000E+01    1.72014E-04
 4.20000E+01    1.62054E-04
 4.40000E+01    1.49378E-04
 4.60000E+01    1.32153E-04
 4.80000E+01    1.14572E-04
 5.00000E+01    9.62227E-05
 5.20000E+01    8.26372E-05
 5.40000E+01    8.01070E-05
 5.60000E+01    7.56856E-05
 5.80000E+01    6.60134E-05
 6.00000E+01    6.30461E-05
