# n + Ac225 :  n        
# eaf.2010   Manhattan project, site A         EVAL-JUN10
# uncertainties: n
# # energies =    35
#   E(MeV)       xs(mb) 
 5.00345E+00    0.00000E+00
 1.35000E+01    2.92927E-16
 1.40000E+01    3.57504E-14
 1.45000E+01    1.78044E-12
 1.50000E+01    3.08891E-11
 1.60000E+01    2.48851E-09
 1.70000E+01    4.98737E-08
 1.80000E+01    4.53985E-07
 1.90000E+01    2.28704E-06
 2.00000E+01    8.24186E-06
 2.10000E+01    2.37222E-05
 2.20000E+01    5.64315E-05
 2.30000E+01    1.17540E-04
 2.40000E+01    2.16521E-04
 2.50000E+01    3.53799E-04
 2.60000E+01    4.66602E-04
 2.70000E+01    6.73762E-04
 2.80000E+01    8.74181E-04
 2.90000E+01    1.09033E-03
 3.00000E+01    1.34347E-03
 3.20000E+01    1.82411E-03
 3.40000E+01    1.93899E-03
 3.60000E+01    2.42615E-03
 3.80000E+01    3.22758E-03
 4.00000E+01    3.93954E-03
 4.20000E+01    5.58707E-03
 4.40000E+01    7.41784E-03
 4.60000E+01    9.25826E-03
 4.80000E+01    9.91078E-03
 5.00000E+01    9.59290E-03
 5.20000E+01    9.58751E-03
 5.40000E+01    9.29623E-03
 5.60000E+01    9.73397E-03
 5.80000E+01    1.00701E-02
 6.00000E+01    1.04828E-02
