# n + Ac225 : (n,2n)    
# eaf.2010   Manhattan project, site A         EVAL-JUN10
# uncertainties: n
# # energies =    52
#   E(MeV)       xs(mb) 
 6.69264E+00    0.00000E+00
 6.80000E+00    2.62320E+00
 7.00000E+00    4.76121E+01
 7.20000E+00    1.69465E+02
 7.40000E+00    3.45129E+02
 7.60000E+00    5.42374E+02
 7.80000E+00    7.41211E+02
 8.00000E+00    9.34584E+02
 8.50000E+00    1.37151E+03
 9.00000E+00    1.70238E+03
 9.50000E+00    1.91875E+03
 1.00000E+01    2.04996E+03
 1.05000E+01    2.12850E+03
 1.10000E+01    2.17665E+03
 1.15000E+01    2.20747E+03
 1.20000E+01    2.22767E+03
 1.25000E+01    2.24042E+03
 1.30000E+01    2.24040E+03
 1.35000E+01    2.19222E+03
 1.40000E+01    2.07287E+03
 1.45000E+01    1.88995E+03
 1.50000E+01    1.66628E+03
 1.60000E+01    1.21390E+03
 1.70000E+01    8.70937E+02
 1.80000E+01    6.51017E+02
 1.90000E+01    5.19747E+02
 2.00000E+01    4.47848E+02
 2.10000E+01    4.00477E+02
 2.20000E+01    3.67828E+02
 2.30000E+01    3.44257E+02
 2.40000E+01    3.25789E+02
 2.50000E+01    3.11119E+02
 2.60000E+01    2.96682E+02
 2.70000E+01    2.85847E+02
 2.80000E+01    2.74660E+02
 2.90000E+01    2.64549E+02
 3.00000E+01    2.55493E+02
 3.20000E+01    2.39229E+02
 3.40000E+01    2.23058E+02
 3.60000E+01    2.08605E+02
 3.80000E+01    1.94790E+02
 4.00000E+01    1.83182E+02
 4.20000E+01    1.71019E+02
 4.40000E+01    1.60983E+02
 4.60000E+01    1.52494E+02
 4.80000E+01    1.42175E+02
 5.00000E+01    1.38444E+02
 5.20000E+01    1.27377E+02
 5.40000E+01    1.21995E+02
 5.60000E+01    1.19010E+02
 5.80000E+01    1.12706E+02
 6.00000E+01    1.06447E+02
