# n + Ac225 : (n,3n)    
# eaf.2010   Manhattan project, site A         EVAL-JUN10
# uncertainties: n
# # energies =    37
#   E(MeV)       xs(mb) 
 1.23839E+01    0.00000E+00
 1.25000E+01    1.83050E-02
 1.30000E+01    6.84037E+00
 1.35000E+01    5.62659E+01
 1.40000E+01    1.72211E+02
 1.45000E+01    3.48648E+02
 1.50000E+01    5.63478E+02
 1.60000E+01    9.93595E+02
 1.70000E+01    1.30820E+03
 1.80000E+01    1.50894E+03
 1.90000E+01    1.62600E+03
 2.00000E+01    1.68434E+03
 2.10000E+01    1.70972E+03
 2.20000E+01    1.56743E+03
 2.30000E+01    1.45153E+03
 2.40000E+01    1.27744E+03
 2.50000E+01    1.06538E+03
 2.60000E+01    8.58160E+02
 2.70000E+01    6.89304E+02
 2.80000E+01    5.65425E+02
 2.90000E+01    4.75120E+02
 3.00000E+01    4.17509E+02
 3.20000E+01    3.51155E+02
 3.40000E+01    3.14093E+02
 3.60000E+01    2.88015E+02
 3.80000E+01    2.67479E+02
 4.00000E+01    2.51385E+02
 4.20000E+01    2.36300E+02
 4.40000E+01    2.23100E+02
 4.60000E+01    2.09812E+02
 4.80000E+01    1.98127E+02
 5.00000E+01    1.86579E+02
 5.20000E+01    1.79509E+02
 5.40000E+01    1.69300E+02
 5.60000E+01    1.58657E+02
 5.80000E+01    1.54398E+02
 6.00000E+01    1.48265E+02
