# n + Ac225 :  n        
# eaf.2010   Manhattan project, site A         EVAL-JUN10
# uncertainties: n
# # energies =   100
#   E(MeV)       xs(mb) 
 1.00000E-11    1.00000E-17
 2.53000E-08    1.00000E-17
 1.22769E-07    1.00000E-17
 6.13843E-07    1.00000E-17
 1.00000E-06    1.00000E-17
 1.00000E-03    1.00000E-17
 2.00000E-03    1.00000E-17
 5.00000E-03    1.00000E-17
 1.00000E-02    1.00000E-17
 2.00000E-02    1.00000E-17
 5.00000E-02    1.00000E-17
 1.00000E-01    1.00000E-17
 2.00000E-01    1.00000E-17
 3.00000E-01    1.00000E-17
 4.00000E-01    1.00000E-17
 5.00000E-01    1.00000E-17
 6.00000E-01    1.00000E-17
 7.00000E-01    1.00000E-17
 8.00000E-01    1.00000E-17
 9.00000E-01    1.00000E-17
 1.00000E+00    1.00000E-17
 1.20000E+00    1.00000E-17
 1.40000E+00    1.00000E-17
 1.60000E+00    1.00000E-17
 1.80000E+00    1.00000E-17
 2.00000E+00    1.00000E-17
 2.20000E+00    1.00000E-17
 2.40000E+00    1.00000E-17
 2.60000E+00    1.00000E-17
 2.80000E+00    1.00000E-17
 3.00000E+00    1.00000E-17
 3.20000E+00    1.00000E-17
 3.40000E+00    1.00000E-17
 3.60000E+00    1.00000E-17
 3.80000E+00    1.00000E-17
 4.00000E+00    1.00000E-17
 4.20000E+00    1.00000E-17
 4.40000E+00    1.00000E-17
 4.60000E+00    1.00000E-17
 4.80000E+00    1.00000E-17
 5.00000E+00    1.00000E-17
 5.20000E+00    1.00000E-17
 5.40000E+00    1.00000E-17
 5.60000E+00    1.00000E-17
 5.80000E+00    1.00000E-17
 6.00000E+00    1.00000E-17
 6.20000E+00    1.00000E-17
 6.40000E+00    1.00000E-17
 6.60000E+00    1.00000E-17
 6.80000E+00    1.00000E-17
 7.00000E+00    1.00000E-17
 7.20000E+00    1.00000E-17
 7.40000E+00    1.00000E-17
 7.60000E+00    1.00000E-17
 7.80000E+00    1.00000E-17
 8.00000E+00    1.00000E-17
 8.50000E+00    1.00000E-17
 9.00000E+00    1.00000E-17
 9.50000E+00    1.00000E-17
 1.00000E+01    1.00000E-17
 1.05000E+01    1.00000E-17
 1.10000E+01    1.00000E-17
 1.15000E+01    1.00000E-17
 1.20000E+01    3.84648E-15
 1.25000E+01    2.50930E-12
 1.30000E+01    1.02187E-04
 1.35000E+01    3.16426E-03
 1.40000E+01    2.07077E-02
 1.45000E+01    6.72213E-02
 1.50000E+01    1.57611E-01
 1.60000E+01    4.70793E-01
 1.70000E+01    8.05153E-01
 1.80000E+01    1.20147E+00
 1.90000E+01    1.40648E+00
 2.00000E+01    1.56257E+00
 2.10000E+01    1.61460E+00
 2.20000E+01    1.59576E+00
 2.30000E+01    1.48503E+00
 2.40000E+01    1.28267E+00
 2.50000E+01    1.16819E+00
 2.60000E+01    8.16090E-01
 2.70000E+01    1.73573E-01
 2.80000E+01    1.43705E-01
 2.90000E+01    2.63526E-01
 3.00000E+01    2.06648E-01
 3.20000E+01    2.11531E-01
 3.40000E+01    3.05273E-01
 3.60000E+01    3.51949E-01
 3.80000E+01    4.63542E-01
 4.00000E+01    4.61630E-01
 4.20000E+01    4.34142E-01
 4.40000E+01    3.89136E-01
 4.60000E+01    3.65983E-01
 4.80000E+01    3.16823E-01
 5.00000E+01    2.80935E-01
 5.20000E+01    2.51595E-01
 5.40000E+01    2.40894E-01
 5.60000E+01    2.20832E-01
 5.80000E+01    2.09442E-01
 6.00000E+01    1.38996E-01
