# n + Ac225 : (n,n3a)   
# eaf.2010   Manhattan project, site A         EVAL-JUN10
# uncertainties: n
# # energies =   100
#   E(MeV)       xs(mb) 
 1.00000E-11    1.00000E-17
 2.53000E-08    1.00000E-17
 1.22769E-07    1.00000E-17
 6.13843E-07    1.00000E-17
 1.00000E-06    1.00000E-17
 1.00000E-03    1.00000E-17
 2.00000E-03    1.00000E-17
 5.00000E-03    1.00000E-17
 1.00000E-02    1.00000E-17
 2.00000E-02    1.00000E-17
 5.00000E-02    1.00000E-17
 1.00000E-01    1.00000E-17
 2.00000E-01    1.00000E-17
 3.00000E-01    1.00000E-17
 4.00000E-01    1.00000E-17
 5.00000E-01    1.00000E-17
 6.00000E-01    1.00000E-17
 7.00000E-01    1.00000E-17
 8.00000E-01    1.00000E-17
 9.00000E-01    1.00000E-17
 1.00000E+00    1.00000E-17
 1.20000E+00    1.00000E-17
 1.40000E+00    7.21505E-17
 1.60000E+00    1.93610E-16
 1.80000E+00    4.90478E-16
 2.00000E+00    1.19240E-15
 2.20000E+00    1.34876E-12
 2.40000E+00    2.65378E-12
 2.60000E+00    4.79066E-12
 2.80000E+00    8.59246E-12
 3.00000E+00    1.47501E-11
 3.20000E+00    2.46426E-11
 3.40000E+00    3.95288E-11
 3.60000E+00    6.13177E-11
 3.80000E+00    9.14235E-11
 4.00000E+00    7.47905E-13
 4.20000E+00    1.38249E-12
 4.40000E+00    2.13938E-12
 4.60000E+00    3.21566E-12
 4.80000E+00    4.81774E-12
 5.00000E+00    7.23951E-12
 5.20000E+00    1.53699E-09
 5.40000E+00    2.41386E-09
 5.60000E+00    2.12090E-09
 5.80000E+00    2.72256E-09
 6.00000E+00    3.47088E-09
 6.20000E+00    4.40066E-09
 6.40000E+00    5.55103E-09
 6.60000E+00    6.95757E-09
 6.80000E+00    8.65198E-09
 7.00000E+00    1.03772E-08
 7.20000E+00    1.16281E-08
 7.40000E+00    1.13458E-08
 7.60000E+00    3.80967E-08
 7.80000E+00    3.54113E-08
 8.00000E+00    3.59612E-08
 8.50000E+00    5.10583E-08
 9.00000E+00    4.77819E-08
 9.50000E+00    1.91871E-08
 1.00000E+01    3.92429E-08
 1.05000E+01    4.68118E-08
 1.10000E+01    5.56429E-08
 1.15000E+01    5.44913E-08
 1.20000E+01    8.24333E-08
 1.25000E+01    1.22206E-07
 1.30000E+01    1.61185E-07
 1.35000E+01    1.33718E-07
 1.40000E+01    1.72066E-07
 1.45000E+01    2.46071E-07
 1.50000E+01    2.73260E-07
 1.60000E+01    5.60002E-07
 1.70000E+01    1.10162E-06
 1.80000E+01    2.58734E-06
 1.90000E+01    2.66735E-06
 2.00000E+01    6.08243E-06
 2.10000E+01    1.11857E-05
 2.20000E+01    1.96948E-05
 2.30000E+01    1.53255E-05
 2.40000E+01    1.89723E-05
 2.50000E+01    2.78177E-05
 2.60000E+01    3.52978E-05
 2.70000E+01    4.84595E-05
 2.80000E+01    3.23429E-05
 2.90000E+01    3.68453E-05
 3.00000E+01    3.97143E-05
 3.20000E+01    2.70915E-05
 3.40000E+01    2.53928E-05
 3.60000E+01    3.14026E-05
 3.80000E+01    2.43514E-05
 4.00000E+01    2.71295E-05
 4.20000E+01    2.42397E-05
 4.40000E+01    1.90446E-05
 4.60000E+01    1.85293E-05
 4.80000E+01    1.29679E-05
 5.00000E+01    1.30610E-05
 5.20000E+01    1.08594E-05
 5.40000E+01    8.99743E-06
 5.60000E+01    8.53747E-06
 5.80000E+01    7.66405E-06
 6.00000E+01    9.30201E-06
