# n + Ac225 : (n,3na)   
# eaf.2010   Manhattan project, site A         EVAL-JUN10
# uncertainties: n
# # energies =    38
#   E(MeV)       xs(mb) 
 5.57038E+00    0.00000E+00
 1.20000E+01    2.21968E-11
 1.25000E+01    9.76333E-10
 1.30000E+01    2.02158E-02
 1.35000E+01    5.91070E-01
 1.40000E+01    3.78070E+00
 1.45000E+01    1.22481E+01
 1.50000E+01    2.86638E+01
 1.60000E+01    8.37130E+01
 1.70000E+01    1.43198E+02
 1.80000E+01    2.16055E+02
 1.90000E+01    2.54181E+02
 2.00000E+01    2.84948E+02
 2.10000E+01    2.98939E+02
 2.20000E+01    3.00118E+02
 2.30000E+01    2.81359E+02
 2.40000E+01    2.43877E+02
 2.50000E+01    2.11404E+02
 2.60000E+01    1.63289E+02
 2.70000E+01    3.07543E+01
 2.80000E+01    2.35270E+01
 2.90000E+01    2.35342E+01
 3.00000E+01    1.95153E+01
 3.20000E+01    1.61607E+01
 3.40000E+01    1.57621E+01
 3.60000E+01    1.64326E+01
 3.80000E+01    1.77103E+01
 4.00000E+01    1.70440E+01
 4.20000E+01    1.60633E+01
 4.40000E+01    1.54108E+01
 4.60000E+01    1.39356E+01
 4.80000E+01    1.32384E+01
 5.00000E+01    1.13182E+01
 5.20000E+01    9.93169E+00
 5.40000E+01    9.45669E+00
 5.60000E+01    8.41074E+00
 5.80000E+01    7.66745E+00
 6.00000E+01    6.00787E+00
