# n + Ac225 : (n,np)    
# eaf.2010   Manhattan project, site A         EVAL-JUN10
# uncertainties: n
# # energies =    56
#   E(MeV)       xs(mb) 
 4.49726E+00    0.00000E+00
 6.00000E+00    1.07587E-17
 6.20000E+00    1.38011E-15
 6.40000E+00    5.20611E-14
 6.60000E+00    1.07543E-12
 6.80000E+00    1.32566E-11
 7.00000E+00    7.11725E-11
 7.20000E+00    2.98014E-10
 7.40000E+00    1.25242E-09
 7.60000E+00    4.94684E-09
 7.80000E+00    1.82497E-08
 8.00000E+00    6.12033E-08
 8.50000E+00    7.59936E-07
 9.00000E+00    6.80824E-06
 9.50000E+00    3.78618E-05
 1.00000E+01    1.64587E-04
 1.05000E+01    5.56382E-04
 1.10000E+01    1.75541E-03
 1.15000E+01    4.88367E-03
 1.20000E+01    1.20911E-02
 1.25000E+01    2.72147E-02
 1.30000E+01    5.60427E-02
 1.35000E+01    1.08107E-01
 1.40000E+01    1.98208E-01
 1.45000E+01    3.45727E-01
 1.50000E+01    5.59524E-01
 1.60000E+01    1.30689E+00
 1.70000E+01    2.68792E+00
 1.80000E+01    4.74576E+00
 1.90000E+01    7.56817E+00
 2.00000E+01    1.12480E+01
 2.10000E+01    1.53956E+01
 2.20000E+01    1.98249E+01
 2.30000E+01    2.43595E+01
 2.40000E+01    2.85237E+01
 2.50000E+01    3.25011E+01
 2.60000E+01    3.59210E+01
 2.70000E+01    3.87963E+01
 2.80000E+01    4.11377E+01
 2.90000E+01    4.35088E+01
 3.00000E+01    4.48920E+01
 3.20000E+01    4.77090E+01
 3.40000E+01    4.92863E+01
 3.60000E+01    4.98498E+01
 3.80000E+01    4.93424E+01
 4.00000E+01    5.05661E+01
 4.20000E+01    4.93701E+01
 4.40000E+01    5.00738E+01
 4.60000E+01    4.83377E+01
 4.80000E+01    4.92360E+01
 5.00000E+01    4.80054E+01
 5.20000E+01    4.63913E+01
 5.40000E+01    4.75358E+01
 5.60000E+01    4.82554E+01
 5.80000E+01    4.48307E+01
 6.00000E+01    4.46750E+01
