# n + Ac225 : (n,n2a)   
# eaf.2010   Manhattan project, site A         EVAL-JUN10
# uncertainties: n
# # energies =   100
#   E(MeV)       xs(mb) 
 1.00000E-11    1.00000E-17
 2.53000E-08    1.00000E-17
 1.22769E-07    1.00000E-17
 6.13843E-07    1.00000E-17
 1.00000E-06    1.00000E-17
 1.00000E-03    1.00000E-17
 2.00000E-03    1.00000E-17
 5.00000E-03    1.00000E-17
 1.00000E-02    1.00000E-17
 2.00000E-02    1.00000E-17
 5.00000E-02    1.00000E-17
 1.00000E-01    1.00000E-17
 2.00000E-01    4.03580E-17
 3.00000E-01    9.45625E-16
 4.00000E-01    2.51399E-15
 5.00000E-01    2.52253E-13
 6.00000E-01    3.56303E-12
 7.00000E-01    1.18604E-11
 8.00000E-01    4.11914E-11
 9.00000E-01    1.39028E-10
 1.00000E+00    4.09679E-10
 1.20000E+00    2.23365E-09
 1.40000E+00    7.35479E-09
 1.60000E+00    1.68038E-08
 1.80000E+00    2.92719E-08
 2.00000E+00    4.22775E-08
 2.20000E+00    6.20092E-08
 2.40000E+00    7.94038E-08
 2.60000E+00    1.01530E-07
 2.80000E+00    1.31754E-07
 3.00000E+00    1.74516E-07
 3.20000E+00    2.39952E-07
 3.40000E+00    3.30082E-07
 3.60000E+00    4.55764E-07
 3.80000E+00    6.24184E-07
 4.00000E+00    1.10932E-04
 4.20000E+00    1.13348E-04
 4.40000E+00    1.21101E-04
 4.60000E+00    1.23457E-04
 4.80000E+00    1.26184E-04
 5.00000E+00    1.29965E-04
 5.20000E+00    1.34802E-04
 5.40000E+00    1.40086E-04
 5.60000E+00    1.48133E-04
 5.80000E+00    1.55960E-04
 6.00000E+00    1.66082E-04
 6.20000E+00    1.76636E-04
 6.40000E+00    1.88797E-04
 6.60000E+00    2.02537E-04
 6.80000E+00    2.31460E-04
 7.00000E+00    2.46619E-04
 7.20000E+00    2.54857E-04
 7.40000E+00    2.61986E-04
 7.60000E+00    2.61032E-04
 7.80000E+00    2.54464E-04
 8.00000E+00    2.42708E-04
 8.50000E+00    2.06650E-04
 9.00000E+00    1.62974E-04
 9.50000E+00    1.30202E-04
 1.00000E+01    1.11546E-04
 1.05000E+01    1.04302E-04
 1.10000E+01    1.04637E-04
 1.15000E+01    1.13521E-04
 1.20000E+01    1.27144E-04
 1.25000E+01    1.47773E-04
 1.30000E+01    1.75797E-04
 1.35000E+01    1.38219E-04
 1.40000E+01    1.75255E-04
 1.45000E+01    2.18898E-04
 1.50000E+01    2.84520E-04
 1.60000E+01    5.08449E-04
 1.70000E+01    8.80572E-04
 1.80000E+01    1.13064E-03
 1.90000E+01    1.53365E-03
 2.00000E+01    2.21358E-03
 2.10000E+01    3.35319E-03
 2.20000E+01    4.94755E-03
 2.30000E+01    5.27877E-03
 2.40000E+01    5.51030E-03
 2.50000E+01    5.87283E-03
 2.60000E+01    5.90754E-03
 2.70000E+01    6.60811E-03
 2.80000E+01    5.08949E-03
 2.90000E+01    4.49876E-03
 3.00000E+01    4.38651E-03
 3.20000E+01    3.34000E-03
 3.40000E+01    2.78832E-03
 3.60000E+01    2.74849E-03
 3.80000E+01    2.24835E-03
 4.00000E+01    2.15549E-03
 4.20000E+01    1.96435E-03
 4.40000E+01    1.73920E-03
 4.60000E+01    1.38144E-03
 4.80000E+01    1.07875E-03
 5.00000E+01    9.07798E-04
 5.20000E+01    9.14461E-04
 5.40000E+01    6.80928E-04
 5.60000E+01    6.19601E-04
 5.80000E+01    5.77298E-04
 6.00000E+01    9.04177E-04
