# n + Ac225 : (n,2n2a)  
# eaf.2010   Manhattan project, site A         EVAL-JUN10
# uncertainties: n
# # energies =   100
#   E(MeV)       xs(mb) 
 1.00000E-11    1.00000E-17
 2.53000E-08    1.00000E-17
 1.22769E-07    1.00000E-17
 6.13843E-07    1.00000E-17
 1.00000E-06    1.00000E-17
 1.00000E-03    1.00000E-17
 2.00000E-03    1.00000E-17
 5.00000E-03    1.00000E-17
 1.00000E-02    1.00000E-17
 2.00000E-02    1.00000E-17
 5.00000E-02    1.00000E-17
 1.00000E-01    1.00000E-17
 2.00000E-01    1.00000E-17
 3.00000E-01    1.00000E-17
 4.00000E-01    1.00000E-17
 5.00000E-01    1.00000E-17
 6.00000E-01    1.00000E-17
 7.00000E-01    1.00000E-17
 8.00000E-01    1.00000E-17
 9.00000E-01    1.00000E-17
 1.00000E+00    1.00000E-17
 1.20000E+00    1.00000E-17
 1.40000E+00    1.00000E-17
 1.60000E+00    1.00000E-17
 1.80000E+00    1.00000E-17
 2.00000E+00    1.00000E-17
 2.20000E+00    1.00000E-17
 2.40000E+00    1.00000E-17
 2.60000E+00    1.00000E-17
 2.80000E+00    1.00000E-17
 3.00000E+00    1.00000E-17
 3.20000E+00    1.00000E-17
 3.40000E+00    1.00000E-17
 3.60000E+00    1.00000E-17
 3.80000E+00    1.00000E-17
 4.00000E+00    1.00000E-17
 4.20000E+00    1.00000E-17
 4.40000E+00    1.00000E-17
 4.60000E+00    1.00000E-17
 4.80000E+00    1.00000E-17
 5.00000E+00    1.00000E-17
 5.20000E+00    1.00000E-17
 5.40000E+00    1.00000E-17
 5.60000E+00    1.00000E-17
 5.80000E+00    1.00000E-17
 6.00000E+00    1.00000E-17
 6.20000E+00    1.00000E-17
 6.40000E+00    1.00000E-17
 6.60000E+00    1.44454E-16
 6.80000E+00    1.42190E-06
 7.00000E+00    6.55763E-04
 7.20000E+00    5.16543E-03
 7.40000E+00    1.65135E-02
 7.60000E+00    3.37452E-02
 7.80000E+00    5.37845E-02
 8.00000E+00    7.46854E-02
 8.50000E+00    1.15144E-01
 9.00000E+00    1.54353E-01
 9.50000E+00    1.66118E-01
 1.00000E+01    1.67361E-01
 1.05000E+01    1.58125E-01
 1.10000E+01    1.45301E-01
 1.15000E+01    1.32694E-01
 1.20000E+01    1.18274E-01
 1.25000E+01    1.06126E-01
 1.30000E+01    9.44427E-02
 1.35000E+01    8.34982E-02
 1.40000E+01    6.63368E-02
 1.45000E+01    5.62049E-02
 1.50000E+01    4.56542E-02
 1.60000E+01    2.80859E-02
 1.70000E+01    1.63298E-02
 1.80000E+01    9.78652E-03
 1.90000E+01    6.64259E-03
 2.00000E+01    5.35428E-03
 2.10000E+01    5.17096E-03
 2.20000E+01    5.73144E-03
 2.30000E+01    8.18627E-03
 2.40000E+01    1.15489E-02
 2.50000E+01    1.56289E-02
 2.60000E+01    2.15021E-02
 2.70000E+01    2.57945E-02
 2.80000E+01    3.01811E-02
 2.90000E+01    3.46210E-02
 3.00000E+01    3.58565E-02
 3.20000E+01    3.72155E-02
 3.40000E+01    3.57822E-02
 3.60000E+01    3.12197E-02
 3.80000E+01    2.76171E-02
 4.00000E+01    2.56182E-02
 4.20000E+01    2.43245E-02
 4.40000E+01    1.86499E-02
 4.60000E+01    1.78735E-02
 4.80000E+01    1.77484E-02
 5.00000E+01    1.64652E-02
 5.20000E+01    1.22755E-02
 5.40000E+01    1.11764E-02
 5.60000E+01    1.02198E-02
 5.80000E+01    9.53360E-03
 6.00000E+01    9.38143E-03
