# n + Ac225 : (n,nd)    
# eaf.2010   Manhattan project, site A         EVAL-JUN10
# uncertainties: n
# # energies =    39
#   E(MeV)       xs(mb) 
 8.77503E+00    0.00000E+00
 1.15000E+01    3.98606E-16
 1.20000E+01    1.82844E-13
 1.25000E+01    1.31754E-11
 1.30000E+01    7.38425E-10
 1.35000E+01    1.27259E-08
 1.40000E+01    1.53900E-07
 1.45000E+01    1.18295E-06
 1.50000E+01    7.54683E-06
 1.60000E+01    1.65620E-04
 1.70000E+01    1.88734E-03
 1.80000E+01    1.31141E-02
 1.90000E+01    6.04379E-02
 2.00000E+01    1.98746E-01
 2.10000E+01    4.89954E-01
 2.20000E+01    9.88382E-01
 2.30000E+01    1.69591E+00
 2.40000E+01    2.61916E+00
 2.50000E+01    3.68060E+00
 2.60000E+01    4.81103E+00
 2.70000E+01    6.07932E+00
 2.80000E+01    7.29171E+00
 2.90000E+01    8.32268E+00
 3.00000E+01    9.36219E+00
 3.20000E+01    1.08679E+01
 3.40000E+01    1.17186E+01
 3.60000E+01    1.22986E+01
 3.80000E+01    1.26838E+01
 4.00000E+01    1.25826E+01
 4.20000E+01    1.26334E+01
 4.40000E+01    1.24220E+01
 4.60000E+01    1.23112E+01
 4.80000E+01    1.18574E+01
 5.00000E+01    1.16907E+01
 5.20000E+01    1.11711E+01
 5.40000E+01    1.06955E+01
 5.60000E+01    1.04265E+01
 5.80000E+01    1.01289E+01
 6.00000E+01    9.35171E+00
