# n + Ac225 : (n,nt)    
# eaf.2010   Manhattan project, site A         EVAL-JUN10
# uncertainties: n
# # energies =    40
#   E(MeV)       xs(mb) 
 7.66361E+00    0.00000E+00
 1.10000E+01    9.07664E-16
 1.15000E+01    1.05058E-13
 1.20000E+01    3.85418E-11
 1.25000E+01    1.11443E-09
 1.30000E+01    1.41212E-08
 1.35000E+01    1.74641E-07
 1.40000E+01    1.33451E-06
 1.45000E+01    7.85806E-06
 1.50000E+01    3.92217E-05
 1.60000E+01    6.52345E-04
 1.70000E+01    6.54065E-03
 1.80000E+01    3.68818E-02
 1.90000E+01    1.44688E-01
 2.00000E+01    3.91032E-01
 2.10000E+01    8.16163E-01
 2.20000E+01    1.43244E+00
 2.30000E+01    2.21001E+00
 2.40000E+01    3.13381E+00
 2.50000E+01    4.11329E+00
 2.60000E+01    5.14020E+00
 2.70000E+01    6.13159E+00
 2.80000E+01    6.98013E+00
 2.90000E+01    7.67770E+00
 3.00000E+01    8.19025E+00
 3.20000E+01    8.70059E+00
 3.40000E+01    8.89756E+00
 3.60000E+01    8.58916E+00
 3.80000E+01    8.06690E+00
 4.00000E+01    7.57582E+00
 4.20000E+01    7.02673E+00
 4.40000E+01    6.40820E+00
 4.60000E+01    5.89498E+00
 4.80000E+01    5.32574E+00
 5.00000E+01    4.86721E+00
 5.20000E+01    4.39340E+00
 5.40000E+01    4.05904E+00
 5.60000E+01    3.55858E+00
 5.80000E+01    3.26455E+00
 6.00000E+01    3.04534E+00
