# n + Ac225 : (n,2np)   
# eaf.2010   Manhattan project, site A         EVAL-JUN10
# uncertainties: n
# # energies =    36
#   E(MeV)       xs(mb) 
 1.10096E+01    0.00000E+00
 1.30000E+01    4.29933E-15
 1.35000E+01    2.06394E-12
 1.40000E+01    2.83190E-10
 1.45000E+01    1.00441E-08
 1.50000E+01    1.87169E-07
 1.60000E+01    1.62784E-05
 1.70000E+01    3.33814E-04
 1.80000E+01    3.12526E-03
 1.90000E+01    1.84783E-02
 2.00000E+01    7.15906E-02
 2.10000E+01    2.25624E-01
 2.20000E+01    5.90078E-01
 2.30000E+01    1.33410E+00
 2.40000E+01    2.66583E+00
 2.50000E+01    4.66180E+00
 2.60000E+01    7.30795E+00
 2.70000E+01    1.09468E+01
 2.80000E+01    1.50562E+01
 2.90000E+01    1.92204E+01
 3.00000E+01    2.40966E+01
 3.20000E+01    3.29867E+01
 3.40000E+01    3.96596E+01
 3.60000E+01    4.50665E+01
 3.80000E+01    4.92736E+01
 4.00000E+01    5.06297E+01
 4.20000E+01    5.29137E+01
 4.40000E+01    5.27237E+01
 4.60000E+01    5.40152E+01
 4.80000E+01    5.30231E+01
 5.00000E+01    5.38290E+01
 5.20000E+01    5.33889E+01
 5.40000E+01    5.21683E+01
 5.60000E+01    5.16619E+01
 5.80000E+01    5.25503E+01
 6.00000E+01    5.01787E+01
