# n + Ac230 : (n,p)     
# tendl.2017 A.J. Koning and D. Rochman        EVAL-NOV17
# uncertainties: y
# # energies =   332
#   E(MeV)       xs(mb)       xslow(mb)      xsupp(mb)
 1.00000E-11    3.87203E-17    3.87203E-17    3.87203E-17
 1.03005E-11    3.81842E-17    3.81842E-17    3.81842E-17
 1.06099E-11    3.76563E-17    3.76563E-17    3.76563E-17
 1.09287E-11    3.71367E-17    3.71367E-17    3.71367E-17
 1.12571E-11    3.66253E-17    3.66253E-17    3.66253E-17
 1.15953E-11    3.61218E-17    3.61218E-17    3.61218E-17
 1.19437E-11    3.56262E-17    3.56262E-17    3.56262E-17
 1.23026E-11    3.51385E-17    3.51385E-17    3.51385E-17
 1.26722E-11    3.46583E-17    3.46583E-17    3.46583E-17
 1.30530E-11    3.41858E-17    3.41858E-17    3.41858E-17
 1.34452E-11    3.37207E-17    3.37207E-17    3.37207E-17
 1.38491E-11    3.32630E-17    3.32630E-17    3.32630E-17
 1.42652E-11    3.28125E-17    3.28125E-17    3.28125E-17
 1.46938E-11    3.23693E-17    3.23693E-17    3.23693E-17
 1.51353E-11    3.19330E-17    3.19330E-17    3.19330E-17
 1.55901E-11    3.15037E-17    3.15037E-17    3.15037E-17
 1.60585E-11    3.10814E-17    3.10814E-17    3.10814E-17
 1.65410E-11    3.06657E-17    3.06657E-17    3.06657E-17
 1.70380E-11    3.02568E-17    3.02568E-17    3.02568E-17
 1.75499E-11    2.98544E-17    2.98544E-17    2.98544E-17
 1.80772E-11    2.94586E-17    2.94586E-17    2.94586E-17
 1.86993E-11    2.90141E-17    2.90141E-17    2.90141E-17
 1.93427E-11    2.85778E-17    2.85778E-17    2.85778E-17
 2.00083E-11    2.81496E-17    2.81496E-17    2.81496E-17
 2.06968E-11    2.77294E-17    2.77294E-17    2.77294E-17
 2.14090E-11    2.73171E-17    2.73171E-17    2.73171E-17
 2.21458E-11    2.69126E-17    2.69126E-17    2.69126E-17
 2.29078E-11    2.65156E-17    2.65156E-17    2.65156E-17
 2.36961E-11    2.61262E-17    2.61262E-17    2.61262E-17
 2.45115E-11    2.57442E-17    2.57442E-17    2.57442E-17
 2.53550E-11    2.53695E-17    2.53695E-17    2.53695E-17
 2.62275E-11    2.50019E-17    2.50019E-17    2.50019E-17
 2.71300E-11    2.46415E-17    2.46415E-17    2.46415E-17
 2.80636E-11    2.42879E-17    2.42879E-17    2.42879E-17
 2.90293E-11    2.39413E-17    2.39413E-17    2.39413E-17
 3.00282E-11    2.36013E-17    2.36013E-17    2.36013E-17
 3.10615E-11    2.32681E-17    2.32681E-17    2.32681E-17
 3.21304E-11    2.29414E-17    2.29414E-17    2.29414E-17
 3.32360E-11    2.26211E-17    2.26211E-17    2.26211E-17
 3.43797E-11    2.23071E-17    2.23071E-17    2.23071E-17
 3.55627E-11    2.19995E-17    2.19995E-17    2.19995E-17
 3.67865E-11    2.16980E-17    2.16980E-17    2.16980E-17
 3.80524E-11    2.14025E-17    2.14025E-17    2.14025E-17
 3.93618E-11    2.11131E-17    2.11131E-17    2.11131E-17
 4.07163E-11    2.08295E-17    2.08295E-17    2.08295E-17
 4.21174E-11    2.05517E-17    2.05517E-17    2.05517E-17
 4.35667E-11    2.02796E-17    2.02796E-17    2.02796E-17
 4.50659E-11    2.00132E-17    2.00132E-17    2.00132E-17
 4.66166E-11    1.97523E-17    1.97523E-17    1.97523E-17
 4.82208E-11    1.94968E-17    1.94968E-17    1.94968E-17
 4.98801E-11    1.92468E-17    1.92468E-17    1.92468E-17
 5.15965E-11    1.90020E-17    1.90020E-17    1.90020E-17
 5.33720E-11    1.87624E-17    1.87624E-17    1.87624E-17
 5.52086E-11    1.85280E-17    1.85280E-17    1.85280E-17
 5.71084E-11    1.82986E-17    1.82986E-17    1.82986E-17
 5.90736E-11    1.80743E-17    1.80743E-17    1.80743E-17
 6.11064E-11    1.78548E-17    1.78548E-17    1.78548E-17
 6.32091E-11    1.76402E-17    1.76402E-17    1.76402E-17
 6.53842E-11    1.74303E-17    1.74303E-17    1.74303E-17
 6.76342E-11    1.72251E-17    1.72251E-17    1.72251E-17
 6.99616E-11    1.70245E-17    1.70245E-17    1.70245E-17
 7.23690E-11    1.68285E-17    1.68285E-17    1.68285E-17
 7.48593E-11    1.66369E-17    1.66369E-17    1.66369E-17
 7.74353E-11    1.64497E-17    1.64497E-17    1.64497E-17
 8.00999E-11    1.62669E-17    1.62669E-17    1.62669E-17
 8.32074E-11    1.60663E-17    1.60663E-17    1.60663E-17
 8.64355E-11    1.58710E-17    1.58710E-17    1.58710E-17
 8.97887E-11    1.56810E-17    1.56810E-17    1.56810E-17
 9.32721E-11    1.54960E-17    1.54960E-17    1.54960E-17
 9.68906E-11    1.53161E-17    1.53161E-17    1.53161E-17
 1.00649E-10    1.51410E-17    1.51410E-17    1.51410E-17
 1.04554E-10    1.49709E-17    1.49709E-17    1.49709E-17
 1.08610E-10    1.48054E-17    1.48054E-17    1.48054E-17
 1.12824E-10    1.46447E-17    1.46447E-17    1.46447E-17
 1.17201E-10    1.44885E-17    1.44885E-17    1.44885E-17
 1.21748E-10    1.43367E-17    1.43367E-17    1.43367E-17
 1.26471E-10    1.41894E-17    1.41894E-17    1.41894E-17
 1.31377E-10    1.40464E-17    1.40464E-17    1.40464E-17
 1.36474E-10    1.39076E-17    1.39076E-17    1.39076E-17
 1.41769E-10    1.37729E-17    1.37729E-17    1.37729E-17
 1.47268E-10    1.36422E-17    1.36422E-17    1.36422E-17
 1.53630E-10    1.35017E-17    1.35017E-17    1.35017E-17
 1.60267E-10    1.33660E-17    1.33660E-17    1.33660E-17
 1.67190E-10    1.32349E-17    1.32349E-17    1.32349E-17
 1.74412E-10    1.31084E-17    1.31084E-17    1.31084E-17
 1.81946E-10    1.29862E-17    1.29862E-17    1.29862E-17
 1.89806E-10    1.28684E-17    1.28684E-17    1.28684E-17
 1.98005E-10    1.27548E-17    1.27548E-17    1.27548E-17
 2.06558E-10    1.26453E-17    1.26453E-17    1.26453E-17
 2.16394E-10    1.25294E-17    1.25294E-17    1.25294E-17
 2.26698E-10    1.24182E-17    1.24182E-17    1.24182E-17
 2.37493E-10    1.23115E-17    1.23115E-17    1.23115E-17
 2.48803E-10    1.22092E-17    1.22092E-17    1.22092E-17
 2.60650E-10    1.21112E-17    1.21112E-17    1.21112E-17
 2.73062E-10    1.20172E-17    1.20172E-17    1.20172E-17
 2.86065E-10    1.19272E-17    1.19272E-17    1.19272E-17
 3.00957E-10    1.18333E-17    1.18333E-17    1.18333E-17
 3.16624E-10    1.17438E-17    1.17438E-17    1.17438E-17
 3.33107E-10    1.16585E-17    1.16585E-17    1.16585E-17
 3.50448E-10    1.15772E-17    1.15772E-17    1.15772E-17
 3.70254E-10    1.14935E-17    1.14935E-17    1.14935E-17
 3.91180E-10    1.14141E-17    1.14141E-17    1.14141E-17
 4.13288E-10    1.13389E-17    1.13389E-17    1.13389E-17
 4.38496E-10    1.12622E-17    1.12622E-17    1.12622E-17
 4.65242E-10    1.11899E-17    1.11899E-17    1.11899E-17
 4.93619E-10    1.11216E-17    1.11216E-17    1.11216E-17
 5.25947E-10    1.10528E-17    1.10528E-17    1.10528E-17
 5.60392E-10    1.09882E-17    1.09882E-17    1.09882E-17
 5.99623E-10    1.09236E-17    1.09236E-17    1.09236E-17
 6.41600E-10    1.08632E-17    1.08632E-17    1.08632E-17
 6.89426E-10    1.08033E-17    1.08033E-17    1.08033E-17
 7.40816E-10    1.07476E-17    1.07476E-17    1.07476E-17
 7.99411E-10    1.06928E-17    1.06928E-17    1.06928E-17
 8.62641E-10    1.06421E-17    1.06421E-17    1.06421E-17
 9.34817E-10    1.05925E-17    1.05925E-17    1.05925E-17
 1.01732E-09    1.05444E-17    1.05444E-17    1.05444E-17
 1.11181E-09    1.04982E-17    1.04982E-17    1.04982E-17
 1.22021E-09    1.04539E-17    1.04539E-17    1.04539E-17
 1.34486E-09    1.04118E-17    1.04118E-17    1.04118E-17
 1.48853E-09    1.03721E-17    1.03721E-17    1.03721E-17
 1.65453E-09    1.03348E-17    1.03348E-17    1.03348E-17
 1.85466E-09    1.02986E-17    1.02986E-17    1.02986E-17
 2.08781E-09    1.02653E-17    1.02653E-17    1.02653E-17
 2.37023E-09    1.02337E-17    1.02337E-17    1.02337E-17
 2.71370E-09    1.02041E-17    1.02041E-17    1.02041E-17
 3.13335E-09    1.01768E-17    1.01768E-17    1.01768E-17
 3.66408E-09    1.01512E-17    1.01512E-17    1.01512E-17
 4.33941E-09    1.01276E-17    1.01276E-17    1.01276E-17
 5.22689E-09    1.01060E-17    1.01060E-17    1.01060E-17
 6.40328E-09    1.00865E-17    1.00865E-17    1.00865E-17
 8.04603E-09    1.00688E-17    1.00688E-17    1.00688E-17
 1.03700E-08    1.00534E-17    1.00534E-17    1.00534E-17
 1.38838E-08    1.00399E-17    1.00399E-17    1.00399E-17
 1.95559E-08    1.00283E-17    1.00283E-17    1.00283E-17
 2.52045E-08    1.00220E-17    1.00220E-17    1.00220E-17
 2.53000E-08    1.00219E-17    1.00219E-17    1.00219E-17
 4.08002E-08    1.00136E-17    1.00136E-17    1.00136E-17
 7.66166E-08    1.00072E-17    1.00072E-17    1.00072E-17
 1.94261E-07    1.00029E-17    1.00029E-17    1.00029E-17
 1.15794E-06    1.00005E-17    1.00005E-17    1.00005E-17
 1.13045E-04    1.00000E-17    1.00000E-17    1.00000E-17
 1.14640E-04    1.00000E-17    1.00000E-17    1.00000E-17
 1.16257E-04    1.00000E-17    1.00000E-17    1.00000E-17
 1.17897E-04    1.00000E-17    1.00000E-17    1.00000E-17
 1.19561E-04    1.00000E-17    1.00000E-17    1.00000E-17
 1.21247E-04    1.00000E-17    1.00000E-17    1.00000E-17
 1.26452E-04    1.00000E-17    1.00000E-17    1.00000E-17
 1.30045E-04    1.00000E-17    1.00000E-17    1.00000E-17
 1.31880E-04    1.00000E-17    1.00000E-17    1.00000E-17
 1.35627E-04    1.00000E-17    1.00000E-17    1.00000E-17
 1.37541E-04    1.00000E-17    1.00000E-17    1.00000E-17
 1.45468E-04    1.00000E-17    1.00000E-17    1.00000E-17
 1.47520E-04    1.00000E-17    1.00000E-17    1.00000E-17
 1.51712E-04    1.00000E-17    1.00000E-17    1.00000E-17
 1.56023E-04    1.00000E-17    1.00000E-17    1.00000E-17
 1.58225E-04    1.00000E-17    1.00000E-17    1.00000E-17
 1.69705E-04    1.00000E-17    1.00000E-17    1.00000E-17
 1.92510E-04    1.00000E-17    1.00000E-17    1.00000E-17
 1.95226E-04    1.00000E-17    1.00000E-17    1.00000E-17
 2.06479E-04    1.00000E-17    1.00000E-17    1.00000E-17
 2.09392E-04    1.00000E-17    1.00000E-17    1.00000E-17
 2.18380E-04    1.00000E-17    1.00000E-17    1.00000E-17
 2.24585E-04    1.00000E-17    1.00000E-17    1.00000E-17
 2.27754E-04    1.00000E-17    1.00000E-17    1.00000E-17
 2.30967E-04    1.00000E-17    1.00000E-17    1.00000E-17
 2.37530E-04    1.00000E-17    1.00000E-17    1.00000E-17
 2.40881E-04    1.00000E-17    1.00000E-17    1.00000E-17
 2.93078E-04    1.00000E-17    1.00000E-17    1.00000E-17
 2.97212E-04    1.00000E-17    1.00000E-17    1.00000E-17
 3.14343E-04    1.00000E-17    1.00000E-17    1.00000E-17
 3.32461E-04    1.00000E-17    1.00000E-17    1.00000E-17
 3.98875E-04    1.00000E-17    1.00000E-17    1.00000E-17
 4.21866E-04    1.00000E-17    1.00000E-17    1.00000E-17
 1.40000E+00    1.00009E-17    1.00009E-17    1.00009E-17
 1.60000E+00    3.56856E-17    3.56856E-17    3.56856E-17
 1.80000E+00    7.15340E-16    7.15340E-16    7.15340E-16
 2.00000E+00    1.36146E-14    1.36146E-14    1.36146E-14
 2.20000E+00    1.22271E-13    1.22271E-13    1.22271E-13
 2.40000E+00    2.63006E-12    2.63006E-12    2.63006E-12
 2.60000E+00    1.67729E-11    1.46174E-11    1.89284E-11
 2.80000E+00    9.43626E-11    8.22358E-11    1.06489E-10
 3.00000E+00    4.73529E-10    4.12675E-10    5.34383E-10
 3.20000E+00    2.11578E-09    1.84388E-09    2.38768E-09
 3.40000E+00    8.46305E-09    7.37544E-09    9.55066E-09
 3.60000E+00    3.03324E-08    2.64343E-08    3.42305E-08
 3.80000E+00    9.80704E-08    8.54671E-08    1.10674E-07
 4.00000E+00    2.88861E-07    2.51739E-07    3.25983E-07
 4.20000E+00    6.05358E-07    5.27562E-07    6.83154E-07
 4.40000E+00    6.96150E-07    6.06686E-07    7.85614E-07
 4.60000E+00    3.32238E-06    2.64383E-06    4.00092E-06
 4.80000E+00    5.41489E-06    4.30898E-06    6.52079E-06
 5.00000E+00    1.23641E-05    9.83892E-06    1.48893E-05
 5.20000E+00    2.23041E-05    1.77488E-05    2.68594E-05
 5.40000E+00    3.51216E-05    2.79485E-05    4.22946E-05
 5.60000E+00    1.08418E-04    8.62754E-05    1.30561E-04
 5.80000E+00    1.69140E-04    1.34596E-04    2.03684E-04
 6.00000E+00    2.95344E-04    2.35025E-04    3.55663E-04
 6.20000E+00    4.62720E-04    3.68217E-04    5.57224E-04
 6.40000E+00    6.76757E-04    5.38540E-04    8.14974E-04
 6.60000E+00    1.47234E-03    1.19240E-03    1.75228E-03
 6.80000E+00    2.12089E-03    1.71764E-03    2.52414E-03
 7.00000E+00    3.20040E-03    2.59190E-03    3.80890E-03
 7.20000E+00    4.42244E-03    3.58159E-03    5.26329E-03
 7.40000E+00    6.10888E-03    4.94738E-03    7.27039E-03
 7.60000E+00    1.06956E-02    8.66202E-03    1.27292E-02
 7.80000E+00    1.42176E-02    1.15144E-02    1.69209E-02
 8.00000E+00    1.95300E-02    1.58167E-02    2.32433E-02
 8.50000E+00    4.09053E-02    3.31278E-02    4.86827E-02
 9.00000E+00    7.85862E-02    5.46667E-02    1.02506E-01
 9.50000E+00    1.40473E-01    9.77171E-02    1.83229E-01
 1.00000E+01    2.36275E-01    1.64359E-01    3.08190E-01
 1.01411E+01    2.75980E-01    1.91979E-01    3.59981E-01
 1.02842E+01    3.16247E-01    2.19990E-01    4.12504E-01
 1.04292E+01    3.57082E-01    2.48396E-01    4.65768E-01
 1.05000E+01    3.76996E-01    2.62249E-01    4.91743E-01
 1.06481E+01    4.35280E-01    3.02793E-01    5.67767E-01
 1.07984E+01    4.94385E-01    3.43908E-01    6.44862E-01
 1.09507E+01    5.54325E-01    3.85604E-01    7.23046E-01
 1.10000E+01    5.73719E-01    3.99095E-01    7.48343E-01
 1.11552E+01    6.55013E-01    4.55645E-01    8.54380E-01
 1.13126E+01    7.37453E-01    5.12993E-01    9.61913E-01
 1.14722E+01    8.21057E-01    5.71150E-01    1.07096E+00
 1.15000E+01    8.35635E-01    5.81291E-01    1.08998E+00
 1.16622E+01    9.43549E-01    6.56359E-01    1.23074E+00
 1.18268E+01    1.05298E+00    7.32486E-01    1.37348E+00
 1.19936E+01    1.16396E+00    8.09686E-01    1.51824E+00
 1.20000E+01    1.16820E+00    8.12633E-01    1.52377E+00
 1.21693E+01    1.30486E+00    9.07698E-01    1.70202E+00
 1.23410E+01    1.44345E+00    1.00410E+00    1.88280E+00
 1.25000E+01    1.57181E+00    1.09339E+00    2.05023E+00
 1.26764E+01    1.73787E+00    1.20891E+00    2.26683E+00
 1.28552E+01    1.90628E+00    1.32606E+00    2.48650E+00
 1.30000E+01    2.04264E+00    1.38340E+00    2.70188E+00
 1.31834E+01    2.23795E+00    1.51567E+00    2.96023E+00
 1.33694E+01    2.43602E+00    1.64982E+00    3.22223E+00
 1.35000E+01    2.57510E+00    1.74401E+00    3.40619E+00
 1.36905E+01    2.79927E+00    1.89583E+00    3.70270E+00
 1.38836E+01    3.02659E+00    2.04979E+00    4.00340E+00
 1.40000E+01    3.16358E+00    2.14256E+00    4.18460E+00
 1.41975E+01    3.41600E+00    2.31352E+00    4.51848E+00
 1.43978E+01    3.67198E+00    2.48688E+00    4.85708E+00
 1.45000E+01    3.80257E+00    2.57532E+00    5.02982E+00
 1.47046E+01    4.08517E+00    2.76672E+00    5.40362E+00
 1.49120E+01    4.37176E+00    2.96081E+00    5.78270E+00
 1.50000E+01    4.49329E+00    3.04312E+00    5.94346E+00
 1.52116E+01    4.81399E+00    3.26031E+00    6.36766E+00
 1.54262E+01    5.13921E+00    3.48057E+00    6.79784E+00
 1.56439E+01    5.46901E+00    3.70394E+00    7.23409E+00
 1.58646E+01    5.80348E+00    3.93045E+00    7.67650E+00
 1.60000E+01    6.00870E+00    3.93288E+00    8.08452E+00
 1.62257E+01    6.43280E+00    4.21046E+00    8.65513E+00
 1.64546E+01    6.86288E+00    4.49197E+00    9.23380E+00
 1.66868E+01    7.29903E+00    4.77744E+00    9.82062E+00
 1.69222E+01    7.74134E+00    5.06694E+00    1.04157E+01
 1.70000E+01    7.88748E+00    5.16260E+00    1.06124E+01
 1.72398E+01    8.30248E+00    5.43423E+00    1.11707E+01
 1.74831E+01    8.72333E+00    5.70969E+00    1.17370E+01
 1.77297E+01    9.15012E+00    5.98904E+00    1.23112E+01
 1.79799E+01    9.58294E+00    6.27233E+00    1.28935E+01
 1.80000E+01    9.61780E+00    6.29515E+00    1.29405E+01
 1.82539E+01    1.00402E+01    6.57163E+00    1.35088E+01
 1.85115E+01    1.04686E+01    6.85202E+00    1.40852E+01
 1.87726E+01    1.09030E+01    7.13636E+00    1.46697E+01
 1.90000E+01    1.12812E+01    7.38389E+00    1.51785E+01
 1.92681E+01    1.16562E+01    7.62937E+00    1.56831E+01
 1.95399E+01    1.20366E+01    7.87830E+00    1.61948E+01
 1.98156E+01    1.24223E+01    8.13075E+00    1.67138E+01
 2.00000E+01    1.26803E+01    8.46710E+00    1.68935E+01
 2.02822E+01    1.29372E+01    8.63865E+00    1.72358E+01
 2.05683E+01    1.31977E+01    8.81262E+00    1.75829E+01
 2.08585E+01    1.34620E+01    8.98904E+00    1.79349E+01
 2.10000E+01    1.35908E+01    9.07507E+00    1.81065E+01
 2.12963E+01    1.38233E+01    9.23029E+00    1.84162E+01
 2.15967E+01    1.40590E+01    9.38770E+00    1.87303E+01
 2.19014E+01    1.42980E+01    9.54733E+00    1.90488E+01
 2.20000E+01    1.43754E+01    9.59898E+00    1.91518E+01
 2.23104E+01    1.45634E+01    9.72451E+00    1.94023E+01
 2.26251E+01    1.47540E+01    9.85182E+00    1.96563E+01
 2.29443E+01    1.49474E+01    9.98092E+00    1.99139E+01
 2.30000E+01    1.49811E+01    1.00034E+01    1.99588E+01
 2.33245E+01    1.51220E+01    1.00975E+01    2.01465E+01
 2.36536E+01    1.52649E+01    1.01929E+01    2.03368E+01
 2.39873E+01    1.54098E+01    1.02897E+01    2.05299E+01
 2.40000E+01    1.54153E+01    1.01680E+01    2.06626E+01
 2.43386E+01    1.55003E+01    1.02240E+01    2.07765E+01
 2.46820E+01    1.55864E+01    1.02809E+01    2.08919E+01
 2.50000E+01    1.56662E+01    1.03335E+01    2.09989E+01
 2.53527E+01    1.56779E+01    1.03412E+01    2.10146E+01
 2.57104E+01    1.56899E+01    1.03491E+01    2.10306E+01
 2.60000E+01    1.56995E+01    1.03555E+01    2.10435E+01
 2.63668E+01    1.57098E+01    1.03623E+01    2.10574E+01
 2.67388E+01    1.57203E+01    1.03692E+01    2.10714E+01
 2.70000E+01    1.57276E+01    1.03740E+01    2.10812E+01
 2.73809E+01    1.56612E+01    1.03302E+01    2.09922E+01
 2.77672E+01    1.55939E+01    1.02858E+01    2.09020E+01
 2.80000E+01    1.55533E+01    1.02590E+01    2.08476E+01
 2.83950E+01    1.54683E+01    1.02029E+01    2.07336E+01
 2.87956E+01    1.53820E+01    1.01460E+01    2.06180E+01
 2.90000E+01    1.53380E+01    1.01170E+01    2.05590E+01
 2.94091E+01    1.52321E+01    1.00471E+01    2.04170E+01
 2.98240E+01    1.51247E+01    9.97629E+00    2.02730E+01
 3.00000E+01    1.50791E+01    9.94624E+00    2.02120E+01
 3.00000E+01    1.47970E+01    9.76015E+00    1.98338E+01
 3.20000E+01    1.42021E+01    9.36777E+00    1.90364E+01
 3.40000E+01    1.33943E+01    8.83496E+00    1.79537E+01
 3.60000E+01    1.24747E+01    8.22834E+00    1.67210E+01
 3.80000E+01    1.16483E+01    7.68327E+00    1.56133E+01
 4.00000E+01    1.07909E+01    7.11776E+00    1.44641E+01
 4.20000E+01    1.00612E+01    6.63638E+00    1.34859E+01
 4.40000E+01    9.54799E+00    6.29790E+00    1.27981E+01
 4.60000E+01    8.89800E+00    5.86916E+00    1.19268E+01
 4.80000E+01    8.35073E+00    5.50818E+00    1.11933E+01
 5.00000E+01    7.83384E+00    5.16724E+00    1.05004E+01
 5.20000E+01    7.35140E+00    4.84902E+00    9.85379E+00
 5.40000E+01    6.94992E+00    4.58420E+00    9.31564E+00
 5.60000E+01    6.58565E+00    4.34393E+00    8.82738E+00
 5.80000E+01    6.23819E+00    4.11474E+00    8.36164E+00
 6.00000E+01    5.91541E+00    3.90183E+00    7.92899E+00
 6.50000E+01    5.13418E+00    3.38653E+00    6.88184E+00
 7.00000E+01    4.69157E+00    3.09458E+00    6.28856E+00
 7.50000E+01    4.15872E+00    2.74311E+00    5.57433E+00
 8.00000E+01    3.82421E+00    2.52247E+00    5.12595E+00
 9.00000E+01    3.19089E+00    2.10473E+00    4.27706E+00
 1.00000E+02    2.67473E+00    1.76427E+00    3.58520E+00
 1.10000E+02    2.29131E+00    1.51136E+00    3.07127E+00
 1.20000E+02    1.99158E+00    1.31366E+00    2.66951E+00
 1.30000E+02    1.75526E+00    1.15778E+00    2.35274E+00
 1.40000E+02    1.54724E+00    1.02057E+00    2.07392E+00
 1.50000E+02    1.37108E+00    9.04369E-01    1.83779E+00
 1.60000E+02    1.23406E+00    8.13990E-01    1.65413E+00
 1.80000E+02    1.02443E+00    6.75721E-01    1.37315E+00
 2.00000E+02    8.24468E-01    5.43823E-01    1.10511E+00
