# n + Ac230 : (n,t)     
# tendl.2017 A.J. Koning and D. Rochman        EVAL-NOV17
# uncertainties: y
# # energies =    44
#   E(MeV)       xs(mb)       xslow(mb)      xsupp(mb)
 1.98904E+00    0.00000E+00    0.00000E+00    0.00000E+00
 5.40000E+00    3.11287E-17    3.11287E-17    3.11287E-17
 5.60000E+00    1.97345E-16    1.97345E-16    1.97345E-16
 5.80000E+00    1.11115E-15    1.11115E-15    1.11115E-15
 6.00000E+00    5.62265E-15    5.62265E-15    5.62265E-15
 6.20000E+00    3.19863E-14    3.19863E-14    3.19863E-14
 6.40000E+00    3.98686E-14    3.98686E-14    3.98686E-14
 6.60000E+00    2.49441E-12    0.00000E+00    5.53190E-12
 6.80000E+00    5.88973E-12    0.00000E+00    1.30618E-11
 7.00000E+00    1.24522E-11    0.00000E+00    2.76155E-11
 7.20000E+00    1.05787E-10    0.00000E+00    2.34606E-10
 7.40000E+00    1.66756E-10    0.00000E+00    3.69818E-10
 7.60000E+00    6.51792E-10    0.00000E+00    1.44549E-09
 7.80000E+00    1.30148E-09    0.00000E+00    2.88632E-09
 8.00000E+00    2.52384E-09    0.00000E+00    5.59717E-09
 8.50000E+00    2.10449E-08    0.00000E+00    4.66717E-08
 9.00000E+00    1.35445E-07    4.27508E-08    2.28139E-07
 9.50000E+00    7.20359E-07    2.27369E-07    1.21335E-06
 1.00000E+01    3.34739E-06    1.05654E-06    5.63824E-06
 1.05000E+01    1.41017E-05    4.45095E-06    2.37524E-05
 1.10000E+01    5.48087E-05    1.72994E-05    9.23180E-05
 1.15000E+01    1.96678E-04    6.20779E-05    3.31278E-04
 1.20000E+01    6.47988E-04    2.04526E-04    1.09145E-03
 1.25000E+01    1.95150E-03    6.15957E-04    3.28704E-03
 1.30000E+01    5.35055E-03    4.48370E-03    6.21740E-03
 1.35000E+01    1.32998E-02    1.11451E-02    1.54545E-02
 1.40000E+01    2.98809E-02    2.50399E-02    3.47219E-02
 1.45000E+01    6.07467E-02    5.09050E-02    7.05884E-02
 1.50000E+01    1.12450E-01    9.42318E-02    1.30668E-01
 1.60000E+01    3.02779E-01    2.91765E-01    3.13793E-01
 1.70000E+01    6.33517E-01    6.10472E-01    6.56562E-01
 1.80000E+01    1.09950E+00    1.05950E+00    1.13950E+00
 1.90000E+01    1.64825E+00    1.58829E+00    1.70821E+00
 2.00000E+01    2.18641E+00    1.95534E+00    2.41748E+00
 2.10000E+01    2.62992E+00    2.35198E+00    2.90786E+00
 2.20000E+01    2.96854E+00    2.65481E+00    3.28227E+00
 2.30000E+01    3.17304E+00    2.83770E+00    3.50838E+00
 2.40000E+01    3.34328E+00    2.75446E+00    3.93210E+00
 2.50000E+01    3.37264E+00    2.77865E+00    3.96663E+00
 2.60000E+01    3.36881E+00    2.77550E+00    3.96212E+00
 2.70000E+01    3.30049E+00    2.71921E+00    3.88177E+00
 2.80000E+01    3.21217E+00    2.64644E+00    3.77790E+00
 2.90000E+01    3.09849E+00    2.55279E+00    3.64419E+00
 3.00000E+01    2.96497E+00    2.44278E+00    3.48716E+00
