# n + Ac230 : (n,xt)    
# tendl.2017 A.J. Koning and D. Rochman        EVAL-NOV17
# 
# # energies =   137
#   E(MeV)        xs(mb) 
 9.02942E-03    0.00000E+00
 2.00000E-02    0.00000E+00
 3.00000E-02    0.00000E+00
 6.00000E-02    0.00000E+00
 7.23258E-02    0.00000E+00
 1.00000E-01    0.00000E+00
 1.01513E-01    0.00000E+00
 1.52184E-01    0.00000E+00
 1.99039E-01    0.00000E+00
 2.00000E-01    0.00000E+00
 2.12709E-01    0.00000E+00
 2.65851E-01    0.00000E+00
 2.86440E-01    0.00000E+00
 2.94194E-01    0.00000E+00
 3.00000E-01    0.00000E+00
 3.47587E-01    0.00000E+00
 3.77367E-01    0.00000E+00
 3.97003E-01    0.00000E+00
 4.00000E-01    0.00000E+00
 4.59928E-01    0.00000E+00
 4.80799E-01    0.00000E+00
 5.00000E-01    0.00000E+00
 5.39083E-01    0.00000E+00
 5.83708E-01    0.00000E+00
 5.94154E-01    0.00000E+00
 6.00000E-01    0.00000E+00
 6.38558E-01    0.00000E+00
 6.47132E-01    0.00000E+00
 6.49263E-01    0.00000E+00
 6.55050E-01    0.00000E+00
 6.57707E-01    0.00000E+00
 6.59361E-01    0.00000E+00
 6.61663E-01    0.00000E+00
 6.64624E-01    0.00000E+00
 6.66580E-01    0.00000E+00
 6.69489E-01    0.00000E+00
 6.74303E-01    0.00000E+00
 6.76174E-01    0.00000E+00
 6.78302E-01    0.00000E+00
 7.00000E-01    0.00000E+00
 8.00000E-01    0.00000E+00
 9.00000E-01    0.00000E+00
 1.00000E+00    0.00000E+00
 1.20000E+00    0.00000E+00
 1.40000E+00    0.00000E+00
 1.60000E+00    0.00000E+00
 1.80000E+00    0.00000E+00
 2.00000E+00    1.00022E-19
 2.20000E+00    1.92524E-18
 2.40000E+00    3.75046E-18
 2.60000E+00    5.57567E-18
 2.80000E+00    7.40089E-18
 3.00000E+00    9.22610E-18
 3.20000E+00    1.10513E-17
 3.40000E+00    1.28765E-17
 3.60000E+00    1.47018E-17
 3.80000E+00    1.65270E-17
 4.00000E+00    1.83522E-17
 4.20000E+00    2.01774E-17
 4.40000E+00    2.20026E-17
 4.60000E+00    2.38278E-17
 4.80000E+00    2.56531E-17
 5.00000E+00    2.74783E-17
 5.20000E+00    2.93035E-17
 5.40000E+00    3.11287E-17
 5.60000E+00    1.97345E-16
 5.80000E+00    1.11115E-15
 6.00000E+00    5.62265E-15
 6.20000E+00    3.19863E-14
 6.40000E+00    3.98686E-14
 6.60000E+00    2.49441E-12
 6.80000E+00    5.88973E-12
 7.00000E+00    1.24522E-11
 7.20000E+00    1.05787E-10
 7.40000E+00    1.66756E-10
 7.60000E+00    6.51792E-10
 7.80000E+00    1.30148E-09
 8.00000E+00    2.52384E-09
 8.50000E+00    2.10449E-08
 9.00000E+00    1.35445E-07
 9.50000E+00    7.20359E-07
 1.00000E+01    3.34739E-06
 1.05000E+01    1.41017E-05
 1.10000E+01    5.48087E-05
 1.15000E+01    1.96678E-04
 1.20000E+01    6.47988E-04
 1.25000E+01    1.95150E-03
 1.30000E+01    5.35055E-03
 1.35000E+01    1.32998E-02
 1.40000E+01    2.98811E-02
 1.45000E+01    6.07481E-02
 1.50000E+01    1.12460E-01
 1.60000E+01    3.03006E-01
 1.70000E+01    6.36300E-01
 1.80000E+01    1.11961E+00
 1.90000E+01    1.73837E+00
 2.00000E+01    2.46675E+00
 2.10000E+01    3.27624E+00
 2.20000E+01    4.13917E+00
 2.30000E+01    5.02449E+00
 2.40000E+01    5.92848E+00
 2.50000E+01    6.70300E+00
 2.60000E+01    7.33911E+00
 2.70000E+01    7.80470E+00
 2.80000E+01    8.10049E+00
 2.90000E+01    8.24759E+00
 3.00000E+01    8.26560E+00
 3.00000E+01    1.11555E+01
 3.20000E+01    1.29183E+01
 3.40000E+01    1.47920E+01
 3.60000E+01    1.69352E+01
 3.80000E+01    1.95910E+01
 4.00000E+01    2.29209E+01
 4.20000E+01    2.70789E+01
 4.40000E+01    3.21433E+01
 4.60000E+01    3.80415E+01
 4.80000E+01    4.46745E+01
 5.00000E+01    5.18466E+01
 5.20000E+01    5.92084E+01
 5.40000E+01    6.65062E+01
 5.60000E+01    7.34671E+01
 5.80000E+01    7.98971E+01
 6.00000E+01    8.56951E+01
 6.50000E+01    9.75601E+01
 7.00000E+01    1.04950E+02
 7.50000E+01    1.07977E+02
 8.00000E+01    1.07163E+02
 9.00000E+01    1.03581E+02
 1.00000E+02    1.04195E+02
 1.10000E+02    1.07785E+02
 1.20000E+02    1.10765E+02
 1.30000E+02    1.13764E+02
 1.40000E+02    1.17244E+02
 1.50000E+02    1.24196E+02
 1.60000E+02    1.46447E+02
 1.80000E+02    2.50071E+02
 2.00000E+02    4.73694E+02
