# n + Ac230 : (n,3na)   
# tendl.2017 A.J. Koning and D. Rochman        EVAL-NOV17
# uncertainties: y
# # energies =    19
#   E(MeV)       xs(mb)       xslow(mb)      xsupp(mb)
 6.50619E+00    0.00000E+00    0.00000E+00    0.00000E+00
 1.40000E+01    4.54057E-17    4.54057E-17    4.54057E-17
 1.45000E+01    8.51268E-15    8.51268E-15    8.51268E-15
 1.50000E+01    1.40538E-12    1.40538E-12    1.40538E-12
 1.60000E+01    6.30238E-11    0.00000E+00    6.30168E-10
 1.70000E+01    1.29038E-09    0.00000E+00    1.29024E-08
 1.80000E+01    1.65929E-08    0.00000E+00    1.65911E-07
 1.90000E+01    1.68255E-07    0.00000E+00    1.68236E-06
 2.00000E+01    1.42515E-06    0.00000E+00    1.42496E-05
 2.10000E+01    1.96604E-05    0.00000E+00    1.96577E-04
 2.20000E+01    1.25999E-04    0.00000E+00    1.25982E-03
 2.30000E+01    7.10495E-04    0.00000E+00    7.10399E-03
 2.40000E+01    4.62015E-03    1.72084E-03    7.51945E-03
 2.50000E+01    1.86901E-02    6.96141E-03    3.04188E-02
 2.60000E+01    5.66668E-02    2.11064E-02    9.22272E-02
 2.70000E+01    1.77432E-01    6.60872E-02    2.88777E-01
 2.80000E+01    4.77084E-01    1.77697E-01    7.76471E-01
 2.90000E+01    1.01091E+00    3.76529E-01    1.64529E+00
 3.00000E+01    1.82662E+00    6.80352E-01    2.97289E+00
