# n + Ac230 : (n,n'07)  
# tendl.2017 A.J. Koning and D. Rochman        EVAL-NOV17
# uncertainties: n
# # energies =    96
#   E(MeV)       xs(mb) 
 2.65851E-01    0.00000E+00
 2.86440E-01    4.18558E-05
 2.94194E-01    5.76190E-05
 3.00000E-01    6.94221E-05
 3.47587E-01    7.55640E-04
 3.77367E-01    1.18508E-03
 3.97003E-01    1.46823E-03
 4.00000E-01    1.51145E-03
 4.59928E-01    5.06028E-03
 4.80799E-01    6.29623E-03
 5.00000E-01    7.43328E-03
 5.39083E-01    1.37239E-02
 5.83708E-01    2.09066E-02
 5.94154E-01    2.25879E-02
 6.00000E-01    2.35289E-02
 6.38558E-01    3.72157E-02
 6.47132E-01    4.02591E-02
 6.49263E-01    4.10156E-02
 6.55050E-01    4.30698E-02
 6.57707E-01    4.40129E-02
 6.59361E-01    4.46000E-02
 6.61663E-01    4.54172E-02
 6.64624E-01    4.64682E-02
 6.66580E-01    4.71626E-02
 6.69489E-01    4.81951E-02
 6.74303E-01    4.99039E-02
 6.76174E-01    5.05681E-02
 6.78302E-01    5.13234E-02
 7.00000E-01    5.90255E-02
 8.00000E-01    1.20179E-01
 9.00000E-01    2.07038E-01
 1.00000E+00    3.13152E-01
 1.20000E+00    5.54345E-01
 1.40000E+00    7.16045E-01
 1.60000E+00    7.08127E-01
 1.80000E+00    5.84957E-01
 2.00000E+00    4.33675E-01
 2.20000E+00    3.01798E-01
 2.40000E+00    2.03344E-01
 2.60000E+00    1.35077E-01
 2.80000E+00    8.96343E-02
 3.00000E+00    5.97928E-02
 3.20000E+00    4.00530E-02
 3.40000E+00    2.68285E-02
 3.60000E+00    1.78802E-02
 3.80000E+00    1.18194E-02
 4.00000E+00    7.75493E-03
 4.20000E+00    5.06195E-03
 4.40000E+00    3.30276E-03
 4.60000E+00    2.16170E-03
 4.80000E+00    1.42376E-03
 5.00000E+00    9.46208E-04
 5.20000E+00    6.34055E-04
 5.40000E+00    4.29091E-04
 5.60000E+00    2.94710E-04
 5.80000E+00    2.05012E-04
 6.00000E+00    1.44512E-04
 6.20000E+00    1.03170E-04
 6.40000E+00    7.43659E-05
 6.60000E+00    5.41448E-05
 6.80000E+00    3.97393E-05
 7.00000E+00    2.93074E-05
 7.20000E+00    2.17541E-05
 7.40000E+00    1.61907E-05
 7.60000E+00    1.20820E-05
 7.80000E+00    9.03925E-06
 8.00000E+00    6.76446E-06
 8.50000E+00    3.30447E-06
 9.00000E+00    1.63271E-06
 9.50000E+00    8.19344E-07
 1.00000E+01    4.19122E-07
 1.05000E+01    2.18966E-07
 1.10000E+01    1.16857E-07
 1.15000E+01    6.36695E-08
 1.20000E+01    3.53402E-08
 1.25000E+01    1.99407E-08
 1.30000E+01    1.14211E-08
 1.35000E+01    6.63103E-09
 1.40000E+01    3.90053E-09
 1.45000E+01    2.32384E-09
 1.50000E+01    1.40256E-09
 1.60000E+01    5.31287E-10
 1.70000E+01    2.10930E-10
 1.80000E+01    8.84403E-11
 1.90000E+01    3.88013E-11
 2.00000E+01    1.77062E-11
 2.10000E+01    8.36703E-12
 2.20000E+01    4.06823E-12
 2.30000E+01    2.03496E-12
 2.40000E+01    1.04898E-12
 2.50000E+01    5.56402E-13
 2.60000E+01    3.04588E-13
 2.70000E+01    1.71015E-13
 2.80000E+01    9.83194E-14
 2.90000E+01    5.77373E-14
 3.00000E+01    3.45706E-14
