# n + Ac230 : (n,n'17)  
# tendl.2017 A.J. Koning and D. Rochman        EVAL-NOV17
# uncertainties: n
# # energies =    83
#   E(MeV)       xs(mb) 
 5.94154E-01    0.00000E+00
 6.00000E-01    4.69891E-04
 6.38558E-01    5.03782E-03
 6.47132E-01    6.05357E-03
 6.49263E-01    6.30604E-03
 6.55050E-01    6.99161E-03
 6.57707E-01    7.30638E-03
 6.59361E-01    7.50234E-03
 6.61663E-01    7.77505E-03
 6.64624E-01    8.12584E-03
 6.66580E-01    8.35757E-03
 6.69489E-01    8.70219E-03
 6.74303E-01    9.27250E-03
 6.76174E-01    9.49415E-03
 6.78302E-01    9.74626E-03
 7.00000E-01    1.23168E-02
 8.00000E-01    4.48858E-02
 9.00000E-01    9.28600E-02
 1.00000E+00    1.42727E-01
 1.20000E+00    2.15562E-01
 1.40000E+00    2.28941E-01
 1.60000E+00    2.04323E-01
 1.80000E+00    1.74218E-01
 2.00000E+00    1.46893E-01
 2.20000E+00    1.19930E-01
 2.40000E+00    9.37610E-02
 2.60000E+00    7.06011E-02
 2.80000E+00    5.17843E-02
 3.00000E+00    3.73312E-02
 3.20000E+00    2.65914E-02
 3.40000E+00    1.87850E-02
 3.60000E+00    1.31875E-02
 3.80000E+00    9.20825E-03
 4.00000E+00    6.40467E-03
 4.20000E+00    4.43989E-03
 4.40000E+00    3.07365E-03
 4.60000E+00    2.12798E-03
 4.80000E+00    1.47754E-03
 5.00000E+00    1.02785E-03
 5.20000E+00    7.17334E-04
 5.40000E+00    5.02651E-04
 5.60000E+00    3.54692E-04
 5.80000E+00    2.52310E-04
 6.00000E+00    1.80562E-04
 6.20000E+00    1.30111E-04
 6.40000E+00    9.42074E-05
 6.60000E+00    6.85644E-05
 6.80000E+00    5.00919E-05
 7.00000E+00    3.67042E-05
 7.20000E+00    2.70028E-05
 7.40000E+00    1.98899E-05
 7.60000E+00    1.46975E-05
 7.80000E+00    1.08746E-05
 8.00000E+00    8.05730E-06
 8.50000E+00    3.84572E-06
 9.00000E+00    1.86315E-06
 9.50000E+00    9.19767E-07
 1.00000E+01    4.64054E-07
 1.05000E+01    2.39594E-07
 1.10000E+01    1.26554E-07
 1.15000E+01    6.83390E-08
 1.20000E+01    3.76492E-08
 1.25000E+01    2.11166E-08
 1.30000E+01    1.20379E-08
 1.35000E+01    6.96277E-09
 1.40000E+01    4.08208E-09
 1.45000E+01    2.42410E-09
 1.50000E+01    1.45803E-09
 1.60000E+01    5.47909E-10
 1.70000E+01    2.15511E-10
 1.80000E+01    8.94830E-11
 1.90000E+01    3.89071E-11
 2.00000E+01    1.76230E-11
 2.10000E+01    8.27916E-12
 2.20000E+01    4.00599E-12
 2.30000E+01    1.99495E-12
 2.40000E+01    1.02387E-12
 2.50000E+01    5.40730E-13
 2.60000E+01    2.94763E-13
 2.70000E+01    1.64844E-13
 2.80000E+01    9.44304E-14
 2.90000E+01    5.52777E-14
 3.00000E+01    3.30084E-14
