# n + Ac230 : (n,d)     
# tendl.2017 A.J. Koning and D. Rochman        EVAL-NOV17
# uncertainties: y
# # energies =    38
#   E(MeV)       xs(mb)       xslow(mb)      xsupp(mb)
 3.80459E+00    0.00000E+00    0.00000E+00    0.00000E+00
 6.60000E+00    1.01214E-17    0.00000E+00    3.89524E-17
 6.80000E+00    1.29198E-16    0.00000E+00    4.97221E-16
 7.00000E+00    1.27398E-15    0.00000E+00    4.90294E-15
 7.20000E+00    1.00632E-14    0.00000E+00    3.87284E-14
 7.40000E+00    6.54270E-14    0.00000E+00    2.51797E-13
 7.60000E+00    4.67401E-12    0.00000E+00    1.79880E-11
 7.80000E+00    2.29356E-11    0.00000E+00    8.82681E-11
 8.00000E+00    9.03200E-11    0.00000E+00    3.47598E-10
 8.50000E+00    2.51560E-09    0.00000E+00    9.68134E-09
 9.00000E+00    3.58074E-08    0.00000E+00    7.56506E-08
 9.50000E+00    3.49063E-07    0.00000E+00    7.37468E-07
 1.00000E+01    2.50286E-06    0.00000E+00    5.28781E-06
 1.05000E+01    1.44755E-05    0.00000E+00    3.05825E-05
 1.10000E+01    6.90579E-05    0.00000E+00    1.45899E-04
 1.15000E+01    2.79214E-04    0.00000E+00    5.89898E-04
 1.20000E+01    9.74421E-04    0.00000E+00    2.05867E-03
 1.25000E+01    2.98121E-03    0.00000E+00    6.29843E-03
 1.30000E+01    8.03246E-03    4.17528E-03    1.18896E-02
 1.35000E+01    1.96140E-02    1.01954E-02    2.90326E-02
 1.40000E+01    4.33866E-02    2.25524E-02    6.42208E-02
 1.45000E+01    8.78027E-02    4.56399E-02    1.29965E-01
 1.50000E+01    1.63870E-01    8.51798E-02    2.42560E-01
 1.60000E+01    4.59393E-01    4.10487E-01    5.08299E-01
 1.70000E+01    1.01998E+00    9.11395E-01    1.12856E+00
 1.80000E+01    1.80886E+00    1.61629E+00    2.00143E+00
 1.90000E+01    2.75099E+00    2.45813E+00    3.04385E+00
 2.00000E+01    3.72989E+00    3.56986E+00    3.88992E+00
 2.10000E+01    4.64124E+00    4.44211E+00    4.84037E+00
 2.20000E+01    5.44934E+00    5.21553E+00    5.68315E+00
 2.30000E+01    6.08988E+00    5.82859E+00    6.35117E+00
 2.40000E+01    6.60673E+00    6.37562E+00    6.83784E+00
 2.50000E+01    7.47871E+00    7.21710E+00    7.74032E+00
 2.60000E+01    7.78521E+00    7.51287E+00    8.05755E+00
 2.70000E+01    8.04120E+00    7.75991E+00    8.32249E+00
 2.80000E+01    8.15075E+00    7.86563E+00    8.43587E+00
 2.90000E+01    8.23649E+00    7.94837E+00    8.52461E+00
 3.00000E+01    8.30420E+00    8.01371E+00    8.59469E+00
