# n + Ac230 :  n        
# tendl.2017 A.J. Koning and D. Rochman        EVAL-NOV17
# uncertainties: n
# # energies =    58
#   E(MeV)       xs(mb) 
 8.50000E+00    0.00000E+00
 9.00000E+00    6.05267E-16
 9.50000E+00    7.47470E-14
 1.00000E+01    3.91141E-12
 1.05000E+01    1.96851E-10
 1.10000E+01    1.02516E-08
 1.15000E+01    4.01674E-07
 1.20000E+01    7.71459E-06
 1.25000E+01    2.27364E-04
 1.30000E+01    6.63411E-03
 1.35000E+01    3.53327E-02
 1.40000E+01    9.43864E-02
 1.45000E+01    1.80417E-01
 1.50000E+01    2.76436E-01
 1.60000E+01    4.43474E-01
 1.70000E+01    5.37814E-01
 1.80000E+01    6.02411E-01
 1.90000E+01    6.78716E-01
 2.00000E+01    7.84400E-01
 2.10000E+01    9.19226E-01
 2.20000E+01    1.06827E+00
 2.30000E+01    1.21401E+00
 2.40000E+01    1.35828E+00
 2.50000E+01    1.51949E+00
 2.60000E+01    1.68618E+00
 2.70000E+01    1.84159E+00
 2.80000E+01    2.00138E+00
 2.90000E+01    2.17101E+00
 3.00000E+01    2.32935E+00
 3.20000E+01    2.62650E+00
 3.40000E+01    2.93071E+00
 3.60000E+01    3.25232E+00
 3.80000E+01    3.59070E+00
 4.00000E+01    3.93604E+00
 4.20000E+01    4.29378E+00
 4.40000E+01    4.68710E+00
 4.60000E+01    5.12137E+00
 4.80000E+01    5.61848E+00
 5.00000E+01    6.21911E+00
 5.20000E+01    6.92056E+00
 5.40000E+01    7.77814E+00
 5.60000E+01    8.83173E+00
 5.80000E+01    1.01007E+01
 6.00000E+01    1.16161E+01
 6.50000E+01    1.67485E+01
 7.00000E+01    2.30102E+01
 7.50000E+01    2.73786E+01
 8.00000E+01    2.68627E+01
 9.00000E+01    1.79171E+01
 1.00000E+02    1.18469E+01
 1.10000E+02    9.38910E+00
 1.20000E+02    8.15976E+00
 1.30000E+02    7.36288E+00
 1.40000E+02    6.77741E+00
 1.50000E+02    6.29216E+00
 1.60000E+02    5.91920E+00
 1.80000E+02    5.31030E+00
 2.00000E+02    4.71025E+00
