# n + Ac230 : (n,na)    
# tendl.2017 A.J. Koning and D. Rochman        EVAL-NOV17
# uncertainties: y
# # energies =   292
#   E(MeV)       xs(mb)       xslow(mb)      xsupp(mb)
 1.00000E-11    3.87203E-17    3.87203E-17    3.87203E-17
 1.03005E-11    3.81842E-17    3.81842E-17    3.81842E-17
 1.06099E-11    3.76563E-17    3.76563E-17    3.76563E-17
 1.09287E-11    3.71367E-17    3.71367E-17    3.71367E-17
 1.12571E-11    3.66253E-17    3.66253E-17    3.66253E-17
 1.15953E-11    3.61218E-17    3.61218E-17    3.61218E-17
 1.19437E-11    3.56262E-17    3.56262E-17    3.56262E-17
 1.23026E-11    3.51385E-17    3.51385E-17    3.51385E-17
 1.26722E-11    3.46583E-17    3.46583E-17    3.46583E-17
 1.30530E-11    3.41858E-17    3.41858E-17    3.41858E-17
 1.34452E-11    3.37207E-17    3.37207E-17    3.37207E-17
 1.38491E-11    3.32630E-17    3.32630E-17    3.32630E-17
 1.42652E-11    3.28125E-17    3.28125E-17    3.28125E-17
 1.46938E-11    3.23693E-17    3.23693E-17    3.23693E-17
 1.51353E-11    3.19330E-17    3.19330E-17    3.19330E-17
 1.55901E-11    3.15037E-17    3.15037E-17    3.15037E-17
 1.60585E-11    3.10814E-17    3.10814E-17    3.10814E-17
 1.65410E-11    3.06657E-17    3.06657E-17    3.06657E-17
 1.70380E-11    3.02568E-17    3.02568E-17    3.02568E-17
 1.75499E-11    2.98544E-17    2.98544E-17    2.98544E-17
 1.80772E-11    2.94586E-17    2.94586E-17    2.94586E-17
 1.86993E-11    2.90141E-17    2.90141E-17    2.90141E-17
 1.93427E-11    2.85778E-17    2.85778E-17    2.85778E-17
 2.00083E-11    2.81496E-17    2.81496E-17    2.81496E-17
 2.06968E-11    2.77294E-17    2.77294E-17    2.77294E-17
 2.14090E-11    2.73171E-17    2.73171E-17    2.73171E-17
 2.21458E-11    2.69126E-17    2.69126E-17    2.69126E-17
 2.29078E-11    2.65156E-17    2.65156E-17    2.65156E-17
 2.36961E-11    2.61262E-17    2.61262E-17    2.61262E-17
 2.45115E-11    2.57442E-17    2.57442E-17    2.57442E-17
 2.53550E-11    2.53695E-17    2.53695E-17    2.53695E-17
 2.62275E-11    2.50019E-17    2.50019E-17    2.50019E-17
 2.71300E-11    2.46415E-17    2.46415E-17    2.46415E-17
 2.80636E-11    2.42879E-17    2.42879E-17    2.42879E-17
 2.90293E-11    2.39413E-17    2.39413E-17    2.39413E-17
 3.00282E-11    2.36013E-17    2.36013E-17    2.36013E-17
 3.10615E-11    2.32681E-17    2.32681E-17    2.32681E-17
 3.21304E-11    2.29414E-17    2.29414E-17    2.29414E-17
 3.32360E-11    2.26211E-17    2.26211E-17    2.26211E-17
 3.43797E-11    2.23071E-17    2.23071E-17    2.23071E-17
 3.55627E-11    2.19995E-17    2.19995E-17    2.19995E-17
 3.67865E-11    2.16980E-17    2.16980E-17    2.16980E-17
 3.80524E-11    2.14025E-17    2.14025E-17    2.14025E-17
 3.93618E-11    2.11131E-17    2.11131E-17    2.11131E-17
 4.07163E-11    2.08295E-17    2.08295E-17    2.08295E-17
 4.21174E-11    2.05517E-17    2.05517E-17    2.05517E-17
 4.35667E-11    2.02796E-17    2.02796E-17    2.02796E-17
 4.50659E-11    2.00132E-17    2.00132E-17    2.00132E-17
 4.66166E-11    1.97523E-17    1.97523E-17    1.97523E-17
 4.82208E-11    1.94968E-17    1.94968E-17    1.94968E-17
 4.98801E-11    1.92468E-17    1.92468E-17    1.92468E-17
 5.15965E-11    1.90020E-17    1.90020E-17    1.90020E-17
 5.33720E-11    1.87624E-17    1.87624E-17    1.87624E-17
 5.52086E-11    1.85280E-17    1.85280E-17    1.85280E-17
 5.71084E-11    1.82986E-17    1.82986E-17    1.82986E-17
 5.90736E-11    1.80743E-17    1.80743E-17    1.80743E-17
 6.11064E-11    1.78548E-17    1.78548E-17    1.78548E-17
 6.32091E-11    1.76402E-17    1.76402E-17    1.76402E-17
 6.53842E-11    1.74303E-17    1.74303E-17    1.74303E-17
 6.76342E-11    1.72251E-17    1.72251E-17    1.72251E-17
 6.99616E-11    1.70245E-17    1.70245E-17    1.70245E-17
 7.23690E-11    1.68285E-17    1.68285E-17    1.68285E-17
 7.48593E-11    1.66369E-17    1.66369E-17    1.66369E-17
 7.74353E-11    1.64497E-17    1.64497E-17    1.64497E-17
 8.00999E-11    1.62669E-17    1.62669E-17    1.62669E-17
 8.32074E-11    1.60663E-17    1.60663E-17    1.60663E-17
 8.64355E-11    1.58710E-17    1.58710E-17    1.58710E-17
 8.97887E-11    1.56810E-17    1.56810E-17    1.56810E-17
 9.32721E-11    1.54960E-17    1.54960E-17    1.54960E-17
 9.68906E-11    1.53161E-17    1.53161E-17    1.53161E-17
 1.00649E-10    1.51410E-17    1.51410E-17    1.51410E-17
 1.04554E-10    1.49709E-17    1.49709E-17    1.49709E-17
 1.08610E-10    1.48054E-17    1.48054E-17    1.48054E-17
 1.12824E-10    1.46447E-17    1.46447E-17    1.46447E-17
 1.17201E-10    1.44885E-17    1.44885E-17    1.44885E-17
 1.21748E-10    1.43367E-17    1.43367E-17    1.43367E-17
 1.26471E-10    1.41894E-17    1.41894E-17    1.41894E-17
 1.31377E-10    1.40464E-17    1.40464E-17    1.40464E-17
 1.36474E-10    1.39076E-17    1.39076E-17    1.39076E-17
 1.41769E-10    1.37729E-17    1.37729E-17    1.37729E-17
 1.47268E-10    1.36422E-17    1.36422E-17    1.36422E-17
 1.53630E-10    1.35017E-17    1.35017E-17    1.35017E-17
 1.60267E-10    1.33660E-17    1.33660E-17    1.33660E-17
 1.67190E-10    1.32349E-17    1.32349E-17    1.32349E-17
 1.74412E-10    1.31084E-17    1.31084E-17    1.31084E-17
 1.81946E-10    1.29862E-17    1.29862E-17    1.29862E-17
 1.89806E-10    1.28684E-17    1.28684E-17    1.28684E-17
 1.98005E-10    1.27548E-17    1.27548E-17    1.27548E-17
 2.06558E-10    1.26453E-17    1.26453E-17    1.26453E-17
 2.16394E-10    1.25294E-17    1.25294E-17    1.25294E-17
 2.26698E-10    1.24182E-17    1.24182E-17    1.24182E-17
 2.37493E-10    1.23115E-17    1.23115E-17    1.23115E-17
 2.48803E-10    1.22092E-17    1.22092E-17    1.22092E-17
 2.60650E-10    1.21112E-17    1.21112E-17    1.21112E-17
 2.73062E-10    1.20172E-17    1.20172E-17    1.20172E-17
 2.86065E-10    1.19272E-17    1.19272E-17    1.19272E-17
 3.00957E-10    1.18333E-17    1.18333E-17    1.18333E-17
 3.16624E-10    1.17438E-17    1.17438E-17    1.17438E-17
 3.33107E-10    1.16585E-17    1.16585E-17    1.16585E-17
 3.50448E-10    1.15772E-17    1.15772E-17    1.15772E-17
 3.70254E-10    1.14935E-17    1.14935E-17    1.14935E-17
 3.91180E-10    1.14141E-17    1.14141E-17    1.14141E-17
 4.13288E-10    1.13389E-17    1.13389E-17    1.13389E-17
 4.38496E-10    1.12622E-17    1.12622E-17    1.12622E-17
 4.65242E-10    1.11899E-17    1.11899E-17    1.11899E-17
 4.93619E-10    1.11216E-17    1.11216E-17    1.11216E-17
 5.25947E-10    1.10528E-17    1.10528E-17    1.10528E-17
 5.60392E-10    1.09882E-17    1.09882E-17    1.09882E-17
 5.99623E-10    1.09236E-17    1.09236E-17    1.09236E-17
 6.41600E-10    1.08632E-17    1.08632E-17    1.08632E-17
 6.89426E-10    1.08033E-17    1.08033E-17    1.08033E-17
 7.40816E-10    1.07476E-17    1.07476E-17    1.07476E-17
 7.99411E-10    1.06928E-17    1.06928E-17    1.06928E-17
 8.62641E-10    1.06421E-17    1.06421E-17    1.06421E-17
 9.34817E-10    1.05925E-17    1.05925E-17    1.05925E-17
 1.01732E-09    1.05444E-17    1.05444E-17    1.05444E-17
 1.11181E-09    1.04982E-17    1.04982E-17    1.04982E-17
 1.22021E-09    1.04539E-17    1.04539E-17    1.04539E-17
 1.34486E-09    1.04118E-17    1.04118E-17    1.04118E-17
 1.48853E-09    1.03721E-17    1.03721E-17    1.03721E-17
 1.65453E-09    1.03348E-17    1.03348E-17    1.03348E-17
 1.85466E-09    1.02986E-17    1.02986E-17    1.02986E-17
 2.08781E-09    1.02653E-17    1.02653E-17    1.02653E-17
 2.37023E-09    1.02337E-17    1.02337E-17    1.02337E-17
 2.71370E-09    1.02041E-17    1.02041E-17    1.02041E-17
 3.13335E-09    1.01768E-17    1.01768E-17    1.01768E-17
 3.66408E-09    1.01512E-17    1.01512E-17    1.01512E-17
 4.33941E-09    1.01276E-17    1.01276E-17    1.01276E-17
 5.22689E-09    1.01060E-17    1.01060E-17    1.01060E-17
 6.40328E-09    1.00865E-17    1.00865E-17    1.00865E-17
 8.04603E-09    1.00688E-17    1.00688E-17    1.00688E-17
 1.03700E-08    1.00534E-17    1.00534E-17    1.00534E-17
 1.38838E-08    1.00399E-17    1.00399E-17    1.00399E-17
 1.95559E-08    1.00283E-17    1.00283E-17    1.00283E-17
 2.52045E-08    1.00220E-17    1.00220E-17    1.00220E-17
 2.53000E-08    1.00219E-17    1.00219E-17    1.00219E-17
 4.08002E-08    1.00136E-17    1.00136E-17    1.00136E-17
 7.66166E-08    1.00072E-17    1.00072E-17    1.00072E-17
 1.94261E-07    1.00029E-17    1.00029E-17    1.00029E-17
 1.15794E-06    1.00005E-17    1.00005E-17    1.00005E-17
 1.13045E-04    1.00000E-17    1.00000E-17    1.00000E-17
 1.14640E-04    1.00000E-17    1.00000E-17    1.00000E-17
 1.16257E-04    1.00000E-17    1.00000E-17    1.00000E-17
 1.17897E-04    1.00000E-17    1.00000E-17    1.00000E-17
 1.19561E-04    1.00000E-17    1.00000E-17    1.00000E-17
 1.21247E-04    1.00000E-17    1.00000E-17    1.00000E-17
 1.26452E-04    1.00000E-17    1.00000E-17    1.00000E-17
 1.30045E-04    1.00000E-17    1.00000E-17    1.00000E-17
 1.31880E-04    1.00000E-17    1.00000E-17    1.00000E-17
 1.35627E-04    1.00000E-17    1.00000E-17    1.00000E-17
 1.37541E-04    1.00000E-17    1.00000E-17    1.00000E-17
 1.45468E-04    1.00000E-17    1.00000E-17    1.00000E-17
 1.47520E-04    1.00000E-17    1.00000E-17    1.00000E-17
 1.51712E-04    1.00000E-17    1.00000E-17    1.00000E-17
 1.56023E-04    1.00000E-17    1.00000E-17    1.00000E-17
 1.58225E-04    1.00000E-17    1.00000E-17    1.00000E-17
 1.69705E-04    1.00000E-17    1.00000E-17    1.00000E-17
 1.92510E-04    1.00000E-17    1.00000E-17    1.00000E-17
 1.95226E-04    1.00000E-17    1.00000E-17    1.00000E-17
 2.06479E-04    1.00000E-17    1.00000E-17    1.00000E-17
 2.09392E-04    1.00000E-17    1.00000E-17    1.00000E-17
 2.18380E-04    1.00000E-17    1.00000E-17    1.00000E-17
 2.24585E-04    1.00000E-17    1.00000E-17    1.00000E-17
 2.27754E-04    1.00000E-17    1.00000E-17    1.00000E-17
 2.30967E-04    1.00000E-17    1.00000E-17    1.00000E-17
 2.37530E-04    1.00000E-17    1.00000E-17    1.00000E-17
 2.40881E-04    1.00000E-17    1.00000E-17    1.00000E-17
 2.93078E-04    1.00000E-17    1.00000E-17    1.00000E-17
 2.97212E-04    1.00000E-17    1.00000E-17    1.00000E-17
 3.14343E-04    1.00000E-17    1.00000E-17    1.00000E-17
 3.32461E-04    1.00000E-17    1.00000E-17    1.00000E-17
 3.98875E-04    1.00000E-17    1.00000E-17    1.00000E-17
 4.21866E-04    1.00000E-17    1.00000E-17    1.00000E-17
 3.56238E+00    1.00000E-17    1.00000E-17    1.00000E-17
 3.60000E+00    1.10870E-17    1.10870E-17    1.10870E-17
 3.80000E+00    1.93096E-14    1.93096E-14    1.93096E-14
 4.00000E+00    1.00603E-13    1.00603E-13    1.00603E-13
 4.20000E+00    1.66904E-12    1.66904E-12    1.66904E-12
 4.40000E+00    4.63020E-12    4.63020E-12    4.63020E-12
 4.60000E+00    1.09667E-11    1.09667E-11    1.09667E-11
 4.80000E+00    2.45299E-11    2.45299E-11    2.45299E-11
 5.00000E+00    5.42092E-11    5.42092E-11    5.42092E-11
 5.20000E+00    8.82977E-11    8.82977E-11    8.82977E-11
 5.40000E+00    1.18931E-10    1.18931E-10    1.18931E-10
 5.60000E+00    1.76188E-10    1.76188E-10    1.76188E-10
 5.80000E+00    3.08469E-10    3.08469E-10    3.08469E-10
 6.00000E+00    5.09185E-10    5.09185E-10    5.09185E-10
 6.20000E+00    8.00907E-10    8.00907E-10    8.00907E-10
 6.40000E+00    1.84731E-09    1.84731E-09    1.84731E-09
 6.60000E+00    3.41816E-09    0.00000E+00    3.41816E-08
 6.80000E+00    5.12784E-09    0.00000E+00    5.12784E-08
 7.00000E+00    8.00104E-09    0.00000E+00    8.00104E-08
 7.20000E+00    1.54767E-08    0.00000E+00    1.54767E-07
 7.40000E+00    2.46862E-08    0.00000E+00    2.46862E-07
 7.60000E+00    3.58541E-08    0.00000E+00    3.58541E-07
 7.80000E+00    6.37586E-08    0.00000E+00    6.37586E-07
 8.00000E+00    1.11876E-07    0.00000E+00    1.11876E-06
 8.50000E+00    3.11802E-07    0.00000E+00    3.11802E-06
 9.00000E+00    7.00032E-07    0.00000E+00    7.00032E-06
 9.50000E+00    1.57275E-06    0.00000E+00    1.57275E-05
 1.00000E+01    3.94368E-06    0.00000E+00    3.94369E-05
 1.01411E+01    5.77400E-06    0.00000E+00    5.77400E-05
 1.02842E+01    7.63030E-06    0.00000E+00    7.63030E-05
 1.04292E+01    9.51279E-06    0.00000E+00    9.51279E-05
 1.05000E+01    1.04308E-05    0.00000E+00    1.04308E-04
 1.06481E+01    1.51483E-05    0.00000E+00    1.51483E-04
 1.07984E+01    1.99323E-05    0.00000E+00    1.99323E-04
 1.09507E+01    2.47838E-05    0.00000E+00    2.47838E-04
 1.10000E+01    2.63536E-05    0.00000E+00    2.63536E-04
 1.11552E+01    3.71231E-05    0.00000E+00    3.71231E-04
 1.13126E+01    4.80446E-05    0.00000E+00    4.80446E-04
 1.14722E+01    5.91201E-05    0.00000E+00    5.91201E-04
 1.15000E+01    6.10514E-05    0.00000E+00    6.10514E-04
 1.16622E+01    8.66959E-05    0.00000E+00    8.66959E-04
 1.18268E+01    1.12702E-04    0.00000E+00    1.12702E-03
 1.19936E+01    1.39075E-04    0.00000E+00    1.39075E-03
 1.20000E+01    1.40082E-04    0.00000E+00    1.40082E-03
 1.21693E+01    2.06167E-04    0.00000E+00    2.06167E-03
 1.23410E+01    2.73185E-04    0.00000E+00    2.73185E-03
 1.25000E+01    3.35256E-04    0.00000E+00    3.35256E-03
 1.26764E+01    5.15655E-04    0.00000E+00    5.15655E-03
 1.28552E+01    6.98599E-04    0.00000E+00    6.98599E-03
 1.30000E+01    8.46729E-04    0.00000E+00    8.46729E-03
 1.31834E+01    1.24060E-03    0.00000E+00    1.24060E-02
 1.33694E+01    1.64002E-03    0.00000E+00    1.64002E-02
 1.35000E+01    1.92049E-03    0.00000E+00    1.92049E-02
 1.36905E+01    2.73071E-03    0.00000E+00    2.73071E-02
 1.38836E+01    3.55235E-03    0.00000E+00    3.55235E-02
 1.40000E+01    4.04748E-03    0.00000E+00    4.04748E-02
 1.41975E+01    5.59226E-03    0.00000E+00    5.59226E-02
 1.43978E+01    7.15883E-03    0.00000E+00    7.15883E-02
 1.45000E+01    7.95802E-03    0.00000E+00    7.95802E-02
 1.47046E+01    1.11762E-02    0.00000E+00    1.11762E-01
 1.49120E+01    1.44398E-02    0.00000E+00    1.44398E-01
 1.50000E+01    1.58238E-02    0.00000E+00    1.58238E-01
 1.52116E+01    2.57997E-02    0.00000E+00    2.57997E-01
 1.54262E+01    3.59164E-02    0.00000E+00    3.59164E-01
 1.56439E+01    4.61758E-02    0.00000E+00    4.61758E-01
 1.58646E+01    5.65799E-02    0.00000E+00    5.65799E-01
 1.60000E+01    6.29639E-02    0.00000E+00    6.29588E-01
 1.62257E+01    9.20327E-02    0.00000E+00    9.20252E-01
 1.64546E+01    1.21512E-01    0.00000E+00    1.21502E+00
 1.66868E+01    1.51406E-01    0.00000E+00    1.51394E+00
 1.69222E+01    1.81723E-01    0.00000E+00    1.81708E+00
 1.70000E+01    1.91740E-01    0.00000E+00    1.91724E+00
 1.72398E+01    2.57918E-01    0.00000E+00    2.57897E+00
 1.74831E+01    3.25030E-01    0.00000E+00    3.25003E+00
 1.77297E+01    3.93088E-01    0.00000E+00    3.93056E+00
 1.79799E+01    4.62106E-01    0.00000E+00    4.62069E+00
 1.80000E+01    4.67666E-01    0.00000E+00    4.67628E+00
 1.82539E+01    6.07775E-01    0.00000E+00    6.07726E+00
 1.85115E+01    7.49861E-01    0.00000E+00    7.49800E+00
 1.87726E+01    8.93951E-01    0.00000E+00    8.93878E+00
 1.90000E+01    1.01939E+00    0.00000E+00    1.01931E+01
 1.92681E+01    1.28517E+00    0.00000E+00    1.28506E+01
 1.95399E+01    1.55469E+00    0.00000E+00    1.55457E+01
 1.98156E+01    1.82802E+00    0.00000E+00    1.82788E+01
 2.00000E+01    2.01089E+00    1.90705E+00    2.11473E+00
 2.02822E+01    2.44928E+00    2.32281E+00    2.57576E+00
 2.05683E+01    2.89386E+00    2.74443E+00    3.04329E+00
 2.08585E+01    3.34471E+00    3.17200E+00    3.51742E+00
 2.10000E+01    3.56457E+00    3.38050E+00    3.74864E+00
 2.12963E+01    4.25750E+00    4.03765E+00    4.47735E+00
 2.15967E+01    4.96020E+00    4.70407E+00    5.21634E+00
 2.19014E+01    5.67282E+00    5.37988E+00    5.96575E+00
 2.20000E+01    5.90339E+00    5.59855E+00    6.20823E+00
 2.23104E+01    6.73197E+00    6.38434E+00    7.07959E+00
 2.26251E+01    7.57223E+00    7.18122E+00    7.96325E+00
 2.29443E+01    8.42435E+00    7.98934E+00    8.85937E+00
 2.30000E+01    8.57294E+00    8.13025E+00    9.01563E+00
 2.33245E+01    9.10626E+00    8.63603E+00    9.57649E+00
 2.36536E+01    9.64710E+00    9.14894E+00    1.01453E+01
 2.39873E+01    1.01956E+01    9.66909E+00    1.07220E+01
 2.40000E+01    1.02165E+01    4.02368E+00    1.64093E+01
 2.43386E+01    1.04954E+01    4.13353E+00    1.68573E+01
 2.46820E+01    1.07782E+01    4.24492E+00    1.73116E+01
 2.50000E+01    1.10402E+01    4.34809E+00    1.77323E+01
 2.53527E+01    1.04277E+01    4.10687E+00    1.67486E+01
 2.57104E+01    9.80659E+00    3.86224E+00    1.57509E+01
 2.60000E+01    9.30367E+00    3.66417E+00    1.49432E+01
 2.63668E+01    8.91820E+00    3.51236E+00    1.43240E+01
 2.67388E+01    8.52729E+00    3.35840E+00    1.36962E+01
 2.70000E+01    8.25280E+00    3.25030E+00    1.32553E+01
 2.73809E+01    7.94390E+00    3.12864E+00    1.27592E+01
 2.77672E+01    7.63063E+00    3.00526E+00    1.22560E+01
 2.80000E+01    7.44186E+00    2.93091E+00    1.19528E+01
 2.83950E+01    7.17343E+00    2.82520E+00    1.15217E+01
 2.87956E+01    6.90121E+00    2.71798E+00    1.10844E+01
 2.90000E+01    6.76234E+00    2.66329E+00    1.08614E+01
 2.94091E+01    6.44221E+00    2.53721E+00    1.03472E+01
 2.98240E+01    6.11757E+00    2.40935E+00    9.82579E+00
 3.00000E+01    5.97990E+00    2.35513E+00    9.60467E+00
