# n + Ac230 :  n        
# tendl.2017 A.J. Koning and D. Rochman        EVAL-NOV17
# uncertainties: n
# # energies =    45
#   E(MeV)       xs(mb) 
 1.50000E+01    0.00000E+00
 1.60000E+01    2.26618E-15
 1.70000E+01    1.38940E-12
 1.80000E+01    1.54026E-09
 1.90000E+01    4.93510E-06
 2.00000E+01    1.47452E-03
 2.10000E+01    1.23753E-02
 2.20000E+01    4.70003E-02
 2.30000E+01    1.17962E-01
 2.40000E+01    2.29365E-01
 2.50000E+01    3.76350E-01
 2.60000E+01    5.45135E-01
 2.70000E+01    7.30644E-01
 2.80000E+01    9.34933E-01
 2.90000E+01    1.12806E+00
 3.00000E+01    1.32805E+00
 3.20000E+01    1.69779E+00
 3.40000E+01    2.04631E+00
 3.60000E+01    2.36368E+00
 3.80000E+01    2.66052E+00
 4.00000E+01    2.91091E+00
 4.20000E+01    3.13202E+00
 4.40000E+01    3.32596E+00
 4.60000E+01    3.50347E+00
 4.80000E+01    3.68473E+00
 5.00000E+01    3.85875E+00
 5.20000E+01    4.05138E+00
 5.40000E+01    4.29154E+00
 5.60000E+01    4.59414E+00
 5.80000E+01    4.97429E+00
 6.00000E+01    5.45360E+00
 6.50000E+01    7.43260E+00
 7.00000E+01    1.10547E+01
 7.50000E+01    1.64016E+01
 8.00000E+01    2.14934E+01
 9.00000E+01    2.12477E+01
 1.00000E+02    1.40573E+01
 1.10000E+02    1.00591E+01
 1.20000E+02    8.50388E+00
 1.30000E+02    7.69132E+00
 1.40000E+02    7.09960E+00
 1.50000E+02    6.66140E+00
 1.60000E+02    6.33476E+00
 1.80000E+02    5.75680E+00
 2.00000E+02    5.15735E+00
