# n + Ac230 : (n,n'03)  
# tendl.2017 A.J. Koning and D. Rochman        EVAL-NOV17
# uncertainties: y
# # energies =   101
#   E(MeV)       xs(mb)       xslow(mb)      xsupp(mb)
 1.01513E-01    0.00000E+00    0.00000E+00    0.00000E+00
 1.52184E-01    1.63582E+01    7.33575E+00    2.53807E+01
 1.99039E-01    3.14846E+01    1.41191E+01    4.88501E+01
 2.00000E-01    3.17948E+01    1.42582E+01    4.93314E+01
 2.12709E-01    8.42681E+01    3.77895E+01    1.30747E+02
 2.65851E-01    3.03682E+02    1.36185E+02    4.71180E+02
 2.86440E-01    3.88691E+02    1.74306E+02    6.03076E+02
 2.94194E-01    4.20706E+02    1.88663E+02    6.52749E+02
 3.00000E-01    4.44678E+02    1.99413E+02    6.89943E+02
 3.47587E-01    5.50756E+02    2.46983E+02    8.54528E+02
 3.77367E-01    6.17139E+02    2.76752E+02    9.57526E+02
 3.97003E-01    6.60910E+02    2.96381E+02    1.02544E+03
 4.00000E-01    6.67591E+02    2.99377E+02    1.03580E+03
 4.59928E-01    7.60837E+02    3.41193E+02    1.18048E+03
 4.80799E-01    7.93311E+02    3.55756E+02    1.23087E+03
 5.00000E-01    8.23187E+02    3.69153E+02    1.27722E+03
 5.39083E-01    8.62447E+02    3.86759E+02    1.33813E+03
 5.83708E-01    9.07273E+02    4.06861E+02    1.40769E+03
 5.94154E-01    9.17767E+02    4.11567E+02    1.42397E+03
 6.00000E-01    9.23639E+02    2.03059E+02    1.64422E+03
 6.38558E-01    9.49831E+02    2.08817E+02    1.69085E+03
 6.47132E-01    9.55655E+02    2.10097E+02    1.70121E+03
 6.49263E-01    9.57103E+02    2.10415E+02    1.70379E+03
 6.55050E-01    9.61034E+02    2.11280E+02    1.71079E+03
 6.57707E-01    9.62839E+02    2.11676E+02    1.71400E+03
 6.59361E-01    9.63962E+02    2.11923E+02    1.71600E+03
 6.61663E-01    9.65526E+02    2.12267E+02    1.71878E+03
 6.64624E-01    9.67538E+02    2.12709E+02    1.72237E+03
 6.66580E-01    9.68866E+02    2.13002E+02    1.72473E+03
 6.69489E-01    9.70842E+02    2.13436E+02    1.72825E+03
 6.74303E-01    9.74112E+02    2.14155E+02    1.73407E+03
 6.76174E-01    9.75383E+02    2.14434E+02    1.73633E+03
 6.78302E-01    9.76829E+02    2.14752E+02    1.73891E+03
 7.00000E-01    9.91568E+02    2.17992E+02    1.76514E+03
 8.00000E-01    1.04610E+03    2.29981E+02    1.86222E+03
 9.00000E-01    1.10445E+03    2.42809E+02    1.96609E+03
 1.00000E+00    1.17978E+03    1.22328E+02    2.23723E+03
 1.20000E+00    1.40344E+03    1.45519E+02    2.66136E+03
 1.40000E+00    1.68620E+03    1.74838E+02    3.19756E+03
 1.60000E+00    1.90208E+03    1.97222E+02    3.60694E+03
 1.80000E+00    1.95889E+03    2.93819E+02    3.62396E+03
 2.00000E+00    1.87809E+03    2.81699E+02    3.47448E+03
 2.20000E+00    1.72581E+03    2.58858E+02    3.19276E+03
 2.40000E+00    1.55190E+03    2.32773E+02    2.87103E+03
 2.60000E+00    1.38341E+03    4.68704E+02    2.29812E+03
 2.80000E+00    1.23304E+03    4.17758E+02    2.04832E+03
 3.00000E+00    1.10470E+03    3.74276E+02    1.83512E+03
 3.20000E+00    9.97126E+02    3.37830E+02    1.65642E+03
 3.40000E+00    9.06388E+02    3.07087E+02    1.50569E+03
 3.60000E+00    8.28181E+02    2.80591E+02    1.37577E+03
 3.80000E+00    7.59115E+02    2.57191E+02    1.26104E+03
 4.00000E+00    6.97251E+02    2.36231E+02    1.15827E+03
 4.20000E+00    6.41745E+02    2.17425E+02    1.06606E+03
 4.40000E+00    5.92269E+02    2.00663E+02    9.83875E+02
 4.60000E+00    5.48588E+02    2.31127E+02    8.66049E+02
 4.80000E+00    5.10425E+02    2.15048E+02    8.05802E+02
 5.00000E+00    4.77399E+02    2.01134E+02    7.53664E+02
 5.20000E+00    4.49089E+02    1.89207E+02    7.08971E+02
 5.40000E+00    4.25062E+02    1.79084E+02    6.71040E+02
 5.60000E+00    4.04914E+02    1.70595E+02    6.39233E+02
 5.80000E+00    3.88261E+02    1.63579E+02    6.12943E+02
 6.00000E+00    3.74737E+02    1.57881E+02    5.91593E+02
 6.20000E+00    3.63962E+02    1.53342E+02    5.74583E+02
 6.40000E+00    3.55521E+02    1.49785E+02    5.61257E+02
 6.60000E+00    3.48959E+02    1.37252E+02    5.60666E+02
 6.80000E+00    3.43781E+02    1.35216E+02    5.52346E+02
 7.00000E+00    3.39482E+02    1.33525E+02    5.45439E+02
 7.20000E+00    3.35591E+02    1.31995E+02    5.39188E+02
 7.40000E+00    3.31718E+02    1.30471E+02    5.32965E+02
 7.60000E+00    3.27583E+02    1.28845E+02    5.26321E+02
 7.80000E+00    3.23020E+02    1.27050E+02    5.18990E+02
 8.00000E+00    3.17971E+02    1.25064E+02    5.10878E+02
 8.50000E+00    3.03457E+02    1.19356E+02    4.87558E+02
 9.00000E+00    2.87276E+02    1.34314E+02    4.40238E+02
 9.50000E+00    2.70696E+02    1.26562E+02    4.14830E+02
 1.00000E+01    2.54648E+02    1.19059E+02    3.90237E+02
 1.05000E+01    2.39738E+02    1.12088E+02    3.67388E+02
 1.10000E+01    2.26262E+02    1.05788E+02    3.46737E+02
 1.15000E+01    2.14213E+02    1.00154E+02    3.28272E+02
 1.20000E+01    2.03362E+02    9.50808E+01    3.11643E+02
 1.25000E+01    1.93411E+02    9.04282E+01    2.96394E+02
 1.30000E+01    1.84109E+02    9.88097E+01    2.69408E+02
 1.35000E+01    1.75321E+02    9.40932E+01    2.56549E+02
 1.40000E+01    1.67024E+02    8.96403E+01    2.44408E+02
 1.45000E+01    1.59258E+02    8.54724E+01    2.33044E+02
 1.50000E+01    1.52086E+02    8.16232E+01    2.22549E+02
 1.60000E+01    1.39710E+02    8.05339E+01    1.98886E+02
 1.70000E+01    1.29927E+02    7.48947E+01    1.84959E+02
 1.80000E+01    1.22202E+02    7.04417E+01    1.73962E+02
 1.90000E+01    1.15626E+02    6.66510E+01    1.64601E+02
 2.00000E+01    1.09361E+02    6.96975E+01    1.49025E+02
 2.10000E+01    1.03000E+02    6.56435E+01    1.40357E+02
 2.20000E+01    9.66397E+01    6.15900E+01    1.31689E+02
 2.30000E+01    9.06643E+01    5.77818E+01    1.23547E+02
 2.40000E+01    8.54255E+01    5.77716E+01    1.13079E+02
 2.50000E+01    8.10606E+01    5.48197E+01    1.07301E+02
 2.60000E+01    7.74976E+01    5.24102E+01    1.02585E+02
 2.70000E+01    7.45333E+01    5.04055E+01    9.86612E+01
 2.80000E+01    7.19134E+01    4.86337E+01    9.51931E+01
 2.90000E+01    6.94112E+01    4.69415E+01    9.18809E+01
 3.00000E+01    6.69046E+01    4.52463E+01    8.85629E+01
