# n + Ac230 : (n,n'06)  
# tendl.2017 A.J. Koning and D. Rochman        EVAL-NOV17
# uncertainties: n
# # energies =    97
#   E(MeV)       xs(mb) 
 2.12709E-01    0.00000E+00
 2.65851E-01    2.82052E-02
 2.86440E-01    3.91328E-02
 2.94194E-01    4.32483E-02
 3.00000E-01    4.63298E-02
 3.47587E-01    1.17468E-01
 3.77367E-01    1.61986E-01
 3.97003E-01    1.91340E-01
 4.00000E-01    1.95820E-01
 4.59928E-01    3.38708E-01
 4.80799E-01    3.88471E-01
 5.00000E-01    4.34253E-01
 5.39083E-01    5.58348E-01
 5.83708E-01    7.00040E-01
 5.94154E-01    7.33208E-01
 6.00000E-01    7.51770E-01
 6.38558E-01    9.03665E-01
 6.47132E-01    9.37442E-01
 6.49263E-01    9.45837E-01
 6.55050E-01    9.68634E-01
 6.57707E-01    9.79101E-01
 6.59361E-01    9.85617E-01
 6.61663E-01    9.94685E-01
 6.64624E-01    1.00635E+00
 6.66580E-01    1.01406E+00
 6.69489E-01    1.02552E+00
 6.74303E-01    1.04448E+00
 6.76174E-01    1.05185E+00
 6.78302E-01    1.06023E+00
 7.00000E-01    1.14571E+00
 8.00000E-01    1.54437E+00
 9.00000E-01    1.91246E+00
 1.00000E+00    2.27257E+00
 1.20000E+00    3.28131E+00
 1.40000E+00    4.83298E+00
 1.60000E+00    6.70026E+00
 1.80000E+00    8.24288E+00
 2.00000E+00    8.95890E+00
 2.20000E+00    8.86407E+00
 2.40000E+00    8.27221E+00
 2.60000E+00    7.49345E+00
 2.80000E+00    6.72540E+00
 3.00000E+00    6.05669E+00
 3.20000E+00    5.50491E+00
 3.40000E+00    5.05122E+00
 3.60000E+00    4.66642E+00
 3.80000E+00    4.32564E+00
 4.00000E+00    4.01490E+00
 4.20000E+00    3.72950E+00
 4.40000E+00    3.46963E+00
 4.60000E+00    3.23667E+00
 4.80000E+00    3.03139E+00
 5.00000E+00    2.85333E+00
 5.20000E+00    2.70116E+00
 5.40000E+00    2.57307E+00
 5.60000E+00    2.46715E+00
 5.80000E+00    2.38147E+00
 6.00000E+00    2.31418E+00
 6.20000E+00    2.26337E+00
 6.40000E+00    2.22689E+00
 6.60000E+00    2.20235E+00
 6.80000E+00    2.18702E+00
 7.00000E+00    2.17795E+00
 7.20000E+00    2.17218E+00
 7.40000E+00    2.16709E+00
 7.60000E+00    2.16055E+00
 7.80000E+00    2.15107E+00
 8.00000E+00    2.13783E+00
 8.50000E+00    2.08754E+00
 9.00000E+00    2.01720E+00
 9.50000E+00    1.93511E+00
 1.00000E+01    1.84918E+00
 1.05000E+01    1.76554E+00
 1.10000E+01    1.68801E+00
 1.15000E+01    1.61788E+00
 1.20000E+01    1.55448E+00
 1.25000E+01    1.49618E+00
 1.30000E+01    1.44147E+00
 1.35000E+01    1.38944E+00
 1.40000E+01    1.33993E+00
 1.45000E+01    1.29323E+00
 1.50000E+01    1.24980E+00
 1.60000E+01    1.17433E+00
 1.70000E+01    1.11448E+00
 1.80000E+01    1.06759E+00
 1.90000E+01    1.02843E+00
 2.00000E+01    9.91648E-01
 2.10000E+01    9.54084E-01
 2.20000E+01    9.15731E-01
 2.30000E+01    8.78794E-01
 2.40000E+01    8.45660E-01
 2.50000E+01    8.17438E-01
 2.60000E+01    7.93774E-01
 2.70000E+01    7.73279E-01
 2.80000E+01    7.54099E-01
 2.90000E+01    7.34556E-01
 3.00000E+01    7.13820E-01
