# n + Ac230 : (n,n'09)  
# tendl.2017 A.J. Koning and D. Rochman        EVAL-NOV17
# uncertainties: n
# # energies =    94
#   E(MeV)       xs(mb) 
 2.94194E-01    0.00000E+00
 3.00000E-01    2.24489E+00
 3.47587E-01    6.24553E+00
 3.77367E-01    8.74914E+00
 3.97003E-01    1.03999E+01
 4.00000E-01    1.06519E+01
 4.59928E-01    1.26633E+01
 4.80799E-01    1.33638E+01
 5.00000E-01    1.40082E+01
 5.39083E-01    1.43895E+01
 5.83708E-01    1.48249E+01
 5.94154E-01    1.49269E+01
 6.00000E-01    1.49839E+01
 6.38558E-01    1.49046E+01
 6.47132E-01    1.48870E+01
 6.49263E-01    1.48826E+01
 6.55050E-01    1.48707E+01
 6.57707E-01    1.48653E+01
 6.59361E-01    1.48618E+01
 6.61663E-01    1.48571E+01
 6.64624E-01    1.48510E+01
 6.66580E-01    1.48470E+01
 6.69489E-01    1.48410E+01
 6.74303E-01    1.48311E+01
 6.76174E-01    1.48273E+01
 6.78302E-01    1.48229E+01
 7.00000E-01    1.47783E+01
 8.00000E-01    1.32781E+01
 9.00000E-01    1.10082E+01
 1.00000E+00    8.66176E+00
 1.20000E+00    5.22541E+00
 1.40000E+00    3.14460E+00
 1.60000E+00    1.94555E+00
 1.80000E+00    1.27302E+00
 2.00000E+00    8.70986E-01
 2.20000E+00    6.03770E-01
 2.40000E+00    4.14893E-01
 2.60000E+00    2.79672E-01
 2.80000E+00    1.84905E-01
 3.00000E+00    1.20440E-01
 3.20000E+00    7.76855E-02
 3.40000E+00    4.98682E-02
 3.60000E+00    3.19759E-02
 3.80000E+00    2.05218E-02
 4.00000E+00    1.32134E-02
 4.20000E+00    8.54112E-03
 4.40000E+00    5.55078E-03
 4.60000E+00    3.62857E-03
 4.80000E+00    2.38828E-03
 5.00000E+00    1.58071E-03
 5.20000E+00    1.05167E-03
 5.40000E+00    7.03039E-04
 5.60000E+00    4.74175E-04
 5.80000E+00    3.22225E-04
 6.00000E+00    2.20516E-04
 6.20000E+00    1.52113E-04
 6.40000E+00    1.05519E-04
 6.60000E+00    7.37176E-05
 6.80000E+00    5.18199E-05
 7.00000E+00    3.66185E-05
 7.20000E+00    2.60592E-05
 7.40000E+00    1.86330E-05
 7.60000E+00    1.33976E-05
 7.80000E+00    9.68292E-06
 8.00000E+00    7.02574E-06
 8.50000E+00    3.21625E-06
 9.00000E+00    1.51095E-06
 9.50000E+00    7.27776E-07
 1.00000E+01    3.59261E-07
 1.05000E+01    1.81625E-07
 1.10000E+01    9.39304E-08
 1.15000E+01    4.96588E-08
 1.20000E+01    2.67947E-08
 1.25000E+01    1.47338E-08
 1.30000E+01    8.24666E-09
 1.35000E+01    4.69116E-09
 1.40000E+01    2.70933E-09
 1.45000E+01    1.58715E-09
 1.50000E+01    9.42717E-10
 1.60000E+01    3.46129E-10
 1.70000E+01    1.33154E-10
 1.80000E+01    5.40952E-11
 1.90000E+01    2.30338E-11
 2.00000E+01    1.02358E-11
 2.10000E+01    4.73035E-12
 2.20000E+01    2.25825E-12
 2.30000E+01    1.11235E-12
 2.40000E+01    5.65599E-13
 2.50000E+01    2.96145E-13
 2.60000E+01    1.60081E-13
 2.70000E+01    8.87774E-14
 2.80000E+01    5.04432E-14
 2.90000E+01    2.93042E-14
 3.00000E+01    1.73787E-14
