# n + Ac225 : (n,n'01)  
# jendl4.0   O.Iwamoto, T.Nakagawa, et al.     EVAL-FEB10
# uncertainties: y
# # energies =    80
#   E(MeV)       xs(mb)       xslow(mb)      xsupp(mb)
 3.00742E-02    0.00000E+00    0.00000E+00    0.00000E+00
 4.02697E-02    1.62731E+02    5.04466E+01    2.75015E+02
 5.00000E-02    2.08989E+02    6.47866E+01    3.53191E+02
 6.49900E-02    2.63697E+02    1.72194E+02    3.55200E+02
 7.00000E-02    2.73064E+02    1.78311E+02    3.67817E+02
 7.74657E-02    2.89795E+02    1.89236E+02    3.90354E+02
 1.00000E-01    3.37743E+02    1.48269E+02    5.27217E+02
 1.05531E-01    3.42938E+02    1.50550E+02    5.35326E+02
 1.20000E-01    3.51730E+02    1.54409E+02    5.49050E+02
 1.21342E-01    3.52938E+02    1.54940E+02    5.50936E+02
 1.27429E-01    3.53817E+02    1.55326E+02    5.52308E+02
 1.40000E-01    3.60043E+02    1.58059E+02    5.62027E+02
 1.45600E-01    3.63386E+02    1.59526E+02    5.67246E+02
 1.56348E-01    3.70820E+02    1.62790E+02    5.78850E+02
 1.70000E-01    3.72815E+02    1.63666E+02    5.81964E+02
 1.71556E-01    3.73756E+02    1.64079E+02    5.83433E+02
 1.99601E-01    3.94186E+02    1.73048E+02    6.15324E+02
 2.00000E-01    3.94535E+02    1.32564E+02    6.56506E+02
 2.00746E-01    3.94403E+02    1.32519E+02    6.56287E+02
 2.21991E-01    3.89939E+02    1.31020E+02    6.48859E+02
 2.36556E-01    3.83093E+02    1.28719E+02    6.37467E+02
 2.50000E-01    3.80908E+02    1.27985E+02    6.33831E+02
 3.00000E-01    3.88070E+02    1.53288E+02    6.22852E+02
 4.00000E-01    3.55413E+02    1.57803E+02    5.53023E+02
 5.00000E-01    3.43366E+02    1.52454E+02    5.34277E+02
 6.00000E-01    3.09505E+02    1.70847E+02    4.48163E+02
 7.00000E-01    2.89024E+02    1.59541E+02    4.18507E+02
 8.00000E-01    2.66561E+02    1.54339E+02    3.78783E+02
 9.00000E-01    2.51119E+02    1.45398E+02    3.56840E+02
 1.00000E+00    2.41093E+02    1.35976E+02    3.46210E+02
 1.10000E+00    2.32735E+02    1.31263E+02    3.34207E+02
 1.20000E+00    2.26975E+02    1.20297E+02    3.33653E+02
 1.30000E+00    2.23274E+02    1.18335E+02    3.28213E+02
 1.40000E+00    2.21373E+02    1.17328E+02    3.25418E+02
 1.50000E+00    2.20354E+02    1.11058E+02    3.29650E+02
 1.60000E+00    2.20506E+02    1.11135E+02    3.29877E+02
 1.70000E+00    2.20609E+02    1.11187E+02    3.30031E+02
 1.80000E+00    2.21552E+02    1.11662E+02    3.31442E+02
 1.90000E+00    2.21892E+02    1.11834E+02    3.31950E+02
 2.00000E+00    2.22858E+02    1.20789E+02    3.24927E+02
 2.10000E+00    2.22617E+02    1.20658E+02    3.24576E+02
 2.20000E+00    2.22836E+02    1.20777E+02    3.24895E+02
 2.40000E+00    2.22554E+02    1.20624E+02    3.24484E+02
 2.60000E+00    2.21531E+02    1.35799E+02    3.07263E+02
 2.80000E+00    2.18149E+02    1.33725E+02    3.02573E+02
 3.00000E+00    2.15331E+02    1.42764E+02    2.87898E+02
 3.50000E+00    2.03197E+02    1.37361E+02    2.69033E+02
 4.00000E+00    1.92003E+02    1.29410E+02    2.54596E+02
 4.50000E+00    1.79790E+02    1.21178E+02    2.38402E+02
 5.00000E+00    1.67692E+02    1.09503E+02    2.25881E+02
 5.50000E+00    1.58267E+02    1.03348E+02    2.13186E+02
 6.00000E+00    1.48856E+02    9.79473E+01    1.99765E+02
 6.50000E+00    1.43208E+02    9.42309E+01    1.92185E+02
 7.00000E+00    1.37561E+02    9.24410E+01    1.82681E+02
 7.50000E+00    1.33976E+02    9.00319E+01    1.77920E+02
 8.00000E+00    1.30392E+02    8.77538E+01    1.73030E+02
 8.50000E+00    1.27114E+02    8.55477E+01    1.68680E+02
 9.00000E+00    1.23836E+02    8.28463E+01    1.64826E+02
 9.50000E+00    1.20350E+02    8.05142E+01    1.60186E+02
 1.00000E+01    1.16863E+02    7.79476E+01    1.55778E+02
 1.05000E+01    1.13334E+02    7.55938E+01    1.51074E+02
 1.10000E+01    1.09805E+02    7.32399E+01    1.46370E+02
 1.15000E+01    1.06401E+02    7.09695E+01    1.41833E+02
 1.20000E+01    1.02997E+02    6.92140E+01    1.36780E+02
 1.25000E+01    9.97803E+01    6.70524E+01    1.32508E+02
 1.30000E+01    9.65641E+01    6.48911E+01    1.28237E+02
 1.35000E+01    9.35781E+01    6.28845E+01    1.24272E+02
 1.40000E+01    9.05921E+01    6.19650E+01    1.19219E+02
 1.45000E+01    8.78840E+01    6.01127E+01    1.15655E+02
 1.50000E+01    8.51760E+01    5.87714E+01    1.11581E+02
 1.55000E+01    8.27813E+01    5.71191E+01    1.08444E+02
 1.60000E+01    8.03867E+01    5.59491E+01    1.04824E+02
 1.65000E+01    7.83143E+01    5.45068E+01    1.02122E+02
 1.70000E+01    7.62419E+01    5.30644E+01    9.94194E+01
 1.75000E+01    7.44777E+01    5.18365E+01    9.71189E+01
 1.80000E+01    7.27135E+01    5.12630E+01    9.41640E+01
 1.85000E+01    7.12302E+01    5.02173E+01    9.22431E+01
 1.90000E+01    6.97468E+01    4.91715E+01    9.03221E+01
 1.95000E+01    6.85107E+01    4.83000E+01    8.87214E+01
 2.00000E+01    6.72745E+01    4.74285E+01    8.71205E+01
