# n + Ac225 :  n        
# jendl4.0   O.Iwamoto, T.Nakagawa, et al.     EVAL-FEB10
# uncertainties: y
# # energies =    74
#   E(MeV)       xs(mb)       xslow(mb)      xsupp(mb)
 1.03689E-01    0.00000E+00    0.00000E+00    0.00000E+00
 1.05531E-01    9.74445E-03    6.50929E-03    1.29796E-02
 1.20000E-01    1.62391E-02    1.08477E-02    2.16305E-02
 1.21342E-01    1.66312E-02    1.11096E-02    2.21528E-02
 1.27429E-01    1.80002E-02    1.20241E-02    2.39763E-02
 1.40000E-01    2.60715E-02    1.74158E-02    3.47272E-02
 1.45600E-01    3.04429E-02    2.03359E-02    4.05499E-02
 1.56348E-01    3.39032E-02    2.26473E-02    4.51591E-02
 1.70000E-01    3.67311E-02    2.45364E-02    4.89258E-02
 1.71556E-01    3.70574E-02    2.47543E-02    4.93605E-02
 1.99601E-01    4.27193E-02    2.85365E-02    5.69021E-02
 2.00000E-01    4.27595E-02    2.85633E-02    5.69557E-02
 2.00746E-01    4.27430E-02    2.85523E-02    5.69337E-02
 2.21991E-01    1.10775E-01    7.39977E-02    1.47552E-01
 2.36556E-01    1.41818E-01    9.47344E-02    1.88902E-01
 2.50000E-01    1.74203E-01    1.16368E-01    2.32038E-01
 3.00000E-01    2.35251E-01    1.48914E-01    3.21588E-01
 4.00000E-01    1.28021E+02    8.48779E+01    1.71164E+02
 5.00000E-01    4.08555E+02    2.70872E+02    5.46238E+02
 6.00000E-01    6.92246E+02    4.67266E+02    9.17226E+02
 7.00000E-01    9.80383E+02    6.61758E+02    1.29901E+03
 8.00000E-01    1.22004E+03    8.44268E+02    1.59581E+03
 9.00000E-01    1.44204E+03    9.97892E+02    1.88619E+03
 1.00000E+00    1.65076E+03    1.15553E+03    2.14599E+03
 1.10000E+00    1.82528E+03    1.27770E+03    2.37286E+03
 1.20000E+00    1.98205E+03    1.39338E+03    2.57072E+03
 1.30000E+00    2.12597E+03    1.49456E+03    2.75738E+03
 1.40000E+00    2.25253E+03    1.58353E+03    2.92153E+03
 1.50000E+00    2.36783E+03    1.69300E+03    3.04266E+03
 1.60000E+00    2.46707E+03    1.76396E+03    3.17019E+03
 1.70000E+00    2.55516E+03    1.82694E+03    3.28338E+03
 1.80000E+00    2.63003E+03    1.88047E+03    3.37959E+03
 1.90000E+00    2.69450E+03    1.92657E+03    3.46243E+03
 2.00000E+00    2.74930E+03    2.07572E+03    3.42288E+03
 2.10000E+00    2.79528E+03    2.11044E+03    3.48012E+03
 2.20000E+00    2.83407E+03    2.13972E+03    3.52842E+03
 2.40000E+00    2.89246E+03    2.18381E+03    3.60111E+03
 2.60000E+00    2.93016E+03    2.38222E+03    3.47810E+03
 2.80000E+00    2.95449E+03    2.40200E+03    3.50698E+03
 3.00000E+00    2.96685E+03    2.55742E+03    3.37628E+03
 3.50000E+00    2.97485E+03    2.64464E+03    3.30506E+03
 4.00000E+00    2.96608E+03    2.69320E+03    3.23896E+03
 4.50000E+00    2.92887E+03    2.65941E+03    3.19833E+03
 5.00000E+00    2.91572E+03    2.66118E+03    3.17026E+03
 5.50000E+00    2.87220E+03    2.62146E+03    3.12294E+03
 6.00000E+00    2.86244E+03    2.60253E+03    3.12235E+03
 6.50000E+00    2.83743E+03    2.57979E+03    3.09507E+03
 7.00000E+00    2.77432E+03    2.50660E+03    3.04204E+03
 7.50000E+00    2.28097E+03    2.06086E+03    2.50108E+03
 8.00000E+00    1.71369E+03    1.53547E+03    1.89191E+03
 8.50000E+00    1.25242E+03    1.12217E+03    1.38267E+03
 9.00000E+00    9.27232E+02    8.05765E+02    1.04870E+03
 9.50000E+00    7.05735E+02    6.13284E+02    7.98186E+02
 1.00000E+01    5.61497E+02    4.71657E+02    6.51336E+02
 1.05000E+01    4.69783E+02    3.94618E+02    5.44948E+02
 1.10000E+01    4.05740E+02    3.40822E+02    4.70658E+02
 1.15000E+01    3.59917E+02    3.02330E+02    4.17504E+02
 1.20000E+01    3.26065E+02    2.62156E+02    3.89974E+02
 1.25000E+01    3.04893E+02    2.45134E+02    3.64652E+02
 1.30000E+01    2.87438E+02    2.31100E+02    3.43776E+02
 1.35000E+01    2.72950E+02    2.19452E+02    3.26448E+02
 1.40000E+01    2.59750E+02    2.05462E+02    3.14038E+02
 1.45000E+01    2.51739E+02    1.99126E+02    3.04352E+02
 1.50000E+01    2.40789E+02    1.90705E+02    2.90873E+02
 1.55000E+01    2.33523E+02    1.84950E+02    2.82096E+02
 1.60000E+01    2.22952E+02    1.77024E+02    2.68880E+02
 1.65000E+01    2.16570E+02    1.71957E+02    2.61183E+02
 1.70000E+01    2.09774E+02    1.66561E+02    2.52987E+02
 1.75000E+01    2.03176E+02    1.61322E+02    2.45030E+02
 1.80000E+01    1.96673E+02    1.57338E+02    2.36008E+02
 1.85000E+01    1.90338E+02    1.52270E+02    2.28406E+02
 1.90000E+01    1.84107E+02    1.47286E+02    2.20928E+02
 1.95000E+01    1.78013E+02    1.42410E+02    2.13616E+02
 2.00000E+01    1.72147E+02    1.37718E+02    2.06576E+02
