# n + Ac225 : (n,h)     
# tendl.2017 A.J. Koning and D. Rochman        EVAL-NOV17
# uncertainties: y
# # energies =    22
#   E(MeV)       xs(mb)       xslow(mb)      xsupp(mb)
 3.62109E+00    0.00000E+00    0.00000E+00    0.00000E+00
 1.25000E+01    1.86844E-17    1.86844E-17    1.86844E-17
 1.30000E+01    1.20592E-16    1.20592E-16    1.20592E-16
 1.35000E+01    6.56008E-16    6.56008E-16    6.56008E-16
 1.40000E+01    3.75872E-12    3.75872E-12    3.75872E-12
 1.45000E+01    2.31241E-11    2.31241E-11    2.31241E-11
 1.50000E+01    1.21521E-10    1.21521E-10    1.21521E-10
 1.60000E+01    2.27445E-09    0.00000E+00    2.27445E-08
 1.70000E+01    2.72633E-08    0.00000E+00    2.72633E-07
 1.80000E+01    2.32892E-07    0.00000E+00    2.32892E-06
 1.90000E+01    1.51875E-06    0.00000E+00    1.51875E-05
 2.00000E+01    7.97812E-06    0.00000E+00    7.97812E-05
 2.10000E+01    3.51289E-05    0.00000E+00    3.51289E-04
 2.20000E+01    1.33935E-04    0.00000E+00    1.33935E-03
 2.30000E+01    4.52058E-04    0.00000E+00    4.52058E-03
 2.40000E+01    1.37132E-03    0.00000E+00    1.23133E-02
 2.50000E+01    4.03184E-03    0.00000E+00    3.62026E-02
 2.60000E+01    9.56795E-03    0.00000E+00    8.59123E-02
 2.70000E+01    2.13406E-02    0.00000E+00    1.91621E-01
 2.80000E+01    4.29234E-02    0.00000E+00    3.85417E-01
 2.90000E+01    7.75308E-02    0.00000E+00    6.96163E-01
 3.00000E+01    1.26671E-01    0.00000E+00    1.13740E+00
