# n + Ac225 : (n,xp)    
# tendl.2017 A.J. Koning and D. Rochman        EVAL-NOV17
# 
# # energies =   135
#   E(MeV)        xs(mb) 
 3.00742E-02    3.00000E-17
 4.02697E-02    3.00000E-17
 6.00000E-02    3.00000E-17
 6.49900E-02    3.00000E-17
 7.74657E-02    3.00000E-17
 1.00000E-01    3.00000E-17
 1.05531E-01    3.00000E-17
 1.21341E-01    3.00000E-17
 1.45600E-01    3.00000E-17
 1.56348E-01    3.00000E-17
 1.71556E-01    3.00000E-17
 2.00000E-01    3.00000E-17
 2.00746E-01    3.00000E-17
 2.21991E-01    3.00000E-17
 2.36556E-01    3.00000E-17
 2.58192E-01    3.00000E-17
 3.00000E-01    3.00000E-17
 3.19425E-01    3.00000E-17
 3.28466E-01    3.00000E-17
 4.00000E-01    3.00001E-17
 4.22887E-01    3.00001E-17
 5.00000E-01    3.00001E-17
 5.11542E-01    3.00001E-17
 5.17596E-01    3.00001E-17
 5.22644E-01    3.00001E-17
 5.34339E-01    3.00001E-17
 5.43672E-01    3.00001E-17
 5.46171E-01    3.00001E-17
 5.47666E-01    3.00001E-17
 5.58356E-01    3.00001E-17
 5.61146E-01    3.00001E-17
 5.83508E-01    3.00001E-17
 5.90599E-01    3.00001E-17
 5.92980E-01    3.00001E-17
 5.94358E-01    3.00001E-17
 5.97476E-01    3.00001E-17
 6.00000E-01    3.00001E-17
 7.00000E-01    3.00001E-17
 8.00000E-01    3.00001E-17
 9.00000E-01    3.00001E-17
 1.00000E+00    3.08994E-17
 1.20000E+00    5.75687E-16
 1.40000E+00    1.41906E-14
 1.60000E+00    1.40624E-12
 1.80000E+00    1.87148E-11
 2.00000E+00    1.48729E-10
 2.20000E+00    8.46672E-10
 2.40000E+00    3.77399E-09
 2.60000E+00    1.37747E-08
 2.80000E+00    4.25979E-08
 3.00000E+00    1.14692E-07
 3.20000E+00    2.74087E-07
 3.40000E+00    5.96747E-07
 3.60000E+00    1.20043E-06
 3.80000E+00    2.43495E-06
 4.00000E+00    4.17306E-06
 4.20000E+00    7.38191E-06
 4.40000E+00    1.23060E-05
 4.60000E+00    1.75979E-05
 4.80000E+00    3.34945E-05
 5.00000E+00    4.95156E-05
 5.20000E+00    8.31556E-05
 5.40000E+00    1.36693E-04
 5.60000E+00    1.83946E-04
 5.80000E+00    3.56355E-04
 6.00000E+00    5.42680E-04
 6.20000E+00    8.09889E-04
 6.40000E+00    1.30075E-03
 6.60000E+00    1.58205E-03
 6.80000E+00    2.85481E-03
 7.00000E+00    4.22005E-03
 7.20000E+00    5.57917E-03
 7.40000E+00    8.27704E-03
 7.60000E+00    9.96405E-03
 7.80000E+00    1.51917E-02
 8.00000E+00    2.12991E-02
 8.50000E+00    4.16123E-02
 9.00000E+00    7.55132E-02
 9.50000E+00    1.28917E-01
 1.00000E+01    2.09417E-01
 1.05000E+01    3.26186E-01
 1.10000E+01    4.89999E-01
 1.15000E+01    7.12796E-01
 1.20000E+01    1.00654E+00
 1.25000E+01    1.38215E+00
 1.30000E+01    1.85040E+00
 1.35000E+01    2.42022E+00
 1.40000E+01    3.09975E+00
 1.45000E+01    3.89515E+00
 1.50000E+01    4.81295E+00
 1.60000E+01    7.04309E+00
 1.70000E+01    1.01164E+01
 1.80000E+01    1.36063E+01
 1.90000E+01    1.77260E+01
 2.00000E+01    2.23209E+01
 2.10000E+01    2.75298E+01
 2.20000E+01    3.32585E+01
 2.30000E+01    3.92271E+01
 2.40000E+01    4.54812E+01
 2.50000E+01    5.20968E+01
 2.60000E+01    5.90346E+01
 2.70000E+01    6.63139E+01
 2.80000E+01    7.39778E+01
 2.90000E+01    8.19714E+01
 3.00000E+01    9.00528E+01
 3.00000E+01    8.45800E+01
 3.20000E+01    1.01123E+02
 3.40000E+01    1.16947E+02
 3.60000E+01    1.33472E+02
 3.80000E+01    1.50744E+02
 4.00000E+01    1.67973E+02
 4.20000E+01    1.86320E+02
 4.40000E+01    2.04017E+02
 4.60000E+01    2.22149E+02
 4.80000E+01    2.39906E+02
 5.00000E+01    2.58119E+02
 5.20000E+01    2.75714E+02
 5.40000E+01    2.93247E+02
 5.60000E+01    3.10745E+02
 5.80000E+01    3.27313E+02
 6.00000E+01    3.43928E+02
 6.50000E+01    3.83181E+02
 7.00000E+01    4.19018E+02
 7.50000E+01    4.52454E+02
 8.00000E+01    4.84676E+02
 9.00000E+01    5.41894E+02
 1.00000E+02    5.92003E+02
 1.10000E+02    6.32584E+02
 1.20000E+02    6.66304E+02
 1.30000E+02    6.98345E+02
 1.40000E+02    7.33610E+02
 1.50000E+02    7.77160E+02
 1.60000E+02    8.30347E+02
 1.80000E+02    9.82373E+02
 2.00000E+02    1.26963E+03
