# n + Ac225 :  n        
# tendl.2017 A.J. Koning and D. Rochman        EVAL-NOV17
# uncertainties: n
# # energies =    54
#   E(MeV)       xs(mb) 
 1.05000E+01    0.00000E+00
 1.10000E+01    2.75591E-16
 1.15000E+01    2.29584E-14
 1.20000E+01    1.26856E-12
 1.25000E+01    6.80610E-11
 1.30000E+01    1.99082E-09
 1.35000E+01    9.43327E-08
 1.40000E+01    5.46851E-06
 1.45000E+01    3.23636E-04
 1.50000E+01    1.35057E-02
 1.60000E+01    2.84031E-01
 1.70000E+01    1.09345E+00
 1.80000E+01    2.39859E+00
 1.90000E+01    3.91287E+00
 2.00000E+01    5.43795E+00
 2.10000E+01    6.81355E+00
 2.20000E+01    8.00914E+00
 2.30000E+01    9.04936E+00
 2.40000E+01    9.96467E+00
 2.50000E+01    1.07775E+01
 2.60000E+01    1.14202E+01
 2.70000E+01    1.19154E+01
 2.80000E+01    1.23375E+01
 2.90000E+01    1.27887E+01
 3.00000E+01    1.32506E+01
 3.20000E+01    1.36882E+01
 3.40000E+01    1.40288E+01
 3.60000E+01    1.43832E+01
 3.80000E+01    1.45962E+01
 4.00000E+01    1.48219E+01
 4.20000E+01    1.49614E+01
 4.40000E+01    1.51229E+01
 4.60000E+01    1.53597E+01
 4.80000E+01    1.56727E+01
 5.00000E+01    1.61297E+01
 5.20000E+01    1.68004E+01
 5.40000E+01    1.76935E+01
 5.60000E+01    1.88664E+01
 5.80000E+01    2.03610E+01
 6.00000E+01    2.22116E+01
 6.50000E+01    2.87021E+01
 7.00000E+01    3.71145E+01
 7.50000E+01    4.31689E+01
 8.00000E+01    4.29411E+01
 9.00000E+01    2.93130E+01
 1.00000E+02    1.98181E+01
 1.10000E+02    1.63993E+01
 1.20000E+02    1.45970E+01
 1.30000E+02    1.32822E+01
 1.40000E+02    1.22012E+01
 1.50000E+02    1.13264E+01
 1.60000E+02    1.06187E+01
 1.80000E+02    9.23596E+00
 2.00000E+02    8.11165E+00
