# n + Ac225 : (n,np)    
# tendl.2017 A.J. Koning and D. Rochman        EVAL-NOV17
# uncertainties: y
# # energies =    40
#   E(MeV)       xs(mb)       xslow(mb)      xsupp(mb)
 4.49761E+00    0.00000E+00    0.00000E+00    0.00000E+00
 6.20000E+00    1.99474E-15    1.99474E-15    1.99474E-15
 6.40000E+00    6.46440E-14    6.46440E-14    6.46440E-14
 6.60000E+00    1.62686E-12    5.02133E-13    2.75159E-12
 6.80000E+00    1.27771E-11    3.94367E-12    2.16105E-11
 7.00000E+00    8.90509E-11    2.74857E-11    1.50616E-10
 7.20000E+00    4.14658E-10    1.27985E-10    7.01331E-10
 7.40000E+00    1.54967E-09    4.78308E-10    2.62103E-09
 7.60000E+00    6.96089E-09    2.14849E-09    1.17733E-08
 7.80000E+00    2.27068E-08    7.00848E-09    3.84051E-08
 8.00000E+00    6.67136E-08    2.05912E-08    1.12836E-07
 8.50000E+00    8.25680E-07    2.54847E-07    1.39651E-06
 9.00000E+00    7.19575E-06    1.04746E-06    1.33440E-05
 9.50000E+00    3.77429E-05    5.49412E-06    6.99917E-05
 1.00000E+01    1.65986E-04    2.41621E-05    3.07810E-04
 1.05000E+01    5.66906E-04    8.25227E-05    1.05129E-03
 1.10000E+01    1.78081E-03    2.59227E-04    3.30239E-03
 1.15000E+01    4.88154E-03    7.10591E-04    9.05249E-03
 1.20000E+01    1.21600E-02    1.77009E-03    2.25499E-02
 1.25000E+01    2.79492E-02    4.06848E-03    5.18299E-02
 1.30000E+01    5.69669E-02    1.93007E-02    9.46331E-02
 1.35000E+01    1.12091E-01    3.79770E-02    1.86205E-01
 1.40000E+01    2.01521E-01    6.82763E-02    3.34766E-01
 1.45000E+01    3.46525E-01    1.17404E-01    5.75646E-01
 1.50000E+01    5.69862E-01    1.93072E-01    9.46652E-01
 1.60000E+01    1.31941E+00    4.83043E-01    2.15578E+00
 1.70000E+01    2.73547E+00    1.00147E+00    4.46947E+00
 1.80000E+01    4.83210E+00    1.76906E+00    7.89514E+00
 1.90000E+01    7.78975E+00    2.85187E+00    1.27276E+01
 2.00000E+01    1.14165E+01    4.03989E+00    1.87931E+01
 2.10000E+01    1.57274E+01    5.56537E+00    2.58894E+01
 2.20000E+01    2.02773E+01    7.17542E+00    3.33792E+01
 2.30000E+01    2.49832E+01    8.84067E+00    4.11257E+01
 2.40000E+01    2.95435E+01    1.11479E+01    4.79391E+01
 2.50000E+01    3.37049E+01    1.27181E+01    5.46917E+01
 2.60000E+01    3.75430E+01    1.41664E+01    6.09196E+01
 2.70000E+01    4.09914E+01    1.54676E+01    6.65152E+01
 2.80000E+01    4.40534E+01    1.66230E+01    7.14838E+01
 2.90000E+01    4.67977E+01    1.76585E+01    7.59369E+01
 3.00000E+01    4.90975E+01    1.85263E+01    7.96687E+01
