# n + Ac225 : (n,n2a)   
# tendl.2017 A.J. Koning and D. Rochman        EVAL-NOV17
# uncertainties: n
# # energies =   290
#   E(MeV)       xs(mb) 
 1.00000E-11    3.91229E-17
 1.03005E-11    3.85805E-17
 1.06099E-11    3.80465E-17
 1.09287E-11    3.75209E-17
 1.12571E-11    3.70034E-17
 1.15953E-11    3.64940E-17
 1.19437E-11    3.59926E-17
 1.23026E-11    3.54991E-17
 1.26722E-11    3.50133E-17
 1.30530E-11    3.45351E-17
 1.34452E-11    3.40645E-17
 1.38491E-11    3.36014E-17
 1.42652E-11    3.31456E-17
 1.46938E-11    3.26970E-17
 1.51353E-11    3.22555E-17
 1.55901E-11    3.18211E-17
 1.60585E-11    3.13936E-17
 1.65410E-11    3.09730E-17
 1.70380E-11    3.05591E-17
 1.75499E-11    3.01519E-17
 1.80772E-11    2.97513E-17
 1.86993E-11    2.93013E-17
 1.93427E-11    2.88597E-17
 2.00083E-11    2.84263E-17
 2.06968E-11    2.80009E-17
 2.14090E-11    2.75835E-17
 2.21458E-11    2.71740E-17
 2.29078E-11    2.67721E-17
 2.36961E-11    2.63779E-17
 2.45115E-11    2.59911E-17
 2.53550E-11    2.56116E-17
 2.62275E-11    2.52395E-17
 2.71300E-11    2.48744E-17
 2.80636E-11    2.45164E-17
 2.90293E-11    2.41653E-17
 3.00282E-11    2.38210E-17
 3.10615E-11    2.34835E-17
 3.21304E-11    2.31525E-17
 3.32360E-11    2.28281E-17
 3.43797E-11    2.25100E-17
 3.55627E-11    2.21983E-17
 3.67865E-11    2.18928E-17
 3.80524E-11    2.15935E-17
 3.93618E-11    2.13001E-17
 4.07163E-11    2.10128E-17
 4.21174E-11    2.07312E-17
 4.35667E-11    2.04555E-17
 4.50659E-11    2.01854E-17
 4.66166E-11    1.99209E-17
 4.82208E-11    1.96619E-17
 4.98801E-11    1.94084E-17
 5.15965E-11    1.91602E-17
 5.33720E-11    1.89173E-17
 5.52086E-11    1.86795E-17
 5.71084E-11    1.84469E-17
 5.90736E-11    1.82193E-17
 6.11064E-11    1.79967E-17
 6.32091E-11    1.77789E-17
 6.53842E-11    1.75660E-17
 6.76342E-11    1.73577E-17
 6.99616E-11    1.71542E-17
 7.23690E-11    1.69552E-17
 7.48593E-11    1.67607E-17
 7.74353E-11    1.65707E-17
 8.00999E-11    1.63851E-17
 8.32074E-11    1.61814E-17
 8.64355E-11    1.59831E-17
 8.97887E-11    1.57900E-17
 9.32721E-11    1.56021E-17
 9.68906E-11    1.54193E-17
 1.00649E-10    1.52415E-17
 1.04554E-10    1.50685E-17
 1.08610E-10    1.49004E-17
 1.12824E-10    1.47369E-17
 1.17201E-10    1.45781E-17
 1.21748E-10    1.44238E-17
 1.26471E-10    1.42740E-17
 1.31377E-10    1.41285E-17
 1.36474E-10    1.39872E-17
 1.41769E-10    1.38502E-17
 1.47268E-10    1.37172E-17
 1.52982E-10    1.35883E-17
 1.59590E-10    1.34496E-17
 1.66484E-10    1.33156E-17
 1.73676E-10    1.31863E-17
 1.81178E-10    1.30615E-17
 1.89005E-10    1.29410E-17
 1.97169E-10    1.28248E-17
 2.05686E-10    1.27128E-17
 2.14571E-10    1.26048E-17
 2.24789E-10    1.24905E-17
 2.35493E-10    1.23809E-17
 2.46707E-10    1.22758E-17
 2.58455E-10    1.21749E-17
 2.70762E-10    1.20783E-17
 2.83655E-10    1.19857E-17
 2.98422E-10    1.18891E-17
 3.13957E-10    1.17970E-17
 3.30301E-10    1.17092E-17
 3.47496E-10    1.16256E-17
 3.67136E-10    1.15394E-17
 3.87885E-10    1.14576E-17
 4.09807E-10    1.13801E-17
 4.32968E-10    1.13066E-17
 4.59377E-10    1.12318E-17
 4.87396E-10    1.11612E-17
 5.17125E-10    1.10946E-17
 5.50992E-10    1.10274E-17
 5.87077E-10    1.09643E-17
 6.28176E-10    1.09013E-17
 6.72152E-10    1.08423E-17
 7.22255E-10    1.07839E-17
 7.76093E-10    1.07295E-17
 8.37478E-10    1.06761E-17
 9.07549E-10    1.06239E-17
 9.83482E-10    1.05757E-17
 1.07028E-09    1.05290E-17
 1.16969E-09    1.04841E-17
 1.28373E-09    1.04411E-17
 1.41488E-09    1.04002E-17
 1.56602E-09    1.03616E-17
 1.74066E-09    1.03253E-17
 1.95121E-09    1.02902E-17
 2.20580E-09    1.02567E-17
 2.50418E-09    1.02261E-17
 2.86707E-09    1.01975E-17
 3.32446E-09    1.01703E-17
 3.90404E-09    1.01450E-17
 4.64320E-09    1.01219E-17
 5.61651E-09    1.01008E-17
 6.90975E-09    1.00819E-17
 8.71923E-09    1.00649E-17
 1.13331E-08    1.00500E-17
 1.53670E-08    1.00368E-17
 2.20143E-08    1.00257E-17
 2.52045E-08    1.00225E-17
 2.53000E-08    1.00224E-17
 4.06280E-08    1.00139E-17
 7.56507E-08    1.00075E-17
 1.87799E-07    1.00030E-17
 1.03517E-06    1.00005E-17
 1.17897E-04    1.00000E-17
 1.58225E-04    1.00000E-17
 1.60457E-04    1.00000E-17
 1.62721E-04    1.00000E-17
 1.67344E-04    1.00000E-17
 1.72099E-04    1.00000E-17
 1.74527E-04    1.00000E-17
 1.79487E-04    1.00000E-17
 1.95226E-04    1.00000E-17
 1.97981E-04    1.00000E-17
 2.03606E-04    1.00000E-17
 2.09392E-04    1.00000E-17
 2.21461E-04    1.00000E-17
 2.30967E-04    1.00000E-17
 2.81015E-04    1.00000E-17
 2.84980E-04    1.00000E-17
 3.09970E-04    1.00000E-17
 3.14343E-04    1.00000E-17
 4.15997E-04    1.00000E-17
 4.21866E-04    1.00000E-17
 4.52476E-04    1.00000E-17
 4.92155E-04    1.00000E-17
 4.99098E-04    1.00000E-17
 5.42865E-04    1.00000E-17
 5.66167E-04    1.00000E-17
 7.18419E-04    1.00000E-17
 7.28554E-04    1.00000E-17
 8.03622E-04    1.00000E-17
 8.26457E-04    1.00000E-17
 8.38117E-04    1.00000E-17
 8.61933E-04    1.00000E-17
 8.98931E-04    1.00000E-17
 9.11613E-04    1.00000E-17
 1.01973E-03    1.00000E-17
 1.06350E-03    1.00000E-17
 4.40000E+00    1.00004E-17
 4.60000E+00    1.66343E-17
 4.80000E+00    2.89575E-17
 5.00000E+00    5.48530E-17
 5.20000E+00    9.27129E-17
 5.40000E+00    1.52381E-16
 5.60000E+00    2.51730E-16
 5.80000E+00    4.03657E-16
 6.00000E+00    6.39692E-16
 6.20000E+00    1.00758E-15
 6.40000E+00    1.55848E-15
 6.60000E+00    2.42655E-15
 6.80000E+00    3.66806E-15
 7.00000E+00    5.15212E-15
 7.20000E+00    6.98681E-15
 7.40000E+00    8.44279E-15
 7.60000E+00    9.84596E-15
 7.80000E+00    1.15402E-14
 8.00000E+00    1.36686E-14
 8.50000E+00    2.24867E-14
 9.00000E+00    4.16395E-14
 9.50000E+00    8.48889E-14
 1.00000E+01    1.74611E-13
 1.01411E+01    4.06274E-13
 1.02842E+01    6.41234E-13
 1.04292E+01    8.79509E-13
 1.05000E+01    9.95705E-13
 1.06481E+01    1.38032E-12
 1.07984E+01    1.77037E-12
 1.09507E+01    2.16592E-12
 1.10000E+01    2.29390E-12
 1.11552E+01    3.18703E-12
 1.13126E+01    4.09276E-12
 1.14722E+01    5.01127E-12
 1.15000E+01    5.17143E-12
 1.16622E+01    7.23741E-12
 1.18268E+01    9.33253E-12
 1.19936E+01    1.14572E-11
 1.20000E+01    1.15383E-11
 1.21693E+01    1.60004E-11
 1.23410E+01    2.05255E-11
 1.25000E+01    2.47166E-11
 1.26764E+01    3.49739E-11
 1.28552E+01    4.53760E-11
 1.30000E+01    5.37985E-11
 1.31834E+01    7.45805E-11
 1.33694E+01    9.56557E-11
 1.35000E+01    1.10454E-10
 1.36905E+01    1.50089E-10
 1.38836E+01    1.90284E-10
 1.40000E+01    2.14505E-10
 1.41975E+01    2.93229E-10
 1.43978E+01    3.73063E-10
 1.45000E+01    4.13791E-10
 1.47046E+01    5.67710E-10
 1.49120E+01    7.23800E-10
 1.50000E+01    7.89994E-10
 1.52116E+01    1.17944E-09
 1.54262E+01    1.57438E-09
 1.56439E+01    1.97489E-09
 1.58646E+01    2.38105E-09
 1.60000E+01    2.63027E-09
 1.62257E+01    3.89313E-09
 1.64546E+01    5.17381E-09
 1.66868E+01    6.47256E-09
 1.69222E+01    7.78963E-09
 1.70000E+01    8.22481E-09
 1.72398E+01    1.21556E-08
 1.74831E+01    1.61418E-08
 1.77297E+01    2.01842E-08
 1.79799E+01    2.42837E-08
 1.80000E+01    2.46139E-08
 1.82539E+01    3.54110E-08
 1.85115E+01    4.63605E-08
 1.87726E+01    5.74644E-08
 1.90000E+01    6.71310E-08
 1.92681E+01    9.50297E-08
 1.95399E+01    1.23322E-07
 1.98156E+01    1.52013E-07
 2.00000E+01    1.71209E-07
 2.02822E+01    2.39312E-07
 2.05683E+01    3.08375E-07
 2.08585E+01    3.78413E-07
 2.10000E+01    4.12567E-07
 2.12963E+01    5.48701E-07
 2.15967E+01    6.86756E-07
 2.19014E+01    8.26759E-07
 2.20000E+01    8.72058E-07
 2.23104E+01    1.08952E-06
 2.26251E+01    1.31004E-06
 2.29443E+01    1.53368E-06
 2.30000E+01    1.57268E-06
 2.33245E+01    1.94044E-06
 2.36536E+01    2.31338E-06
 2.39873E+01    2.69159E-06
 2.40000E+01    2.70602E-06
 2.43386E+01    3.25427E-06
 2.46820E+01    3.81026E-06
 2.50000E+01    4.32521E-06
 2.53527E+01    5.50581E-06
 2.57104E+01    6.70306E-06
 2.60000E+01    7.67248E-06
 2.63668E+01    1.01524E-05
 2.67388E+01    1.26674E-05
 2.70000E+01    1.44333E-05
 2.73809E+01    1.95046E-05
 2.77672E+01    2.46475E-05
 2.80000E+01    2.77466E-05
 2.83950E+01    3.72374E-05
 2.87956E+01    4.68621E-05
 2.90000E+01    5.17722E-05
 2.94091E+01    6.83913E-05
 2.98240E+01    8.52449E-05
 3.00000E+01    9.23920E-05
