# n + Ac225 : (n,4n)m   
# tendl.2017 A.J. Koning and D. Rochman        EVAL-NOV17
# uncertainties: n
# # energies =    42
#   E(MeV)       xs(mb) 
 1.95855E+01    0.00000E+00
 2.00000E+01    1.82880E-01
 2.10000E+01    3.04859E+00
 2.20000E+01    1.25059E+01
 2.30000E+01    3.04596E+01
 2.40000E+01    5.59030E+01
 2.50000E+01    8.45816E+01
 2.60000E+01    1.12519E+02
 2.70000E+01    1.36869E+02
 2.80000E+01    1.56022E+02
 2.90000E+01    1.68944E+02
 3.00000E+01    1.75379E+02
 3.00000E+01    1.65145E+02
 3.20000E+01    1.60951E+02
 3.40000E+01    1.42202E+02
 3.60000E+01    1.18610E+02
 3.80000E+01    9.64736E+01
 4.00000E+01    7.81039E+01
 4.20000E+01    6.44538E+01
 4.40000E+01    5.41283E+01
 4.60000E+01    4.64287E+01
 4.80000E+01    4.10286E+01
 5.00000E+01    3.69178E+01
 5.20000E+01    3.36744E+01
 5.40000E+01    3.12369E+01
 5.60000E+01    2.93013E+01
 5.80000E+01    2.78286E+01
 6.00000E+01    2.64808E+01
 6.50000E+01    2.41936E+01
 7.00000E+01    2.24682E+01
 7.50000E+01    2.12373E+01
 8.00000E+01    2.00691E+01
 9.00000E+01    1.83260E+01
 1.00000E+02    1.70060E+01
 1.10000E+02    1.57316E+01
 1.20000E+02    1.46480E+01
 1.30000E+02    1.36414E+01
 1.40000E+02    1.28923E+01
 1.50000E+02    1.21790E+01
 1.60000E+02    1.15633E+01
 1.80000E+02    9.75380E+00
 2.00000E+02    8.31368E+00
