# n + Ac225 : (n,n'10)  
# tendl.2017 A.J. Koning and D. Rochman        EVAL-NOV17
# uncertainties: n
# # energies =    93
#   E(MeV)       xs(mb) 
 2.00746E-01    0.00000E+00
 2.21991E-01    5.24282E+00
 2.36556E-01    8.83715E+00
 2.58192E-01    1.41765E+01
 3.00000E-01    2.44938E+01
 3.19425E-01    2.64451E+01
 3.28466E-01    2.73533E+01
 4.00000E-01    3.45393E+01
 4.22887E-01    3.61156E+01
 5.00000E-01    4.14266E+01
 5.11542E-01    4.18778E+01
 5.17596E-01    4.21145E+01
 5.22644E-01    4.23119E+01
 5.34339E-01    4.27690E+01
 5.43672E-01    4.31339E+01
 5.46171E-01    4.32316E+01
 5.47666E-01    4.32901E+01
 5.58356E-01    4.37080E+01
 5.61146E-01    4.38171E+01
 5.83508E-01    4.46913E+01
 5.90599E-01    4.49685E+01
 5.92980E-01    4.50616E+01
 5.94358E-01    4.51154E+01
 5.97476E-01    4.52373E+01
 6.00000E-01    4.53360E+01
 7.00000E-01    4.63751E+01
 8.00000E-01    4.59212E+01
 9.00000E-01    4.48801E+01
 1.00000E+00    4.35648E+01
 1.20000E+00    4.21801E+01
 1.40000E+00    4.19968E+01
 1.60000E+00    4.16158E+01
 1.80000E+00    3.98013E+01
 2.00000E+00    3.64336E+01
 2.20000E+00    3.22402E+01
 2.40000E+00    2.79972E+01
 2.60000E+00    2.41625E+01
 2.80000E+00    2.09154E+01
 3.00000E+00    1.82695E+01
 3.20000E+00    1.61570E+01
 3.40000E+00    1.44739E+01
 3.60000E+00    1.31116E+01
 3.80000E+00    1.19758E+01
 4.00000E+00    1.09981E+01
 4.20000E+00    1.01360E+01
 4.40000E+00    9.36685E+00
 4.60000E+00    8.67976E+00
 4.80000E+00    8.06881E+00
 5.00000E+00    7.52949E+00
 5.20000E+00    7.05697E+00
 5.40000E+00    6.64622E+00
 5.60000E+00    6.29229E+00
 5.80000E+00    5.99001E+00
 6.00000E+00    5.73465E+00
 6.20000E+00    5.52156E+00
 6.40000E+00    5.34597E+00
 6.60000E+00    5.20286E+00
 6.80000E+00    5.08680E+00
 7.00000E+00    4.99197E+00
 7.20000E+00    4.91251E+00
 7.40000E+00    4.84265E+00
 7.60000E+00    4.77752E+00
 7.80000E+00    4.71322E+00
 8.00000E+00    4.64709E+00
 8.50000E+00    4.46582E+00
 9.00000E+00    4.26263E+00
 9.50000E+00    4.04829E+00
 1.00000E+01    3.83471E+00
 1.05000E+01    3.63126E+00
 1.10000E+01    3.44386E+00
 1.15000E+01    3.27463E+00
 1.20000E+01    3.12231E+00
 1.25000E+01    2.98357E+00
 1.30000E+01    2.85484E+00
 1.35000E+01    2.73352E+00
 1.40000E+01    2.61849E+00
 1.45000E+01    2.50978E+00
 1.50000E+01    2.40802E+00
 1.60000E+01    2.22838E+00
 1.70000E+01    2.08257E+00
 1.80000E+01    1.96725E+00
 1.90000E+01    1.87377E+00
 2.00000E+01    1.79190E+00
 2.10000E+01    1.71411E+00
 2.20000E+01    1.63777E+00
 2.30000E+01    1.56470E+00
 2.40000E+01    1.49863E+00
 2.50000E+01    1.44224E+00
 2.60000E+01    1.39591E+00
 2.70000E+01    1.35801E+00
 2.80000E+01    1.32555E+00
 2.90000E+01    1.29527E+00
 3.00000E+01    1.26464E+00
