# n + Ac225 : (n,n'14)  
# tendl.2017 A.J. Koning and D. Rochman        EVAL-NOV17
# uncertainties: n
# # energies =    88
#   E(MeV)       xs(mb) 
 3.19425E-01    0.00000E+00
 3.28466E-01    3.20034E+00
 4.00000E-01    2.85220E+01
 4.22887E-01    3.49913E+01
 5.00000E-01    5.67881E+01
 5.11542E-01    5.84608E+01
 5.17596E-01    5.93382E+01
 5.22644E-01    6.00698E+01
 5.34339E-01    6.17647E+01
 5.43672E-01    6.31173E+01
 5.46171E-01    6.34794E+01
 5.47666E-01    6.36961E+01
 5.58356E-01    6.52454E+01
 5.61146E-01    6.56497E+01
 5.83508E-01    6.88905E+01
 5.90599E-01    6.99182E+01
 5.92980E-01    7.02632E+01
 5.94358E-01    7.04629E+01
 5.97476E-01    7.09148E+01
 6.00000E-01    7.12806E+01
 7.00000E-01    7.32303E+01
 8.00000E-01    6.88397E+01
 9.00000E-01    6.18325E+01
 1.00000E+00    5.39229E+01
 1.20000E+00    4.07769E+01
 1.40000E+00    3.20868E+01
 1.60000E+00    2.62856E+01
 1.80000E+00    2.13959E+01
 2.00000E+00    1.66762E+01
 2.20000E+00    1.24049E+01
 2.40000E+00    8.96065E+00
 2.60000E+00    6.41909E+00
 2.80000E+00    4.64695E+00
 3.00000E+00    3.44973E+00
 3.20000E+00    2.65211E+00
 3.40000E+00    2.11938E+00
 3.60000E+00    1.75730E+00
 3.80000E+00    1.50358E+00
 4.00000E+00    1.31862E+00
 4.20000E+00    1.17784E+00
 4.40000E+00    1.06621E+00
 4.60000E+00    9.74831E-01
 4.80000E+00    8.98383E-01
 5.00000E+00    8.33666E-01
 5.20000E+00    7.78556E-01
 5.40000E+00    7.31577E-01
 5.60000E+00    6.91704E-01
 5.80000E+00    6.58041E-01
 6.00000E+00    6.29894E-01
 6.20000E+00    6.06642E-01
 6.40000E+00    5.87688E-01
 6.60000E+00    5.72437E-01
 6.80000E+00    5.60255E-01
 7.00000E+00    5.50462E-01
 7.20000E+00    5.42378E-01
 7.40000E+00    5.35326E-01
 7.60000E+00    5.28723E-01
 7.80000E+00    5.22101E-01
 8.00000E+00    5.15137E-01
 8.50000E+00    4.95290E-01
 9.00000E+00    4.72227E-01
 9.50000E+00    4.47501E-01
 1.00000E+01    4.22719E-01
 1.05000E+01    3.99070E-01
 1.10000E+01    3.77275E-01
 1.15000E+01    3.57599E-01
 1.20000E+01    3.39902E-01
 1.25000E+01    3.23790E-01
 1.30000E+01    3.08831E-01
 1.35000E+01    2.94702E-01
 1.40000E+01    2.81257E-01
 1.45000E+01    2.68500E-01
 1.50000E+01    2.56522E-01
 1.60000E+01    2.35327E-01
 1.70000E+01    2.18134E-01
 1.80000E+01    2.04549E-01
 1.90000E+01    1.93435E-01
 2.00000E+01    1.83447E-01
 2.10000E+01    1.73617E-01
 2.20000E+01    1.63678E-01
 2.30000E+01    1.53967E-01
 2.40000E+01    1.45057E-01
 2.50000E+01    1.37356E-01
 2.60000E+01    1.30958E-01
 2.70000E+01    1.25689E-01
 2.80000E+01    1.21220E-01
 2.90000E+01    1.17179E-01
 3.00000E+01    1.13265E-01
