# n + Ac225 : (n,n'15)  
# tendl.2017 A.J. Koning and D. Rochman        EVAL-NOV17
# uncertainties: n
# # energies =    87
#   E(MeV)       xs(mb) 
 3.28466E-01    0.00000E+00
 4.00000E-01    1.35382E-02
 4.22887E-01    3.38149E-02
 5.00000E-01    1.02133E-01
 5.11542E-01    1.26572E-01
 5.17596E-01    1.39391E-01
 5.22644E-01    1.50079E-01
 5.34339E-01    1.74842E-01
 5.43672E-01    1.94604E-01
 5.46171E-01    1.99895E-01
 5.47666E-01    2.03060E-01
 5.58356E-01    2.25695E-01
 5.61146E-01    2.31603E-01
 5.83508E-01    2.78952E-01
 5.90599E-01    2.93966E-01
 5.92980E-01    2.99008E-01
 5.94358E-01    3.01926E-01
 5.97476E-01    3.08528E-01
 6.00000E-01    3.13872E-01
 7.00000E-01    6.50059E-01
 8.00000E-01    1.09974E+00
 9.00000E-01    1.63158E+00
 1.00000E+00    2.18805E+00
 1.20000E+00    3.24419E+00
 1.40000E+00    4.01920E+00
 1.60000E+00    4.42249E+00
 1.80000E+00    4.47004E+00
 2.00000E+00    4.22309E+00
 2.20000E+00    3.78622E+00
 2.40000E+00    3.27931E+00
 2.60000E+00    2.79004E+00
 2.80000E+00    2.36417E+00
 3.00000E+00    2.01571E+00
 3.20000E+00    1.74095E+00
 3.40000E+00    1.52759E+00
 3.60000E+00    1.36114E+00
 3.80000E+00    1.22849E+00
 4.00000E+00    1.11951E+00
 4.20000E+00    1.02734E+00
 4.40000E+00    9.47743E-01
 4.60000E+00    8.78315E-01
 4.80000E+00    8.17684E-01
 5.00000E+00    7.65004E-01
 5.20000E+00    7.19543E-01
 5.40000E+00    6.80641E-01
 5.60000E+00    6.47777E-01
 5.80000E+00    6.20345E-01
 6.00000E+00    5.97849E-01
 6.20000E+00    5.79805E-01
 6.40000E+00    5.65728E-01
 6.60000E+00    5.55121E-01
 6.80000E+00    5.47430E-01
 7.00000E+00    5.42051E-01
 7.20000E+00    5.38347E-01
 7.40000E+00    5.35668E-01
 7.60000E+00    5.33432E-01
 7.80000E+00    5.31144E-01
 8.00000E+00    5.28439E-01
 8.50000E+00    5.18583E-01
 9.00000E+00    5.04028E-01
 9.50000E+00    4.86057E-01
 1.00000E+01    4.66424E-01
 1.05000E+01    4.46680E-01
 1.10000E+01    4.27923E-01
 1.15000E+01    4.10713E-01
 1.20000E+01    3.95107E-01
 1.25000E+01    3.80831E-01
 1.30000E+01    3.67513E-01
 1.35000E+01    3.54858E-01
 1.40000E+01    3.42736E-01
 1.45000E+01    3.31158E-01
 1.50000E+01    3.20224E-01
 1.60000E+01    3.00746E-01
 1.70000E+01    2.84857E-01
 1.80000E+01    2.72302E-01
 1.90000E+01    2.62105E-01
 2.00000E+01    2.53032E-01
 2.10000E+01    2.44111E-01
 2.20000E+01    2.34976E-01
 2.30000E+01    2.25874E-01
 2.40000E+01    2.17349E-01
 2.50000E+01    2.09827E-01
 2.60000E+01    2.03425E-01
 2.70000E+01    1.97967E-01
 2.80000E+01    1.93091E-01
 2.90000E+01    1.88378E-01
 3.00000E+01    1.83505E-01
