# n + Ac225 : (n,n'17)  
# tendl.2017 A.J. Koning and D. Rochman        EVAL-NOV17
# uncertainties: n
# # energies =    83
#   E(MeV)       xs(mb) 
 5.11542E-01    0.00000E+00
 5.17596E-01    8.71490E-04
 5.22644E-01    1.59816E-03
 5.34339E-01    3.28170E-03
 5.43672E-01    4.62521E-03
 5.46171E-01    4.98495E-03
 5.47666E-01    5.20016E-03
 5.58356E-01    6.73901E-03
 5.61146E-01    7.14065E-03
 5.83508E-01    1.03597E-02
 5.90599E-01    1.13805E-02
 5.92980E-01    1.17233E-02
 5.94358E-01    1.19216E-02
 5.97476E-01    1.23705E-02
 6.00000E-01    1.27338E-02
 7.00000E-01    5.41266E-02
 8.00000E-01    1.31366E-01
 9.00000E-01    2.41907E-01
 1.00000E+00    3.73426E-01
 1.20000E+00    6.48881E-01
 1.40000E+00    8.56220E-01
 1.60000E+00    9.47749E-01
 1.80000E+00    9.33069E-01
 2.00000E+00    8.41569E-01
 2.20000E+00    7.06067E-01
 2.40000E+00    5.60815E-01
 2.60000E+00    4.30076E-01
 2.80000E+00    3.23034E-01
 3.00000E+00    2.39588E-01
 3.20000E+00    1.76250E-01
 3.40000E+00    1.28721E-01
 3.60000E+00    9.32214E-02
 3.80000E+00    6.68315E-02
 4.00000E+00    4.74000E-02
 4.20000E+00    3.33113E-02
 4.40000E+00    2.32510E-02
 4.60000E+00    1.61600E-02
 4.80000E+00    1.12152E-02
 5.00000E+00    7.79225E-03
 5.20000E+00    5.43571E-03
 5.40000E+00    3.79050E-03
 5.60000E+00    2.66713E-03
 5.80000E+00    1.89034E-03
 6.00000E+00    1.34926E-03
 6.20000E+00    9.69968E-04
 6.40000E+00    7.00722E-04
 6.60000E+00    5.09205E-04
 6.80000E+00    3.71133E-04
 7.00000E+00    2.71590E-04
 7.20000E+00    1.99149E-04
 7.40000E+00    1.46189E-04
 7.60000E+00    1.07635E-04
 7.80000E+00    7.92003E-05
 8.00000E+00    5.84079E-05
 8.50000E+00    2.74044E-05
 9.00000E+00    1.30194E-05
 9.50000E+00    6.30005E-06
 1.00000E+01    3.11722E-06
 1.05000E+01    1.58065E-06
 1.10000E+01    8.21564E-07
 1.15000E+01    4.37337E-07
 1.20000E+01    2.37866E-07
 1.25000E+01    1.31886E-07
 1.30000E+01    7.43281E-08
 1.35000E+01    4.24989E-08
 1.40000E+01    2.46108E-08
 1.45000E+01    1.44295E-08
 1.50000E+01    8.56243E-09
 1.60000E+01    3.12870E-09
 1.70000E+01    1.19688E-09
 1.80000E+01    4.83275E-10
 1.90000E+01    2.04472E-10
 2.00000E+01    9.01809E-11
 2.10000E+01    4.12193E-11
 2.20000E+01    1.94130E-11
 2.30000E+01    9.43320E-12
 2.40000E+01    4.71408E-12
 2.50000E+01    2.43504E-12
 2.60000E+01    1.29113E-12
 2.70000E+01    7.03170E-13
 2.80000E+01    3.92536E-13
 2.90000E+01    2.24237E-13
 3.00000E+01    1.30731E-13
