# n + Ac225 : (n,n'19)  
# tendl.2017 A.J. Koning and D. Rochman        EVAL-NOV17
# uncertainties: n
# # energies =    81
#   E(MeV)       xs(mb) 
 5.22644E-01    0.00000E+00
 5.34339E-01    7.14006E-01
 5.43672E-01    1.28381E+00
 5.46171E-01    1.43638E+00
 5.47666E-01    1.52765E+00
 5.58356E-01    2.18029E+00
 5.61146E-01    2.35063E+00
 5.83508E-01    3.71588E+00
 5.90599E-01    4.14880E+00
 5.92980E-01    4.29417E+00
 5.94358E-01    4.37829E+00
 5.97476E-01    4.56865E+00
 6.00000E-01    4.72275E+00
 7.00000E-01    1.18939E+01
 8.00000E-01    1.79822E+01
 9.00000E-01    2.26678E+01
 1.00000E+00    2.59245E+01
 1.20000E+00    2.94863E+01
 1.40000E+00    2.99511E+01
 1.60000E+00    2.82203E+01
 1.80000E+00    2.48760E+01
 2.00000E+00    2.03194E+01
 2.20000E+00    1.52886E+01
 2.40000E+00    1.07274E+01
 2.60000E+00    7.18513E+00
 2.80000E+00    4.69930E+00
 3.00000E+00    3.05674E+00
 3.20000E+00    2.00968E+00
 3.40000E+00    1.35412E+00
 3.60000E+00    9.46731E-01
 3.80000E+00    6.94580E-01
 4.00000E+00    5.39589E-01
 4.20000E+00    4.45643E-01
 4.40000E+00    3.89922E-01
 4.60000E+00    3.58059E-01
 4.80000E+00    3.41119E-01
 5.00000E+00    3.33595E-01
 5.20000E+00    3.32112E-01
 5.40000E+00    3.34566E-01
 5.60000E+00    3.39827E-01
 5.80000E+00    3.47036E-01
 6.00000E+00    3.55626E-01
 6.20000E+00    3.65144E-01
 6.40000E+00    3.75161E-01
 6.60000E+00    3.85264E-01
 6.80000E+00    3.95035E-01
 7.00000E+00    4.04072E-01
 7.20000E+00    4.12017E-01
 7.40000E+00    4.18597E-01
 7.60000E+00    4.23627E-01
 7.80000E+00    4.27029E-01
 8.00000E+00    4.28832E-01
 8.50000E+00    4.27188E-01
 9.00000E+00    4.19269E-01
 9.50000E+00    4.08293E-01
 1.00000E+01    3.96676E-01
 1.05000E+01    3.85834E-01
 1.10000E+01    3.76350E-01
 1.15000E+01    3.68220E-01
 1.20000E+01    3.61093E-01
 1.25000E+01    3.54491E-01
 1.30000E+01    3.47983E-01
 1.35000E+01    3.41289E-01
 1.40000E+01    3.34303E-01
 1.45000E+01    3.27058E-01
 1.50000E+01    3.19677E-01
 1.60000E+01    3.05066E-01
 1.70000E+01    2.91327E-01
 1.80000E+01    2.78714E-01
 1.90000E+01    2.67031E-01
 2.00000E+01    2.55947E-01
 2.10000E+01    2.45224E-01
 2.20000E+01    2.34820E-01
 2.30000E+01    2.24864E-01
 2.40000E+01    2.15541E-01
 2.50000E+01    2.06972E-01
 2.60000E+01    1.99163E-01
 2.70000E+01    1.92035E-01
 2.80000E+01    1.85455E-01
 2.90000E+01    1.79292E-01
 3.00000E+01    1.73437E-01
