# n + Ac227 : (n,na)    
# tendl.2017 A.J. Koning and D. Rochman        EVAL-NOV17
# uncertainties: y
# # energies =   369
#   E(MeV)       xs(mb)       xslow(mb)      xsupp(mb)
 1.00000E-11    3.89603E-17    3.89603E-17    3.89603E-17
 1.03005E-11    3.84204E-17    3.84204E-17    3.84204E-17
 1.06099E-11    3.78889E-17    3.78889E-17    3.78889E-17
 1.09287E-11    3.73657E-17    3.73657E-17    3.73657E-17
 1.12571E-11    3.68507E-17    3.68507E-17    3.68507E-17
 1.15953E-11    3.63437E-17    3.63437E-17    3.63437E-17
 1.19437E-11    3.58446E-17    3.58446E-17    3.58446E-17
 1.23026E-11    3.53534E-17    3.53534E-17    3.53534E-17
 1.26722E-11    3.48699E-17    3.48699E-17    3.48699E-17
 1.30530E-11    3.43940E-17    3.43940E-17    3.43940E-17
 1.34452E-11    3.39257E-17    3.39257E-17    3.39257E-17
 1.38491E-11    3.34647E-17    3.34647E-17    3.34647E-17
 1.42652E-11    3.30110E-17    3.30110E-17    3.30110E-17
 1.46938E-11    3.25646E-17    3.25646E-17    3.25646E-17
 1.51353E-11    3.21252E-17    3.21252E-17    3.21252E-17
 1.55901E-11    3.16929E-17    3.16929E-17    3.16929E-17
 1.60585E-11    3.12675E-17    3.12675E-17    3.12675E-17
 1.65410E-11    3.08489E-17    3.08489E-17    3.08489E-17
 1.70380E-11    3.04370E-17    3.04370E-17    3.04370E-17
 1.75499E-11    3.00317E-17    3.00317E-17    3.00317E-17
 1.80772E-11    2.96330E-17    2.96330E-17    2.96330E-17
 1.86993E-11    2.91853E-17    2.91853E-17    2.91853E-17
 1.93427E-11    2.87458E-17    2.87458E-17    2.87458E-17
 2.00083E-11    2.83145E-17    2.83145E-17    2.83145E-17
 2.06968E-11    2.78912E-17    2.78912E-17    2.78912E-17
 2.14090E-11    2.74759E-17    2.74759E-17    2.74759E-17
 2.21458E-11    2.70684E-17    2.70684E-17    2.70684E-17
 2.29078E-11    2.66685E-17    2.66685E-17    2.66685E-17
 2.36961E-11    2.62762E-17    2.62762E-17    2.62762E-17
 2.45115E-11    2.58913E-17    2.58913E-17    2.58913E-17
 2.53550E-11    2.55138E-17    2.55138E-17    2.55138E-17
 2.62275E-11    2.51435E-17    2.51435E-17    2.51435E-17
 2.71300E-11    2.47803E-17    2.47803E-17    2.47803E-17
 2.80636E-11    2.44241E-17    2.44241E-17    2.44241E-17
 2.90293E-11    2.40748E-17    2.40748E-17    2.40748E-17
 3.00282E-11    2.37323E-17    2.37323E-17    2.37323E-17
 3.10615E-11    2.33964E-17    2.33964E-17    2.33964E-17
 3.21304E-11    2.30672E-17    2.30672E-17    2.30672E-17
 3.32360E-11    2.27444E-17    2.27444E-17    2.27444E-17
 3.43797E-11    2.24280E-17    2.24280E-17    2.24280E-17
 3.55627E-11    2.21180E-17    2.21180E-17    2.21180E-17
 3.67865E-11    2.18141E-17    2.18141E-17    2.18141E-17
 3.80524E-11    2.15163E-17    2.15163E-17    2.15163E-17
 3.93618E-11    2.12245E-17    2.12245E-17    2.12245E-17
 4.07163E-11    2.09387E-17    2.09387E-17    2.09387E-17
 4.21174E-11    2.06587E-17    2.06587E-17    2.06587E-17
 4.35667E-11    2.03844E-17    2.03844E-17    2.03844E-17
 4.50659E-11    2.01158E-17    2.01158E-17    2.01158E-17
 4.66166E-11    1.98528E-17    1.98528E-17    1.98528E-17
 4.82208E-11    1.95952E-17    1.95952E-17    1.95952E-17
 4.98801E-11    1.93431E-17    1.93431E-17    1.93431E-17
 5.15965E-11    1.90963E-17    1.90963E-17    1.90963E-17
 5.33720E-11    1.88547E-17    1.88547E-17    1.88547E-17
 5.52086E-11    1.86183E-17    1.86183E-17    1.86183E-17
 5.71084E-11    1.83870E-17    1.83870E-17    1.83870E-17
 5.90736E-11    1.81607E-17    1.81607E-17    1.81607E-17
 6.11064E-11    1.79393E-17    1.79393E-17    1.79393E-17
 6.32091E-11    1.77228E-17    1.77228E-17    1.77228E-17
 6.53842E-11    1.75111E-17    1.75111E-17    1.75111E-17
 6.76342E-11    1.73041E-17    1.73041E-17    1.73041E-17
 6.99616E-11    1.71017E-17    1.71017E-17    1.71017E-17
 7.23690E-11    1.69040E-17    1.69040E-17    1.69040E-17
 7.48593E-11    1.67107E-17    1.67107E-17    1.67107E-17
 7.74353E-11    1.65218E-17    1.65218E-17    1.65218E-17
 8.00999E-11    1.63373E-17    1.63373E-17    1.63373E-17
 8.32074E-11    1.61349E-17    1.61349E-17    1.61349E-17
 8.64355E-11    1.59378E-17    1.59378E-17    1.59378E-17
 8.97887E-11    1.57459E-17    1.57459E-17    1.57459E-17
 9.32721E-11    1.55592E-17    1.55592E-17    1.55592E-17
 9.68906E-11    1.53776E-17    1.53776E-17    1.53776E-17
 1.00649E-10    1.52009E-17    1.52009E-17    1.52009E-17
 1.04554E-10    1.50290E-17    1.50290E-17    1.50290E-17
 1.08610E-10    1.48620E-17    1.48620E-17    1.48620E-17
 1.12824E-10    1.46996E-17    1.46996E-17    1.46996E-17
 1.17201E-10    1.45419E-17    1.45419E-17    1.45419E-17
 1.21748E-10    1.43886E-17    1.43886E-17    1.43886E-17
 1.26471E-10    1.42398E-17    1.42398E-17    1.42398E-17
 1.31377E-10    1.40953E-17    1.40953E-17    1.40953E-17
 1.36474E-10    1.39550E-17    1.39550E-17    1.39550E-17
 1.41769E-10    1.38189E-17    1.38189E-17    1.38189E-17
 1.47268E-10    1.36869E-17    1.36869E-17    1.36869E-17
 1.53630E-10    1.35449E-17    1.35449E-17    1.35449E-17
 1.60267E-10    1.34077E-17    1.34077E-17    1.34077E-17
 1.67190E-10    1.32751E-17    1.32751E-17    1.32751E-17
 1.74412E-10    1.31472E-17    1.31472E-17    1.31472E-17
 1.81946E-10    1.30237E-17    1.30237E-17    1.30237E-17
 1.89806E-10    1.29046E-17    1.29046E-17    1.29046E-17
 1.98005E-10    1.27897E-17    1.27897E-17    1.27897E-17
 2.06558E-10    1.26789E-17    1.26789E-17    1.26789E-17
 2.15481E-10    1.25722E-17    1.25722E-17    1.25722E-17
 2.25742E-10    1.24592E-17    1.24592E-17    1.24592E-17
 2.36491E-10    1.23509E-17    1.23509E-17    1.23509E-17
 2.47752E-10    1.22470E-17    1.22470E-17    1.22470E-17
 2.59550E-10    1.21473E-17    1.21473E-17    1.21473E-17
 2.71909E-10    1.20518E-17    1.20518E-17    1.20518E-17
 2.84857E-10    1.19603E-17    1.19603E-17    1.19603E-17
 2.99687E-10    1.18649E-17    1.18649E-17    1.18649E-17
 3.15288E-10    1.17740E-17    1.17740E-17    1.17740E-17
 3.31701E-10    1.16873E-17    1.16873E-17    1.16873E-17
 3.48969E-10    1.16046E-17    1.16046E-17    1.16046E-17
 3.68692E-10    1.15195E-17    1.15195E-17    1.15195E-17
 3.89529E-10    1.14388E-17    1.14388E-17    1.14388E-17
 4.11544E-10    1.13623E-17    1.13623E-17    1.13623E-17
 4.34803E-10    1.12897E-17    1.12897E-17    1.12897E-17
 4.61324E-10    1.12158E-17    1.12158E-17    1.12158E-17
 4.89462E-10    1.11461E-17    1.11461E-17    1.11461E-17
 5.21517E-10    1.10758E-17    1.10758E-17    1.10758E-17
 5.55672E-10    1.10098E-17    1.10098E-17    1.10098E-17
 5.92063E-10    1.09478E-17    1.09478E-17    1.09478E-17
 6.33512E-10    1.08858E-17    1.08858E-17    1.08858E-17
 6.77861E-10    1.08279E-17    1.08279E-17    1.08279E-17
 7.28390E-10    1.07704E-17    1.07704E-17    1.07704E-17
 7.86002E-10    1.07140E-17    1.07140E-17    1.07140E-17
 8.48171E-10    1.06617E-17    1.06617E-17    1.06617E-17
 9.19136E-10    1.06106E-17    1.06106E-17    1.06106E-17
 1.00026E-09    1.05611E-17    1.05611E-17    1.05611E-17
 1.08854E-09    1.05156E-17    1.05156E-17    1.05156E-17
 1.18964E-09    1.04717E-17    1.04717E-17    1.04717E-17
 1.30564E-09    1.04298E-17    1.04298E-17    1.04298E-17
 1.43901E-09    1.03900E-17    1.03900E-17    1.03900E-17
 1.59949E-09    1.03509E-17    1.03509E-17    1.03509E-17
 1.78539E-09    1.03143E-17    1.03143E-17    1.03143E-17
 2.00135E-09    1.02804E-17    1.02804E-17    1.02804E-17
 2.26249E-09    1.02480E-17    1.02480E-17    1.02480E-17
 2.57942E-09    1.02176E-17    1.02176E-17    1.02176E-17
 2.96573E-09    1.01892E-17    1.01892E-17    1.01892E-17
 3.45344E-09    1.01625E-17    1.01625E-17    1.01625E-17
 4.05550E-09    1.01384E-17    1.01384E-17    1.01384E-17
 4.84377E-09    1.01159E-17    1.01159E-17    1.01159E-17
 5.88396E-09    1.00954E-17    1.00954E-17    1.00954E-17
 7.30027E-09    1.00769E-17    1.00769E-17    1.00769E-17
 9.29026E-09    1.00604E-17    1.00604E-17    1.00604E-17
 1.22295E-08    1.00459E-17    1.00459E-17    1.00459E-17
 1.67942E-08    1.00334E-17    1.00334E-17    1.00334E-17
 2.44693E-08    1.00229E-17    1.00229E-17    1.00229E-17
 2.52045E-08    1.00223E-17    1.00223E-17    1.00223E-17
 2.53000E-08    1.00222E-17    1.00222E-17    1.00222E-17
 4.06280E-08    1.00138E-17    1.00138E-17    1.00138E-17
 7.59713E-08    1.00074E-17    1.00074E-17    1.00074E-17
 1.90197E-07    1.00030E-17    1.00030E-17    1.00030E-17
 1.07961E-06    1.00005E-17    1.00005E-17    1.00005E-17
 2.77106E-04    1.00000E-17    1.00000E-17    1.00000E-17
 2.89000E-04    1.00000E-17    1.00000E-17    1.00000E-17
 2.97212E-04    1.00000E-17    1.00000E-17    1.00000E-17
 3.37152E-04    1.00000E-17    1.00000E-17    1.00000E-17
 3.93326E-04    1.00000E-17    1.00000E-17    1.00000E-17
 4.21866E-04    1.00000E-17    1.00000E-17    1.00000E-17
 4.27818E-04    1.00000E-17    1.00000E-17    1.00000E-17
 4.33853E-04    1.00000E-17    1.00000E-17    1.00000E-17
 4.39974E-04    1.00000E-17    1.00000E-17    1.00000E-17
 4.46181E-04    1.00000E-17    1.00000E-17    1.00000E-17
 4.92155E-04    1.00000E-17    1.00000E-17    1.00000E-17
 5.13280E-04    1.00000E-17    1.00000E-17    1.00000E-17
 5.20522E-04    1.00000E-17    1.00000E-17    1.00000E-17
 5.35312E-04    1.00000E-17    1.00000E-17    1.00000E-17
 5.42865E-04    1.00000E-17    1.00000E-17    1.00000E-17
 6.07248E-04    1.00000E-17    1.00000E-17    1.00000E-17
 6.15815E-04    1.00000E-17    1.00000E-17    1.00000E-17
 7.38833E-04    1.00000E-17    1.00000E-17    1.00000E-17
 7.49256E-04    1.00000E-17    1.00000E-17    1.00000E-17
 8.38117E-04    1.00000E-17    1.00000E-17    1.00000E-17
 8.49942E-04    1.00000E-17    1.00000E-17    1.00000E-17
 8.74093E-04    1.00000E-17    1.00000E-17    1.00000E-17
 8.86425E-04    1.00000E-17    1.00000E-17    1.00000E-17
 9.11613E-04    1.00000E-17    1.00000E-17    1.00000E-17
 9.24474E-04    1.00000E-17    1.00000E-17    1.00000E-17
 9.64157E-04    1.00000E-17    1.00000E-17    1.00000E-17
 9.77759E-04    1.00000E-17    1.00000E-17    1.00000E-17
 1.01973E-03    1.00000E-17    1.00000E-17    1.00000E-17
 1.03412E-03    1.00000E-17    1.00000E-17    1.00000E-17
 1.04871E-03    1.00000E-17    1.00000E-17    1.00000E-17
 1.09372E-03    1.00000E-17    1.00000E-17    1.00000E-17
 1.15676E-03    1.00000E-17    1.00000E-17    1.00000E-17
 1.17308E-03    1.00000E-17    1.00000E-17    1.00000E-17
 1.46783E-03    1.00000E-17    1.00000E-17    1.00000E-17
 1.48854E-03    1.00000E-17    1.00000E-17    1.00000E-17
 1.61907E-03    1.00000E-17    1.00000E-17    1.00000E-17
 1.64192E-03    1.00000E-17    1.00000E-17    1.00000E-17
 1.76105E-03    1.00000E-17    1.00000E-17    1.00000E-17
 1.78590E-03    1.00000E-17    1.00000E-17    1.00000E-17
 1.81109E-03    1.00000E-17    1.00000E-17    1.00000E-17
 1.83665E-03    1.00000E-17    1.00000E-17    1.00000E-17
 1.88883E-03    1.00000E-17    1.00000E-17    1.00000E-17
 1.91548E-03    1.00000E-17    1.00000E-17    1.00000E-17
 1.94251E-03    1.00000E-17    1.00000E-17    1.00000E-17
 2.08345E-03    1.00000E-17    1.00000E-17    1.00000E-17
 2.17289E-03    1.00000E-17    1.00000E-17    1.00000E-17
 2.29813E-03    1.00000E-17    1.00000E-17    1.00000E-17
 2.33055E-03    1.00000E-17    1.00000E-17    1.00000E-17
 2.36343E-03    1.00000E-17    1.00000E-17    1.00000E-17
 2.57068E-03    1.00000E-17    1.00000E-17    1.00000E-17
 2.64373E-03    1.00000E-17    1.00000E-17    1.00000E-17
 2.68103E-03    1.00000E-17    1.00000E-17    1.00000E-17
 3.12772E-03    1.00000E-17    1.00000E-17    1.00000E-17
 3.17185E-03    1.00000E-17    1.00000E-17    1.00000E-17
 3.21660E-03    1.00000E-17    1.00000E-17    1.00000E-17
 3.35467E-03    1.00000E-17    1.00000E-17    1.00000E-17
 3.40200E-03    1.00000E-17    1.00000E-17    1.00000E-17
 3.45000E-03    1.00000E-17    1.00000E-17    1.00000E-17
 3.49867E-03    1.00000E-17    1.00000E-17    1.00000E-17
 3.54803E-03    1.00000E-17    1.00000E-17    1.00000E-17
 3.59808E-03    1.00000E-17    1.00000E-17    1.00000E-17
 3.75253E-03    1.00000E-17    1.00000E-17    1.00000E-17
 3.91361E-03    1.00000E-17    1.00000E-17    1.00000E-17
 4.13918E-03    1.00000E-17    1.00000E-17    1.00000E-17
 4.19758E-03    1.00000E-17    1.00000E-17    1.00000E-17
 4.25680E-03    1.00000E-17    1.00000E-17    1.00000E-17
 4.31685E-03    1.00000E-17    1.00000E-17    1.00000E-17
 4.69540E-03    1.00000E-17    1.00000E-17    1.00000E-17
 4.76165E-03    1.00000E-17    1.00000E-17    1.00000E-17
 5.10715E-03    1.00000E-17    1.00000E-17    1.00000E-17
 5.17920E-03    1.00000E-17    1.00000E-17    1.00000E-17
 5.47772E-03    1.00000E-17    1.00000E-17    1.00000E-17
 5.79345E-03    1.00000E-17    1.00000E-17    1.00000E-17
 6.21382E-03    1.00000E-17    1.00000E-17    1.00000E-17
 6.30149E-03    1.00000E-17    1.00000E-17    1.00000E-17
 6.39039E-03    1.00000E-17    1.00000E-17    1.00000E-17
 6.48055E-03    1.00000E-17    1.00000E-17    1.00000E-17
 6.66470E-03    1.00000E-17    1.00000E-17    1.00000E-17
 6.85408E-03    1.00000E-17    1.00000E-17    1.00000E-17
 6.95077E-03    1.00000E-17    1.00000E-17    1.00000E-17
 7.04884E-03    1.00000E-17    1.00000E-17    1.00000E-17
 7.24913E-03    1.00000E-17    1.00000E-17    1.00000E-17
 7.35141E-03    1.00000E-17    1.00000E-17    1.00000E-17
 7.45512E-03    1.00000E-17    1.00000E-17    1.00000E-17
 7.56030E-03    1.00000E-17    1.00000E-17    1.00000E-17
 8.10887E-03    1.00000E-17    1.00000E-17    1.00000E-17
 8.22327E-03    1.00000E-17    1.00000E-17    1.00000E-17
 8.33929E-03    1.00000E-17    1.00000E-17    1.00000E-17
 8.57625E-03    1.00000E-17    1.00000E-17    1.00000E-17
 9.07058E-03    1.00000E-17    1.00000E-17    1.00000E-17
 9.19854E-03    1.00000E-17    1.00000E-17    1.00000E-17
 9.59339E-03    1.00000E-17    1.00000E-17    1.00000E-17
 1.26957E-02    1.00000E-17    1.00000E-17    1.00000E-17
 1.32407E-02    1.00000E-17    1.00000E-17    1.00000E-17
 1.36169E-02    1.00000E-17    1.00000E-17    1.00000E-17
 1.40039E-02    1.00000E-17    1.00000E-17    1.00000E-17
 1.42014E-02    1.00000E-17    1.00000E-17    1.00000E-17
 1.46050E-02    1.00000E-17    1.00000E-17    1.00000E-17
 1.48110E-02    1.00000E-17    1.00000E-17    1.00000E-17
 1.50200E-02    1.00000E-17    1.00000E-17    1.00000E-17
 1.52319E-02    1.00000E-17    1.00000E-17    1.00000E-17
 2.17238E+00    1.00000E-17    1.00000E-17    1.00000E-17
 2.20000E+00    1.70929E-17    1.70929E-17    1.70929E-17
 2.39292E+00    1.54353E-13    1.54353E-13    1.54353E-13
 2.40000E+00    1.60286E-13    1.60286E-13    1.60286E-13
 2.60000E+00    6.15970E-12    0.00000E+00    5.33826E-11
 2.80000E+00    6.20685E-11    0.00000E+00    5.37913E-10
 3.00000E+00    2.49575E-10    0.00000E+00    2.16293E-09
 3.20000E+00    6.60969E-10    0.00000E+00    5.72824E-09
 3.40000E+00    1.57360E-09    0.00000E+00    1.36375E-08
 3.60000E+00    3.34238E-09    0.00000E+00    2.89665E-08
 3.80000E+00    6.70980E-09    0.00000E+00    5.81500E-08
 4.00000E+00    1.33855E-08    0.00000E+00    1.16005E-07
 4.20000E+00    2.49367E-08    0.00000E+00    2.16112E-07
 4.40000E+00    4.52537E-08    0.00000E+00    3.92188E-07
 4.60000E+00    8.00306E-08    0.00000E+00    6.21056E-07
 4.80000E+00    1.38679E-07    0.00000E+00    1.07618E-06
 5.00000E+00    2.34187E-07    0.00000E+00    1.81734E-06
 5.20000E+00    3.80258E-07    0.00000E+00    2.95089E-06
 5.40000E+00    6.11675E-07    0.00000E+00    4.74674E-06
 5.60000E+00    9.64714E-07    0.00000E+00    7.48640E-06
 5.80000E+00    1.47709E-06    0.00000E+00    1.14625E-05
 6.00000E+00    2.23264E-06    0.00000E+00    1.73258E-05
 6.20000E+00    3.38501E-06    0.00000E+00    2.62684E-05
 6.40000E+00    5.04965E-06    0.00000E+00    3.91864E-05
 6.60000E+00    7.36725E-06    0.00000E+00    3.63821E-05
 6.80000E+00    1.03249E-05    0.00000E+00    5.09881E-05
 7.00000E+00    1.36060E-05    0.00000E+00    6.71911E-05
 7.20000E+00    1.66437E-05    0.00000E+00    8.21922E-05
 7.40000E+00    1.91939E-05    0.00000E+00    9.47861E-05
 7.70722E+00    2.47328E-05    0.00000E+00    1.22139E-04
 7.91004E+00    2.84003E-05    0.00000E+00    1.40251E-04
 8.00000E+00    3.00469E-05    0.00000E+00    1.48382E-04
 8.50000E+00    4.63438E-05    0.00000E+00    2.28862E-04
 9.00000E+00    7.37811E-05    0.00000E+00    3.47067E-04
 9.50000E+00    1.17074E-04    0.00000E+00    5.50718E-04
 1.00000E+01    1.90592E-04    0.00000E+00    8.96546E-04
 1.01411E+01    2.32231E-04    0.00000E+00    1.09241E-03
 1.02842E+01    2.74459E-04    0.00000E+00    1.29106E-03
 1.04292E+01    3.17284E-04    0.00000E+00    1.49251E-03
 1.05000E+01    3.38168E-04    0.00000E+00    1.59075E-03
 1.06481E+01    4.23813E-04    0.00000E+00    1.99362E-03
 1.07984E+01    5.10665E-04    0.00000E+00    2.40218E-03
 1.09507E+01    5.98744E-04    0.00000E+00    2.81650E-03
 1.10000E+01    6.27242E-04    0.00000E+00    2.95055E-03
 1.11552E+01    7.93003E-04    0.00000E+00    3.73030E-03
 1.13126E+01    9.61103E-04    0.00000E+00    4.52104E-03
 1.14722E+01    1.13157E-03    0.00000E+00    5.32294E-03
 1.15000E+01    1.16130E-03    0.00000E+00    5.46277E-03
 1.16622E+01    1.51160E-03    0.00000E+00    7.11059E-03
 1.18268E+01    1.86684E-03    0.00000E+00    8.78166E-03
 1.19936E+01    2.22710E-03    0.00000E+00    1.04763E-02
 1.20000E+01    2.24085E-03    0.00000E+00    1.05410E-02
 1.21693E+01    2.88240E-03    0.00000E+00    1.35589E-02
 1.23410E+01    3.53301E-03    0.00000E+00    1.66193E-02
 1.25000E+01    4.13559E-03    0.00000E+00    1.94539E-02
 1.26764E+01    5.53669E-03    0.00000E+00    2.60446E-02
 1.28552E+01    6.95755E-03    0.00000E+00    3.27284E-02
 1.30000E+01    8.10802E-03    0.00000E+00    1.77633E-02
 1.31834E+01    1.06333E-02    0.00000E+00    2.32958E-02
 1.33694E+01    1.31942E-02    0.00000E+00    2.89063E-02
 1.35000E+01    1.49924E-02    0.00000E+00    3.28459E-02
 1.36905E+01    2.04726E-02    0.00000E+00    4.48520E-02
 1.38836E+01    2.60300E-02    0.00000E+00    5.70275E-02
 1.40000E+01    2.93790E-02    0.00000E+00    6.43646E-02
 1.41975E+01    3.88934E-02    0.00000E+00    8.52091E-02
 1.43978E+01    4.85420E-02    0.00000E+00    1.06348E-01
 1.45000E+01    5.34643E-02    0.00000E+00    1.17132E-01
 1.47046E+01    7.05789E-02    0.00000E+00    1.54627E-01
 1.49120E+01    8.79350E-02    0.00000E+00    1.92651E-01
 1.50000E+01    9.52952E-02    0.00000E+00    2.08776E-01
 1.52116E+01    1.31049E-01    0.00000E+00    2.87107E-01
 1.54262E+01    1.67307E-01    0.00000E+00    3.66543E-01
 1.56439E+01    2.04077E-01    0.00000E+00    4.47100E-01
 1.58646E+01    2.41366E-01    0.00000E+00    5.28793E-01
 1.60000E+01    2.64246E-01    1.25235E-01    4.03257E-01
 1.62257E+01    3.47902E-01    1.64883E-01    5.30922E-01
 1.64546E+01    4.32739E-01    2.05090E-01    6.60388E-01
 1.66868E+01    5.18773E-01    2.45864E-01    7.91681E-01
 1.69222E+01    6.06020E-01    2.87214E-01    9.24826E-01
 1.70000E+01    6.34848E-01    3.00876E-01    9.68820E-01
 1.72398E+01    7.88924E-01    3.73898E-01    1.20395E+00
 1.74831E+01    9.45173E-01    4.47950E-01    1.44240E+00
 1.77297E+01    1.10363E+00    5.23047E-01    1.68421E+00
 1.79799E+01    1.26432E+00    5.99203E-01    1.92943E+00
 1.80000E+01    1.27726E+00    6.05338E-01    1.94918E+00
 1.82539E+01    1.52755E+00    7.23958E-01    2.33114E+00
 1.85115E+01    1.78137E+00    8.44252E-01    2.71848E+00
 1.87726E+01    2.03877E+00    9.66242E-01    3.11129E+00
 1.90000E+01    2.26285E+00    1.07244E+00    3.45326E+00
 1.92681E+01    2.66548E+00    1.26326E+00    4.06770E+00
 1.95399E+01    3.07380E+00    1.45678E+00    4.69082E+00
 1.98156E+01    3.48787E+00    1.65302E+00    5.32272E+00
 2.00000E+01    3.76490E+00    1.74260E+00    5.78720E+00
 2.02822E+01    4.40096E+00    2.03700E+00    6.76493E+00
 2.05683E+01    5.04600E+00    2.33556E+00    7.75644E+00
 2.08585E+01    5.70014E+00    2.63833E+00    8.76195E+00
 2.10000E+01    6.01914E+00    2.78598E+00    9.25230E+00
 2.12963E+01    6.99361E+00    3.23702E+00    1.07502E+01
 2.15967E+01    7.98182E+00    3.69442E+00    1.22692E+01
 2.19014E+01    8.98398E+00    4.15827E+00    1.38097E+01
 2.20000E+01    9.30823E+00    4.30835E+00    1.43081E+01
 2.23104E+01    1.05759E+01    4.89510E+00    1.62567E+01
 2.26251E+01    1.18615E+01    5.49013E+00    1.82328E+01
 2.29443E+01    1.31652E+01    6.09355E+00    2.02368E+01
 2.30000E+01    1.33925E+01    6.19877E+00    2.05862E+01
 2.33245E+01    1.40762E+01    6.51524E+00    2.16372E+01
 2.36536E+01    1.47696E+01    6.83617E+00    2.27030E+01
 2.39873E+01    1.54728E+01    7.16163E+00    2.37839E+01
 2.40000E+01    1.54996E+01    3.91531E+00    2.70839E+01
 2.43386E+01    1.60801E+01    4.06194E+00    2.80982E+01
 2.46820E+01    1.66687E+01    4.21063E+00    2.91268E+01
 2.50000E+01    1.72139E+01    4.34835E+00    3.00794E+01
 2.53527E+01    1.63058E+01    4.11896E+00    2.84926E+01
 2.57104E+01    1.53849E+01    3.88633E+00    2.68834E+01
 2.60000E+01    1.46392E+01    3.69797E+00    2.55804E+01
 2.63668E+01    1.40499E+01    3.54910E+00    2.45507E+01
 2.67388E+01    1.34522E+01    3.39813E+00    2.35064E+01
 2.70000E+01    1.30326E+01    3.29213E+00    2.27731E+01
 2.73809E+01    1.25073E+01    3.15943E+00    2.18551E+01
 2.77672E+01    1.19745E+01    3.02485E+00    2.09242E+01
 2.80000E+01    1.16535E+01    2.94376E+00    2.03632E+01
 2.83950E+01    1.11941E+01    2.82771E+00    1.95605E+01
 2.87956E+01    1.07282E+01    2.71002E+00    1.87463E+01
 2.90000E+01    1.04905E+01    2.64998E+00    1.83310E+01
 2.94091E+01    1.00033E+01    2.52691E+00    1.74798E+01
 2.98240E+01    9.50930E+00    2.40212E+00    1.66165E+01
 3.00000E+01    9.29979E+00    2.34919E+00    1.62504E+01
