# n + Ac227 : (n,nt)    
# tendl.2017 A.J. Koning and D. Rochman        EVAL-NOV17
# uncertainties: y
# # energies =    25
#   E(MeV)       xs(mb)       xslow(mb)      xsupp(mb)
 7.96135E+00    0.00000E+00   -0.00000E+00    0.00000E+00
 1.10000E+01    9.55479E-17    0.00000E+00    9.55083E-16
 1.15000E+01    8.96417E-15    0.00000E+00    8.96046E-14
 1.20000E+01    1.71324E-11    0.00000E+00    1.71253E-10
 1.25000E+01    3.13040E-10    0.00000E+00    3.12910E-09
 1.30000E+01    8.12451E-09    0.00000E+00    2.56681E-08
 1.35000E+01    5.80969E-08    0.00000E+00    1.83548E-07
 1.40000E+01    7.40715E-07    0.00000E+00    2.34017E-06
 1.45000E+01    4.34626E-06    0.00000E+00    1.37313E-05
 1.50000E+01    2.40621E-05    0.00000E+00    7.60204E-05
 1.60000E+01    3.63184E-04    1.66619E-04    5.59749E-04
 1.70000E+01    4.55348E-03    2.08901E-03    7.01795E-03
 1.80000E+01    2.86846E-02    1.31597E-02    4.42095E-02
 1.90000E+01    1.13070E-01    5.18734E-02    1.74267E-01
 2.00000E+01    3.25713E-01    1.24162E-01    5.27264E-01
 2.10000E+01    6.97513E-01    2.65892E-01    1.12913E+00
 2.20000E+01    1.23827E+00    4.72028E-01    2.00451E+00
 2.30000E+01    1.92075E+00    7.32189E-01    3.10931E+00
 2.40000E+01    2.70238E+00    1.28962E+00    4.11514E+00
 2.50000E+01    3.54912E+00    1.69370E+00    5.40454E+00
 2.60000E+01    4.39303E+00    2.09642E+00    6.68964E+00
 2.70000E+01    5.18042E+00    2.47218E+00    7.88866E+00
 2.80000E+01    5.83004E+00    2.78219E+00    8.87789E+00
 2.90000E+01    6.34177E+00    3.02639E+00    9.65714E+00
 3.00000E+01    6.69840E+00    3.19658E+00    1.02002E+01
