# n + Ac227 : (n,npa)   
# tendl.2017 A.J. Koning and D. Rochman        EVAL-NOV17
# uncertainties: y
# # energies =    20
#   E(MeV)       xs(mb)       xslow(mb)      xsupp(mb)
 2.37557E-01    0.00000E+00    0.00000E+00    0.00000E+00
 1.35000E+01    4.21789E-17    4.21789E-17    4.21789E-17
 1.40000E+01    2.26367E-16    2.26367E-16    2.26367E-16
 1.45000E+01    1.02738E-15    1.02738E-15    1.02738E-15
 1.50000E+01    4.34265E-15    4.34265E-15    4.34265E-15
 1.60000E+01    2.11398E-13    2.11398E-13    2.11398E-13
 1.70000E+01    1.76764E-12    1.76764E-12    1.76764E-12
 1.80000E+01    9.46530E-12    9.46530E-12    9.46530E-12
 1.90000E+01    3.98840E-11    3.98840E-11    3.98840E-11
 2.00000E+01    1.28398E-10    0.00000E+00    1.24385E-09
 2.10000E+01    3.83799E-10    0.00000E+00    3.71803E-09
 2.20000E+01    1.09425E-09    0.00000E+00    1.06005E-08
 2.30000E+01    3.17343E-09    0.00000E+00    3.07424E-08
 2.40000E+01    9.84846E-09    0.00000E+00    8.10949E-08
 2.50000E+01    3.09699E-08    0.00000E+00    2.55015E-07
 2.60000E+01    9.47965E-08    0.00000E+00    7.80580E-07
 2.70000E+01    2.84956E-07    0.00000E+00    2.34641E-06
 2.80000E+01    8.03782E-07    0.00000E+00    6.61856E-06
 2.90000E+01    2.13416E-06    0.00000E+00    1.75733E-05
 3.00000E+01    5.31280E-06    0.00000E+00    4.37470E-05
