# n + Ac227 : (n,any)   
# tendl.2017 A.J. Koning and D. Rochman        EVAL-NOV17
# uncertainties: n
# # energies =    31
#   E(MeV)       xs(mb) 
 3.00000E+01    0.00000E+00
 3.00000E+01    2.49802E+03
 3.20000E+01    2.48163E+03
 3.40000E+01    2.45541E+03
 3.60000E+01    2.43080E+03
 3.80000E+01    2.40607E+03
 4.00000E+01    2.37788E+03
 4.20000E+01    2.34709E+03
 4.40000E+01    2.31614E+03
 4.60000E+01    2.28672E+03
 4.80000E+01    2.25911E+03
 5.00000E+01    2.23292E+03
 5.20000E+01    2.20899E+03
 5.40000E+01    2.18707E+03
 5.60000E+01    2.16750E+03
 5.80000E+01    2.14976E+03
 6.00000E+01    2.13404E+03
 6.50000E+01    2.09951E+03
 7.00000E+01    2.06838E+03
 7.50000E+01    2.04014E+03
 8.00000E+01    2.01355E+03
 9.00000E+01    1.96537E+03
 1.00000E+02    1.92255E+03
 1.10000E+02    1.88202E+03
 1.20000E+02    1.83924E+03
 1.30000E+02    1.79232E+03
 1.40000E+02    1.75078E+03
 1.50000E+02    1.71995E+03
 1.60000E+02    1.69595E+03
 1.80000E+02    1.64522E+03
 2.00000E+02    1.56344E+03
