# n + Ac227 : (n,n'12)  
# tendl.2017 A.J. Koning and D. Rochman        EVAL-NOV17
# uncertainties: n
# # energies =    91
#   E(MeV)       xs(mb) 
 2.11716E-01    0.00000E+00
 2.28009E-01    2.51903E-03
 2.50106E-01    5.93540E-03
 2.72495E-01    9.39691E-03
 2.74354E-01    9.68433E-03
 3.00000E-01    1.36494E-02
 3.06084E-01    1.85484E-02
 3.17404E-01    2.76637E-02
 3.31506E-01    3.90191E-02
 3.43519E-01    4.86923E-02
 3.56075E-01    5.88028E-02
 3.73653E-01    7.29572E-02
 3.88950E-01    8.52749E-02
 4.00000E-01    9.41727E-02
 4.04790E-01    1.02883E-01
 4.27481E-01    1.44147E-01
 4.30303E-01    1.49279E-01
 4.37124E-01    1.61683E-01
 4.39906E-01    1.66742E-01
 4.71325E-01    2.23878E-01
 5.00000E-01    2.76023E-01
 5.03507E-01    2.86636E-01
 6.00000E-01    5.78654E-01
 7.00000E-01    9.79494E-01
 8.00000E-01    1.44368E+00
 9.00000E-01    1.93719E+00
 1.00000E+00    2.42236E+00
 1.20000E+00    3.30501E+00
 1.40000E+00    3.92704E+00
 1.60000E+00    4.23838E+00
 1.80000E+00    4.22885E+00
 2.00000E+00    3.95810E+00
 2.20000E+00    3.53709E+00
 2.40000E+00    3.07267E+00
 2.60000E+00    2.63545E+00
 2.80000E+00    2.25986E+00
 3.00000E+00    1.95418E+00
 3.20000E+00    1.71228E+00
 3.40000E+00    1.52163E+00
 3.60000E+00    1.36869E+00
 3.80000E+00    1.24219E+00
 4.00000E+00    1.13435E+00
 4.20000E+00    1.04064E+00
 4.40000E+00    9.58654E-01
 4.60000E+00    8.87178E-01
 4.80000E+00    8.25311E-01
 5.00000E+00    7.72272E-01
 5.20000E+00    7.27161E-01
 5.40000E+00    6.89182E-01
 5.60000E+00    6.57609E-01
 5.80000E+00    6.31758E-01
 6.00000E+00    6.11036E-01
 6.20000E+00    5.94875E-01
 6.40000E+00    5.82710E-01
 6.60000E+00    5.73947E-01
 6.80000E+00    5.67919E-01
 7.00000E+00    5.63919E-01
 7.20000E+00    5.61219E-01
 7.40000E+00    5.59124E-01
 7.60000E+00    5.57053E-01
 7.80000E+00    5.54550E-01
 8.00000E+00    5.51321E-01
 8.50000E+00    5.39362E-01
 9.00000E+00    5.22388E-01
 9.50000E+00    5.02207E-01
 1.00000E+01    4.80757E-01
 1.05000E+01    4.59620E-01
 1.10000E+01    4.39838E-01
 1.15000E+01    4.21848E-01
 1.20000E+01    4.05577E-01
 1.25000E+01    3.90657E-01
 1.30000E+01    3.76685E-01
 1.35000E+01    3.63393E-01
 1.40000E+01    3.50693E-01
 1.45000E+01    3.38635E-01
 1.50000E+01    3.27333E-01
 1.60000E+01    3.07448E-01
 1.70000E+01    2.91454E-01
 1.80000E+01    2.78880E-01
 1.90000E+01    2.68550E-01
 2.00000E+01    2.59127E-01
 2.10000E+01    2.49685E-01
 2.20000E+01    2.40010E-01
 2.30000E+01    2.30509E-01
 2.40000E+01    2.21786E-01
 2.50000E+01    2.14221E-01
 2.60000E+01    2.07834E-01
 2.70000E+01    2.02361E-01
 2.80000E+01    1.97378E-01
 2.90000E+01    1.92444E-01
 3.00000E+01    1.87267E-01
