# n + Ac227 : (n,n'13)  
# tendl.2017 A.J. Koning and D. Rochman        EVAL-NOV17
# uncertainties: n
# # energies =    90
#   E(MeV)       xs(mb) 
 2.28009E-01    0.00000E+00
 2.50106E-01    2.60376E-04
 2.72495E-01    5.24193E-04
 2.74354E-01    5.46098E-04
 3.00000E-01    8.48293E-04
 3.06084E-01    1.34262E-03
 3.17404E-01    2.26237E-03
 3.31506E-01    3.40816E-03
 3.43519E-01    4.38422E-03
 3.56075E-01    5.40440E-03
 3.73653E-01    6.83261E-03
 3.88950E-01    8.07549E-03
 4.00000E-01    8.97331E-03
 4.04790E-01    1.04091E-02
 4.27481E-01    1.72105E-02
 4.30303E-01    1.80564E-02
 4.37124E-01    2.01009E-02
 4.39906E-01    2.09348E-02
 4.71325E-01    3.03523E-02
 5.00000E-01    3.89474E-02
 5.03507E-01    4.16500E-02
 6.00000E-01    1.16010E-01
 7.00000E-01    2.70717E-01
 8.00000E-01    5.37706E-01
 9.00000E-01    9.53958E-01
 1.00000E+00    1.54668E+00
 1.20000E+00    3.29375E+00
 1.40000E+00    5.34617E+00
 1.60000E+00    6.74748E+00
 1.80000E+00    6.90578E+00
 2.00000E+00    6.14751E+00
 2.20000E+00    5.09626E+00
 2.40000E+00    4.12397E+00
 2.60000E+00    3.34354E+00
 2.80000E+00    2.75325E+00
 3.00000E+00    2.31651E+00
 3.20000E+00    1.99377E+00
 3.40000E+00    1.75152E+00
 3.60000E+00    1.56407E+00
 3.80000E+00    1.41332E+00
 4.00000E+00    1.28763E+00
 4.20000E+00    1.18020E+00
 4.40000E+00    1.08727E+00
 4.60000E+00    1.00678E+00
 4.80000E+00    9.37312E-01
 5.00000E+00    8.77776E-01
 5.20000E+00    8.27085E-01
 5.40000E+00    7.84332E-01
 5.60000E+00    7.48706E-01
 5.80000E+00    7.19466E-01
 6.00000E+00    6.95969E-01
 6.20000E+00    6.77604E-01
 6.40000E+00    6.63747E-01
 6.60000E+00    6.53745E-01
 6.80000E+00    6.46856E-01
 7.00000E+00    6.42287E-01
 7.20000E+00    6.39217E-01
 7.40000E+00    6.36861E-01
 7.60000E+00    6.34551E-01
 7.80000E+00    6.31768E-01
 8.00000E+00    6.28167E-01
 8.50000E+00    6.14743E-01
 9.00000E+00    5.95571E-01
 9.50000E+00    5.72693E-01
 1.00000E+01    5.48320E-01
 1.05000E+01    5.24265E-01
 1.10000E+01    5.01729E-01
 1.15000E+01    4.81224E-01
 1.20000E+01    4.62674E-01
 1.25000E+01    4.45668E-01
 1.30000E+01    4.29746E-01
 1.35000E+01    4.14600E-01
 1.40000E+01    4.00126E-01
 1.45000E+01    3.86379E-01
 1.50000E+01    3.73491E-01
 1.60000E+01    3.50800E-01
 1.70000E+01    3.32540E-01
 1.80000E+01    3.18184E-01
 1.90000E+01    3.06398E-01
 2.00000E+01    2.95656E-01
 2.10000E+01    2.84898E-01
 2.20000E+01    2.73871E-01
 2.30000E+01    2.63036E-01
 2.40000E+01    2.53082E-01
 2.50000E+01    2.44445E-01
 2.60000E+01    2.37152E-01
 2.70000E+01    2.30905E-01
 2.80000E+01    2.25220E-01
 2.90000E+01    2.19596E-01
 3.00000E+01    2.13696E-01
