# n + Ac227 : (n,n'21)  
# tendl.2017 A.J. Koning and D. Rochman        EVAL-NOV17
# uncertainties: n
# # energies =    81
#   E(MeV)       xs(mb) 
 3.56075E-01    0.00000E+00
 3.73653E-01    5.90477E+00
 3.88950E-01    1.10433E+01
 4.00000E-01    1.47552E+01
 4.04790E-01    1.60736E+01
 4.27481E-01    2.23191E+01
 4.30303E-01    2.30958E+01
 4.37124E-01    2.49733E+01
 4.39906E-01    2.57390E+01
 4.71325E-01    3.43868E+01
 5.00000E-01    4.22793E+01
 5.03507E-01    4.26605E+01
 6.00000E-01    5.31496E+01
 7.00000E-01    5.34719E+01
 8.00000E-01    4.91775E+01
 9.00000E-01    4.33788E+01
 1.00000E+00    3.74313E+01
 1.20000E+00    2.78748E+01
 1.40000E+00    2.13770E+01
 1.60000E+00    1.69383E+01
 1.80000E+00    1.32613E+01
 2.00000E+00    9.88411E+00
 2.20000E+00    6.97162E+00
 2.40000E+00    4.71596E+00
 2.60000E+00    3.11247E+00
 2.80000E+00    2.03587E+00
 3.00000E+00    1.33794E+00
 3.20000E+00    8.94525E-01
 3.40000E+00    6.15365E-01
 3.60000E+00    4.40158E-01
 3.80000E+00    3.30230E-01
 4.00000E+00    2.61357E-01
 4.20000E+00    2.18282E-01
 4.40000E+00    1.91414E-01
 4.60000E+00    1.74776E-01
 4.80000E+00    1.64500E-01
 5.00000E+00    1.58235E-01
 5.20000E+00    1.54435E-01
 5.40000E+00    1.52192E-01
 5.60000E+00    1.50994E-01
 5.80000E+00    1.50501E-01
 6.00000E+00    1.50529E-01
 6.20000E+00    1.50959E-01
 6.40000E+00    1.51712E-01
 6.60000E+00    1.52729E-01
 6.80000E+00    1.53953E-01
 7.00000E+00    1.55324E-01
 7.20000E+00    1.56785E-01
 7.40000E+00    1.58277E-01
 7.60000E+00    1.59748E-01
 7.80000E+00    1.61149E-01
 8.00000E+00    1.62446E-01
 8.50000E+00    1.65088E-01
 9.00000E+00    1.66815E-01
 9.50000E+00    1.67778E-01
 1.00000E+01    1.68245E-01
 1.05000E+01    1.68471E-01
 1.10000E+01    1.68634E-01
 1.15000E+01    1.68825E-01
 1.20000E+01    1.69057E-01
 1.25000E+01    1.69286E-01
 1.30000E+01    1.69437E-01
 1.35000E+01    1.69426E-01
 1.40000E+01    1.69182E-01
 1.45000E+01    1.68661E-01
 1.50000E+01    1.67847E-01
 1.60000E+01    1.65401E-01
 1.70000E+01    1.62167E-01
 1.80000E+01    1.58704E-01
 1.90000E+01    1.55655E-01
 2.00000E+01    1.53547E-01
 2.10000E+01    1.52578E-01
 2.20000E+01    1.52555E-01
 2.30000E+01    1.53049E-01
 2.40000E+01    1.53669E-01
 2.50000E+01    1.54228E-01
 2.60000E+01    1.54752E-01
 2.70000E+01    1.55374E-01
 2.80000E+01    1.56219E-01
 2.90000E+01    1.57322E-01
 3.00000E+01    1.58603E-01
