# n + Sn114 : (n,h)     
# jeff3.3    N.Iwamoto                         EVAL-Dec09
# uncertainties: n
# # energies =    64
#   E(MeV)       xs(mb) 
 6.90086E+00    0.00000E+00
 7.52384E+00    5.61196E-25
 8.13616E+00    1.76900E-21
 8.22487E+00    2.02910E-21
 8.32897E+00    2.33703E-21
 8.34674E+00    2.38965E-21
 8.38272E+00    2.49620E-21
 8.78817E+00    3.69719E-21
 8.78842E+00    3.69793E-21
 8.92394E+00    4.10002E-21
 8.98372E+00    4.27739E-21
 9.00000E+00    4.34483E-21
 9.00104E+00    4.42435E-21
 9.04135E+00    7.54180E-21
 9.07614E+00    1.02453E-20
 9.08704E+00    1.10942E-20
 9.08808E+00    1.11754E-20
 9.15171E+00    1.61473E-20
 9.22183E+00    2.16298E-20
 9.22627E+00    2.19770E-20
 9.25653E+00    2.43434E-20
 9.29519E+00    2.73668E-20
 9.32529E+00    2.97208E-20
 9.33843E+00    3.07485E-20
 9.34632E+00    3.13655E-20
 9.37702E+00    3.37666E-20
 9.41632E+00    3.68402E-20
 9.42400E+00    3.74409E-20
 9.42970E+00    3.78867E-20
 9.42993E+00    3.79047E-20
 9.44014E+00    3.87032E-20
 9.45629E+00    3.99663E-20
 9.49382E+00    4.29015E-20
 9.49527E+00    4.30158E-20
 9.50000E+00    4.33904E-20
 9.50774E+00    6.41421E-19
 9.51278E+00    1.03084E-18
 9.51490E+00    1.19464E-18
 9.55616E+00    4.38264E-18
 9.55919E+00    4.61675E-18
 9.57331E+00    5.70775E-18
 9.57332E+00    5.70852E-18
 9.57735E+00    6.01991E-18
 1.00000E+01    3.86766E-17
 1.05000E+01    6.60114E-15
 1.10000E+01    3.21728E-13
 1.15000E+01    6.51029E-12
 1.20000E+01    6.89837E-11
 1.25000E+01    4.54711E-10
 1.30000E+01    2.07684E-09
 1.35000E+01    7.20103E-09
 1.40000E+01    2.01911E-08
 1.45000E+01    4.94137E-08
 1.50000E+01    1.16156E-07
 1.55000E+01    2.96314E-07
 1.60000E+01    8.55911E-07
 1.65000E+01    2.60011E-06
 1.70000E+01    7.71794E-06
 1.75000E+01    2.07481E-05
 1.80000E+01    5.10412E-05
 1.85000E+01    1.15433E-04
 1.90000E+01    2.42065E-04
 1.95000E+01    4.74527E-04
 2.00000E+01    8.76108E-04
