# n + Sn121 : (n,p)m    
# jeff3.3    A.J. Koning and D. Rochman        EVAL-DEC15
# uncertainties: y
# # energies =    84
#   E(MeV)       xs(mb)       xslow(mb)      xsupp(mb)
 2.91676E+00    0.00000E+00    0.00000E+00    0.00000E+00
 3.40000E+00    0.00000E+00    0.00000E+00    0.00000E+00
 3.60000E+00    7.29417E-16    0.00000E+00    0.00000E+00
 3.80000E+00    2.53110E-13    0.00000E+00    0.00000E+00
 4.00000E+00    1.86605E-11    0.00000E+00    0.00000E+00
 4.20000E+00    5.06066E-10    0.00000E+00    0.00000E+00
 4.40000E+00    6.96025E-09    0.00000E+00    0.00000E+00
 4.60000E+00    5.91959E-08    0.00000E+00    0.00000E+00
 4.80000E+00    3.53791E-07    0.00000E+00    0.00000E+00
 5.00000E+00    1.65832E-06    0.00000E+00    0.00000E+00
 5.20000E+00    5.73452E-06    0.00000E+00    0.00000E+00
 5.40000E+00    1.77387E-05    0.00000E+00    0.00000E+00
 5.60000E+00    4.78277E-05    0.00000E+00    0.00000E+00
 5.80000E+00    1.16124E-04    0.00000E+00    0.00000E+00
 6.00000E+00    2.57871E-04    0.00000E+00    0.00000E+00
 6.20000E+00    5.30484E-04    0.00000E+00    0.00000E+00
 6.40000E+00    1.02248E-03    0.00000E+00    0.00000E+00
 6.60000E+00    1.85363E-03    0.00000E+00    0.00000E+00
 6.80000E+00    3.20583E-03    0.00000E+00    0.00000E+00
 7.00000E+00    4.33184E-03    0.00000E+00    0.00000E+00
 7.20000E+00    6.14124E-03    0.00000E+00    0.00000E+00
 7.40000E+00    1.01307E-02    0.00000E+00    0.00000E+00
 7.60000E+00    1.15116E-02    0.00000E+00    0.00000E+00
 7.80000E+00    1.80599E-02    0.00000E+00    0.00000E+00
 8.00000E+00    2.87205E-02    0.00000E+00    0.00000E+00
 8.50000E+00    6.32212E-02    0.00000E+00    0.00000E+00
 9.00000E+00    1.20374E-01    0.00000E+00    0.00000E+00
 9.50000E+00    2.02416E-01    0.00000E+00    0.00000E+00
 1.00000E+01    3.10851E-01    0.00000E+00    0.00000E+00
 1.05000E+01    4.44915E-01    0.00000E+00    0.00000E+00
 1.10000E+01    6.04140E-01    0.00000E+00    0.00000E+00
 1.15000E+01    7.87617E-01    0.00000E+00    0.00000E+00
 1.20000E+01    9.91503E-01    0.00000E+00    0.00000E+00
 1.25000E+01    1.21698E+00    0.00000E+00    0.00000E+00
 1.30000E+01    1.45776E+00    0.00000E+00    0.00000E+00
 1.35000E+01    1.67342E+00    0.00000E+00    0.00000E+00
 1.40000E+01    1.94602E+00    0.00000E+00    0.00000E+00
 1.45000E+01    2.22980E+00    0.00000E+00    0.00000E+00
 1.50000E+01    2.52095E+00    0.00000E+00    0.00000E+00
 1.60000E+01    3.10308E+00    0.00000E+00    0.00000E+00
 1.70000E+01    3.65598E+00    0.00000E+00    0.00000E+00
 1.80000E+01    4.12804E+00    0.00000E+00    0.00000E+00
 1.90000E+01    4.50289E+00    0.00000E+00    0.00000E+00
 2.00000E+01    4.89841E+00    0.00000E+00    0.00000E+00
 2.10000E+01    5.07529E+00    0.00000E+00    0.00000E+00
 2.20000E+01    5.17204E+00    0.00000E+00    0.00000E+00
 2.30000E+01    5.14256E+00    0.00000E+00    0.00000E+00
 2.40000E+01    5.00650E+00    0.00000E+00    0.00000E+00
 2.50000E+01    4.89434E+00    0.00000E+00    0.00000E+00
 2.60000E+01    4.74497E+00    0.00000E+00    0.00000E+00
 2.70000E+01    4.56679E+00    0.00000E+00    0.00000E+00
 2.80000E+01    4.44348E+00    0.00000E+00    0.00000E+00
 2.90000E+01    4.23371E+00    0.00000E+00    0.00000E+00
 3.00000E+01    4.08755E+00    0.00000E+00    0.00000E+00
 3.00000E+01    4.08763E+00    0.00000E+00    0.00000E+00
 3.20000E+01    3.70910E+00    0.00000E+00    0.00000E+00
 3.40000E+01    3.36621E+00    0.00000E+00    0.00000E+00
 3.60000E+01    3.10197E+00    0.00000E+00    0.00000E+00
 3.80000E+01    2.75893E+00    0.00000E+00    0.00000E+00
 4.00000E+01    2.54884E+00    0.00000E+00    0.00000E+00
 4.20000E+01    2.29711E+00    0.00000E+00    0.00000E+00
 4.40000E+01    2.08055E+00    0.00000E+00    0.00000E+00
 4.60000E+01    1.95617E+00    0.00000E+00    0.00000E+00
 4.80000E+01    1.79986E+00    0.00000E+00    0.00000E+00
 5.00000E+01    1.60608E+00    0.00000E+00    0.00000E+00
 5.20000E+01    1.51769E+00    0.00000E+00    0.00000E+00
 5.40000E+01    1.40032E+00    0.00000E+00    0.00000E+00
 5.60000E+01    1.26672E+00    0.00000E+00    0.00000E+00
 5.80000E+01    1.17568E+00    0.00000E+00    0.00000E+00
 6.00000E+01    1.10122E+00    0.00000E+00    0.00000E+00
 6.50000E+01    8.64165E-01    0.00000E+00    0.00000E+00
 7.00000E+01    7.95561E-01    0.00000E+00    0.00000E+00
 7.50000E+01    6.64792E-01    0.00000E+00    0.00000E+00
 8.00000E+01    6.48517E-01    0.00000E+00    0.00000E+00
 9.00000E+01    5.27179E-01    0.00000E+00    0.00000E+00
 1.00000E+02    4.36297E-01    0.00000E+00    0.00000E+00
 1.10000E+02    3.86243E-01    0.00000E+00    0.00000E+00
 1.20000E+02    3.30344E-01    0.00000E+00    0.00000E+00
 1.30000E+02    2.85269E-01    0.00000E+00    0.00000E+00
 1.40000E+02    2.39081E-01    0.00000E+00    0.00000E+00
 1.50000E+02    2.14063E-01    0.00000E+00    0.00000E+00
 1.60000E+02    1.91704E-01    0.00000E+00    0.00000E+00
 1.80000E+02    1.53881E-01    0.00000E+00    0.00000E+00
 2.00000E+02    1.27461E-01    0.00000E+00    0.00000E+00
