# n + Sn121 : (n,d)m    
# jeff3.3    A.J. Koning and D. Rochman        EVAL-DEC15
# uncertainties: y
# # energies =    27
#   E(MeV)       xs(mb)       xslow(mb)      xsupp(mb)
 8.67507E+00    0.00000E+00    0.00000E+00    0.00000E+00
 1.00000E+01    1.69514E-16    0.00000E+00    0.00000E+00
 1.05000E+01    4.48707E-13    0.00000E+00    0.00000E+00
 1.10000E+01    4.46273E-10    0.00000E+00    0.00000E+00
 1.15000E+01    1.66761E-08    0.00000E+00    0.00000E+00
 1.20000E+01    1.54279E-06    0.00000E+00    0.00000E+00
 1.25000E+01    1.03202E-05    0.00000E+00    0.00000E+00
 1.30000E+01    2.79229E-04    0.00000E+00    0.00000E+00
 1.35000E+01    1.41156E-03    0.00000E+00    0.00000E+00
 1.40000E+01    5.73793E-03    0.00000E+00    0.00000E+00
 1.45000E+01    1.84081E-02    0.00000E+00    0.00000E+00
 1.50000E+01    4.88082E-02    0.00000E+00    0.00000E+00
 1.60000E+01    2.11467E-01    0.00000E+00    0.00000E+00
 1.70000E+01    5.58471E-01    0.00000E+00    0.00000E+00
 1.80000E+01    1.07587E+00    0.00000E+00    0.00000E+00
 1.90000E+01    1.72049E+00    0.00000E+00    0.00000E+00
 2.00000E+01    2.08486E+00    0.00000E+00    0.00000E+00
 2.10000E+01    2.80927E+00    0.00000E+00    0.00000E+00
 2.20000E+01    3.50781E+00    0.00000E+00    0.00000E+00
 2.30000E+01    4.11469E+00    0.00000E+00    0.00000E+00
 2.40000E+01    4.60836E+00    0.00000E+00    0.00000E+00
 2.50000E+01    5.01180E+00    0.00000E+00    0.00000E+00
 2.60000E+01    5.26069E+00    0.00000E+00    0.00000E+00
 2.70000E+01    5.42155E+00    0.00000E+00    0.00000E+00
 2.80000E+01    5.81220E+00    0.00000E+00    0.00000E+00
 2.90000E+01    5.82301E+00    0.00000E+00    0.00000E+00
 3.00000E+01    5.61259E+00    0.00000E+00    0.00000E+00
