# n + Sn121 : (n,t)     
# jeff3.3    A.J. Koning and D. Rochman        EVAL-DEC15
# uncertainties: y
# # energies =    27
#   E(MeV)       xs(mb)       xslow(mb)      xsupp(mb)
 8.44634E+00    0.00000E+00    0.00000E+00    0.00000E+00
 1.00000E+01    1.01469E-16    0.00000E+00    3.20844E-16
 1.05000E+01    2.48142E-13    0.00000E+00    7.84622E-13
 1.10000E+01    3.48848E-11    0.00000E+00    1.10305E-10
 1.15000E+01    1.64367E-09    0.00000E+00    5.19726E-09
 1.20000E+01    2.35004E-08    0.00000E+00    7.43080E-08
 1.25000E+01    3.12433E-07    0.00000E+00    9.87909E-07
 1.30000E+01    1.75863E-06    0.00000E+00    1.43360E-05
 1.35000E+01    9.64794E-06    0.00000E+00    7.86481E-05
 1.40000E+01    5.10855E-05    0.00000E+00    4.16439E-04
 1.45000E+01    2.51205E-04    0.00000E+00    2.04777E-03
 1.50000E+01    1.06224E-03    0.00000E+00    8.65917E-03
 1.60000E+01    1.19321E-02    0.00000E+00    8.30896E-02
 1.70000E+01    6.56330E-02    0.00000E+00    4.57038E-01
 1.80000E+01    2.10382E-01    0.00000E+00    1.46500E+00
 1.90000E+01    4.75633E-01    0.00000E+00    3.31209E+00
 2.00000E+01    8.64298E-01    0.00000E+00    5.58740E+00
 2.10000E+01    1.36439E+00    0.00000E+00    8.82033E+00
 2.20000E+01    1.95459E+00    0.00000E+00    1.26358E+01
 2.30000E+01    2.60081E+00    0.00000E+00    1.68134E+01
 2.40000E+01    3.23498E+00    0.00000E+00    1.99132E+01
 2.50000E+01    3.76552E+00    0.00000E+00    2.31790E+01
 2.60000E+01    4.14506E+00    0.00000E+00    2.55152E+01
 2.70000E+01    4.36953E+00    0.00000E+00    2.68970E+01
 2.80000E+01    4.51402E+00    0.00000E+00    2.77864E+01
 2.90000E+01    4.54715E+00    0.00000E+00    2.79903E+01
 3.00000E+01    4.55630E+00    0.00000E+00    2.80467E+01
