# n + Sn121 : (n,t)m    
# jeff3.3    A.J. Koning and D. Rochman        EVAL-DEC15
# uncertainties: y
# # energies =    27
#   E(MeV)       xs(mb)       xslow(mb)      xsupp(mb)
 8.76031E+00    0.00000E+00    0.00000E+00    0.00000E+00
 1.00000E+01    0.00000E+00    0.00000E+00    0.00000E+00
 1.05000E+01    2.92541E-15    0.00000E+00    0.00000E+00
 1.10000E+01    1.05053E-12    0.00000E+00    0.00000E+00
 1.15000E+01    2.12789E-10    0.00000E+00    0.00000E+00
 1.20000E+01    4.81627E-09    0.00000E+00    0.00000E+00
 1.25000E+01    9.66359E-08    0.00000E+00    0.00000E+00
 1.30000E+01    5.85834E-07    0.00000E+00    0.00000E+00
 1.35000E+01    3.79246E-06    0.00000E+00    0.00000E+00
 1.40000E+01    2.12821E-05    0.00000E+00    0.00000E+00
 1.45000E+01    1.00350E-04    0.00000E+00    0.00000E+00
 1.50000E+01    4.02210E-04    0.00000E+00    0.00000E+00
 1.60000E+01    3.83847E-03    0.00000E+00    0.00000E+00
 1.70000E+01    1.90186E-02    0.00000E+00    0.00000E+00
 1.80000E+01    5.59724E-02    0.00000E+00    0.00000E+00
 1.90000E+01    1.17191E-01    0.00000E+00    0.00000E+00
 2.00000E+01    1.99423E-01    0.00000E+00    0.00000E+00
 2.10000E+01    2.97101E-01    0.00000E+00    0.00000E+00
 2.20000E+01    4.05030E-01    0.00000E+00    0.00000E+00
 2.30000E+01    5.16472E-01    0.00000E+00    0.00000E+00
 2.40000E+01    6.16257E-01    0.00000E+00    0.00000E+00
 2.50000E+01    6.89918E-01    0.00000E+00    0.00000E+00
 2.60000E+01    7.35391E-01    0.00000E+00    0.00000E+00
 2.70000E+01    7.54266E-01    0.00000E+00    0.00000E+00
 2.80000E+01    7.71938E-01    0.00000E+00    0.00000E+00
 2.90000E+01    7.68099E-01    0.00000E+00    0.00000E+00
 3.00000E+01    7.82553E-01    0.00000E+00    0.00000E+00
