# n + Sn121 : (n,xa)    
# jeff3.3    A.J. Koning and D. Rochman        EVAL-DEC15
# 
# # energies =   138
#   E(MeV)        xs(mb) 
 6.36264E-03    2.90008E-14
 1.00000E-02    2.27628E-14
 2.00000E-02    1.59746E-14
 3.00000E-02    1.30239E-14
 6.00000E-02    1.23082E-14
 6.08434E-02    1.24047E-14
 1.00000E-01    1.68854E-14
 2.00000E-01    2.69776E-14
 3.00000E-01    7.03038E-14
 4.00000E-01    1.54416E-13
 5.00000E-01    4.04258E-13
 6.00000E-01    9.20791E-13
 6.69166E-01    1.85668E-12
 7.00000E-01    2.27434E-12
 8.00000E-01    5.05166E-12
 8.76502E-01    1.71224E-11
 9.00000E-01    2.08300E-11
 9.16382E-01    2.59134E-11
 9.33312E-01    3.11669E-11
 9.57119E-01    3.85543E-11
 1.00000E+00    5.18604E-11
 1.03960E+00    6.25854E-11
 1.07590E+00    7.24166E-11
 1.11071E+00    8.18443E-11
 1.13055E+00    8.72176E-11
 1.16564E+00    9.67212E-11
 1.20000E+00    1.06027E-10
 1.21203E+00    1.21258E-10
 1.25740E+00    1.78698E-10
 1.34815E+00    2.93592E-10
 1.36126E+00    3.10190E-10
 1.40000E+00    3.59237E-10
 1.41521E+00    4.35073E-10
 1.44395E+00    5.78368E-10
 1.46210E+00    6.68863E-10
 1.51050E+00    9.10180E-10
 1.54982E+00    1.10623E-09
 1.58411E+00    1.27719E-09
 1.60000E+00    1.35642E-09
 1.66699E+00    1.63406E-09
 1.72427E+00    1.87146E-09
 1.77297E+00    2.07330E-09
 1.80000E+00    2.18533E-09
 1.87955E+00    5.03301E-09
 1.89165E+00    5.46616E-09
 1.90930E+00    6.09798E-09
 1.92593E+00    6.69329E-09
 1.92825E+00    6.77634E-09
 2.00000E+00    9.34480E-09
 2.20000E+00    1.81764E-08
 2.40000E+00    3.39112E-08
 2.60000E+00    9.22370E-08
 2.80000E+00    1.39815E-07
 3.00000E+00    3.26096E-07
 3.20000E+00    5.71269E-07
 3.40000E+00    8.69288E-07
 3.60000E+00    1.78141E-06
 3.80000E+00    2.59349E-06
 4.00000E+00    4.49379E-06
 4.20000E+00    7.03769E-06
 4.40000E+00    9.63967E-06
 4.60000E+00    1.59195E-05
 4.80000E+00    2.17380E-05
 5.00000E+00    3.14709E-05
 5.20000E+00    4.40666E-05
 5.40000E+00    5.60242E-05
 5.60000E+00    7.92542E-05
 5.80000E+00    1.01159E-04
 6.00000E+00    1.30817E-04
 6.20000E+00    1.67309E-04
 6.40000E+00    2.01291E-04
 6.60000E+00    2.55128E-04
 6.80000E+00    3.08179E-04
 7.00000E+00    3.71551E-04
 7.20000E+00    4.46242E-04
 7.40000E+00    5.20054E-04
 7.60000E+00    6.21145E-04
 7.80000E+00    7.26286E-04
 8.00000E+00    8.49288E-04
 8.50000E+00    1.23408E-03
 9.00000E+00    1.78497E-03
 9.50000E+00    2.61709E-03
 1.00000E+01    3.95887E-03
 1.05000E+01    6.25250E-03
 1.10000E+01    1.03129E-02
 1.15000E+01    1.75119E-02
 1.20000E+01    3.00078E-02
 1.25000E+01    5.08204E-02
 1.30000E+01    8.38297E-02
 1.35000E+01    1.33655E-01
 1.40000E+01    2.05323E-01
 1.45000E+01    3.04668E-01
 1.50000E+01    4.37676E-01
 1.60000E+01    8.35447E-01
 1.70000E+01    1.46428E+00
 1.80000E+01    2.51335E+00
 1.90000E+01    4.21614E+00
 2.00000E+01    5.98258E+00
 2.10000E+01    7.84699E+00
 2.20000E+01    9.07372E+00
 2.30000E+01    9.67594E+00
 2.40000E+01    1.05050E+01
 2.50000E+01    1.14504E+01
 2.60000E+01    1.25042E+01
 2.70000E+01    1.36532E+01
 2.80000E+01    1.48877E+01
 2.90000E+01    1.62024E+01
 3.00000E+01    1.75983E+01
 3.00000E+01    1.76014E+01
 3.20000E+01    2.06079E+01
 3.40000E+01    2.39162E+01
 3.60000E+01    2.75562E+01
 3.80000E+01    3.13941E+01
 4.00000E+01    3.56464E+01
 4.20000E+01    4.03257E+01
 4.40000E+01    4.52819E+01
 4.60000E+01    5.04109E+01
 4.80000E+01    5.57245E+01
 5.00000E+01    6.11315E+01
 5.20000E+01    6.65826E+01
 5.40000E+01    7.21723E+01
 5.60000E+01    7.75000E+01
 5.80000E+01    8.26613E+01
 6.00000E+01    8.77498E+01
 6.50000E+01    1.00247E+02
 7.00000E+01    1.08220E+02
 7.50000E+01    1.11820E+02
 8.00000E+01    1.16038E+02
 9.00000E+01    1.22640E+02
 1.00000E+02    1.18982E+02
 1.10000E+02    1.14065E+02
 1.20000E+02    1.06656E+02
 1.30000E+02    1.11152E+02
 1.40000E+02    1.28085E+02
 1.50000E+02    1.52592E+02
 1.60000E+02    1.82238E+02
 1.80000E+02    2.51364E+02
 2.00000E+02    3.70454E+02
