# n + Sn121 : (n,na)    
# jeff3.3    A.J. Koning and D. Rochman        EVAL-DEC15
# uncertainties: y
# # energies =    29
#   E(MeV)       xs(mb)       xslow(mb)      xsupp(mb)
 5.24735E+00    0.00000E+00    0.00000E+00    0.00000E+00
 9.00000E+00    1.13979E-13    4.23190E-14    1.85639E-13
 9.50000E+00    2.50975E-11    9.31840E-12    4.08766E-11
 1.00000E+01    8.51321E-10    3.16085E-10    1.38656E-09
 1.05000E+01    1.44439E-08    5.36284E-09    2.35250E-08
 1.10000E+01    1.55061E-07    5.75723E-08    2.52550E-07
 1.15000E+01    8.41842E-07    3.12566E-07    1.37112E-06
 1.20000E+01    5.09470E-06    1.89160E-06    8.29780E-06
 1.25000E+01    2.42228E-05    8.99363E-06    3.94520E-05
 1.30000E+01    8.06413E-05    4.95714E-05    1.11711E-04
 1.35000E+01    2.70754E-04    1.66436E-04    3.75072E-04
 1.40000E+01    7.79354E-04    4.79080E-04    1.07963E-03
 1.45000E+01    1.91461E-03    1.17694E-03    2.65228E-03
 1.50000E+01    4.60094E-03    2.82826E-03    6.37362E-03
 1.60000E+01    2.01714E-02    8.83150E-03    3.15113E-02
 1.70000E+01    7.01463E-02    3.07117E-02    1.09581E-01
 1.80000E+01    2.37718E-01    1.04078E-01    3.71358E-01
 1.90000E+01    6.92703E-01    3.03281E-01    1.08212E+00
 2.00000E+01    1.51957E+00    6.34516E-01    2.40462E+00
 2.10000E+01    2.76404E+00    1.15416E+00    4.37392E+00
 2.20000E+01    4.13830E+00    1.72800E+00    6.54860E+00
 2.30000E+01    5.25785E+00    2.19548E+00    8.32022E+00
 2.40000E+01    6.49391E+00    7.60652E-01    1.22272E+01
 2.50000E+01    7.57794E+00    8.87627E-01    1.42683E+01
 2.60000E+01    8.52227E+00    9.98240E-01    1.60463E+01
 2.70000E+01    9.17614E+00    1.07483E+00    1.72775E+01
 2.80000E+01    9.46512E+00    1.10868E+00    1.78216E+01
 2.90000E+01    9.59824E+00    1.12427E+00    1.80722E+01
 3.00000E+01    9.44601E+00    1.10644E+00    1.77856E+01
