# n + Sn121 : (n,na)g   
# jeff3.3    A.J. Koning and D. Rochman        EVAL-DEC15
# uncertainties: y
# # energies =    29
#   E(MeV)       xs(mb)       xslow(mb)      xsupp(mb)
 5.24735E+00    0.00000E+00    0.00000E+00    0.00000E+00
 9.00000E+00    5.25791E-14    0.00000E+00    0.00000E+00
 9.50000E+00    1.23749E-11    0.00000E+00    0.00000E+00
 1.00000E+01    3.34854E-10    0.00000E+00    0.00000E+00
 1.05000E+01    4.87645E-09    0.00000E+00    0.00000E+00
 1.10000E+01    5.19258E-08    0.00000E+00    0.00000E+00
 1.15000E+01    3.14838E-07    0.00000E+00    0.00000E+00
 1.20000E+01    1.70754E-06    0.00000E+00    0.00000E+00
 1.25000E+01    7.14498E-06    0.00000E+00    0.00000E+00
 1.30000E+01    2.49647E-05    0.00000E+00    0.00000E+00
 1.35000E+01    7.63939E-05    0.00000E+00    0.00000E+00
 1.40000E+01    2.18099E-04    0.00000E+00    0.00000E+00
 1.45000E+01    5.26372E-04    0.00000E+00    0.00000E+00
 1.50000E+01    1.23502E-03    0.00000E+00    0.00000E+00
 1.60000E+01    5.28081E-03    0.00000E+00    0.00000E+00
 1.70000E+01    1.81319E-02    0.00000E+00    0.00000E+00
 1.80000E+01    5.81532E-02    0.00000E+00    0.00000E+00
 1.90000E+01    1.62485E-01    0.00000E+00    0.00000E+00
 2.00000E+01    3.48413E-01    0.00000E+00    0.00000E+00
 2.10000E+01    6.00472E-01    0.00000E+00    0.00000E+00
 2.20000E+01    8.70141E-01    0.00000E+00    0.00000E+00
 2.30000E+01    1.05180E+00    0.00000E+00    0.00000E+00
 2.40000E+01    1.23730E+00    0.00000E+00    0.00000E+00
 2.50000E+01    1.35378E+00    0.00000E+00    0.00000E+00
 2.60000E+01    1.42799E+00    0.00000E+00    0.00000E+00
 2.70000E+01    1.43227E+00    0.00000E+00    0.00000E+00
 2.80000E+01    1.38183E+00    0.00000E+00    0.00000E+00
 2.90000E+01    1.32504E+00    0.00000E+00    0.00000E+00
 3.00000E+01    1.22669E+00    0.00000E+00    0.00000E+00
