# n + Sn121 : (n,2na)   
# jeff3.3    A.J. Koning and D. Rochman        EVAL-DEC15
# uncertainties: y
# # energies =    18
#   E(MeV)       xs(mb)       xslow(mb)      xsupp(mb)
 1.10728E+01    0.00000E+00    0.00000E+00    0.00000E+00
 1.45000E+01    3.95500E-16    3.95500E-16    3.95500E-16
 1.50000E+01    1.37667E-13    1.37667E-13    1.37667E-13
 1.60000E+01    2.01052E-10    6.76615E-11    3.34443E-10
 1.70000E+01    3.00273E-08    1.01053E-08    4.99493E-08
 1.80000E+01    1.16572E-06    3.92308E-07    1.93913E-06
 1.90000E+01    2.25507E-05    7.58915E-06    3.75123E-05
 2.00000E+01    2.36330E-04    9.47632E-05    3.77897E-04
 2.10000E+01    1.84932E-03    7.41537E-04    2.95710E-03
 2.20000E+01    9.82532E-03    3.93974E-03    1.57109E-02
 2.30000E+01    3.91642E-02    1.57040E-02    6.26244E-02
 2.40000E+01    1.34144E-01    1.73624E-02    2.50926E-01
 2.50000E+01    3.65587E-01    4.73184E-02    6.83856E-01
 2.60000E+01    8.35977E-01    1.08202E-01    1.56375E+00
 2.70000E+01    1.62710E+00    2.10598E-01    3.04360E+00
 2.80000E+01    2.78123E+00    3.59978E-01    5.20248E+00
 2.90000E+01    4.25586E+00    5.50841E-01    7.96088E+00
 3.00000E+01    6.00146E+00    7.76776E-01    1.12261E+01
