# n + Sn121 : (n,np)g   
# jeff3.3    A.J. Koning and D. Rochman        EVAL-DEC15
# uncertainties: y
# # energies =    23
#   E(MeV)       xs(mb)       xslow(mb)      xsupp(mb)
 1.08476E+01    0.00000E+00    0.00000E+00    0.00000E+00
 1.20000E+01    3.42724E-12    0.00000E+00    0.00000E+00
 1.25000E+01    3.42183E-08    0.00000E+00    0.00000E+00
 1.30000E+01    1.77049E-06    0.00000E+00    0.00000E+00
 1.35000E+01    3.37815E-05    0.00000E+00    0.00000E+00
 1.40000E+01    3.44506E-04    0.00000E+00    0.00000E+00
 1.45000E+01    2.08534E-03    0.00000E+00    0.00000E+00
 1.50000E+01    8.86946E-03    0.00000E+00    0.00000E+00
 1.60000E+01    7.24707E-02    0.00000E+00    0.00000E+00
 1.70000E+01    2.55589E-01    0.00000E+00    0.00000E+00
 1.80000E+01    6.64716E-01    0.00000E+00    0.00000E+00
 1.90000E+01    1.37518E+00    0.00000E+00    0.00000E+00
 2.00000E+01    2.44074E+00    0.00000E+00    0.00000E+00
 2.10000E+01    3.79891E+00    0.00000E+00    0.00000E+00
 2.20000E+01    5.37823E+00    0.00000E+00    0.00000E+00
 2.30000E+01    7.31373E+00    0.00000E+00    0.00000E+00
 2.40000E+01    9.40788E+00    0.00000E+00    0.00000E+00
 2.50000E+01    1.12598E+01    0.00000E+00    0.00000E+00
 2.60000E+01    1.30339E+01    0.00000E+00    0.00000E+00
 2.70000E+01    1.47865E+01    0.00000E+00    0.00000E+00
 2.80000E+01    1.61230E+01    0.00000E+00    0.00000E+00
 2.90000E+01    1.75878E+01    0.00000E+00    0.00000E+00
 3.00000E+01    1.86270E+01    0.00000E+00    0.00000E+00
