# n + Sn121 : (n,n')m   
# jeff3.3    A.J. Koning and D. Rochman        EVAL-DEC15
# uncertainties: y
# # energies =   109
#   E(MeV)       xs(mb)       xslow(mb)      xsupp(mb)
 6.36264E-03    0.00000E+00    0.00000E+00    0.00000E+00
 1.00000E-02    1.03514E-02    0.00000E+00    0.00000E+00
 2.00000E-02    1.47408E-01    0.00000E+00    0.00000E+00
 3.00000E-02    4.40546E-01    0.00000E+00    0.00000E+00
 6.00000E-02    2.04867E+00    0.00000E+00    0.00000E+00
 1.00000E-01    5.44944E+00    0.00000E+00    0.00000E+00
 2.00000E-01    1.80806E+01    0.00000E+00    0.00000E+00
 3.00000E-01    3.46327E+01    0.00000E+00    0.00000E+00
 4.00000E-01    5.34656E+01    0.00000E+00    0.00000E+00
 5.00000E-01    7.34273E+01    0.00000E+00    0.00000E+00
 6.00000E-01    9.37642E+01    0.00000E+00    0.00000E+00
 7.00000E-01    1.26924E+02    0.00000E+00    0.00000E+00
 8.00000E-01    1.74673E+02    0.00000E+00    0.00000E+00
 9.00000E-01    2.08137E+02    0.00000E+00    0.00000E+00
 1.00000E+00    2.40357E+02    0.00000E+00    0.00000E+00
 1.20000E+00    3.05440E+02    0.00000E+00    0.00000E+00
 1.40000E+00    3.43332E+02    0.00000E+00    0.00000E+00
 1.60000E+00    3.81667E+02    0.00000E+00    0.00000E+00
 1.80000E+00    4.26060E+02    0.00000E+00    0.00000E+00
 2.00000E+00    4.43763E+02    0.00000E+00    0.00000E+00
 2.20000E+00    4.69173E+02    0.00000E+00    0.00000E+00
 2.40000E+00    5.03317E+02    0.00000E+00    0.00000E+00
 2.60000E+00    5.41856E+02    0.00000E+00    0.00000E+00
 2.80000E+00    5.84325E+02    0.00000E+00    0.00000E+00
 3.00000E+00    6.29761E+02    0.00000E+00    0.00000E+00
 3.20000E+00    6.77534E+02    0.00000E+00    0.00000E+00
 3.40000E+00    7.26327E+02    0.00000E+00    0.00000E+00
 3.60000E+00    7.74495E+02    0.00000E+00    0.00000E+00
 3.80000E+00    8.20314E+02    0.00000E+00    0.00000E+00
 4.00000E+00    8.62264E+02    0.00000E+00    0.00000E+00
 4.20000E+00    8.99311E+02    0.00000E+00    0.00000E+00
 4.40000E+00    9.30874E+02    0.00000E+00    0.00000E+00
 4.60000E+00    9.56994E+02    0.00000E+00    0.00000E+00
 4.80000E+00    9.77913E+02    0.00000E+00    0.00000E+00
 5.00000E+00    9.94338E+02    0.00000E+00    0.00000E+00
 5.20000E+00    1.00694E+03    0.00000E+00    0.00000E+00
 5.40000E+00    1.01645E+03    0.00000E+00    0.00000E+00
 5.60000E+00    1.02363E+03    0.00000E+00    0.00000E+00
 5.80000E+00    1.02917E+03    0.00000E+00    0.00000E+00
 6.00000E+00    1.03355E+03    0.00000E+00    0.00000E+00
 6.20000E+00    1.03753E+03    0.00000E+00    0.00000E+00
 6.40000E+00    1.03960E+03    0.00000E+00    0.00000E+00
 6.60000E+00    1.03673E+03    0.00000E+00    0.00000E+00
 6.80000E+00    1.02740E+03    0.00000E+00    0.00000E+00
 7.00000E+00    1.01512E+03    0.00000E+00    0.00000E+00
 7.20000E+00    1.00180E+03    0.00000E+00    0.00000E+00
 7.40000E+00    9.87754E+02    0.00000E+00    0.00000E+00
 7.60000E+00    9.73211E+02    0.00000E+00    0.00000E+00
 7.80000E+00    9.55760E+02    0.00000E+00    0.00000E+00
 8.00000E+00    9.33602E+02    0.00000E+00    0.00000E+00
 8.50000E+00    8.68598E+02    0.00000E+00    0.00000E+00
 9.00000E+00    7.71784E+02    0.00000E+00    0.00000E+00
 9.50000E+00    6.46970E+02    0.00000E+00    0.00000E+00
 1.00000E+01    5.30154E+02    0.00000E+00    0.00000E+00
 1.05000E+01    4.32258E+02    0.00000E+00    0.00000E+00
 1.10000E+01    3.62746E+02    0.00000E+00    0.00000E+00
 1.15000E+01    3.10169E+02    0.00000E+00    0.00000E+00
 1.20000E+01    2.70471E+02    0.00000E+00    0.00000E+00
 1.25000E+01    2.41455E+02    0.00000E+00    0.00000E+00
 1.30000E+01    2.19927E+02    0.00000E+00    0.00000E+00
 1.35000E+01    2.03880E+02    0.00000E+00    0.00000E+00
 1.40000E+01    1.91942E+02    0.00000E+00    0.00000E+00
 1.45000E+01    1.82545E+02    0.00000E+00    0.00000E+00
 1.50000E+01    1.74875E+02    0.00000E+00    0.00000E+00
 1.60000E+01    1.64790E+02    0.00000E+00    0.00000E+00
 1.70000E+01    1.57347E+02    0.00000E+00    0.00000E+00
 1.80000E+01    1.51533E+02    0.00000E+00    0.00000E+00
 1.90000E+01    1.46477E+02    0.00000E+00    0.00000E+00
 2.00000E+01    1.43954E+02    0.00000E+00    0.00000E+00
 2.10000E+01    1.39247E+02    0.00000E+00    0.00000E+00
 2.20000E+01    1.34240E+02    0.00000E+00    0.00000E+00
 2.30000E+01    1.28655E+02    0.00000E+00    0.00000E+00
 2.40000E+01    1.23980E+02    0.00000E+00    0.00000E+00
 2.50000E+01    1.19552E+02    0.00000E+00    0.00000E+00
 2.60000E+01    1.16078E+02    0.00000E+00    0.00000E+00
 2.70000E+01    1.12463E+02    0.00000E+00    0.00000E+00
 2.80000E+01    1.09646E+02    0.00000E+00    0.00000E+00
 2.90000E+01    1.06576E+02    0.00000E+00    0.00000E+00
 3.00000E+01    1.03458E+02    0.00000E+00    0.00000E+00
 3.00000E+01    1.03836E+02    0.00000E+00    0.00000E+00
 3.20000E+01    9.67733E+01    0.00000E+00    0.00000E+00
 3.40000E+01    8.97315E+01    0.00000E+00    0.00000E+00
 3.60000E+01    8.34459E+01    0.00000E+00    0.00000E+00
 3.80000E+01    7.74588E+01    0.00000E+00    0.00000E+00
 4.00000E+01    7.28321E+01    0.00000E+00    0.00000E+00
 4.20000E+01    6.75779E+01    0.00000E+00    0.00000E+00
 4.40000E+01    5.80574E+01    0.00000E+00    0.00000E+00
 4.60000E+01    5.54575E+01    0.00000E+00    0.00000E+00
 4.80000E+01    5.43994E+01    0.00000E+00    0.00000E+00
 5.00000E+01    5.34423E+01    0.00000E+00    0.00000E+00
 5.20000E+01    5.13013E+01    0.00000E+00    0.00000E+00
 5.40000E+01    4.86384E+01    0.00000E+00    0.00000E+00
 5.60000E+01    4.61474E+01    0.00000E+00    0.00000E+00
 5.80000E+01    4.38280E+01    0.00000E+00    0.00000E+00
 6.00000E+01    4.18531E+01    0.00000E+00    0.00000E+00
 6.50000E+01    3.81485E+01    0.00000E+00    0.00000E+00
 7.00000E+01    3.34589E+01    0.00000E+00    0.00000E+00
 7.50000E+01    2.97723E+01    0.00000E+00    0.00000E+00
 8.00000E+01    2.73194E+01    0.00000E+00    0.00000E+00
 9.00000E+01    2.24832E+01    0.00000E+00    0.00000E+00
 1.00000E+02    1.87079E+01    0.00000E+00    0.00000E+00
 1.10000E+02    1.56409E+01    0.00000E+00    0.00000E+00
 1.20000E+02    1.31130E+01    0.00000E+00    0.00000E+00
 1.30000E+02    1.09571E+01    0.00000E+00    0.00000E+00
 1.40000E+02    9.18521E+00    0.00000E+00    0.00000E+00
 1.50000E+02    7.75530E+00    0.00000E+00    0.00000E+00
 1.60000E+02    6.59277E+00    0.00000E+00    0.00000E+00
 1.80000E+02    4.97762E+00    0.00000E+00    0.00000E+00
 2.00000E+02    3.92391E+00    0.00000E+00    0.00000E+00
