# n + Sn121 : (n,n'03)  
# jeff3.3    A.J. Koning and D. Rochman        EVAL-DEC15
# uncertainties: y
# # energies =    96
#   E(MeV)       xs(mb)       xslow(mb)      xsupp(mb)
 6.69166E-01    0.00000E+00    0.00000E+00    0.00000E+00
 7.00000E-01    2.03737E+01    1.75646E+01    2.31828E+01
 8.00000E-01    6.11017E+01    5.26772E+01    6.95262E+01
 8.76502E-01    8.07289E+01    6.95983E+01    9.18595E+01
 9.00000E-01    8.67575E+01    7.47957E+01    9.87193E+01
 9.16382E-01    8.71813E+01    7.51610E+01    9.92016E+01
 9.33312E-01    8.76193E+01    7.55386E+01    9.97000E+01
 9.57119E-01    8.82352E+01    7.60696E+01    1.00401E+02
 1.00000E+00    8.93445E+01    7.60069E+01    1.02682E+02
 1.03960E+00    9.02687E+01    7.67931E+01    1.03744E+02
 1.07590E+00    9.11159E+01    7.75138E+01    1.04718E+02
 1.11071E+00    9.19283E+01    7.82050E+01    1.05652E+02
 1.13055E+00    9.23913E+01    7.85989E+01    1.06184E+02
 1.16564E+00    9.32103E+01    7.92956E+01    1.07125E+02
 1.20000E+00    9.40122E+01    7.99778E+01    1.08047E+02
 1.21203E+00    9.41845E+01    8.01243E+01    1.08245E+02
 1.25740E+00    9.48342E+01    8.06771E+01    1.08991E+02
 1.34815E+00    9.61339E+01    8.17827E+01    1.10485E+02
 1.36126E+00    9.63216E+01    8.19424E+01    1.10701E+02
 1.40000E+00    9.68764E+01    8.24144E+01    1.11338E+02
 1.41521E+00    9.65068E+01    8.21000E+01    1.10914E+02
 1.44395E+00    9.58085E+01    8.15059E+01    1.10111E+02
 1.46210E+00    9.53674E+01    8.11307E+01    1.09604E+02
 1.51050E+00    9.41914E+01    8.01302E+01    1.08253E+02
 1.54982E+00    9.32359E+01    7.93174E+01    1.07154E+02
 1.58411E+00    9.24027E+01    7.86086E+01    1.06197E+02
 1.60000E+00    9.20166E+01    7.82801E+01    1.05753E+02
 1.66699E+00    9.06872E+01    7.71492E+01    1.04225E+02
 1.72427E+00    8.95505E+01    7.61822E+01    1.02919E+02
 1.77297E+00    8.85841E+01    7.53600E+01    1.01808E+02
 1.80000E+00    8.80477E+01    6.98454E+01    1.06250E+02
 1.87955E+00    8.58468E+01    6.80995E+01    1.03594E+02
 1.89165E+00    8.55120E+01    6.78340E+01    1.03190E+02
 1.90930E+00    8.50237E+01    6.74466E+01    1.02601E+02
 1.92593E+00    8.45636E+01    6.70816E+01    1.02046E+02
 1.92825E+00    8.44994E+01    6.70307E+01    1.01968E+02
 2.00000E+00    8.25143E+01    6.54560E+01    9.95726E+01
 2.20000E+00    7.19191E+01    5.70511E+01    8.67871E+01
 2.40000E+00    6.07494E+01    4.81906E+01    7.33082E+01
 2.60000E+00    5.06078E+01    3.39757E+01    6.72399E+01
 2.80000E+00    4.17275E+01    2.80139E+01    5.54411E+01
 3.00000E+00    3.43330E+01    2.30496E+01    4.56164E+01
 3.20000E+00    2.81850E+01    1.89221E+01    3.74479E+01
 3.40000E+00    2.30886E+01    1.55006E+01    3.06766E+01
 3.60000E+00    1.88666E+01    1.26661E+01    2.50671E+01
 3.80000E+00    1.53645E+01    1.03150E+01    2.04140E+01
 4.00000E+00    1.24629E+01    8.36700E+00    1.65588E+01
 4.20000E+00    1.00573E+01    6.75200E+00    1.33626E+01
 4.40000E+00    8.07116E+00    5.41860E+00    1.07237E+01
 4.60000E+00    6.44056E+00    3.67731E+00    9.20381E+00
 4.80000E+00    5.10963E+00    2.91740E+00    7.30186E+00
 5.00000E+00    4.03170E+00    2.30195E+00    5.76146E+00
 5.20000E+00    3.16694E+00    1.80820E+00    4.52568E+00
 5.40000E+00    2.47572E+00    1.41354E+00    3.53790E+00
 5.60000E+00    1.92828E+00    1.10097E+00    2.75559E+00
 5.80000E+00    1.49721E+00    8.54849E-01    2.13957E+00
 6.00000E+00    1.15992E+00    6.62270E-01    1.65757E+00
 6.20000E+00    8.95932E-01    5.11543E-01    1.28032E+00
 6.40000E+00    6.91986E-01    3.95097E-01    9.88875E-01
 6.60000E+00    5.31287E-01    2.76251E-01    7.86323E-01
 6.80000E+00    4.09131E-01    2.12734E-01    6.05528E-01
 7.00000E+00    3.15714E-01    1.64160E-01    4.67268E-01
 7.20000E+00    2.43676E-01    1.26703E-01    3.60649E-01
 7.40000E+00    1.88786E-01    9.81622E-02    2.79410E-01
 7.60000E+00    1.46432E-01    7.61396E-02    2.16724E-01
 7.80000E+00    1.13860E-01    5.92033E-02    1.68517E-01
 8.00000E+00    8.88275E-02    4.61873E-02    1.31468E-01
 8.50000E+00    4.82755E-02    2.51016E-02    7.14494E-02
 9.00000E+00    2.66688E-02    1.23201E-02    4.10175E-02
 9.50000E+00    1.49532E-02    6.90789E-03    2.29985E-02
 1.00000E+01    8.48944E-03    3.92185E-03    1.30570E-02
 1.05000E+01    4.87063E-03    2.25007E-03    7.49119E-03
 1.10000E+01    2.82050E-03    1.30298E-03    4.33802E-03
 1.15000E+01    1.64734E-03    7.61017E-04    2.53366E-03
 1.20000E+01    9.69926E-04    4.48074E-04    1.49178E-03
 1.25000E+01    5.75461E-04    2.65844E-04    8.85078E-04
 1.30000E+01    3.44051E-04    1.53668E-04    5.34434E-04
 1.35000E+01    2.07211E-04    9.25491E-05    3.21873E-04
 1.40000E+01    1.25710E-04    5.61474E-05    1.95273E-04
 1.45000E+01    7.68364E-05    3.43184E-05    1.19354E-04
 1.50000E+01    4.73177E-05    2.11341E-05    7.35013E-05
 1.60000E+01    1.83557E-05    7.83277E-06    2.88786E-05
 1.70000E+01    7.33160E-06    3.12855E-06    1.15346E-05
 1.80000E+01    3.00788E-06    1.28353E-06    4.73223E-06
 1.90000E+01    1.26464E-06    5.39649E-07    1.98963E-06
 2.00000E+01    5.40063E-07    5.40062E-07    5.40064E-07
 2.10000E+01    2.36623E-07    2.36623E-07    2.36623E-07
 2.20000E+01    1.05348E-07    1.05348E-07    1.05348E-07
 2.30000E+01    4.76309E-08    4.76308E-08    4.76310E-08
 2.40000E+01    2.18136E-08    2.18136E-08    2.18136E-08
 2.50000E+01    1.01263E-08    1.01263E-08    1.01263E-08
 2.60000E+01    4.76556E-09    4.76556E-09    4.76556E-09
 2.70000E+01    2.27469E-09    2.27469E-09    2.27469E-09
 2.80000E+01    1.10024E-09    1.10024E-09    1.10024E-09
 2.90000E+01    5.39349E-10    5.39349E-10    5.39349E-10
 3.00000E+01    2.67787E-10    2.67787E-10    2.67787E-10
