# n + Sn121 : (n,n'05)  
# jeff3.3    A.J. Koning and D. Rochman        EVAL-DEC15
# uncertainties: n
# # energies =    91
#   E(MeV)       xs(mb) 
 9.16382E-01    0.00000E+00
 9.33312E-01    1.98660E+01
 9.57119E-01    4.78015E+01
 1.00000E+00    9.81189E+01
 1.03960E+00    1.08224E+02
 1.07590E+00    1.17487E+02
 1.11071E+00    1.26370E+02
 1.13055E+00    1.31433E+02
 1.16564E+00    1.40387E+02
 1.20000E+00    1.49155E+02
 1.21203E+00    1.49321E+02
 1.25740E+00    1.49949E+02
 1.34815E+00    1.51205E+02
 1.36126E+00    1.51386E+02
 1.40000E+00    1.51922E+02
 1.41521E+00    1.50972E+02
 1.44395E+00    1.49176E+02
 1.46210E+00    1.48042E+02
 1.51050E+00    1.45017E+02
 1.54982E+00    1.42561E+02
 1.58411E+00    1.40418E+02
 1.60000E+00    1.39425E+02
 1.66699E+00    1.35363E+02
 1.72427E+00    1.31889E+02
 1.77297E+00    1.28936E+02
 1.80000E+00    1.27297E+02
 1.87955E+00    1.22653E+02
 1.89165E+00    1.21947E+02
 1.90930E+00    1.20917E+02
 1.92593E+00    1.19946E+02
 1.92825E+00    1.19810E+02
 2.00000E+00    1.15622E+02
 2.20000E+00    9.86465E+01
 2.40000E+00    8.20089E+01
 2.60000E+00    6.71730E+01
 2.80000E+00    5.43393E+01
 3.00000E+00    4.38000E+01
 3.20000E+00    3.52215E+01
 3.40000E+00    2.83057E+01
 3.60000E+00    2.27618E+01
 3.80000E+00    1.83202E+01
 4.00000E+00    1.47580E+01
 4.20000E+00    1.18829E+01
 4.40000E+00    9.55224E+00
 4.60000E+00    7.65602E+00
 4.80000E+00    6.10950E+00
 5.00000E+00    4.84923E+00
 5.20000E+00    3.82510E+00
 5.40000E+00    3.00020E+00
 5.60000E+00    2.33855E+00
 5.80000E+00    1.81245E+00
 6.00000E+00    1.39852E+00
 6.20000E+00    1.07339E+00
 6.40000E+00    8.21615E-01
 6.60000E+00    6.24068E-01
 6.80000E+00    4.74646E-01
 7.00000E+00    3.61063E-01
 7.20000E+00    2.74566E-01
 7.40000E+00    2.09287E-01
 7.60000E+00    1.59641E-01
 7.80000E+00    1.22047E-01
 8.00000E+00    9.35662E-02
 8.50000E+00    4.87364E-02
 9.00000E+00    2.58706E-02
 9.50000E+00    1.39930E-02
 1.00000E+01    7.69699E-03
 1.05000E+01    4.29663E-03
 1.10000E+01    2.43011E-03
 1.15000E+01    1.39095E-03
 1.20000E+01    8.05049E-04
 1.25000E+01    4.70830E-04
 1.30000E+01    2.78176E-04
 1.35000E+01    1.65913E-04
 1.40000E+01    9.98489E-05
 1.45000E+01    6.06148E-05
 1.50000E+01    3.71043E-05
 1.60000E+01    1.42372E-05
 1.70000E+01    5.62450E-06
 1.80000E+01    2.28034E-06
 1.90000E+01    9.46970E-07
 2.00000E+01    3.99743E-07
 2.10000E+01    1.73505E-07
 2.20000E+01    7.67305E-08
 2.30000E+01    3.45315E-08
 2.40000E+01    1.57556E-08
 2.50000E+01    7.28636E-09
 2.60000E+01    3.41448E-09
 2.70000E+01    1.62225E-09
 2.80000E+01    7.81008E-10
 2.90000E+01    3.81214E-10
 3.00000E+01    1.88576E-10
