# n + Sn121 : (n,n'06)  
# jeff3.3    A.J. Koning and D. Rochman        EVAL-DEC15
# uncertainties: n
# # energies =    90
#   E(MeV)       xs(mb) 
 9.33312E-01    0.00000E+00
 9.57119E-01    2.03308E+01
 1.00000E+00    5.69505E+01
 1.03960E+00    6.66239E+01
 1.07590E+00    7.54911E+01
 1.11071E+00    8.39945E+01
 1.13055E+00    8.88409E+01
 1.16564E+00    9.74126E+01
 1.20000E+00    1.05806E+02
 1.21203E+00    1.06334E+02
 1.25740E+00    1.08327E+02
 1.34815E+00    1.12313E+02
 1.36126E+00    1.12889E+02
 1.40000E+00    1.14591E+02
 1.41521E+00    1.14174E+02
 1.44395E+00    1.13387E+02
 1.46210E+00    1.12890E+02
 1.51050E+00    1.11565E+02
 1.54982E+00    1.10488E+02
 1.58411E+00    1.09549E+02
 1.60000E+00    1.09114E+02
 1.66699E+00    1.07337E+02
 1.72427E+00    1.05817E+02
 1.77297E+00    1.04525E+02
 1.80000E+00    1.03808E+02
 1.87955E+00    1.01315E+02
 1.89165E+00    1.00935E+02
 1.90930E+00    1.00382E+02
 1.92593E+00    9.98610E+01
 1.92825E+00    9.97883E+01
 2.00000E+00    9.75395E+01
 2.20000E+00    8.54092E+01
 2.40000E+00    7.24257E+01
 2.60000E+00    6.04399E+01
 2.80000E+00    4.98169E+01
 3.00000E+00    4.09203E+01
 3.20000E+00    3.35265E+01
 3.40000E+00    2.74315E+01
 3.60000E+00    2.24290E+01
 3.80000E+00    1.83228E+01
 4.00000E+00    1.49505E+01
 4.20000E+00    1.21675E+01
 4.40000E+00    9.86664E+00
 4.60000E+00    7.96324E+00
 4.80000E+00    6.38974E+00
 5.00000E+00    5.09388E+00
 5.20000E+00    4.03191E+00
 5.40000E+00    3.17117E+00
 5.60000E+00    2.47791E+00
 5.80000E+00    1.92444E+00
 6.00000E+00    1.48783E+00
 6.20000E+00    1.14413E+00
 6.40000E+00    8.77487E-01
 6.60000E+00    6.67871E-01
 6.80000E+00    5.09107E-01
 7.00000E+00    3.88190E-01
 7.20000E+00    2.95966E-01
 7.40000E+00    2.26232E-01
 7.60000E+00    1.73069E-01
 7.80000E+00    1.32728E-01
 8.00000E+00    1.02084E-01
 8.50000E+00    5.36295E-02
 9.00000E+00    2.87175E-02
 9.50000E+00    1.56646E-02
 1.00000E+01    8.68445E-03
 1.05000E+01    4.88259E-03
 1.10000E+01    2.77934E-03
 1.15000E+01    1.60008E-03
 1.20000E+01    9.30925E-04
 1.25000E+01    5.47005E-04
 1.30000E+01    3.24539E-04
 1.35000E+01    1.94291E-04
 1.40000E+01    1.17318E-04
 1.45000E+01    7.14336E-05
 1.50000E+01    4.38467E-05
 1.60000E+01    1.69077E-05
 1.70000E+01    6.71020E-06
 1.80000E+01    2.73271E-06
 1.90000E+01    1.13978E-06
 2.00000E+01    4.83096E-07
 2.10000E+01    2.10430E-07
 2.20000E+01    9.33341E-08
 2.30000E+01    4.21060E-08
 2.40000E+01    1.92525E-08
 2.50000E+01    8.92147E-09
 2.60000E+01    4.18905E-09
 2.70000E+01    1.99420E-09
 2.80000E+01    9.61920E-10
 2.90000E+01    4.70362E-10
 3.00000E+01    2.33053E-10
