# n + Sn121 : (n,n'12)  
# jeff3.3    A.J. Koning and D. Rochman        EVAL-DEC15
# uncertainties: n
# # energies =    83
#   E(MeV)       xs(mb) 
 1.16564E+00    0.00000E+00
 1.20000E+00    8.74343E+00
 1.21203E+00    1.05088E+01
 1.25740E+00    1.71666E+01
 1.34815E+00    3.04837E+01
 1.36126E+00    3.24075E+01
 1.40000E+00    3.80924E+01
 1.41521E+00    3.87491E+01
 1.44395E+00    3.99898E+01
 1.46210E+00    4.07734E+01
 1.51050E+00    4.28629E+01
 1.54982E+00    4.45604E+01
 1.58411E+00    4.60408E+01
 1.60000E+00    4.67268E+01
 1.66699E+00    4.80024E+01
 1.72427E+00    4.90930E+01
 1.77297E+00    5.00203E+01
 1.80000E+00    5.05350E+01
 1.87955E+00    5.09250E+01
 1.89165E+00    5.09843E+01
 1.90930E+00    5.10709E+01
 1.92593E+00    5.11524E+01
 1.92825E+00    5.11638E+01
 2.00000E+00    5.15155E+01
 2.20000E+00    4.81394E+01
 2.40000E+00    4.31254E+01
 2.60000E+00    3.77119E+01
 2.80000E+00    3.23221E+01
 3.00000E+00    2.74056E+01
 3.20000E+00    2.30160E+01
 3.40000E+00    1.91763E+01
 3.60000E+00    1.58679E+01
 3.80000E+00    1.30468E+01
 4.00000E+00    1.06658E+01
 4.20000E+00    8.66796E+00
 4.40000E+00    7.00525E+00
 4.60000E+00    5.63198E+00
 4.80000E+00    4.50466E+00
 5.00000E+00    3.58531E+00
 5.20000E+00    2.84013E+00
 5.40000E+00    2.23897E+00
 5.60000E+00    1.75813E+00
 5.80000E+00    1.37546E+00
 6.00000E+00    1.07276E+00
 6.20000E+00    8.33807E-01
 6.40000E+00    6.47394E-01
 6.60000E+00    4.99316E-01
 6.80000E+00    3.86022E-01
 7.00000E+00    2.98839E-01
 7.20000E+00    2.31254E-01
 7.40000E+00    1.79552E-01
 7.60000E+00    1.39503E-01
 7.80000E+00    1.08613E-01
 8.00000E+00    8.48225E-02
 8.50000E+00    4.61735E-02
 9.00000E+00    2.55348E-02
 9.50000E+00    1.43349E-02
 1.00000E+01    8.15283E-03
 1.05000E+01    4.68869E-03
 1.10000E+01    2.72279E-03
 1.15000E+01    1.59497E-03
 1.20000E+01    9.41747E-04
 1.25000E+01    5.60174E-04
 1.30000E+01    3.35664E-04
 1.35000E+01    2.02550E-04
 1.40000E+01    1.23081E-04
 1.45000E+01    7.53286E-05
 1.50000E+01    4.64369E-05
 1.60000E+01    1.80385E-05
 1.70000E+01    7.21052E-06
 1.80000E+01    2.95993E-06
 1.90000E+01    1.24523E-06
 2.00000E+01    5.32166E-07
 2.10000E+01    2.33384E-07
 2.20000E+01    1.04023E-07
 2.30000E+01    4.70900E-08
 2.40000E+01    2.15907E-08
 2.50000E+01    1.00319E-08
 2.60000E+01    4.72400E-09
 2.70000E+01    2.25570E-09
 2.80000E+01    1.09130E-09
 2.90000E+01    5.35067E-10
 3.00000E+01    2.65717E-10
