# n + Sn121 : (n,n'16)  
# jeff3.3    A.J. Koning and D. Rochman        EVAL-DEC15
# uncertainties: n
# # energies =    78
#   E(MeV)       xs(mb) 
 1.36126E+00    0.00000E+00
 1.40000E+00    7.87897E+00
 1.41521E+00    9.33494E+00
 1.44395E+00    1.20861E+01
 1.46210E+00    1.38234E+01
 1.51050E+00    1.84565E+01
 1.54982E+00    2.22204E+01
 1.58411E+00    2.55027E+01
 1.60000E+00    2.70238E+01
 1.66699E+00    2.94375E+01
 1.72427E+00    3.15014E+01
 1.77297E+00    3.32561E+01
 1.80000E+00    3.42300E+01
 1.87955E+00    3.55344E+01
 1.89165E+00    3.57328E+01
 1.90930E+00    3.60223E+01
 1.92593E+00    3.62949E+01
 1.92825E+00    3.63330E+01
 2.00000E+00    3.75095E+01
 2.20000E+00    3.68175E+01
 2.40000E+00    3.43761E+01
 2.60000E+00    3.12556E+01
 2.80000E+00    2.77930E+01
 3.00000E+00    2.43833E+01
 3.20000E+00    2.11278E+01
 3.40000E+00    1.81124E+01
 3.60000E+00    1.53857E+01
 3.80000E+00    1.29632E+01
 4.00000E+00    1.08464E+01
 4.20000E+00    9.01467E+00
 4.40000E+00    7.44657E+00
 4.60000E+00    6.11526E+00
 4.80000E+00    4.99138E+00
 5.00000E+00    4.04800E+00
 5.20000E+00    3.26061E+00
 5.40000E+00    2.60741E+00
 5.60000E+00    2.06919E+00
 5.80000E+00    1.63148E+00
 6.00000E+00    1.27882E+00
 6.20000E+00    9.95616E-01
 6.40000E+00    7.72489E-01
 6.60000E+00    5.94017E-01
 6.80000E+00    4.56952E-01
 7.00000E+00    3.51409E-01
 7.20000E+00    2.69930E-01
 7.40000E+00    2.07717E-01
 7.60000E+00    1.59949E-01
 7.80000E+00    1.23371E-01
 8.00000E+00    9.54105E-02
 8.50000E+00    5.07413E-02
 9.00000E+00    2.74730E-02
 9.50000E+00    1.51430E-02
 1.00000E+01    8.48096E-03
 1.05000E+01    4.81604E-03
 1.10000E+01    2.76825E-03
 1.15000E+01    1.60853E-03
 1.20000E+01    9.43941E-04
 1.25000E+01    5.59052E-04
 1.30000E+01    3.34083E-04
 1.35000E+01    2.01325E-04
 1.40000E+01    1.22301E-04
 1.45000E+01    7.48826E-05
 1.50000E+01    4.62002E-05
 1.60000E+01    1.79802E-05
 1.70000E+01    7.19480E-06
 1.80000E+01    2.95239E-06
 1.90000E+01    1.24007E-06
 2.00000E+01    5.28942E-07
 2.10000E+01    2.31700E-07
 2.20000E+01    1.03285E-07
 2.30000E+01    4.68083E-08
 2.40000E+01    2.14920E-08
 2.50000E+01    9.99667E-09
 2.60000E+01    4.70957E-09
 2.70000E+01    2.24863E-09
 2.80000E+01    1.08752E-09
 2.90000E+01    5.33047E-10
 3.00000E+01    2.64691E-10
