# n + Sn121 : (n,n'17)  
# jeff3.3    A.J. Koning and D. Rochman        EVAL-DEC15
# uncertainties: n
# # energies =    76
#   E(MeV)       xs(mb) 
 1.41521E+00    0.00000E+00
 1.44395E+00    8.78942E+00
 1.46210E+00    1.43401E+01
 1.51050E+00    2.91420E+01
 1.54982E+00    4.11671E+01
 1.58411E+00    5.16538E+01
 1.60000E+00    5.65134E+01
 1.66699E+00    6.21014E+01
 1.72427E+00    6.68794E+01
 1.77297E+00    7.09417E+01
 1.80000E+00    7.31964E+01
 1.87955E+00    7.46259E+01
 1.89165E+00    7.48433E+01
 1.90930E+00    7.51605E+01
 1.92593E+00    7.54594E+01
 1.92825E+00    7.55010E+01
 2.00000E+00    7.67904E+01
 2.20000E+00    7.28977E+01
 2.40000E+00    6.71383E+01
 2.60000E+00    6.09903E+01
 2.80000E+00    5.48810E+01
 3.00000E+00    4.93244E+01
 3.20000E+00    4.43864E+01
 3.40000E+00    4.01127E+01
 3.60000E+00    3.64974E+01
 3.80000E+00    3.34918E+01
 4.00000E+00    3.10331E+01
 4.20000E+00    2.90406E+01
 4.40000E+00    2.74405E+01
 4.60000E+00    2.61604E+01
 4.80000E+00    2.51301E+01
 5.00000E+00    2.42870E+01
 5.20000E+00    2.35759E+01
 5.40000E+00    2.29508E+01
 5.60000E+00    2.23762E+01
 5.80000E+00    2.18279E+01
 6.00000E+00    2.12913E+01
 6.20000E+00    2.07552E+01
 6.40000E+00    2.02196E+01
 6.60000E+00    1.96809E+01
 6.80000E+00    1.91475E+01
 7.00000E+00    1.86217E+01
 7.20000E+00    1.81067E+01
 7.40000E+00    1.76072E+01
 7.60000E+00    1.71261E+01
 7.80000E+00    1.66665E+01
 8.00000E+00    1.62305E+01
 8.50000E+00    1.52504E+01
 9.00000E+00    1.44257E+01
 9.50000E+00    1.37376E+01
 1.00000E+01    1.31565E+01
 1.05000E+01    1.26514E+01
 1.10000E+01    1.21955E+01
 1.15000E+01    1.17701E+01
 1.20000E+01    1.13644E+01
 1.25000E+01    1.09741E+01
 1.30000E+01    1.05988E+01
 1.35000E+01    1.02405E+01
 1.40000E+01    9.90121E+00
 1.45000E+01    9.58332E+00
 1.50000E+01    9.28847E+00
 1.60000E+01    8.76980E+00
 1.70000E+01    8.33807E+00
 1.80000E+01    7.97340E+00
 1.90000E+01    7.65543E+00
 2.00000E+01    7.37051E+00
 2.10000E+01    7.10933E+00
 2.20000E+01    6.86161E+00
 2.30000E+01    6.61761E+00
 2.40000E+01    6.37360E+00
 2.50000E+01    6.13402E+00
 2.60000E+01    5.90775E+00
 2.70000E+01    5.70320E+00
 2.80000E+01    5.52471E+00
 2.90000E+01    5.37197E+00
 3.00000E+01    5.24063E+00
