# n + Sn121 : (n,n'18)  
# jeff3.3    A.J. Koning and D. Rochman        EVAL-DEC15
# uncertainties: n
# # energies =    75
#   E(MeV)       xs(mb) 
 1.44395E+00    0.00000E+00
 1.46210E+00    4.89163E+00
 1.51050E+00    1.79360E+01
 1.54982E+00    2.85332E+01
 1.58411E+00    3.77748E+01
 1.60000E+00    4.20573E+01
 1.66699E+00    4.89450E+01
 1.72427E+00    5.48344E+01
 1.77297E+00    5.98416E+01
 1.80000E+00    6.26207E+01
 1.87955E+00    6.52030E+01
 1.89165E+00    6.55958E+01
 1.90930E+00    6.61687E+01
 1.92593E+00    6.67085E+01
 1.92825E+00    6.67838E+01
 2.00000E+00    6.91129E+01
 2.20000E+00    6.80127E+01
 2.40000E+00    6.43089E+01
 2.60000E+00    5.99190E+01
 2.80000E+00    5.53500E+01
 3.00000E+00    5.10803E+01
 3.20000E+00    4.71840E+01
 3.40000E+00    4.37262E+01
 3.60000E+00    4.07328E+01
 3.80000E+00    3.81936E+01
 4.00000E+00    3.60840E+01
 4.20000E+00    3.43589E+01
 4.40000E+00    3.29726E+01
 4.60000E+00    3.18724E+01
 4.80000E+00    3.10004E+01
 5.00000E+00    3.02978E+01
 5.20000E+00    2.97081E+01
 5.40000E+00    2.91812E+01
 5.60000E+00    2.86768E+01
 5.80000E+00    2.81670E+01
 6.00000E+00    2.76356E+01
 6.20000E+00    2.70734E+01
 6.40000E+00    2.64827E+01
 6.60000E+00    2.58650E+01
 6.80000E+00    2.52327E+01
 7.00000E+00    2.45931E+01
 7.20000E+00    2.39543E+01
 7.40000E+00    2.33250E+01
 7.60000E+00    2.27117E+01
 7.80000E+00    2.21203E+01
 8.00000E+00    2.15552E+01
 8.50000E+00    2.02733E+01
 9.00000E+00    1.91854E+01
 9.50000E+00    1.82735E+01
 1.00000E+01    1.75019E+01
 1.05000E+01    1.68309E+01
 1.10000E+01    1.62259E+01
 1.15000E+01    1.56617E+01
 1.20000E+01    1.51238E+01
 1.25000E+01    1.46061E+01
 1.30000E+01    1.41083E+01
 1.35000E+01    1.36328E+01
 1.40000E+01    1.31822E+01
 1.45000E+01    1.27599E+01
 1.50000E+01    1.23678E+01
 1.60000E+01    1.16778E+01
 1.70000E+01    1.11031E+01
 1.80000E+01    1.06177E+01
 1.90000E+01    1.01947E+01
 2.00000E+01    9.81584E+00
 2.10000E+01    9.46862E+00
 2.20000E+01    9.13951E+00
 2.30000E+01    8.81550E+00
 2.40000E+01    8.49146E+00
 2.50000E+01    8.17307E+00
 2.60000E+01    7.87207E+00
 2.70000E+01    7.59970E+00
 2.80000E+01    7.36186E+00
 2.90000E+01    7.15826E+00
 3.00000E+01    6.98323E+00
