# n + Sn121 : (n,n'20)  
# jeff3.3    A.J. Koning and D. Rochman        EVAL-DEC15
# uncertainties: n
# # energies =    73
#   E(MeV)       xs(mb) 
 1.51050E+00    0.00000E+00
 1.54982E+00    1.24187E+01
 1.58411E+00    2.32488E+01
 1.60000E+00    2.82675E+01
 1.66699E+00    3.66243E+01
 1.72427E+00    4.37698E+01
 1.77297E+00    4.98450E+01
 1.80000E+00    5.32169E+01
 1.87955E+00    5.49901E+01
 1.89165E+00    5.52598E+01
 1.90930E+00    5.56532E+01
 1.92593E+00    5.60239E+01
 1.92825E+00    5.60756E+01
 2.00000E+00    5.76749E+01
 2.20000E+00    5.35259E+01
 2.40000E+00    4.70038E+01
 2.60000E+00    4.01927E+01
 2.80000E+00    3.36474E+01
 3.00000E+00    2.78133E+01
 3.20000E+00    2.27230E+01
 3.40000E+00    1.83860E+01
 3.60000E+00    1.47648E+01
 3.80000E+00    1.17866E+01
 4.00000E+00    9.36844E+00
 4.20000E+00    7.41847E+00
 4.40000E+00    5.85715E+00
 4.60000E+00    4.61349E+00
 4.80000E+00    3.62593E+00
 5.00000E+00    2.84396E+00
 5.20000E+00    2.22596E+00
 5.40000E+00    1.73818E+00
 5.60000E+00    1.35399E+00
 5.80000E+00    1.05190E+00
 6.00000E+00    8.15670E-01
 6.20000E+00    6.30409E-01
 6.40000E+00    4.86648E-01
 6.60000E+00    3.73140E-01
 6.80000E+00    2.86641E-01
 7.00000E+00    2.20314E-01
 7.20000E+00    1.69224E-01
 7.40000E+00    1.30289E-01
 7.60000E+00    1.00317E-01
 7.80000E+00    7.73860E-02
 8.00000E+00    5.98299E-02
 8.50000E+00    3.17336E-02
 9.00000E+00    1.70930E-02
 9.50000E+00    9.35723E-03
 1.00000E+01    5.20099E-03
 1.05000E+01    2.93078E-03
 1.10000E+01    1.67179E-03
 1.15000E+01    9.63983E-04
 1.20000E+01    5.61215E-04
 1.25000E+01    3.29597E-04
 1.30000E+01    1.95223E-04
 1.35000E+01    1.16565E-04
 1.40000E+01    7.01514E-05
 1.45000E+01    4.25551E-05
 1.50000E+01    2.60181E-05
 1.60000E+01    9.95482E-06
 1.70000E+01    3.92362E-06
 1.80000E+01    1.58916E-06
 1.90000E+01    6.60004E-07
 2.00000E+01    2.78684E-07
 2.10000E+01    1.20921E-07
 2.20000E+01    5.34250E-08
 2.30000E+01    2.40203E-08
 2.40000E+01    1.09558E-08
 2.50000E+01    5.06882E-09
 2.60000E+01    2.37767E-09
 2.70000E+01    1.13094E-09
 2.80000E+01    5.44956E-10
 2.90000E+01    2.66101E-10
 3.00000E+01    1.31615E-10
