# n + Sn121 : (n,n'27)  
# jeff3.3    A.J. Koning and D. Rochman        EVAL-DEC15
# uncertainties: n
# # energies =    64
#   E(MeV)       xs(mb) 
 1.89165E+00    0.00000E+00
 1.90930E+00    2.98340E+00
 1.92593E+00    5.79439E+00
 1.92825E+00    6.18653E+00
 2.00000E+00    1.83145E+01
 2.20000E+00    3.04387E+01
 2.40000E+00    3.16934E+01
 2.60000E+00    2.97840E+01
 2.80000E+00    2.68566E+01
 3.00000E+00    2.37294E+01
 3.20000E+00    2.06066E+01
 3.40000E+00    1.76210E+01
 3.60000E+00    1.48658E+01
 3.80000E+00    1.23950E+01
 4.00000E+00    1.02372E+01
 4.20000E+00    8.38687E+00
 4.40000E+00    6.82772E+00
 4.60000E+00    5.53192E+00
 4.80000E+00    4.46487E+00
 5.00000E+00    3.59207E+00
 5.20000E+00    2.88087E+00
 5.40000E+00    2.30228E+00
 5.60000E+00    1.83249E+00
 5.80000E+00    1.45179E+00
 6.00000E+00    1.14471E+00
 6.20000E+00    8.97012E-01
 6.40000E+00    7.00529E-01
 6.60000E+00    5.41619E-01
 6.80000E+00    4.18546E-01
 7.00000E+00    3.22985E-01
 7.20000E+00    2.48532E-01
 7.40000E+00    1.91365E-01
 7.60000E+00    1.47205E-01
 7.80000E+00    1.13290E-01
 8.00000E+00    8.73118E-02
 8.50000E+00    4.58399E-02
 9.00000E+00    2.44006E-02
 9.50000E+00    1.32004E-02
 1.00000E+01    7.25851E-03
 1.05000E+01    4.05343E-03
 1.10000E+01    2.29619E-03
 1.15000E+01    1.31767E-03
 1.20000E+01    7.64951E-04
 1.25000E+01    4.48737E-04
 1.30000E+01    2.65861E-04
 1.35000E+01    1.58962E-04
 1.40000E+01    9.58774E-05
 1.45000E+01    5.83188E-05
 1.50000E+01    3.57609E-05
 1.60000E+01    1.37597E-05
 1.70000E+01    5.44699E-06
 1.80000E+01    2.21210E-06
 1.90000E+01    9.19922E-07
 2.00000E+01    3.88739E-07
 2.10000E+01    1.68885E-07
 2.20000E+01    7.47813E-08
 2.30000E+01    3.37173E-08
 2.40000E+01    1.54193E-08
 2.50000E+01    7.14685E-09
 2.60000E+01    3.35505E-09
 2.70000E+01    1.59586E-09
 2.80000E+01    7.68776E-10
 2.90000E+01    3.75351E-10
 3.00000E+01    1.85711E-10
