# n + Ac226 : (n,xn)    
# endfb8.0   O.Iwamoto, T.Nakagawa, et al.     EVAL-FEB10
# 
# # energies =    78
#   E(MeV)        xs(mb) 
 5.12276E-03    0.00000E+00
 7.00000E-03    2.10962E+01
 1.00000E-02    4.30433E+01
 1.88839E-02    9.71232E+01
 2.00000E-02    1.57503E+02
 3.00000E-02    2.68124E+02
 3.34486E-02    2.88594E+02
 4.52008E-02    3.47073E+02
 5.00000E-02    3.71965E+02
 5.85602E-02    4.10213E+02
 7.00000E-02    4.86423E+02
 7.06137E-02    4.89329E+02
 7.80467E-02    5.27694E+02
 1.00000E-01    6.47229E+02
 1.10984E-01    6.81231E+02
 1.20000E-01    7.09159E+02
 1.40000E-01    7.73070E+02
 1.70000E-01    8.80840E+02
 2.00000E-01    1.16423E+03
 2.50000E-01    1.22867E+03
 3.00000E-01    1.59742E+03
 4.00000E-01    1.81349E+03
 5.00000E-01    2.12524E+03
 6.00000E-01    2.25430E+03
 7.00000E-01    2.42831E+03
 8.00000E-01    2.52542E+03
 9.00000E-01    2.63276E+03
 1.00000E+00    2.75157E+03
 1.10000E+00    2.84741E+03
 1.20000E+00    2.93994E+03
 1.30000E+00    3.03050E+03
 1.40000E+00    3.11426E+03
 1.50000E+00    3.19485E+03
 1.60000E+00    3.26852E+03
 1.70000E+00    3.33473E+03
 1.80000E+00    3.39475E+03
 1.90000E+00    3.44437E+03
 2.00000E+00    3.48862E+03
 2.10000E+00    3.52087E+03
 2.20000E+00    3.54860E+03
 2.40000E+00    3.58583E+03
 2.60000E+00    3.60347E+03
 2.80000E+00    3.60483E+03
 3.00000E+00    3.59821E+03
 3.50000E+00    3.55273E+03
 4.00000E+00    3.49995E+03
 4.50000E+00    3.41777E+03
 5.00000E+00    3.36269E+03
 5.50000E+00    3.37172E+03
 6.00000E+00    3.56724E+03
 6.50000E+00    4.12611E+03
 7.00000E+00    4.64044E+03
 7.50000E+00    4.99308E+03
 8.00000E+00    5.23530E+03
 8.50000E+00    5.36278E+03
 9.00000E+00    5.44826E+03
 9.50000E+00    5.48253E+03
 1.00000E+01    5.50471E+03
 1.05000E+01    5.50258E+03
 1.10000E+01    5.50461E+03
 1.15000E+01    5.49752E+03
 1.20000E+01    5.48789E+03
 1.25000E+01    5.48098E+03
 1.30000E+01    5.48865E+03
 1.35000E+01    5.56135E+03
 1.40000E+01    5.70284E+03
 1.45000E+01    5.90068E+03
 1.50000E+01    6.12932E+03
 1.55000E+01    6.33003E+03
 1.60000E+01    6.55155E+03
 1.65000E+01    6.71472E+03
 1.70000E+01    6.85174E+03
 1.75000E+01    6.96693E+03
 1.80000E+01    7.05823E+03
 1.85000E+01    7.13167E+03
 1.90000E+01    7.18570E+03
 1.95000E+01    7.23731E+03
 2.00000E+01    7.27872E+03
