# n + Ac226 : (n,n'04)  
# endfb8.0   O.Iwamoto, T.Nakagawa, et al.     EVAL-FEB10
# uncertainties: y
# # energies =    70
#   E(MeV)       xs(mb)       xslow(mb)      xsupp(mb)
 4.52008E-02    0.00000E+00    0.00000E+00    0.00000E+00
 5.00000E-02    2.86296E+00    6.75597E-01    5.05032E+00
 5.85602E-02    9.86729E+00    2.32847E+00    1.74061E+01
 7.00000E-02    2.12273E+01    5.00919E+00    3.74454E+01
 7.06137E-02    2.18893E+01    5.16541E+00    3.86132E+01
 7.80467E-02    2.98602E+01    7.04637E+00    5.26740E+01
 1.00000E-01    5.43322E+01    9.34408E+00    9.93203E+01
 1.20000E-01    7.24861E+01    1.24662E+01    1.32506E+02
 1.40000E-01    8.97048E+01    1.54275E+01    1.63982E+02
 1.70000E-01    1.14112E+02    1.96250E+01    2.08599E+02
 2.00000E-01    1.29635E+02    5.44405E+01    2.04830E+02
 2.50000E-01    1.53256E+02    6.43602E+01    2.42152E+02
 3.00000E-01    1.53443E+02    8.57659E+01    2.21120E+02
 4.00000E-01    1.47178E+02    9.07949E+01    2.03561E+02
 5.00000E-01    1.47170E+02    9.07900E+01    2.03550E+02
 6.00000E-01    1.37443E+02    9.30328E+01    1.81853E+02
 7.00000E-01    1.32164E+02    8.94595E+01    1.74868E+02
 8.00000E-01    1.26377E+02    7.70841E+01    1.75670E+02
 9.00000E-01    1.22960E+02    7.49999E+01    1.70920E+02
 1.00000E+00    1.21569E+02    5.87159E+01    1.84422E+02
 1.10000E+00    1.21758E+02    5.88071E+01    1.84709E+02
 1.20000E+00    1.23347E+02    4.31628E+01    2.03531E+02
 1.30000E+00    1.26332E+02    4.42074E+01    2.08457E+02
 1.40000E+00    1.30079E+02    4.55185E+01    2.14639E+02
 1.50000E+00    1.34626E+02    3.40527E+01    2.35199E+02
 1.60000E+00    1.39700E+02    3.53362E+01    2.44064E+02
 1.70000E+00    1.44711E+02    3.66036E+01    2.52818E+02
 1.80000E+00    1.50117E+02    3.79711E+01    2.62263E+02
 1.90000E+00    1.54855E+02    3.91695E+01    2.70540E+02
 2.00000E+00    1.59885E+02    5.08374E+01    2.68933E+02
 2.10000E+00    1.63569E+02    5.20087E+01    2.75129E+02
 2.20000E+00    1.67457E+02    5.32450E+01    2.81669E+02
 2.40000E+00    1.73788E+02    5.52580E+01    2.92318E+02
 2.60000E+00    1.78624E+02    8.30548E+01    2.74193E+02
 2.80000E+00    1.79981E+02    8.36857E+01    2.76276E+02
 3.00000E+00    1.81517E+02    1.05080E+02    2.57954E+02
 3.50000E+00    1.75358E+02    1.10640E+02    2.40076E+02
 4.00000E+00    1.69427E+02    1.11122E+02    2.27732E+02
 4.50000E+00    1.58965E+02    1.04261E+02    2.13669E+02
 5.00000E+00    1.48527E+02    9.56410E+01    2.01413E+02
 5.50000E+00    1.39563E+02    8.98688E+01    1.89257E+02
 6.00000E+00    1.30602E+02    8.44894E+01    1.76715E+02
 6.50000E+00    1.24738E+02    8.06959E+01    1.68780E+02
 7.00000E+00    1.18875E+02    7.89230E+01    1.58827E+02
 7.50000E+00    1.14954E+02    7.63198E+01    1.53588E+02
 8.00000E+00    1.11034E+02    7.46076E+01    1.47460E+02
 8.50000E+00    1.07759E+02    7.24070E+01    1.43111E+02
 9.00000E+00    1.04484E+02    7.01028E+01    1.38865E+02
 9.50000E+00    1.01370E+02    6.80135E+01    1.34726E+02
 1.00000E+01    9.82555E+01    6.56282E+01    1.30883E+02
 1.05000E+01    9.52728E+01    6.36360E+01    1.26910E+02
 1.10000E+01    9.22901E+01    6.16437E+01    1.22937E+02
 1.15000E+01    8.94457E+01    5.97438E+01    1.19148E+02
 1.20000E+01    8.66012E+01    5.78456E+01    1.15357E+02
 1.25000E+01    8.38918E+01    5.60359E+01    1.11748E+02
 1.30000E+01    8.11823E+01    5.42261E+01    1.08139E+02
 1.35000E+01    7.86410E+01    5.25286E+01    1.04753E+02
 1.40000E+01    7.60996E+01    5.16669E+01    1.00532E+02
 1.45000E+01    7.37771E+01    5.00901E+01    9.74641E+01
 1.50000E+01    7.14546E+01    4.89408E+01    9.39684E+01
 1.55000E+01    6.93854E+01    4.75235E+01    9.12473E+01
 1.60000E+01    6.73161E+01    4.65111E+01    8.81211E+01
 1.65000E+01    6.55094E+01    4.52628E+01    8.57560E+01
 1.70000E+01    6.37026E+01    4.40144E+01    8.33908E+01
 1.75000E+01    6.21501E+01    4.29417E+01    8.13585E+01
 1.80000E+01    6.05976E+01    4.24766E+01    7.87186E+01
 1.85000E+01    5.92821E+01    4.15545E+01    7.70097E+01
 1.90000E+01    5.79665E+01    4.06323E+01    7.53007E+01
 1.95000E+01    5.68644E+01    3.98598E+01    7.38690E+01
 2.00000E+01    5.57623E+01    3.90872E+01    7.24373E+01
