# n + Ac226 : (n,n'07)  
# endfb8.0   O.Iwamoto, T.Nakagawa, et al.     EVAL-FEB10
# uncertainties: y
# # energies =    65
#   E(MeV)       xs(mb)       xslow(mb)      xsupp(mb)
 7.80467E-02    0.00000E+00   -0.00000E+00    0.00000E+00
 1.00000E-01    4.75646E+00    1.66467E+00    7.84825E+00
 1.20000E-01    9.29811E+00    3.25416E+00    1.53421E+01
 1.40000E-01    1.38240E+01    4.83813E+00    2.28099E+01
 1.70000E-01    2.06125E+01    7.21397E+00    3.40110E+01
 2.00000E-01    2.50771E+01    7.39634E+00    4.27579E+01
 2.50000E-01    3.24577E+01    9.57320E+00    5.53422E+01
 3.00000E-01    3.38833E+01    1.31763E+01    5.45903E+01
 4.00000E-01    3.62318E+01    1.34744E+01    5.89892E+01
 5.00000E-01    3.92894E+01    1.46115E+01    6.39673E+01
 6.00000E-01    4.20567E+01    1.32875E+01    7.08259E+01
 7.00000E-01    4.53191E+01    1.43182E+01    7.63200E+01
 8.00000E-01    4.95947E+01    1.23442E+01    8.68452E+01
 9.00000E-01    5.39636E+01    1.34316E+01    9.44956E+01
 1.00000E+00    5.87235E+01    1.35626E+01    1.03884E+02
 1.10000E+00    6.33900E+01    1.46404E+01    1.12140E+02
 1.20000E+00    6.75137E+01    1.95082E+01    1.15519E+02
 1.30000E+00    7.06990E+01    2.04286E+01    1.20969E+02
 1.40000E+00    7.40288E+01    2.13907E+01    1.26667E+02
 1.50000E+00    7.60640E+01    2.92035E+01    1.22924E+02
 1.60000E+00    7.82423E+01    3.00399E+01    1.26445E+02
 1.70000E+00    7.92841E+01    3.04398E+01    1.28128E+02
 1.80000E+00    8.04870E+01    3.09017E+01    1.30072E+02
 1.90000E+00    8.07942E+01    3.10196E+01    1.30569E+02
 2.00000E+00    8.12543E+01    3.90005E+01    1.23508E+02
 2.10000E+00    8.08845E+01    3.88230E+01    1.22946E+02
 2.20000E+00    8.06372E+01    3.87043E+01    1.22570E+02
 2.40000E+00    7.97390E+01    3.82732E+01    1.21205E+02
 2.60000E+00    7.84026E+01    4.13152E+01    1.15490E+02
 2.80000E+00    7.64357E+01    4.02787E+01    1.12593E+02
 3.00000E+00    7.46093E+01    4.11042E+01    1.08114E+02
 3.50000E+00    6.93330E+01    3.88220E+01    9.98440E+01
 4.00000E+00    6.42505E+01    3.65502E+01    9.19508E+01
 4.50000E+00    5.94307E+01    3.38084E+01    8.50530E+01
 5.00000E+00    5.46319E+01    3.15734E+01    7.76904E+01
 5.50000E+00    5.10340E+01    2.94940E+01    7.25740E+01
 6.00000E+00    4.74390E+01    2.76069E+01    6.72711E+01
 6.50000E+00    4.47708E+01    2.60541E+01    6.34874E+01
 7.00000E+00    4.21032E+01    2.39540E+01    6.02524E+01
 7.50000E+00    3.95722E+01    2.25140E+01    5.66304E+01
 8.00000E+00    3.70414E+01    2.05915E+01    5.34913E+01
 8.50000E+00    3.45834E+01    1.92251E+01    4.99417E+01
 9.00000E+00    3.21255E+01    1.77298E+01    4.65212E+01
 9.50000E+00    3.00331E+01    1.65750E+01    4.34912E+01
 1.00000E+01    2.79408E+01    1.54764E+01    4.04052E+01
 1.05000E+01    2.62781E+01    1.45554E+01    3.80008E+01
 1.10000E+01    2.46153E+01    1.36344E+01    3.55962E+01
 1.15000E+01    2.32602E+01    1.28838E+01    3.36366E+01
 1.20000E+01    2.19051E+01    1.23303E+01    3.14799E+01
 1.25000E+01    2.07471E+01    1.16785E+01    2.98157E+01
 1.30000E+01    1.95891E+01    1.10266E+01    2.81516E+01
 1.35000E+01    1.85836E+01    1.04606E+01    2.67066E+01
 1.40000E+01    1.75781E+01    1.01763E+01    2.49799E+01
 1.45000E+01    1.67130E+01    9.67547E+00    2.37505E+01
 1.50000E+01    1.58480E+01    9.31752E+00    2.23785E+01
 1.55000E+01    1.51109E+01    8.88416E+00    2.13376E+01
 1.60000E+01    1.43738E+01    8.55183E+00    2.01958E+01
 1.65000E+01    1.37438E+01    8.17701E+00    1.93106E+01
 1.70000E+01    1.31138E+01    7.80218E+00    1.84254E+01
 1.75000E+01    1.25683E+01    7.47763E+00    1.76590E+01
 1.80000E+01    1.20228E+01    7.30950E+00    1.67361E+01
 1.85000E+01    1.15454E+01    7.01925E+00    1.60715E+01
 1.90000E+01    1.10680E+01    6.72901E+00    1.54070E+01
 1.95000E+01    1.06506E+01    6.47524E+00    1.48260E+01
 2.00000E+01    1.02332E+01    6.22147E+00    1.42449E+01
