# n + Ac226 :  n        
# endfb8.0   O.Iwamoto, T.Nakagawa, et al.     EVAL-FEB10
# uncertainties: y
# # energies =    64
#   E(MeV)       xs(mb)       xslow(mb)      xsupp(mb)
 1.10984E-01    0.00000E+00    0.00000E+00    0.00000E+00
 1.20000E-01    1.80397E-02    1.09501E-02    2.51293E-02
 1.40000E-01    2.95323E-02    1.79261E-02    4.11385E-02
 1.70000E-01    4.22605E-02    2.56521E-02    5.88689E-02
 2.00000E-01    2.38118E+02    1.44537E+02    3.31699E+02
 2.50000E-01    2.23859E+02    1.35882E+02    3.11836E+02
 3.00000E-01    6.52500E+02    4.00621E+02    9.04379E+02
 4.00000E-01    9.82440E+02    5.60961E+02    1.40392E+03
 5.00000E-01    1.34346E+03    7.67099E+02    1.91982E+03
 6.00000E-01    1.56688E+03    8.99357E+02    2.23440E+03
 7.00000E-01    1.80113E+03    1.03381E+03    2.56845E+03
 8.00000E-01    1.95808E+03    1.13172E+03    2.78444E+03
 9.00000E-01    2.10798E+03    1.21836E+03    2.99760E+03
 1.00000E+00    2.25543E+03    1.34640E+03    3.16446E+03
 1.10000E+00    2.37261E+03    1.41635E+03    3.32887E+03
 1.20000E+00    2.47951E+03    1.54967E+03    3.40935E+03
 1.30000E+00    2.57880E+03    1.61173E+03    3.54587E+03
 1.40000E+00    2.66616E+03    1.66633E+03    3.66599E+03
 1.50000E+00    2.74795E+03    1.83282E+03    3.66308E+03
 1.60000E+00    2.81939E+03    1.88047E+03    3.75831E+03
 1.70000E+00    2.88353E+03    1.92325E+03    3.84381E+03
 1.80000E+00    2.93900E+03    1.96025E+03    3.91775E+03
 1.90000E+00    2.98561E+03    1.99134E+03    3.97988E+03
 2.00000E+00    3.02506E+03    2.25663E+03    3.79349E+03
 2.10000E+00    3.05559E+03    2.27940E+03    3.83178E+03
 2.20000E+00    3.08036E+03    2.29788E+03    3.86284E+03
 2.40000E+00    3.11344E+03    2.32256E+03    3.90432E+03
 2.60000E+00    3.12901E+03    2.56882E+03    3.68920E+03
 2.80000E+00    3.13457E+03    2.57339E+03    3.69575E+03
 3.00000E+00    3.13105E+03    2.74580E+03    3.51630E+03
 3.50000E+00    3.10922E+03    2.81537E+03    3.40307E+03
 4.00000E+00    3.07868E+03    2.83910E+03    3.31826E+03
 4.50000E+00    3.02414E+03    2.78880E+03    3.25948E+03
 5.00000E+00    2.99655E+03    2.76069E+03    3.23241E+03
 5.50000E+00    2.94230E+03    2.71071E+03    3.17389E+03
 6.00000E+00    2.60322E+03    2.39858E+03    2.80786E+03
 6.50000E+00    1.97074E+03    1.81582E+03    2.12566E+03
 7.00000E+00    1.43856E+03    1.29696E+03    1.58016E+03
 7.50000E+00    1.04570E+03    9.42768E+02    1.14863E+03
 8.00000E+00    7.84999E+02    6.68013E+02    9.01985E+02
 8.50000E+00    6.10318E+02    5.19364E+02    7.01272E+02
 9.00000E+00    4.97309E+02    4.07788E+02    5.86830E+02
 9.50000E+00    4.19772E+02    3.44208E+02    4.95336E+02
 1.00000E+01    3.66135E+02    2.95459E+02    4.36811E+02
 1.05000E+01    3.31805E+02    2.67756E+02    3.95854E+02
 1.10000E+01    2.99252E+02    2.41487E+02    3.57017E+02
 1.15000E+01    2.78332E+02    2.24605E+02    3.32059E+02
 1.20000E+01    2.60973E+02    2.07466E+02    3.14480E+02
 1.25000E+01    2.46166E+02    1.95695E+02    2.96637E+02
 1.30000E+01    2.33184E+02    1.85375E+02    2.80993E+02
 1.35000E+01    2.25330E+02    1.79131E+02    2.71529E+02
 1.40000E+01    2.14155E+02    1.69821E+02    2.58489E+02
 1.45000E+01    2.07252E+02    1.64347E+02    2.50157E+02
 1.50000E+01    2.00585E+02    1.59462E+02    2.41708E+02
 1.55000E+01    1.90283E+02    1.51272E+02    2.29294E+02
 1.60000E+01    1.83959E+02    1.46793E+02    2.21125E+02
 1.65000E+01    1.77647E+02    1.41756E+02    2.13538E+02
 1.70000E+01    1.71466E+02    1.36824E+02    2.06108E+02
 1.75000E+01    1.65384E+02    1.31971E+02    1.98797E+02
 1.80000E+01    1.59255E+02    1.28040E+02    1.90470E+02
 1.85000E+01    1.53250E+02    1.23212E+02    1.83288E+02
 1.90000E+01    1.51295E+02    1.21641E+02    1.80949E+02
 1.95000E+01    1.45348E+02    1.16859E+02    1.73837E+02
 2.00000E+01    1.39500E+02    1.12157E+02    1.66843E+02
