# n + Ac228 : (n,p)     
# eaf.2010   Manhattan project, site A         EVAL-JUN10
# uncertainties: n
# # energies =   962
#   E(MeV)       xs(mb) 
 1.00000E-11    2.56785E-18
 2.00000E-11    2.56785E-18
 4.00000E-11    2.56785E-18
 8.00000E-11    2.56785E-18
 1.60000E-10    2.56785E-18
 3.20000E-10    2.56785E-18
 6.40000E-10    2.56785E-18
 1.28000E-09    2.56785E-18
 2.56000E-09    2.56785E-18
 5.12000E-09    2.56785E-18
 1.02400E-08    2.56785E-18
 2.04800E-08    2.56785E-18
 2.53000E-08    2.56785E-18
 3.67980E-08    2.56785E-18
 7.35960E-08    2.56785E-18
 1.47192E-07    2.56785E-18
 1.83990E-07    2.56785E-18
 3.67980E-07    2.56785E-18
 7.35960E-07    2.56785E-18
 1.00000E-06    2.56785E-18
 2.00000E-06    2.56785E-18
 4.00000E-06    2.56785E-18
 8.00000E-06    2.56785E-18
 1.60000E-05    2.56785E-18
 3.20000E-05    2.56785E-18
 6.40000E-05    2.56785E-18
 1.28000E-04    2.56785E-18
 2.56000E-04    2.56785E-18
 5.12000E-04    2.56785E-18
 1.00000E-03    2.56785E-18
 2.00000E-03    2.56785E-18
 4.00000E-03    2.56785E-18
 5.00000E-03    2.56785E-18
 1.00000E-02    2.56785E-18
 2.00000E-02    2.56785E-18
 4.00000E-02    2.56785E-18
 5.00000E-02    2.56785E-18
 1.00000E-01    2.56785E-18
 2.00000E-01    2.56785E-18
 3.00000E-01    2.56785E-18
 4.00000E-01    2.56785E-18
 5.00000E-01    2.56785E-18
 6.00000E-01    2.56785E-18
 7.00000E-01    2.56785E-18
 8.00000E-01    3.10263E-18
 9.00000E-01    1.93612E-17
 1.00000E+00    1.02956E-16
 1.20000E+00    1.88609E-15
 1.40000E+00    2.65986E-14
 1.60000E+00    7.84604E-13
 1.80000E+00    4.69036E-12
 2.00000E+00    2.30247E-11
 2.20000E+00    9.98387E-11
 2.40000E+00    3.98612E-10
 2.60000E+00    1.48725E-09
 2.80000E+00    5.18700E-09
 3.00000E+00    1.68506E-08
 3.20000E+00    5.08688E-08
 3.29848E+00    8.53234E-08
 3.32358E+00    9.71007E-08
 3.32830E+00    9.94836E-08
 3.33274E+00    1.01771E-07
 3.33690E+00    1.03962E-07
 3.34081E+00    1.06060E-07
 3.34448E+00    1.08065E-07
 3.34792E+00    1.09979E-07
 3.35116E+00    1.11804E-07
 3.35419E+00    1.13543E-07
 3.35988E+00    1.16876E-07
 3.36487E+00    1.19873E-07
 3.36924E+00    1.22558E-07
 3.37307E+00    1.24957E-07
 3.37642E+00    1.27094E-07
 3.37936E+00    1.28994E-07
 3.38451E+00    1.32388E-07
 3.38838E+00    1.34992E-07
 3.39128E+00    1.36978E-07
 3.39564E+00    1.40013E-07
 3.40000E+00    1.43115E-07
 3.40608E+00    1.46292E-07
 3.41198E+00    1.49437E-07
 3.41770E+00    1.52549E-07
 3.42326E+00    1.55624E-07
 3.42865E+00    1.58663E-07
 3.43388E+00    1.61664E-07
 3.43895E+00    1.64625E-07
 3.44387E+00    1.67545E-07
 3.44865E+00    1.70423E-07
 3.45328E+00    1.73258E-07
 3.45777E+00    1.76050E-07
 3.46213E+00    1.78797E-07
 3.46636E+00    1.81499E-07
 3.47456E+00    1.86852E-07
 3.48227E+00    1.92013E-07
 3.48952E+00    1.96981E-07
 3.49632E+00    2.01756E-07
 3.50271E+00    2.06337E-07
 3.50872E+00    2.10726E-07
 3.51435E+00    2.14925E-07
 3.51965E+00    2.18938E-07
 3.52461E+00    2.22768E-07
 3.52928E+00    2.26420E-07
 3.53366E+00    2.29898E-07
 3.54188E+00    2.36563E-07
 3.54910E+00    2.42554E-07
 3.55542E+00    2.47920E-07
 3.56096E+00    2.52713E-07
 3.56582E+00    2.56982E-07
 3.57433E+00    2.64628E-07
 3.58073E+00    2.70511E-07
 3.58554E+00    2.75010E-07
 3.59276E+00    2.81898E-07
 3.60000E+00    2.88958E-07
 3.61219E+00    2.97210E-07
 3.62365E+00    3.05161E-07
 3.63443E+00    3.12807E-07
 3.64456E+00    3.20150E-07
 3.65409E+00    3.27190E-07
 3.66304E+00    3.33931E-07
 3.67145E+00    3.40376E-07
 3.67936E+00    3.46532E-07
 3.68678E+00    3.52404E-07
 3.69376E+00    3.57999E-07
 3.70688E+00    3.68731E-07
 3.71839E+00    3.78385E-07
 3.72849E+00    3.87039E-07
 3.73736E+00    3.94774E-07
 3.74513E+00    4.01668E-07
 3.75195E+00    4.07799E-07
 3.76390E+00    4.18755E-07
 3.77290E+00    4.27165E-07
 3.78642E+00    4.40097E-07
 3.80000E+00    4.53421E-07
 3.80305E+00    4.62004E-07
 3.80605E+00    4.70612E-07
 3.80901E+00    4.79241E-07
 3.81192E+00    4.87891E-07
 3.81479E+00    4.96557E-07
 3.81762E+00    5.05239E-07
 3.82040E+00    5.13933E-07
 3.82314E+00    5.22638E-07
 3.82585E+00    5.31350E-07
 3.82851E+00    5.40069E-07
 3.83113E+00    5.48790E-07
 3.83371E+00    5.57513E-07
 3.83626E+00    5.66235E-07
 3.83876E+00    5.74954E-07
 3.84123E+00    5.83668E-07
 3.84366E+00    5.92375E-07
 3.84606E+00    6.01072E-07
 3.85078E+00    6.18570E-07
 3.85536E+00    6.36007E-07
 3.85980E+00    6.53368E-07
 3.86410E+00    6.70638E-07
 3.86828E+00    6.87803E-07
 3.87233E+00    7.04851E-07
 3.87626E+00    7.21769E-07
 3.88006E+00    7.38546E-07
 3.88376E+00    7.55170E-07
 3.88734E+00    7.71631E-07
 3.89081E+00    7.87920E-07
 3.89418E+00    8.04027E-07
 3.89744E+00    8.19946E-07
 3.90061E+00    8.35667E-07
 3.90367E+00    8.51184E-07
 3.90665E+00    8.66491E-07
 3.90953E+00    8.81583E-07
 3.91233E+00    8.96453E-07
 3.91504E+00    9.11098E-07
 3.91767E+00    9.25513E-07
 3.92021E+00    9.39695E-07
 3.92268E+00    9.53641E-07
 3.92747E+00    9.81254E-07
 3.93197E+00    1.00787E-06
 3.93618E+00    1.03347E-06
 3.94014E+00    1.05806E-06
 3.94386E+00    1.08165E-06
 3.94734E+00    1.10425E-06
 3.95061E+00    1.12585E-06
 3.95368E+00    1.14649E-06
 3.95656E+00    1.16619E-06
 3.95926E+00    1.18496E-06
 3.96180E+00    1.20283E-06
 3.96655E+00    1.23707E-06
 3.97072E+00    1.26783E-06
 3.97437E+00    1.29537E-06
 3.97756E+00    1.31996E-06
 3.98036E+00    1.34186E-06
 3.98526E+00    1.38106E-06
 3.98894E+00    1.41120E-06
 3.99170E+00    1.43424E-06
 3.99585E+00    1.46951E-06
 4.00000E+00    1.50565E-06
 4.01222E+00    1.54007E-06
 4.02370E+00    1.57306E-06
 4.03450E+00    1.60462E-06
 4.04465E+00    1.63478E-06
 4.05419E+00    1.66358E-06
 4.06315E+00    1.69103E-06
 4.07157E+00    1.71718E-06
 4.08741E+00    1.76731E-06
 4.10132E+00    1.81237E-06
 4.11352E+00    1.85274E-06
 4.12424E+00    1.88880E-06
 4.13363E+00    1.92093E-06
 4.15012E+00    1.97847E-06
 4.16254E+00    2.02276E-06
 4.17187E+00    2.05662E-06
 4.18591E+00    2.10848E-06
 4.20000E+00    2.16165E-06
 4.20611E+00    2.22484E-06
 4.21204E+00    2.28781E-06
 4.21779E+00    2.35052E-06
 4.22337E+00    2.41290E-06
 4.22878E+00    2.47491E-06
 4.23403E+00    2.53651E-06
 4.23912E+00    2.59764E-06
 4.24405E+00    2.65826E-06
 4.24884E+00    2.71834E-06
 4.25349E+00    2.77784E-06
 4.25799E+00    2.83672E-06
 4.26236E+00    2.89494E-06
 4.26659E+00    2.95249E-06
 4.27070E+00    3.00933E-06
 4.27468E+00    3.06544E-06
 4.27854E+00    3.12079E-06
 4.28229E+00    3.17537E-06
 4.28592E+00    3.22915E-06
 4.28944E+00    3.28211E-06
 4.29285E+00    3.33425E-06
 4.29616E+00    3.38555E-06
 4.29937E+00    3.43600E-06
 4.30559E+00    3.53590E-06
 4.31143E+00    3.63219E-06
 4.31691E+00    3.72484E-06
 4.32206E+00    3.81384E-06
 4.32689E+00    3.89922E-06
 4.33142E+00    3.98099E-06
 4.33568E+00    4.05920E-06
 4.33967E+00    4.13393E-06
 4.34342E+00    4.20523E-06
 4.34693E+00    4.27320E-06
 4.35023E+00    4.33791E-06
 4.35642E+00    4.46190E-06
 4.36184E+00    4.57329E-06
 4.36660E+00    4.67304E-06
 4.37076E+00    4.76210E-06
 4.37440E+00    4.84143E-06
 4.38079E+00    4.98343E-06
 4.38558E+00    5.09266E-06
 4.38918E+00    5.17615E-06
 4.39459E+00    5.30396E-06
 4.40000E+00    5.43493E-06
 4.40612E+00    5.58929E-06
 4.41205E+00    5.74301E-06
 4.41781E+00    5.89595E-06
 4.42339E+00    6.04800E-06
 4.42880E+00    6.19904E-06
 4.43406E+00    6.34895E-06
 4.43915E+00    6.49763E-06
 4.44409E+00    6.64499E-06
 4.44888E+00    6.79092E-06
 4.45353E+00    6.93535E-06
 4.45803E+00    7.07820E-06
 4.46240E+00    7.21939E-06
 4.46664E+00    7.35885E-06
 4.47075E+00    7.49652E-06
 4.47473E+00    7.63235E-06
 4.47859E+00    7.76627E-06
 4.48234E+00    7.89826E-06
 4.48597E+00    8.02825E-06
 4.48949E+00    8.15623E-06
 4.49290E+00    8.28215E-06
 4.49621E+00    8.40599E-06
 4.50263E+00    8.65121E-06
 4.50865E+00    8.88761E-06
 4.51431E+00    9.11510E-06
 4.51962E+00    9.33365E-06
 4.52460E+00    9.54330E-06
 4.52928E+00    9.74412E-06
 4.53367E+00    9.93623E-06
 4.53778E+00    1.01198E-05
 4.54165E+00    1.02949E-05
 4.54527E+00    1.04619E-05
 4.54867E+00    1.06208E-05
 4.55506E+00    1.09254E-05
 4.56065E+00    1.11992E-05
 4.56555E+00    1.14443E-05
 4.56984E+00    1.16631E-05
 4.57360E+00    1.18580E-05
 4.58019E+00    1.22071E-05
 4.58513E+00    1.24756E-05
 4.58884E+00    1.26808E-05
 4.59442E+00    1.29950E-05
 4.60000E+00    1.33169E-05
 4.61225E+00    1.36226E-05
 4.62377E+00    1.39156E-05
 4.63459E+00    1.41960E-05
 4.64476E+00    1.44639E-05
 4.65431E+00    1.47197E-05
 4.66329E+00    1.49637E-05
 4.67172E+00    1.51960E-05
 4.68756E+00    1.56415E-05
 4.70147E+00    1.60419E-05
 4.71368E+00    1.64007E-05
 4.72438E+00    1.67213E-05
 4.73377E+00    1.70069E-05
 4.75024E+00    1.75185E-05
 4.76263E+00    1.79122E-05
 4.77195E+00    1.82134E-05
 4.78595E+00    1.86745E-05
 4.80000E+00    1.91474E-05
 4.80613E+00    1.96475E-05
 4.81207E+00    2.01443E-05
 4.81783E+00    2.06376E-05
 4.82343E+00    2.11270E-05
 4.82885E+00    2.16122E-05
 4.83411E+00    2.20929E-05
 4.83921E+00    2.25687E-05
 4.84415E+00    2.30394E-05
 4.84895E+00    2.35048E-05
 4.85360E+00    2.39645E-05
 4.85811E+00    2.44185E-05
 4.86248E+00    2.48665E-05
 4.86672E+00    2.53084E-05
 4.87083E+00    2.57439E-05
 4.87482E+00    2.61730E-05
 4.87868E+00    2.65954E-05
 4.88243E+00    2.70112E-05
 4.88606E+00    2.74202E-05
 4.88958E+00    2.78223E-05
 4.89641E+00    2.86182E-05
 4.90282E+00    2.93850E-05
 4.90884E+00    3.01226E-05
 4.91449E+00    3.08308E-05
 4.91979E+00    3.15099E-05
 4.92476E+00    3.21602E-05
 4.92943E+00    3.27820E-05
 4.93381E+00    3.33758E-05
 4.93792E+00    3.39423E-05
 4.94178E+00    3.44821E-05
 4.94540E+00    3.49960E-05
 4.95219E+00    3.59803E-05
 4.95814E+00    3.68641E-05
 4.96336E+00    3.76553E-05
 4.96792E+00    3.83616E-05
 4.97192E+00    3.89904E-05
 4.97893E+00    4.01157E-05
 4.98419E+00    4.09809E-05
 4.98813E+00    4.16420E-05
 4.99406E+00    4.26538E-05
 5.00000E+00    4.36902E-05
 5.01227E+00    4.46602E-05
 5.02380E+00    4.55892E-05
 5.03464E+00    4.64777E-05
 5.04482E+00    4.73263E-05
 5.05438E+00    4.81360E-05
 5.06336E+00    4.89077E-05
 5.08024E+00    5.03880E-05
 5.09506E+00    5.17200E-05
 5.10806E+00    5.29144E-05
 5.11946E+00    5.39821E-05
 5.12946E+00    5.49339E-05
 5.13823E+00    5.57806E-05
 5.15360E+00    5.72937E-05
 5.16516E+00    5.84554E-05
 5.17385E+00    5.93422E-05
 5.18691E+00    6.06976E-05
 5.20000E+00    6.20839E-05
 5.20614E+00    6.33203E-05
 5.21209E+00    6.45415E-05
 5.21786E+00    6.57469E-05
 5.22346E+00    6.69362E-05
 5.22889E+00    6.81088E-05
 5.23415E+00    6.92644E-05
 5.23926E+00    7.04025E-05
 5.24421E+00    7.15229E-05
 5.24901E+00    7.26253E-05
 5.25366E+00    7.37095E-05
 5.26269E+00    7.58562E-05
 5.27117E+00    7.79256E-05
 5.27913E+00    7.99169E-05
 5.28660E+00    8.18299E-05
 5.29362E+00    8.36649E-05
 5.30021E+00    8.54226E-05
 5.30639E+00    8.71039E-05
 5.31219E+00    8.87103E-05
 5.31764E+00    9.02431E-05
 5.32275E+00    9.17041E-05
 5.32754E+00    9.30953E-05
 5.33655E+00    9.57610E-05
 5.34444E+00    9.81560E-05
 5.35135E+00    1.00301E-04
 5.35741E+00    1.02216E-04
 5.36271E+00    1.03921E-04
 5.37201E+00    1.06975E-04
 5.37900E+00    1.09324E-04
 5.38424E+00    1.11119E-04
 5.39211E+00    1.13868E-04
 5.40000E+00    1.16685E-04
 5.40614E+00    1.19128E-04
 5.41210E+00    1.21543E-04
 5.41787E+00    1.23929E-04
 5.42347E+00    1.26286E-04
 5.42890E+00    1.28612E-04
 5.43417E+00    1.30906E-04
 5.43928E+00    1.33167E-04
 5.44423E+00    1.35394E-04
 5.44903E+00    1.37588E-04
 5.45369E+00    1.39747E-04
 5.45820E+00    1.41871E-04
 5.46258E+00    1.43959E-04
 5.47107E+00    1.48093E-04
 5.47904E+00    1.52076E-04
 5.48652E+00    1.55908E-04
 5.49354E+00    1.59588E-04
 5.50014E+00    1.63116E-04
 5.50633E+00    1.66495E-04
 5.51214E+00    1.69726E-04
 5.51759E+00    1.72813E-04
 5.52270E+00    1.75757E-04
 5.52750E+00    1.78563E-04
 5.53200E+00    1.81234E-04
 5.54046E+00    1.86350E-04
 5.54787E+00    1.90945E-04
 5.55436E+00    1.95059E-04
 5.56004E+00    1.98731E-04
 5.56502E+00    2.02001E-04
 5.57374E+00    2.07853E-04
 5.58030E+00    2.12353E-04
 5.58522E+00    2.15792E-04
 5.59260E+00    2.21055E-04
 5.60000E+00    2.26446E-04
 5.61230E+00    2.30734E-04
 5.62385E+00    2.34828E-04
 5.63470E+00    2.38731E-04
 5.64489E+00    2.42450E-04
 5.66405E+00    2.49579E-04
 5.68087E+00    2.55989E-04
 5.69562E+00    2.61733E-04
 5.70857E+00    2.66864E-04
 5.71992E+00    2.71436E-04
 5.73983E+00    2.79627E-04
 5.75482E+00    2.85932E-04
 5.76608E+00    2.90754E-04
 5.78301E+00    2.98139E-04
 5.80000E+00    3.05713E-04
 5.80615E+00    3.11188E-04
 5.81211E+00    3.16586E-04
 5.81789E+00    3.21904E-04
 5.82350E+00    3.27141E-04
 5.82893E+00    3.32296E-04
 5.83421E+00    3.37367E-04
 5.83932E+00    3.42354E-04
 5.84923E+00    3.52226E-04
 5.85854E+00    3.61739E-04
 5.86729E+00    3.70891E-04
 5.87549E+00    3.79681E-04
 5.88320E+00    3.88111E-04
 5.89043E+00    3.96185E-04
 5.89722E+00    4.03905E-04
 5.90359E+00    4.11280E-04
 5.90957E+00    4.18317E-04
 5.91518E+00    4.25022E-04
 5.92045E+00    4.31407E-04
 5.93034E+00    4.43637E-04
 5.93900E+00    4.54622E-04
 5.94659E+00    4.64457E-04
 5.95324E+00    4.73237E-04
 5.95907E+00    4.81056E-04
 5.96927E+00    4.95051E-04
 5.97694E+00    5.05814E-04
 5.98270E+00    5.14039E-04
 5.99134E+00    5.26628E-04
 6.00000E+00    5.39526E-04
 6.01231E+00    5.50005E-04
 6.02387E+00    5.60015E-04
 6.03473E+00    5.69564E-04
 6.04493E+00    5.78664E-04
 6.06410E+00    5.96121E-04
 6.08092E+00    6.11827E-04
 6.09568E+00    6.25909E-04
 6.10862E+00    6.38496E-04
 6.11997E+00    6.49717E-04
 6.12992E+00    6.59697E-04
 6.14737E+00    6.77533E-04
 6.16048E+00    6.91226E-04
 6.17034E+00    7.01677E-04
 6.18515E+00    7.17650E-04
 6.20000E+00    7.33986E-04
 6.20615E+00    7.44986E-04
 6.21810E+00    7.66768E-04
 6.22931E+00    7.87767E-04
 6.23984E+00    8.07976E-04
 6.24974E+00    8.27393E-04
 6.25902E+00    8.46019E-04
 6.26774E+00    8.63862E-04
 6.27593E+00    8.80931E-04
 6.28361E+00    8.97239E-04
 6.29082E+00    9.12803E-04
 6.29759E+00    9.27639E-04
 6.30394E+00    9.41766E-04
 6.31587E+00    9.68838E-04
 6.32633E+00    9.93163E-04
 6.33549E+00    1.01495E-03
 6.34352E+00    1.03440E-03
 6.35055E+00    1.05173E-03
 6.36288E+00    1.08275E-03
 6.37214E+00    1.10662E-03
 6.37909E+00    1.12487E-03
 6.38954E+00    1.15280E-03
 6.40000E+00    1.18143E-03
 6.41232E+00    1.20309E-03
 6.42389E+00    1.22377E-03
 6.43476E+00    1.24347E-03
 6.44497E+00    1.26223E-03
 6.46414E+00    1.29818E-03
 6.48097E+00    1.33047E-03
 6.49573E+00    1.35938E-03
 6.50868E+00    1.38519E-03
 6.52002E+00    1.40818E-03
 6.53992E+00    1.44933E-03
 6.55489E+00    1.48098E-03
 6.56614E+00    1.50517E-03
 6.58305E+00    1.54220E-03
 6.60000E+00    1.58014E-03
 6.61233E+00    1.62593E-03
 6.62390E+00    1.67006E-03
 6.63477E+00    1.71253E-03
 6.64498E+00    1.75331E-03
 6.65457E+00    1.79244E-03
 6.66356E+00    1.82991E-03
 6.67201E+00    1.86574E-03
 6.67994E+00    1.89998E-03
 6.68738E+00    1.93264E-03
 6.69436E+00    1.96378E-03
 6.70092E+00    1.99342E-03
 6.71322E+00    2.05021E-03
 6.72401E+00    2.10123E-03
 6.73346E+00    2.14692E-03
 6.74174E+00    2.18770E-03
 6.74900E+00    2.22402E-03
 6.76171E+00    2.28905E-03
 6.77126E+00    2.33906E-03
 6.77844E+00    2.37728E-03
 6.78921E+00    2.43579E-03
 6.80000E+00    2.49574E-03
 6.81233E+00    2.56085E-03
 6.82391E+00    2.62344E-03
 6.83479E+00    2.68350E-03
 6.84500E+00    2.74105E-03
 6.85458E+00    2.79613E-03
 6.86358E+00    2.84877E-03
 6.87203E+00    2.89902E-03
 6.87996E+00    2.94693E-03
 6.88740E+00    2.99257E-03
 6.90138E+00    3.08005E-03
 6.91363E+00    3.15870E-03
 6.92437E+00    3.22915E-03
 6.93378E+00    3.29209E-03
 6.94202E+00    3.34817E-03
 6.94924E+00    3.39802E-03
 6.96190E+00    3.48706E-03
 6.97140E+00    3.55536E-03
 6.98569E+00    3.66033E-03
 7.00000E+00    3.76840E-03
 7.01234E+00    3.82881E-03
 7.03552E+00    3.94472E-03
 7.05588E+00    4.04901E-03
 7.07373E+00    4.14253E-03
 7.08939E+00    4.22612E-03
 7.10313E+00    4.30065E-03
 7.11516E+00    4.36694E-03
 7.13628E+00    4.48541E-03
 7.15216E+00    4.57637E-03
 7.16409E+00    4.64580E-03
 7.18202E+00    4.75193E-03
 7.20000E+00    4.86048E-03
 7.21234E+00    4.97455E-03
 7.22393E+00    5.08392E-03
 7.23481E+00    5.18864E-03
 7.24502E+00    5.28877E-03
 7.25461E+00    5.38439E-03
 7.26362E+00    5.47561E-03
 7.27207E+00    5.56254E-03
 7.28000E+00    5.64528E-03
 7.29489E+00    5.80375E-03
 7.30795E+00    5.94606E-03
 7.31939E+00    6.07344E-03
 7.32942E+00    6.18713E-03
 7.33820E+00    6.28836E-03
 7.35360E+00    6.46951E-03
 7.36518E+00    6.60879E-03
 7.37387E+00    6.71521E-03
 7.38692E+00    6.87806E-03
 7.40000E+00    7.04487E-03
 7.42471E+00    7.23579E-03
 7.44640E+00    7.40709E-03
 7.46543E+00    7.56030E-03
 7.48212E+00    7.69696E-03
 7.49675E+00    7.81856E-03
 7.52243E+00    8.03600E-03
 7.54175E+00    8.20303E-03
 7.55627E+00    8.33059E-03
 7.57810E+00    8.52564E-03
 7.60000E+00    8.72527E-03
 7.61235E+00    8.89778E-03
 7.62394E+00    9.06261E-03
 7.63483E+00    9.21991E-03
 7.64505E+00    9.36986E-03
 7.65464E+00    9.51265E-03
 7.67266E+00    9.78627E-03
 7.68847E+00    1.00321E-02
 7.70232E+00    1.02523E-02
 7.71446E+00    1.04490E-02
 7.72510E+00    1.06241E-02
 7.74376E+00    1.09377E-02
 7.75778E+00    1.11790E-02
 7.76831E+00    1.13634E-02
 7.78414E+00    1.16458E-02
 7.80000E+00    1.19351E-02
 7.81235E+00    1.22004E-02
 7.82395E+00    1.24544E-02
 7.83484E+00    1.26974E-02
 7.84506E+00    1.29294E-02
 7.85466E+00    1.31508E-02
 7.86366E+00    1.33618E-02
 7.87212E+00    1.35628E-02
 7.88799E+00    1.39476E-02
 7.90190E+00    1.42933E-02
 7.91410E+00    1.46028E-02
 7.92479E+00    1.48792E-02
 7.93415E+00    1.51252E-02
 7.95056E+00    1.55657E-02
 7.96289E+00    1.59044E-02
 7.97215E+00    1.61633E-02
 7.98606E+00    1.65596E-02
 8.00000E+00    1.69655E-02
 8.01517E+00    1.72969E-02
 8.02989E+00    1.76241E-02
 8.04418E+00    1.79469E-02
 8.05805E+00    1.82653E-02
 8.07151E+00    1.85792E-02
 8.08457E+00    1.88884E-02
 8.09723E+00    1.91928E-02
 8.10953E+00    1.94924E-02
 8.12145E+00    1.97871E-02
 8.14461E+00    2.03708E-02
 8.16638E+00    2.09336E-02
 8.18684E+00    2.14754E-02
 8.20607E+00    2.19961E-02
 8.22414E+00    2.24956E-02
 8.24112E+00    2.29743E-02
 8.25706E+00    2.34323E-02
 8.27204E+00    2.38699E-02
 8.28611E+00    2.42876E-02
 8.29932E+00    2.46858E-02
 8.31172E+00    2.50651E-02
 8.33503E+00    2.57920E-02
 8.35547E+00    2.64453E-02
 8.37340E+00    2.70306E-02
 8.38912E+00    2.75532E-02
 8.40290E+00    2.80189E-02
 8.42707E+00    2.88527E-02
 8.44525E+00    2.94944E-02
 8.45890E+00    2.99850E-02
 8.47943E+00    3.07362E-02
 8.50000E+00    3.15062E-02
 8.51520E+00    3.20499E-02
 8.52994E+00    3.25855E-02
 8.54425E+00    3.31129E-02
 8.55814E+00    3.36320E-02
 8.57162E+00    3.41426E-02
 8.59778E+00    3.51541E-02
 8.62239E+00    3.61295E-02
 8.64552E+00    3.70685E-02
 8.66726E+00    3.79710E-02
 8.68769E+00    3.88371E-02
 8.70689E+00    3.96670E-02
 8.72492E+00    4.04610E-02
 8.74187E+00    4.12199E-02
 8.75778E+00    4.19443E-02
 8.77273E+00    4.26349E-02
 8.78676E+00    4.32928E-02
 8.81314E+00    4.45537E-02
 8.83628E+00    4.56870E-02
 8.85658E+00    4.67023E-02
 8.87438E+00    4.76092E-02
 8.88999E+00    4.84172E-02
 8.91737E+00    4.98643E-02
 8.93795E+00    5.09779E-02
 8.95342E+00    5.18294E-02
 8.97668E+00    5.31334E-02
 9.00000E+00    5.44702E-02
 9.01522E+00    5.53062E-02
 9.04478E+00    5.69625E-02
 9.07258E+00    5.85604E-02
 9.09872E+00    6.00991E-02
 9.12330E+00    6.15782E-02
 9.14640E+00    6.29980E-02
 9.16811E+00    6.43588E-02
 9.18851E+00    6.56612E-02
 9.20767E+00    6.69061E-02
 9.22568E+00    6.80947E-02
 9.24259E+00    6.92281E-02
 9.25847E+00    7.03079E-02
 9.28832E+00    7.23779E-02
 9.31452E+00    7.42392E-02
 9.33751E+00    7.59070E-02
 9.35767E+00    7.73971E-02
 9.37534E+00    7.87249E-02
 9.40635E+00    8.11035E-02
 9.42968E+00    8.29345E-02
 9.44721E+00    8.43349E-02
 9.47357E+00    8.64799E-02
 9.50000E+00    8.86794E-02
 9.53050E+00    9.11303E-02
 9.55919E+00    9.34895E-02
 9.58616E+00    9.57567E-02
 9.61152E+00    9.79321E-02
 9.63535E+00    1.00016E-01
 9.65775E+00    1.02011E-01
 9.67879E+00    1.03916E-01
 9.69856E+00    1.05735E-01
 9.71713E+00    1.07470E-01
 9.73457E+00    1.09121E-01
 9.76736E+00    1.12287E-01
 9.79614E+00    1.15132E-01
 9.82140E+00    1.17680E-01
 9.84355E+00    1.19956E-01
 9.86297E+00    1.21984E-01
 9.89705E+00    1.25615E-01
 9.92269E+00    1.28410E-01
 9.94196E+00    1.30546E-01
 9.97094E+00    1.33818E-01
 1.00000E+01    1.37171E-01
 1.00305E+01    1.40570E-01
 1.00593E+01    1.43833E-01
 1.00863E+01    1.46961E-01
 1.01116E+01    1.49955E-01
 1.01355E+01    1.52817E-01
 1.01579E+01    1.55550E-01
 1.01789E+01    1.58157E-01
 1.01987E+01    1.60640E-01
 1.02359E+01    1.65402E-01
 1.02685E+01    1.69684E-01
 1.02972E+01    1.73522E-01
 1.03223E+01    1.76951E-01
 1.03444E+01    1.80008E-01
 1.03831E+01    1.85483E-01
 1.04122E+01    1.89699E-01
 1.04341E+01    1.92924E-01
 1.04670E+01    1.97864E-01
 1.05000E+01    2.02930E-01
 1.05306E+01    2.07262E-01
 1.05593E+01    2.11407E-01
 1.05863E+01    2.15369E-01
 1.06117E+01    2.19150E-01
 1.06356E+01    2.22755E-01
 1.06580E+01    2.26189E-01
 1.07002E+01    2.32770E-01
 1.07372E+01    2.38686E-01
 1.07697E+01    2.43985E-01
 1.07982E+01    2.48719E-01
 1.08232E+01    2.52935E-01
 1.08672E+01    2.60488E-01
 1.09002E+01    2.66300E-01
 1.09251E+01    2.70744E-01
 1.09625E+01    2.77549E-01
 1.10000E+01    2.84525E-01
 1.10306E+01    2.90221E-01
 1.10594E+01    2.95663E-01
 1.10864E+01    3.00859E-01
 1.11118E+01    3.05812E-01
 1.11357E+01    3.10530E-01
 1.11806E+01    3.19573E-01
 1.12200E+01    3.27701E-01
 1.12546E+01    3.34983E-01
 1.12850E+01    3.41487E-01
 1.13117E+01    3.47282E-01
 1.13585E+01    3.57660E-01
 1.13937E+01    3.65647E-01
 1.14202E+01    3.71754E-01
 1.14600E+01    3.81106E-01
 1.15000E+01    3.90693E-01
 1.15306E+01    3.97664E-01
 1.15594E+01    4.04312E-01
 1.15865E+01    4.10645E-01
 1.16374E+01    4.22788E-01
 1.16821E+01    4.33708E-01
 1.17214E+01    4.43494E-01
 1.17558E+01    4.52237E-01
 1.17861E+01    4.60029E-01
 1.18392E+01    4.73990E-01
 1.18792E+01    4.84737E-01
 1.19093E+01    4.92957E-01
 1.19546E+01    5.05550E-01
 1.20000E+01    5.18464E-01
 1.20307E+01    5.26678E-01
 1.20883E+01    5.42432E-01
 1.21391E+01    5.56602E-01
 1.21836E+01    5.69304E-01
 1.22227E+01    5.80657E-01
 1.22570E+01    5.90775E-01
 1.23173E+01    6.08909E-01
 1.23627E+01    6.22874E-01
 1.23969E+01    6.33557E-01
 1.24483E+01    6.49926E-01
 1.25000E+01    6.66719E-01
 1.25614E+01    6.85584E-01
 1.26154E+01    7.02527E-01
 1.26629E+01    7.17696E-01
 1.27045E+01    7.31238E-01
 1.27411E+01    7.43296E-01
 1.28053E+01    7.64878E-01
 1.28537E+01    7.81475E-01
 1.28901E+01    7.94158E-01
 1.29450E+01    8.13570E-01
 1.30000E+01    8.33457E-01
 1.30615E+01    8.54389E-01
 1.31155E+01    8.73136E-01
 1.31630E+01    8.89876E-01
 1.32046E+01    9.04787E-01
 1.32779E+01    9.31485E-01
 1.33330E+01    9.52024E-01
 1.33746E+01    9.67725E-01
 1.34371E+01    9.91763E-01
 1.35000E+01    1.01640E+00
 1.35615E+01    1.03917E+00
 1.36156E+01    1.05951E+00
 1.36630E+01    1.07763E+00
 1.37465E+01    1.11010E+00
 1.38094E+01    1.13509E+00
 1.38568E+01    1.15420E+00
 1.39282E+01    1.18347E+00
 1.40000E+01    1.21349E+00
 1.40615E+01    1.23791E+00
 1.41156E+01    1.25968E+00
 1.42107E+01    1.29870E+00
 1.42825E+01    1.32875E+00
 1.43366E+01    1.35175E+00
 1.44181E+01    1.38700E+00
 1.45000E+01    1.42316E+00
 1.45616E+01    1.44899E+00
 1.46700E+01    1.49533E+00
 1.47518E+01    1.53105E+00
 1.48135E+01    1.55840E+00
 1.49064E+01    1.60034E+00
 1.50000E+01    1.64341E+00
 1.51215E+01    1.69542E+00
 1.52286E+01    1.74228E+00
 1.53230E+01    1.78434E+00
 1.54060E+01    1.82198E+00
 1.54790E+01    1.85556E+00
 1.56077E+01    1.91583E+00
 1.57048E+01    1.96231E+00
 1.57781E+01    1.99791E+00
 1.58887E+01    2.05252E+00
 1.60000E+01    2.10862E+00
 1.61217E+01    2.17042E+00
 1.62290E+01    2.22598E+00
 1.63234E+01    2.27575E+00
 1.64065E+01    2.32022E+00
 1.64795E+01    2.35984E+00
 1.66081E+01    2.43082E+00
 1.67052E+01    2.48544E+00
 1.67784E+01    2.52722E+00
 1.68889E+01    2.59120E+00
 1.70000E+01    2.65680E+00
 1.71219E+01    2.71019E+00
 1.73373E+01    2.80623E+00
 1.75007E+01    2.88048E+00
 1.76242E+01    2.93746E+00
 1.78111E+01    3.02504E+00
 1.80000E+01    3.11524E+00
 1.82450E+01    3.21047E+00
 1.84309E+01    3.28380E+00
 1.87133E+01    3.39695E+00
 1.90000E+01    3.51400E+00
 1.94936E+01    3.66583E+00
 2.00000E+01    3.82422E+00
 2.10000E+01    3.97100E+00
 2.20000E+01    4.12289E+00
 2.30000E+01    4.22504E+00
 2.40000E+01    4.28089E+00
 2.50000E+01    4.25064E+00
 2.60000E+01    4.22463E+00
 2.64953E+01    4.17915E+00
 2.70000E+01    4.13416E+00
 2.80000E+01    4.09965E+00
 2.84956E+01    4.01871E+00
 2.90000E+01    3.93936E+00
 3.00000E+01    3.89086E+00
 3.04880E+01    3.82009E+00
 3.08591E+01    3.76786E+00
 3.11405E+01    3.72916E+00
 3.15673E+01    3.67186E+00
 3.20000E+01    3.61543E+00
 3.24887E+01    3.55450E+00
 3.28601E+01    3.50948E+00
 3.34252E+01    3.44301E+00
 3.40000E+01    3.37780E+00
 3.44893E+01    3.31347E+00
 3.48610E+01    3.26603E+00
 3.51423E+01    3.23089E+00
 3.55686E+01    3.17890E+00
 3.60000E+01    3.12774E+00
 3.64899E+01    3.06081E+00
 3.68617E+01    3.01156E+00
 3.71430E+01    2.97514E+00
 3.75691E+01    2.92133E+00
 3.80000E+01    2.86849E+00
 3.84904E+01    2.80893E+00
 3.88624E+01    2.76507E+00
 3.91437E+01    2.73263E+00
 3.95695E+01    2.68468E+00
 4.00000E+01    2.63757E+00
 4.04909E+01    2.58455E+00
 4.08630E+01    2.54548E+00
 4.11443E+01    2.51657E+00
 4.15700E+01    2.47382E+00
 4.20000E+01    2.43180E+00
 4.22449E+01    2.39696E+00
 4.24604E+01    2.36689E+00
 4.28402E+01    2.31516E+00
 4.31273E+01    2.27711E+00
 4.33438E+01    2.24899E+00
 4.36707E+01    2.20745E+00
 4.40000E+01    2.16667E+00
 4.44917E+01    2.14557E+00
 4.52396E+01    2.11430E+00
 4.60000E+01    2.08348E+00
 4.64920E+01    2.06281E+00
 4.72400E+01    2.03219E+00
 4.80000E+01    2.00202E+00
 4.82456E+01    1.96571E+00
 4.84615E+01    1.93448E+00
 4.86512E+01    1.90756E+00
 4.89849E+01    1.86134E+00
 4.92367E+01    1.82742E+00
 4.94265E+01    1.80238E+00
 4.97124E+01    1.76547E+00
 5.00000E+01    1.72931E+00
 5.04927E+01    1.70572E+00
 5.12408E+01    1.67093E+00
 5.20000E+01    1.63686E+00
 5.40000E+01    1.61875E+00
 5.44932E+01    1.60150E+00
 5.52415E+01    1.57597E+00
 5.60000E+01    1.55085E+00
 5.62462E+01    1.51929E+00
 5.64625E+01    1.49221E+00
 5.66524E+01    1.46891E+00
 5.68191E+01    1.44882E+00
 5.71121E+01    1.41432E+00
 5.73328E+01    1.38898E+00
 5.74989E+01    1.37028E+00
 5.77489E+01    1.34270E+00
 5.80000E+01    1.31567E+00
 5.84937E+01    1.29765E+00
 5.92420E+01    1.27109E+00
 6.00000E+01    1.24506E+00
