# n + Ac228 : (n,d)     
# eaf.2010   Manhattan project, site A         EVAL-JUN10
# uncertainties: n
# # energies =    55
#   E(MeV)       xs(mb) 
 3.36139E+00    0.00000E+00
 6.20000E+00    1.07255E-17
 6.40000E+00    9.36840E-17
 6.60000E+00    6.77926E-16
 6.80000E+00    4.14359E-15
 7.00000E+00    5.83007E-12
 7.20000E+00    3.20402E-11
 7.40000E+00    1.52125E-10
 7.60000E+00    5.53719E-10
 7.80000E+00    8.84066E-10
 8.00000E+00    1.11168E-08
 8.50000E+00    1.57131E-07
 9.00000E+00    1.48813E-06
 9.50000E+00    1.03747E-05
 1.00000E+01    5.64137E-05
 1.05000E+01    2.49372E-04
 1.10000E+01    9.24140E-04
 1.15000E+01    2.93945E-03
 1.20000E+01    8.17462E-03
 1.25000E+01    2.01773E-02
 1.30000E+01    4.47679E-02
 1.35000E+01    9.02818E-02
 1.40000E+01    1.67132E-01
 1.45000E+01    2.86281E-01
 1.50000E+01    4.57931E-01
 1.60000E+01    8.55255E-01
 1.70000E+01    1.58421E+00
 1.80000E+01    2.48036E+00
 1.90000E+01    3.43565E+00
 2.00000E+01    4.34403E+00
 2.10000E+01    5.14012E+00
 2.20000E+01    5.79311E+00
 2.30000E+01    6.28945E+00
 2.40000E+01    6.86008E+00
 2.50000E+01    7.10705E+00
 2.60000E+01    7.28644E+00
 2.70000E+01    7.33252E+00
 2.80000E+01    7.43096E+00
 2.90000E+01    7.33987E+00
 3.00000E+01    7.33045E+00
 3.20000E+01    7.11170E+00
 3.40000E+01    6.83617E+00
 3.60000E+01    6.59770E+00
 3.80000E+01    6.16693E+00
 4.00000E+01    5.94858E+00
 4.20000E+01    5.54638E+00
 4.40000E+01    5.11755E+00
 4.60000E+01    4.80871E+00
 4.80000E+01    4.37217E+00
 5.00000E+01    4.23013E+00
 5.20000E+01    4.08011E+00
 5.40000E+01    3.70993E+00
 5.60000E+01    3.45971E+00
 5.80000E+01    3.37948E+00
 6.00000E+01    3.28808E+00
