# n + Ac228 : (n,t)     
# eaf.2010   Manhattan project, site A         EVAL-JUN10
# uncertainties: n
# # energies =    62
#   E(MeV)       xs(mb) 
 1.65798E+00    0.00000E+00
 4.80000E+00    2.75522E-17
 5.00000E+00    2.85611E-16
 5.20000E+00    2.41171E-15
 5.40000E+00    1.69305E-14
 5.60000E+00    1.00850E-13
 5.80000E+00    2.73664E-12
 6.00000E+00    9.62415E-12
 6.20000E+00    1.83088E-11
 6.40000E+00    1.52263E-10
 6.60000E+00    5.36203E-10
 6.80000E+00    1.80365E-09
 7.00000E+00    6.71304E-09
 7.20000E+00    1.43536E-08
 7.40000E+00    4.87830E-08
 7.60000E+00    1.30896E-07
 7.80000E+00    3.14312E-07
 8.00000E+00    8.06012E-07
 8.50000E+00    5.61871E-06
 9.00000E+00    3.12024E-05
 9.50000E+00    1.43324E-04
 1.00000E+01    5.59667E-04
 1.05000E+01    1.89652E-03
 1.10000E+01    5.65265E-03
 1.15000E+01    1.49298E-02
 1.20000E+01    3.50842E-02
 1.25000E+01    7.36778E-02
 1.30000E+01    1.39392E-01
 1.35000E+01    2.40422E-01
 1.40000E+01    3.87212E-01
 1.45000E+01    5.77411E-01
 1.50000E+01    8.14744E-01
 1.60000E+01    1.42602E+00
 1.70000E+01    2.19538E+00
 1.80000E+01    3.07037E+00
 1.90000E+01    3.95481E+00
 2.00000E+01    4.73215E+00
 2.10000E+01    5.32038E+00
 2.20000E+01    5.70614E+00
 2.30000E+01    5.89937E+00
 2.40000E+01    5.96323E+00
 2.50000E+01    5.94462E+00
 2.60000E+01    5.81312E+00
 2.70000E+01    5.63517E+00
 2.80000E+01    5.44908E+00
 2.90000E+01    5.18550E+00
 3.00000E+01    4.97294E+00
 3.20000E+01    4.46620E+00
 3.40000E+01    3.96766E+00
 3.60000E+01    3.55170E+00
 3.80000E+01    3.16880E+00
 4.00000E+01    2.76709E+00
 4.20000E+01    2.51043E+00
 4.40000E+01    2.19621E+00
 4.60000E+01    1.93343E+00
 4.80000E+01    1.79463E+00
 5.00000E+01    1.51840E+00
 5.20000E+01    1.38143E+00
 5.40000E+01    1.28583E+00
 5.60000E+01    1.09097E+00
 5.80000E+01    9.60271E-01
 6.00000E+01    8.95287E-01
