# n + Ac228 :  n        
# eaf.2010   Manhattan project, site A         EVAL-JUN10
# uncertainties: n
# # energies =    30
#   E(MeV)       xs(mb) 
 5.28515E+00    0.00000E+00
 1.70000E+01    3.83112E-16
 1.80000E+01    2.14571E-14
 1.90000E+01    5.52988E-13
 2.00000E+01    8.29464E-12
 2.10000E+01    8.28904E-11
 2.20000E+01    5.91763E-10
 2.30000E+01    3.18089E-09
 2.40000E+01    1.36700E-08
 2.50000E+01    4.86572E-08
 2.60000E+01    1.36158E-07
 2.70000E+01    3.40556E-07
 2.80000E+01    7.77282E-07
 2.90000E+01    1.50771E-06
 3.00000E+01    2.79662E-06
 3.20000E+01    8.10589E-06
 3.40000E+01    2.37026E-05
 3.60000E+01    6.25120E-05
 3.80000E+01    1.74692E-04
 4.00000E+01    3.97997E-04
 4.20000E+01    7.79019E-04
 4.40000E+01    1.17207E-03
 4.60000E+01    1.72365E-03
 4.80000E+01    2.23331E-03
 5.00000E+01    2.72811E-03
 5.20000E+01    3.26593E-03
 5.40000E+01    3.46001E-03
 5.60000E+01    2.61916E-03
 5.80000E+01    2.49184E-03
 6.00000E+01    2.37774E-03
