# n + Ac228 : (n,2n)    
# eaf.2010   Manhattan project, site A         EVAL-JUN10
# uncertainties: n
# # energies =    60
#   E(MeV)       xs(mb) 
 5.04958E+00    0.00000E+00
 5.20000E+00    1.44230E+01
 5.40000E+00    1.27409E+02
 5.60000E+00    3.43662E+02
 5.80000E+00    5.94125E+02
 6.00000E+00    8.37062E+02
 6.20000E+00    1.06254E+03
 6.40000E+00    1.27097E+03
 6.60000E+00    1.46343E+03
 6.80000E+00    1.63831E+03
 7.00000E+00    1.79318E+03
 7.20000E+00    1.92357E+03
 7.40000E+00    2.03171E+03
 7.60000E+00    2.12027E+03
 7.80000E+00    2.19132E+03
 8.00000E+00    2.24797E+03
 8.50000E+00    2.34110E+03
 9.00000E+00    2.38926E+03
 9.50000E+00    2.41221E+03
 1.00000E+01    2.42351E+03
 1.05000E+01    2.43063E+03
 1.10000E+01    2.43798E+03
 1.15000E+01    2.44661E+03
 1.20000E+01    2.45415E+03
 1.25000E+01    2.43571E+03
 1.30000E+01    2.34685E+03
 1.35000E+01    2.17326E+03
 1.40000E+01    1.92935E+03
 1.45000E+01    1.65114E+03
 1.50000E+01    1.37758E+03
 1.60000E+01    9.35255E+02
 1.70000E+01    6.64111E+02
 1.80000E+01    5.13768E+02
 1.90000E+01    4.35752E+02
 2.00000E+01    4.04981E+02
 2.10000E+01    3.77969E+02
 2.20000E+01    3.57712E+02
 2.30000E+01    3.41255E+02
 2.40000E+01    3.25891E+02
 2.50000E+01    3.13049E+02
 2.60000E+01    3.00323E+02
 2.70000E+01    2.90201E+02
 2.80000E+01    2.79341E+02
 2.90000E+01    2.70313E+02
 3.00000E+01    2.61283E+02
 3.20000E+01    2.45139E+02
 3.40000E+01    2.27077E+02
 3.60000E+01    2.13024E+02
 3.80000E+01    1.97900E+02
 4.00000E+01    1.85363E+02
 4.20000E+01    1.75184E+02
 4.40000E+01    1.63872E+02
 4.60000E+01    1.54492E+02
 4.80000E+01    1.47190E+02
 5.00000E+01    1.39510E+02
 5.20000E+01    1.29011E+02
 5.40000E+01    1.27947E+02
 5.60000E+01    1.20128E+02
 5.80000E+01    1.12772E+02
 6.00000E+01    1.09347E+02
