# n + Ac228 : (n,3n)    
# eaf.2010   Manhattan project, site A         EVAL-JUN10
# uncertainties: n
# # energies =    38
#   E(MeV)       xs(mb) 
 1.16062E+01    0.00000E+00
 1.20000E+01    1.09434E+00
 1.25000E+01    2.61663E+01
 1.30000E+01    1.18413E+02
 1.35000E+01    2.91015E+02
 1.40000E+01    5.29906E+02
 1.45000E+01    8.00257E+02
 1.50000E+01    1.06463E+03
 1.60000E+01    1.48864E+03
 1.70000E+01    1.74460E+03
 1.80000E+01    1.89080E+03
 1.90000E+01    1.94659E+03
 2.00000E+01    1.87087E+03
 2.10000E+01    1.67347E+03
 2.20000E+01    1.39107E+03
 2.30000E+01    1.10078E+03
 2.40000E+01    8.54661E+02
 2.50000E+01    6.71004E+02
 2.60000E+01    5.42015E+02
 2.70000E+01    4.59478E+02
 2.80000E+01    4.02344E+02
 2.90000E+01    3.65236E+02
 3.00000E+01    3.38252E+02
 3.20000E+01    3.03552E+02
 3.40000E+01    2.79003E+02
 3.60000E+01    2.60017E+02
 3.80000E+01    2.44234E+02
 4.00000E+01    2.29173E+02
 4.20000E+01    2.15432E+02
 4.40000E+01    2.03571E+02
 4.60000E+01    1.91964E+02
 4.80000E+01    1.81922E+02
 5.00000E+01    1.71520E+02
 5.20000E+01    1.65421E+02
 5.40000E+01    1.51992E+02
 5.60000E+01    1.47859E+02
 5.80000E+01    1.43249E+02
 6.00000E+01    1.32272E+02
