# n + Ac228 :  n        
# eaf.2010   Manhattan project, site A         EVAL-JUN10
# uncertainties: n
# # energies =    29
#   E(MeV)       xs(mb) 
 1.89909E-01    0.00000E+00
 1.80000E+01    5.20129E-11
 1.90000E+01    2.00926E-10
 2.00000E+01    8.50786E-10
 2.10000E+01    6.76963E-09
 2.20000E+01    1.37878E-08
 2.30000E+01    3.00068E-08
 2.40000E+01    5.57633E-08
 2.50000E+01    1.18064E-07
 2.60000E+01    1.88404E-07
 2.70000E+01    3.41185E-07
 2.80000E+01    7.20777E-07
 2.90000E+01    1.33360E-06
 3.00000E+01    2.95789E-06
 3.20000E+01    7.70640E-06
 3.40000E+01    2.50438E-05
 3.60000E+01    7.90384E-05
 3.80000E+01    1.16518E-04
 4.00000E+01    2.60807E-04
 4.20000E+01    4.49814E-04
 4.40000E+01    7.30647E-04
 4.60000E+01    1.26968E-03
 4.80000E+01    2.10212E-03
 5.00000E+01    2.74379E-03
 5.20000E+01    2.75364E-03
 5.40000E+01    2.84199E-03
 5.60000E+01    2.82239E-03
 5.80000E+01    2.78447E-03
 6.00000E+01    2.77356E-03
