# n + Ac228 :  n        
# eaf.2010   Manhattan project, site A         EVAL-JUN10
# uncertainties: n
# # energies =    29
#   E(MeV)       xs(mb) 
 4.58082E+00    0.00000E+00
 1.80000E+01    3.09115E-14
 1.90000E+01    1.21371E-11
 2.00000E+01    2.97082E-10
 2.10000E+01    3.40262E-09
 2.20000E+01    3.12942E-08
 2.30000E+01    3.54960E-07
 2.40000E+01    5.91046E-07
 2.50000E+01    1.81738E-06
 2.60000E+01    5.42017E-06
 2.70000E+01    5.88048E-06
 2.80000E+01    9.41888E-06
 2.90000E+01    1.32787E-05
 3.00000E+01    1.93777E-05
 3.20000E+01    3.92726E-05
 3.40000E+01    9.93618E-05
 3.60000E+01    2.56045E-04
 3.80000E+01    6.26525E-04
 4.00000E+01    1.18685E-03
 4.20000E+01    2.02933E-03
 4.40000E+01    2.77772E-03
 4.60000E+01    3.72484E-03
 4.80000E+01    4.42210E-03
 5.00000E+01    5.69927E-03
 5.20000E+01    8.61711E-03
 5.40000E+01    1.25378E-02
 5.60000E+01    1.67482E-02
 5.80000E+01    2.14832E-02
 6.00000E+01    2.50028E-02
