# n + Ac228 : (n,np)    
# eaf.2010   Manhattan project, site A         EVAL-JUN10
# uncertainties: n
# # energies =    48
#   E(MeV)       xs(mb) 
 5.59580E+00    0.00000E+00
 7.60000E+00    1.23330E-14
 7.80000E+00    2.63227E-13
 8.00000E+00    2.82770E-12
 8.50000E+00    2.94220E-10
 9.00000E+00    1.00766E-08
 9.50000E+00    1.75526E-07
 1.00000E+01    2.28358E-06
 1.05000E+01    1.61406E-05
 1.10000E+01    8.45515E-05
 1.15000E+01    3.47863E-04
 1.20000E+01    1.22293E-03
 1.25000E+01    3.69725E-03
 1.30000E+01    9.78090E-03
 1.35000E+01    2.31116E-02
 1.40000E+01    4.96537E-02
 1.45000E+01    9.84285E-02
 1.50000E+01    1.83617E-01
 1.60000E+01    5.28553E-01
 1.70000E+01    1.30476E+00
 1.80000E+01    2.65206E+00
 1.90000E+01    4.69143E+00
 2.00000E+01    7.47465E+00
 2.10000E+01    1.06283E+01
 2.20000E+01    1.41443E+01
 2.30000E+01    1.76443E+01
 2.40000E+01    2.06096E+01
 2.50000E+01    2.34738E+01
 2.60000E+01    2.58970E+01
 2.70000E+01    2.78810E+01
 2.80000E+01    2.96862E+01
 2.90000E+01    3.10775E+01
 3.00000E+01    3.20843E+01
 3.20000E+01    3.39959E+01
 3.40000E+01    3.47044E+01
 3.60000E+01    3.54682E+01
 3.80000E+01    3.52191E+01
 4.00000E+01    3.57167E+01
 4.20000E+01    3.48986E+01
 4.40000E+01    3.57153E+01
 4.60000E+01    3.56473E+01
 4.80000E+01    3.38107E+01
 5.00000E+01    3.47611E+01
 5.20000E+01    3.50953E+01
 5.40000E+01    3.33372E+01
 5.60000E+01    3.24266E+01
 5.80000E+01    3.34598E+01
 6.00000E+01    3.37666E+01
