# n + Ac228 : (n,nt)    
# eaf.2010   Manhattan project, site A         EVAL-JUN10
# uncertainties: n
# # energies =    39
#   E(MeV)       xs(mb) 
 8.08268E+00    0.00000E+00
 1.15000E+01    8.75215E-16
 1.20000E+01    1.23889E-12
 1.25000E+01    1.20066E-10
 1.30000E+01    2.84503E-09
 1.35000E+01    4.06987E-08
 1.40000E+01    4.16985E-07
 1.45000E+01    3.11088E-06
 1.50000E+01    1.86418E-05
 1.60000E+01    3.94471E-04
 1.70000E+01    4.67443E-03
 1.80000E+01    3.15491E-02
 1.90000E+01    1.42052E-01
 2.00000E+01    4.21757E-01
 2.10000E+01    9.28171E-01
 2.20000E+01    1.65505E+00
 2.30000E+01    2.57439E+00
 2.40000E+01    3.59683E+00
 2.50000E+01    4.62189E+00
 2.60000E+01    5.60508E+00
 2.70000E+01    6.44246E+00
 2.80000E+01    7.04052E+00
 2.90000E+01    7.49697E+00
 3.00000E+01    7.72289E+00
 3.20000E+01    7.87994E+00
 3.40000E+01    7.70340E+00
 3.60000E+01    7.25632E+00
 3.80000E+01    6.71798E+00
 4.00000E+01    6.25405E+00
 4.20000E+01    5.67689E+00
 4.40000E+01    5.17380E+00
 4.60000E+01    4.78507E+00
 4.80000E+01    4.20165E+00
 5.00000E+01    3.93196E+00
 5.20000E+01    3.51696E+00
 5.40000E+01    3.08739E+00
 5.60000E+01    2.91474E+00
 5.80000E+01    2.66924E+00
 6.00000E+01    2.30009E+00
