# n + Ac228 : (n,2np)   
# eaf.2010   Manhattan project, site A         EVAL-JUN10
# uncertainties: n
# # energies =    38
#   E(MeV)       xs(mb) 
 1.01773E+01    0.00000E+00
 1.20000E+01    1.29998E-17
 1.25000E+01    4.57074E-14
 1.30000E+01    1.19626E-11
 1.35000E+01    5.44449E-10
 1.40000E+01    1.56064E-08
 1.45000E+01    2.60145E-07
 1.50000E+01    2.55394E-06
 1.60000E+01    7.87516E-05
 1.70000E+01    1.00946E-03
 1.80000E+01    7.91267E-03
 1.90000E+01    3.89227E-02
 2.00000E+01    1.38488E-01
 2.10000E+01    4.12340E-01
 2.20000E+01    1.02204E+00
 2.30000E+01    2.14877E+00
 2.40000E+01    4.04200E+00
 2.50000E+01    6.57290E+00
 2.60000E+01    9.71333E+00
 2.70000E+01    1.37114E+01
 2.80000E+01    1.77588E+01
 2.90000E+01    2.25727E+01
 3.00000E+01    2.70708E+01
 3.20000E+01    3.60103E+01
 3.40000E+01    4.25156E+01
 3.60000E+01    4.71252E+01
 3.80000E+01    5.11162E+01
 4.00000E+01    5.20304E+01
 4.20000E+01    5.48188E+01
 4.40000E+01    5.42262E+01
 4.60000E+01    5.36353E+01
 4.80000E+01    5.62973E+01
 5.00000E+01    5.34743E+01
 5.20000E+01    5.28817E+01
 5.40000E+01    5.52205E+01
 5.60000E+01    5.38283E+01
 5.80000E+01    5.16624E+01
 6.00000E+01    5.13021E+01
