# n + Sn125 : (n,p)     
# jeff3.3    A.J. Koning and D. Rochman        EVAL-DEC15
# uncertainties: y
# # energies =    74
#   E(MeV)       xs(mb)       xslow(mb)      xsupp(mb)
 4.67467E+00    0.00000E+00   -0.00000E+00    0.00000E+00
 5.40000E+00    2.03965E-16    0.00000E+00    4.80724E-16
 5.60000E+00    5.74190E-14    0.00000E+00    1.35330E-13
 5.80000E+00    3.75958E-12    0.00000E+00    8.86093E-12
 6.00000E+00    9.26835E-11    0.00000E+00    2.18445E-10
 6.20000E+00    1.15257E-09    0.00000E+00    2.71648E-09
 6.40000E+00    8.70583E-09    0.00000E+00    2.05187E-08
 6.60000E+00    4.55429E-08    7.43911E-09    8.36467E-08
 6.80000E+00    1.94402E-07    3.17542E-08    3.57050E-07
 7.00000E+00    6.13823E-07    1.00264E-07    1.12738E-06
 7.20000E+00    1.60799E-06    2.62654E-07    2.95333E-06
 7.40000E+00    3.65202E-06    5.96532E-07    6.70751E-06
 7.60000E+00    7.64667E-06    1.24903E-06    1.40443E-05
 7.80000E+00    1.49309E-05    2.43886E-06    2.74229E-05
 8.00000E+00    2.82784E-05    4.61908E-06    5.19377E-05
 8.50000E+00    1.47150E-04    2.40359E-05    2.70264E-04
 9.00000E+00    6.26896E-04    1.52093E-04    1.10170E-03
 9.50000E+00    2.47842E-03    6.01297E-04    4.35554E-03
 1.00000E+01    7.73226E-03    1.87595E-03    1.35886E-02
 1.05000E+01    2.09157E-02    5.07442E-03    3.67570E-02
 1.10000E+01    4.94093E-02    1.19873E-02    8.68313E-02
 1.15000E+01    1.04737E-01    2.54106E-02    1.84063E-01
 1.20000E+01    1.99600E-01    4.84256E-02    3.50774E-01
 1.25000E+01    3.48577E-01    8.45693E-02    6.12585E-01
 1.30000E+01    5.67122E-01    1.49107E-01    9.85138E-01
 1.35000E+01    8.70257E-01    2.28806E-01    1.51171E+00
 1.40000E+01    1.27166E+00    3.34342E-01    2.20898E+00
 1.45000E+01    1.78262E+00    4.68683E-01    3.09656E+00
 1.50000E+01    2.41229E+00    6.34234E-01    4.19035E+00
 1.60000E+01    4.04825E+00    1.09455E+00    7.00196E+00
 1.70000E+01    6.18233E+00    1.67155E+00    1.06931E+01
 1.80000E+01    8.71634E+00    2.35668E+00    1.50760E+01
 1.90000E+01    1.14842E+01    3.10504E+00    1.98634E+01
 2.00000E+01    1.44527E+01    4.14330E+00    2.47621E+01
 2.10000E+01    1.68628E+01    4.83423E+00    2.88914E+01
 2.20000E+01    1.86738E+01    5.35341E+00    3.19942E+01
 2.30000E+01    2.00500E+01    5.74794E+00    3.43521E+01
 2.40000E+01    2.07968E+01    6.32496E+00    3.52686E+01
 2.50000E+01    2.14689E+01    6.52937E+00    3.64084E+01
 2.60000E+01    2.19750E+01    6.68329E+00    3.72667E+01
 2.70000E+01    2.18363E+01    6.64111E+00    3.70315E+01
 2.80000E+01    2.19654E+01    6.68037E+00    3.72504E+01
 2.90000E+01    2.14963E+01    6.53770E+00    3.64549E+01
 3.00000E+01    2.12298E+01    6.45665E+00    3.60029E+01
 3.00000E+01    2.12298E+01    6.45666E+00    3.60030E+01
 3.20000E+01    2.01875E+01    6.13966E+00    3.42354E+01
 3.40000E+01    1.89860E+01    5.77426E+00    3.21978E+01
 3.60000E+01    1.75015E+01    5.32276E+00    2.96803E+01
 3.80000E+01    1.63039E+01    4.95853E+00    2.76493E+01
 4.00000E+01    1.53586E+01    4.67103E+00    2.60462E+01
 4.20000E+01    1.39031E+01    4.22838E+00    2.35779E+01
 4.40000E+01    1.29390E+01    3.93515E+00    2.19428E+01
 4.60000E+01    1.17450E+01    3.57202E+00    1.99180E+01
 4.80000E+01    1.13461E+01    3.45072E+00    1.92415E+01
 5.00000E+01    1.05413E+01    3.20593E+00    1.78766E+01
 5.20000E+01    9.61896E+00    2.92543E+00    1.63125E+01
 5.40000E+01    8.98434E+00    2.73242E+00    1.52363E+01
 5.60000E+01    8.48976E+00    2.58200E+00    1.43975E+01
 5.80000E+01    7.81510E+00    2.37682E+00    1.32534E+01
 6.00000E+01    7.37683E+00    2.24353E+00    1.25101E+01
 6.50000E+01    5.99140E+00    1.82217E+00    1.01606E+01
 7.00000E+01    5.37884E+00    1.63587E+00    9.12181E+00
 7.50000E+01    4.57482E+00    1.39135E+00    7.75829E+00
 8.00000E+01    4.15883E+00    1.26483E+00    7.05284E+00
 9.00000E+01    3.35559E+00    1.02054E+00    5.69063E+00
 1.00000E+02    2.89381E+00    8.80099E-01    4.90752E+00
 1.10000E+02    2.40628E+00    7.31826E-01    4.08074E+00
 1.20000E+02    2.13016E+00    6.47849E-01    3.61247E+00
 1.30000E+02    1.84355E+00    5.60683E-01    3.12643E+00
 1.40000E+02    1.66281E+00    5.05714E-01    2.81991E+00
 1.50000E+02    1.45639E+00    4.42935E-01    2.46985E+00
 1.60000E+02    1.29754E+00    3.94624E-01    2.20046E+00
 1.80000E+02    1.05036E+00    3.19449E-01    1.78128E+00
 2.00000E+02    8.44161E-01    2.56736E-01    1.43159E+00
