# n + Sn125 : (n,p)g    
# jeff3.3    A.J. Koning and D. Rochman        EVAL-DEC15
# uncertainties: y
# # energies =    74
#   E(MeV)       xs(mb)       xslow(mb)      xsupp(mb)
 4.67467E+00    0.00000E+00    0.00000E+00    0.00000E+00
 5.40000E+00    2.03965E-16    0.00000E+00    0.00000E+00
 5.60000E+00    5.74190E-14    0.00000E+00    0.00000E+00
 5.80000E+00    3.75957E-12    0.00000E+00    0.00000E+00
 6.00000E+00    9.26789E-11    0.00000E+00    0.00000E+00
 6.20000E+00    1.15230E-09    0.00000E+00    0.00000E+00
 6.40000E+00    8.69924E-09    0.00000E+00    0.00000E+00
 6.60000E+00    4.54443E-08    0.00000E+00    0.00000E+00
 6.80000E+00    1.93363E-07    0.00000E+00    0.00000E+00
 7.00000E+00    6.05698E-07    0.00000E+00    0.00000E+00
 7.20000E+00    1.55885E-06    0.00000E+00    0.00000E+00
 7.40000E+00    3.50073E-06    0.00000E+00    0.00000E+00
 7.60000E+00    7.01486E-06    0.00000E+00    0.00000E+00
 7.80000E+00    1.27648E-05    0.00000E+00    0.00000E+00
 8.00000E+00    2.16803E-05    0.00000E+00    0.00000E+00
 8.50000E+00    6.89658E-05    0.00000E+00    0.00000E+00
 9.00000E+00    2.24804E-04    0.00000E+00    0.00000E+00
 9.50000E+00    8.18427E-04    0.00000E+00    0.00000E+00
 1.00000E+01    2.61336E-03    0.00000E+00    0.00000E+00
 1.05000E+01    7.66144E-03    0.00000E+00    0.00000E+00
 1.10000E+01    2.00761E-02    0.00000E+00    0.00000E+00
 1.15000E+01    4.75567E-02    0.00000E+00    0.00000E+00
 1.20000E+01    9.95671E-02    0.00000E+00    0.00000E+00
 1.25000E+01    1.88240E-01    0.00000E+00    0.00000E+00
 1.30000E+01    3.27427E-01    0.00000E+00    0.00000E+00
 1.35000E+01    5.31614E-01    0.00000E+00    0.00000E+00
 1.40000E+01    8.14976E-01    0.00000E+00    0.00000E+00
 1.45000E+01    1.19022E+00    0.00000E+00    0.00000E+00
 1.50000E+01    1.66814E+00    0.00000E+00    0.00000E+00
 1.60000E+01    2.95832E+00    0.00000E+00    0.00000E+00
 1.70000E+01    4.69681E+00    0.00000E+00    0.00000E+00
 1.80000E+01    6.79894E+00    0.00000E+00    0.00000E+00
 1.90000E+01    9.11863E+00    0.00000E+00    0.00000E+00
 2.00000E+01    1.16023E+01    0.00000E+00    0.00000E+00
 2.10000E+01    1.35548E+01    0.00000E+00    0.00000E+00
 2.20000E+01    1.50797E+01    0.00000E+00    0.00000E+00
 2.30000E+01    1.61602E+01    0.00000E+00    0.00000E+00
 2.40000E+01    1.68016E+01    0.00000E+00    0.00000E+00
 2.50000E+01    1.73847E+01    0.00000E+00    0.00000E+00
 2.60000E+01    1.75830E+01    0.00000E+00    0.00000E+00
 2.70000E+01    1.74054E+01    0.00000E+00    0.00000E+00
 2.80000E+01    1.75408E+01    0.00000E+00    0.00000E+00
 2.90000E+01    1.71839E+01    0.00000E+00    0.00000E+00
 3.00000E+01    1.69988E+01    0.00000E+00    0.00000E+00
 3.00000E+01    1.69988E+01    0.00000E+00    0.00000E+00
 3.20000E+01    1.61644E+01    0.00000E+00    0.00000E+00
 3.40000E+01    1.52274E+01    0.00000E+00    0.00000E+00
 3.60000E+01    1.40556E+01    0.00000E+00    0.00000E+00
 3.80000E+01    1.31425E+01    0.00000E+00    0.00000E+00
 4.00000E+01    1.23627E+01    0.00000E+00    0.00000E+00
 4.20000E+01    1.11966E+01    0.00000E+00    0.00000E+00
 4.40000E+01    1.04286E+01    0.00000E+00    0.00000E+00
 4.60000E+01    9.48225E+00    0.00000E+00    0.00000E+00
 4.80000E+01    9.06472E+00    0.00000E+00    0.00000E+00
 5.00000E+01    8.43096E+00    0.00000E+00    0.00000E+00
 5.20000E+01    7.69128E+00    0.00000E+00    0.00000E+00
 5.40000E+01    7.18416E+00    0.00000E+00    0.00000E+00
 5.60000E+01    6.73289E+00    0.00000E+00    0.00000E+00
 5.80000E+01    6.19142E+00    0.00000E+00    0.00000E+00
 6.00000E+01    5.84918E+00    0.00000E+00    0.00000E+00
 6.50000E+01    4.73612E+00    0.00000E+00    0.00000E+00
 7.00000E+01    4.27177E+00    0.00000E+00    0.00000E+00
 7.50000E+01    3.61522E+00    0.00000E+00    0.00000E+00
 8.00000E+01    3.31346E+00    0.00000E+00    0.00000E+00
 9.00000E+01    2.68597E+00    0.00000E+00    0.00000E+00
 1.00000E+02    2.27536E+00    0.00000E+00    0.00000E+00
 1.10000E+02    1.88787E+00    0.00000E+00    0.00000E+00
 1.20000E+02    1.68664E+00    0.00000E+00    0.00000E+00
 1.30000E+02    1.45541E+00    0.00000E+00    0.00000E+00
 1.40000E+02    1.30007E+00    0.00000E+00    0.00000E+00
 1.50000E+02    1.14293E+00    0.00000E+00    0.00000E+00
 1.60000E+02    1.02320E+00    0.00000E+00    0.00000E+00
 1.80000E+02    8.32159E-01    0.00000E+00    0.00000E+00
 2.00000E+02    6.67118E-01    0.00000E+00    0.00000E+00
