# n + Sn125 : (n,d)g    
# jeff3.3    A.J. Koning and D. Rochman        EVAL-DEC15
# uncertainties: y
# # energies =    24
#   E(MeV)       xs(mb)       xslow(mb)      xsupp(mb)
 1.01721E+01    0.00000E+00    0.00000E+00    0.00000E+00
 1.15000E+01    1.55224E-17    0.00000E+00    0.00000E+00
 1.20000E+01    3.82954E-14    0.00000E+00    0.00000E+00
 1.25000E+01    3.65888E-10    0.00000E+00    0.00000E+00
 1.30000E+01    1.62932E-08    0.00000E+00    0.00000E+00
 1.35000E+01    2.20489E-07    0.00000E+00    0.00000E+00
 1.40000E+01    1.08665E-05    0.00000E+00    0.00000E+00
 1.45000E+01    4.64414E-05    0.00000E+00    0.00000E+00
 1.50000E+01    1.43245E-04    0.00000E+00    0.00000E+00
 1.60000E+01    3.59546E-03    0.00000E+00    0.00000E+00
 1.70000E+01    3.08855E-02    0.00000E+00    0.00000E+00
 1.80000E+01    1.29215E-01    0.00000E+00    0.00000E+00
 1.90000E+01    3.27517E-01    0.00000E+00    0.00000E+00
 2.00000E+01    6.36608E-01    0.00000E+00    0.00000E+00
 2.10000E+01    1.02810E+00    0.00000E+00    0.00000E+00
 2.20000E+01    1.44923E+00    0.00000E+00    0.00000E+00
 2.30000E+01    1.87164E+00    0.00000E+00    0.00000E+00
 2.40000E+01    2.25824E+00    0.00000E+00    0.00000E+00
 2.50000E+01    2.66643E+00    0.00000E+00    0.00000E+00
 2.60000E+01    2.95136E+00    0.00000E+00    0.00000E+00
 2.70000E+01    3.20892E+00    0.00000E+00    0.00000E+00
 2.80000E+01    3.36905E+00    0.00000E+00    0.00000E+00
 2.90000E+01    3.54881E+00    0.00000E+00    0.00000E+00
 3.00000E+01    3.62004E+00    0.00000E+00    0.00000E+00
