# n + Sn125 : (n,t)     
# jeff3.3    A.J. Koning and D. Rochman        EVAL-DEC15
# uncertainties: y
# # energies =    25
#   E(MeV)       xs(mb)       xslow(mb)      xsupp(mb)
 9.41990E+00    0.00000E+00   -0.00000E+00    0.00000E+00
 1.10000E+01    7.82797E-17    0.00000E+00    5.17950E-16
 1.15000E+01    2.40652E-13    0.00000E+00    1.59231E-12
 1.20000E+01    4.96350E-11    0.00000E+00    3.28418E-10
 1.25000E+01    6.05739E-09    0.00000E+00    4.00797E-08
 1.30000E+01    2.20073E-07    0.00000E+00    1.27447E-06
 1.35000E+01    3.40389E-06    0.00000E+00    1.97124E-05
 1.40000E+01    3.55467E-05    0.00000E+00    2.05856E-04
 1.45000E+01    2.47665E-04    0.00000E+00    1.43426E-03
 1.50000E+01    1.19230E-03    0.00000E+00    6.90477E-03
 1.60000E+01    1.36950E-02    0.00000E+00    8.53541E-02
 1.70000E+01    7.21681E-02    0.00000E+00    4.49788E-01
 1.80000E+01    2.28738E-01    0.00000E+00    1.42561E+00
 1.90000E+01    4.94134E-01    0.00000E+00    3.07969E+00
 2.00000E+01    8.86340E-01    0.00000E+00    5.67330E+00
 2.10000E+01    1.36346E+00    0.00000E+00    8.72725E+00
 2.20000E+01    1.91315E+00    0.00000E+00    1.22457E+01
 2.30000E+01    2.51230E+00    0.00000E+00    1.60808E+01
 2.40000E+01    3.10376E+00    0.00000E+00    2.08906E+01
 2.50000E+01    3.60430E+00    0.00000E+00    2.42596E+01
 2.60000E+01    3.96732E+00    0.00000E+00    2.67030E+01
 2.70000E+01    4.18464E+00    0.00000E+00    2.81657E+01
 2.80000E+01    4.30446E+00    0.00000E+00    2.89722E+01
 2.90000E+01    4.34414E+00    0.00000E+00    2.92393E+01
 3.00000E+01    4.31245E+00    0.00000E+00    2.90260E+01
