# n + Sn125 : (n,t)m    
# jeff3.3    A.J. Koning and D. Rochman        EVAL-DEC15
# uncertainties: y
# # energies =    25
#   E(MeV)       xs(mb)       xslow(mb)      xsupp(mb)
 9.74975E+00    0.00000E+00    0.00000E+00    0.00000E+00
 1.10000E+01    0.00000E+00    0.00000E+00    0.00000E+00
 1.15000E+01    4.12496E-14    0.00000E+00    0.00000E+00
 1.20000E+01    2.04764E-11    0.00000E+00    0.00000E+00
 1.25000E+01    3.80299E-09    0.00000E+00    0.00000E+00
 1.30000E+01    1.66875E-07    0.00000E+00    0.00000E+00
 1.35000E+01    2.56714E-06    0.00000E+00    0.00000E+00
 1.40000E+01    2.91180E-05    0.00000E+00    0.00000E+00
 1.45000E+01    1.98883E-04    0.00000E+00    0.00000E+00
 1.50000E+01    9.49902E-04    0.00000E+00    0.00000E+00
 1.60000E+01    9.68934E-03    0.00000E+00    0.00000E+00
 1.70000E+01    4.22536E-02    0.00000E+00    0.00000E+00
 1.80000E+01    1.09248E-01    0.00000E+00    0.00000E+00
 1.90000E+01    1.93316E-01    0.00000E+00    0.00000E+00
 2.00000E+01    2.91993E-01    0.00000E+00    0.00000E+00
 2.10000E+01    3.91826E-01    0.00000E+00    0.00000E+00
 2.20000E+01    4.89642E-01    0.00000E+00    0.00000E+00
 2.30000E+01    5.81714E-01    0.00000E+00    0.00000E+00
 2.40000E+01    6.63926E-01    0.00000E+00    0.00000E+00
 2.50000E+01    7.22838E-01    0.00000E+00    0.00000E+00
 2.60000E+01    7.54838E-01    0.00000E+00    0.00000E+00
 2.70000E+01    7.60030E-01    0.00000E+00    0.00000E+00
 2.80000E+01    7.51302E-01    0.00000E+00    0.00000E+00
 2.90000E+01    7.32404E-01    0.00000E+00    0.00000E+00
 3.00000E+01    7.00651E-01    0.00000E+00    0.00000E+00
