# n + Sn125 : (n,3n)g   
# jeff3.3    A.J. Koning and D. Rochman        EVAL-DEC15
# uncertainties: y
# # energies =    48
#   E(MeV)       xs(mb)       xslow(mb)      xsupp(mb)
 1.43375E+01    0.00000E+00    0.00000E+00    0.00000E+00
 1.45000E+01    3.07928E-01    0.00000E+00    0.00000E+00
 1.50000E+01    1.19368E+01    0.00000E+00    0.00000E+00
 1.60000E+01    1.00332E+02    0.00000E+00    0.00000E+00
 1.70000E+01    2.69054E+02    0.00000E+00    0.00000E+00
 1.80000E+01    4.86914E+02    0.00000E+00    0.00000E+00
 1.90000E+01    6.83216E+02    0.00000E+00    0.00000E+00
 2.00000E+01    8.39613E+02    0.00000E+00    0.00000E+00
 2.10000E+01    9.54264E+02    0.00000E+00    0.00000E+00
 2.20000E+01    1.04146E+03    0.00000E+00    0.00000E+00
 2.30000E+01    1.08769E+03    0.00000E+00    0.00000E+00
 2.40000E+01    1.10192E+03    0.00000E+00    0.00000E+00
 2.50000E+01    1.07696E+03    0.00000E+00    0.00000E+00
 2.60000E+01    1.01095E+03    0.00000E+00    0.00000E+00
 2.70000E+01    9.12812E+02    0.00000E+00    0.00000E+00
 2.80000E+01    8.00104E+02    0.00000E+00    0.00000E+00
 2.90000E+01    6.81754E+02    0.00000E+00    0.00000E+00
 3.00000E+01    5.77438E+02    0.00000E+00    0.00000E+00
 3.00000E+01    5.77653E+02    0.00000E+00    0.00000E+00
 3.20000E+01    4.18909E+02    0.00000E+00    0.00000E+00
 3.40000E+01    3.24645E+02    0.00000E+00    0.00000E+00
 3.60000E+01    2.70372E+02    0.00000E+00    0.00000E+00
 3.80000E+01    2.37675E+02    0.00000E+00    0.00000E+00
 4.00000E+01    2.20030E+02    0.00000E+00    0.00000E+00
 4.20000E+01    2.05873E+02    0.00000E+00    0.00000E+00
 4.40000E+01    1.93436E+02    0.00000E+00    0.00000E+00
 4.60000E+01    1.84156E+02    0.00000E+00    0.00000E+00
 4.80000E+01    1.73028E+02    0.00000E+00    0.00000E+00
 5.00000E+01    1.66058E+02    0.00000E+00    0.00000E+00
 5.20000E+01    1.57152E+02    0.00000E+00    0.00000E+00
 5.40000E+01    1.48839E+02    0.00000E+00    0.00000E+00
 5.60000E+01    1.43616E+02    0.00000E+00    0.00000E+00
 5.80000E+01    1.37550E+02    0.00000E+00    0.00000E+00
 6.00000E+01    1.31448E+02    0.00000E+00    0.00000E+00
 6.50000E+01    1.22139E+02    0.00000E+00    0.00000E+00
 7.00000E+01    1.14681E+02    0.00000E+00    0.00000E+00
 7.50000E+01    1.05981E+02    0.00000E+00    0.00000E+00
 8.00000E+01    9.91024E+01    0.00000E+00    0.00000E+00
 9.00000E+01    8.75225E+01    0.00000E+00    0.00000E+00
 1.00000E+02    8.01177E+01    0.00000E+00    0.00000E+00
 1.10000E+02    7.34967E+01    0.00000E+00    0.00000E+00
 1.20000E+02    6.77576E+01    0.00000E+00    0.00000E+00
 1.30000E+02    6.22719E+01    0.00000E+00    0.00000E+00
 1.40000E+02    5.88699E+01    0.00000E+00    0.00000E+00
 1.50000E+02    5.41522E+01    0.00000E+00    0.00000E+00
 1.60000E+02    4.87352E+01    0.00000E+00    0.00000E+00
 1.80000E+02    4.23284E+01    0.00000E+00    0.00000E+00
 2.00000E+02    3.55518E+01    0.00000E+00    0.00000E+00
