# n + Sn125 : (n,3n)m   
# jeff3.3    A.J. Koning and D. Rochman        EVAL-DEC15
# uncertainties: y
# # energies =    48
#   E(MeV)       xs(mb)       xslow(mb)      xsupp(mb)
 1.43623E+01    0.00000E+00    0.00000E+00    0.00000E+00
 1.45000E+01    5.45389E-02    0.00000E+00    0.00000E+00
 1.50000E+01    2.03459E+00    0.00000E+00    0.00000E+00
 1.60000E+01    1.65457E+01    0.00000E+00    0.00000E+00
 1.70000E+01    4.20727E+01    0.00000E+00    0.00000E+00
 1.80000E+01    7.35267E+01    0.00000E+00    0.00000E+00
 1.90000E+01    1.00046E+02    0.00000E+00    0.00000E+00
 2.00000E+01    1.20816E+02    0.00000E+00    0.00000E+00
 2.10000E+01    1.33126E+02    0.00000E+00    0.00000E+00
 2.20000E+01    1.41932E+02    0.00000E+00    0.00000E+00
 2.30000E+01    1.41852E+02    0.00000E+00    0.00000E+00
 2.40000E+01    1.34924E+02    0.00000E+00    0.00000E+00
 2.50000E+01    1.23284E+02    0.00000E+00    0.00000E+00
 2.60000E+01    1.09105E+02    0.00000E+00    0.00000E+00
 2.70000E+01    9.41691E+01    0.00000E+00    0.00000E+00
 2.80000E+01    8.02200E+01    0.00000E+00    0.00000E+00
 2.90000E+01    6.94272E+01    0.00000E+00    0.00000E+00
 3.00000E+01    6.09079E+01    0.00000E+00    0.00000E+00
 3.00000E+01    6.09395E+01    0.00000E+00    0.00000E+00
 3.20000E+01    4.93166E+01    0.00000E+00    0.00000E+00
 3.40000E+01    4.34190E+01    0.00000E+00    0.00000E+00
 3.60000E+01    4.00834E+01    0.00000E+00    0.00000E+00
 3.80000E+01    3.74484E+01    0.00000E+00    0.00000E+00
 4.00000E+01    3.64983E+01    0.00000E+00    0.00000E+00
 4.20000E+01    3.53336E+01    0.00000E+00    0.00000E+00
 4.40000E+01    3.38052E+01    0.00000E+00    0.00000E+00
 4.60000E+01    3.32143E+01    0.00000E+00    0.00000E+00
 4.80000E+01    3.16182E+01    0.00000E+00    0.00000E+00
 5.00000E+01    3.09651E+01    0.00000E+00    0.00000E+00
 5.20000E+01    2.99072E+01    0.00000E+00    0.00000E+00
 5.40000E+01    2.87005E+01    0.00000E+00    0.00000E+00
 5.60000E+01    2.83615E+01    0.00000E+00    0.00000E+00
 5.80000E+01    2.73781E+01    0.00000E+00    0.00000E+00
 6.00000E+01    2.64968E+01    0.00000E+00    0.00000E+00
 6.50000E+01    2.52279E+01    0.00000E+00    0.00000E+00
 7.00000E+01    2.37622E+01    0.00000E+00    0.00000E+00
 7.50000E+01    2.27277E+01    0.00000E+00    0.00000E+00
 8.00000E+01    2.13647E+01    0.00000E+00    0.00000E+00
 9.00000E+01    1.96096E+01    0.00000E+00    0.00000E+00
 1.00000E+02    1.85220E+01    0.00000E+00    0.00000E+00
 1.10000E+02    1.70652E+01    0.00000E+00    0.00000E+00
 1.20000E+02    1.64328E+01    0.00000E+00    0.00000E+00
 1.30000E+02    1.51711E+01    0.00000E+00    0.00000E+00
 1.40000E+02    1.48008E+01    0.00000E+00    0.00000E+00
 1.50000E+02    1.37337E+01    0.00000E+00    0.00000E+00
 1.60000E+02    1.24061E+01    0.00000E+00    0.00000E+00
 1.80000E+02    1.10307E+01    0.00000E+00    0.00000E+00
 2.00000E+02    9.32941E+00    0.00000E+00    0.00000E+00
