# n + Sn125 : (n,np)m   
# jeff3.3    A.J. Koning and D. Rochman        EVAL-DEC15
# uncertainties: y
# # energies =    20
#   E(MeV)       xs(mb)       xslow(mb)      xsupp(mb)
 1.24650E+01    0.00000E+00    0.00000E+00    0.00000E+00
 1.35000E+01    6.87601E-13    0.00000E+00    0.00000E+00
 1.40000E+01    2.66919E-09    0.00000E+00    0.00000E+00
 1.45000E+01    5.89908E-07    0.00000E+00    0.00000E+00
 1.50000E+01    1.06145E-05    0.00000E+00    0.00000E+00
 1.60000E+01    1.13504E-03    0.00000E+00    0.00000E+00
 1.70000E+01    1.68680E-02    0.00000E+00    0.00000E+00
 1.80000E+01    1.06631E-01    0.00000E+00    0.00000E+00
 1.90000E+01    3.45705E-01    0.00000E+00    0.00000E+00
 2.00000E+01    9.65769E-01    0.00000E+00    0.00000E+00
 2.10000E+01    2.00886E+00    0.00000E+00    0.00000E+00
 2.20000E+01    3.50187E+00    0.00000E+00    0.00000E+00
 2.30000E+01    5.45415E+00    0.00000E+00    0.00000E+00
 2.40000E+01    7.72274E+00    0.00000E+00    0.00000E+00
 2.50000E+01    9.99689E+00    0.00000E+00    0.00000E+00
 2.60000E+01    1.26085E+01    0.00000E+00    0.00000E+00
 2.70000E+01    1.52651E+01    0.00000E+00    0.00000E+00
 2.80000E+01    1.73745E+01    0.00000E+00    0.00000E+00
 2.90000E+01    1.96540E+01    0.00000E+00    0.00000E+00
 3.00000E+01    2.12680E+01    0.00000E+00    0.00000E+00
