# n + Sn125 : (n,n'01)  
# jeff3.3    A.J. Koning and D. Rochman        EVAL-DEC15
# uncertainties: y
# # energies =   106
#   E(MeV)       xs(mb)       xslow(mb)      xsupp(mb)
 2.77221E-02    0.00000E+00    0.00000E+00    0.00000E+00
 3.00000E-02    3.81498E-02    2.26403E-02    5.36593E-02
 6.00000E-02    6.37046E-01    3.78060E-01    8.96032E-01
 1.00000E-01    1.89944E+00    1.12724E+00    2.67164E+00
 2.00000E-01    6.68108E+00    5.54788E+00    7.81428E+00
 2.16857E-01    7.70324E+00    6.39667E+00    9.00982E+00
 3.00000E-01    1.27448E+01    1.05831E+01    1.49065E+01
 4.00000E-01    1.94422E+01    1.61445E+01    2.27399E+01
 5.00000E-01    2.64399E+01    2.19553E+01    3.09245E+01
 6.00000E-01    3.35277E+01    2.77339E+01    3.93215E+01
 6.22880E-01    3.39101E+01    2.80502E+01    3.97700E+01
 7.00000E-01    3.51990E+01    2.91164E+01    4.12816E+01
 8.00000E-01    3.85115E+01    3.18564E+01    4.51666E+01
 8.61592E-01    3.91728E+01    3.24035E+01    4.59422E+01
 9.00000E-01    3.95852E+01    3.27446E+01    4.64258E+01
 9.37893E-01    3.85595E+01    3.18962E+01    4.52229E+01
 9.44052E-01    3.83928E+01    3.17583E+01    4.50274E+01
 1.00000E+00    3.68785E+01    3.11224E+01    4.26346E+01
 1.06780E+00    3.60493E+01    3.04226E+01    4.16760E+01
 1.08066E+00    3.58921E+01    3.02899E+01    4.14942E+01
 1.09613E+00    3.57029E+01    3.01303E+01    4.12755E+01
 1.19709E+00    3.44682E+01    2.90883E+01    3.98481E+01
 1.20000E+00    3.44326E+01    2.90582E+01    3.98070E+01
 1.22870E+00    3.43258E+01    2.89681E+01    3.96835E+01
 1.26907E+00    3.41756E+01    2.88414E+01    3.95098E+01
 1.37352E+00    3.37869E+01    2.85134E+01    3.90605E+01
 1.40000E+00    3.36884E+01    2.84302E+01    3.89466E+01
 1.55274E+00    3.32957E+01    2.80988E+01    3.84926E+01
 1.60000E+00    3.31742E+01    2.79963E+01    3.83521E+01
 1.77119E+00    3.33275E+01    2.81256E+01    3.85294E+01
 1.80000E+00    3.33533E+01    2.67141E+01    3.99925E+01
 1.81756E+00    3.32917E+01    2.66647E+01    3.99187E+01
 1.89044E+00    3.30360E+01    2.64599E+01    3.96121E+01
 1.89519E+00    3.30194E+01    2.64466E+01    3.95921E+01
 1.90808E+00    3.29742E+01    2.64104E+01    3.95379E+01
 2.00000E+00    3.26517E+01    2.61521E+01    3.91513E+01
 2.07613E+00    3.27391E+01    2.62221E+01    3.92560E+01
 2.09276E+00    3.27581E+01    2.62374E+01    3.92789E+01
 2.15285E+00    3.28271E+01    2.62926E+01    3.93616E+01
 2.19367E+00    3.28739E+01    2.63301E+01    3.94178E+01
 2.20000E+00    3.28812E+01    2.63359E+01    3.94265E+01
 2.26767E+00    3.27232E+01    2.62094E+01    3.92370E+01
 2.30265E+00    3.26415E+01    2.61440E+01    3.91391E+01
 2.32674E+00    3.25853E+01    2.60989E+01    3.90716E+01
 2.35033E+00    3.25302E+01    2.60548E+01    3.90056E+01
 2.36615E+00    3.24932E+01    2.60252E+01    3.89613E+01
 2.37402E+00    3.24749E+01    2.60105E+01    3.89392E+01
 2.40000E+00    3.24142E+01    2.59619E+01    3.88665E+01
 2.48208E+00    3.17958E+01    2.54666E+01    3.81251E+01
 2.60000E+00    3.09075E+01    4.89594E+00    5.69191E+01
 2.80000E+00    2.69953E+01    4.27622E+00    4.97144E+01
 3.00000E+00    2.24111E+01    3.55006E+00    4.12721E+01
 3.20000E+00    1.81137E+01    2.86932E+00    3.33581E+01
 3.40000E+00    1.44013E+01    2.28126E+00    2.65213E+01
 3.60000E+00    1.13238E+01    1.79376E+00    2.08538E+01
 3.80000E+00    8.83490E+00    1.39950E+00    1.62703E+01
 4.00000E+00    6.85464E+00    1.08582E+00    1.26235E+01
 4.20000E+00    5.29750E+00    8.39157E-01    9.75584E+00
 4.40000E+00    4.08509E+00    6.47104E-01    7.52308E+00
 4.60000E+00    3.14689E+00    0.00000E+00    8.88496E+00
 4.80000E+00    2.42444E+00    0.00000E+00    6.84519E+00
 5.00000E+00    1.86920E+00    0.00000E+00    5.27752E+00
 5.20000E+00    1.44357E+00    0.00000E+00    4.07579E+00
 5.40000E+00    1.11739E+00    0.00000E+00    3.15485E+00
 5.60000E+00    8.66706E-01    0.00000E+00    2.44707E+00
 5.80000E+00    6.75244E-01    0.00000E+00    1.90649E+00
 6.00000E+00    5.27139E-01    0.00000E+00    1.48833E+00
 6.20000E+00    4.12791E-01    0.00000E+00    1.16548E+00
 6.40000E+00    3.23292E-01    0.00000E+00    9.12786E-01
 6.60000E+00    2.54307E-01    0.00000E+00    9.47070E-01
 6.80000E+00    2.00528E-01    0.00000E+00    7.46791E-01
 7.00000E+00    1.59127E-01    0.00000E+00    5.92608E-01
 7.20000E+00    1.26287E-01    0.00000E+00    4.70308E-01
 7.40000E+00    1.00735E-01    0.00000E+00    3.75149E-01
 7.60000E+00    8.05559E-02    0.00000E+00    3.00000E-01
 7.80000E+00    6.44581E-02    0.00000E+00    2.40050E-01
 8.00000E+00    5.19024E-02    0.00000E+00    1.93291E-01
 8.50000E+00    3.03361E-02    0.00000E+00    1.12975E-01
 9.00000E+00    1.79211E-02    0.00000E+00    9.10910E-02
 9.50000E+00    1.06676E-02    0.00000E+00    5.42222E-02
 1.00000E+01    6.38401E-03    0.00000E+00    3.24492E-02
 1.05000E+01    3.83821E-03    0.00000E+00    1.95092E-02
 1.10000E+01    2.31783E-03    0.00000E+00    1.17813E-02
 1.15000E+01    1.40618E-03    0.00000E+00    7.14746E-03
 1.20000E+01    8.57101E-04    0.00000E+00    4.35655E-03
 1.25000E+01    5.25060E-04    0.00000E+00    2.66882E-03
 1.30000E+01    3.23385E-04    0.00000E+00    1.92582E-03
 1.35000E+01    2.00299E-04    0.00000E+00    1.19282E-03
 1.40000E+01    1.24835E-04    0.00000E+00    7.43416E-04
 1.45000E+01    7.83037E-05    0.00000E+00    4.66313E-04
 1.50000E+01    4.94431E-05    0.00000E+00    2.94443E-04
 1.60000E+01    2.01080E-05    0.00000E+00    1.31205E-04
 1.70000E+01    8.38438E-06    0.00000E+00    5.47081E-05
 1.80000E+01    3.57605E-06    0.00000E+00    2.33337E-05
 1.90000E+01    1.55554E-06    0.00000E+00    1.01499E-05
 2.00000E+01    6.83212E-07    0.00000E+00    5.04011E-06
 2.10000E+01    3.06125E-07    0.00000E+00    2.25831E-06
 2.20000E+01    1.38595E-07    0.00000E+00    1.02243E-06
 2.30000E+01    6.34929E-08    0.00000E+00    4.68392E-07
 2.40000E+01    2.94261E-08    2.94261E-08    2.94261E-08
 2.50000E+01    1.38297E-08    1.38297E-08    1.38297E-08
 2.60000E+01    6.58616E-09    6.58616E-09    6.58616E-09
 2.70000E+01    3.17939E-09    3.17939E-09    3.17939E-09
 2.80000E+01    1.55480E-09    1.55480E-09    1.55480E-09
 2.90000E+01    7.69522E-10    7.69522E-10    7.69522E-10
 3.00000E+01    3.85097E-10    3.85097E-10    3.85097E-10
