# n + Sn125 : (n,n'06)  
# jeff3.3    A.J. Koning and D. Rochman        EVAL-DEC15
# uncertainties: n
# # energies =    90
#   E(MeV)       xs(mb) 
 9.44052E-01    0.00000E+00
 1.00000E+00    2.22934E+01
 1.06780E+00    3.37633E+01
 1.08066E+00    3.59388E+01
 1.09613E+00    3.85559E+01
 1.19709E+00    5.56355E+01
 1.20000E+00    5.61278E+01
 1.22870E+00    5.81603E+01
 1.26907E+00    6.10192E+01
 1.37352E+00    6.84162E+01
 1.40000E+00    7.02915E+01
 1.55274E+00    7.73286E+01
 1.60000E+00    7.95060E+01
 1.77119E+00    8.62342E+01
 1.80000E+00    8.73665E+01
 1.81756E+00    8.75948E+01
 1.89044E+00    8.85424E+01
 1.89519E+00    8.86042E+01
 1.90808E+00    8.87718E+01
 2.00000E+00    8.99669E+01
 2.07613E+00    9.09239E+01
 2.09276E+00    9.11329E+01
 2.15285E+00    9.18883E+01
 2.19367E+00    9.24014E+01
 2.20000E+00    9.24810E+01
 2.26767E+00    9.19505E+01
 2.30265E+00    9.16762E+01
 2.32674E+00    9.14874E+01
 2.35033E+00    9.13024E+01
 2.36615E+00    9.11784E+01
 2.37402E+00    9.11167E+01
 2.40000E+00    9.09130E+01
 2.48208E+00    8.87021E+01
 2.60000E+00    8.55257E+01
 2.80000E+00    7.22970E+01
 3.00000E+00    5.77725E+01
 3.20000E+00    4.51182E+01
 3.40000E+00    3.49823E+01
 3.60000E+00    2.71492E+01
 3.80000E+00    2.11662E+01
 4.00000E+00    1.65865E+01
 4.20000E+00    1.30492E+01
 4.40000E+00    1.02842E+01
 4.60000E+00    8.09737E+00
 4.80000E+00    6.36266E+00
 5.00000E+00    4.98269E+00
 5.20000E+00    3.88574E+00
 5.40000E+00    3.02244E+00
 5.60000E+00    2.34496E+00
 5.80000E+00    1.81758E+00
 6.00000E+00    1.40661E+00
 6.20000E+00    1.08891E+00
 6.40000E+00    8.40996E-01
 6.60000E+00    6.51904E-01
 6.80000E+00    5.06357E-01
 7.00000E+00    3.95899E-01
 7.20000E+00    3.10328E-01
 7.40000E+00    2.44996E-01
 7.60000E+00    1.94603E-01
 7.80000E+00    1.55435E-01
 8.00000E+00    1.25542E-01
 8.50000E+00    7.63524E-02
 9.00000E+00    4.96633E-02
 9.50000E+00    3.48615E-02
 1.00000E+01    2.64803E-02
 1.05000E+01    2.16434E-02
 1.10000E+01    1.87932E-02
 1.15000E+01    1.70703E-02
 1.20000E+01    1.59926E-02
 1.25000E+01    1.52879E-02
 1.30000E+01    1.48012E-02
 1.35000E+01    1.44441E-02
 1.40000E+01    1.41670E-02
 1.45000E+01    1.39420E-02
 1.50000E+01    1.37535E-02
 1.60000E+01    1.34507E-02
 1.70000E+01    1.32135E-02
 1.80000E+01    1.30182E-02
 1.90000E+01    1.28541E-02
 2.00000E+01    1.27104E-02
 2.10000E+01    1.25645E-02
 2.20000E+01    1.23899E-02
 2.30000E+01    1.21741E-02
 2.40000E+01    1.19270E-02
 2.50000E+01    1.16710E-02
 2.60000E+01    1.14282E-02
 2.70000E+01    1.12115E-02
 2.80000E+01    1.10226E-02
 2.90000E+01    1.08540E-02
 3.00000E+01    1.06929E-02
