# n + Sn125 : (n,n'08)  
# jeff3.3    A.J. Koning and D. Rochman        EVAL-DEC15
# uncertainties: n
# # energies =    87
#   E(MeV)       xs(mb) 
 1.08066E+00    0.00000E+00
 1.09613E+00    1.54563E-01
 1.19709E+00    1.16327E+00
 1.20000E+00    1.19234E+00
 1.22870E+00    1.44539E+00
 1.26907E+00    1.80132E+00
 1.37352E+00    2.72225E+00
 1.40000E+00    2.95572E+00
 1.55274E+00    4.40310E+00
 1.60000E+00    4.85094E+00
 1.77119E+00    6.67741E+00
 1.80000E+00    6.98479E+00
 1.81756E+00    7.16009E+00
 1.89044E+00    7.88763E+00
 1.89519E+00    7.93505E+00
 1.90808E+00    8.06373E+00
 2.00000E+00    8.98135E+00
 2.07613E+00    9.77502E+00
 2.09276E+00    9.94840E+00
 2.15285E+00    1.05749E+01
 2.19367E+00    1.10004E+01
 2.20000E+00    1.10664E+01
 2.26767E+00    1.16096E+01
 2.30265E+00    1.18904E+01
 2.32674E+00    1.20838E+01
 2.35033E+00    1.22732E+01
 2.36615E+00    1.24002E+01
 2.37402E+00    1.24634E+01
 2.40000E+00    1.26719E+01
 2.48208E+00    1.30256E+01
 2.60000E+00    1.35337E+01
 2.80000E+00    1.29632E+01
 3.00000E+00    1.16379E+01
 3.20000E+00    1.00992E+01
 3.40000E+00    8.59749E+00
 3.60000E+00    7.24013E+00
 3.80000E+00    6.05873E+00
 4.00000E+00    5.04724E+00
 4.20000E+00    4.18671E+00
 4.40000E+00    3.45495E+00
 4.60000E+00    2.83175E+00
 4.80000E+00    2.30450E+00
 5.00000E+00    1.86071E+00
 5.20000E+00    1.49038E+00
 5.40000E+00    1.18533E+00
 5.60000E+00    9.37939E-01
 5.80000E+00    7.39151E-01
 6.00000E+00    5.80054E-01
 6.20000E+00    4.54122E-01
 6.40000E+00    3.54000E-01
 6.60000E+00    2.76131E-01
 6.80000E+00    2.15386E-01
 7.00000E+00    1.68746E-01
 7.20000E+00    1.32030E-01
 7.40000E+00    1.03813E-01
 7.60000E+00    8.17917E-02
 7.80000E+00    6.45287E-02
 8.00000E+00    5.12621E-02
 8.50000E+00    2.91021E-02
 9.00000E+00    1.68342E-02
 9.50000E+00    9.88878E-03
 1.00000E+01    5.87634E-03
 1.05000E+01    3.52301E-03
 1.10000E+01    2.12715E-03
 1.15000E+01    1.29257E-03
 1.20000E+01    7.90141E-04
 1.25000E+01    4.85922E-04
 1.30000E+01    3.00618E-04
 1.35000E+01    1.87056E-04
 1.40000E+01    1.17089E-04
 1.45000E+01    7.37283E-05
 1.50000E+01    4.67057E-05
 1.60000E+01    1.90850E-05
 1.70000E+01    7.97904E-06
 1.80000E+01    3.40683E-06
 1.90000E+01    1.48280E-06
 2.00000E+01    6.52338E-07
 2.10000E+01    2.93353E-07
 2.20000E+01    1.33472E-07
 2.30000E+01    6.14503E-08
 2.40000E+01    2.85876E-08
 2.50000E+01    1.34653E-08
 2.60000E+01    6.41857E-09
 2.70000E+01    3.09935E-09
 2.80000E+01    1.51603E-09
 2.90000E+01    7.50800E-10
 3.00000E+01    3.76146E-10
