# n + Sn125 : (n,n'11)  
# jeff3.3    A.J. Koning and D. Rochman        EVAL-DEC15
# uncertainties: n
# # energies =    83
#   E(MeV)       xs(mb) 
 1.22870E+00    0.00000E+00
 1.26907E+00    3.07783E+01
 1.37352E+00    1.10411E+02
 1.40000E+00    1.30600E+02
 1.55274E+00    1.68683E+02
 1.60000E+00    1.80466E+02
 1.77119E+00    2.03842E+02
 1.80000E+00    2.07776E+02
 1.81756E+00    2.08521E+02
 1.89044E+00    2.11616E+02
 1.89519E+00    2.11817E+02
 1.90808E+00    2.12365E+02
 2.00000E+00    2.16267E+02
 2.07613E+00    2.17586E+02
 2.09276E+00    2.17874E+02
 2.15285E+00    2.18916E+02
 2.19367E+00    2.19623E+02
 2.20000E+00    2.19733E+02
 2.26767E+00    2.19291E+02
 2.30265E+00    2.19063E+02
 2.32674E+00    2.18905E+02
 2.35033E+00    2.18751E+02
 2.36615E+00    2.18648E+02
 2.37402E+00    2.18597E+02
 2.40000E+00    2.18427E+02
 2.48208E+00    2.14244E+02
 2.60000E+00    2.08235E+02
 2.80000E+00    1.77069E+02
 3.00000E+00    1.42289E+02
 3.20000E+00    1.12113E+02
 3.40000E+00    8.82346E+01
 3.60000E+00    7.00985E+01
 3.80000E+00    5.65692E+01
 4.00000E+00    4.65282E+01
 4.20000E+00    3.90599E+01
 4.40000E+00    3.34610E+01
 4.60000E+00    2.92085E+01
 4.80000E+00    2.59430E+01
 5.00000E+00    2.33914E+01
 5.20000E+00    2.13627E+01
 5.40000E+00    1.97213E+01
 5.60000E+00    1.83698E+01
 5.80000E+00    1.72417E+01
 6.00000E+00    1.62737E+01
 6.20000E+00    1.54338E+01
 6.40000E+00    1.46905E+01
 6.60000E+00    1.40313E+01
 6.80000E+00    1.34377E+01
 7.00000E+00    1.29036E+01
 7.20000E+00    1.24161E+01
 7.40000E+00    1.19730E+01
 7.60000E+00    1.15688E+01
 7.80000E+00    1.11997E+01
 8.00000E+00    1.08642E+01
 8.50000E+00    1.01494E+01
 9.00000E+00    9.58094E+00
 9.50000E+00    9.12019E+00
 1.00000E+01    8.73273E+00
 1.05000E+01    8.39108E+00
 1.10000E+01    8.07645E+00
 1.15000E+01    7.77830E+00
 1.20000E+01    7.49227E+00
 1.25000E+01    7.21796E+00
 1.30000E+01    6.95668E+00
 1.35000E+01    6.71055E+00
 1.40000E+01    6.48150E+00
 1.45000E+01    6.27099E+00
 1.50000E+01    6.07952E+00
 1.60000E+01    5.75030E+00
 1.70000E+01    5.47913E+00
 1.80000E+01    5.24621E+00
 1.90000E+01    5.03754E+00
 2.00000E+01    4.84532E+00
 2.10000E+01    4.66292E+00
 2.20000E+01    4.48344E+00
 2.30000E+01    4.30365E+00
 2.40000E+01    4.12683E+00
 2.50000E+01    3.96014E+00
 2.60000E+01    3.81024E+00
 2.70000E+01    3.68061E+00
 2.80000E+01    3.57099E+00
 2.90000E+01    3.47798E+00
 3.00000E+01    3.39625E+00
