# n + Sn125 : (n,n'13)  
# jeff3.3    A.J. Koning and D. Rochman        EVAL-DEC15
# uncertainties: n
# # energies =    81
#   E(MeV)       xs(mb) 
 1.37352E+00    0.00000E+00
 1.40000E+00    5.39437E+00
 1.55274E+00    2.54289E+01
 1.60000E+00    3.16279E+01
 1.77119E+00    4.28483E+01
 1.80000E+00    4.47366E+01
 1.81756E+00    4.54180E+01
 1.89044E+00    4.82462E+01
 1.89519E+00    4.84305E+01
 1.90808E+00    4.89307E+01
 2.00000E+00    5.24977E+01
 2.07613E+00    5.51152E+01
 2.09276E+00    5.56870E+01
 2.15285E+00    5.77530E+01
 2.19367E+00    5.91565E+01
 2.20000E+00    5.93741E+01
 2.26767E+00    6.06037E+01
 2.30265E+00    6.12393E+01
 2.32674E+00    6.16770E+01
 2.35033E+00    6.21057E+01
 2.36615E+00    6.23931E+01
 2.37402E+00    6.25361E+01
 2.40000E+00    6.30082E+01
 2.48208E+00    6.29947E+01
 2.60000E+00    6.29754E+01
 2.80000E+00    5.63630E+01
 3.00000E+00    4.75609E+01
 3.20000E+00    3.91934E+01
 3.40000E+00    3.21422E+01
 3.60000E+00    2.65385E+01
 3.80000E+00    2.22197E+01
 4.00000E+00    1.89415E+01
 4.20000E+00    1.64688E+01
 4.40000E+00    1.46021E+01
 4.60000E+00    1.31819E+01
 4.80000E+00    1.20919E+01
 5.00000E+00    1.12389E+01
 5.20000E+00    1.05547E+01
 5.40000E+00    9.99037E+00
 5.60000E+00    9.50993E+00
 5.80000E+00    9.09069E+00
 6.00000E+00    8.71376E+00
 6.20000E+00    8.36868E+00
 6.40000E+00    8.04705E+00
 6.60000E+00    7.74828E+00
 6.80000E+00    7.46786E+00
 7.00000E+00    7.20612E+00
 7.20000E+00    6.96015E+00
 7.40000E+00    6.73078E+00
 7.60000E+00    6.51723E+00
 7.80000E+00    6.31888E+00
 8.00000E+00    6.13591E+00
 8.50000E+00    5.73918E+00
 9.00000E+00    5.41837E+00
 9.50000E+00    5.15679E+00
 1.00000E+01    4.93731E+00
 1.05000E+01    4.74509E+00
 1.10000E+01    4.56928E+00
 1.15000E+01    4.40332E+00
 1.20000E+01    4.24419E+00
 1.25000E+01    4.09133E+00
 1.30000E+01    3.94535E+00
 1.35000E+01    3.80740E+00
 1.40000E+01    3.67861E+00
 1.45000E+01    3.55984E+00
 1.50000E+01    3.45149E+00
 1.60000E+01    3.26467E+00
 1.70000E+01    3.11080E+00
 1.80000E+01    2.97909E+00
 1.90000E+01    2.86142E+00
 2.00000E+01    2.75321E+00
 2.10000E+01    2.65079E+00
 2.20000E+01    2.55028E+00
 2.30000E+01    2.44959E+00
 2.40000E+01    2.35021E+00
 2.50000E+01    2.25602E+00
 2.60000E+01    2.17088E+00
 2.70000E+01    2.09697E+00
 2.80000E+01    2.03434E+00
 2.90000E+01    1.98125E+00
 3.00000E+01    1.93478E+00
