# n + Sn125 : (n,n'14)  
# jeff3.3    A.J. Koning and D. Rochman        EVAL-DEC15
# uncertainties: n
# # energies =    79
#   E(MeV)       xs(mb) 
 1.55274E+00    0.00000E+00
 1.60000E+00    1.95564E+00
 1.77119E+00    7.46198E+00
 1.80000E+00    8.38865E+00
 1.81756E+00    8.75483E+00
 1.89044E+00    1.02746E+01
 1.89519E+00    1.03737E+01
 1.90808E+00    1.06425E+01
 2.00000E+00    1.25593E+01
 2.07613E+00    1.39945E+01
 2.09276E+00    1.43080E+01
 2.15285E+00    1.54408E+01
 2.19367E+00    1.62103E+01
 2.20000E+00    1.63296E+01
 2.26767E+00    1.73089E+01
 2.30265E+00    1.78152E+01
 2.32674E+00    1.81638E+01
 2.35033E+00    1.85052E+01
 2.36615E+00    1.87341E+01
 2.37402E+00    1.88480E+01
 2.40000E+00    1.92240E+01
 2.48208E+00    1.98673E+01
 2.60000E+00    2.07915E+01
 2.80000E+00    1.97949E+01
 3.00000E+00    1.74199E+01
 3.20000E+00    1.46588E+01
 3.40000E+00    1.20110E+01
 3.60000E+00    9.69238E+00
 3.80000E+00    7.76056E+00
 4.00000E+00    6.19520E+00
 4.20000E+00    4.94662E+00
 4.40000E+00    3.95702E+00
 4.60000E+00    3.17218E+00
 4.80000E+00    2.55017E+00
 5.00000E+00    2.05455E+00
 5.20000E+00    1.65782E+00
 5.40000E+00    1.33973E+00
 5.60000E+00    1.08424E+00
 5.80000E+00    8.79635E-01
 6.00000E+00    7.15450E-01
 6.20000E+00    5.84037E-01
 6.40000E+00    4.77675E-01
 6.60000E+00    3.93493E-01
 6.80000E+00    3.26250E-01
 7.00000E+00    2.73325E-01
 7.20000E+00    2.30549E-01
 7.40000E+00    1.96679E-01
 7.60000E+00    1.69436E-01
 7.80000E+00    1.47418E-01
 8.00000E+00    1.29911E-01
 8.50000E+00    9.90129E-02
 9.00000E+00    8.03084E-02
 9.50000E+00    6.86214E-02
 1.00000E+01    6.10340E-02
 1.05000E+01    5.58709E-02
 1.10000E+01    5.21505E-02
 1.15000E+01    4.92979E-02
 1.20000E+01    4.69800E-02
 1.25000E+01    4.50098E-02
 1.30000E+01    4.32830E-02
 1.35000E+01    4.17434E-02
 1.40000E+01    4.03598E-02
 1.45000E+01    3.91144E-02
 1.50000E+01    3.79955E-02
 1.60000E+01    3.60938E-02
 1.70000E+01    3.45590E-02
 1.80000E+01    3.32850E-02
 1.90000E+01    3.21921E-02
 2.00000E+01    3.12301E-02
 2.10000E+01    3.03545E-02
 2.20000E+01    2.95154E-02
 2.30000E+01    2.86778E-02
 2.40000E+01    2.78435E-02
 2.50000E+01    2.70445E-02
 2.60000E+01    2.63184E-02
 2.70000E+01    2.56888E-02
 2.80000E+01    2.51575E-02
 2.90000E+01    2.47070E-02
 3.00000E+01    2.43066E-02
