# n + Sn125 : (n,n'15)  
# jeff3.3    A.J. Koning and D. Rochman        EVAL-DEC15
# uncertainties: n
# # energies =    77
#   E(MeV)       xs(mb) 
 1.77119E+00    0.00000E+00
 1.80000E+00    1.12046E+00
 1.81756E+00    1.56140E+00
 1.89044E+00    3.39146E+00
 1.89519E+00    3.51073E+00
 1.90808E+00    3.83441E+00
 2.00000E+00    6.14257E+00
 2.07613E+00    7.49529E+00
 2.09276E+00    7.79079E+00
 2.15285E+00    8.85850E+00
 2.19367E+00    9.58381E+00
 2.20000E+00    9.69629E+00
 2.26767E+00    1.07480E+01
 2.30265E+00    1.12917E+01
 2.32674E+00    1.16661E+01
 2.35033E+00    1.20327E+01
 2.36615E+00    1.22786E+01
 2.37402E+00    1.24009E+01
 2.40000E+00    1.28047E+01
 2.48208E+00    1.38261E+01
 2.60000E+00    1.52936E+01
 2.80000E+00    1.59694E+01
 3.00000E+00    1.52538E+01
 3.20000E+00    1.38122E+01
 3.40000E+00    1.21134E+01
 3.60000E+00    1.04413E+01
 3.80000E+00    8.93789E+00
 4.00000E+00    7.65334E+00
 4.20000E+00    6.58813E+00
 4.40000E+00    5.71794E+00
 4.60000E+00    5.00930E+00
 4.80000E+00    4.43352E+00
 5.00000E+00    3.96234E+00
 5.20000E+00    3.57427E+00
 5.40000E+00    3.25396E+00
 5.60000E+00    2.98964E+00
 5.80000E+00    2.77374E+00
 6.00000E+00    2.59729E+00
 6.20000E+00    2.45606E+00
 6.40000E+00    2.34303E+00
 6.60000E+00    2.25594E+00
 6.80000E+00    2.18926E+00
 7.00000E+00    2.14056E+00
 7.20000E+00    2.10452E+00
 7.40000E+00    2.07959E+00
 7.60000E+00    2.06299E+00
 7.80000E+00    2.05254E+00
 8.00000E+00    2.04735E+00
 8.50000E+00    2.04747E+00
 9.00000E+00    2.05719E+00
 9.50000E+00    2.06904E+00
 1.00000E+01    2.07926E+00
 1.05000E+01    2.08613E+00
 1.10000E+01    2.08909E+00
 1.15000E+01    2.08810E+00
 1.20000E+01    2.08353E+00
 1.25000E+01    2.07600E+00
 1.30000E+01    2.06617E+00
 1.35000E+01    2.05471E+00
 1.40000E+01    2.04218E+00
 1.45000E+01    2.02894E+00
 1.50000E+01    2.01536E+00
 1.60000E+01    1.98821E+00
 1.70000E+01    1.96297E+00
 1.80000E+01    1.94121E+00
 1.90000E+01    1.92308E+00
 2.00000E+01    1.90713E+00
 2.10000E+01    1.89110E+00
 2.20000E+01    1.87298E+00
 2.30000E+01    1.85163E+00
 2.40000E+01    1.82698E+00
 2.50000E+01    1.79983E+00
 2.60000E+01    1.77132E+00
 2.70000E+01    1.74248E+00
 2.80000E+01    1.71387E+00
 2.90000E+01    1.68561E+00
 3.00000E+01    1.65748E+00
