# n + Sn125 : (n,n'18)  
# jeff3.3    A.J. Koning and D. Rochman        EVAL-DEC15
# uncertainties: n
# # energies =    73
#   E(MeV)       xs(mb) 
 1.89519E+00    0.00000E+00
 1.90808E+00    5.13703E+00
 2.00000E+00    4.17698E+01
 2.07613E+00    5.59944E+01
 2.09276E+00    5.91017E+01
 2.15285E+00    7.03293E+01
 2.19367E+00    7.79565E+01
 2.20000E+00    7.91392E+01
 2.26767E+00    8.48220E+01
 2.30265E+00    8.77595E+01
 2.32674E+00    8.97826E+01
 2.35033E+00    9.17636E+01
 2.36615E+00    9.30921E+01
 2.37402E+00    9.37530E+01
 2.40000E+00    9.59348E+01
 2.48208E+00    9.87396E+01
 2.60000E+00    1.02769E+02
 2.80000E+00    9.47878E+01
 3.00000E+00    8.07525E+01
 3.20000E+00    6.60794E+01
 3.40000E+00    5.29244E+01
 3.60000E+00    4.19472E+01
 3.80000E+00    3.31435E+01
 4.00000E+00    2.62526E+01
 4.20000E+00    2.09470E+01
 4.40000E+00    1.69105E+01
 4.60000E+00    1.38625E+01
 4.80000E+00    1.15832E+01
 5.00000E+00    9.88235E+00
 5.20000E+00    8.61311E+00
 5.40000E+00    7.66307E+00
 5.60000E+00    6.94475E+00
 5.80000E+00    6.39520E+00
 6.00000E+00    5.96244E+00
 6.20000E+00    5.61399E+00
 6.40000E+00    5.32300E+00
 6.60000E+00    5.07744E+00
 6.80000E+00    4.86293E+00
 7.00000E+00    4.67406E+00
 7.20000E+00    4.50205E+00
 7.40000E+00    4.34564E+00
 7.60000E+00    4.20172E+00
 7.80000E+00    4.06845E+00
 8.00000E+00    3.94585E+00
 8.50000E+00    3.67780E+00
 9.00000E+00    3.45862E+00
 9.50000E+00    3.27986E+00
 1.00000E+01    3.13278E+00
 1.05000E+01    3.00882E+00
 1.10000E+01    2.90055E+00
 1.15000E+01    2.80227E+00
 1.20000E+01    2.71037E+00
 1.25000E+01    2.62312E+00
 1.30000E+01    2.54008E+00
 1.35000E+01    2.46145E+00
 1.40000E+01    2.38769E+00
 1.45000E+01    2.31920E+00
 1.50000E+01    2.25625E+00
 1.60000E+01    2.14682E+00
 1.70000E+01    2.05722E+00
 1.80000E+01    1.98279E+00
 1.90000E+01    1.91910E+00
 2.00000E+01    1.86309E+00
 2.10000E+01    1.81225E+00
 2.20000E+01    1.76390E+00
 2.30000E+01    1.71586E+00
 2.40000E+01    1.66779E+00
 2.50000E+01    1.62118E+00
 2.60000E+01    1.57818E+00
 2.70000E+01    1.54038E+00
 2.80000E+01    1.50819E+00
 2.90000E+01    1.48085E+00
 3.00000E+01    1.45674E+00
