# n + Sn125 : (n,n'21)  
# jeff3.3    A.J. Koning and D. Rochman        EVAL-DEC15
# uncertainties: n
# # energies =    69
#   E(MeV)       xs(mb) 
 2.09276E+00    0.00000E+00
 2.15285E+00    5.70618E+00
 2.19367E+00    9.58250E+00
 2.20000E+00    1.01836E+01
 2.26767E+00    1.29468E+01
 2.30265E+00    1.43752E+01
 2.32674E+00    1.53589E+01
 2.35033E+00    1.63222E+01
 2.36615E+00    1.69682E+01
 2.37402E+00    1.72895E+01
 2.40000E+00    1.83504E+01
 2.48208E+00    2.08644E+01
 2.60000E+00    2.44760E+01
 2.80000E+00    2.81870E+01
 3.00000E+00    2.95401E+01
 3.20000E+00    2.89228E+01
 3.40000E+00    2.68065E+01
 3.60000E+00    2.37446E+01
 3.80000E+00    2.02706E+01
 4.00000E+00    1.68005E+01
 4.20000E+00    1.36167E+01
 4.40000E+00    1.08677E+01
 4.60000E+00    8.58691E+00
 4.80000E+00    6.75744E+00
 5.00000E+00    5.31053E+00
 5.20000E+00    4.17671E+00
 5.40000E+00    3.29074E+00
 5.60000E+00    2.59707E+00
 5.80000E+00    2.05499E+00
 6.00000E+00    1.62622E+00
 6.20000E+00    1.28875E+00
 6.40000E+00    1.02071E+00
 6.60000E+00    8.12992E-01
 6.80000E+00    6.50127E-01
 7.00000E+00    5.24989E-01
 7.20000E+00    4.26527E-01
 7.40000E+00    3.50791E-01
 7.60000E+00    2.91880E-01
 7.80000E+00    2.45893E-01
 8.00000E+00    2.10782E-01
 8.50000E+00    1.53076E-01
 9.00000E+00    1.22271E-01
 9.50000E+00    1.05686E-01
 1.00000E+01    9.66548E-02
 1.05000E+01    9.16488E-02
 1.10000E+01    8.87710E-02
 1.15000E+01    8.69948E-02
 1.20000E+01    8.57644E-02
 1.25000E+01    8.47881E-02
 1.30000E+01    8.39185E-02
 1.35000E+01    8.30873E-02
 1.40000E+01    8.22654E-02
 1.45000E+01    8.14412E-02
 1.50000E+01    8.06117E-02
 1.60000E+01    7.89482E-02
 1.70000E+01    7.73281E-02
 1.80000E+01    7.58061E-02
 1.90000E+01    7.43987E-02
 2.00000E+01    7.30706E-02
 2.10000E+01    7.17623E-02
 2.20000E+01    7.04217E-02
 2.30000E+01    6.90184E-02
 2.40000E+01    6.75501E-02
 2.50000E+01    6.60367E-02
 2.60000E+01    6.45133E-02
 2.70000E+01    6.30141E-02
 2.80000E+01    6.15625E-02
 2.90000E+01    6.01677E-02
 3.00000E+01    5.88272E-02
