# n + Sn125 : (n,n'23)  
# jeff3.3    A.J. Koning and D. Rochman        EVAL-DEC15
# uncertainties: n
# # energies =    67
#   E(MeV)       xs(mb) 
 2.19367E+00    0.00000E+00
 2.20000E+00    2.95214E-01
 2.26767E+00    1.47568E+00
 2.30265E+00    2.08588E+00
 2.32674E+00    2.50612E+00
 2.35033E+00    2.91764E+00
 2.36615E+00    3.19360E+00
 2.37402E+00    3.33089E+00
 2.40000E+00    3.78410E+00
 2.48208E+00    4.70029E+00
 2.60000E+00    6.01654E+00
 2.80000E+00    7.39905E+00
 3.00000E+00    8.05237E+00
 3.20000E+00    8.10703E+00
 3.40000E+00    7.72859E+00
 3.60000E+00    7.09479E+00
 3.80000E+00    6.35512E+00
 4.00000E+00    5.61389E+00
 4.20000E+00    4.93278E+00
 4.40000E+00    4.33982E+00
 4.60000E+00    3.84013E+00
 4.80000E+00    3.42992E+00
 5.00000E+00    3.09648E+00
 5.20000E+00    2.82605E+00
 5.40000E+00    2.60605E+00
 5.60000E+00    2.42505E+00
 5.80000E+00    2.27483E+00
 6.00000E+00    2.14703E+00
 6.20000E+00    2.03704E+00
 6.40000E+00    1.93958E+00
 6.60000E+00    1.85468E+00
 6.80000E+00    1.77884E+00
 7.00000E+00    1.71134E+00
 7.20000E+00    1.64933E+00
 7.40000E+00    1.59296E+00
 7.60000E+00    1.54094E+00
 7.80000E+00    1.49262E+00
 8.00000E+00    1.44820E+00
 8.50000E+00    1.35027E+00
 9.00000E+00    1.26924E+00
 9.50000E+00    1.20255E+00
 1.00000E+01    1.14764E+00
 1.05000E+01    1.10185E+00
 1.10000E+01    1.06262E+00
 1.15000E+01    1.02771E+00
 1.20000E+01    9.95493E-01
 1.25000E+01    9.65037E-01
 1.30000E+01    9.35962E-01
 1.35000E+01    9.08258E-01
 1.40000E+01    8.82071E-01
 1.45000E+01    8.57571E-01
 1.50000E+01    8.34887E-01
 1.60000E+01    7.95110E-01
 1.70000E+01    7.62328E-01
 1.80000E+01    7.35138E-01
 1.90000E+01    7.11987E-01
 2.00000E+01    6.91667E-01
 2.10000E+01    6.73253E-01
 2.20000E+01    6.55842E-01
 2.30000E+01    6.38642E-01
 2.40000E+01    6.21405E-01
 2.50000E+01    6.04529E-01
 2.60000E+01    5.88751E-01
 2.70000E+01    5.74696E-01
 2.80000E+01    5.62609E-01
 2.90000E+01    5.52300E-01
 3.00000E+01    5.43249E-01
