# n + Sn125 : (n,n'25)  
# jeff3.3    A.J. Koning and D. Rochman        EVAL-DEC15
# uncertainties: n
# # energies =    64
#   E(MeV)       xs(mb) 
 2.30265E+00    0.00000E+00
 2.32674E+00    5.66614E+00
 2.35033E+00    1.12147E+01
 2.36615E+00    1.49356E+01
 2.37402E+00    1.67867E+01
 2.40000E+00    2.28974E+01
 2.48208E+00    3.22972E+01
 2.60000E+00    4.58014E+01
 2.80000E+00    4.93962E+01
 3.00000E+00    4.62849E+01
 3.20000E+00    4.13446E+01
 3.40000E+00    3.61819E+01
 3.60000E+00    3.13605E+01
 3.80000E+00    2.71029E+01
 4.00000E+00    2.34843E+01
 4.20000E+00    2.05001E+01
 4.40000E+00    1.80953E+01
 4.60000E+00    1.61870E+01
 4.80000E+00    1.46976E+01
 5.00000E+00    1.35441E+01
 5.20000E+00    1.26547E+01
 5.40000E+00    1.19694E+01
 5.60000E+00    1.14365E+01
 5.80000E+00    1.10164E+01
 6.00000E+00    1.06721E+01
 6.20000E+00    1.03798E+01
 6.40000E+00    1.01175E+01
 6.60000E+00    9.87749E+00
 6.80000E+00    9.64885E+00
 7.00000E+00    9.42839E+00
 7.20000E+00    9.21002E+00
 7.40000E+00    8.99540E+00
 7.60000E+00    8.78378E+00
 7.80000E+00    8.57576E+00
 8.00000E+00    8.37372E+00
 8.50000E+00    7.89814E+00
 9.00000E+00    7.47601E+00
 9.50000E+00    7.11220E+00
 1.00000E+01    6.80315E+00
 1.05000E+01    6.53963E+00
 1.10000E+01    6.30988E+00
 1.15000E+01    6.10248E+00
 1.20000E+01    5.90846E+00
 1.25000E+01    5.72267E+00
 1.30000E+01    5.54312E+00
 1.35000E+01    5.37016E+00
 1.40000E+01    5.20508E+00
 1.45000E+01    5.04931E+00
 1.50000E+01    4.90394E+00
 1.60000E+01    4.64638E+00
 1.70000E+01    4.43091E+00
 1.80000E+01    4.24866E+00
 1.90000E+01    4.08913E+00
 2.00000E+01    3.94446E+00
 2.10000E+01    3.80946E+00
 2.20000E+01    3.67955E+00
 2.30000E+01    3.55067E+00
 2.40000E+01    3.42175E+00
 2.50000E+01    3.29559E+00
 2.60000E+01    3.17720E+00
 2.70000E+01    3.07104E+00
 2.80000E+01    2.97922E+00
 2.90000E+01    2.90112E+00
 3.00000E+01    2.83389E+00
