# n + Sn125 : (n,n'28)  
# jeff3.3    A.J. Koning and D. Rochman        EVAL-DEC15
# uncertainties: n
# # energies =    61
#   E(MeV)       xs(mb) 
 2.36615E+00    0.00000E+00
 2.37402E+00    4.28083E-02
 2.40000E+00    1.84121E-01
 2.48208E+00    6.59639E-01
 2.60000E+00    1.34279E+00
 2.80000E+00    2.09204E+00
 3.00000E+00    2.54292E+00
 3.20000E+00    2.77496E+00
 3.40000E+00    2.83030E+00
 3.60000E+00    2.75469E+00
 3.80000E+00    2.59684E+00
 4.00000E+00    2.39910E+00
 4.20000E+00    2.19285E+00
 4.40000E+00    1.99759E+00
 4.60000E+00    1.82316E+00
 4.80000E+00    1.67438E+00
 5.00000E+00    1.55092E+00
 5.20000E+00    1.45046E+00
 5.40000E+00    1.36985E+00
 5.60000E+00    1.30530E+00
 5.80000E+00    1.25350E+00
 6.00000E+00    1.21066E+00
 6.20000E+00    1.17423E+00
 6.40000E+00    1.14151E+00
 6.60000E+00    1.11199E+00
 6.80000E+00    1.08417E+00
 7.00000E+00    1.05789E+00
 7.20000E+00    1.03194E+00
 7.40000E+00    1.00671E+00
 7.60000E+00    9.81973E-01
 7.80000E+00    9.57691E-01
 8.00000E+00    9.34248E-01
 8.50000E+00    8.79128E-01
 9.00000E+00    8.30336E-01
 9.50000E+00    7.88449E-01
 1.00000E+01    7.53136E-01
 1.05000E+01    7.23422E-01
 1.10000E+01    6.98010E-01
 1.15000E+01    6.75571E-01
 1.20000E+01    6.55016E-01
 1.25000E+01    6.35645E-01
 1.30000E+01    6.17128E-01
 1.35000E+01    5.99417E-01
 1.40000E+01    5.82594E-01
 1.45000E+01    5.66779E-01
 1.50000E+01    5.52069E-01
 1.60000E+01    5.26123E-01
 1.70000E+01    5.04632E-01
 1.80000E+01    4.86804E-01
 1.90000E+01    4.71663E-01
 2.00000E+01    4.58393E-01
 2.10000E+01    4.46374E-01
 2.20000E+01    4.35040E-01
 2.30000E+01    4.23883E-01
 2.40000E+01    4.12704E-01
 2.50000E+01    4.01707E-01
 2.60000E+01    3.91345E-01
 2.70000E+01    3.82041E-01
 2.80000E+01    3.73986E-01
 2.90000E+01    3.67094E-01
 3.00000E+01    3.61050E-01
