# n + Sn125 : (n,n'29)  
# jeff3.3    A.J. Koning and D. Rochman        EVAL-DEC15
# uncertainties: n
# # energies =    60
#   E(MeV)       xs(mb) 
 2.37402E+00    0.00000E+00
 2.40000E+00    1.97460E+00
 2.48208E+00    5.11093E+00
 2.60000E+00    9.61673E+00
 2.80000E+00    1.24485E+01
 3.00000E+00    1.31758E+01
 3.20000E+00    1.28962E+01
 3.40000E+00    1.20363E+01
 3.60000E+00    1.08614E+01
 3.80000E+00    9.57340E+00
 4.00000E+00    8.31507E+00
 4.20000E+00    7.17385E+00
 4.40000E+00    6.18937E+00
 4.60000E+00    5.36780E+00
 4.80000E+00    4.70117E+00
 5.00000E+00    4.16790E+00
 5.20000E+00    3.74463E+00
 5.40000E+00    3.40975E+00
 5.60000E+00    3.14337E+00
 5.80000E+00    2.93038E+00
 6.00000E+00    2.75602E+00
 6.20000E+00    2.61131E+00
 6.40000E+00    2.48712E+00
 6.60000E+00    2.38125E+00
 6.80000E+00    2.28839E+00
 7.00000E+00    2.20703E+00
 7.20000E+00    2.13246E+00
 7.40000E+00    2.06471E+00
 7.60000E+00    2.00204E+00
 7.80000E+00    1.94344E+00
 8.00000E+00    1.88909E+00
 8.50000E+00    1.76742E+00
 9.00000E+00    1.66448E+00
 9.50000E+00    1.57823E+00
 1.00000E+01    1.50648E+00
 1.05000E+01    1.44659E+00
 1.10000E+01    1.39559E+00
 1.15000E+01    1.35068E+00
 1.20000E+01    1.30961E+00
 1.25000E+01    1.27095E+00
 1.30000E+01    1.23399E+00
 1.35000E+01    1.19862E+00
 1.40000E+01    1.16503E+00
 1.45000E+01    1.13344E+00
 1.50000E+01    1.10405E+00
 1.60000E+01    1.05220E+00
 1.70000E+01    1.00924E+00
 1.80000E+01    9.73607E-01
 1.90000E+01    9.43343E-01
 2.00000E+01    9.16818E-01
 2.10000E+01    8.92799E-01
 2.20000E+01    8.70149E-01
 2.30000E+01    8.47856E-01
 2.40000E+01    8.25520E-01
 2.50000E+01    8.03541E-01
 2.60000E+01    7.82827E-01
 2.70000E+01    7.64220E-01
 2.80000E+01    7.48106E-01
 2.90000E+01    7.34315E-01
 3.00000E+01    7.22223E-01
