# n + Sn125 :  n        
# jeff3.3    A.J. Koning and D. Rochman        EVAL-DEC15
# uncertainties: y
# # energies =    58
#   E(MeV)       xs(mb)       xslow(mb)      xsupp(mb)
 2.37402E+00    0.00000E+00    0.00000E+00    0.00000E+00
 2.60000E+00    6.66219E+01    5.77223E+01    7.55215E+01
 2.80000E+00    3.34229E+02    2.89581E+02    3.78876E+02
 3.00000E+00    6.51817E+02    5.64744E+02    7.38889E+02
 3.20000E+00    9.48621E+02    8.21900E+02    1.07534E+03
 3.40000E+00    1.20587E+03    1.04479E+03    1.36696E+03
 3.60000E+00    1.42191E+03    1.23197E+03    1.61186E+03
 3.80000E+00    1.59891E+03    1.38532E+03    1.81249E+03
 4.00000E+00    1.74070E+03    1.50817E+03    1.97323E+03
 4.20000E+00    1.85101E+03    1.60375E+03    2.09828E+03
 4.40000E+00    1.93400E+03    1.67565E+03    2.19235E+03
 4.60000E+00    1.99385E+03    1.84916E+03    2.13854E+03
 4.80000E+00    2.03446E+03    1.88682E+03    2.18210E+03
 5.00000E+00    2.05962E+03    1.91016E+03    2.20909E+03
 5.20000E+00    2.07277E+03    1.92235E+03    2.22319E+03
 5.40000E+00    2.07676E+03    1.92605E+03    2.22747E+03
 5.60000E+00    2.07405E+03    1.92354E+03    2.22457E+03
 5.80000E+00    2.06761E+03    1.91757E+03    2.21766E+03
 6.00000E+00    2.05199E+03    1.90307E+03    2.20090E+03
 6.20000E+00    2.02615E+03    1.87912E+03    2.17319E+03
 6.40000E+00    1.99275E+03    1.84813E+03    2.13736E+03
 6.60000E+00    1.95218E+03    1.64023E+03    2.26414E+03
 6.80000E+00    1.90848E+03    1.60351E+03    2.21345E+03
 7.00000E+00    1.86216E+03    1.56459E+03    2.15973E+03
 7.20000E+00    1.81548E+03    1.52537E+03    2.10559E+03
 7.40000E+00    1.76457E+03    1.48260E+03    2.04654E+03
 7.60000E+00    1.71264E+03    1.43897E+03    1.98632E+03
 7.80000E+00    1.66058E+03    1.39522E+03    1.92594E+03
 8.00000E+00    1.60703E+03    1.35023E+03    1.86383E+03
 8.50000E+00    1.38865E+03    1.16675E+03    1.61056E+03
 9.00000E+00    1.12429E+03    5.16123E+02    1.73245E+03
 9.50000E+00    8.76461E+02    4.02355E+02    1.35057E+03
 1.00000E+01    6.78271E+02    3.11372E+02    1.04517E+03
 1.05000E+01    5.33501E+02    2.44913E+02    8.22090E+02
 1.10000E+01    4.23408E+02    1.94373E+02    6.52443E+02
 1.15000E+01    3.56901E+02    1.63841E+02    5.49960E+02
 1.20000E+01    3.03524E+02    1.39338E+02    4.67710E+02
 1.25000E+01    2.65486E+02    1.21876E+02    4.09096E+02
 1.30000E+01    2.36678E+02    9.27287E+01    3.80627E+02
 1.35000E+01    2.17814E+02    8.53380E+01    3.50290E+02
 1.40000E+01    2.02850E+02    7.94752E+01    3.26225E+02
 1.45000E+01    1.91984E+02    7.52178E+01    3.08749E+02
 1.50000E+01    1.83541E+02    7.19101E+01    2.95172E+02
 1.60000E+01    1.70883E+02    6.72793E+01    2.74486E+02
 1.70000E+01    1.61255E+02    6.34885E+01    2.59020E+02
 1.80000E+01    1.52495E+02    6.00398E+01    2.44950E+02
 1.90000E+01    1.45378E+02    5.72376E+01    2.33518E+02
 2.00000E+01    1.41710E+02    5.86668E+01    2.24752E+02
 2.10000E+01    1.34800E+02    5.58065E+01    2.13795E+02
 2.20000E+01    1.28943E+02    5.33817E+01    2.04505E+02
 2.30000E+01    1.21819E+02    5.04322E+01    1.93206E+02
 2.40000E+01    1.16451E+02    5.14574E+01    1.81445E+02
 2.50000E+01    1.11156E+02    4.91174E+01    1.73194E+02
 2.60000E+01    1.07170E+02    4.73564E+01    1.66984E+02
 2.70000E+01    1.03179E+02    4.55928E+01    1.60766E+02
 2.80000E+01    1.00069E+02    4.42183E+01    1.55919E+02
 2.90000E+01    9.66314E+01    4.26995E+01    1.50563E+02
 3.00000E+01    9.32799E+01    4.12185E+01    1.45341E+02
