# n + Ac225 : (n,n'09)  
# jeff3.3    O.Iwamoto, T.Nakagawa, et al.     EVAL-FEB10
# uncertainties: y
# # energies =    67
#   E(MeV)       xs(mb)       xslow(mb)      xsupp(mb)
 1.56348E-01    0.00000E+00    0.00000E+00    0.00000E+00
 1.70000E-01    6.60432E+01    5.03249E+01    8.17615E+01
 1.71556E-01    6.95270E+01    5.29796E+01    8.60744E+01
 1.99601E-01    1.15293E+02    8.78533E+01    1.42733E+02
 2.00000E-01    1.15825E+02    8.82586E+01    1.43391E+02
 2.00746E-01    1.16563E+02    8.88210E+01    1.44305E+02
 2.21991E-01    1.32561E+02    1.01011E+02    1.64111E+02
 2.36556E-01    1.39555E+02    1.06341E+02    1.72769E+02
 2.50000E-01    1.45889E+02    1.11167E+02    1.80611E+02
 3.00000E-01    1.64395E+02    1.28557E+02    2.00233E+02
 4.00000E-01    1.64472E+02    1.27959E+02    2.00985E+02
 5.00000E-01    1.60434E+02    1.24818E+02    1.96050E+02
 6.00000E-01    1.40499E+02    1.10713E+02    1.70285E+02
 7.00000E-01    1.24692E+02    9.82573E+01    1.51127E+02
 8.00000E-01    1.06293E+02    8.29085E+01    1.29677E+02
 9.00000E-01    9.07459E+01    7.07818E+01    1.10710E+02
 1.00000E+00    7.72609E+01    5.93364E+01    9.51854E+01
 1.10000E+00    6.56095E+01    5.03881E+01    8.08309E+01
 1.20000E+00    5.56958E+01    4.22731E+01    6.91185E+01
 1.30000E+00    4.71123E+01    3.57582E+01    5.84664E+01
 1.40000E+00    3.96641E+01    3.01051E+01    4.92231E+01
 1.50000E+00    3.34236E+01    2.59033E+01    4.09439E+01
 1.60000E+00    2.80756E+01    2.17586E+01    3.43926E+01
 1.70000E+00    2.35484E+01    1.82500E+01    2.88468E+01
 1.80000E+00    1.96916E+01    1.52610E+01    2.41222E+01
 1.90000E+00    1.64335E+01    1.27360E+01    2.01310E+01
 2.00000E+00    1.36809E+01    1.11499E+01    1.62119E+01
 2.10000E+00    1.13684E+01    9.26525E+00    1.34716E+01
 2.20000E+00    9.42071E+00    7.67788E+00    1.11635E+01
 2.40000E+00    6.43127E+00    5.24149E+00    7.62105E+00
 2.60000E+00    4.35522E+00    3.56257E+00    5.14787E+00
 2.80000E+00    2.94305E+00    2.40742E+00    3.47869E+00
 3.00000E+00    1.97094E+00    1.51368E+00    2.42820E+00
 3.50000E+00    7.26088E-01    5.22057E-01    9.30119E-01
 4.00000E+00    2.78286E-01    1.91461E-01    3.65111E-01
 4.50000E+00    1.19537E-01    8.22414E-02    1.56833E-01
 5.00000E+00    6.32196E-02    4.72250E-02    7.92142E-02
 5.50000E+00    4.12727E-02    3.08307E-02    5.17147E-02
 6.00000E+00    3.20644E-02    2.47858E-02    3.93430E-02
 6.50000E+00    2.72835E-02    2.10901E-02    3.34769E-02
 7.00000E+00    2.45778E-02    1.85071E-02    3.06485E-02
 7.50000E+00    2.26476E-02    1.70536E-02    2.82416E-02
 8.00000E+00    2.12813E-02    1.58546E-02    2.67080E-02
 8.50000E+00    2.00468E-02    1.49349E-02    2.51587E-02
 9.00000E+00    1.90266E-02    1.42129E-02    2.38403E-02
 9.50000E+00    1.80364E-02    1.34732E-02    2.25996E-02
 1.00000E+01    1.71542E-02    1.29171E-02    2.13913E-02
 1.05000E+01    1.63194E-02    1.22885E-02    2.03503E-02
 1.10000E+01    1.55550E-02    1.17129E-02    1.93971E-02
 1.15000E+01    1.48480E-02    1.11805E-02    1.85155E-02
 1.20000E+01    1.41840E-02    1.08366E-02    1.75314E-02
 1.25000E+01    1.35734E-02    1.03701E-02    1.67767E-02
 1.30000E+01    1.30015E-02    9.93315E-03    1.60699E-02
 1.35000E+01    1.24801E-02    9.53480E-03    1.54254E-02
 1.40000E+01    1.19866E-02    9.26564E-03    1.47076E-02
 1.45000E+01    1.15252E-02    8.90898E-03    1.41414E-02
 1.50000E+01    1.10881E-02    8.61545E-03    1.35607E-02
 1.55000E+01    1.06832E-02    8.30085E-03    1.30656E-02
 1.60000E+01    1.02985E-02    8.04313E-03    1.25539E-02
 1.65000E+01    9.93925E-03    7.76255E-03    1.21159E-02
 1.70000E+01    9.59700E-03    7.49526E-03    1.16987E-02
 1.75000E+01    9.27530E-03    7.24401E-03    1.13066E-02
 1.80000E+01    8.96863E-03    7.06728E-03    1.08700E-02
 1.85000E+01    8.67880E-03    6.83889E-03    1.05187E-02
 1.90000E+01    8.40219E-03    6.62093E-03    1.01835E-02
 1.95000E+01    8.13268E-03    6.40855E-03    9.85681E-03
 2.00000E+01    7.87628E-03    6.20651E-03    9.54605E-03
