# n + Ac225 : (n,g)     
# eaf.2010   Manhattan project, site A         EVAL-JUN10
# uncertainties: n
# # energies =    63
#   E(MeV)       xs(mb) 
 1.00000E-11    5.03000E+07
 2.53000E-08    1.00000E+06
 6.00000E-07    2.05300E+05
 6.00001E-07    8.23260E+05
 1.00000E-06    6.35040E+05
 1.00000E-05    1.90110E+05
 1.00000E-04    5.22310E+04
 1.00000E-03    1.23490E+04
 1.00000E-02    2.71400E+03
 2.00000E-02    1.85690E+03
 4.00000E-02    1.36620E+03
 4.01790E-02    1.36380E+03
 6.49900E-02    1.00020E+03
 8.00000E-02    9.07430E+02
 1.00000E-01    8.15710E+02
 2.00000E-01    5.79420E+02
 4.00000E-01    3.77670E+02
 8.00000E-01    2.28610E+02
 1.00000E+00    1.90080E+02
 1.50000E+00    1.30350E+02
 2.00000E+00    8.82690E+01
 3.00000E+00    3.38140E+01
 4.00000E+00    1.10510E+01
 6.00000E+00    1.45060E+00
 6.69460E+00    1.15810E+00
 8.00000E+00    1.23210E+00
 9.00000E+00    1.50330E+00
 1.00000E+01    1.59580E+00
 1.10000E+01    1.54760E+00
 1.20000E+01    1.43820E+00
 1.24000E+01    1.38780E+00
 1.30000E+01    1.31060E+00
 1.35000E+01    1.24670E+00
 1.40000E+01    1.18440E+00
 1.50000E+01    1.06700E+00
 1.60000E+01    9.60910E-01
 1.80000E+01    7.82960E-01
 2.00000E+01    6.44450E-01
 2.10000E+01    5.95941E-01
 2.20000E+01    5.55077E-01
 2.30000E+01    5.21681E-01
 2.40000E+01    4.93313E-01
 2.50000E+01    4.68495E-01
 2.60000E+01    4.48373E-01
 2.70000E+01    4.31897E-01
 2.80000E+01    4.17318E-01
 2.90000E+01    4.02620E-01
 3.00000E+01    3.89907E-01
 3.20000E+01    3.66265E-01
 3.40000E+01    3.43873E-01
 3.60000E+01    3.18443E-01
 3.80000E+01    3.04664E-01
 4.00000E+01    2.90509E-01
 4.20000E+01    2.81791E-01
 4.40000E+01    2.71516E-01
 4.60000E+01    2.57590E-01
 4.80000E+01    2.51870E-01
 5.00000E+01    2.45931E-01
 5.20000E+01    2.38317E-01
 5.40000E+01    2.22906E-01
 5.60000E+01    2.14201E-01
 5.80000E+01    2.10751E-01
 6.00000E+01    2.06626E-01
