# n + Ac225 : (n,d)     
# eaf.2010   Manhattan project, site A         EVAL-JUN10
# uncertainties: n
# # energies =    62
#   E(MeV)       xs(mb) 
 2.26271E+00    0.00000E+00
 4.80000E+00    1.42008E-17
 5.00000E+00    2.14571E-16
 5.20000E+00    2.52446E-15
 5.40000E+00    2.35052E-14
 5.60000E+00    1.77732E-13
 5.80000E+00    3.57343E-12
 6.00000E+00    2.03392E-11
 6.20000E+00    1.00566E-10
 6.40000E+00    4.40109E-10
 6.60000E+00    1.01664E-09
 6.80000E+00    1.72356E-09
 7.00000E+00    1.26524E-08
 7.20000E+00    2.86051E-08
 7.40000E+00    1.11255E-07
 7.60000E+00    2.86488E-07
 7.80000E+00    4.97910E-07
 8.00000E+00    1.77990E-06
 8.50000E+00    1.27532E-05
 9.00000E+00    7.11904E-05
 9.50000E+00    3.22553E-04
 1.00000E+01    1.22335E-03
 1.05000E+01    3.97619E-03
 1.10000E+01    1.12765E-02
 1.15000E+01    2.82962E-02
 1.20000E+01    6.35363E-02
 1.25000E+01    1.28925E-01
 1.30000E+01    2.38704E-01
 1.35000E+01    4.07167E-01
 1.40000E+01    6.45800E-01
 1.45000E+01    9.59715E-01
 1.50000E+01    1.34673E+00
 1.60000E+01    2.31457E+00
 1.70000E+01    3.52760E+00
 1.80000E+01    4.82054E+00
 1.90000E+01    6.15847E+00
 2.00000E+01    7.45347E+00
 2.10000E+01    8.62389E+00
 2.20000E+01    9.58508E+00
 2.30000E+01    1.00489E+01
 2.40000E+01    1.05449E+01
 2.50000E+01    1.09554E+01
 2.60000E+01    1.12752E+01
 2.70000E+01    1.13856E+01
 2.80000E+01    1.14448E+01
 2.90000E+01    1.15139E+01
 3.00000E+01    1.13844E+01
 3.20000E+01    1.12246E+01
 3.40000E+01    1.09602E+01
 3.60000E+01    1.05182E+01
 3.80000E+01    9.93760E+00
 4.00000E+01    9.69858E+00
 4.20000E+01    9.01412E+00
 4.40000E+01    8.67428E+00
 4.60000E+01    7.93953E+00
 4.80000E+01    7.74916E+00
 5.00000E+01    7.27606E+00
 5.20000E+01    6.75459E+00
 5.40000E+01    6.60665E+00
 5.60000E+01    6.44773E+00
 5.80000E+01    5.72236E+00
 6.00000E+01    5.52365E+00
