# n + Ac225 : (n,a)     
# eaf.2010   Manhattan project, site A         EVAL-JUN10
# uncertainties: n
# # energies =   100
#   E(MeV)       xs(mb) 
 1.00000E-11    3.15871E+01
 2.53000E-08    6.27986E-01
 1.22769E-07    2.85080E-01
 6.13843E-07    7.11849E+00
 1.00000E-06    5.57140E+00
 1.00000E-03    1.59591E-01
 2.00000E-03    1.10904E-01
 5.00000E-03    7.04879E-02
 1.00000E-02    5.27543E-02
 2.00000E-02    4.27515E-02
 5.00000E-02    3.41532E-02
 1.00000E-01    2.70707E-02
 2.00000E-01    1.93378E-02
 3.00000E-01    1.66510E-02
 4.00000E-01    1.62116E-02
 5.00000E-01    1.69366E-02
 6.00000E-01    1.77646E-02
 7.00000E-01    1.88007E-02
 8.00000E-01    2.02886E-02
 9.00000E-01    2.19527E-02
 1.00000E+00    2.40023E-02
 1.20000E+00    2.85981E-02
 1.40000E+00    3.40314E-02
 1.60000E+00    3.86467E-02
 1.80000E+00    4.16376E-02
 2.00000E+00    4.29924E-02
 2.20000E+00    4.26828E-02
 2.40000E+00    4.16081E-02
 2.60000E+00    3.98887E-02
 2.80000E+00    3.77720E-02
 3.00000E+00    3.55378E-02
 3.20000E+00    3.31720E-02
 3.40000E+00    3.10178E-02
 3.60000E+00    2.90454E-02
 3.80000E+00    2.72235E-02
 4.00000E+00    2.53631E-02
 4.20000E+00    2.39635E-02
 4.40000E+00    2.26891E-02
 4.60000E+00    2.14137E-02
 4.80000E+00    2.05252E-02
 5.00000E+00    1.97517E-02
 5.20000E+00    1.90859E-02
 5.40000E+00    1.85924E-02
 5.60000E+00    1.81732E-02
 5.80000E+00    1.80661E-02
 6.00000E+00    1.80187E-02
 6.20000E+00    1.79972E-02
 6.40000E+00    1.83249E-02
 6.60000E+00    1.84461E-02
 6.80000E+00    1.90986E-02
 7.00000E+00    1.97595E-02
 7.20000E+00    2.01459E-02
 7.40000E+00    2.12765E-02
 7.60000E+00    2.16678E-02
 7.80000E+00    2.32644E-02
 8.00000E+00    2.49049E-02
 8.50000E+00    2.92365E-02
 9.00000E+00    3.58239E-02
 9.50000E+00    4.30204E-02
 1.00000E+01    5.98282E-02
 1.05000E+01    7.51392E-02
 1.10000E+01    1.07945E-01
 1.15000E+01    1.40207E-01
 1.20000E+01    2.00739E-01
 1.25000E+01    2.60123E-01
 1.30000E+01    3.58069E-01
 1.35000E+01    4.50224E-01
 1.40000E+01    5.93490E-01
 1.45000E+01    7.19433E-01
 1.50000E+01    8.99025E-01
 1.60000E+01    1.25770E+00
 1.70000E+01    1.66358E+00
 1.80000E+01    2.08049E+00
 1.90000E+01    2.60792E+00
 2.00000E+01    3.23907E+00
 2.10000E+01    3.88365E+00
 2.20000E+01    4.42342E+00
 2.30000E+01    4.61794E+00
 2.40000E+01    4.26279E+00
 2.50000E+01    3.40526E+00
 2.60000E+01    2.87851E+00
 2.70000E+01    2.47177E+00
 2.80000E+01    2.13875E+00
 2.90000E+01    1.72472E+00
 3.00000E+01    1.38507E+00
 3.20000E+01    1.12439E+00
 3.40000E+01    9.21043E-01
 3.60000E+01    6.75275E-01
 3.80000E+01    5.66269E-01
 4.00000E+01    4.93723E-01
 4.20000E+01    4.01064E-01
 4.40000E+01    2.99351E-01
 4.60000E+01    2.62136E-01
 4.80000E+01    2.38433E-01
 5.00000E+01    2.20338E-01
 5.20000E+01    1.89625E-01
 5.40000E+01    1.42373E-01
 5.60000E+01    1.21830E-01
 5.80000E+01    1.16387E-01
 6.00000E+01    1.36165E-01
