# n + Ac225 : (n,2p)    
# eaf.2010   Manhattan project, site A         EVAL-JUN10
# uncertainties: n
# # energies =    30
#   E(MeV)       xs(mb) 
 6.54976E+00    0.00000E+00
 1.70000E+01    6.81084E-12
 1.80000E+01    6.20198E-11
 1.90000E+01    3.97034E-10
 2.00000E+01    1.90083E-09
 2.10000E+01    7.89979E-09
 2.20000E+01    2.94707E-08
 2.30000E+01    1.04282E-07
 2.40000E+01    3.58178E-07
 2.50000E+01    1.16416E-06
 2.60000E+01    3.55511E-06
 2.70000E+01    9.99142E-06
 2.80000E+01    2.58339E-05
 2.90000E+01    6.19922E-05
 3.00000E+01    1.31918E-04
 3.20000E+01    4.86979E-04
 3.40000E+01    1.33785E-03
 3.60000E+01    2.98239E-03
 3.80000E+01    5.11600E-03
 4.00000E+01    8.13574E-03
 4.20000E+01    1.12545E-02
 4.40000E+01    1.52202E-02
 4.60000E+01    1.74290E-02
 4.80000E+01    2.25574E-02
 5.00000E+01    2.29382E-02
 5.20000E+01    2.54045E-02
 5.40000E+01    3.01394E-02
 5.60000E+01    3.49185E-02
 5.80000E+01    2.88282E-02
 6.00000E+01    3.18605E-02
