# n + Ac225 : (n,da)    
# eaf.2010   Manhattan project, site A         EVAL-JUN10
# uncertainties: n
# # energies =   100
#   E(MeV)       xs(mb) 
 1.00000E-11    1.00000E-17
 2.53000E-08    1.00000E-17
 1.22769E-07    1.00000E-17
 6.13843E-07    1.00000E-17
 1.00000E-06    1.00000E-17
 1.00000E-03    1.00000E-17
 2.00000E-03    1.00000E-17
 5.00000E-03    1.00000E-17
 1.00000E-02    1.00000E-17
 2.00000E-02    1.00000E-17
 5.00000E-02    1.00000E-17
 1.00000E-01    1.00000E-17
 2.00000E-01    1.00000E-17
 3.00000E-01    1.00000E-17
 4.00000E-01    1.00000E-17
 5.00000E-01    1.00000E-17
 6.00000E-01    1.00000E-17
 7.00000E-01    1.00000E-17
 8.00000E-01    1.00000E-17
 9.00000E-01    1.00000E-17
 1.00000E+00    1.00000E-17
 1.20000E+00    1.00000E-17
 1.40000E+00    1.00000E-17
 1.60000E+00    1.00000E-17
 1.80000E+00    1.00000E-17
 2.00000E+00    1.00000E-17
 2.20000E+00    1.00000E-17
 2.40000E+00    1.00000E-17
 2.60000E+00    1.00000E-17
 2.80000E+00    1.00000E-17
 3.00000E+00    1.00000E-17
 3.20000E+00    1.00000E-17
 3.40000E+00    1.00000E-17
 3.60000E+00    1.00000E-17
 3.80000E+00    1.00000E-17
 4.00000E+00    1.00000E-17
 4.20000E+00    1.00000E-17
 4.40000E+00    1.00000E-17
 4.60000E+00    1.00000E-17
 4.80000E+00    1.00000E-17
 5.00000E+00    1.00000E-17
 5.20000E+00    1.00000E-17
 5.40000E+00    1.00000E-17
 5.60000E+00    1.00000E-17
 5.80000E+00    1.00000E-17
 6.00000E+00    1.00000E-17
 6.20000E+00    1.00000E-17
 6.40000E+00    1.00000E-17
 6.60000E+00    1.00000E-17
 6.80000E+00    1.00000E-17
 7.00000E+00    1.00000E-17
 7.20000E+00    1.42567E-17
 7.40000E+00    2.01317E-12
 7.60000E+00    4.74274E-12
 7.80000E+00    1.52153E-11
 8.00000E+00    2.81515E-11
 8.50000E+00    2.09406E-10
 9.00000E+00    1.16627E-09
 9.50000E+00    5.16282E-09
 1.00000E+01    1.87930E-08
 1.05000E+01    5.80946E-08
 1.10000E+01    1.55825E-07
 1.15000E+01    3.69471E-07
 1.20000E+01    7.84392E-07
 1.25000E+01    1.50517E-06
 1.30000E+01    2.63754E-06
 1.35000E+01    4.25944E-06
 1.40000E+01    6.39913E-06
 1.45000E+01    9.01249E-06
 1.50000E+01    1.19950E-05
 1.60000E+01    1.87414E-05
 1.70000E+01    2.65165E-05
 1.80000E+01    3.48903E-05
 1.90000E+01    4.46828E-05
 2.00000E+01    5.54055E-05
 2.10000E+01    6.68676E-05
 2.20000E+01    7.70663E-05
 2.30000E+01    8.34235E-05
 2.40000E+01    8.89108E-05
 2.50000E+01    9.35971E-05
 2.60000E+01    9.97938E-05
 2.70000E+01    1.00055E-04
 2.80000E+01    1.01738E-04
 2.90000E+01    1.07690E-04
 3.00000E+01    1.06098E-04
 3.20000E+01    1.13172E-04
 3.40000E+01    1.21952E-04
 3.60000E+01    1.26797E-04
 3.80000E+01    1.29129E-04
 4.00000E+01    1.32901E-04
 4.20000E+01    1.27234E-04
 4.40000E+01    1.41108E-04
 4.60000E+01    1.20007E-04
 4.80000E+01    1.22769E-04
 5.00000E+01    1.24271E-04
 5.20000E+01    1.11198E-04
 5.40000E+01    1.19524E-04
 5.60000E+01    1.17127E-04
 5.80000E+01    9.35879E-05
 6.00000E+01    8.60209E-05
