# n + Ac225 :  n        
# eaf.2010   Manhattan project, site A         EVAL-JUN10
# uncertainties: n
# # energies =    38
#   E(MeV)       xs(mb) 
 2.76891E+00    0.00000E+00
 1.20000E+01    2.54663E-17
 1.25000E+01    2.14637E-15
 1.30000E+01    1.12064E-13
 1.35000E+01    2.63736E-12
 1.40000E+01    2.80334E-11
 1.45000E+01    2.40886E-10
 1.50000E+01    1.43520E-09
 1.60000E+01    2.76347E-08
 1.70000E+01    2.93800E-07
 1.80000E+01    1.92610E-06
 1.90000E+01    7.61383E-06
 2.00000E+01    2.32298E-05
 2.10000E+01    5.25654E-05
 2.20000E+01    9.69054E-05
 2.30000E+01    1.54563E-04
 2.40000E+01    2.22387E-04
 2.50000E+01    2.94643E-04
 2.60000E+01    3.23979E-04
 2.70000E+01    4.02721E-04
 2.80000E+01    4.61960E-04
 2.90000E+01    5.22394E-04
 3.00000E+01    5.83301E-04
 3.20000E+01    6.76118E-04
 3.40000E+01    6.42078E-04
 3.60000E+01    7.07786E-04
 3.80000E+01    8.04129E-04
 4.00000E+01    7.78729E-04
 4.20000E+01    9.08034E-04
 4.40000E+01    1.01751E-03
 4.60000E+01    1.07229E-03
 4.80000E+01    1.05066E-03
 5.00000E+01    9.98805E-04
 5.20000E+01    9.67302E-04
 5.40000E+01    9.70258E-04
 5.60000E+01    1.02088E-03
 5.80000E+01    1.02506E-03
 6.00000E+01    1.06439E-03
