# n + Ac225 :  n        
# eaf.2010   Manhattan project, site A         EVAL-JUN10
# uncertainties: n
# # energies =    36
#   E(MeV)       xs(mb) 
 9.52750E-01    0.00000E+00
 1.30000E+01    2.71401E-16
 1.35000E+01    1.71896E-14
 1.40000E+01    2.11815E-12
 1.45000E+01    2.95190E-11
 1.50000E+01    2.55968E-10
 1.60000E+01    1.04665E-08
 1.70000E+01    2.07920E-07
 1.80000E+01    2.35740E-06
 1.90000E+01    1.47389E-05
 2.00000E+01    7.02049E-05
 2.10000E+01    2.22075E-04
 2.20000E+01    5.18336E-04
 2.30000E+01    2.21913E-02
 2.40000E+01    3.72876E-02
 2.50000E+01    9.84373E-02
 2.60000E+01    1.46248E-01
 2.70000E+01    1.83804E-01
 2.80000E+01    2.35333E-01
 2.90000E+01    2.61618E-01
 3.00000E+01    2.77051E-01
 3.20000E+01    2.68987E-01
 3.40000E+01    1.08974E-01
 3.60000E+01    9.25102E-02
 3.80000E+01    1.21939E-01
 4.00000E+01    5.10651E-02
 4.20000E+01    3.62046E-02
 4.40000E+01    2.97946E-02
 4.60000E+01    2.03244E-02
 4.80000E+01    1.77516E-02
 5.00000E+01    1.62515E-02
 5.20000E+01    1.14008E-02
 5.40000E+01    1.05215E-02
 5.60000E+01    8.72517E-03
 5.80000E+01    6.38214E-03
 6.00000E+01    5.95010E-03
