# n + Ac225 : (n,na)    
# eaf.2010   Manhattan project, site A         EVAL-JUN10
# uncertainties: n
# # energies =   100
#   E(MeV)       xs(mb) 
 1.00000E-11    1.00000E-17
 2.53000E-08    1.00000E-17
 1.22769E-07    1.00000E-17
 6.13843E-07    1.00000E-17
 1.00000E-06    1.00000E-17
 1.00000E-03    1.00000E-17
 2.00000E-03    1.00000E-17
 5.00000E-03    1.00000E-17
 1.00000E-02    1.00000E-17
 2.00000E-02    1.00000E-17
 5.00000E-02    1.00000E-17
 1.00000E-01    1.00000E-17
 2.00000E-01    2.42974E-10
 3.00000E-01    8.73387E-10
 4.00000E-01    1.52079E-09
 5.00000E-01    5.36464E-08
 6.00000E-01    3.97719E-07
 7.00000E-01    2.57479E-06
 8.00000E-01    1.37134E-05
 9.00000E-01    5.42718E-05
 1.00000E+00    1.66634E-04
 1.20000E+00    8.92120E-04
 1.40000E+00    2.81559E-03
 1.60000E+00    6.22427E-03
 1.80000E+00    1.06398E-02
 2.00000E+00    1.52522E-02
 2.20000E+00    1.95230E-02
 2.40000E+00    2.30567E-02
 2.60000E+00    2.65930E-02
 2.80000E+00    2.95097E-02
 3.00000E+00    3.23423E-02
 3.20000E+00    3.60967E-02
 3.40000E+00    3.90850E-02
 3.60000E+00    4.21873E-02
 3.80000E+00    4.54907E-02
 4.00000E+00    6.25493E-02
 4.20000E+00    6.71480E-02
 4.40000E+00    7.49730E-02
 4.60000E+00    8.07697E-02
 4.80000E+00    8.73848E-02
 5.00000E+00    9.53119E-02
 5.20000E+00    1.04195E-01
 5.40000E+00    1.14370E-01
 5.60000E+00    1.26021E-01
 5.80000E+00    1.39258E-01
 6.00000E+00    1.54906E-01
 6.20000E+00    1.71897E-01
 6.40000E+00    1.91053E-01
 6.60000E+00    2.12234E-01
 6.80000E+00    2.43047E-01
 7.00000E+00    2.61650E-01
 7.20000E+00    2.68373E-01
 7.40000E+00    2.65040E-01
 7.60000E+00    2.56192E-01
 7.80000E+00    2.42939E-01
 8.00000E+00    2.27450E-01
 8.50000E+00    1.81620E-01
 9.00000E+00    1.37036E-01
 9.50000E+00    1.05427E-01
 1.00000E+01    8.71181E-02
 1.05000E+01    7.82925E-02
 1.10000E+01    7.63534E-02
 1.15000E+01    7.95925E-02
 1.20000E+01    8.73224E-02
 1.25000E+01    9.99919E-02
 1.30000E+01    1.20278E-01
 1.35000E+01    1.48313E-01
 1.40000E+01    1.87119E-01
 1.45000E+01    2.41694E-01
 1.50000E+01    3.25895E-01
 1.60000E+01    5.92026E-01
 1.70000E+01    1.04550E+00
 1.80000E+01    1.82712E+00
 1.90000E+01    2.95537E+00
 2.00000E+01    4.57344E+00
 2.10000E+01    6.81653E+00
 2.20000E+01    9.27874E+00
 2.30000E+01    1.11118E+01
 2.40000E+01    1.21005E+01
 2.50000E+01    1.16950E+01
 2.60000E+01    1.10712E+01
 2.70000E+01    1.04854E+01
 2.80000E+01    9.66949E+00
 2.90000E+01    8.63544E+00
 3.00000E+01    7.80391E+00
 3.20000E+01    6.55895E+00
 3.40000E+01    5.48630E+00
 3.60000E+01    4.91881E+00
 3.80000E+01    3.79895E+00
 4.00000E+01    3.29907E+00
 4.20000E+01    2.98403E+00
 4.40000E+01    2.32090E+00
 4.60000E+01    2.00702E+00
 4.80000E+01    1.77351E+00
 5.00000E+01    1.56027E+00
 5.20000E+01    1.13212E+00
 5.40000E+01    1.03956E+00
 5.60000E+01    9.66055E-01
 5.80000E+01    9.05316E-01
 6.00000E+01    8.41247E-01
