# n + Ac225 : (n,2na)   
# eaf.2010   Manhattan project, site A         EVAL-JUN10
# uncertainties: n
# # energies =    54
#   E(MeV)       xs(mb) 
 3.37378E-01    0.00000E+00
 6.40000E+00    2.97537E-12
 6.60000E+00    6.38334E-11
 6.80000E+00    1.05261E-04
 7.00000E+00    5.32085E-02
 7.20000E+00    4.38659E-01
 7.40000E+00    1.43898E+00
 7.60000E+00    3.01834E+00
 7.80000E+00    4.94861E+00
 8.00000E+00    7.08610E+00
 8.50000E+00    1.21113E+01
 9.00000E+00    1.62758E+01
 9.50000E+00    1.76310E+01
 1.00000E+01    1.79453E+01
 1.05000E+01    1.71883E+01
 1.10000E+01    1.61199E+01
 1.15000E+01    1.50384E+01
 1.20000E+01    1.35956E+01
 1.25000E+01    1.23952E+01
 1.30000E+01    1.12257E+01
 1.35000E+01    1.01139E+01
 1.40000E+01    8.19967E+00
 1.45000E+01    7.04724E+00
 1.50000E+01    5.80184E+00
 1.60000E+01    3.67912E+00
 1.70000E+01    2.21759E+00
 1.80000E+01    1.38281E+00
 1.90000E+01    9.95397E-01
 2.00000E+01    8.84476E-01
 2.10000E+01    9.01356E-01
 2.20000E+01    1.08114E+00
 2.30000E+01    1.56149E+00
 2.40000E+01    2.21078E+00
 2.50000E+01    3.12575E+00
 2.60000E+01    4.23592E+00
 2.70000E+01    5.20675E+00
 2.80000E+01    6.35106E+00
 2.90000E+01    7.44916E+00
 3.00000E+01    8.08776E+00
 3.20000E+01    9.10436E+00
 3.40000E+01    9.40128E+00
 3.60000E+01    9.01479E+00
 3.80000E+01    8.49484E+00
 4.00000E+01    7.84683E+00
 4.20000E+01    7.07794E+00
 4.40000E+01    6.16908E+00
 4.60000E+01    5.48416E+00
 4.80000E+01    4.90354E+00
 5.00000E+01    4.42354E+00
 5.20000E+01    3.83834E+00
 5.40000E+01    3.16419E+00
 5.60000E+01    2.72017E+00
 5.80000E+01    2.46761E+00
 6.00000E+01    2.27187E+00
