# n + Ac225 : (n,nd2a)  
# eaf.2010   Manhattan project, site A         EVAL-JUN10
# uncertainties: n
# # energies =   100
#   E(MeV)       xs(mb) 
 1.00000E-11    1.00000E-17
 2.53000E-08    1.00000E-17
 1.22769E-07    1.00000E-17
 6.13843E-07    1.00000E-17
 1.00000E-06    1.00000E-17
 1.00000E-03    1.00000E-17
 2.00000E-03    1.00000E-17
 5.00000E-03    1.00000E-17
 1.00000E-02    1.00000E-17
 2.00000E-02    1.00000E-17
 5.00000E-02    1.00000E-17
 1.00000E-01    1.00000E-17
 2.00000E-01    1.00000E-17
 3.00000E-01    1.00000E-17
 4.00000E-01    1.00000E-17
 5.00000E-01    1.00000E-17
 6.00000E-01    1.00000E-17
 7.00000E-01    1.00000E-17
 8.00000E-01    1.00000E-17
 9.00000E-01    1.00000E-17
 1.00000E+00    1.00000E-17
 1.20000E+00    1.00000E-17
 1.40000E+00    1.00000E-17
 1.60000E+00    1.00000E-17
 1.80000E+00    1.00000E-17
 2.00000E+00    1.00000E-17
 2.20000E+00    1.00000E-17
 2.40000E+00    1.00000E-17
 2.60000E+00    1.00000E-17
 2.80000E+00    1.00000E-17
 3.00000E+00    1.00000E-17
 3.20000E+00    1.00000E-17
 3.40000E+00    1.00000E-17
 3.60000E+00    1.00000E-17
 3.80000E+00    1.00000E-17
 4.00000E+00    1.00000E-17
 4.20000E+00    1.00000E-17
 4.40000E+00    1.00000E-17
 4.60000E+00    1.00000E-17
 4.80000E+00    1.00000E-17
 5.00000E+00    1.00000E-17
 5.20000E+00    1.00000E-17
 5.40000E+00    1.00000E-17
 5.60000E+00    1.00000E-17
 5.80000E+00    1.00000E-17
 6.00000E+00    1.00000E-17
 6.20000E+00    1.00000E-17
 6.40000E+00    1.00000E-17
 6.60000E+00    1.00000E-17
 6.80000E+00    1.00000E-17
 7.00000E+00    1.00000E-17
 7.20000E+00    1.00000E-17
 7.40000E+00    1.00000E-17
 7.60000E+00    1.00000E-17
 7.80000E+00    1.00000E-17
 8.00000E+00    1.00000E-17
 8.50000E+00    1.00000E-17
 9.00000E+00    1.00000E-17
 9.50000E+00    1.00000E-17
 1.00000E+01    1.00000E-17
 1.05000E+01    1.00000E-17
 1.10000E+01    1.00000E-17
 1.15000E+01    1.00000E-17
 1.20000E+01    1.00000E-17
 1.25000E+01    1.00000E-17
 1.30000E+01    1.00000E-17
 1.35000E+01    1.00000E-17
 1.40000E+01    1.00000E-17
 1.45000E+01    1.00000E-17
 1.50000E+01    1.00000E-17
 1.60000E+01    2.07011E-16
 1.70000E+01    8.48214E-13
 1.80000E+01    1.04579E-13
 1.90000E+01    1.37963E-12
 2.00000E+01    3.96492E-10
 2.10000E+01    3.66511E-10
 2.20000E+01    2.69910E-09
 2.30000E+01    1.53211E-08
 2.40000E+01    2.62571E-08
 2.50000E+01    6.47944E-08
 2.60000E+01    1.24962E-07
 2.70000E+01    2.23386E-07
 2.80000E+01    2.96510E-07
 2.90000E+01    4.70436E-07
 3.00000E+01    6.00461E-07
 3.20000E+01    8.64014E-07
 3.40000E+01    1.28582E-06
 3.60000E+01    1.81035E-06
 3.80000E+01    2.28152E-06
 4.00000E+01    2.44379E-06
 4.20000E+01    3.03013E-06
 4.40000E+01    3.49205E-06
 4.60000E+01    3.79094E-06
 4.80000E+01    3.69400E-06
 5.00000E+01    3.49658E-06
 5.20000E+01    3.46700E-06
 5.40000E+01    3.82902E-06
 5.60000E+01    4.47499E-06
 5.80000E+01    4.72495E-06
 6.00000E+01    5.19902E-06
