# n + Ac225 : (n,nt2a)  
# eaf.2010   Manhattan project, site A         EVAL-JUN10
# uncertainties: n
# # energies =   100
#   E(MeV)       xs(mb) 
 1.00000E-11    1.00000E-17
 2.53000E-08    1.00000E-17
 1.22769E-07    1.00000E-17
 6.13843E-07    1.00000E-17
 1.00000E-06    1.00000E-17
 1.00000E-03    1.00000E-17
 2.00000E-03    1.00000E-17
 5.00000E-03    1.00000E-17
 1.00000E-02    1.00000E-17
 2.00000E-02    1.00000E-17
 5.00000E-02    1.00000E-17
 1.00000E-01    1.00000E-17
 2.00000E-01    1.00000E-17
 3.00000E-01    1.00000E-17
 4.00000E-01    1.00000E-17
 5.00000E-01    1.00000E-17
 6.00000E-01    1.00000E-17
 7.00000E-01    1.00000E-17
 8.00000E-01    1.00000E-17
 9.00000E-01    1.00000E-17
 1.00000E+00    1.00000E-17
 1.20000E+00    1.00000E-17
 1.40000E+00    1.00000E-17
 1.60000E+00    1.00000E-17
 1.80000E+00    1.00000E-17
 2.00000E+00    1.00000E-17
 2.20000E+00    1.00000E-17
 2.40000E+00    1.00000E-17
 2.60000E+00    1.00000E-17
 2.80000E+00    1.00000E-17
 3.00000E+00    1.00000E-17
 3.20000E+00    1.00000E-17
 3.40000E+00    1.00000E-17
 3.60000E+00    1.00000E-17
 3.80000E+00    1.00000E-17
 4.00000E+00    1.00000E-17
 4.20000E+00    1.00000E-17
 4.40000E+00    1.00000E-17
 4.60000E+00    1.00000E-17
 4.80000E+00    1.00000E-17
 5.00000E+00    1.00000E-17
 5.20000E+00    1.00000E-17
 5.40000E+00    1.00000E-17
 5.60000E+00    1.00000E-17
 5.80000E+00    1.00000E-17
 6.00000E+00    1.00000E-17
 6.20000E+00    1.00000E-17
 6.40000E+00    1.00000E-17
 6.60000E+00    1.00000E-17
 6.80000E+00    1.00000E-17
 7.00000E+00    1.00000E-17
 7.20000E+00    1.00000E-17
 7.40000E+00    1.00000E-17
 7.60000E+00    1.00000E-17
 7.80000E+00    1.00000E-17
 8.00000E+00    1.00000E-17
 8.50000E+00    1.00000E-17
 9.00000E+00    1.00000E-17
 9.50000E+00    1.00000E-17
 1.00000E+01    1.00000E-17
 1.05000E+01    1.00000E-17
 1.10000E+01    1.00000E-17
 1.15000E+01    1.00000E-17
 1.20000E+01    1.00000E-17
 1.25000E+01    1.00000E-17
 1.30000E+01    1.00000E-17
 1.35000E+01    1.00000E-17
 1.40000E+01    1.46116E-14
 1.45000E+01    2.22438E-13
 1.50000E+01    2.38978E-12
 1.60000E+01    9.87017E-11
 1.70000E+01    1.92738E-09
 1.80000E+01    2.17826E-08
 1.90000E+01    1.35525E-07
 2.00000E+01    6.58982E-07
 2.10000E+01    2.12525E-06
 2.20000E+01    5.15621E-06
 2.30000E+01    4.86107E-04
 2.40000E+01    7.85149E-04
 2.50000E+01    2.04172E-03
 2.60000E+01    3.17573E-03
 2.70000E+01    3.83178E-03
 2.80000E+01    4.41137E-03
 2.90000E+01    4.97821E-03
 3.00000E+01    5.45413E-03
 3.20000E+01    5.58893E-03
 3.40000E+01    2.46097E-03
 3.60000E+01    2.13797E-03
 3.80000E+01    2.62372E-03
 4.00000E+01    1.07926E-03
 4.20000E+01    7.34258E-04
 4.40000E+01    5.83544E-04
 4.60000E+01    3.68268E-04
 4.80000E+01    3.12776E-04
 5.00000E+01    2.83819E-04
 5.20000E+01    1.86269E-04
 5.40000E+01    1.55314E-04
 5.60000E+01    1.22259E-04
 5.80000E+01    8.49455E-05
 6.00000E+01    7.77929E-05
