# n + Ac225 : (n,npa)   
# eaf.2010   Manhattan project, site A         EVAL-JUN10
# uncertainties: n
# # energies =   100
#   E(MeV)       xs(mb) 
 1.00000E-11    1.00000E-17
 2.53000E-08    1.00000E-17
 1.22769E-07    1.00000E-17
 6.13843E-07    1.00000E-17
 1.00000E-06    1.00000E-17
 1.00000E-03    1.00000E-17
 2.00000E-03    1.00000E-17
 5.00000E-03    1.00000E-17
 1.00000E-02    1.00000E-17
 2.00000E-02    1.00000E-17
 5.00000E-02    1.00000E-17
 1.00000E-01    1.00000E-17
 2.00000E-01    1.00000E-17
 3.00000E-01    1.00000E-17
 4.00000E-01    1.00000E-17
 5.00000E-01    1.00000E-17
 6.00000E-01    1.00000E-17
 7.00000E-01    1.00000E-17
 8.00000E-01    1.00000E-17
 9.00000E-01    1.00000E-17
 1.00000E+00    1.00000E-17
 1.20000E+00    1.00000E-17
 1.40000E+00    1.00000E-17
 1.60000E+00    1.00000E-17
 1.80000E+00    1.00000E-17
 2.00000E+00    1.00000E-17
 2.20000E+00    1.00000E-17
 2.40000E+00    1.00000E-17
 2.60000E+00    1.00000E-17
 2.80000E+00    1.00000E-17
 3.00000E+00    1.00000E-17
 3.20000E+00    1.00000E-17
 3.40000E+00    1.00000E-17
 3.60000E+00    1.00000E-17
 3.80000E+00    1.00000E-17
 4.00000E+00    1.00000E-17
 4.20000E+00    1.00000E-17
 4.40000E+00    1.00000E-17
 4.60000E+00    1.00000E-17
 4.80000E+00    1.00000E-17
 5.00000E+00    1.00000E-17
 5.20000E+00    1.00000E-17
 5.40000E+00    1.00000E-17
 5.60000E+00    1.00000E-17
 5.80000E+00    1.00000E-17
 6.00000E+00    1.00000E-17
 6.20000E+00    1.00000E-17
 6.40000E+00    1.00000E-17
 6.60000E+00    1.00000E-17
 6.80000E+00    1.00000E-17
 7.00000E+00    1.00000E-17
 7.20000E+00    1.00000E-17
 7.40000E+00    2.19902E-15
 7.60000E+00    1.05814E-14
 7.80000E+00    5.37150E-14
 8.00000E+00    2.62579E-13
 8.50000E+00    5.04144E-12
 9.00000E+00    5.05564E-11
 9.50000E+00    3.65932E-10
 1.00000E+01    1.65916E-09
 1.05000E+01    5.93090E-09
 1.10000E+01    1.77599E-08
 1.15000E+01    4.72221E-08
 1.20000E+01    1.12787E-07
 1.25000E+01    2.46978E-07
 1.30000E+01    4.99281E-07
 1.35000E+01    9.34740E-07
 1.40000E+01    1.63845E-06
 1.45000E+01    2.70478E-06
 1.50000E+01    4.28493E-06
 1.60000E+01    9.18524E-06
 1.70000E+01    1.76590E-05
 1.80000E+01    2.95223E-05
 1.90000E+01    4.54411E-05
 2.00000E+01    6.66478E-05
 2.10000E+01    9.28151E-05
 2.20000E+01    1.25892E-04
 2.30000E+01    1.65133E-04
 2.40000E+01    2.05472E-04
 2.50000E+01    2.49030E-04
 2.60000E+01    2.96508E-04
 2.70000E+01    3.29787E-04
 2.80000E+01    3.69120E-04
 2.90000E+01    4.28978E-04
 3.00000E+01    4.66257E-04
 3.20000E+01    6.12939E-04
 3.40000E+01    8.34342E-04
 3.60000E+01    1.09751E-03
 3.80000E+01    1.38573E-03
 4.00000E+01    1.61199E-03
 4.20000E+01    1.81606E-03
 4.40000E+01    2.01277E-03
 4.60000E+01    1.83786E-03
 4.80000E+01    1.79320E-03
 5.00000E+01    1.85425E-03
 5.20000E+01    1.78632E-03
 5.40000E+01    1.85364E-03
 5.60000E+01    1.65017E-03
 5.80000E+01    1.37055E-03
 6.00000E+01    1.26817E-03
