# n + Ac237 : (n,t)     
# tendl.2017 A.J. Koning and D. Rochman        EVAL-NOV17
# uncertainties: y
# # energies =    34
#   E(MeV)       xs(mb)       xslow(mb)      xsupp(mb)
 3.83773E+00    0.00000E+00    0.00000E+00    0.00000E+00
 7.40000E+00    6.36591E-17    6.36591E-17    6.36591E-17
 7.60000E+00    4.09990E-16    4.09990E-16    4.09990E-16
 7.80000E+00    2.29677E-15    2.29677E-15    2.29677E-15
 8.00000E+00    1.23449E-14    1.23449E-14    1.23449E-14
 8.50000E+00    1.88490E-12    1.88490E-12    1.88490E-12
 9.00000E+00    3.97449E-11    0.00000E+00    1.10882E-10
 9.50000E+00    6.24174E-10    0.00000E+00    1.74134E-09
 1.00000E+01    7.74318E-09    0.00000E+00    2.16022E-08
 1.05000E+01    7.80688E-08    0.00000E+00    2.17799E-07
 1.10000E+01    6.34912E-07    0.00000E+00    1.77130E-06
 1.15000E+01    4.17633E-06    0.00000E+00    1.16513E-05
 1.20000E+01    2.25423E-05    0.00000E+00    6.28894E-05
 1.25000E+01    1.01556E-04    0.00000E+00    2.83325E-04
 1.30000E+01    3.88389E-04    8.06094E-05    6.96169E-04
 1.35000E+01    1.27920E-03    2.65496E-04    2.29290E-03
 1.40000E+01    3.67866E-03    7.63499E-04    6.59382E-03
 1.45000E+01    9.35306E-03    1.94121E-03    1.67649E-02
 1.50000E+01    2.12404E-02    4.40841E-03    3.80724E-02
 1.60000E+01    8.10661E-02    1.82821E-02    1.43850E-01
 1.70000E+01    2.18621E-01    4.93036E-02    3.87938E-01
 1.80000E+01    4.43898E-01    1.00108E-01    7.87688E-01
 1.90000E+01    7.20708E-01    1.62535E-01    1.27888E+00
 2.00000E+01    9.89897E-01    0.00000E+00    3.09995E+00
 2.10000E+01    1.21023E+00    0.00000E+00    3.78995E+00
 2.20000E+01    1.36862E+00    0.00000E+00    4.28596E+00
 2.30000E+01    1.47591E+00    0.00000E+00    4.62195E+00
 2.40000E+01    1.53960E+00    0.00000E+00    9.07023E+00
 2.50000E+01    1.59674E+00    0.00000E+00    9.40686E+00
 2.60000E+01    1.59111E+00    0.00000E+00    9.37369E+00
 2.70000E+01    1.55707E+00    0.00000E+00    9.17315E+00
 2.80000E+01    1.51025E+00    0.00000E+00    8.89732E+00
 2.90000E+01    1.46157E+00    0.00000E+00    8.61053E+00
 3.00000E+01    1.37472E+00    0.00000E+00    8.09887E+00
