# n + Ac237 : (n,xd)    
# tendl.2017 A.J. Koning and D. Rochman        EVAL-NOV17
# 
# # energies =   104
#   E(MeV)        xs(mb) 
 1.10171E-01    0.00000E+00
 2.00000E-01    0.00000E+00
 3.00000E-01    0.00000E+00
 4.00000E-01    0.00000E+00
 5.00000E-01    0.00000E+00
 6.00000E-01    0.00000E+00
 7.00000E-01    0.00000E+00
 8.00000E-01    0.00000E+00
 9.00000E-01    0.00000E+00
 1.00000E+00    0.00000E+00
 1.20000E+00    0.00000E+00
 1.40000E+00    0.00000E+00
 1.60000E+00    0.00000E+00
 1.80000E+00    0.00000E+00
 2.00000E+00    0.00000E+00
 2.20000E+00    0.00000E+00
 2.40000E+00    0.00000E+00
 2.60000E+00    0.00000E+00
 2.80000E+00    0.00000E+00
 3.00000E+00    0.00000E+00
 3.20000E+00    0.00000E+00
 3.40000E+00    0.00000E+00
 3.60000E+00    0.00000E+00
 3.80000E+00    0.00000E+00
 4.00000E+00    0.00000E+00
 4.20000E+00    0.00000E+00
 4.40000E+00    0.00000E+00
 4.60000E+00    0.00000E+00
 4.80000E+00    0.00000E+00
 5.00000E+00    0.00000E+00
 5.20000E+00    1.09967E-18
 5.40000E+00    3.62940E-18
 5.60000E+00    6.15912E-18
 5.80000E+00    8.68885E-18
 6.00000E+00    1.12186E-17
 6.20000E+00    1.37483E-17
 6.40000E+00    1.62780E-17
 6.60000E+00    1.88077E-17
 6.80000E+00    2.13375E-17
 7.00000E+00    2.38672E-17
 7.20000E+00    2.63969E-17
 7.40000E+00    2.89266E-17
 7.60000E+00    3.14564E-17
 7.80000E+00    3.39861E-17
 8.00000E+00    4.48429E-16
 8.50000E+00    3.45061E-14
 9.00000E+00    1.68024E-11
 9.50000E+00    2.16757E-10
 1.00000E+01    5.93497E-09
 1.05000E+01    8.15400E-08
 1.10000E+01    7.49207E-07
 1.15000E+01    4.97191E-06
 1.20000E+01    2.53436E-05
 1.25000E+01    1.04459E-04
 1.30000E+01    3.61686E-04
 1.35000E+01    1.08572E-03
 1.40000E+01    2.89807E-03
 1.45000E+01    7.01398E-03
 1.50000E+01    1.56059E-02
 1.60000E+01    6.53233E-02
 1.70000E+01    1.97629E-01
 1.80000E+01    4.76338E-01
 1.90000E+01    9.42326E-01
 2.00000E+01    1.58418E+00
 2.10000E+01    2.36156E+00
 2.20000E+01    3.23496E+00
 2.30000E+01    4.17308E+00
 2.40000E+01    5.15139E+00
 2.50000E+01    6.15231E+00
 2.60000E+01    7.11479E+00
 2.70000E+01    8.42219E+00
 2.80000E+01    9.42754E+00
 2.90000E+01    1.04125E+01
 3.00000E+01    1.13647E+01
 3.00000E+01    1.13793E+01
 3.20000E+01    1.33179E+01
 3.40000E+01    1.51462E+01
 3.60000E+01    1.69964E+01
 3.80000E+01    1.89560E+01
 4.00000E+01    2.11476E+01
 4.20000E+01    2.27279E+01
 4.40000E+01    2.59705E+01
 4.60000E+01    2.98995E+01
 4.80000E+01    3.50332E+01
 5.00000E+01    4.04614E+01
 5.20000E+01    4.66056E+01
 5.40000E+01    5.33130E+01
 5.60000E+01    6.03239E+01
 5.80000E+01    6.73308E+01
 6.00000E+01    7.39718E+01
 6.50000E+01    8.68341E+01
 7.00000E+01    9.74316E+01
 7.50000E+01    1.05957E+02
 8.00000E+01    1.14677E+02
 9.00000E+01    1.23017E+02
 1.00000E+02    1.32778E+02
 1.10000E+02    1.40143E+02
 1.20000E+02    1.45060E+02
 1.30000E+02    1.55903E+02
 1.40000E+02    1.77695E+02
 1.50000E+02    2.17217E+02
 1.60000E+02    2.72727E+02
 1.80000E+02    6.69788E+02
 2.00000E+02    1.42800E+03
