# n + Ac237 : (n,na)    
# tendl.2017 A.J. Koning and D. Rochman        EVAL-NOV17
# uncertainties: y
# # energies =   256
#   E(MeV)       xs(mb)       xslow(mb)      xsupp(mb)
 1.00000E-11    3.81785E-17    3.81785E-17    3.81785E-17
 1.03005E-11    3.76508E-17    3.76508E-17    3.76508E-17
 1.06099E-11    3.71313E-17    3.71313E-17    3.71313E-17
 1.09287E-11    3.66199E-17    3.66199E-17    3.66199E-17
 1.12571E-11    3.61165E-17    3.61165E-17    3.61165E-17
 1.15953E-11    3.56210E-17    3.56210E-17    3.56210E-17
 1.19437E-11    3.51333E-17    3.51333E-17    3.51333E-17
 1.23026E-11    3.46532E-17    3.46532E-17    3.46532E-17
 1.26722E-11    3.41808E-17    3.41808E-17    3.41808E-17
 1.30530E-11    3.37158E-17    3.37158E-17    3.37158E-17
 1.34452E-11    3.32581E-17    3.32581E-17    3.32581E-17
 1.38491E-11    3.28077E-17    3.28077E-17    3.28077E-17
 1.42652E-11    3.23645E-17    3.23645E-17    3.23645E-17
 1.46938E-11    3.19284E-17    3.19284E-17    3.19284E-17
 1.51353E-11    3.14992E-17    3.14992E-17    3.14992E-17
 1.55901E-11    3.10768E-17    3.10768E-17    3.10768E-17
 1.60585E-11    3.06613E-17    3.06613E-17    3.06613E-17
 1.65410E-11    3.02524E-17    3.02524E-17    3.02524E-17
 1.70380E-11    2.98501E-17    2.98501E-17    2.98501E-17
 1.75499E-11    2.94543E-17    2.94543E-17    2.94543E-17
 1.81538E-11    2.90099E-17    2.90099E-17    2.90099E-17
 1.87785E-11    2.85737E-17    2.85737E-17    2.85737E-17
 1.94247E-11    2.81455E-17    2.81455E-17    2.81455E-17
 2.00931E-11    2.77254E-17    2.77254E-17    2.77254E-17
 2.07845E-11    2.73132E-17    2.73132E-17    2.73132E-17
 2.14998E-11    2.69087E-17    2.69087E-17    2.69087E-17
 2.22396E-11    2.65118E-17    2.65118E-17    2.65118E-17
 2.30049E-11    2.61225E-17    2.61225E-17    2.61225E-17
 2.37965E-11    2.57406E-17    2.57406E-17    2.57406E-17
 2.46154E-11    2.53659E-17    2.53659E-17    2.53659E-17
 2.54624E-11    2.49984E-17    2.49984E-17    2.49984E-17
 2.63386E-11    2.46380E-17    2.46380E-17    2.46380E-17
 2.72450E-11    2.42845E-17    2.42845E-17    2.42845E-17
 2.81825E-11    2.39379E-17    2.39379E-17    2.39379E-17
 2.91523E-11    2.35981E-17    2.35981E-17    2.35981E-17
 3.01555E-11    2.32648E-17    2.32648E-17    2.32648E-17
 3.11931E-11    2.29382E-17    2.29382E-17    2.29382E-17
 3.22665E-11    2.26179E-17    2.26179E-17    2.26179E-17
 3.33769E-11    2.23041E-17    2.23041E-17    2.23041E-17
 3.45254E-11    2.19965E-17    2.19965E-17    2.19965E-17
 3.57135E-11    2.16950E-17    2.16950E-17    2.16950E-17
 3.69424E-11    2.13996E-17    2.13996E-17    2.13996E-17
 3.82136E-11    2.11102E-17    2.11102E-17    2.11102E-17
 3.95286E-11    2.08267E-17    2.08267E-17    2.08267E-17
 4.08888E-11    2.05489E-17    2.05489E-17    2.05489E-17
 4.22959E-11    2.02769E-17    2.02769E-17    2.02769E-17
 4.37513E-11    2.00105E-17    2.00105E-17    2.00105E-17
 4.52569E-11    1.97497E-17    1.97497E-17    1.97497E-17
 4.68142E-11    1.94943E-17    1.94943E-17    1.94943E-17
 4.84251E-11    1.92442E-17    1.92442E-17    1.92442E-17
 5.00915E-11    1.89995E-17    1.89995E-17    1.89995E-17
 5.18152E-11    1.87600E-17    1.87600E-17    1.87600E-17
 5.35982E-11    1.85256E-17    1.85256E-17    1.85256E-17
 5.54426E-11    1.82963E-17    1.82963E-17    1.82963E-17
 5.73505E-11    1.80720E-17    1.80720E-17    1.80720E-17
 5.93239E-11    1.78525E-17    1.78525E-17    1.78525E-17
 6.13653E-11    1.76379E-17    1.76379E-17    1.76379E-17
 6.34770E-11    1.74281E-17    1.74281E-17    1.74281E-17
 6.56613E-11    1.72229E-17    1.72229E-17    1.72229E-17
 6.79208E-11    1.70224E-17    1.70224E-17    1.70224E-17
 7.02580E-11    1.68264E-17    1.68264E-17    1.68264E-17
 7.26757E-11    1.66349E-17    1.66349E-17    1.66349E-17
 7.51766E-11    1.64477E-17    1.64477E-17    1.64477E-17
 7.77635E-11    1.62650E-17    1.62650E-17    1.62650E-17
 8.07803E-11    1.60644E-17    1.60644E-17    1.60644E-17
 8.39142E-11    1.58692E-17    1.58692E-17    1.58692E-17
 8.71696E-11    1.56791E-17    1.56791E-17    1.56791E-17
 9.05514E-11    1.54942E-17    1.54942E-17    1.54942E-17
 9.40643E-11    1.53143E-17    1.53143E-17    1.53143E-17
 9.77136E-11    1.51393E-17    1.51393E-17    1.51393E-17
 1.01504E-10    1.49692E-17    1.49692E-17    1.49692E-17
 1.05442E-10    1.48038E-17    1.48038E-17    1.48038E-17
 1.09533E-10    1.46431E-17    1.46431E-17    1.46431E-17
 1.13782E-10    1.44869E-17    1.44869E-17    1.44869E-17
 1.18196E-10    1.43352E-17    1.43352E-17    1.43352E-17
 1.22782E-10    1.41879E-17    1.41879E-17    1.41879E-17
 1.27545E-10    1.40449E-17    1.40449E-17    1.40449E-17
 1.32493E-10    1.39061E-17    1.39061E-17    1.39061E-17
 1.37633E-10    1.37715E-17    1.37715E-17    1.37715E-17
 1.42973E-10    1.36409E-17    1.36409E-17    1.36409E-17
 1.49149E-10    1.35004E-17    1.35004E-17    1.35004E-17
 1.55592E-10    1.33647E-17    1.33647E-17    1.33647E-17
 1.62313E-10    1.32337E-17    1.32337E-17    1.32337E-17
 1.69324E-10    1.31072E-17    1.31072E-17    1.31072E-17
 1.76639E-10    1.29851E-17    1.29851E-17    1.29851E-17
 1.84269E-10    1.28673E-17    1.28673E-17    1.28673E-17
 1.92229E-10    1.27537E-17    1.27537E-17    1.27537E-17
 2.00533E-10    1.26442E-17    1.26442E-17    1.26442E-17
 2.10082E-10    1.25284E-17    1.25284E-17    1.25284E-17
 2.20086E-10    1.24172E-17    1.24172E-17    1.24172E-17
 2.30566E-10    1.23106E-17    1.23106E-17    1.23106E-17
 2.41545E-10    1.22083E-17    1.22083E-17    1.22083E-17
 2.53047E-10    1.21103E-17    1.21103E-17    1.21103E-17
 2.65097E-10    1.20163E-17    1.20163E-17    1.20163E-17
 2.77720E-10    1.19263E-17    1.19263E-17    1.19263E-17
 2.92178E-10    1.18325E-17    1.18325E-17    1.18325E-17
 3.07388E-10    1.17430E-17    1.17430E-17    1.17430E-17
 3.23390E-10    1.16578E-17    1.16578E-17    1.16578E-17
 3.40225E-10    1.15765E-17    1.15765E-17    1.15765E-17
 3.59454E-10    1.14928E-17    1.14928E-17    1.14928E-17
 3.79769E-10    1.14135E-17    1.14135E-17    1.14135E-17
 4.01233E-10    1.13383E-17    1.13383E-17    1.13383E-17
 4.25706E-10    1.12617E-17    1.12617E-17    1.12617E-17
 4.51671E-10    1.11893E-17    1.11893E-17    1.11893E-17
 4.79221E-10    1.11211E-17    1.11211E-17    1.11211E-17
 5.10605E-10    1.10523E-17    1.10523E-17    1.10523E-17
 5.44045E-10    1.09877E-17    1.09877E-17    1.09877E-17
 5.82132E-10    1.09232E-17    1.09232E-17    1.09232E-17
 6.22885E-10    1.08628E-17    1.08628E-17    1.08628E-17
 6.69316E-10    1.08030E-17    1.08030E-17    1.08030E-17
 7.19207E-10    1.07473E-17    1.07473E-17    1.07473E-17
 7.76093E-10    1.06925E-17    1.06925E-17    1.06925E-17
 8.37478E-10    1.06418E-17    1.06418E-17    1.06418E-17
 9.07549E-10    1.05922E-17    1.05922E-17    1.05922E-17
 9.87650E-10    1.05442E-17    1.05442E-17    1.05442E-17
 1.07938E-09    1.04979E-17    1.04979E-17    1.04979E-17
 1.18462E-09    1.04537E-17    1.04537E-17    1.04537E-17
 1.30564E-09    1.04116E-17    1.04116E-17    1.04116E-17
 1.44511E-09    1.03719E-17    1.03719E-17    1.03719E-17
 1.60627E-09    1.03346E-17    1.03346E-17    1.03346E-17
 1.80056E-09    1.02985E-17    1.02985E-17    1.02985E-17
 2.02691E-09    1.02652E-17    1.02652E-17    1.02652E-17
 2.30109E-09    1.02336E-17    1.02336E-17    1.02336E-17
 2.63455E-09    1.02040E-17    1.02040E-17    1.02040E-17
 3.04195E-09    1.01767E-17    1.01767E-17    1.01767E-17
 3.55720E-09    1.01511E-17    1.01511E-17    1.01511E-17
 4.21283E-09    1.01276E-17    1.01276E-17    1.01276E-17
 5.07442E-09    1.01059E-17    1.01059E-17    1.01059E-17
 6.21650E-09    1.00865E-17    1.00865E-17    1.00865E-17
 7.81133E-09    1.00688E-17    1.00688E-17    1.00688E-17
 1.00676E-08    1.00534E-17    1.00534E-17    1.00534E-17
 1.34789E-08    1.00399E-17    1.00399E-17    1.00399E-17
 1.89855E-08    1.00283E-17    1.00283E-17    1.00283E-17
 2.52045E-08    1.00213E-17    1.00213E-17    1.00213E-17
 2.53000E-08    1.00212E-17    1.00212E-17    1.00212E-17
 4.11467E-08    1.00131E-17    1.00131E-17    1.00131E-17
 7.85856E-08    1.00068E-17    1.00068E-17    1.00068E-17
 2.05240E-07    1.00026E-17    1.00026E-17    1.00026E-17
 1.38926E-06    1.00004E-17    1.00004E-17    1.00004E-17
 2.54765E-04    1.00000E-17    1.00000E-17    1.00000E-17
 2.89000E-04    1.00000E-17    1.00000E-17    1.00000E-17
 2.93078E-04    1.00000E-17    1.00000E-17    1.00000E-17
 4.59036E+00    1.00000E-17    1.00000E-17    1.00000E-17
 4.60000E+00    1.00365E-17    1.00365E-17    1.00365E-17
 4.80000E+00    5.91329E-16    5.91329E-16    5.91329E-16
 5.00000E+00    1.99721E-15    1.99721E-15    1.99721E-15
 5.20000E+00    6.03653E-15    6.03653E-15    6.03653E-15
 5.40000E+00    1.18716E-14    1.18716E-14    1.18716E-14
 5.60000E+00    3.15972E-14    3.15972E-14    3.15972E-14
 5.80000E+00    6.80513E-14    6.80513E-14    6.80513E-14
 6.00000E+00    1.16233E-13    1.16233E-13    1.16233E-13
 6.20000E+00    1.67773E-13    1.67773E-13    1.67773E-13
 6.40000E+00    1.77051E-12    1.77051E-12    1.77051E-12
 6.60000E+00    3.12943E-12    3.12943E-12    3.12943E-12
 6.80000E+00    5.58268E-12    5.58268E-12    5.58268E-12
 7.00000E+00    1.06057E-11    1.06057E-11    1.06057E-11
 7.20000E+00    1.89124E-11    1.89124E-11    1.89124E-11
 7.40000E+00    3.16579E-11    3.16579E-11    3.16579E-11
 7.60000E+00    5.42401E-11    5.42401E-11    5.42401E-11
 7.80000E+00    9.96574E-11    9.96574E-11    9.96574E-11
 8.00000E+00    1.71188E-10    1.71188E-10    1.71188E-10
 8.50000E+00    6.77435E-10    6.77435E-10    6.77435E-10
 9.00000E+00    2.48260E-09    0.00000E+00    2.48260E-08
 9.50000E+00    9.04923E-09    0.00000E+00    9.04923E-08
 1.00000E+01    3.38479E-08    0.00000E+00    3.38479E-07
 1.01411E+01    5.97522E-08    0.00000E+00    5.97522E-07
 1.02842E+01    8.60244E-08    0.00000E+00    8.60244E-07
 1.04292E+01    1.12667E-07    0.00000E+00    1.12667E-06
 1.05000E+01    1.25660E-07    0.00000E+00    1.25660E-06
 1.06481E+01    2.23050E-07    0.00000E+00    2.23050E-06
 1.07984E+01    3.21815E-07    0.00000E+00    3.21815E-06
 1.09507E+01    4.21972E-07    0.00000E+00    4.21972E-06
 1.10000E+01    4.54379E-07    0.00000E+00    4.54379E-06
 1.11552E+01    7.89500E-07    0.00000E+00    7.89500E-06
 1.13126E+01    1.12935E-06    0.00000E+00    1.12935E-05
 1.14722E+01    1.47399E-06    0.00000E+00    1.47399E-05
 1.15000E+01    1.53409E-06    0.00000E+00    1.53409E-05
 1.16622E+01    2.61744E-06    0.00000E+00    2.61744E-05
 1.18268E+01    3.71608E-06    0.00000E+00    3.71607E-05
 1.19936E+01    4.83021E-06    0.00000E+00    4.83021E-05
 1.20000E+01    4.87273E-06    0.00000E+00    4.87273E-05
 1.21693E+01    8.01988E-06    0.00000E+00    8.01988E-05
 1.23410E+01    1.12114E-05    0.00000E+00    1.12114E-04
 1.25000E+01    1.41674E-05    0.00000E+00    1.41674E-04
 1.26764E+01    2.27066E-05    0.00000E+00    2.27066E-04
 1.28552E+01    3.13662E-05    0.00000E+00    3.13662E-04
 1.30000E+01    3.83779E-05    0.00000E+00    3.83779E-04
 1.31834E+01    5.69663E-05    0.00000E+00    5.69663E-04
 1.33694E+01    7.58170E-05    0.00000E+00    7.58170E-04
 1.35000E+01    8.90533E-05    0.00000E+00    8.90533E-04
 1.36905E+01    1.46674E-04    0.00000E+00    1.46674E-03
 1.38836E+01    2.05108E-04    0.00000E+00    2.05108E-03
 1.40000E+01    2.40321E-04    0.00000E+00    2.40321E-03
 1.41975E+01    3.50733E-04    0.00000E+00    3.50733E-03
 1.43978E+01    4.62702E-04    0.00000E+00    4.62702E-03
 1.45000E+01    5.19823E-04    0.00000E+00    5.19823E-03
 1.47046E+01    8.30284E-04    0.00000E+00    8.30284E-03
 1.49120E+01    1.14512E-03    0.00000E+00    1.14512E-02
 1.50000E+01    1.27864E-03    0.00000E+00    1.27864E-02
 1.52116E+01    2.24368E-03    0.00000E+00    2.24368E-02
 1.54262E+01    3.22234E-03    0.00000E+00    3.22234E-02
 1.56439E+01    4.21480E-03    0.00000E+00    4.21480E-02
 1.58646E+01    5.22126E-03    0.00000E+00    5.22126E-02
 1.60000E+01    5.83883E-03    0.00000E+00    5.83883E-02
 1.62257E+01    9.48235E-03    0.00000E+00    9.48235E-02
 1.64546E+01    1.31773E-02    0.00000E+00    1.31773E-01
 1.66868E+01    1.69243E-02    0.00000E+00    1.69243E-01
 1.69222E+01    2.07242E-02    0.00000E+00    2.07242E-01
 1.70000E+01    2.19798E-02    0.00000E+00    2.19798E-01
 1.72398E+01    3.40559E-02    0.00000E+00    3.40559E-01
 1.74831E+01    4.63024E-02    0.00000E+00    4.63024E-01
 1.77297E+01    5.87216E-02    0.00000E+00    5.87216E-01
 1.79799E+01    7.13161E-02    0.00000E+00    7.13161E-01
 1.80000E+01    7.23306E-02    0.00000E+00    7.23306E-01
 1.82539E+01    1.03876E-01    0.00000E+00    1.03876E+00
 1.85115E+01    1.35866E-01    0.00000E+00    1.35866E+00
 1.87726E+01    1.68308E-01    0.00000E+00    1.68308E+00
 1.90000E+01    1.96550E-01    0.00000E+00    1.96550E+00
 1.92681E+01    2.62314E-01    0.00000E+00    2.62315E+00
 1.95399E+01    3.29007E-01    0.00000E+00    3.29007E+00
 1.98156E+01    3.96640E-01    0.00000E+00    3.96640E+00
 2.00000E+01    4.41889E-01    0.00000E+00    3.86659E+00
 2.02822E+01    5.65572E-01    0.00000E+00    4.94882E+00
 2.05683E+01    6.90999E-01    0.00000E+00    6.04633E+00
 2.08585E+01    8.18196E-01    0.00000E+00    7.15932E+00
 2.10000E+01    8.80225E-01    0.00000E+00    7.70208E+00
 2.12963E+01    1.09377E+00    0.00000E+00    9.57066E+00
 2.15967E+01    1.31034E+00    0.00000E+00    1.14656E+01
 2.19014E+01    1.52995E+00    0.00000E+00    1.33873E+01
 2.20000E+01    1.60101E+00    0.00000E+00    1.40090E+01
 2.23104E+01    1.94969E+00    0.00000E+00    1.70600E+01
 2.26251E+01    2.30328E+00    0.00000E+00    2.01540E+01
 2.29443E+01    2.66186E+00    0.00000E+00    2.32916E+01
 2.30000E+01    2.72439E+00    0.00000E+00    2.38388E+01
 2.33245E+01    3.26451E+00    0.00000E+00    2.85649E+01
 2.36536E+01    3.81226E+00    0.00000E+00    3.33578E+01
 2.39873E+01    4.36773E+00    0.00000E+00    3.82182E+01
 2.40000E+01    4.38893E+00    0.00000E+00    4.38881E+01
 2.43386E+01    5.12237E+00    0.00000E+00    5.12223E+01
 2.46820E+01    5.86616E+00    0.00000E+00    5.86600E+01
 2.50000E+01    6.55505E+00    0.00000E+00    6.55487E+01
 2.53527E+01    7.07208E+00    0.00000E+00    7.07188E+01
 2.57104E+01    7.59641E+00    0.00000E+00    7.59619E+01
 2.60000E+01    8.02095E+00    0.00000E+00    8.02073E+01
 2.63668E+01    8.31302E+00    0.00000E+00    8.31279E+01
 2.67388E+01    8.60921E+00    0.00000E+00    8.60897E+01
 2.70000E+01    8.81718E+00    0.00000E+00    8.81693E+01
 2.73809E+01    8.71299E+00    0.00000E+00    8.71275E+01
 2.77672E+01    8.60734E+00    0.00000E+00    8.60710E+01
 2.80000E+01    8.54367E+00    0.00000E+00    8.54343E+01
 2.83950E+01    8.03178E+00    0.00000E+00    8.03156E+01
 2.87956E+01    7.51267E+00    0.00000E+00    7.51247E+01
 2.90000E+01    7.24785E+00    0.00000E+00    7.24765E+01
 2.94091E+01    6.84383E+00    0.00000E+00    6.84364E+01
 2.98240E+01    6.43411E+00    0.00000E+00    6.43393E+01
 3.00000E+01    6.26036E+00    0.00000E+00    6.26019E+01
