# n + Ac228 : (n,h)     
# tendl.2017 A.J. Koning and D. Rochman        EVAL-NOV17
# uncertainties: y
# # energies =    21
#   E(MeV)       xs(mb)       xslow(mb)      xsupp(mb)
 5.50996E+00    0.00000E+00    0.00000E+00    0.00000E+00
 1.30000E+01    1.56031E-17    1.56031E-17    1.56031E-17
 1.35000E+01    2.68843E-16    2.68843E-16    2.68843E-16
 1.40000E+01    3.28363E-15    3.28363E-15    3.28363E-15
 1.45000E+01    3.01011E-14    3.01011E-14    3.01011E-14
 1.50000E+01    2.99551E-12    2.99551E-12    2.99551E-12
 1.60000E+01    9.94240E-11    0.00000E+00    8.07678E-10
 1.70000E+01    1.83832E-09    0.00000E+00    1.49337E-08
 1.80000E+01    2.19099E-08    0.00000E+00    1.77987E-07
 1.90000E+01    1.86373E-07    0.00000E+00    1.51401E-06
 2.00000E+01    1.21168E-06    0.00000E+00    9.36187E-06
 2.10000E+01    6.34276E-06    0.00000E+00    4.90064E-05
 2.20000E+01    2.78713E-05    0.00000E+00    2.15344E-04
 2.30000E+01    1.06051E-04    0.00000E+00    8.19388E-04
 2.40000E+01    3.57424E-04    0.00000E+00    2.75627E-03
 2.50000E+01    1.08284E-03    0.00000E+00    8.35031E-03
 2.60000E+01    2.86677E-03    0.00000E+00    2.21071E-02
 2.70000E+01    6.87928E-03    0.00000E+00    5.30495E-02
 2.80000E+01    1.53656E-02    0.00000E+00    1.18492E-01
 2.90000E+01    3.09211E-02    0.00000E+00    2.38448E-01
 3.00000E+01    5.56403E-02    0.00000E+00    4.29070E-01
