# n + Ac228 : (n,xd)    
# tendl.2017 A.J. Koning and D. Rochman        EVAL-NOV17
# 
# # energies =   138
#   E(MeV)        xs(mb) 
 6.30778E-03    0.00000E+00
 6.69950E-03    0.00000E+00
 1.00000E-02    0.00000E+00
 2.00000E-02    0.00000E+00
 2.02793E-02    0.00000E+00
 3.00000E-02    0.00000E+00
 3.32163E-02    0.00000E+00
 6.00000E-02    0.00000E+00
 9.38714E-02    0.00000E+00
 9.84727E-02    0.00000E+00
 1.00000E-01    0.00000E+00
 1.08940E-01    0.00000E+00
 1.11108E-01    0.00000E+00
 1.48803E-01    0.00000E+00
 1.74682E-01    0.00000E+00
 1.75687E-01    0.00000E+00
 1.87743E-01    0.00000E+00
 1.96945E-01    0.00000E+00
 2.00000E-01    0.00000E+00
 2.17880E-01    0.00000E+00
 2.22218E-01    0.00000E+00
 2.55234E-01    0.00000E+00
 2.57129E-01    0.00000E+00
 2.58937E-01    0.00000E+00
 2.59741E-01    0.00000E+00
 2.60344E-01    0.00000E+00
 2.63152E-01    0.00000E+00
 2.79492E-01    0.00000E+00
 2.91062E-01    0.00000E+00
 2.92922E-01    0.00000E+00
 2.93778E-01    0.00000E+00
 2.94484E-01    0.00000E+00
 3.00000E-01    0.00000E+00
 3.01098E-01    0.00000E+00
 3.03699E-01    0.00000E+00
 3.05295E-01    0.00000E+00
 3.07078E-01    0.00000E+00
 4.00000E-01    0.00000E+00
 5.00000E-01    0.00000E+00
 6.00000E-01    0.00000E+00
 7.00000E-01    0.00000E+00
 8.00000E-01    0.00000E+00
 9.00000E-01    0.00000E+00
 1.00000E+00    0.00000E+00
 1.20000E+00    0.00000E+00
 1.40000E+00    0.00000E+00
 1.60000E+00    0.00000E+00
 1.80000E+00    0.00000E+00
 2.00000E+00    0.00000E+00
 2.20000E+00    0.00000E+00
 2.40000E+00    0.00000E+00
 2.60000E+00    0.00000E+00
 2.80000E+00    0.00000E+00
 3.00000E+00    0.00000E+00
 3.20000E+00    0.00000E+00
 3.40000E+00    9.31446E-19
 3.60000E+00    5.85841E-18
 3.80000E+00    1.07854E-17
 4.00000E+00    1.57124E-17
 4.20000E+00    2.06393E-17
 4.40000E+00    2.55663E-17
 4.60000E+00    3.04933E-17
 4.80000E+00    3.54202E-17
 5.00000E+00    4.03472E-17
 5.20000E+00    4.52742E-17
 5.40000E+00    5.02011E-17
 5.60000E+00    5.51281E-17
 5.80000E+00    6.00551E-17
 6.00000E+00    6.49821E-17
 6.20000E+00    6.99090E-17
 6.40000E+00    7.48360E-17
 6.60000E+00    5.49597E-16
 6.80000E+00    3.40151E-15
 7.00000E+00    1.64446E-12
 7.20000E+00    8.70143E-12
 7.40000E+00    3.94740E-11
 7.60000E+00    1.10915E-10
 7.80000E+00    1.81344E-10
 8.00000E+00    2.24050E-09
 8.50000E+00    3.20899E-08
 9.00000E+00    3.16099E-07
 9.50000E+00    2.32961E-06
 1.00000E+01    1.36622E-05
 1.05000E+01    6.62678E-05
 1.10000E+01    2.72827E-04
 1.15000E+01    9.69775E-04
 1.20000E+01    3.02078E-03
 1.25000E+01    8.33409E-03
 1.30000E+01    2.05896E-02
 1.35000E+01    4.59807E-02
 1.40000E+01    9.36369E-02
 1.45000E+01    1.75341E-01
 1.50000E+01    3.04076E-01
 1.60000E+01    7.50261E-01
 1.70000E+01    1.50501E+00
 1.80000E+01    2.49701E+00
 1.90000E+01    3.67512E+00
 2.00000E+01    4.97511E+00
 2.10000E+01    6.34917E+00
 2.20000E+01    7.75824E+00
 2.30000E+01    9.17558E+00
 2.40000E+01    1.06101E+01
 2.50000E+01    1.15354E+01
 2.60000E+01    1.29085E+01
 2.70000E+01    1.42656E+01
 2.80000E+01    1.56074E+01
 2.90000E+01    1.69316E+01
 3.00000E+01    1.82283E+01
 3.00000E+01    1.77838E+01
 3.20000E+01    2.04581E+01
 3.40000E+01    2.31440E+01
 3.60000E+01    2.61531E+01
 3.80000E+01    2.97082E+01
 4.00000E+01    3.40504E+01
 4.20000E+01    3.94019E+01
 4.40000E+01    4.57900E+01
 4.60000E+01    5.26990E+01
 4.80000E+01    6.11194E+01
 5.00000E+01    7.02151E+01
 5.20000E+01    7.97170E+01
 5.40000E+01    8.91828E+01
 5.60000E+01    9.80603E+01
 5.80000E+01    1.05913E+02
 6.00000E+01    1.12459E+02
 6.50000E+01    1.23895E+02
 7.00000E+01    1.29390E+02
 7.50000E+01    1.35624E+02
 8.00000E+01    1.42487E+02
 9.00000E+01    1.51271E+02
 1.00000E+02    1.57039E+02
 1.10000E+02    1.61730E+02
 1.20000E+02    1.64904E+02
 1.30000E+02    1.67010E+02
 1.40000E+02    1.76157E+02
 1.50000E+02    1.89248E+02
 1.60000E+02    2.06581E+02
 1.80000E+02    2.75006E+02
 2.00000E+02    4.39827E+02
