# n + Ac228 : (n,na)    
# tendl.2017 A.J. Koning and D. Rochman        EVAL-NOV17
# uncertainties: y
# # energies =   280
#   E(MeV)       xs(mb)       xslow(mb)      xsupp(mb)
 1.00000E-11    3.88797E-17    3.88797E-17    3.88797E-17
 1.03005E-11    3.83411E-17    3.83411E-17    3.83411E-17
 1.06099E-11    3.78108E-17    3.78108E-17    3.78108E-17
 1.09287E-11    3.72888E-17    3.72888E-17    3.72888E-17
 1.12571E-11    3.67750E-17    3.67750E-17    3.67750E-17
 1.15953E-11    3.62692E-17    3.62692E-17    3.62692E-17
 1.19437E-11    3.57713E-17    3.57713E-17    3.57713E-17
 1.23026E-11    3.52812E-17    3.52812E-17    3.52812E-17
 1.26722E-11    3.47989E-17    3.47989E-17    3.47989E-17
 1.30530E-11    3.43241E-17    3.43241E-17    3.43241E-17
 1.34452E-11    3.38569E-17    3.38569E-17    3.38569E-17
 1.38491E-11    3.33970E-17    3.33970E-17    3.33970E-17
 1.42652E-11    3.29444E-17    3.29444E-17    3.29444E-17
 1.46938E-11    3.24990E-17    3.24990E-17    3.24990E-17
 1.51353E-11    3.20607E-17    3.20607E-17    3.20607E-17
 1.55901E-11    3.16294E-17    3.16294E-17    3.16294E-17
 1.60585E-11    3.12050E-17    3.12050E-17    3.12050E-17
 1.65410E-11    3.07874E-17    3.07874E-17    3.07874E-17
 1.70380E-11    3.03765E-17    3.03765E-17    3.03765E-17
 1.75499E-11    2.99722E-17    2.99722E-17    2.99722E-17
 1.80772E-11    2.95745E-17    2.95745E-17    2.95745E-17
 1.86993E-11    2.91278E-17    2.91278E-17    2.91278E-17
 1.93427E-11    2.86894E-17    2.86894E-17    2.86894E-17
 2.00083E-11    2.82591E-17    2.82591E-17    2.82591E-17
 2.06968E-11    2.78369E-17    2.78369E-17    2.78369E-17
 2.14090E-11    2.74226E-17    2.74226E-17    2.74226E-17
 2.21458E-11    2.70160E-17    2.70160E-17    2.70160E-17
 2.29078E-11    2.66172E-17    2.66172E-17    2.66172E-17
 2.36961E-11    2.62258E-17    2.62258E-17    2.62258E-17
 2.45115E-11    2.58419E-17    2.58419E-17    2.58419E-17
 2.53550E-11    2.54653E-17    2.54653E-17    2.54653E-17
 2.62275E-11    2.50960E-17    2.50960E-17    2.50960E-17
 2.71300E-11    2.47337E-17    2.47337E-17    2.47337E-17
 2.80636E-11    2.43784E-17    2.43784E-17    2.43784E-17
 2.90293E-11    2.40299E-17    2.40299E-17    2.40299E-17
 3.00282E-11    2.36883E-17    2.36883E-17    2.36883E-17
 3.10615E-11    2.33533E-17    2.33533E-17    2.33533E-17
 3.21304E-11    2.30249E-17    2.30249E-17    2.30249E-17
 3.32360E-11    2.27030E-17    2.27030E-17    2.27030E-17
 3.43797E-11    2.23874E-17    2.23874E-17    2.23874E-17
 3.55627E-11    2.20782E-17    2.20782E-17    2.20782E-17
 3.67865E-11    2.17751E-17    2.17751E-17    2.17751E-17
 3.80524E-11    2.14781E-17    2.14781E-17    2.14781E-17
 3.93618E-11    2.11871E-17    2.11871E-17    2.11871E-17
 4.07163E-11    2.09020E-17    2.09020E-17    2.09020E-17
 4.21174E-11    2.06227E-17    2.06227E-17    2.06227E-17
 4.35667E-11    2.03492E-17    2.03492E-17    2.03492E-17
 4.50659E-11    2.00813E-17    2.00813E-17    2.00813E-17
 4.66166E-11    1.98190E-17    1.98190E-17    1.98190E-17
 4.82208E-11    1.95622E-17    1.95622E-17    1.95622E-17
 4.98801E-11    1.93107E-17    1.93107E-17    1.93107E-17
 5.15965E-11    1.90646E-17    1.90646E-17    1.90646E-17
 5.33720E-11    1.88237E-17    1.88237E-17    1.88237E-17
 5.52086E-11    1.85880E-17    1.85880E-17    1.85880E-17
 5.71084E-11    1.83573E-17    1.83573E-17    1.83573E-17
 5.90736E-11    1.81317E-17    1.81317E-17    1.81317E-17
 6.11064E-11    1.79109E-17    1.79109E-17    1.79109E-17
 6.32091E-11    1.76951E-17    1.76951E-17    1.76951E-17
 6.53842E-11    1.74840E-17    1.74840E-17    1.74840E-17
 6.76342E-11    1.72776E-17    1.72776E-17    1.72776E-17
 6.99616E-11    1.70758E-17    1.70758E-17    1.70758E-17
 7.23690E-11    1.68786E-17    1.68786E-17    1.68786E-17
 7.48593E-11    1.66859E-17    1.66859E-17    1.66859E-17
 7.74353E-11    1.64976E-17    1.64976E-17    1.64976E-17
 8.00999E-11    1.63137E-17    1.63137E-17    1.63137E-17
 8.32074E-11    1.61118E-17    1.61118E-17    1.61118E-17
 8.64355E-11    1.59154E-17    1.59154E-17    1.59154E-17
 8.97887E-11    1.57241E-17    1.57241E-17    1.57241E-17
 9.32721E-11    1.55380E-17    1.55380E-17    1.55380E-17
 9.68906E-11    1.53569E-17    1.53569E-17    1.53569E-17
 1.00649E-10    1.51808E-17    1.51808E-17    1.51808E-17
 1.04554E-10    1.50095E-17    1.50095E-17    1.50095E-17
 1.08610E-10    1.48430E-17    1.48430E-17    1.48430E-17
 1.12824E-10    1.46812E-17    1.46812E-17    1.46812E-17
 1.17201E-10    1.45239E-17    1.45239E-17    1.45239E-17
 1.21748E-10    1.43712E-17    1.43712E-17    1.43712E-17
 1.26471E-10    1.42228E-17    1.42228E-17    1.42228E-17
 1.31377E-10    1.40788E-17    1.40788E-17    1.40788E-17
 1.36474E-10    1.39391E-17    1.39391E-17    1.39391E-17
 1.41769E-10    1.38034E-17    1.38034E-17    1.38034E-17
 1.47268E-10    1.36719E-17    1.36719E-17    1.36719E-17
 1.53630E-10    1.35304E-17    1.35304E-17    1.35304E-17
 1.60267E-10    1.33937E-17    1.33937E-17    1.33937E-17
 1.67190E-10    1.32616E-17    1.32616E-17    1.32616E-17
 1.74412E-10    1.31341E-17    1.31341E-17    1.31341E-17
 1.81946E-10    1.30111E-17    1.30111E-17    1.30111E-17
 1.89806E-10    1.28924E-17    1.28924E-17    1.28924E-17
 1.98005E-10    1.27780E-17    1.27780E-17    1.27780E-17
 2.06558E-10    1.26676E-17    1.26676E-17    1.26676E-17
 2.15481E-10    1.25613E-17    1.25613E-17    1.25613E-17
 2.25742E-10    1.24488E-17    1.24488E-17    1.24488E-17
 2.36491E-10    1.23409E-17    1.23409E-17    1.23409E-17
 2.47752E-10    1.22373E-17    1.22373E-17    1.22373E-17
 2.59550E-10    1.21381E-17    1.21381E-17    1.21381E-17
 2.71909E-10    1.20430E-17    1.20430E-17    1.20430E-17
 2.84857E-10    1.19519E-17    1.19519E-17    1.19519E-17
 2.99687E-10    1.18569E-17    1.18569E-17    1.18569E-17
 3.15288E-10    1.17663E-17    1.17663E-17    1.17663E-17
 3.31701E-10    1.16799E-17    1.16799E-17    1.16799E-17
 3.48969E-10    1.15976E-17    1.15976E-17    1.15976E-17
 3.68692E-10    1.15129E-17    1.15129E-17    1.15129E-17
 3.89529E-10    1.14325E-17    1.14325E-17    1.14325E-17
 4.11544E-10    1.13563E-17    1.13563E-17    1.13563E-17
 4.34803E-10    1.12841E-17    1.12841E-17    1.12841E-17
 4.61324E-10    1.12105E-17    1.12105E-17    1.12105E-17
 4.89462E-10    1.11411E-17    1.11411E-17    1.11411E-17
 5.21517E-10    1.10711E-17    1.10711E-17    1.10711E-17
 5.55672E-10    1.10053E-17    1.10053E-17    1.10053E-17
 5.92063E-10    1.09436E-17    1.09436E-17    1.09436E-17
 6.33512E-10    1.08819E-17    1.08819E-17    1.08819E-17
 6.77861E-10    1.08242E-17    1.08242E-17    1.08242E-17
 7.28390E-10    1.07671E-17    1.07671E-17    1.07671E-17
 7.86002E-10    1.07108E-17    1.07108E-17    1.07108E-17
 8.48171E-10    1.06587E-17    1.06587E-17    1.06587E-17
 9.19136E-10    1.06079E-17    1.06079E-17    1.06079E-17
 1.00026E-09    1.05586E-17    1.05586E-17    1.05586E-17
 1.09316E-09    1.05111E-17    1.05111E-17    1.05111E-17
 1.19468E-09    1.04677E-17    1.04677E-17    1.04677E-17
 1.31117E-09    1.04261E-17    1.04261E-17    1.04261E-17
 1.44511E-09    1.03866E-17    1.03866E-17    1.03866E-17
 1.60627E-09    1.03478E-17    1.03478E-17    1.03478E-17
 1.79296E-09    1.03116E-17    1.03116E-17    1.03116E-17
 2.00983E-09    1.02780E-17    1.02780E-17    1.02780E-17
 2.27208E-09    1.02459E-17    1.02459E-17    1.02459E-17
 2.59036E-09    1.02157E-17    1.02157E-17    1.02157E-17
 2.97830E-09    1.01876E-17    1.01876E-17    1.01876E-17
 3.46807E-09    1.01611E-17    1.01611E-17    1.01611E-17
 4.08995E-09    1.01366E-17    1.01366E-17    1.01366E-17
 4.88491E-09    1.01144E-17    1.01144E-17    1.01144E-17
 5.93394E-09    1.00942E-17    1.00942E-17    1.00942E-17
 7.36228E-09    1.00759E-17    1.00759E-17    1.00759E-17
 9.36917E-09    1.00596E-17    1.00596E-17    1.00596E-17
 1.23334E-08    1.00453E-17    1.00453E-17    1.00453E-17
 1.70086E-08    1.00328E-17    1.00328E-17    1.00328E-17
 2.48867E-08    1.00225E-17    1.00225E-17    1.00225E-17
 2.52045E-08    1.00222E-17    1.00222E-17    1.00222E-17
 2.53000E-08    1.00221E-17    1.00221E-17    1.00221E-17
 4.08002E-08    1.00137E-17    1.00137E-17    1.00137E-17
 7.66166E-08    1.00073E-17    1.00073E-17    1.00073E-17
 1.92625E-07    1.00029E-17    1.00029E-17    1.00029E-17
 1.12595E-06    1.00005E-17    1.00005E-17    1.00005E-17
 1.14640E-04    1.00000E-17    1.00000E-17    1.00000E-17
 1.17897E-04    1.00000E-17    1.00000E-17    1.00000E-17
 1.19561E-04    1.00000E-17    1.00000E-17    1.00000E-17
 1.22958E-04    1.00000E-17    1.00000E-17    1.00000E-17
 1.26452E-04    1.00000E-17    1.00000E-17    1.00000E-17
 1.28236E-04    1.00000E-17    1.00000E-17    1.00000E-17
 1.33740E-04    1.00000E-17    1.00000E-17    1.00000E-17
 1.39481E-04    1.00000E-17    1.00000E-17    1.00000E-17
 1.43444E-04    1.00000E-17    1.00000E-17    1.00000E-17
 1.45468E-04    1.00000E-17    1.00000E-17    1.00000E-17
 1.47520E-04    1.00000E-17    1.00000E-17    1.00000E-17
 1.53853E-04    1.00000E-17    1.00000E-17    1.00000E-17
 1.58225E-04    1.00000E-17    1.00000E-17    1.00000E-17
 1.67344E-04    1.00000E-17    1.00000E-17    1.00000E-17
 1.69705E-04    1.00000E-17    1.00000E-17    1.00000E-17
 2.77651E+00    1.00000E-17    1.00000E-17    1.00000E-17
 2.80000E+00    2.19051E-17    2.19051E-17    2.19051E-17
 2.96139E+00    1.92531E-13    1.92531E-13    1.92531E-13
 3.00000E+00    2.38863E-13    2.38863E-13    2.38863E-13
 3.20000E+00    5.71681E-12    5.71681E-12    5.71681E-12
 3.40000E+00    2.22667E-11    2.22667E-11    2.22667E-11
 3.60000E+00    5.74615E-11    5.74615E-11    5.74615E-11
 3.80000E+00    1.38651E-10    1.38651E-10    1.38651E-10
 4.00000E+00    2.96218E-10    2.96218E-10    2.96218E-10
 4.20000E+00    5.86718E-10    5.86718E-10    5.86718E-10
 4.40000E+00    1.11635E-09    1.11635E-09    1.11635E-09
 4.60000E+00    2.10688E-09    0.00000E+00    4.22234E-09
 4.80000E+00    3.85026E-09    0.00000E+00    7.71620E-09
 5.00000E+00    6.66169E-09    0.00000E+00    1.33505E-08
 5.20000E+00    1.03813E-08    0.00000E+00    2.08049E-08
 5.40000E+00    1.52236E-08    0.00000E+00    3.05092E-08
 5.60000E+00    2.02581E-08    0.00000E+00    4.05987E-08
 5.80000E+00    2.55963E-08    0.00000E+00    5.12968E-08
 6.00000E+00    3.20220E-08    0.00000E+00    6.41744E-08
 6.20000E+00    5.11443E-08    0.00000E+00    1.02497E-07
 6.40000E+00    7.33978E-08    0.00000E+00    1.47094E-07
 6.60000E+00    9.73474E-08    2.38495E-08    1.70845E-07
 6.80000E+00    1.47527E-07    3.61432E-08    2.58911E-07
 7.00000E+00    2.55894E-07    6.26925E-08    4.49095E-07
 7.20000E+00    4.00193E-07    9.80449E-08    7.02341E-07
 7.40000E+00    5.79233E-07    1.41909E-07    1.01656E-06
 7.60000E+00    1.00180E-06    2.45435E-07    1.75816E-06
 7.80000E+00    1.53525E-06    3.76127E-07    2.69437E-06
 8.00000E+00    2.08451E-06    5.10693E-07    3.65833E-06
 8.50000E+00    4.76751E-06    1.16801E-06    8.36701E-06
 9.00000E+00    1.01031E-05    0.00000E+00    2.78482E-05
 9.50000E+00    2.19943E-05    0.00000E+00    6.06250E-05
 1.00000E+01    4.88178E-05    0.00000E+00    1.34561E-04
 1.01411E+01    6.25895E-05    0.00000E+00    1.72521E-04
 1.02842E+01    7.65562E-05    0.00000E+00    2.11019E-04
 1.04292E+01    9.07200E-05    0.00000E+00    2.50060E-04
 1.05000E+01    9.76271E-05    0.00000E+00    2.69098E-04
 1.06481E+01    1.28573E-04    0.00000E+00    3.54398E-04
 1.07984E+01    1.59956E-04    0.00000E+00    4.40902E-04
 1.09507E+01    1.91782E-04    0.00000E+00    5.28625E-04
 1.10000E+01    2.02079E-04    0.00000E+00    5.57009E-04
 1.11552E+01    2.80660E-04    0.00000E+00    7.73609E-04
 1.13126E+01    3.60350E-04    0.00000E+00    9.93265E-04
 1.14722E+01    4.41164E-04    0.00000E+00    1.21602E-03
 1.15000E+01    4.55256E-04    0.00000E+00    1.25486E-03
 1.16622E+01    6.38853E-04    0.00000E+00    1.76093E-03
 1.18268E+01    8.25040E-04    0.00000E+00    2.27413E-03
 1.19936E+01    1.01385E-03    0.00000E+00    2.79458E-03
 1.20000E+01    1.02106E-03    0.00000E+00    2.81444E-03
 1.21693E+01    1.37877E-03    0.00000E+00    3.80044E-03
 1.23410E+01    1.74154E-03    0.00000E+00    4.80035E-03
 1.25000E+01    2.07752E-03    0.00000E+00    5.72646E-03
 1.26764E+01    2.77704E-03    0.00000E+00    7.65462E-03
 1.28552E+01    3.48644E-03    0.00000E+00    9.60998E-03
 1.30000E+01    4.06083E-03    0.00000E+00    1.02757E-02
 1.31834E+01    5.62212E-03    0.00000E+00    1.42265E-02
 1.33694E+01    7.20544E-03    0.00000E+00    1.82329E-02
 1.35000E+01    8.31720E-03    0.00000E+00    2.10462E-02
 1.36905E+01    1.18224E-02    0.00000E+00    2.99159E-02
 1.38836E+01    1.53771E-02    0.00000E+00    3.89107E-02
 1.40000E+01    1.75191E-02    0.00000E+00    4.43311E-02
 1.41975E+01    2.44356E-02    0.00000E+00    6.18328E-02
 1.43978E+01    3.14497E-02    0.00000E+00    7.95815E-02
 1.45000E+01    3.50279E-02    0.00000E+00    8.86360E-02
 1.47046E+01    4.72812E-02    0.00000E+00    1.19642E-01
 1.49120E+01    5.97073E-02    0.00000E+00    1.51086E-01
 1.50000E+01    6.49769E-02    0.00000E+00    1.64420E-01
 1.52116E+01    9.18399E-02    0.00000E+00    2.32396E-01
 1.54262E+01    1.19082E-01    0.00000E+00    3.01330E-01
 1.56439E+01    1.46708E-01    0.00000E+00    3.71237E-01
 1.58646E+01    1.74724E-01    0.00000E+00    4.42130E-01
 1.60000E+01    1.91915E-01    6.40179E-02    3.19812E-01
 1.62257E+01    2.62748E-01    8.76461E-02    4.37850E-01
 1.64546E+01    3.34581E-01    1.11608E-01    5.57554E-01
 1.66868E+01    4.07427E-01    1.35907E-01    6.78947E-01
 1.69222E+01    4.81301E-01    1.60550E-01    8.02052E-01
 1.70000E+01    5.05710E-01    1.68692E-01    8.42728E-01
 1.72398E+01    6.55936E-01    2.18803E-01    1.09307E+00
 1.74831E+01    8.08281E-01    2.69622E-01    1.34694E+00
 1.77297E+01    9.62776E-01    3.21157E-01    1.60439E+00
 1.79799E+01    1.11945E+00    3.73420E-01    1.86548E+00
 1.80000E+01    1.13207E+00    3.77630E-01    1.88651E+00
 1.82539E+01    1.39062E+00    4.63875E-01    2.31736E+00
 1.85115E+01    1.65282E+00    5.51337E-01    2.75429E+00
 1.87726E+01    1.91871E+00    6.40033E-01    3.19739E+00
 1.90000E+01    2.15019E+00    7.17249E-01    3.58313E+00
 1.92681E+01    2.59118E+00    8.64351E-01    4.31801E+00
 1.95399E+01    3.03839E+00    1.01353E+00    5.06325E+00
 1.98156E+01    3.49191E+00    1.16481E+00    5.81901E+00
 2.00000E+01    3.79533E+00    1.14529E+00    6.44537E+00
 2.02822E+01    4.55107E+00    1.37334E+00    7.72879E+00
 2.05683E+01    5.31747E+00    1.60461E+00    9.03032E+00
 2.08585E+01    6.09468E+00    1.83915E+00    1.03502E+01
 2.10000E+01    6.47369E+00    1.95352E+00    1.09939E+01
 2.12963E+01    7.51370E+00    2.26736E+00    1.27600E+01
 2.15967E+01    8.56838E+00    2.58562E+00    1.45511E+01
 2.19014E+01    9.63795E+00    2.90838E+00    1.63675E+01
 2.20000E+01    9.98401E+00    3.01280E+00    1.69552E+01
 2.23104E+01    1.05689E+01    3.18930E+00    1.79485E+01
 2.26251E+01    1.11620E+01    3.36828E+00    1.89558E+01
 2.29443E+01    1.17635E+01    3.54979E+00    1.99772E+01
 2.30000E+01    1.18684E+01    3.58144E+00    2.01554E+01
 2.33245E+01    1.23361E+01    3.72258E+00    2.09497E+01
 2.36536E+01    1.28104E+01    3.86571E+00    2.17552E+01
 2.39873E+01    1.32914E+01    4.01086E+00    2.25720E+01
 2.40000E+01    1.33098E+01    3.16655E+00    2.34530E+01
 2.43386E+01    1.26010E+01    2.99793E+00    2.22042E+01
 2.46820E+01    1.18823E+01    2.82693E+00    2.09377E+01
 2.50000E+01    1.12166E+01    2.66856E+00    1.97646E+01
 2.53527E+01    1.08135E+01    2.57265E+00    1.90543E+01
 2.57104E+01    1.04047E+01    2.47540E+00    1.83340E+01
 2.60000E+01    1.00737E+01    2.39665E+00    1.77508E+01
 2.63668E+01    9.70669E+00    2.30933E+00    1.71040E+01
 2.67388E+01    9.33451E+00    2.22079E+00    1.64482E+01
 2.70000E+01    9.07317E+00    2.15861E+00    1.59877E+01
 2.73809E+01    8.76405E+00    2.08507E+00    1.54430E+01
 2.77672E+01    8.45056E+00    2.01048E+00    1.48906E+01
 2.80000E+01    8.26165E+00    1.96554E+00    1.45578E+01
 2.83950E+01    7.91497E+00    1.88306E+00    1.39469E+01
 2.87956E+01    7.56339E+00    1.79942E+00    1.33274E+01
 2.90000E+01    7.38403E+00    1.75674E+00    1.30113E+01
 2.94091E+01    7.03972E+00    1.67483E+00    1.24046E+01
 2.98240E+01    6.69055E+00    1.59176E+00    1.17893E+01
 3.00000E+01    6.54248E+00    1.55653E+00    1.15284E+01
