# n + Ac228 : (n,nt)    
# tendl.2017 A.J. Koning and D. Rochman        EVAL-NOV17
# uncertainties: y
# # energies =    24
#   E(MeV)       xs(mb)       xslow(mb)      xsupp(mb)
 8.08377E+00    0.00000E+00   -0.00000E+00    0.00000E+00
 1.15000E+01    3.35948E-15    0.00000E+00    2.45188E-14
 1.20000E+01    2.45865E-12    0.00000E+00    1.79442E-11
 1.25000E+01    2.43498E-10    0.00000E+00    1.77714E-09
 1.30000E+01    4.99703E-09    0.00000E+00    3.00426E-08
 1.35000E+01    4.52235E-08    0.00000E+00    2.71888E-07
 1.40000E+01    6.04292E-07    0.00000E+00    3.63306E-06
 1.45000E+01    3.11867E-06    0.00000E+00    1.87497E-05
 1.50000E+01    2.26734E-05    0.00000E+00    1.36315E-04
 1.60000E+01    4.37743E-04    0.00000E+00    9.43089E-04
 1.70000E+01    4.69970E-03    0.00000E+00    1.01252E-02
 1.80000E+01    2.88371E-02    0.00000E+00    6.21277E-02
 1.90000E+01    1.22240E-01    0.00000E+00    2.63358E-01
 2.00000E+01    3.65554E-01    1.31273E-01    5.99835E-01
 2.10000E+01    7.78777E-01    2.79665E-01    1.27789E+00
 2.20000E+01    1.38943E+00    4.98955E-01    2.27991E+00
 2.30000E+01    2.13376E+00    7.66250E-01    3.50127E+00
 2.40000E+01    2.96879E+00    1.61919E+00    4.31839E+00
 2.50000E+01    3.79199E+00    2.06817E+00    5.51581E+00
 2.60000E+01    4.56420E+00    2.48934E+00    6.63906E+00
 2.70000E+01    5.16901E+00    2.81920E+00    7.51882E+00
 2.80000E+01    5.66247E+00    3.08834E+00    8.23660E+00
 2.90000E+01    5.98412E+00    3.26377E+00    8.70447E+00
 3.00000E+01    6.16199E+00    3.36078E+00    8.96320E+00
