# n + Ac228 : (n,4n)    
# tendl.2017 A.J. Koning and D. Rochman        EVAL-NOV17
# uncertainties: n
# # energies =    44
#   E(MeV)       xs(mb) 
 1.70316E+01    0.00000E+00
 1.80000E+01    6.68087E+00
 1.90000E+01    4.58939E+01
 2.00000E+01    1.49000E+02
 2.10000E+01    3.18626E+02
 2.20000E+01    5.30742E+02
 2.30000E+01    7.49184E+02
 2.40000E+01    9.50246E+02
 2.50000E+01    1.11735E+03
 2.60000E+01    1.23416E+03
 2.70000E+01    1.29781E+03
 2.80000E+01    1.30749E+03
 2.90000E+01    1.26800E+03
 3.00000E+01    1.18828E+03
 3.00000E+01    1.15673E+03
 3.20000E+01    9.42246E+02
 3.40000E+01    7.37682E+02
 3.60000E+01    5.79516E+02
 3.80000E+01    4.64447E+02
 4.00000E+01    3.82836E+02
 4.20000E+01    3.23687E+02
 4.40000E+01    2.81201E+02
 4.60000E+01    2.50023E+02
 4.80000E+01    2.26822E+02
 5.00000E+01    2.08472E+02
 5.20000E+01    1.94419E+02
 5.40000E+01    1.83620E+02
 5.60000E+01    1.74742E+02
 5.80000E+01    1.67711E+02
 6.00000E+01    1.61648E+02
 6.50000E+01    1.49580E+02
 7.00000E+01    1.40615E+02
 7.50000E+01    1.31934E+02
 8.00000E+01    1.25646E+02
 9.00000E+01    1.14930E+02
 1.00000E+02    1.05920E+02
 1.10000E+02    9.81876E+01
 1.20000E+02    9.26351E+01
 1.30000E+02    8.57766E+01
 1.40000E+02    8.11240E+01
 1.50000E+02    7.62258E+01
 1.60000E+02    7.27834E+01
 1.80000E+02    6.43738E+01
 2.00000E+02    5.45945E+01
