# n + Ac228 : (n,n'03)  
# tendl.2017 A.J. Koning and D. Rochman        EVAL-NOV17
# uncertainties: y
# # energies =   104
#   E(MeV)       xs(mb)       xslow(mb)      xsupp(mb)
 2.02793E-02    0.00000E+00   -0.00000E+00    0.00000E+00
 3.00000E-02    4.61349E-01    0.00000E+00    1.05297E+00
 3.32163E-02    5.81226E-01    0.00000E+00    1.32657E+00
 6.00000E-02    1.57950E+00    0.00000E+00    3.60500E+00
 9.38714E-02    2.66834E+00    0.00000E+00    6.09012E+00
 9.84727E-02    2.81625E+00    0.00000E+00    6.42772E+00
 1.00000E-01    2.86535E+00    0.00000E+00    6.53977E+00
 1.08940E-01    3.11422E+00    0.00000E+00    7.10778E+00
 1.11108E-01    3.17457E+00    0.00000E+00    7.24552E+00
 1.48803E-01    4.22390E+00    0.00000E+00    9.64049E+00
 1.74682E-01    4.94431E+00    0.00000E+00    1.12847E+01
 1.75687E-01    4.97229E+00    0.00000E+00    1.13486E+01
 1.87743E-01    5.30790E+00    0.00000E+00    1.21146E+01
 1.96945E-01    5.56406E+00    0.00000E+00    1.26992E+01
 2.00000E-01    5.64910E+00    1.93473E+00    9.36347E+00
 2.17880E-01    5.84734E+00    2.00262E+00    9.69206E+00
 2.22218E-01    5.89544E+00    2.01910E+00    9.77178E+00
 2.55234E-01    6.26150E+00    2.14447E+00    1.03785E+01
 2.57129E-01    6.28251E+00    2.15166E+00    1.04134E+01
 2.58937E-01    6.30256E+00    2.15853E+00    1.04466E+01
 2.59741E-01    6.31147E+00    2.16158E+00    1.04614E+01
 2.60344E-01    6.31816E+00    2.16387E+00    1.04724E+01
 2.63152E-01    6.34929E+00    2.17453E+00    1.05241E+01
 2.79492E-01    6.53046E+00    2.23658E+00    1.08243E+01
 2.91062E-01    6.65874E+00    2.28051E+00    1.10370E+01
 2.92922E-01    6.67936E+00    2.28758E+00    1.10712E+01
 2.93778E-01    6.68886E+00    2.29083E+00    1.10869E+01
 2.94484E-01    6.69668E+00    2.29351E+00    1.10999E+01
 3.00000E-01    6.75784E+00    2.31445E+00    1.12012E+01
 3.01098E-01    6.75829E+00    2.31461E+00    1.12020E+01
 3.03699E-01    6.75936E+00    2.31497E+00    1.12037E+01
 3.05295E-01    6.76002E+00    2.31520E+00    1.12048E+01
 3.07078E-01    6.76075E+00    2.31545E+00    1.12060E+01
 4.00000E-01    6.79892E+00    2.32852E+00    1.12693E+01
 5.00000E-01    6.27606E+00    2.14945E+00    1.04027E+01
 6.00000E-01    5.60160E+00    2.01775E+00    9.18545E+00
 7.00000E-01    4.96839E+00    1.78966E+00    8.14712E+00
 8.00000E-01    4.43422E+00    1.59725E+00    7.27119E+00
 9.00000E-01    3.99586E+00    1.43935E+00    6.55237E+00
 1.00000E+00    3.58684E+00    1.56803E+00    5.60565E+00
 1.20000E+00    2.96719E+00    1.29714E+00    4.63724E+00
 1.40000E+00    2.39912E+00    1.04880E+00    3.74944E+00
 1.60000E+00    1.90777E+00    8.34002E-01    2.98154E+00
 1.80000E+00    1.55596E+00    8.05765E-01    2.30616E+00
 2.00000E+00    1.32970E+00    6.88594E-01    1.97081E+00
 2.20000E+00    1.18170E+00    6.11951E-01    1.75145E+00
 2.40000E+00    1.08107E+00    5.59840E-01    1.60230E+00
 2.60000E+00    1.01296E+00    5.20013E-01    1.50591E+00
 2.80000E+00    9.68475E-01    4.97176E-01    1.43977E+00
 3.00000E+00    9.40880E-01    4.83010E-01    1.39875E+00
 3.20000E+00    9.25022E-01    4.74869E-01    1.37518E+00
 3.40000E+00    9.16943E-01    4.70721E-01    1.36316E+00
 3.60000E+00    9.13741E-01    4.69078E-01    1.35840E+00
 3.80000E+00    9.13276E-01    4.68839E-01    1.35771E+00
 4.00000E+00    9.14087E-01    4.69255E-01    1.35892E+00
 4.20000E+00    9.15277E-01    4.69866E-01    1.36069E+00
 4.40000E+00    9.16354E-01    4.70419E-01    1.36229E+00
 4.60000E+00    9.17143E-01    5.02790E-01    1.33150E+00
 4.80000E+00    9.17711E-01    5.03102E-01    1.33232E+00
 5.00000E+00    9.18259E-01    5.03402E-01    1.33312E+00
 5.20000E+00    9.19063E-01    5.03843E-01    1.33428E+00
 5.40000E+00    9.20425E-01    5.04589E-01    1.33626E+00
 5.60000E+00    9.22643E-01    5.05805E-01    1.33948E+00
 5.80000E+00    9.25953E-01    5.07620E-01    1.34429E+00
 6.00000E+00    9.30519E-01    5.10123E-01    1.35091E+00
 6.20000E+00    9.36402E-01    5.13348E-01    1.35946E+00
 6.40000E+00    9.43543E-01    5.17263E-01    1.36982E+00
 6.60000E+00    9.51771E-01    4.59209E-01    1.44433E+00
 6.80000E+00    9.60813E-01    4.63572E-01    1.45805E+00
 7.00000E+00    9.70326E-01    4.68162E-01    1.47249E+00
 7.20000E+00    9.79944E-01    4.72802E-01    1.48709E+00
 7.40000E+00    9.89310E-01    4.77321E-01    1.50130E+00
 7.60000E+00    9.98119E-01    4.81571E-01    1.51467E+00
 7.80000E+00    1.00613E+00    4.85437E-01    1.52682E+00
 8.00000E+00    1.01321E+00    4.88853E-01    1.53757E+00
 8.50000E+00    1.02642E+00    4.95226E-01    1.55761E+00
 9.00000E+00    1.03387E+00    4.48347E-01    1.61939E+00
 9.50000E+00    1.03724E+00    4.49809E-01    1.62467E+00
 1.00000E+01    1.03846E+00    4.50338E-01    1.62658E+00
 1.05000E+01    1.03904E+00    4.50589E-01    1.62749E+00
 1.10000E+01    1.03986E+00    4.50945E-01    1.62878E+00
 1.15000E+01    1.04116E+00    4.51508E-01    1.63081E+00
 1.20000E+01    1.04273E+00    4.52189E-01    1.63327E+00
 1.25000E+01    1.04406E+00    4.52766E-01    1.63535E+00
 1.30000E+01    1.04455E+00    4.40720E-01    1.64838E+00
 1.35000E+01    1.04366E+00    4.40344E-01    1.64698E+00
 1.40000E+01    1.04102E+00    4.39230E-01    1.64281E+00
 1.45000E+01    1.03649E+00    4.37319E-01    1.63566E+00
 1.50000E+01    1.03010E+00    4.34623E-01    1.62558E+00
 1.60000E+01    1.01257E+00    4.37741E-01    1.58740E+00
 1.70000E+01    9.91046E-01    4.28436E-01    1.55366E+00
 1.80000E+01    9.69287E-01    4.19030E-01    1.51954E+00
 1.90000E+01    9.51185E-01    4.11204E-01    1.49117E+00
 2.00000E+01    9.39508E-01    4.06555E-01    1.47246E+00
 2.10000E+01    9.34771E-01    4.04505E-01    1.46504E+00
 2.20000E+01    9.35209E-01    4.04695E-01    1.46572E+00
 2.30000E+01    9.38067E-01    4.05932E-01    1.47020E+00
 2.40000E+01    9.41238E-01    4.04641E-01    1.47784E+00
 2.50000E+01    9.44012E-01    4.05833E-01    1.48219E+00
 2.60000E+01    9.46831E-01    4.07045E-01    1.48662E+00
 2.70000E+01    9.50572E-01    4.08653E-01    1.49249E+00
 2.80000E+01    9.55883E-01    4.10937E-01    1.50083E+00
 2.90000E+01    9.62750E-01    4.13889E-01    1.51161E+00
 3.00000E+01    9.70500E-01    4.17221E-01    1.52378E+00
