# n + Ac228 : (n,n'04)  
# tendl.2017 A.J. Koning and D. Rochman        EVAL-NOV17
# uncertainties: y
# # energies =   102
#   E(MeV)       xs(mb)       xslow(mb)      xsupp(mb)
 3.32163E-02    0.00000E+00   -0.00000E+00    0.00000E+00
 6.00000E-02    6.25592E-01    0.00000E+00    1.95230E+00
 9.38714E-02    2.35618E+00    0.00000E+00    7.35299E+00
 9.84727E-02    2.59128E+00    0.00000E+00    8.08665E+00
 1.00000E-01    2.66931E+00    0.00000E+00    8.33017E+00
 1.08940E-01    3.26689E+00    0.00000E+00    1.01950E+01
 1.11108E-01    3.41180E+00    0.00000E+00    1.06473E+01
 1.48803E-01    5.93145E+00    0.00000E+00    1.85104E+01
 1.74682E-01    7.66128E+00    0.00000E+00    2.39087E+01
 1.75687E-01    7.72846E+00    0.00000E+00    2.41184E+01
 1.87743E-01    8.53432E+00    0.00000E+00    2.66332E+01
 1.96945E-01    9.14941E+00    0.00000E+00    2.85527E+01
 2.00000E-01    9.35361E+00    3.04095E+00    1.56663E+01
 2.17880E-01    9.97694E+00    3.24360E+00    1.67103E+01
 2.22218E-01    1.01282E+01    3.29277E+00    1.69636E+01
 2.55234E-01    1.12792E+01    3.66697E+00    1.88914E+01
 2.57129E-01    1.13452E+01    3.68845E+00    1.90020E+01
 2.58937E-01    1.14083E+01    3.70894E+00    1.91076E+01
 2.59741E-01    1.14363E+01    3.71805E+00    1.91545E+01
 2.60344E-01    1.14573E+01    3.72489E+00    1.91898E+01
 2.63152E-01    1.15552E+01    3.75671E+00    1.93537E+01
 2.79492E-01    1.21249E+01    3.94191E+00    2.03078E+01
 2.91062E-01    1.25282E+01    4.07304E+00    2.09834E+01
 2.92922E-01    1.25931E+01    4.09412E+00    2.10920E+01
 2.93778E-01    1.26229E+01    4.10382E+00    2.11420E+01
 2.94484E-01    1.26475E+01    4.11182E+00    2.11832E+01
 3.00000E-01    1.28398E+01    4.17434E+00    2.15053E+01
 3.01098E-01    1.28418E+01    4.17500E+00    2.15086E+01
 3.03699E-01    1.28466E+01    4.17656E+00    2.15167E+01
 3.05295E-01    1.28495E+01    4.17751E+00    2.15216E+01
 3.07078E-01    1.28528E+01    4.17858E+00    2.15271E+01
 4.00000E-01    1.30238E+01    4.23416E+00    2.18134E+01
 5.00000E-01    1.16515E+01    3.78802E+00    1.95150E+01
 6.00000E-01    1.00189E+01    2.88512E+00    1.71527E+01
 7.00000E-01    8.63010E+00    2.48519E+00    1.47750E+01
 8.00000E-01    7.58217E+00    2.18342E+00    1.29809E+01
 9.00000E-01    6.82252E+00    1.96467E+00    1.16804E+01
 1.00000E+00    6.17655E+00    1.13474E+00    1.12184E+01
 1.20000E+00    5.27356E+00    9.68846E-01    9.57828E+00
 1.40000E+00    4.25571E+00    7.81849E-01    7.72957E+00
 1.60000E+00    3.10102E+00    5.69712E-01    5.63233E+00
 1.80000E+00    2.10274E+00    3.61801E-01    3.84368E+00
 2.00000E+00    1.38671E+00    2.38599E-01    2.53482E+00
 2.20000E+00    9.00423E-01    1.54928E-01    1.64592E+00
 2.40000E+00    5.74199E-01    9.87976E-02    1.04960E+00
 2.60000E+00    3.60374E-01    5.72922E-02    6.63456E-01
 2.80000E+00    2.23934E-01    3.56010E-02    4.12267E-01
 3.00000E+00    1.38494E-01    2.20177E-02    2.54970E-01
 3.20000E+00    8.55975E-02    1.36083E-02    1.57587E-01
 3.40000E+00    5.29554E-02    8.41884E-03    9.74920E-02
 3.60000E+00    3.28382E-02    5.22061E-03    6.04558E-02
 3.80000E+00    2.04069E-02    3.24428E-03    3.75695E-02
 4.00000E+00    1.27188E-02    2.02203E-03    2.34156E-02
 4.20000E+00    7.96304E-03    1.26596E-03    1.46601E-02
 4.40000E+00    5.01516E-03    7.97309E-04    9.23301E-03
 4.60000E+00    3.17681E-03    0.00000E+00    7.62635E-03
 4.80000E+00    2.03313E-03    0.00000E+00    4.88080E-03
 5.00000E+00    1.31079E-03    0.00000E+00    3.14672E-03
 5.20000E+00    8.51397E-04    0.00000E+00    2.04389E-03
 5.40000E+00    5.58087E-04    0.00000E+00    1.33976E-03
 5.60000E+00    3.69227E-04    0.00000E+00    8.86378E-04
 5.80000E+00    2.47335E-04    0.00000E+00    5.93760E-04
 6.00000E+00    1.67265E-04    0.00000E+00    4.01542E-04
 6.20000E+00    1.14240E-04    0.00000E+00    2.74248E-04
 6.40000E+00    7.88133E-05    0.00000E+00    1.89202E-04
 6.60000E+00    5.48259E-05    0.00000E+00    2.42916E-04
 6.80000E+00    3.85108E-05    0.00000E+00    1.70629E-04
 7.00000E+00    2.72595E-05    0.00000E+00    1.20778E-04
 7.20000E+00    1.94341E-05    0.00000E+00    8.61061E-05
 7.40000E+00    1.39579E-05    0.00000E+00    6.18429E-05
 7.60000E+00    1.00761E-05    0.00000E+00    4.46439E-05
 7.80000E+00    7.32111E-06    0.00000E+00    3.24374E-05
 8.00000E+00    5.34258E-06    0.00000E+00    2.36712E-05
 8.50000E+00    2.47501E-06    0.00000E+00    1.09660E-05
 9.00000E+00    1.17355E-06    0.00000E+00    8.06237E-06
 9.50000E+00    5.68640E-07    0.00000E+00    3.90660E-06
 1.00000E+01    2.81545E-07    0.00000E+00    1.93423E-06
 1.05000E+01    1.42451E-07    0.00000E+00    9.78648E-07
 1.10000E+01    7.36779E-08    0.00000E+00    5.06172E-07
 1.15000E+01    3.89269E-08    0.00000E+00    2.67430E-07
 1.20000E+01    2.09838E-08    0.00000E+00    1.44160E-07
 1.25000E+01    1.15238E-08    0.00000E+00    7.91693E-08
 1.30000E+01    6.43686E-09    6.43686E-09    6.43686E-09
 1.35000E+01    3.65269E-09    3.65269E-09    3.65269E-09
 1.40000E+01    2.10408E-09    2.10408E-09    2.10408E-09
 1.45000E+01    1.22951E-09    1.22951E-09    1.22951E-09
 1.50000E+01    7.28941E-10    7.28941E-10    7.28941E-10
 1.60000E+01    2.67304E-10    2.67304E-10    2.67304E-10
 1.70000E+01    1.03123E-10    1.03123E-10    1.03123E-10
 1.80000E+01    4.21539E-11    4.21539E-11    4.21539E-11
 1.90000E+01    1.80752E-11    1.80752E-11    1.80752E-11
 2.00000E+01    8.07799E-12    8.07799E-12    8.07799E-12
 2.10000E+01    3.74186E-12    3.74186E-12    3.74186E-12
 2.20000E+01    1.78765E-12    1.78765E-12    1.78765E-12
 2.30000E+01    8.81396E-13    8.81396E-13    8.81396E-13
 2.40000E+01    4.47077E-13    4.47077E-13    4.47077E-13
 2.50000E+01    2.34130E-13    2.34130E-13    2.34130E-13
 2.60000E+01    1.25685E-13    1.25685E-13    1.25685E-13
 2.70000E+01    6.91602E-14    6.91602E-14    6.91602E-14
 2.80000E+01    3.89439E-14    3.89439E-14    3.89439E-14
 2.90000E+01    2.24159E-14    2.24159E-14    2.24159E-14
 3.00000E+01    1.31620E-14    1.31620E-14    1.31620E-14
