# n + Ac227 : (n,p)     
# eaf.2010   Manhattan project, site A         EVAL-JUN10
# uncertainties: n
# # energies =    75
#   E(MeV)       xs(mb) 
 5.46228E-01    0.00000E+00
 2.20000E+00    8.72150E-17
 2.40000E+00    2.05435E-15
 2.60000E+00    3.78620E-14
 2.80000E+00    1.56099E-12
 3.00000E+00    1.08168E-11
 3.20000E+00    5.73820E-11
 3.40000E+00    2.48328E-10
 3.60000E+00    9.11926E-10
 3.80000E+00    2.93919E-09
 4.00000E+00    8.59061E-09
 4.20000E+00    2.33082E-08
 4.40000E+00    5.98713E-08
 4.60000E+00    1.48156E-07
 4.80000E+00    3.04726E-07
 5.00000E+00    5.07486E-07
 5.20000E+00    1.68134E-06
 5.40000E+00    3.01882E-06
 5.60000E+00    5.29024E-06
 5.80000E+00    1.33492E-05
 6.00000E+00    2.08204E-05
 6.20000E+00    4.51466E-05
 6.40000E+00    7.86702E-05
 6.60000E+00    1.17004E-04
 6.80000E+00    2.36166E-04
 7.00000E+00    3.58091E-04
 7.20000E+00    5.88122E-04
 7.40000E+00    9.35454E-04
 7.60000E+00    1.26088E-03
 7.80000E+00    2.09367E-03
 8.00000E+00    3.03243E-03
 8.50000E+00    7.18963E-03
 9.00000E+00    1.53394E-02
 9.50000E+00    3.00439E-02
 1.00000E+01    5.48879E-02
 1.05000E+01    9.44503E-02
 1.10000E+01    1.54698E-01
 1.15000E+01    2.42716E-01
 1.20000E+01    3.66039E-01
 1.25000E+01    5.31757E-01
 1.30000E+01    7.45657E-01
 1.35000E+01    1.01158E+00
 1.40000E+01    1.33078E+00
 1.45000E+01    1.69932E+00
 1.50000E+01    2.11095E+00
 1.60000E+01    3.04164E+00
 1.70000E+01    4.14478E+00
 1.80000E+01    5.09379E+00
 1.90000E+01    5.91761E+00
 2.00000E+01    6.59367E+00
 2.10000E+01    6.96267E+00
 2.20000E+01    7.29925E+00
 2.30000E+01    7.61957E+00
 2.40000E+01    7.64043E+00
 2.50000E+01    7.75929E+00
 2.60000E+01    7.61570E+00
 2.70000E+01    7.61750E+00
 2.80000E+01    7.40499E+00
 2.90000E+01    7.25598E+00
 3.00000E+01    7.15719E+00
 3.20000E+01    6.66760E+00
 3.40000E+01    6.19042E+00
 3.60000E+01    5.75622E+00
 3.80000E+01    5.30092E+00
 4.00000E+01    4.83378E+00
 4.20000E+01    4.59543E+00
 4.40000E+01    4.09751E+00
 4.60000E+01    3.83933E+00
 4.80000E+01    3.70206E+00
 5.00000E+01    3.45505E+00
 5.20000E+01    2.97591E+00
 5.40000E+01    2.86523E+00
 5.60000E+01    2.81717E+00
 5.80000E+01    2.76177E+00
 6.00000E+01    2.48953E+00
