# n + Ac227 : (n,d)     
# eaf.2010   Manhattan project, site A         EVAL-JUN10
# uncertainties: n
# # energies =    58
#   E(MeV)       xs(mb) 
 2.89338E+00    0.00000E+00
 5.60000E+00    1.20169E-16
 5.80000E+00    1.52697E-15
 6.00000E+00    1.48915E-14
 6.20000E+00    1.15829E-13
 6.40000E+00    2.77919E-12
 6.60000E+00    1.61519E-11
 6.80000E+00    8.11099E-11
 7.00000E+00    3.58918E-10
 7.20000E+00    7.51611E-10
 7.40000E+00    1.17014E-09
 7.60000E+00    1.06096E-08
 7.80000E+00    2.40660E-08
 8.00000E+00    4.74011E-08
 8.50000E+00    5.62597E-07
 9.00000E+00    4.72230E-06
 9.50000E+00    2.99012E-05
 1.00000E+01    1.49835E-04
 1.05000E+01    6.16196E-04
 1.10000E+01    2.13859E-03
 1.15000E+01    6.40100E-03
 1.20000E+01    1.68067E-02
 1.25000E+01    3.92554E-02
 1.30000E+01    8.25462E-02
 1.35000E+01    1.58007E-01
 1.40000E+01    2.78123E-01
 1.45000E+01    4.54283E-01
 1.50000E+01    6.94170E-01
 1.60000E+01    1.36856E+00
 1.70000E+01    2.30373E+00
 1.80000E+01    3.37381E+00
 1.90000E+01    4.53801E+00
 2.00000E+01    5.81509E+00
 2.10000E+01    6.94714E+00
 2.20000E+01    7.94141E+00
 2.30000E+01    8.75351E+00
 2.40000E+01    9.33489E+00
 2.50000E+01    9.84522E+00
 2.60000E+01    1.01824E+01
 2.70000E+01    1.03905E+01
 2.80000E+01    1.05792E+01
 2.90000E+01    1.06343E+01
 3.00000E+01    1.06315E+01
 3.20000E+01    1.05278E+01
 3.40000E+01    1.03173E+01
 3.60000E+01    9.92550E+00
 3.80000E+01    9.41196E+00
 4.00000E+01    9.22141E+00
 4.20000E+01    8.55497E+00
 4.40000E+01    8.05304E+00
 4.60000E+01    7.31812E+00
 4.80000E+01    7.15055E+00
 5.00000E+01    6.65440E+00
 5.20000E+01    6.20082E+00
 5.40000E+01    6.07942E+00
 5.60000E+01    5.87852E+00
 5.80000E+01    5.23372E+00
 6.00000E+01    5.03748E+00
