# n + Ac227 : (n,pa)    
# eaf.2010   Manhattan project, site A         EVAL-JUN10
# uncertainties: n
# # energies =   352
#   E(MeV)       xs(mb) 
 1.00000E-11    1.00000E-17
 2.00000E-11    1.00000E-17
 4.00000E-11    1.00000E-17
 8.00000E-11    1.00000E-17
 1.60000E-10    1.00000E-17
 3.20000E-10    1.00000E-17
 6.40000E-10    1.00000E-17
 1.28000E-09    1.00000E-17
 2.56000E-09    1.00000E-17
 5.12000E-09    1.00000E-17
 1.02400E-08    1.00000E-17
 2.04800E-08    1.00000E-17
 2.53000E-08    1.00000E-17
 5.06000E-08    1.00000E-17
 1.01200E-07    1.00000E-17
 1.63352E-07    1.00000E-17
 3.26704E-07    1.00000E-17
 6.53408E-07    1.00000E-17
 8.16762E-07    1.00000E-17
 1.00000E-06    1.00000E-17
 2.00000E-06    1.00000E-17
 4.00000E-06    1.00000E-17
 8.00000E-06    1.00000E-17
 1.60000E-05    1.00000E-17
 3.20000E-05    1.00000E-17
 6.40000E-05    1.00000E-17
 1.28000E-04    1.00000E-17
 2.56000E-04    1.00000E-17
 5.12000E-04    1.00000E-17
 1.00000E-03    1.00000E-17
 2.00000E-03    1.00000E-17
 4.00000E-03    1.00000E-17
 5.00000E-03    1.00000E-17
 1.00000E-02    1.00000E-17
 2.00000E-02    1.00000E-17
 4.00000E-02    1.00000E-17
 5.00000E-02    1.00000E-17
 1.00000E-01    1.00000E-17
 2.00000E-01    1.00000E-17
 3.00000E-01    1.00000E-17
 4.00000E-01    1.00000E-17
 5.00000E-01    1.00000E-17
 6.00000E-01    1.00000E-17
 7.00000E-01    1.00000E-17
 8.00000E-01    1.00000E-17
 9.00000E-01    1.00000E-17
 1.00000E+00    1.00000E-17
 1.20000E+00    1.00000E-17
 1.40000E+00    1.00000E-17
 1.60000E+00    1.00000E-17
 1.80000E+00    1.00000E-17
 2.00000E+00    1.00000E-17
 2.20000E+00    1.00000E-17
 2.40000E+00    1.00000E-17
 2.60000E+00    1.00000E-17
 2.80000E+00    1.00000E-17
 3.00000E+00    1.00000E-17
 3.20000E+00    1.00000E-17
 3.40000E+00    1.00000E-17
 3.60000E+00    1.00000E-17
 3.80000E+00    1.00000E-17
 4.00000E+00    1.00000E-17
 4.20000E+00    1.00000E-17
 4.40000E+00    1.00000E-17
 4.60000E+00    1.00000E-17
 4.80000E+00    1.00000E-17
 5.00000E+00    1.00000E-17
 5.20000E+00    1.00000E-17
 5.40000E+00    1.00000E-17
 5.60000E+00    1.00000E-17
 5.80000E+00    1.00000E-17
 6.00000E+00    1.00000E-17
 6.20000E+00    1.00000E-17
 6.40000E+00    1.00000E-17
 6.60000E+00    1.00000E-17
 6.80000E+00    1.00000E-17
 7.00000E+00    1.00000E-17
 7.20000E+00    1.00000E-17
 7.40000E+00    1.00000E-17
 7.60000E+00    1.00000E-17
 7.80000E+00    1.00000E-17
 8.00000E+00    1.00000E-17
 8.50000E+00    1.00000E-17
 9.00000E+00    1.19903E-12
 9.50000E+00    5.67830E-12
 1.00000E+01    2.26839E-11
 1.05000E+01    7.54314E-11
 1.10000E+01    2.25647E-10
 1.15000E+01    5.96219E-10
 1.20000E+01    1.39422E-09
 1.25000E+01    3.00462E-09
 1.30000E+01    5.97404E-09
 1.35000E+01    1.11527E-08
 1.40000E+01    1.96167E-08
 1.45000E+01    3.22429E-08
 1.50000E+01    5.06555E-08
 1.54919E+01    7.63026E-08
 1.57439E+01    9.36474E-08
 1.58076E+01    9.85678E-08
 1.58315E+01    1.00479E-07
 1.58524E+01    1.02181E-07
 1.58892E+01    1.05231E-07
 1.59168E+01    1.07577E-07
 1.59376E+01    1.09371E-07
 1.59688E+01    1.12119E-07
 1.60000E+01    1.14935E-07
 1.60303E+01    1.17497E-07
 1.60598E+01    1.20033E-07
 1.60884E+01    1.22543E-07
 1.61161E+01    1.25024E-07
 1.61430E+01    1.27475E-07
 1.61691E+01    1.29896E-07
 1.61945E+01    1.32284E-07
 1.62191E+01    1.34640E-07
 1.62429E+01    1.36963E-07
 1.62661E+01    1.39251E-07
 1.62885E+01    1.41504E-07
 1.63103E+01    1.43721E-07
 1.63314E+01    1.45902E-07
 1.63724E+01    1.50223E-07
 1.64109E+01    1.54389E-07
 1.64472E+01    1.58400E-07
 1.64812E+01    1.62255E-07
 1.65131E+01    1.65954E-07
 1.65431E+01    1.69499E-07
 1.65713E+01    1.72891E-07
 1.65978E+01    1.76132E-07
 1.66227E+01    1.79226E-07
 1.66460E+01    1.82176E-07
 1.66679E+01    1.84986E-07
 1.67091E+01    1.90371E-07
 1.67452E+01    1.95212E-07
 1.67768E+01    1.99548E-07
 1.68045E+01    2.03422E-07
 1.68288E+01    2.06873E-07
 1.68715E+01    2.13053E-07
 1.69035E+01    2.17809E-07
 1.69276E+01    2.21446E-07
 1.69638E+01    2.27015E-07
 1.70000E+01    2.32724E-07
 1.70304E+01    2.36893E-07
 1.70599E+01    2.41002E-07
 1.70885E+01    2.45051E-07
 1.71163E+01    2.49038E-07
 1.71432E+01    2.52963E-07
 1.71694E+01    2.56824E-07
 1.72201E+01    2.64473E-07
 1.72679E+01    2.71851E-07
 1.73128E+01    2.78954E-07
 1.73549E+01    2.85782E-07
 1.73946E+01    2.92335E-07
 1.74318E+01    2.98615E-07
 1.74668E+01    3.04625E-07
 1.74996E+01    3.10369E-07
 1.75305E+01    3.15852E-07
 1.75595E+01    3.21080E-07
 1.75867E+01    3.26061E-07
 1.76378E+01    3.35608E-07
 1.76827E+01    3.44191E-07
 1.77221E+01    3.51881E-07
 1.77566E+01    3.58750E-07
 1.77868E+01    3.64871E-07
 1.78399E+01    3.75834E-07
 1.78798E+01    3.84272E-07
 1.79098E+01    3.90725E-07
 1.79548E+01    4.00608E-07
 1.80000E+01    4.10741E-07
 1.80304E+01    4.17005E-07
 1.80896E+01    4.29415E-07
 1.81452E+01    4.41384E-07
 1.81974E+01    4.52908E-07
 1.82466E+01    4.63985E-07
 1.82928E+01    4.74616E-07
 1.83362E+01    4.84803E-07
 1.83770E+01    4.94552E-07
 1.84153E+01    5.03870E-07
 1.84514E+01    5.12764E-07
 1.84852E+01    5.21246E-07
 1.85169E+01    5.29324E-07
 1.85766E+01    5.44811E-07
 1.86290E+01    5.58733E-07
 1.86750E+01    5.71206E-07
 1.87153E+01    5.82348E-07
 1.87507E+01    5.92276E-07
 1.88127E+01    6.10058E-07
 1.88594E+01    6.23744E-07
 1.88944E+01    6.34210E-07
 1.89471E+01    6.50238E-07
 1.90000E+01    6.66672E-07
 1.90610E+01    6.82506E-07
 1.91184E+01    6.97692E-07
 1.91723E+01    7.12236E-07
 1.92230E+01    7.26146E-07
 1.92707E+01    7.39433E-07
 1.93155E+01    7.52110E-07
 1.93576E+01    7.64192E-07
 1.94367E+01    7.87372E-07
 1.95063E+01    8.08231E-07
 1.95673E+01    8.26935E-07
 1.96209E+01    8.43656E-07
 1.96679E+01    8.58563E-07
 1.97091E+01    8.71824E-07
 1.97814E+01    8.95524E-07
 1.98358E+01    9.13721E-07
 1.99177E+01    9.41712E-07
 2.00000E+01    9.70560E-07
 2.00611E+01    9.90467E-07
 2.01185E+01    1.00950E-06
 2.01725E+01    1.02768E-06
 2.02233E+01    1.04501E-06
 2.02710E+01    1.06153E-06
 2.03607E+01    1.09321E-06
 2.04395E+01    1.12171E-06
 2.05087E+01    1.14725E-06
 2.05695E+01    1.17008E-06
 2.06228E+01    1.19042E-06
 2.07165E+01    1.22688E-06
 2.07870E+01    1.25495E-06
 2.08401E+01    1.27643E-06
 2.09199E+01    1.30934E-06
 2.10000E+01    1.34309E-06
 2.10611E+01    1.36775E-06
 2.11186E+01    1.39129E-06
 2.11727E+01    1.41372E-06
 2.12744E+01    1.45676E-06
 2.13637E+01    1.49549E-06
 2.14423E+01    1.53022E-06
 2.15112E+01    1.56127E-06
 2.15717E+01    1.58896E-06
 2.16780E+01    1.63860E-06
 2.17580E+01    1.67685E-06
 2.18183E+01    1.70611E-06
 2.19090E+01    1.75098E-06
 2.20000E+01    1.79702E-06
 2.21226E+01    1.85287E-06
 2.22304E+01    1.90316E-06
 2.23252E+01    1.94828E-06
 2.24084E+01    1.98864E-06
 2.24815E+01    2.02464E-06
 2.25457E+01    2.05667E-06
 2.26584E+01    2.11395E-06
 2.27433E+01    2.15796E-06
 2.28713E+01    2.22569E-06
 2.30000E+01    2.29555E-06
 2.31227E+01    2.35883E-06
 2.32306E+01    2.41562E-06
 2.33254E+01    2.46644E-06
 2.34087E+01    2.51178E-06
 2.34818E+01    2.55213E-06
 2.36103E+01    2.62432E-06
 2.37071E+01    2.67980E-06
 2.38531E+01    2.76523E-06
 2.40000E+01    2.85338E-06
 2.41228E+01    2.92708E-06
 2.42307E+01    2.99313E-06
 2.43256E+01    3.05215E-06
 2.44089E+01    3.10474E-06
 2.45553E+01    3.19897E-06
 2.46658E+01    3.27151E-06
 2.47489E+01    3.32699E-06
 2.48741E+01    3.41198E-06
 2.50000E+01    3.49915E-06
 2.51229E+01    3.57776E-06
 2.52309E+01    3.64799E-06
 2.53258E+01    3.71057E-06
 2.54927E+01    3.82268E-06
 2.56186E+01    3.90898E-06
 2.57134E+01    3.97498E-06
 2.58563E+01    4.07607E-06
 2.60000E+01    4.17974E-06
 2.61229E+01    4.27242E-06
 2.62310E+01    4.35520E-06
 2.63259E+01    4.42895E-06
 2.64928E+01    4.56103E-06
 2.66187E+01    4.66267E-06
 2.67135E+01    4.74038E-06
 2.68564E+01    4.85938E-06
 2.70000E+01    4.98137E-06
 2.71230E+01    5.08782E-06
 2.72311E+01    5.18283E-06
 2.73261E+01    5.26742E-06
 2.74930E+01    5.41879E-06
 2.76189E+01    5.53516E-06
 2.78088E+01    5.71442E-06
 2.80000E+01    5.89949E-06
 2.81231E+01    5.99894E-06
 2.83398E+01    6.17703E-06
 2.85034E+01    6.31406E-06
 2.87506E+01    6.52533E-06
 2.90000E+01    6.74366E-06
 2.92468E+01    6.94565E-06
 2.94333E+01    7.10110E-06
 2.97153E+01    7.34082E-06
 3.00000E+01    7.58864E-06
 3.01213E+01    7.71779E-06
 3.03499E+01    7.96590E-06
 3.05514E+01    8.18953E-06
 3.07289E+01    8.39035E-06
 3.08850E+01    8.57011E-06
 3.10222E+01    8.73055E-06
 3.11428E+01    8.87340E-06
 3.13549E+01    9.12903E-06
 3.15149E+01    9.32557E-06
 3.17565E+01    9.62835E-06
 3.20000E+01    9.94096E-06
 3.24887E+01    1.02360E-05
 3.28601E+01    1.04631E-05
 3.34252E+01    1.08131E-05
 3.40000E+01    1.11749E-05
 3.49857E+01    1.16414E-05
 3.60000E+01    1.21274E-05
 3.64899E+01    1.25122E-05
 3.68617E+01    1.28088E-05
 3.74265E+01    1.32670E-05
 3.80000E+01    1.37415E-05
 3.84904E+01    1.35948E-05
 3.92380E+01    1.33776E-05
 4.00000E+01    1.31639E-05
 4.04909E+01    1.28806E-05
 4.08630E+01    1.26721E-05
 4.11443E+01    1.25180E-05
 4.15700E+01    1.22903E-05
 4.20000E+01    1.20667E-05
 4.40000E+01    1.21341E-05
 4.60000E+01    1.23132E-05
 4.64920E+01    1.21900E-05
 4.72400E+01    1.20075E-05
 4.80000E+01    1.18277E-05
 4.81226E+01    1.16272E-05
 4.82379E+01    1.14422E-05
 4.83462E+01    1.12715E-05
 4.84479E+01    1.11138E-05
 4.85435E+01    1.09680E-05
 4.87232E+01    1.06996E-05
 4.88810E+01    1.04702E-05
 4.90195E+01    1.02735E-05
 4.91410E+01    1.01045E-05
 4.92476E+01    9.95881E-06
 4.94346E+01    9.70895E-06
 4.95753E+01    9.52568E-06
 4.96812E+01    9.39050E-06
 4.98403E+01    9.19133E-06
 5.00000E+01    8.99637E-06
 5.04927E+01    8.79352E-06
 5.08654E+01    8.64439E-06
 5.11467E+01    8.53420E-06
 5.15716E+01    8.37155E-06
 5.20000E+01    8.21200E-06
 5.40000E+01    8.34190E-06
 5.60000E+01    8.40886E-06
 5.80000E+01    8.73556E-06
 6.00000E+01    8.82138E-06
