# n + Ac227 : (n,2n)    
# eaf.2010   Manhattan project, site A         EVAL-JUN10
# uncertainties: n
# # energies =    53
#   E(MeV)       xs(mb) 
 6.55672E+00    0.00000E+00
 6.60000E+00    1.99566E-01
 6.80000E+00    1.57738E+01
 7.00000E+00    7.69556E+01
 7.20000E+00    1.86258E+02
 7.40000E+00    3.29785E+02
 7.60000E+00    4.92390E+02
 7.80000E+00    6.63879E+02
 8.00000E+00    8.36581E+02
 8.50000E+00    1.24787E+03
 9.00000E+00    1.58161E+03
 9.50000E+00    1.82100E+03
 1.00000E+01    1.98394E+03
 1.05000E+01    2.09380E+03
 1.10000E+01    2.16933E+03
 1.15000E+01    2.22249E+03
 1.20000E+01    2.26045E+03
 1.25000E+01    2.28344E+03
 1.30000E+01    2.26410E+03
 1.35000E+01    2.17491E+03
 1.40000E+01    2.01543E+03
 1.45000E+01    1.80408E+03
 1.50000E+01    1.57146E+03
 1.60000E+01    1.14173E+03
 1.70000E+01    8.31110E+02
 1.80000E+01    6.32527E+02
 1.90000E+01    5.13342E+02
 2.00000E+01    4.50874E+02
 2.10000E+01    4.07663E+02
 2.20000E+01    3.78035E+02
 2.30000E+01    3.54320E+02
 2.40000E+01    3.35418E+02
 2.50000E+01    3.19547E+02
 2.60000E+01    3.05959E+02
 2.70000E+01    2.93692E+02
 2.80000E+01    2.82879E+02
 2.90000E+01    2.72686E+02
 3.00000E+01    2.63117E+02
 3.20000E+01    2.46581E+02
 3.40000E+01    2.30401E+02
 3.60000E+01    2.12909E+02
 3.80000E+01    1.98770E+02
 4.00000E+01    1.86871E+02
 4.20000E+01    1.75891E+02
 4.40000E+01    1.64240E+02
 4.60000E+01    1.56162E+02
 4.80000E+01    1.46567E+02
 5.00000E+01    1.38036E+02
 5.20000E+01    1.31894E+02
 5.40000E+01    1.24007E+02
 5.60000E+01    1.15812E+02
 5.80000E+01    1.13728E+02
 6.00000E+01    1.10704E+02
