# n + Ac227 : (n,3n)    
# eaf.2010   Manhattan project, site A         EVAL-JUN10
# uncertainties: n
# # energies =    38
#   E(MeV)       xs(mb) 
 1.19793E+01    0.00000E+00
 1.20000E+01    3.98006E-04
 1.25000E+01    3.45964E+00
 1.30000E+01    4.00408E+01
 1.35000E+01    1.39018E+02
 1.40000E+01    3.02255E+02
 1.45000E+01    5.13261E+02
 1.50000E+01    7.43108E+02
 1.60000E+01    1.16621E+03
 1.70000E+01    1.46994E+03
 1.80000E+01    1.67348E+03
 1.90000E+01    1.80157E+03
 2.00000E+01    1.86926E+03
 2.10000E+01    1.87383E+03
 2.20000E+01    1.75595E+03
 2.30000E+01    1.52585E+03
 2.40000E+01    1.24525E+03
 2.50000E+01    9.85153E+02
 2.60000E+01    7.81364E+02
 2.70000E+01    6.35168E+02
 2.80000E+01    5.35961E+02
 2.90000E+01    4.70334E+02
 3.00000E+01    4.24449E+02
 3.20000E+01    3.67391E+02
 3.40000E+01    3.30161E+02
 3.60000E+01    3.03487E+02
 3.80000E+01    2.80984E+02
 4.00000E+01    2.62044E+02
 4.20000E+01    2.45428E+02
 4.40000E+01    2.30215E+02
 4.60000E+01    2.15021E+02
 4.80000E+01    2.03071E+02
 5.00000E+01    1.92941E+02
 5.20000E+01    1.81985E+02
 5.40000E+01    1.71114E+02
 5.60000E+01    1.66578E+02
 5.80000E+01    1.54149E+02
 6.00000E+01    1.46758E+02
