# n + Ac227 :  n        
# eaf.2010   Manhattan project, site A         EVAL-JUN10
# uncertainties: n
# # energies =    35
#   E(MeV)       xs(mb) 
 2.14231E+00    0.00000E+00
 1.35000E+01    2.96872E-16
 1.40000E+01    4.88067E-15
 1.45000E+01    4.86431E-14
 1.50000E+01    6.31781E-12
 1.60000E+01    2.20046E-10
 1.70000E+01    3.79702E-09
 1.80000E+01    3.70873E-08
 1.90000E+01    2.26713E-07
 2.00000E+01    9.07901E-07
 2.10000E+01    2.47472E-06
 2.20000E+01    5.11039E-06
 2.30000E+01    8.76766E-06
 2.40000E+01    1.35426E-05
 2.50000E+01    1.95782E-05
 2.60000E+01    2.72767E-05
 2.70000E+01    3.59922E-05
 2.80000E+01    4.64814E-05
 2.90000E+01    5.32063E-05
 3.00000E+01    6.04209E-05
 3.20000E+01    7.20475E-05
 3.40000E+01    8.97277E-05
 3.60000E+01    1.07725E-04
 3.80000E+01    1.35076E-04
 4.00000E+01    1.72277E-04
 4.20000E+01    2.25205E-04
 4.40000E+01    2.69244E-04
 4.60000E+01    2.79766E-04
 4.80000E+01    2.56724E-04
 5.00000E+01    2.71779E-04
 5.20000E+01    2.94643E-04
 5.40000E+01    3.04471E-04
 5.60000E+01    2.92447E-04
 5.80000E+01    1.91796E-04
 6.00000E+01    1.71485E-04
