# n + Ac227 : (n,na)    
# eaf.2010   Manhattan project, site A         EVAL-JUN10
# uncertainties: n
# # energies =  1119
#   E(MeV)       xs(mb) 
 1.00000E-11    1.00000E-17
 2.00000E-11    1.00000E-17
 4.00000E-11    1.00000E-17
 8.00000E-11    1.00000E-17
 1.60000E-10    1.00000E-17
 3.20000E-10    1.00000E-17
 6.40000E-10    1.00000E-17
 1.28000E-09    1.00000E-17
 2.56000E-09    1.00000E-17
 5.12000E-09    1.00000E-17
 1.02400E-08    1.00000E-17
 2.04800E-08    1.00000E-17
 2.53000E-08    1.00000E-17
 5.06000E-08    1.00000E-17
 1.01200E-07    1.00000E-17
 1.63352E-07    1.00000E-17
 3.26704E-07    1.00000E-17
 6.53408E-07    1.00000E-17
 8.16762E-07    1.00000E-17
 1.00000E-06    1.00000E-17
 2.00000E-06    1.00000E-17
 4.00000E-06    1.00000E-17
 8.00000E-06    1.00000E-17
 1.60000E-05    1.00000E-17
 3.20000E-05    1.00000E-17
 6.40000E-05    1.00000E-17
 1.28000E-04    1.00000E-17
 2.56000E-04    1.00000E-17
 5.12000E-04    1.00000E-17
 1.00000E-03    1.00000E-17
 2.00000E-03    1.00000E-17
 4.00000E-03    1.00000E-17
 5.00000E-03    1.00000E-17
 1.00000E-02    1.00000E-17
 2.00000E-02    1.00000E-17
 4.00000E-02    1.00000E-17
 5.00000E-02    1.00000E-17
 1.00000E-01    1.00000E-17
 2.00000E-01    1.00000E-17
 3.00000E-01    1.00000E-17
 4.00000E-01    1.00000E-17
 5.00000E-01    1.00000E-17
 6.00000E-01    1.00000E-17
 7.00000E-01    1.00000E-17
 8.00000E-01    1.00000E-17
 9.00000E-01    1.00000E-17
 1.00000E+00    8.34778E-12
 1.20000E+00    5.84824E-10
 1.40000E+00    3.90499E-09
 1.60000E+00    1.22633E-08
 1.80000E+00    3.37008E-08
 2.00000E+00    8.61508E-08
 2.02397E+00    9.53566E-08
 2.03455E+00    9.96875E-08
 2.03952E+00    1.01785E-07
 2.04436E+00    1.03859E-07
 2.04905E+00    1.05908E-07
 2.05361E+00    1.07932E-07
 2.05803E+00    1.09929E-07
 2.06233E+00    1.11899E-07
 2.06649E+00    1.13842E-07
 2.07054E+00    1.15756E-07
 2.07447E+00    1.17640E-07
 2.07828E+00    1.19495E-07
 2.08198E+00    1.21320E-07
 2.08917E+00    1.24936E-07
 2.09593E+00    1.28423E-07
 2.10229E+00    1.31781E-07
 2.10826E+00    1.35008E-07
 2.11388E+00    1.38106E-07
 2.11917E+00    1.41075E-07
 2.12413E+00    1.43916E-07
 2.12879E+00    1.46631E-07
 2.13318E+00    1.49223E-07
 2.13729E+00    1.51695E-07
 2.14116E+00    1.54049E-07
 2.14843E+00    1.58562E-07
 2.15481E+00    1.62620E-07
 2.16040E+00    1.66255E-07
 2.16532E+00    1.69503E-07
 2.16962E+00    1.72397E-07
 2.17718E+00    1.77580E-07
 2.18286E+00    1.81570E-07
 2.18713E+00    1.84620E-07
 2.19356E+00    1.89293E-07
 2.20000E+00    1.94084E-07
 2.20599E+00    1.99116E-07
 2.21181E+00    2.04116E-07
 2.21746E+00    2.09079E-07
 2.22295E+00    2.14001E-07
 2.22828E+00    2.18881E-07
 2.23345E+00    2.23714E-07
 2.23848E+00    2.28498E-07
 2.24336E+00    2.33230E-07
 2.24810E+00    2.37907E-07
 2.25269E+00    2.42528E-07
 2.25716E+00    2.47089E-07
 2.26149E+00    2.51590E-07
 2.26569E+00    2.56029E-07
 2.26978E+00    2.60403E-07
 2.27374E+00    2.64713E-07
 2.27758E+00    2.68955E-07
 2.28131E+00    2.73130E-07
 2.28855E+00    2.81403E-07
 2.29536E+00    2.89387E-07
 2.30177E+00    2.97078E-07
 2.30779E+00    3.04474E-07
 2.31345E+00    3.11574E-07
 2.31876E+00    3.18381E-07
 2.32376E+00    3.24897E-07
 2.32845E+00    3.31128E-07
 2.33286E+00    3.37077E-07
 2.33700E+00    3.42752E-07
 2.34089E+00    3.48158E-07
 2.34820E+00    3.58527E-07
 2.35461E+00    3.67852E-07
 2.36024E+00    3.76211E-07
 2.36517E+00    3.83680E-07
 2.36950E+00    3.90337E-07
 2.37329E+00    3.96257E-07
 2.37994E+00    4.06833E-07
 2.38494E+00    4.14950E-07
 2.39246E+00    4.27430E-07
 2.40000E+00    4.40286E-07
 2.40601E+00    4.50793E-07
 2.41185E+00    4.61212E-07
 2.41752E+00    4.71534E-07
 2.42302E+00    4.81753E-07
 2.42836E+00    4.91865E-07
 2.43355E+00    5.01863E-07
 2.43859E+00    5.11742E-07
 2.44348E+00    5.21498E-07
 2.44822E+00    5.31127E-07
 2.45283E+00    5.40624E-07
 2.45730E+00    5.49986E-07
 2.46164E+00    5.59210E-07
 2.46585E+00    5.68293E-07
 2.46993E+00    5.77234E-07
 2.47390E+00    5.86029E-07
 2.48160E+00    6.03452E-07
 2.48884E+00    6.20256E-07
 2.49564E+00    6.36435E-07
 2.50204E+00    6.51986E-07
 2.50805E+00    6.66910E-07
 2.51370E+00    6.81211E-07
 2.51901E+00    6.94897E-07
 2.52400E+00    7.07977E-07
 2.52868E+00    7.20463E-07
 2.53308E+00    7.32369E-07
 2.53721E+00    7.43709E-07
 2.54498E+00    7.65447E-07
 2.55179E+00    7.84989E-07
 2.55777E+00    8.02496E-07
 2.56301E+00    8.18136E-07
 2.56761E+00    8.32070E-07
 2.57567E+00    8.57028E-07
 2.58173E+00    8.76236E-07
 2.58628E+00    8.90925E-07
 2.59313E+00    9.13420E-07
 2.60000E+00    9.36484E-07
 2.60603E+00    9.57391E-07
 2.61188E+00    9.78090E-07
 2.61756E+00    9.98568E-07
 2.62308E+00    1.01882E-06
 2.62844E+00    1.03882E-06
 2.63364E+00    1.05858E-06
 2.63868E+00    1.07807E-06
 2.64358E+00    1.09730E-06
 2.64833E+00    1.11626E-06
 2.65295E+00    1.13493E-06
 2.65742E+00    1.15332E-06
 2.66177E+00    1.17142E-06
 2.66598E+00    1.18923E-06
 2.67417E+00    1.22450E-06
 2.68186E+00    1.25851E-06
 2.68910E+00    1.29126E-06
 2.69590E+00    1.32273E-06
 2.70229E+00    1.35293E-06
 2.70830E+00    1.38187E-06
 2.71394E+00    1.40957E-06
 2.71924E+00    1.43603E-06
 2.72422E+00    1.46130E-06
 2.72889E+00    1.48539E-06
 2.73328E+00    1.50833E-06
 2.74154E+00    1.55231E-06
 2.74878E+00    1.59184E-06
 2.75513E+00    1.62725E-06
 2.76070E+00    1.65889E-06
 2.76558E+00    1.68707E-06
 2.77414E+00    1.73755E-06
 2.78059E+00    1.77640E-06
 2.78543E+00    1.80610E-06
 2.79270E+00    1.85159E-06
 2.80000E+00    1.89823E-06
 2.80604E+00    1.94037E-06
 2.81191E+00    1.98209E-06
 2.81761E+00    2.02336E-06
 2.82313E+00    2.06415E-06
 2.82850E+00    2.10446E-06
 2.83371E+00    2.14426E-06
 2.83876E+00    2.18353E-06
 2.84367E+00    2.22226E-06
 2.84843E+00    2.26043E-06
 2.85305E+00    2.29804E-06
 2.85753E+00    2.33507E-06
 2.86188E+00    2.37151E-06
 2.86609E+00    2.40735E-06
 2.87429E+00    2.47835E-06
 2.88199E+00    2.54680E-06
 2.88922E+00    2.61270E-06
 2.89603E+00    2.67603E-06
 2.90242E+00    2.73679E-06
 2.90842E+00    2.79500E-06
 2.91406E+00    2.85070E-06
 2.91936E+00    2.90393E-06
 2.92434E+00    2.95474E-06
 2.92901E+00    3.00317E-06
 2.93340E+00    3.04930E-06
 2.94164E+00    3.13771E-06
 2.94887E+00    3.21717E-06
 2.95522E+00    3.28834E-06
 2.96078E+00    3.35191E-06
 2.96565E+00    3.40854E-06
 2.97420E+00    3.50995E-06
 2.98063E+00    3.58799E-06
 2.98546E+00    3.64765E-06
 2.99272E+00    3.73901E-06
 3.00000E+00    3.83266E-06
 3.00606E+00    3.91011E-06
 3.01194E+00    3.98663E-06
 3.01764E+00    4.06218E-06
 3.02318E+00    4.13674E-06
 3.02855E+00    4.21028E-06
 3.03377E+00    4.28276E-06
 3.03883E+00    4.35417E-06
 3.04374E+00    4.42448E-06
 3.04851E+00    4.49368E-06
 3.05313E+00    4.56174E-06
 3.06211E+00    4.69657E-06
 3.07055E+00    4.82659E-06
 3.07849E+00    4.95174E-06
 3.08595E+00    5.07202E-06
 3.09295E+00    5.18744E-06
 3.09954E+00    5.29803E-06
 3.10572E+00    5.40384E-06
 3.11153E+00    5.50496E-06
 3.11699E+00    5.60148E-06
 3.12211E+00    5.69350E-06
 3.12693E+00    5.78114E-06
 3.13597E+00    5.94913E-06
 3.14390E+00    6.10011E-06
 3.15086E+00    6.23536E-06
 3.15696E+00    6.35616E-06
 3.16231E+00    6.46378E-06
 3.17169E+00    6.65652E-06
 3.17874E+00    6.80484E-06
 3.18404E+00    6.91824E-06
 3.19201E+00    7.09189E-06
 3.20000E+00    7.26991E-06
 3.20607E+00    7.41186E-06
 3.21196E+00    7.55202E-06
 3.21767E+00    7.69032E-06
 3.22322E+00    7.82672E-06
 3.22860E+00    7.96116E-06
 3.23383E+00    8.09361E-06
 3.23889E+00    8.22401E-06
 3.24381E+00    8.35234E-06
 3.24858E+00    8.47858E-06
 3.25784E+00    8.72860E-06
 3.26655E+00    8.96970E-06
 3.27474E+00    9.20177E-06
 3.28243E+00    9.42478E-06
 3.28966E+00    9.63877E-06
 3.29645E+00    9.84378E-06
 3.30283E+00    1.00400E-05
 3.30882E+00    1.02274E-05
 3.31444E+00    1.04063E-05
 3.31973E+00    1.05769E-05
 3.32469E+00    1.07393E-05
 3.33401E+00    1.10507E-05
 3.34219E+00    1.13305E-05
 3.34936E+00    1.15812E-05
 3.35565E+00    1.18051E-05
 3.36116E+00    1.20045E-05
 3.37083E+00    1.23616E-05
 3.37810E+00    1.26365E-05
 3.38356E+00    1.28466E-05
 3.39177E+00    1.31683E-05
 3.40000E+00    1.34981E-05
 3.40608E+00    1.37463E-05
 3.41198E+00    1.39912E-05
 3.41770E+00    1.42325E-05
 3.42326E+00    1.44702E-05
 3.42865E+00    1.47044E-05
 3.43388E+00    1.49348E-05
 3.43895E+00    1.51614E-05
 3.44880E+00    1.56104E-05
 3.45806E+00    1.60434E-05
 3.46677E+00    1.64602E-05
 3.47495E+00    1.68608E-05
 3.48263E+00    1.72452E-05
 3.48986E+00    1.76136E-05
 3.49664E+00    1.79660E-05
 3.50301E+00    1.83029E-05
 3.50900E+00    1.86244E-05
 3.51462E+00    1.89309E-05
 3.51989E+00    1.92229E-05
 3.52981E+00    1.97826E-05
 3.53851E+00    2.02856E-05
 3.54614E+00    2.07362E-05
 3.55282E+00    2.11387E-05
 3.55869E+00    2.14973E-05
 3.56897E+00    2.21396E-05
 3.57670E+00    2.26339E-05
 3.58251E+00    2.30118E-05
 3.59125E+00    2.35905E-05
 3.60000E+00    2.41838E-05
 3.60609E+00    2.45925E-05
 3.61199E+00    2.49949E-05
 3.61773E+00    2.53911E-05
 3.62329E+00    2.57808E-05
 3.63409E+00    2.65531E-05
 3.64424E+00    2.72981E-05
 3.65379E+00    2.80156E-05
 3.66276E+00    2.87053E-05
 3.67119E+00    2.93673E-05
 3.67911E+00    3.00018E-05
 3.68655E+00    3.06091E-05
 3.69354E+00    3.11895E-05
 3.70011E+00    3.17437E-05
 3.70627E+00    3.22722E-05
 3.71206E+00    3.27757E-05
 3.72294E+00    3.37410E-05
 3.73249E+00    3.46088E-05
 3.74086E+00    3.53865E-05
 3.74820E+00    3.60813E-05
 3.75464E+00    3.67005E-05
 3.76593E+00    3.78096E-05
 3.77442E+00    3.86634E-05
 3.78080E+00    3.93164E-05
 3.79039E+00    4.03166E-05
 3.80000E+00    4.13423E-05
 3.80610E+00    4.19989E-05
 3.81201E+00    4.26449E-05
 3.82350E+00    4.39249E-05
 3.83430E+00    4.51598E-05
 3.84445E+00    4.63490E-05
 3.85399E+00    4.74923E-05
 3.86296E+00    4.85898E-05
 3.87138E+00    4.96417E-05
 3.87930E+00    5.06485E-05
 3.88674E+00    5.16109E-05
 3.89372E+00    5.25298E-05
 3.90028E+00    5.34061E-05
 3.90644E+00    5.42409E-05
 3.91801E+00    5.58415E-05
 3.92817E+00    5.72807E-05
 3.93708E+00    5.85705E-05
 3.94489E+00    5.97228E-05
 3.95173E+00    6.07496E-05
 3.96375E+00    6.25892E-05
 3.97278E+00    6.40054E-05
 3.97957E+00    6.50886E-05
 3.98977E+00    6.67477E-05
 4.00000E+00    6.84492E-05
 4.01222E+00    7.04494E-05
 4.02370E+00    7.23776E-05
 4.03450E+00    7.42332E-05
 4.04465E+00    7.60161E-05
 4.05419E+00    7.77263E-05
 4.06315E+00    7.93646E-05
 4.07157E+00    8.09319E-05
 4.07948E+00    8.24293E-05
 4.08691E+00    8.38583E-05
 4.09389E+00    8.52204E-05
 4.10044E+00    8.65175E-05
 4.11276E+00    8.90030E-05
 4.12356E+00    9.12363E-05
 4.13304E+00    9.32364E-05
 4.14135E+00    9.50224E-05
 4.14864E+00    9.66132E-05
 4.16142E+00    9.94615E-05
 4.17103E+00    1.01653E-04
 4.17825E+00    1.03328E-04
 4.18911E+00    1.05892E-04
 4.20000E+00    1.08520E-04
 4.21223E+00    1.11478E-04
 4.22373E+00    1.14325E-04
 4.23453E+00    1.17060E-04
 4.24469E+00    1.19683E-04
 4.25423E+00    1.22196E-04
 4.26320E+00    1.24599E-04
 4.27163E+00    1.26895E-04
 4.27954E+00    1.29087E-04
 4.28697E+00    1.31175E-04
 4.29395E+00    1.33164E-04
 4.30706E+00    1.36974E-04
 4.31857E+00    1.40397E-04
 4.32867E+00    1.43463E-04
 4.33752E+00    1.46200E-04
 4.34528E+00    1.48638E-04
 4.35890E+00    1.53002E-04
 4.36914E+00    1.56360E-04
 4.37683E+00    1.58926E-04
 4.38840E+00    1.62854E-04
 4.40000E+00    1.66880E-04
 4.41224E+00    1.71047E-04
 4.42375E+00    1.75049E-04
 4.43456E+00    1.78885E-04
 4.44473E+00    1.82558E-04
 4.45428E+00    1.86070E-04
 4.46325E+00    1.89423E-04
 4.47167E+00    1.92622E-04
 4.47959E+00    1.95670E-04
 4.49447E+00    2.01516E-04
 4.50752E+00    2.06774E-04
 4.51898E+00    2.11487E-04
 4.52903E+00    2.15699E-04
 4.53784E+00    2.19453E-04
 4.54556E+00    2.22792E-04
 4.55911E+00    2.28757E-04
 4.56930E+00    2.33335E-04
 4.58462E+00    2.40376E-04
 4.60000E+00    2.47628E-04
 4.61225E+00    2.53451E-04
 4.62377E+00    2.59033E-04
 4.63459E+00    2.64379E-04
 4.64476E+00    2.69491E-04
 4.65431E+00    2.74372E-04
 4.66329E+00    2.79030E-04
 4.67172E+00    2.83467E-04
 4.68756E+00    2.91979E-04
 4.70147E+00    2.99636E-04
 4.71368E+00    3.06501E-04
 4.72438E+00    3.12636E-04
 4.73377E+00    3.18106E-04
 4.74200E+00    3.22970E-04
 4.75643E+00    3.31661E-04
 4.76729E+00    3.38333E-04
 4.78362E+00    3.48593E-04
 4.80000E+00    3.59165E-04
 4.81226E+00    3.66989E-04
 4.82379E+00    3.74479E-04
 4.83462E+00    3.81640E-04
 4.84479E+00    3.88477E-04
 4.85435E+00    3.94999E-04
 4.86333E+00    4.01212E-04
 4.88020E+00    4.13126E-04
 4.89502E+00    4.23841E-04
 4.90802E+00    4.33444E-04
 4.91943E+00    4.42025E-04
 4.92943E+00    4.49673E-04
 4.94697E+00    4.63376E-04
 4.96018E+00    4.73926E-04
 4.97010E+00    4.81997E-04
 4.98503E+00    4.94361E-04
 5.00000E+00    5.07042E-04
 5.01227E+00    5.17484E-04
 5.02380E+00    5.27470E-04
 5.03464E+00    5.37006E-04
 5.04482E+00    5.46102E-04
 5.05438E+00    5.54770E-04
 5.07236E+00    5.71394E-04
 5.08814E+00    5.86349E-04
 5.10199E+00    5.99755E-04
 5.11414E+00    6.11737E-04
 5.12479E+00    6.22417E-04
 5.13413E+00    6.31915E-04
 5.15052E+00    6.48886E-04
 5.16285E+00    6.61913E-04
 5.18139E+00    6.81945E-04
 5.20000E+00    7.02584E-04
 5.21228E+00    7.15958E-04
 5.22382E+00    7.28728E-04
 5.23466E+00    7.40906E-04
 5.24484E+00    7.52508E-04
 5.26399E+00    7.74753E-04
 5.28080E+00    7.94757E-04
 5.29556E+00    8.12683E-04
 5.30850E+00    8.28700E-04
 5.31985E+00    8.42974E-04
 5.33978E+00    8.68546E-04
 5.35477E+00    8.88234E-04
 5.36604E+00    9.03292E-04
 5.38299E+00    9.26358E-04
 5.40000E+00    9.50014E-04
 5.41229E+00    9.67444E-04
 5.42383E+00    9.84075E-04
 5.43468E+00    9.99926E-04
 5.45507E+00    1.03034E-03
 5.47298E+00    1.05771E-03
 5.48870E+00    1.08225E-03
 5.50249E+00    1.10419E-03
 5.51459E+00    1.12376E-03
 5.52519E+00    1.14116E-03
 5.54380E+00    1.17226E-03
 5.55780E+00    1.19615E-03
 5.56832E+00    1.21438E-03
 5.58414E+00    1.24225E-03
 5.60000E+00    1.27076E-03
 5.61230E+00    1.29286E-03
 5.62385E+00    1.31393E-03
 5.63470E+00    1.33399E-03
 5.65510E+00    1.37244E-03
 5.67301E+00    1.40699E-03
 5.68873E+00    1.43793E-03
 5.70252E+00    1.46556E-03
 5.71462E+00    1.49018E-03
 5.73585E+00    1.53425E-03
 5.75182E+00    1.56816E-03
 5.76382E+00    1.59408E-03
 5.78188E+00    1.63377E-03
 5.80000E+00    1.67445E-03
 5.81230E+00    1.70240E-03
 5.82386E+00    1.72902E-03
 5.84559E+00    1.78007E-03
 5.86467E+00    1.82598E-03
 5.88142E+00    1.86711E-03
 5.89611E+00    1.90387E-03
 5.90900E+00    1.93662E-03
 5.93162E+00    1.99529E-03
 5.94864E+00    2.04047E-03
 5.96144E+00    2.07501E-03
 5.98069E+00    2.12794E-03
 6.00000E+00    2.18221E-03
 6.01231E+00    2.21706E-03
 6.03546E+00    2.28392E-03
 6.05578E+00    2.34407E-03
 6.07363E+00    2.39800E-03
 6.08928E+00    2.44620E-03
 6.10301E+00    2.48918E-03
 6.11505E+00    2.52740E-03
 6.13618E+00    2.59570E-03
 6.15207E+00    2.64814E-03
 6.17599E+00    2.72879E-03
 6.20000E+00    2.81189E-03
 6.21232E+00    2.85538E-03
 6.23547E+00    2.93874E-03
 6.25580E+00    3.01367E-03
 6.27365E+00    3.08081E-03
 6.28931E+00    3.14077E-03
 6.30304E+00    3.19420E-03
 6.32714E+00    3.28990E-03
 6.34528E+00    3.36354E-03
 6.35891E+00    3.41986E-03
 6.37942E+00    3.50611E-03
 6.40000E+00    3.59453E-03
 6.42466E+00    3.70104E-03
 6.44632E+00    3.79682E-03
 6.46534E+00    3.88266E-03
 6.48202E+00    3.95937E-03
 6.49665E+00    4.02772E-03
 6.52233E+00    4.15020E-03
 6.54167E+00    4.24449E-03
 6.55620E+00    4.31661E-03
 6.57806E+00    4.42710E-03
 6.60000E+00    4.54042E-03
 6.62467E+00    4.66084E-03
 6.64634E+00    4.76883E-03
 6.66536E+00    4.86537E-03
 6.68204E+00    4.95145E-03
 6.69667E+00    5.02801E-03
 6.72236E+00    5.16486E-03
 6.74168E+00    5.26993E-03
 6.77078E+00    5.43156E-03
 6.80000E+00    5.59815E-03
 6.84946E+00    5.77256E-03
 6.88679E+00    5.90692E-03
 6.91492E+00    6.00974E-03
 6.95733E+00    6.16734E-03
 7.00000E+00    6.32907E-03
 7.20000E+00    6.47079E-03
 7.29931E+00    6.40401E-03
 7.40000E+00    6.33792E-03
 7.44950E+00    6.25651E-03
 7.52437E+00    6.13634E-03
 7.60000E+00    6.01849E-03
 7.64951E+00    5.94679E-03
 7.72439E+00    5.84083E-03
 7.80000E+00    5.73676E-03
 7.84953E+00    5.63920E-03
 7.88688E+00    5.56712E-03
 7.94324E+00    5.46073E-03
 8.00000E+00    5.35637E-03
 8.06085E+00    5.23514E-03
 8.11448E+00    5.13132E-03
 8.16170E+00    5.04216E-03
 8.20324E+00    4.96542E-03
 8.23976E+00    4.89923E-03
 8.30406E+00    4.78552E-03
 8.35262E+00    4.70197E-03
 8.38922E+00    4.64027E-03
 8.44443E+00    4.54923E-03
 8.50000E+00    4.45997E-03
 8.56095E+00    4.39859E-03
 8.61464E+00    4.34558E-03
 8.70940E+00    4.25434E-03
 8.78116E+00    4.18717E-03
 8.83537E+00    4.13749E-03
 8.91730E+00    4.06407E-03
 9.00000E+00    3.99195E-03
 9.50000E+00    4.16611E-03
 9.56111E+00    4.25183E-03
 9.61490E+00    4.32829E-03
 9.70976E+00    4.46540E-03
 9.78152E+00    4.57108E-03
 9.83569E+00    4.65198E-03
 9.91750E+00    4.77602E-03
 1.00000E+01    4.90337E-03
 1.00612E+01    5.04104E-03
 1.01150E+01    5.16467E-03
 1.01623E+01    5.27533E-03
 1.02040E+01    5.37410E-03
 1.02405E+01    5.46204E-03
 1.03048E+01    5.61942E-03
 1.03532E+01    5.74042E-03
 1.04264E+01    5.92682E-03
 1.05000E+01    6.11927E-03
 1.05306E+01    6.21931E-03
 1.05881E+01    6.41133E-03
 1.06388E+01    6.58420E-03
 1.06833E+01    6.73928E-03
 1.07224E+01    6.87797E-03
 1.07567E+01    7.00166E-03
 1.08170E+01    7.22349E-03
 1.08625E+01    7.39447E-03
 1.08967E+01    7.52536E-03
 1.09482E+01    7.72604E-03
 1.10000E+01    7.93207E-03
 1.10306E+01    8.05935E-03
 1.10882E+01    8.30353E-03
 1.11389E+01    8.52325E-03
 1.11834E+01    8.72028E-03
 1.12225E+01    8.89640E-03
 1.12568E+01    9.05342E-03
 1.13171E+01    9.33492E-03
 1.13626E+01    9.55176E-03
 1.13968E+01    9.71770E-03
 1.14483E+01    9.97202E-03
 1.15000E+01    1.02330E-02
 1.15306E+01    1.04160E-02
 1.15594E+01    1.05906E-02
 1.15865E+01    1.07569E-02
 1.16374E+01    1.10759E-02
 1.16821E+01    1.13627E-02
 1.17214E+01    1.16197E-02
 1.17558E+01    1.18494E-02
 1.17861E+01    1.20541E-02
 1.18392E+01    1.24208E-02
 1.18792E+01    1.27032E-02
 1.19093E+01    1.29192E-02
 1.19546E+01    1.32501E-02
 1.20000E+01    1.35894E-02
 1.20307E+01    1.38301E-02
 1.20595E+01    1.40596E-02
 1.20865E+01    1.42783E-02
 1.21375E+01    1.46974E-02
 1.21822E+01    1.50743E-02
 1.22215E+01    1.54119E-02
 1.22560E+01    1.57136E-02
 1.22862E+01    1.59823E-02
 1.23393E+01    1.64638E-02
 1.23793E+01    1.68344E-02
 1.24094E+01    1.71178E-02
 1.24546E+01    1.75519E-02
 1.25000E+01    1.79970E-02
 1.25307E+01    1.83348E-02
 1.25595E+01    1.86572E-02
 1.25866E+01    1.89646E-02
 1.26120E+01    1.92574E-02
 1.26599E+01    1.98187E-02
 1.27019E+01    2.03232E-02
 1.27388E+01    2.07751E-02
 1.27712E+01    2.11788E-02
 1.27995E+01    2.15385E-02
 1.28494E+01    2.21827E-02
 1.28869E+01    2.26784E-02
 1.29151E+01    2.30575E-02
 1.29575E+01    2.36380E-02
 1.30000E+01    2.42331E-02
 1.30307E+01    2.46912E-02
 1.30595E+01    2.51286E-02
 1.30866E+01    2.55457E-02
 1.31121E+01    2.59430E-02
 1.31600E+01    2.67046E-02
 1.32020E+01    2.73893E-02
 1.32389E+01    2.80029E-02
 1.32713E+01    2.85510E-02
 1.32996E+01    2.90394E-02
 1.33494E+01    2.99142E-02
 1.33869E+01    3.05876E-02
 1.34151E+01    3.11026E-02
 1.34575E+01    3.18914E-02
 1.35000E+01    3.27002E-02
 1.35307E+01    3.34422E-02
 1.35596E+01    3.41532E-02
 1.35867E+01    3.48334E-02
 1.36122E+01    3.54834E-02
 1.36361E+01    3.61038E-02
 1.36586E+01    3.66953E-02
 1.36797E+01    3.72586E-02
 1.37193E+01    3.83382E-02
 1.37541E+01    3.93085E-02
 1.37846E+01    4.01776E-02
 1.38113E+01    4.09538E-02
 1.38348E+01    4.16453E-02
 1.38759E+01    4.28836E-02
 1.39068E+01    4.38365E-02
 1.39301E+01    4.45650E-02
 1.39650E+01    4.56805E-02
 1.40000E+01    4.68239E-02
 1.40307E+01    4.77855E-02
 1.40596E+01    4.87049E-02
 1.40867E+01    4.95829E-02
 1.41122E+01    5.04204E-02
 1.41362E+01    5.12184E-02
 1.41811E+01    5.27489E-02
 1.42206E+01    5.41255E-02
 1.42552E+01    5.53595E-02
 1.42856E+01    5.64623E-02
 1.43122E+01    5.74452E-02
 1.43356E+01    5.83193E-02
 1.43765E+01    5.98811E-02
 1.44073E+01    6.10799E-02
 1.44536E+01    6.29231E-02
 1.45000E+01    6.48220E-02
 1.45308E+01    6.62879E-02
 1.45596E+01    6.76922E-02
 1.45868E+01    6.90357E-02
 1.46123E+01    7.03195E-02
 1.46362E+01    7.15447E-02
 1.46587E+01    7.27127E-02
 1.46798E+01    7.38251E-02
 1.47194E+01    7.59568E-02
 1.47542E+01    7.78724E-02
 1.47847E+01    7.95882E-02
 1.48115E+01    8.11206E-02
 1.48349E+01    8.24855E-02
 1.48760E+01    8.49297E-02
 1.49069E+01    8.68102E-02
 1.49301E+01    8.82479E-02
 1.49650E+01    9.04491E-02
 1.50000E+01    9.27053E-02
 1.50303E+01    9.49819E-02
 1.50597E+01    9.72406E-02
 1.50882E+01    9.94800E-02
 1.51159E+01    1.01699E-01
 1.51428E+01    1.03895E-01
 1.51689E+01    1.06068E-01
 1.51942E+01    1.08216E-01
 1.52187E+01    1.10339E-01
 1.52425E+01    1.12435E-01
 1.52657E+01    1.14504E-01
 1.52881E+01    1.16544E-01
 1.53099E+01    1.18555E-01
 1.53310E+01    1.20537E-01
 1.53514E+01    1.22488E-01
 1.53713E+01    1.24408E-01
 1.53906E+01    1.26297E-01
 1.54280E+01    1.30038E-01
 1.54631E+01    1.33647E-01
 1.54961E+01    1.37121E-01
 1.55272E+01    1.40459E-01
 1.55563E+01    1.43663E-01
 1.55837E+01    1.46733E-01
 1.56094E+01    1.49670E-01
 1.56335E+01    1.52478E-01
 1.56562E+01    1.55157E-01
 1.56774E+01    1.57712E-01
 1.56974E+01    1.60146E-01
 1.57349E+01    1.64810E-01
 1.57678E+01    1.69003E-01
 1.57966E+01    1.72759E-01
 1.58219E+01    1.76114E-01
 1.58441E+01    1.79103E-01
 1.58829E+01    1.84456E-01
 1.59121E+01    1.88576E-01
 1.59340E+01    1.91726E-01
 1.59670E+01    1.96550E-01
 1.60000E+01    2.01495E-01
 1.60303E+01    2.05927E-01
 1.60598E+01    2.10314E-01
 1.60884E+01    2.14653E-01
 1.61161E+01    2.18942E-01
 1.61430E+01    2.23178E-01
 1.61691E+01    2.27360E-01
 1.61945E+01    2.31486E-01
 1.62191E+01    2.35554E-01
 1.62429E+01    2.39564E-01
 1.62661E+01    2.43513E-01
 1.62885E+01    2.47401E-01
 1.63103E+01    2.51227E-01
 1.63314E+01    2.54989E-01
 1.63724E+01    2.62440E-01
 1.64109E+01    2.69623E-01
 1.64472E+01    2.76535E-01
 1.64812E+01    2.83177E-01
 1.65131E+01    2.89548E-01
 1.65431E+01    2.95650E-01
 1.65713E+01    3.01488E-01
 1.65978E+01    3.07067E-01
 1.66227E+01    3.12389E-01
 1.66460E+01    3.17464E-01
 1.66679E+01    3.22295E-01
 1.67091E+01    3.31554E-01
 1.67452E+01    3.39874E-01
 1.67768E+01    3.47324E-01
 1.68045E+01    3.53977E-01
 1.68288E+01    3.59903E-01
 1.68715E+01    3.70513E-01
 1.69035E+01    3.78675E-01
 1.69276E+01    3.84914E-01
 1.69638E+01    3.94467E-01
 1.70000E+01    4.04256E-01
 1.70304E+01    4.12692E-01
 1.70599E+01    4.21032E-01
 1.70885E+01    4.29272E-01
 1.71163E+01    4.37408E-01
 1.71432E+01    4.45437E-01
 1.71694E+01    4.53356E-01
 1.71947E+01    4.61161E-01
 1.72194E+01    4.68851E-01
 1.72432E+01    4.76422E-01
 1.72664E+01    4.83874E-01
 1.72889E+01    4.91204E-01
 1.73325E+01    5.05722E-01
 1.73735E+01    5.19724E-01
 1.74120E+01    5.33201E-01
 1.74482E+01    5.46154E-01
 1.74821E+01    5.58583E-01
 1.75141E+01    5.70491E-01
 1.75440E+01    5.81886E-01
 1.75722E+01    5.92776E-01
 1.75986E+01    6.03169E-01
 1.76235E+01    6.13079E-01
 1.76468E+01    6.22517E-01
 1.76905E+01    6.40607E-01
 1.77289E+01    6.56866E-01
 1.77626E+01    6.71431E-01
 1.77921E+01    6.84440E-01
 1.78179E+01    6.96029E-01
 1.78633E+01    7.16785E-01
 1.78974E+01    7.32757E-01
 1.79230E+01    7.44969E-01
 1.79614E+01    7.63670E-01
 1.80000E+01    7.82840E-01
 1.80304E+01    7.97750E-01
 1.80600E+01    8.12465E-01
 1.80886E+01    8.26980E-01
 1.81164E+01    8.41287E-01
 1.81434E+01    8.55384E-01
 1.81696E+01    8.69265E-01
 1.81950E+01    8.82927E-01
 1.82196E+01    8.96368E-01
 1.82674E+01    9.22993E-01
 1.83124E+01    9.48671E-01
 1.83546E+01    9.73394E-01
 1.83943E+01    9.97156E-01
 1.84316E+01    1.01996E+00
 1.84666E+01    1.04181E+00
 1.84995E+01    1.06272E+00
 1.85304E+01    1.08271E+00
 1.85594E+01    1.10178E+00
 1.85866E+01    1.11997E+00
 1.86122E+01    1.13730E+00
 1.86602E+01    1.17051E+00
 1.87024E+01    1.20037E+00
 1.87393E+01    1.22711E+00
 1.87717E+01    1.25100E+00
 1.88001E+01    1.27229E+00
 1.88499E+01    1.31042E+00
 1.88873E+01    1.33976E+00
 1.89154E+01    1.36220E+00
 1.89577E+01    1.39656E+00
 1.90000E+01    1.43179E+00
 1.90305E+01    1.45395E+00
 1.90897E+01    1.49786E+00
 1.91453E+01    1.54023E+00
 1.91977E+01    1.58104E+00
 1.92469E+01    1.62027E+00
 1.92931E+01    1.65795E+00
 1.93365E+01    1.69406E+00
 1.93773E+01    1.72863E+00
 1.94157E+01    1.76168E+00
 1.94517E+01    1.79323E+00
 1.94855E+01    1.82333E+00
 1.95173E+01    1.85201E+00
 1.95770E+01    1.90699E+00
 1.96294E+01    1.95644E+00
 1.96753E+01    2.00076E+00
 1.97156E+01    2.04037E+00
 1.97509E+01    2.07566E+00
 1.97819E+01    2.10705E+00
 1.98362E+01    2.16311E+00
 1.98770E+01    2.20614E+00
 1.99384E+01    2.27229E+00
 2.00000E+01    2.34043E+00
 2.00305E+01    2.37573E+00
 2.00898E+01    2.44565E+00
 2.01455E+01    2.51307E+00
 2.01979E+01    2.57796E+00
 2.02471E+01    2.64031E+00
 2.02933E+01    2.70014E+00
 2.03368E+01    2.75745E+00
 2.03776E+01    2.81230E+00
 2.04160E+01    2.86470E+00
 2.04520E+01    2.91471E+00
 2.04858E+01    2.96239E+00
 2.05176E+01    3.00780E+00
 2.05773E+01    3.09483E+00
 2.06297E+01    3.17304E+00
 2.06756E+01    3.24310E+00
 2.07159E+01    3.30566E+00
 2.07512E+01    3.36140E+00
 2.08131E+01    3.46120E+00
 2.08597E+01    3.53799E+00
 2.08947E+01    3.59671E+00
 2.09473E+01    3.68660E+00
 2.10000E+01    3.77875E+00
 2.10611E+01    3.87366E+00
 2.11186E+01    3.96479E+00
 2.11727E+01    4.05218E+00
 2.12235E+01    4.13586E+00
 2.12712E+01    4.21587E+00
 2.13160E+01    4.29229E+00
 2.13581E+01    4.36519E+00
 2.13977E+01    4.43465E+00
 2.14721E+01    4.56790E+00
 2.15374E+01    4.68777E+00
 2.15947E+01    4.79523E+00
 2.16449E+01    4.89128E+00
 2.16890E+01    4.97690E+00
 2.17276E+01    5.05304E+00
 2.17954E+01    5.18911E+00
 2.18464E+01    5.29356E+00
 2.19230E+01    5.45420E+00
 2.20000E+01    5.61970E+00
 2.20612E+01    5.72337E+00
 2.21187E+01    5.82229E+00
 2.21728E+01    5.91659E+00
 2.22746E+01    6.09753E+00
 2.23640E+01    6.26038E+00
 2.24425E+01    6.40645E+00
 2.25114E+01    6.53704E+00
 2.25719E+01    6.65350E+00
 2.26250E+01    6.75709E+00
 2.27182E+01    6.94229E+00
 2.27883E+01    7.08451E+00
 2.28939E+01    7.30332E+00
 2.30000E+01    7.52888E+00
 2.31227E+01    7.69584E+00
 2.32306E+01    7.84496E+00
 2.33254E+01    7.97781E+00
 2.34922E+01    8.21573E+00
 2.36182E+01    8.39882E+00
 2.37131E+01    8.53880E+00
 2.38561E+01    8.75317E+00
 2.40000E+01    8.97292E+00
 2.44949E+01    9.33671E+00
 2.50000E+01    9.71525E+00
 2.54951E+01    9.54561E+00
 2.60000E+01    9.37893E+00
 2.62465E+01    9.16888E+00
 2.64329E+01    9.01443E+00
 2.65735E+01    8.90030E+00
 2.67859E+01    8.73182E+00
 2.70000E+01    8.56652E+00
 2.72466E+01    8.37859E+00
 2.74330E+01    8.24035E+00
 2.75737E+01    8.13817E+00
 2.77860E+01    7.98727E+00
 2.80000E+01    7.83917E+00
 2.82467E+01    7.74516E+00
 2.86209E+01    7.60625E+00
 2.90000E+01    7.46983E+00
 2.92468E+01    7.32610E+00
 2.94333E+01    7.22012E+00
 2.97153E+01    7.06402E+00
 3.00000E+01    6.91129E+00
 3.01213E+01    6.80753E+00
 3.02354E+01    6.71168E+00
 3.03428E+01    6.62304E+00
 3.05451E+01    6.45998E+00
 3.07233E+01    6.32061E+00
 3.08801E+01    6.20112E+00
 3.10179E+01    6.09842E+00
 3.11390E+01    6.00996E+00
 3.12453E+01    5.93361E+00
 3.14323E+01    5.80232E+00
 3.15733E+01    5.70576E+00
 3.16794E+01    5.63440E+00
 3.18393E+01    5.52903E+00
 3.20000E+01    5.42563E+00
 3.22434E+01    5.34995E+00
 3.24579E+01    5.28460E+00
 3.28368E+01    5.17214E+00
 3.31238E+01    5.08937E+00
 3.33407E+01    5.02817E+00
 3.36687E+01    4.93774E+00
 3.40000E+01    4.84893E+00
 3.41217E+01    4.77632E+00
 3.42361E+01    4.70924E+00
 3.43438E+01    4.64720E+00
 3.45466E+01    4.53308E+00
 3.47250E+01    4.43552E+00
 3.48819E+01    4.35189E+00
 3.50197E+01    4.28000E+00
 3.51408E+01    4.21807E+00
 3.52471E+01    4.16462E+00
 3.54338E+01    4.07271E+00
 3.55745E+01    4.00511E+00
 3.57866E+01    3.90580E+00
 3.60000E+01    3.80896E+00
 3.62441E+01    3.74566E+00
 3.64591E+01    3.69113E+00
 3.66482E+01    3.64408E+00
 3.69816E+01    3.56316E+00
 3.72336E+01    3.50366E+00
 3.74237E+01    3.45969E+00
 3.77108E+01    3.39476E+00
 3.80000E+01    3.33105E+00
 3.82444E+01    3.28428E+00
 3.84596E+01    3.24389E+00
 3.88390E+01    3.17440E+00
 3.91261E+01    3.12327E+00
 3.93428E+01    3.08546E+00
 3.96700E+01    3.02960E+00
 4.00000E+01    2.97475E+00
 4.01222E+01    2.92877E+00
 4.02370E+01    2.88631E+00
 4.03450E+01    2.84706E+00
 4.05483E+01    2.77491E+00
 4.07270E+01    2.71327E+00
 4.08839E+01    2.66047E+00
 4.10218E+01    2.61511E+00
 4.11428E+01    2.57605E+00
 4.12490E+01    2.54236E+00
 4.14355E+01    2.48445E+00
 4.15759E+01    2.44188E+00
 4.16815E+01    2.41043E+00
 4.18405E+01    2.36403E+00
 4.20000E+01    2.31851E+00
 4.22449E+01    2.28616E+00
 4.24604E+01    2.25822E+00
 4.28402E+01    2.21016E+00
 4.31273E+01    2.17478E+00
 4.33438E+01    2.14861E+00
 4.36707E+01    2.10996E+00
 4.40000E+01    2.07200E+00
 4.42452E+01    2.03851E+00
 4.44608E+01    2.00966E+00
 4.46504E+01    1.98474E+00
 4.49840E+01    1.94188E+00
 4.52359E+01    1.91035E+00
 4.54257E+01    1.88703E+00
 4.57120E+01    1.85259E+00
 4.60000E+01    1.81878E+00
 4.61225E+01    1.79482E+00
 4.63531E+01    1.75076E+00
 4.65559E+01    1.71308E+00
 4.67340E+01    1.68079E+00
 4.68904E+01    1.65303E+00
 4.70277E+01    1.62911E+00
 4.72689E+01    1.58809E+00
 4.74506E+01    1.55801E+00
 4.75874E+01    1.53582E+00
 4.77932E+01    1.50313E+00
 4.80000E+01    1.47113E+00
 4.81226E+01    1.44740E+00
 4.82379E+01    1.42550E+00
 4.83462E+01    1.40527E+00
 4.84479E+01    1.38657E+00
 4.86392E+01    1.35216E+00
 4.88073E+01    1.32276E+00
 4.89548E+01    1.29756E+00
 4.90843E+01    1.27591E+00
 4.91978E+01    1.25725E+00
 4.93971E+01    1.22527E+00
 4.95472E+01    1.20181E+00
 4.96600E+01    1.18451E+00
 4.98297E+01    1.15903E+00
 5.00000E+01    1.13410E+00
 5.04927E+01    1.10982E+00
 5.08654E+01    1.09194E+00
 5.11467E+01    1.07873E+00
 5.15716E+01    1.05921E+00
 5.20000E+01    1.04004E+00
 5.24929E+01    1.02500E+00
 5.32411E+01    1.00285E+00
 5.40000E+01    9.81184E-01
 5.44932E+01    9.60719E-01
 5.48661E+01    9.45651E-01
 5.51474E+01    9.34505E-01
 5.55721E+01    9.18032E-01
 5.60000E+01    9.01850E-01
 5.62462E+01    8.89916E-01
 5.66796E+01    8.69411E-01
 5.70069E+01    8.54343E-01
 5.72535E+01    8.43213E-01
 5.76256E+01    8.26790E-01
 5.80000E+01    8.10687E-01
 5.81230E+01    7.93290E-01
 5.82386E+01    7.77319E-01
 5.83472E+01    7.62639E-01
 5.84491E+01    7.49128E-01
 5.85449E+01    7.36679E-01
 5.86348E+01    7.25196E-01
 5.87192E+01    7.14593E-01
 5.87984E+01    7.04794E-01
 5.89473E+01    6.86781E-01
 5.90779E+01    6.71398E-01
 5.91923E+01    6.58221E-01
 5.92927E+01    6.46903E-01
 5.93807E+01    6.37160E-01
 5.95349E+01    6.20461E-01
 5.96508E+01    6.08224E-01
 5.97379E+01    5.99206E-01
 5.98688E+01    5.85928E-01
 6.00000E+01    5.72944E-01
