# n + Ac227 : (n,2na)   
# eaf.2010   Manhattan project, site A         EVAL-JUN10
# uncertainties: n
# # energies =    51
#   E(MeV)       xs(mb) 
 9.96590E-01    0.00000E+00
 7.00000E+00    5.71322E-17
 7.20000E+00    2.58219E-11
 7.40000E+00    1.13766E-09
 7.60000E+00    6.87020E-09
 7.80000E+00    2.05640E-08
 8.00000E+00    4.41813E-08
 8.50000E+00    2.07254E-07
 9.00000E+00    8.82400E-07
 9.50000E+00    3.92126E-06
 1.00000E+01    1.68588E-05
 1.05000E+01    6.60148E-05
 1.10000E+01    2.26589E-04
 1.15000E+01    6.82131E-04
 1.20000E+01    1.80985E-03
 1.25000E+01    4.16747E-03
 1.30000E+01    7.98395E-03
 1.35000E+01    1.27558E-02
 1.40000E+01    1.80475E-02
 1.45000E+01    2.30167E-02
 1.50000E+01    2.75387E-02
 1.60000E+01    3.38005E-02
 1.70000E+01    3.89609E-02
 1.80000E+01    4.68275E-02
 1.90000E+01    5.91412E-02
 2.00000E+01    9.56401E-02
 2.10000E+01    1.50087E-01
 2.20000E+01    3.25012E-01
 2.30000E+01    5.97305E-01
 2.40000E+01    1.18823E+00
 2.50000E+01    2.01384E+00
 2.60000E+01    2.65919E+00
 2.70000E+01    3.80464E+00
 2.80000E+01    4.79541E+00
 2.90000E+01    5.48688E+00
 3.00000E+01    5.98969E+00
 3.20000E+01    7.45761E+00
 3.40000E+01    7.43545E+00
 3.60000E+01    7.81464E+00
 3.80000E+01    6.91010E+00
 4.00000E+01    6.30632E+00
 4.20000E+01    6.11987E+00
 4.40000E+01    5.03787E+00
 4.60000E+01    4.50419E+00
 4.80000E+01    4.24236E+00
 5.00000E+01    3.98964E+00
 5.20000E+01    3.08390E+00
 5.40000E+01    2.54148E+00
 5.60000E+01    2.24770E+00
 5.80000E+01    2.02418E+00
 6.00000E+01    2.04537E+00
