# n + Ac227 : (n,3na)   
# eaf.2010   Manhattan project, site A         EVAL-JUN10
# uncertainties: n
# # energies =    37
#   E(MeV)       xs(mb) 
 6.01777E+00    0.00000E+00
 1.25000E+01    1.96539E-04
 1.30000E+01    1.04500E-02
 1.35000E+01    6.47845E-02
 1.40000E+01    1.79097E-01
 1.45000E+01    3.34631E-01
 1.50000E+01    5.00798E-01
 1.60000E+01    7.49851E-01
 1.70000E+01    8.25467E-01
 1.80000E+01    7.84875E-01
 1.90000E+01    6.95426E-01
 2.00000E+01    6.03400E-01
 2.10000E+01    5.15674E-01
 2.20000E+01    4.25134E-01
 2.30000E+01    3.33385E-01
 2.40000E+01    2.55598E-01
 2.50000E+01    2.06201E-01
 2.60000E+01    1.98489E-01
 2.70000E+01    2.38090E-01
 2.80000E+01    3.38645E-01
 2.90000E+01    5.63611E-01
 3.00000E+01    8.99881E-01
 3.20000E+01    1.99909E+00
 3.40000E+01    3.80403E+00
 3.60000E+01    5.63440E+00
 3.80000E+01    7.76054E+00
 4.00000E+01    8.32607E+00
 4.20000E+01    8.73072E+00
 4.40000E+01    8.66915E+00
 4.60000E+01    7.94878E+00
 4.80000E+01    7.59497E+00
 5.00000E+01    6.66236E+00
 5.20000E+01    6.05410E+00
 5.40000E+01    5.76575E+00
 5.60000E+01    5.29135E+00
 5.80000E+01    4.79829E+00
 6.00000E+01    3.44644E+00
