# n + Ac227 : (n,nd)    
# eaf.2010   Manhattan project, site A         EVAL-JUN10
# uncertainties: n
# # energies =    37
#   E(MeV)       xs(mb) 
 9.31821E+00    0.00000E+00
 1.25000E+01    5.95340E-14
 1.30000E+01    5.59980E-12
 1.35000E+01    3.37792E-10
 1.40000E+01    6.64300E-09
 1.45000E+01    8.50119E-08
 1.50000E+01    7.09363E-07
 1.60000E+01    2.63646E-05
 1.70000E+01    4.36458E-04
 1.80000E+01    3.85302E-03
 1.90000E+01    2.26196E-02
 2.00000E+01    8.70647E-02
 2.10000E+01    2.59882E-01
 2.20000E+01    5.93002E-01
 2.30000E+01    1.11778E+00
 2.40000E+01    1.84388E+00
 2.50000E+01    2.69036E+00
 2.60000E+01    3.68101E+00
 2.70000E+01    4.74476E+00
 2.80000E+01    5.68885E+00
 2.90000E+01    6.57507E+00
 3.00000E+01    7.36064E+00
 3.20000E+01    8.56309E+00
 3.40000E+01    9.23334E+00
 3.60000E+01    9.64585E+00
 3.80000E+01    9.99185E+00
 4.00000E+01    9.83963E+00
 4.20000E+01    1.00100E+01
 4.40000E+01    9.58248E+00
 4.60000E+01    9.70905E+00
 4.80000E+01    9.14813E+00
 5.00000E+01    9.08799E+00
 5.20000E+01    8.95186E+00
 5.40000E+01    8.38775E+00
 5.60000E+01    7.93971E+00
 5.80000E+01    8.01186E+00
 6.00000E+01    7.65235E+00
