# n + Ac228 : (n,g)     
# eaf.2010   Manhattan project, site A         EVAL-JUN10
# uncertainties: n
# # energies =  1613
#   E(MeV)       xs(mb) 
 1.00000E-11    1.20616E+06
 1.02191E-11    1.19316E+06
 1.04359E-11    1.18070E+06
 1.06503E-11    1.16876E+06
 1.08622E-11    1.15730E+06
 1.10715E-11    1.14631E+06
 1.12780E-11    1.13576E+06
 1.14819E-11    1.12564E+06
 1.16828E-11    1.11591E+06
 1.18809E-11    1.10658E+06
 1.22740E-11    1.08871E+06
 1.26544E-11    1.07222E+06
 1.30218E-11    1.05699E+06
 1.33758E-11    1.04290E+06
 1.37165E-11    1.02987E+06
 1.40437E-11    1.01780E+06
 1.43576E-11    1.00662E+06
 1.46582E-11    9.96241E+05
 1.49458E-11    9.86610E+05
 1.52205E-11    9.77667E+05
 1.54826E-11    9.69356E+05
 1.59861E-11    9.53966E+05
 1.64402E-11    9.40701E+05
 1.68480E-11    9.29245E+05
 1.72132E-11    9.19335E+05
 1.75392E-11    9.10752E+05
 1.78295E-11    9.03306E+05
 1.83491E-11    8.90426E+05
 1.87486E-11    8.80887E+05
 1.93643E-11    8.66771E+05
 2.00000E-11    8.52884E+05
 2.04380E-11    8.43695E+05
 2.08715E-11    8.34887E+05
 2.13002E-11    8.26442E+05
 2.17240E-11    8.18343E+05
 2.21425E-11    8.10573E+05
 2.25556E-11    8.03116E+05
 2.29631E-11    7.95957E+05
 2.33649E-11    7.89083E+05
 2.37609E-11    7.82480E+05
 2.45472E-11    7.69846E+05
 2.53080E-11    7.58187E+05
 2.60426E-11    7.47417E+05
 2.67506E-11    7.37459E+05
 2.74319E-11    7.28244E+05
 2.80863E-11    7.19710E+05
 2.87140E-11    7.11800E+05
 2.93152E-11    7.04463E+05
 2.98903E-11    6.97654E+05
 3.04396E-11    6.91330E+05
 3.09638E-11    6.85453E+05
 3.19710E-11    6.74569E+05
 3.28791E-11    6.65188E+05
 3.36949E-11    6.57087E+05
 3.44253E-11    6.50079E+05
 3.50773E-11    6.44009E+05
 3.56579E-11    6.38744E+05
 3.66972E-11    6.29634E+05
 3.74965E-11    6.22887E+05
 3.87281E-11    6.12903E+05
 4.00000E-11    6.03080E+05
 4.08760E-11    5.96583E+05
 4.17429E-11    5.90356E+05
 4.26002E-11    5.84385E+05
 4.34475E-11    5.78658E+05
 4.42844E-11    5.73164E+05
 4.51106E-11    5.67892E+05
 4.59256E-11    5.62830E+05
 4.67291E-11    5.57970E+05
 4.75210E-11    5.53302E+05
 4.90935E-11    5.44368E+05
 5.06150E-11    5.36124E+05
 5.20841E-11    5.28509E+05
 5.35002E-11    5.21467E+05
 5.48627E-11    5.14951E+05
 5.61715E-11    5.08917E+05
 5.74268E-11    5.03324E+05
 5.86292E-11    4.98136E+05
 5.97793E-11    4.93321E+05
 6.08780E-11    4.88849E+05
 6.19263E-11    4.84693E+05
 6.39407E-11    4.76997E+05
 6.57570E-11    4.70364E+05
 6.73886E-11    4.64635E+05
 6.88493E-11    4.59679E+05
 7.01535E-11    4.55386E+05
 7.13148E-11    4.51663E+05
 7.33935E-11    4.45221E+05
 7.49922E-11    4.40450E+05
 7.74557E-11    4.33389E+05
 8.00000E-11    4.26442E+05
 8.17519E-11    4.21848E+05
 8.34856E-11    4.17445E+05
 8.52002E-11    4.13223E+05
 8.68948E-11    4.09174E+05
 8.85686E-11    4.05289E+05
 9.02208E-11    4.01561E+05
 9.18508E-11    3.97982E+05
 9.34579E-11    3.94545E+05
 9.50416E-11    3.91244E+05
 9.81869E-11    3.84926E+05
 1.01231E-10    3.79096E+05
 1.04170E-10    3.73710E+05
 1.07002E-10    3.68730E+05
 1.09728E-10    3.64121E+05
 1.12346E-10    3.59853E+05
 1.14858E-10    3.55897E+05
 1.17263E-10    3.52228E+05
 1.19564E-10    3.48823E+05
 1.21761E-10    3.45660E+05
 1.23859E-10    3.42722E+05
 1.27887E-10    3.37280E+05
 1.31520E-10    3.32589E+05
 1.34783E-10    3.28539E+05
 1.37705E-10    3.25035E+05
 1.40313E-10    3.22000E+05
 1.42636E-10    3.19367E+05
 1.46793E-10    3.14813E+05
 1.49989E-10    3.11440E+05
 1.54914E-10    3.06450E+05
 1.60000E-10    3.01540E+05
 1.63505E-10    2.98291E+05
 1.66973E-10    2.95177E+05
 1.70403E-10    2.92191E+05
 1.73792E-10    2.89327E+05
 1.77140E-10    2.86580E+05
 1.80445E-10    2.83943E+05
 1.83706E-10    2.81412E+05
 1.86921E-10    2.78982E+05
 1.90089E-10    2.76647E+05
 1.96379E-10    2.72180E+05
 2.02466E-10    2.68058E+05
 2.08343E-10    2.64250E+05
 2.14007E-10    2.60730E+05
 2.19457E-10    2.57472E+05
 2.24693E-10    2.54454E+05
 2.29714E-10    2.51658E+05
 2.34524E-10    2.49064E+05
 2.39125E-10    2.46656E+05
 2.43520E-10    2.44420E+05
 2.47713E-10    2.42343E+05
 2.55771E-10    2.38495E+05
 2.63036E-10    2.35178E+05
 2.69562E-10    2.32314E+05
 2.75404E-10    2.29837E+05
 2.80620E-10    2.27690E+05
 2.85266E-10    2.25829E+05
 2.93579E-10    2.22608E+05
 2.99973E-10    2.20223E+05
 3.09825E-10    2.16694E+05
 3.20000E-10    2.13221E+05
 3.27008E-10    2.10924E+05
 3.33943E-10    2.08722E+05
 3.40802E-10    2.06611E+05
 3.47581E-10    2.04586E+05
 3.54276E-10    2.02644E+05
 3.60886E-10    2.00780E+05
 3.67406E-10    1.98990E+05
 3.73835E-10    1.97272E+05
 3.80170E-10    1.95621E+05
 3.92750E-10    1.92463E+05
 4.04922E-10    1.89548E+05
 4.16675E-10    1.86855E+05
 4.28003E-10    1.84366E+05
 4.38903E-10    1.82062E+05
 4.49374E-10    1.79929E+05
 4.59417E-10    1.77951E+05
 4.69036E-10    1.76117E+05
 4.78237E-10    1.74415E+05
 4.87026E-10    1.72834E+05
 4.95413E-10    1.71364E+05
 5.11528E-10    1.68644E+05
 5.26059E-10    1.66298E+05
 5.39111E-10    1.64273E+05
 5.50797E-10    1.62521E+05
 5.61230E-10    1.61003E+05
 5.70521E-10    1.59687E+05
 5.87150E-10    1.57409E+05
 5.99939E-10    1.55722E+05
 6.19647E-10    1.53226E+05
 6.40000E-10    1.50770E+05
 6.54015E-10    1.49146E+05
 6.67885E-10    1.47589E+05
 6.81602E-10    1.46096E+05
 6.95158E-10    1.44665E+05
 7.08548E-10    1.43291E+05
 7.21766E-10    1.41973E+05
 7.34805E-10    1.40708E+05
 7.47662E-10    1.39493E+05
 7.60331E-10    1.38326E+05
 7.85491E-10    1.36092E+05
 8.09834E-10    1.34031E+05
 8.33340E-10    1.32128E+05
 8.55997E-10    1.30367E+05
 8.77796E-10    1.28738E+05
 8.98737E-10    1.27230E+05
 9.18822E-10    1.25831E+05
 9.38060E-10    1.24534E+05
 9.56461E-10    1.23331E+05
 9.74040E-10    1.22213E+05
 9.90813E-10    1.21174E+05
 1.02304E-09    1.19250E+05
 1.05210E-09    1.17591E+05
 1.07821E-09    1.16159E+05
 1.10158E-09    1.14920E+05
 1.12245E-09    1.13847E+05
 1.14103E-09    1.12916E+05
 1.17429E-09    1.11305E+05
 1.19987E-09    1.10113E+05
 1.23929E-09    1.08347E+05
 1.28000E-09    1.06610E+05
 1.30803E-09    1.05462E+05
 1.33577E-09    1.04361E+05
 1.36320E-09    1.03306E+05
 1.39031E-09    1.02294E+05
 1.41709E-09    1.01322E+05
 1.44353E-09    1.00390E+05
 1.46960E-09    9.94957E+04
 1.49532E-09    9.86365E+04
 1.52065E-09    9.78113E+04
 1.57097E-09    9.62321E+04
 1.61966E-09    9.47747E+04
 1.66667E-09    9.34285E+04
 1.71198E-09    9.21838E+04
 1.75558E-09    9.10320E+04
 1.79746E-09    8.99652E+04
 1.83763E-09    8.89764E+04
 1.87611E-09    8.80593E+04
 1.91291E-09    8.72082E+04
 1.94807E-09    8.64176E+04
 1.98161E-09    8.56831E+04
 2.04607E-09    8.43225E+04
 2.10420E-09    8.31498E+04
 2.15641E-09    8.21370E+04
 2.20315E-09    8.12610E+04
 2.24489E-09    8.05021E+04
 2.28205E-09    7.98439E+04
 2.34857E-09    7.87050E+04
 2.39973E-09    7.78615E+04
 2.47857E-09    7.66132E+04
 2.56000E-09    7.53849E+04
 2.61606E-09    7.45728E+04
 2.67153E-09    7.37945E+04
 2.72640E-09    7.30482E+04
 2.78062E-09    7.23325E+04
 2.83418E-09    7.16458E+04
 2.88705E-09    7.09868E+04
 2.93920E-09    7.03541E+04
 2.99063E-09    6.97466E+04
 3.04130E-09    6.91631E+04
 3.14194E-09    6.80464E+04
 3.23931E-09    6.70159E+04
 3.33333E-09    6.60640E+04
 3.42396E-09    6.51839E+04
 3.51115E-09    6.43694E+04
 3.59491E-09    6.36151E+04
 3.67525E-09    6.29159E+04
 3.75220E-09    6.22674E+04
 3.82581E-09    6.16656E+04
 3.89612E-09    6.11066E+04
 3.96321E-09    6.05872E+04
 4.09214E-09    5.96251E+04
 4.20838E-09    5.87958E+04
 4.31280E-09    5.80797E+04
 4.40629E-09    5.74602E+04
 4.48976E-09    5.69236E+04
 4.56409E-09    5.64582E+04
 4.69714E-09    5.56529E+04
 4.79946E-09    5.50564E+04
 4.95714E-09    5.41737E+04
 5.12000E-09    5.33052E+04
 5.23211E-09    5.27309E+04
 5.34307E-09    5.21806E+04
 5.45279E-09    5.16529E+04
 5.56124E-09    5.11468E+04
 5.66835E-09    5.06612E+04
 5.77409E-09    5.01952E+04
 5.87840E-09    4.97479E+04
 5.98124E-09    4.93183E+04
 6.08259E-09    4.89057E+04
 6.28387E-09    4.81161E+04
 6.47861E-09    4.73875E+04
 6.66665E-09    4.67143E+04
 6.84790E-09    4.60920E+04
 7.02229E-09    4.55161E+04
 7.18982E-09    4.49827E+04
 7.35050E-09    4.44883E+04
 7.50440E-09    4.40298E+04
 7.65160E-09    4.36042E+04
 7.79223E-09    4.32089E+04
 7.92641E-09    4.28416E+04
 8.18426E-09    4.21613E+04
 8.41675E-09    4.15750E+04
 8.62559E-09    4.10686E+04
 8.81258E-09    4.06305E+04
 8.97951E-09    4.02511E+04
 9.12817E-09    3.99220E+04
 9.39426E-09    3.93525E+04
 9.59891E-09    3.89308E+04
 9.91428E-09    3.83066E+04
 1.02400E-08    3.76924E+04
 1.04642E-08    3.72864E+04
 1.06861E-08    3.68972E+04
 1.09056E-08    3.65241E+04
 1.11225E-08    3.61662E+04
 1.13367E-08    3.58229E+04
 1.15482E-08    3.54934E+04
 1.17568E-08    3.51771E+04
 1.19625E-08    3.48733E+04
 1.21652E-08    3.45816E+04
 1.25677E-08    3.40232E+04
 1.29572E-08    3.35080E+04
 1.33333E-08    3.30320E+04
 1.36958E-08    3.25920E+04
 1.40446E-08    3.21847E+04
 1.43796E-08    3.18076E+04
 1.47010E-08    3.14580E+04
 1.50088E-08    3.11337E+04
 1.53032E-08    3.08328E+04
 1.55844E-08    3.05533E+04
 1.58528E-08    3.02936E+04
 1.63685E-08    2.98126E+04
 1.68335E-08    2.93979E+04
 1.72512E-08    2.90399E+04
 1.76251E-08    2.87301E+04
 1.79590E-08    2.84618E+04
 1.82563E-08    2.82291E+04
 1.87885E-08    2.78265E+04
 1.91978E-08    2.75282E+04
 1.98285E-08    2.70869E+04
 2.04800E-08    2.66526E+04
 2.10283E-08    2.63028E+04
 2.15201E-08    2.60005E+04
 2.19598E-08    2.57389E+04
 2.23519E-08    2.55121E+04
 2.30551E-08    2.51201E+04
 2.35969E-08    2.48300E+04
 2.40116E-08    2.46146E+04
 2.46474E-08    2.42951E+04
 2.53000E-08    2.39797E+04
 2.58994E-08    2.37006E+04
 2.64742E-08    2.34419E+04
 2.70247E-08    2.32019E+04
 2.75511E-08    2.29791E+04
 2.80540E-08    2.27723E+04
 2.85338E-08    2.25800E+04
 2.94556E-08    2.22239E+04
 3.02865E-08    2.19169E+04
 3.10328E-08    2.16517E+04
 3.17009E-08    2.14224E+04
 3.22973E-08    2.12237E+04
 3.33680E-08    2.08804E+04
 3.41943E-08    2.06265E+04
 3.48274E-08    2.04382E+04
 3.57992E-08    2.01589E+04
 3.67980E-08    1.98834E+04
 3.76038E-08    2.06738E+04
 3.84012E-08    2.14693E+04
 3.91898E-08    2.22693E+04
 3.99692E-08    2.30726E+04
 4.07390E-08    2.38785E+04
 4.14990E-08    2.46860E+04
 4.22486E-08    2.54943E+04
 4.29878E-08    2.63025E+04
 4.37162E-08    2.71100E+04
 4.44336E-08    2.79158E+04
 4.51398E-08    2.87193E+04
 4.58347E-08    2.95197E+04
 4.65180E-08    3.03164E+04
 4.71897E-08    3.11087E+04
 4.78496E-08    3.18960E+04
 4.84977E-08    3.26776E+04
 4.91340E-08    3.34531E+04
 4.97583E-08    3.42219E+04
 5.03707E-08    3.49835E+04
 5.09711E-08    3.57375E+04
 5.21548E-08    3.72449E+04
 5.32895E-08    3.87158E+04
 5.43757E-08    4.01475E+04
 5.54142E-08    4.15377E+04
 5.64057E-08    4.28847E+04
 5.73513E-08    4.41872E+04
 5.82523E-08    4.54442E+04
 5.91098E-08    4.66551E+04
 5.99251E-08    4.78196E+04
 6.06997E-08    4.89377E+04
 6.14350E-08    5.00096E+04
 6.28378E-08    5.20832E+04
 6.40914E-08    5.39680E+04
 6.52089E-08    5.56730E+04
 6.62026E-08    5.72091E+04
 6.70846E-08    5.85878E+04
 6.86563E-08    6.10811E+04
 6.98593E-08    6.30205E+04
 7.07753E-08    6.45153E+04
 7.21719E-08    6.68243E+04
 7.35960E-08    6.92159E+04
 7.52075E-08    7.19672E+04
 7.68024E-08    7.47367E+04
 7.83796E-08    7.75213E+04
 7.99384E-08    8.03178E+04
 8.14781E-08    8.31231E+04
 8.29979E-08    8.59341E+04
 8.44973E-08    8.87478E+04
 8.59756E-08    9.15615E+04
 8.74324E-08    9.43722E+04
 8.88672E-08    9.71774E+04
 9.02796E-08    9.99745E+04
 9.16693E-08    1.02761E+05
 9.30360E-08    1.05534E+05
 9.43793E-08    1.08292E+05
 9.56992E-08    1.11033E+05
 9.69955E-08    1.13754E+05
 9.82679E-08    1.16453E+05
 9.95166E-08    1.19130E+05
 1.00741E-07    1.21781E+05
 1.01942E-07    1.24406E+05
 1.04310E-07    1.29653E+05
 1.06579E-07    1.34773E+05
 1.08751E-07    1.39757E+05
 1.10828E-07    1.44596E+05
 1.12811E-07    1.49286E+05
 1.14703E-07    1.53820E+05
 1.16505E-07    1.58195E+05
 1.18220E-07    1.62410E+05
 1.19850E-07    1.66464E+05
 1.21399E-07    1.70356E+05
 1.22870E-07    1.74088E+05
 1.25676E-07    1.81306E+05
 1.28183E-07    1.87867E+05
 1.30418E-07    1.93803E+05
 1.32405E-07    1.99150E+05
 1.34169E-07    2.03950E+05
 1.37313E-07    2.12629E+05
 1.39719E-07    2.19380E+05
 1.41551E-07    2.24584E+05
 1.44344E-07    2.32621E+05
 1.47192E-07    2.40947E+05
 1.49259E-07    2.47070E+05
 1.51224E-07    2.52953E+05
 1.53089E-07    2.58594E+05
 1.56648E-07    2.69514E+05
 1.59830E-07    2.79446E+05
 1.62667E-07    2.88436E+05
 1.65191E-07    2.96540E+05
 1.67432E-07    3.03817E+05
 1.71426E-07    3.16984E+05
 1.74484E-07    3.27233E+05
 1.76814E-07    3.35136E+05
 1.80366E-07    3.47350E+05
 1.83990E-07    3.60010E+05
 1.88019E-07    3.56128E+05
 1.92006E-07    3.52408E+05
 1.95949E-07    3.48841E+05
 1.99846E-07    3.45420E+05
 2.03695E-07    3.42137E+05
 2.07495E-07    3.38987E+05
 2.11243E-07    3.35964E+05
 2.14939E-07    3.33060E+05
 2.18581E-07    3.30271E+05
 2.25814E-07    3.24934E+05
 2.32812E-07    3.20008E+05
 2.39569E-07    3.15458E+05
 2.46083E-07    3.11252E+05
 2.52350E-07    3.07359E+05
 2.58370E-07    3.03754E+05
 2.64144E-07    3.00412E+05
 2.69674E-07    2.97313E+05
 2.74964E-07    2.94437E+05
 2.80017E-07    2.91765E+05
 2.84839E-07    2.89283E+05
 2.94105E-07    2.84685E+05
 3.02460E-07    2.80722E+05
 3.09965E-07    2.77299E+05
 3.16684E-07    2.74339E+05
 3.22683E-07    2.71775E+05
 3.28025E-07    2.69550E+05
 3.37588E-07    2.65702E+05
 3.44942E-07    2.62851E+05
 3.56275E-07    2.58633E+05
 3.67980E-07    2.54483E+05
 3.76038E-07    2.51739E+05
 3.84012E-07    2.49109E+05
 3.91898E-07    2.46587E+05
 3.99692E-07    2.44169E+05
 4.07390E-07    2.41849E+05
 4.14990E-07    2.39622E+05
 4.22486E-07    2.37485E+05
 4.29878E-07    2.35432E+05
 4.37162E-07    2.33461E+05
 4.51628E-07    2.29688E+05
 4.65624E-07    2.26206E+05
 4.79139E-07    2.22990E+05
 4.92165E-07    2.20016E+05
 5.04699E-07    2.17265E+05
 5.16739E-07    2.14716E+05
 5.28287E-07    2.12354E+05
 5.39348E-07    2.10164E+05
 5.49928E-07    2.08130E+05
 5.60035E-07    2.06242E+05
 5.69679E-07    2.04487E+05
 5.88211E-07    2.01237E+05
 6.04920E-07    1.98436E+05
 6.19930E-07    1.96016E+05
 6.33369E-07    1.93924E+05
 6.45366E-07    1.92111E+05
 6.56051E-07    1.90539E+05
 6.75175E-07    1.87818E+05
 6.89884E-07    1.85803E+05
 7.12550E-07    1.82822E+05
 7.35960E-07    1.79888E+05
 7.50198E-07    1.78171E+05
 7.63796E-07    1.76576E+05
 7.76768E-07    1.75094E+05
 8.01687E-07    1.72349E+05
 8.24146E-07    1.69982E+05
 8.44313E-07    1.67938E+05
 8.62364E-07    1.66169E+05
 8.78475E-07    1.64637E+05
 9.07396E-07    1.61990E+05
 9.29711E-07    1.60032E+05
 9.46806E-07    1.58579E+05
 9.73039E-07    1.56425E+05
 1.00000E-06    1.54300E+05
 1.02190E-06    1.52630E+05
 1.04357E-06    1.51030E+05
 1.06500E-06    1.49496E+05
 1.08618E-06    1.48024E+05
 1.10710E-06    1.46612E+05
 1.12775E-06    1.45258E+05
 1.14812E-06    1.43957E+05
 1.16821E-06    1.42708E+05
 1.18800E-06    1.41509E+05
 1.22732E-06    1.39214E+05
 1.26535E-06    1.37096E+05
 1.30208E-06    1.35140E+05
 1.33748E-06    1.33331E+05
 1.37154E-06    1.31657E+05
 1.40426E-06    1.30107E+05
 1.43564E-06    1.28671E+05
 1.46570E-06    1.27339E+05
 1.49445E-06    1.26102E+05
 1.52192E-06    1.24954E+05
 1.54812E-06    1.23887E+05
 1.59849E-06    1.21910E+05
 1.64389E-06    1.20207E+05
 1.68468E-06    1.18736E+05
 1.72120E-06    1.17464E+05
 1.75381E-06    1.16362E+05
 1.78284E-06    1.15406E+05
 1.83482E-06    1.13752E+05
 1.87479E-06    1.12528E+05
 1.93638E-06    1.10715E+05
 2.00000E-06    1.08932E+05
 2.04379E-06    1.07753E+05
 2.08713E-06    1.06623E+05
 2.13000E-06    1.05540E+05
 2.17236E-06    1.04501E+05
 2.21420E-06    1.03505E+05
 2.25550E-06    1.02548E+05
 2.29625E-06    1.01630E+05
 2.33642E-06    1.00749E+05
 2.37601E-06    9.99018E+04
 2.45463E-06    9.82815E+04
 2.53070E-06    9.67863E+04
 2.60416E-06    9.54052E+04
 2.67496E-06    9.41283E+04
 2.74308E-06    9.29468E+04
 2.80852E-06    9.18526E+04
 2.87128E-06    9.08384E+04
 2.93140E-06    8.98979E+04
 2.98890E-06    8.90249E+04
 3.04383E-06    8.82142E+04
 3.09625E-06    8.74609E+04
 3.19697E-06    8.60658E+04
 3.28779E-06    8.48633E+04
 3.36937E-06    8.38249E+04
 3.44241E-06    8.29267E+04
 3.50762E-06    8.21487E+04
 3.56569E-06    8.14739E+04
 3.66963E-06    8.03064E+04
 3.74957E-06    7.94418E+04
 3.87276E-06    7.81622E+04
 4.00000E-06    7.69033E+04
 4.08759E-06    7.60711E+04
 4.17427E-06    7.52735E+04
 4.25999E-06    7.45088E+04
 4.34472E-06    7.37754E+04
 4.42840E-06    7.30718E+04
 4.51100E-06    7.23965E+04
 4.59249E-06    7.17484E+04
 4.67284E-06    7.11260E+04
 4.75202E-06    7.05282E+04
 4.90926E-06    6.93843E+04
 5.06140E-06    6.83287E+04
 5.20832E-06    6.73537E+04
 5.34991E-06    6.64523E+04
 5.48616E-06    6.56181E+04
 5.61703E-06    6.48456E+04
 5.74257E-06    6.41297E+04
 5.86280E-06    6.34657E+04
 5.97780E-06    6.28494E+04
 6.08767E-06    6.22771E+04
 6.19250E-06    6.17452E+04
 6.39394E-06    6.07603E+04
 6.57558E-06    5.99114E+04
 6.73874E-06    5.91783E+04
 6.88482E-06    5.85442E+04
 7.01523E-06    5.79950E+04
 7.13137E-06    5.75186E+04
 7.33926E-06    5.66944E+04
 7.49914E-06    5.60839E+04
 7.74553E-06    5.51806E+04
 8.00000E-06    5.42918E+04
 8.17518E-06    5.37043E+04
 8.34854E-06    5.31412E+04
 8.51998E-06    5.26013E+04
 8.68943E-06    5.20836E+04
 8.85679E-06    5.15869E+04
 9.02200E-06    5.11102E+04
 9.18499E-06    5.06526E+04
 9.34568E-06    5.02132E+04
 9.50404E-06    4.97912E+04
 9.81853E-06    4.89836E+04
 1.01228E-05    4.82384E+04
 1.04166E-05    4.75500E+04
 1.06998E-05    4.69137E+04
 1.09723E-05    4.63248E+04
 1.12341E-05    4.57794E+04
 1.14851E-05    4.52740E+04
 1.17256E-05    4.48052E+04
 1.19556E-05    4.43701E+04
 1.21753E-05    4.39661E+04
 1.23850E-05    4.35906E+04
 1.27879E-05    4.28953E+04
 1.31512E-05    4.22959E+04
 1.34775E-05    4.17784E+04
 1.37696E-05    4.13308E+04
 1.40305E-05    4.09430E+04
 1.42627E-05    4.06067E+04
 1.46785E-05    4.00248E+04
 1.49983E-05    3.95939E+04
 1.54911E-05    3.89561E+04
 1.60000E-05    3.83287E+04
 1.63504E-05    3.79139E+04
 1.66971E-05    3.75164E+04
 1.70400E-05    3.71352E+04
 1.73789E-05    3.67697E+04
 1.77136E-05    3.64190E+04
 1.80440E-05    3.60825E+04
 1.83700E-05    3.57595E+04
 1.86914E-05    3.54493E+04
 1.90081E-05    3.51513E+04
 1.96371E-05    3.45812E+04
 2.02456E-05    3.40551E+04
 2.08333E-05    3.35692E+04
 2.13997E-05    3.31199E+04
 2.19446E-05    3.27041E+04
 2.24681E-05    3.23191E+04
 2.29703E-05    3.19623E+04
 2.34512E-05    3.16314E+04
 2.39112E-05    3.13242E+04
 2.43507E-05    3.10390E+04
 2.47700E-05    3.07739E+04
 2.55758E-05    3.02830E+04
 2.63023E-05    2.98599E+04
 2.69549E-05    2.94945E+04
 2.75393E-05    2.91785E+04
 2.80609E-05    2.89048E+04
 2.85255E-05    2.86673E+04
 2.93570E-05    2.82565E+04
 2.99966E-05    2.79523E+04
 3.09821E-05    2.75021E+04
 3.20000E-05    2.70591E+04
 3.27007E-05    2.67663E+04
 3.33941E-05    2.64856E+04
 3.40799E-05    2.62166E+04
 3.47577E-05    2.59585E+04
 3.54272E-05    2.57109E+04
 3.60880E-05    2.54734E+04
 3.67399E-05    2.52453E+04
 3.73827E-05    2.50263E+04
 3.80162E-05    2.48160E+04
 3.92741E-05    2.44135E+04
 4.04912E-05    2.40421E+04
 4.16665E-05    2.36990E+04
 4.27993E-05    2.33818E+04
 4.38893E-05    2.30883E+04
 4.49363E-05    2.28165E+04
 4.59405E-05    2.25646E+04
 4.69024E-05    2.23310E+04
 4.78224E-05    2.21141E+04
 4.87013E-05    2.19127E+04
 4.95400E-05    2.17256E+04
 5.11516E-05    2.13791E+04
 5.26046E-05    2.10803E+04
 5.39099E-05    2.08224E+04
 5.50785E-05    2.05993E+04
 5.61219E-05    2.04060E+04
 5.70510E-05    2.02384E+04
 5.87141E-05    1.99484E+04
 5.99932E-05    1.97336E+04
 6.19642E-05    1.94158E+04
 6.40000E-05    1.91031E+04
 6.54014E-05    1.88963E+04
 6.67883E-05    1.86982E+04
 6.81599E-05    1.85083E+04
 6.95155E-05    1.83261E+04
 7.08544E-05    1.81513E+04
 7.21760E-05    1.79836E+04
 7.34799E-05    1.78226E+04
 7.47655E-05    1.76680E+04
 7.60323E-05    1.75195E+04
 7.85482E-05    1.72353E+04
 8.09825E-05    1.69731E+04
 8.33330E-05    1.67309E+04
 8.55986E-05    1.65070E+04
 8.77785E-05    1.62998E+04
 8.98725E-05    1.61079E+04
 9.18811E-05    1.59300E+04
 9.38048E-05    1.57651E+04
 9.56448E-05    1.56120E+04
 9.74027E-05    1.54699E+04
 9.90800E-05    1.53377E+04
 1.02303E-04    1.50931E+04
 1.05209E-04    1.48822E+04
 1.07820E-04    1.47001E+04
 1.10157E-04    1.45426E+04
 1.12244E-04    1.44062E+04
 1.14102E-04    1.42878E+04
 1.17428E-04    1.40831E+04
 1.19986E-04    1.39315E+04
 1.23928E-04    1.37071E+04
 1.28000E-04    1.34863E+04
 1.30803E-04    1.33403E+04
 1.33577E-04    1.32005E+04
 1.36320E-04    1.30664E+04
 1.39031E-04    1.29378E+04
 1.41709E-04    1.28144E+04
 1.44352E-04    1.26960E+04
 1.46960E-04    1.25823E+04
 1.49531E-04    1.24731E+04
 1.52065E-04    1.23683E+04
 1.57096E-04    1.21677E+04
 1.61965E-04    1.19826E+04
 1.66666E-04    1.18116E+04
 1.71197E-04    1.16535E+04
 1.75557E-04    1.15072E+04
 1.79745E-04    1.13718E+04
 1.83762E-04    1.12462E+04
 1.87610E-04    1.11298E+04
 1.91290E-04    1.10217E+04
 1.94805E-04    1.09213E+04
 1.98160E-04    1.08281E+04
 2.04606E-04    1.06553E+04
 2.10419E-04    1.05065E+04
 2.15640E-04    1.03779E+04
 2.20314E-04    1.02667E+04
 2.24487E-04    1.01704E+04
 2.28204E-04    1.00869E+04
 2.34856E-04    9.94231E+03
 2.39973E-04    9.83526E+03
 2.47857E-04    9.67685E+03
 2.56000E-04    9.52099E+03
 2.61606E-04    9.41796E+03
 2.67153E-04    9.31921E+03
 2.72640E-04    9.22453E+03
 2.78062E-04    9.13373E+03
 2.83417E-04    9.04662E+03
 2.88704E-04    8.96303E+03
 2.93920E-04    8.88279E+03
 2.99062E-04    8.80573E+03
 3.04129E-04    8.73172E+03
 3.14193E-04    8.59010E+03
 3.23930E-04    8.45942E+03
 3.33332E-04    8.33870E+03
 3.42394E-04    8.22710E+03
 3.51114E-04    8.12383E+03
 3.59490E-04    8.02819E+03
 3.67524E-04    7.93956E+03
 3.75219E-04    7.85735E+03
 3.82579E-04    7.78105E+03
 3.89611E-04    7.71019E+03
 3.96320E-04    7.64435E+03
 4.09212E-04    7.52241E+03
 4.20837E-04    7.41731E+03
 4.31279E-04    7.32655E+03
 4.40628E-04    7.24805E+03
 4.48975E-04    7.18005E+03
 4.56408E-04    7.12107E+03
 4.69713E-04    7.01903E+03
 4.79945E-04    6.94345E+03
 4.95714E-04    6.83162E+03
 5.12000E-04    6.72158E+03
 5.22824E-04    6.65132E+03
 5.33527E-04    6.58395E+03
 5.44105E-04    6.51935E+03
 5.54553E-04    6.45736E+03
 5.64865E-04    6.39787E+03
 5.75038E-04    6.34077E+03
 5.85067E-04    6.28593E+03
 5.94950E-04    6.23326E+03
 6.14576E-04    6.13247E+03
 6.33563E-04    6.03946E+03
 6.51895E-04    5.95354E+03
 6.69563E-04    5.87410E+03
 6.86562E-04    5.80059E+03
 7.02890E-04    5.73251E+03
 7.18550E-04    5.66941E+03
 7.33548E-04    5.61089E+03
 7.47892E-04    5.55657E+03
 7.61595E-04    5.50612E+03
 7.74669E-04    5.45925E+03
 7.99791E-04    5.37243E+03
 8.22441E-04    5.29759E+03
 8.42785E-04    5.23297E+03
 8.60998E-04    5.17707E+03
 8.77257E-04    5.12865E+03
 8.91735E-04    5.08665E+03
 9.17650E-04    5.01398E+03
 9.37579E-04    4.96016E+03
 9.68286E-04    4.88051E+03
 1.00000E-03    4.80214E+03
 1.02190E-03    4.75174E+03
 1.04357E-03    4.70343E+03
 1.06500E-03    4.65709E+03
 1.08618E-03    4.61264E+03
 1.10710E-03    4.56998E+03
 1.12775E-03    4.52903E+03
 1.14812E-03    4.48971E+03
 1.16821E-03    4.45194E+03
 1.18800E-03    4.41566E+03
 1.22732E-03    4.34619E+03
 1.26535E-03    4.28207E+03
 1.30208E-03    4.22281E+03
 1.33748E-03    4.16800E+03
 1.37154E-03    4.11726E+03
 1.40426E-03    4.07026E+03
 1.43564E-03    4.02668E+03
 1.46570E-03    3.98624E+03
 1.49445E-03    3.94871E+03
 1.52192E-03    3.91384E+03
 1.54812E-03    3.88143E+03
 1.59849E-03    3.82138E+03
 1.64389E-03    3.76960E+03
 1.68468E-03    3.72487E+03
 1.72120E-03    3.68616E+03
 1.75381E-03    3.65262E+03
 1.81236E-03    3.59467E+03
 1.85755E-03    3.55181E+03
 1.89218E-03    3.51999E+03
 1.94534E-03    3.47281E+03
 2.00000E-03    3.42626E+03
 2.04379E-03    3.39288E+03
 2.08713E-03    3.36085E+03
 2.13000E-03    3.33011E+03
 2.17236E-03    3.30060E+03
 2.21420E-03    3.27226E+03
 2.25550E-03    3.24504E+03
 2.29625E-03    3.21888E+03
 2.37730E-03    3.16880E+03
 2.45588E-03    3.12256E+03
 2.53191E-03    3.07983E+03
 2.60532E-03    3.04029E+03
 2.67608E-03    3.00369E+03
 2.74416E-03    2.96978E+03
 2.80955E-03    2.93833E+03
 2.87227E-03    2.90915E+03
 2.93235E-03    2.88206E+03
 2.98981E-03    2.85689E+03
 3.04470E-03    2.83349E+03
 3.15035E-03    2.79014E+03
 3.24580E-03    2.75275E+03
 3.33168E-03    2.72044E+03
 3.40870E-03    2.69249E+03
 3.47754E-03    2.66826E+03
 3.53892E-03    2.64724E+03
 3.64895E-03    2.61086E+03
 3.73371E-03    2.58390E+03
 3.86456E-03    2.54398E+03
 4.00000E-03    2.50468E+03
 4.11314E-03    2.47330E+03
 4.21476E-03    2.44616E+03
 4.30574E-03    2.42266E+03
 4.38695E-03    2.40229E+03
 4.53278E-03    2.36704E+03
 4.64533E-03    2.34094E+03
 4.73156E-03    2.32156E+03
 4.86393E-03    2.29279E+03
 5.00000E-03    2.26437E+03
 5.10949E-03    2.24582E+03
 5.21784E-03    2.22799E+03
 5.32499E-03    2.21086E+03
 5.43089E-03    2.19438E+03
 5.64211E-03    2.16282E+03
 5.84759E-03    2.13363E+03
 6.04701E-03    2.10663E+03
 6.24014E-03    2.08163E+03
 6.42680E-03    2.05846E+03
 6.60686E-03    2.03697E+03
 6.78025E-03    2.01703E+03
 6.94692E-03    1.99851E+03
 7.10691E-03    1.98130E+03
 7.26023E-03    1.96531E+03
 7.40698E-03    1.95043E+03
 7.69017E-03    1.92283E+03
 7.94683E-03    1.89901E+03
 8.17843E-03    1.87840E+03
 8.38660E-03    1.86055E+03
 8.57310E-03    1.84508E+03
 8.90950E-03    1.81830E+03
 9.17044E-03    1.79848E+03
 9.37114E-03    1.78375E+03
 9.68047E-03    1.76189E+03
 1.00000E-02    1.74029E+03
 1.04427E-02    1.71976E+03
 1.08756E-02    1.70073E+03
 1.12977E-02    1.68308E+03
 1.17082E-02    1.66671E+03
 1.21067E-02    1.65150E+03
 1.24925E-02    1.63736E+03
 1.28654E-02    1.62422E+03
 1.32251E-02    1.61200E+03
 1.35715E-02    1.60063E+03
 1.39044E-02    1.59003E+03
 1.45508E-02    1.57036E+03
 1.51410E-02    1.55335E+03
 1.56770E-02    1.53862E+03
 1.61616E-02    1.52584E+03
 1.65979E-02    1.51475E+03
 1.73899E-02    1.49553E+03
 1.80086E-02    1.48127E+03
 1.84871E-02    1.47067E+03
 1.92287E-02    1.45491E+03
 2.00000E-02    1.43932E+03
 2.08855E-02    1.43011E+03
 2.17512E-02    1.42154E+03
 2.25953E-02    1.41354E+03
 2.34165E-02    1.40609E+03
 2.50374E-02    1.39222E+03
 2.65474E-02    1.38019E+03
 2.79433E-02    1.36976E+03
 2.92247E-02    1.36069E+03
 3.03941E-02    1.35280E+03
 3.14556E-02    1.34594E+03
 3.34032E-02    1.33402E+03
 3.49427E-02    1.32515E+03
 3.73859E-02    1.31195E+03
 4.00000E-02    1.29888E+03
 4.22949E-02    1.28819E+03
 4.41020E-02    1.28023E+03
 4.69585E-02    1.26839E+03
 5.00000E-02    1.25665E+03
 5.22137E-02    1.24776E+03
 5.43780E-02    1.23948E+03
 5.64884E-02    1.23177E+03
 5.85412E-02    1.22458E+03
 6.05334E-02    1.21788E+03
 6.44534E-02    1.20542E+03
 6.80911E-02    1.19462E+03
 7.14420E-02    1.18525E+03
 7.45091E-02    1.17711E+03
 7.73007E-02    1.17003E+03
 8.24399E-02    1.15775E+03
 8.65173E-02    1.14863E+03
 8.97072E-02    1.14183E+03
 9.47139E-02    1.13171E+03
 1.00000E-01    1.12168E+03
 1.02190E-01    1.11131E+03
 1.04357E-01    1.10135E+03
 1.06500E-01    1.09179E+03
 1.08618E-01    1.08260E+03
 1.10710E-01    1.07378E+03
 1.12775E-01    1.06530E+03
 1.16886E-01    1.04906E+03
 1.20877E-01    1.03406E+03
 1.24742E-01    1.02020E+03
 1.28477E-01    1.00737E+03
 1.32080E-01    9.95484E+02
 1.35550E-01    9.84472E+02
 1.38886E-01    9.74259E+02
 1.42088E-01    9.64780E+02
 1.45156E-01    9.55978E+02
 1.48093E-01    9.47798E+02
 1.50901E-01    9.40194E+02
 1.56309E-01    9.26099E+02
 1.61200E-01    9.13940E+02
 1.65605E-01    9.03432E+02
 1.69558E-01    8.94336E+02
 1.73094E-01    8.86453E+02
 1.79460E-01    8.72823E+02
 1.84389E-01    8.62739E+02
 1.88173E-01    8.55252E+02
 1.93997E-01    8.44144E+02
 2.00000E-01    8.33180E+02
 2.02550E-01    8.24740E+02
 2.05052E-01    8.16644E+02
 2.07505E-01    8.08878E+02
 2.12341E-01    7.94040E+02
 2.16977E-01    7.80377E+02
 2.21416E-01    7.67781E+02
 2.25659E-01    7.56158E+02
 2.29711E-01    7.45420E+02
 2.33576E-01    7.35493E+02
 2.37259E-01    7.26305E+02
 2.40763E-01    7.17797E+02
 2.44096E-01    7.09910E+02
 2.47263E-01    7.02596E+02
 2.50269E-01    6.95806E+02
 2.56003E-01    6.83253E+02
 2.61129E-01    6.72455E+02
 2.65698E-01    6.63147E+02
 2.69762E-01    6.55108E+02
 2.73368E-01    6.48154E+02
 2.79796E-01    6.36161E+02
 2.84716E-01    6.27312E+02
 2.88462E-01    6.20757E+02
 2.94174E-01    6.11051E+02
 3.00000E-01    6.01498E+02
 3.05443E-01    5.90276E+02
 3.10635E-01    5.79946E+02
 3.15583E-01    5.70426E+02
 3.20293E-01    5.61643E+02
 3.24773E-01    5.53532E+02
 3.29030E-01    5.46034E+02
 3.33071E-01    5.39096E+02
 3.36904E-01    5.32673E+02
 3.40539E-01    5.26721E+02
 3.43981E-01    5.21201E+02
 3.50530E-01    5.11006E+02
 3.56363E-01    5.02249E+02
 3.61546E-01    4.94711E+02
 3.66143E-01    4.88207E+02
 3.70213E-01    4.82587E+02
 3.73811E-01    4.77722E+02
 3.80193E-01    4.69326E+02
 3.85051E-01    4.63126E+02
 3.92454E-01    4.53980E+02
 4.00000E-01    4.45014E+02
 4.05618E-01    4.37791E+02
 4.10956E-01    4.31126E+02
 4.16024E-01    4.24970E+02
 4.20833E-01    4.19278E+02
 4.25391E-01    4.14011E+02
 4.29709E-01    4.09134E+02
 4.33797E-01    4.04614E+02
 4.37665E-01    4.00421E+02
 4.45011E-01    3.92677E+02
 4.51539E-01    3.86024E+02
 4.57330E-01    3.80295E+02
 4.62458E-01    3.75352E+02
 4.66992E-01    3.71079E+02
 4.75034E-01    3.63719E+02
 4.81156E-01    3.58295E+02
 4.85799E-01    3.54280E+02
 4.92849E-01    3.48342E+02
 5.00000E-01    3.42503E+02
 5.05730E-01    3.37794E+02
 5.11162E-01    3.33438E+02
 5.16307E-01    3.29405E+02
 5.21177E-01    3.25668E+02
 5.25785E-01    3.22204E+02
 5.34535E-01    3.15807E+02
 5.42311E-01    3.10314E+02
 5.49207E-01    3.05586E+02
 5.55313E-01    3.01508E+02
 5.60712E-01    2.97985E+02
 5.70286E-01    2.91917E+02
 5.77573E-01    2.87448E+02
 5.83100E-01    2.84141E+02
 5.91490E-01    2.79252E+02
 6.00000E-01    2.74447E+02
 6.05809E-01    2.71299E+02
 6.11305E-01    2.68380E+02
 6.21746E-01    2.62992E+02
 6.31028E-01    2.58366E+02
 6.39263E-01    2.54385E+02
 6.46558E-01    2.50952E+02
 6.53008E-01    2.47987E+02
 6.64452E-01    2.42881E+02
 6.73166E-01    2.39120E+02
 6.79776E-01    2.36338E+02
 6.89814E-01    2.32226E+02
 7.00000E-01    2.28185E+02
 7.11782E-01    2.23886E+02
 7.22254E-01    2.20191E+02
 7.31543E-01    2.17008E+02
 7.39769E-01    2.14261E+02
 7.47043E-01    2.11886E+02
 7.59944E-01    2.07792E+02
 7.69766E-01    2.04773E+02
 7.77216E-01    2.02539E+02
 7.88526E-01    1.99232E+02
 8.00000E-01    1.95979E+02
 8.11865E-01    1.92943E+02
 8.22392E-01    1.90325E+02
 8.31715E-01    1.88063E+02
 8.39958E-01    1.86106E+02
 8.54582E-01    1.82731E+02
 8.65717E-01    1.80239E+02
 8.74164E-01    1.78393E+02
 8.86988E-01    1.75659E+02
 9.00000E-01    1.72967E+02
 9.11931E-01    1.70739E+02
 9.22501E-01    1.68814E+02
 9.41294E-01    1.65496E+02
 9.55639E-01    1.63051E+02
 9.66541E-01    1.61240E+02
 9.83128E-01    1.58562E+02
 1.00000E+00    1.55929E+02
 1.01146E+00    1.54252E+02
 1.02232E+00    1.52696E+02
 1.04301E+00    1.49820E+02
 1.06145E+00    1.47349E+02
 1.07785E+00    1.45220E+02
 1.09241E+00    1.43382E+02
 1.10532E+00    1.41793E+02
 1.12826E+00    1.39055E+02
 1.14578E+00    1.37036E+02
 1.15910E+00    1.35541E+02
 1.17937E+00    1.33329E+02
 1.20000E+00    1.31153E+02
 1.21162E+00    1.29691E+02
 1.22261E+00    1.28335E+02
 1.24349E+00    1.25831E+02
 1.26206E+00    1.23681E+02
 1.27853E+00    1.21829E+02
 1.29312E+00    1.20231E+02
 1.30602E+00    1.18851E+02
 1.32890E+00    1.16473E+02
 1.34633E+00    1.14720E+02
 1.35955E+00    1.13423E+02
 1.37963E+00    1.11505E+02
 1.40000E+00    1.09620E+02
 1.41173E+00    1.08064E+02
 1.42282E+00    1.06626E+02
 1.43330E+00    1.05295E+02
 1.44319E+00    1.04062E+02
 1.46192E+00    1.01789E+02
 1.47850E+00    9.98416E+01
 1.49317E+00    9.81679E+01
 1.50612E+00    9.67264E+01
 1.51755E+00    9.54824E+01
 1.52762E+00    9.44071E+01
 1.54540E+00    9.25544E+01
 1.55887E+00    9.11887E+01
 1.57930E+00    8.91779E+01
 1.60000E+00    8.72114E+01
 1.61182E+00    8.56758E+01
 1.62298E+00    8.42608E+01
 1.63352E+00    8.29555E+01
 1.64346E+00    8.17501E+01
 1.65283E+00    8.06359E+01
 1.66166E+00    7.96052E+01
 1.66999E+00    7.86509E+01
 1.68571E+00    7.68922E+01
 1.69959E+00    7.53857E+01
 1.71183E+00    7.40917E+01
 1.72261E+00    7.29777E+01
 1.73210E+00    7.20167E+01
 1.74883E+00    7.03653E+01
 1.76149E+00    6.91517E+01
 1.77104E+00    6.82552E+01
 1.78546E+00    6.69322E+01
 1.80000E+00    6.56349E+01
 1.81189E+00    6.43313E+01
 1.82311E+00    6.31327E+01
 1.83369E+00    6.20293E+01
 1.84367E+00    6.10124E+01
 1.85307E+00    6.00742E+01
 1.86193E+00    5.92078E+01
 1.87027E+00    5.84068E+01
 1.87813E+00    5.76658E+01
 1.89295E+00    5.63016E+01
 1.90601E+00    5.51344E+01
 1.91751E+00    5.41330E+01
 1.92763E+00    5.32716E+01
 1.93654E+00    5.25292E+01
 1.94436E+00    5.18881E+01
 1.95812E+00    5.07850E+01
 1.96851E+00    4.99730E+01
 1.98419E+00    4.87793E+01
 2.00000E+00    4.76142E+01
 2.01195E+00    4.66222E+01
 2.02322E+00    4.57109E+01
 2.03384E+00    4.48728E+01
 2.04384E+00    4.41011E+01
 2.05327E+00    4.33896E+01
 2.06215E+00    4.27330E+01
 2.07050E+00    4.21265E+01
 2.07837E+00    4.15657E+01
 2.08577E+00    4.10468E+01
 2.09972E+00    4.00912E+01
 2.11200E+00    3.92732E+01
 2.12280E+00    3.85713E+01
 2.13230E+00    3.79673E+01
 2.14065E+00    3.74467E+01
 2.15534E+00    3.65526E+01
 2.16642E+00    3.58961E+01
 2.17476E+00    3.54115E+01
 2.18735E+00    3.46968E+01
 2.20000E+00    3.39965E+01
 2.21200E+00    3.32851E+01
 2.22330E+00    3.26317E+01
 2.23395E+00    3.20307E+01
 2.24399E+00    3.14774E+01
 2.25343E+00    3.09674E+01
 2.26233E+00    3.04967E+01
 2.27069E+00    3.00620E+01
 2.27857E+00    2.96600E+01
 2.28597E+00    2.92881E+01
 2.29993E+00    2.86032E+01
 2.31220E+00    2.80171E+01
 2.32300E+00    2.75141E+01
 2.33249E+00    2.70814E+01
 2.34082E+00    2.67084E+01
 2.35548E+00    2.60679E+01
 2.36653E+00    2.55977E+01
 2.37485E+00    2.52506E+01
 2.38739E+00    2.47387E+01
 2.40000E+00    2.42372E+01
 2.41204E+00    2.37414E+01
 2.42338E+00    2.32858E+01
 2.43405E+00    2.28666E+01
 2.44411E+00    2.24805E+01
 2.45357E+00    2.21244E+01
 2.46248E+00    2.17957E+01
 2.47085E+00    2.14920E+01
 2.47874E+00    2.12111E+01
 2.49358E+00    2.06943E+01
 2.50664E+00    2.02524E+01
 2.51812E+00    1.98735E+01
 2.52822E+00    1.95478E+01
 2.53708E+00    1.92672E+01
 2.55266E+00    1.87858E+01
 2.56442E+00    1.84326E+01
 2.57327E+00    1.81721E+01
 2.58660E+00    1.77883E+01
 2.60000E+00    1.74125E+01
 2.61207E+00    1.70705E+01
 2.62344E+00    1.67559E+01
 2.63414E+00    1.64663E+01
 2.64421E+00    1.61993E+01
 2.65369E+00    1.59530E+01
 2.66261E+00    1.57254E+01
 2.67099E+00    1.55150E+01
 2.68679E+00    1.51281E+01
 2.70068E+00    1.47975E+01
 2.71290E+00    1.45141E+01
 2.72364E+00    1.42706E+01
 2.73307E+00    1.40609E+01
 2.74135E+00    1.38800E+01
 2.75589E+00    1.35689E+01
 2.76686E+00    1.33401E+01
 2.77510E+00    1.31711E+01
 2.78752E+00    1.29216E+01
 2.80000E+00    1.26768E+01
 2.81210E+00    1.24403E+01
 2.82349E+00    1.22225E+01
 2.83421E+00    1.20218E+01
 2.84430E+00    1.18367E+01
 2.85379E+00    1.16657E+01
 2.86272E+00    1.15077E+01
 2.87111E+00    1.13615E+01
 2.88691E+00    1.10923E+01
 2.90081E+00    1.08620E+01
 2.91303E+00    1.06644E+01
 2.92376E+00    1.04945E+01
 2.93318E+00    1.03480E+01
 2.94975E+00    1.00966E+01
 2.96223E+00    9.91204E+00
 2.97163E+00    9.77585E+00
 2.98578E+00    9.57506E+00
 3.00000E+00    9.37839E+00
 3.01213E+00    9.21278E+00
 3.02354E+00    9.06017E+00
 3.03428E+00    8.91940E+00
 3.04438E+00    8.78941E+00
 3.05388E+00    8.66928E+00
 3.06281E+00    8.55813E+00
 3.07963E+00    8.35357E+00
 3.09443E+00    8.17860E+00
 3.10743E+00    8.02850E+00
 3.11885E+00    7.89943E+00
 3.12888E+00    7.78820E+00
 3.14651E+00    7.59729E+00
 3.15980E+00    7.45719E+00
 3.16980E+00    7.35381E+00
 3.18487E+00    7.20143E+00
 3.20000E+00    7.05220E+00
 3.21215E+00    6.93394E+00
 3.22358E+00    6.82486E+00
 3.23433E+00    6.72417E+00
 3.24445E+00    6.63112E+00
 3.25396E+00    6.54505E+00
 3.27186E+00    6.38668E+00
 3.28761E+00    6.25125E+00
 3.30145E+00    6.13510E+00
 3.31361E+00    6.03525E+00
 3.32429E+00    5.94921E+00
 3.34306E+00    5.80158E+00
 3.35720E+00    5.69327E+00
 3.36785E+00    5.61337E+00
 3.38389E+00    5.49561E+00
 3.40000E+00    5.38032E+00
 3.41217E+00    5.29392E+00
 3.42361E+00    5.21417E+00
 3.43438E+00    5.14050E+00
 3.44451E+00    5.07238E+00
 3.46357E+00    4.94708E+00
 3.48034E+00    4.83999E+00
 3.49507E+00    4.74818E+00
 3.50802E+00    4.66928E+00
 3.51939E+00    4.60132E+00
 3.52937E+00    4.54267E+00
 3.54689E+00    4.44182E+00
 3.56010E+00    4.36765E+00
 3.57999E+00    4.25872E+00
 3.60000E+00    4.15250E+00
 3.61219E+00    4.08872E+00
 3.62365E+00    4.02981E+00
 3.63443E+00    3.97536E+00
 3.65472E+00    3.87523E+00
 3.67257E+00    3.78969E+00
 3.68826E+00    3.71640E+00
 3.70205E+00    3.65343E+00
 3.71415E+00    3.59921E+00
 3.72478E+00    3.55242E+00
 3.74344E+00    3.47201E+00
 3.75750E+00    3.41289E+00
 3.76808E+00    3.36922E+00
 3.78401E+00    3.30475E+00
 3.80000E+00    3.24152E+00
 3.81220E+00    3.19370E+00
 3.82368E+00    3.14950E+00
 3.83447E+00    3.10862E+00
 3.85478E+00    3.03340E+00
 3.87264E+00    2.96908E+00
 3.88833E+00    2.91392E+00
 3.90212E+00    2.86649E+00
 3.91422E+00    2.82562E+00
 3.93549E+00    2.75551E+00
 3.95152E+00    2.70407E+00
 3.96359E+00    2.66612E+00
 3.98175E+00    2.61019E+00
 4.00000E+00    2.55543E+00
 4.01222E+00    2.51984E+00
 4.02370E+00    2.48692E+00
 4.04533E+00    2.42636E+00
 4.06435E+00    2.37457E+00
 4.08106E+00    2.33017E+00
 4.09574E+00    2.29200E+00
 4.10863E+00    2.25911E+00
 4.13129E+00    2.20269E+00
 4.14836E+00    2.16131E+00
 4.16121E+00    2.13078E+00
 4.18056E+00    2.08579E+00
 4.20000E+00    2.04175E+00
 4.21223E+00    2.01447E+00
 4.23525E+00    1.96431E+00
 4.25551E+00    1.92144E+00
 4.27330E+00    1.88470E+00
 4.28894E+00    1.85312E+00
 4.30267E+00    1.82593E+00
 4.31472E+00    1.80247E+00
 4.33588E+00    1.76213E+00
 4.35182E+00    1.73246E+00
 4.37584E+00    1.68890E+00
 4.40000E+00    1.64644E+00
 4.42452E+00    1.60613E+00
 4.44608E+00    1.57168E+00
 4.46503E+00    1.54213E+00
 4.48169E+00    1.51674E+00
 4.49631E+00    1.49486E+00
 4.52201E+00    1.45733E+00
 4.54138E+00    1.42981E+00
 4.55597E+00    1.40951E+00
 4.57793E+00    1.37959E+00
 4.60000E+00    1.35031E+00
 4.62454E+00    1.32092E+00
 4.64611E+00    1.29573E+00
 4.66508E+00    1.27408E+00
 4.68173E+00    1.25543E+00
 4.69635E+00    1.23934E+00
 4.72205E+00    1.21167E+00
 4.74142E+00    1.19133E+00
 4.75600E+00    1.17630E+00
 4.77795E+00    1.15410E+00
 4.80000E+00    1.13233E+00
 4.82456E+00    1.10954E+00
 4.84615E+00    1.08998E+00
 4.86512E+00    1.07314E+00
 4.88177E+00    1.05863E+00
 4.91107E+00    1.03369E+00
 4.93315E+00    1.01538E+00
 4.94978E+00    1.00185E+00
 4.97483E+00    9.81906E-01
 5.00000E+00    9.62356E-01
 5.02457E+00    9.46630E-01
 5.04617E+00    9.33082E-01
 5.06515E+00    9.21385E-01
 5.09853E+00    9.01269E-01
 5.12371E+00    8.86470E-01
 5.14268E+00    8.75531E-01
 5.17126E+00    8.59374E-01
 5.20000E+00    8.43516E-01
 5.22459E+00    8.32012E-01
 5.26790E+00    8.12256E-01
 5.30062E+00    7.97747E-01
 5.32529E+00    7.87036E-01
 5.36252E+00    7.71239E-01
 5.40000E+00    7.55758E-01
 5.44932E+00    7.41879E-01
 5.48661E+00    7.31637E-01
 5.54301E+00    7.16539E-01
 5.60000E+00    7.01752E-01
 5.69912E+00    6.93169E-01
 5.80000E+00    6.84691E-01
 5.89915E+00    6.78337E-01
 6.00000E+00    6.72041E-01
 6.20000E+00    6.99122E-01
 6.40000E+00    7.30827E-01
 6.49923E+00    7.57537E-01
 6.60000E+00    7.85224E-01
 6.64944E+00    8.08293E-01
 6.68677E+00    8.26039E-01
 6.74314E+00    8.53391E-01
 6.80000E+00    8.81648E-01
 6.89928E+00    9.03003E-01
 7.00000E+00    9.24875E-01
 7.04947E+00    9.51090E-01
 7.08681E+00    9.71239E-01
 7.14318E+00    1.00226E+00
 7.20000E+00    1.03428E+00
 7.29931E+00    1.06820E+00
 7.40000E+00    1.10324E+00
 7.49933E+00    1.13929E+00
 7.60000E+00    1.17651E+00
 7.64951E+00    1.20736E+00
 7.68686E+00    1.23102E+00
 7.74322E+00    1.26739E+00
 7.80000E+00    1.30484E+00
 8.00000E+00    1.32040E+00
 8.12217E+00    1.35691E+00
 8.30894E+00    1.41359E+00
 8.50000E+00    1.47263E+00
 8.74643E+00    1.52891E+00
 9.00000E+00    1.58735E+00
 9.50000E+00    1.67254E+00
 1.00000E+01    1.73558E+00
 1.05000E+01    1.78037E+00
 1.10000E+01    1.80723E+00
 1.15000E+01    1.81160E+00
 1.17473E+01    1.79513E+00
 1.20000E+01    1.77881E+00
 1.21231E+01    1.75944E+00
 1.23101E+01    1.73078E+00
 1.25000E+01    1.70259E+00
 1.26232E+01    1.66915E+00
 1.27163E+01    1.64450E+00
 1.28574E+01    1.60820E+00
 1.30000E+01    1.57271E+00
 1.30615E+01    1.55129E+00
 1.31698E+01    1.51449E+00
 1.32515E+01    1.48747E+00
 1.33132E+01    1.46753E+00
 1.34063E+01    1.43810E+00
 1.35000E+01    1.40927E+00
 1.35615E+01    1.38548E+00
 1.36156E+01    1.36500E+00
 1.36630E+01    1.34733E+00
 1.37465E+01    1.31694E+00
 1.38094E+01    1.29461E+00
 1.38568E+01    1.27811E+00
 1.39282E+01    1.25375E+00
 1.40000E+01    1.22985E+00
 1.40615E+01    1.20931E+00
 1.41156E+01    1.19162E+00
 1.41631E+01    1.17635E+00
 1.42466E+01    1.15010E+00
 1.43095E+01    1.13080E+00
 1.43569E+01    1.11654E+00
 1.44283E+01    1.09548E+00
 1.45000E+01    1.07482E+00
 1.45616E+01    1.05515E+00
 1.46157E+01    1.03824E+00
 1.46632E+01    1.02366E+00
 1.47467E+01    9.98635E-01
 1.48096E+01    9.80271E-01
 1.48570E+01    9.66720E-01
 1.49283E+01    9.46744E-01
 1.50000E+01    9.27181E-01
 1.50606E+01    9.13659E-01
 1.51177E+01    9.01162E-01
 1.51714E+01    8.89601E-01
 1.52726E+01    8.68322E-01
 1.53617E+01    8.50121E-01
 1.54400E+01    8.34509E-01
 1.55089E+01    8.21083E-01
 1.55695E+01    8.09513E-01
 1.56760E+01    7.89656E-01
 1.57564E+01    7.75084E-01
 1.58169E+01    7.64332E-01
 1.59082E+01    7.48482E-01
 1.60000E+01    7.32961E-01
 1.61217E+01    7.17153E-01
 1.62290E+01    7.03600E-01
 1.63234E+01    6.91952E-01
 1.64065E+01    6.81919E-01
 1.64795E+01    6.73258E-01
 1.66081E+01    6.58367E-01
 1.67052E+01    6.47415E-01
 1.67784E+01    6.39321E-01
 1.68889E+01    6.27369E-01
 1.70000E+01    6.15640E-01
 1.71219E+01    6.04955E-01
 1.72293E+01    5.95758E-01
 1.73238E+01    5.87826E-01
 1.74904E+01    5.74197E-01
 1.76164E+01    5.64184E-01
 1.77116E+01    5.56788E-01
 1.78552E+01    5.45876E-01
 1.80000E+01    5.35178E-01
 1.81221E+01    5.27913E-01
 1.82295E+01    5.21637E-01
 1.84192E+01    5.10833E-01
 1.85627E+01    5.02877E-01
 1.86711E+01    4.96992E-01
 1.88348E+01    4.88292E-01
 1.90000E+01    4.79745E-01
 1.92452E+01    4.69882E-01
 1.94312E+01    4.62618E-01
 1.95719E+01    4.57244E-01
 1.97848E+01    4.49300E-01
 2.00000E+01    4.41494E-01
 2.02454E+01    4.32500E-01
 2.04315E+01    4.25874E-01
 2.05722E+01    4.20972E-01
 2.07850E+01    4.13724E-01
 2.10000E+01    4.06601E-01
 2.12457E+01    4.00427E-01
 2.14318E+01    3.95858E-01
 2.17140E+01    3.89102E-01
 2.20000E+01    3.82462E-01
 2.22458E+01    3.75853E-01
 2.24320E+01    3.70971E-01
 2.27142E+01    3.63766E-01
 2.30000E+01    3.56702E-01
 2.32460E+01    3.52382E-01
 2.36200E+01    3.45999E-01
 2.40000E+01    3.39732E-01
 2.42462E+01    3.35329E-01
 2.46202E+01    3.28832E-01
 2.50000E+01    3.22461E-01
 2.52463E+01    3.18675E-01
 2.56204E+01    3.13079E-01
 2.60000E+01    3.07582E-01
 2.64953E+01    3.03095E-01
 2.70000E+01    2.98673E-01
 2.72466E+01    2.95040E-01
 2.76207E+01    2.89674E-01
 2.80000E+01    2.84405E-01
 2.84956E+01    2.79750E-01
 2.90000E+01    2.75171E-01
 2.94958E+01    2.72102E-01
 3.00000E+01    2.69067E-01
 3.04880E+01    2.63708E-01
 3.08591E+01    2.59759E-01
 3.11405E+01    2.56835E-01
 3.15673E+01    2.52512E-01
 3.20000E+01    2.48262E-01
 3.24887E+01    2.45155E-01
 3.32358E+01    2.40567E-01
 3.40000E+01    2.36065E-01
 3.42438E+01    2.32857E-01
 3.44585E+01    2.30085E-01
 3.48376E+01    2.25314E-01
 3.51246E+01    2.21801E-01
 3.53415E+01    2.19202E-01
 3.56692E+01    2.15361E-01
 3.60000E+01    2.11587E-01
 3.64899E+01    2.09606E-01
 3.72373E+01    2.06669E-01
 3.80000E+01    2.03774E-01
 3.89872E+01    2.01011E-01
 4.00000E+01    1.98285E-01
 4.04909E+01    1.94298E-01
 4.08630E+01    1.91360E-01
 4.11443E+01    1.89186E-01
 4.15700E+01    1.85971E-01
 4.20000E+01    1.82811E-01
 4.29884E+01    1.81185E-01
 4.40000E+01    1.79574E-01
 4.60000E+01    1.78167E-01
 4.64920E+01    1.74198E-01
 4.68645E+01    1.71280E-01
 4.71459E+01    1.69123E-01
 4.75710E+01    1.65939E-01
 4.80000E+01    1.62815E-01
 4.89898E+01    1.59753E-01
 5.00000E+01    1.56749E-01
 5.20000E+01    1.55608E-01
 5.40000E+01    1.55346E-01
 5.44932E+01    1.52319E-01
 5.48661E+01    1.50088E-01
 5.54301E+01    1.46802E-01
 5.60000E+01    1.43588E-01
 5.64934E+01    1.40862E-01
 5.68664E+01    1.38851E-01
 5.74304E+01    1.35888E-01
 5.80000E+01    1.32989E-01
 5.89915E+01    1.31704E-01
 6.00000E+01    1.30431E-01
