# n + Ac228 : (n,h)     
# eaf.2010   Manhattan project, site A         EVAL-JUN10
# uncertainties: n
# # energies =    32
#   E(MeV)       xs(mb) 
 5.28886E+00    0.00000E+00
 1.50000E+01    4.73762E-12
 1.60000E+01    1.17801E-10
 1.70000E+01    1.77578E-09
 1.80000E+01    1.82508E-08
 1.90000E+01    1.38807E-07
 2.00000E+01    8.29610E-07
 2.10000E+01    4.07848E-06
 2.20000E+01    1.70828E-05
 2.30000E+01    6.26081E-05
 2.40000E+01    2.04678E-04
 2.50000E+01    6.04024E-04
 2.60000E+01    1.62341E-03
 2.70000E+01    3.84777E-03
 2.80000E+01    8.39484E-03
 2.90000E+01    1.64452E-02
 3.00000E+01    2.88137E-02
 3.20000E+01    6.48910E-02
 3.40000E+01    1.04284E-01
 3.60000E+01    1.32673E-01
 3.80000E+01    1.51049E-01
 4.00000E+01    1.56192E-01
 4.20000E+01    1.59615E-01
 4.40000E+01    1.51302E-01
 4.60000E+01    1.47563E-01
 4.80000E+01    1.40011E-01
 5.00000E+01    1.25636E-01
 5.20000E+01    1.20642E-01
 5.40000E+01    1.11672E-01
 5.60000E+01    9.77377E-02
 5.80000E+01    8.67897E-02
 6.00000E+01    8.23173E-02
