# n + Ac228 : (n,a)     
# eaf.2010   Manhattan project, site A         EVAL-JUN10
# uncertainties: n
# # energies =  1724
#   E(MeV)       xs(mb) 
 1.00000E-11    1.64836E-01
 1.02191E-11    1.63060E-01
 1.04359E-11    1.61357E-01
 1.06503E-11    1.59725E-01
 1.08622E-11    1.58159E-01
 1.10715E-11    1.56657E-01
 1.12780E-11    1.55215E-01
 1.14819E-11    1.53832E-01
 1.16828E-11    1.52503E-01
 1.18809E-11    1.51227E-01
 1.22740E-11    1.48785E-01
 1.26544E-11    1.46531E-01
 1.30218E-11    1.44450E-01
 1.33758E-11    1.42525E-01
 1.37165E-11    1.40744E-01
 1.40437E-11    1.39095E-01
 1.43576E-11    1.37566E-01
 1.46582E-11    1.36148E-01
 1.49458E-11    1.34832E-01
 1.52205E-11    1.33610E-01
 1.54826E-11    1.32474E-01
 1.59861E-11    1.30371E-01
 1.64402E-11    1.28558E-01
 1.68480E-11    1.26992E-01
 1.72132E-11    1.25638E-01
 1.75392E-11    1.24465E-01
 1.78295E-11    1.23447E-01
 1.83491E-11    1.21687E-01
 1.87486E-11    1.20384E-01
 1.93643E-11    1.18454E-01
 2.00000E-11    1.16557E-01
 2.04380E-11    1.15301E-01
 2.08715E-11    1.14097E-01
 2.13002E-11    1.12943E-01
 2.17240E-11    1.11836E-01
 2.21425E-11    1.10774E-01
 2.25556E-11    1.09755E-01
 2.29631E-11    1.08777E-01
 2.33649E-11    1.07837E-01
 2.37609E-11    1.06935E-01
 2.45472E-11    1.05209E-01
 2.53080E-11    1.03615E-01
 2.60426E-11    1.02143E-01
 2.67506E-11    1.00782E-01
 2.74319E-11    9.95231E-02
 2.80863E-11    9.83568E-02
 2.87140E-11    9.72758E-02
 2.93152E-11    9.62731E-02
 2.98903E-11    9.53425E-02
 3.04396E-11    9.44783E-02
 3.09638E-11    9.36752E-02
 3.19710E-11    9.21878E-02
 3.28791E-11    9.09058E-02
 3.36949E-11    8.97986E-02
 3.44253E-11    8.88409E-02
 3.50773E-11    8.80114E-02
 3.56579E-11    8.72918E-02
 3.66972E-11    8.60469E-02
 3.74965E-11    8.51249E-02
 3.87281E-11    8.37604E-02
 4.00000E-11    8.24179E-02
 4.08760E-11    8.15300E-02
 4.17429E-11    8.06790E-02
 4.26002E-11    7.98630E-02
 4.34475E-11    7.90805E-02
 4.42844E-11    7.83297E-02
 4.51106E-11    7.76091E-02
 4.59256E-11    7.69174E-02
 4.67291E-11    7.62532E-02
 4.75210E-11    7.56152E-02
 4.90935E-11    7.43943E-02
 5.06150E-11    7.32676E-02
 5.20841E-11    7.22269E-02
 5.35002E-11    7.12646E-02
 5.48627E-11    7.03742E-02
 5.61715E-11    6.95495E-02
 5.74268E-11    6.87851E-02
 5.86292E-11    6.80761E-02
 5.97793E-11    6.74181E-02
 6.08780E-11    6.68069E-02
 6.19263E-11    6.62391E-02
 6.39407E-11    6.51873E-02
 6.57570E-11    6.42807E-02
 6.73886E-11    6.34978E-02
 6.88493E-11    6.28206E-02
 7.01535E-11    6.22339E-02
 7.13148E-11    6.17251E-02
 7.33935E-11    6.08447E-02
 7.49922E-11    6.01927E-02
 7.74557E-11    5.92277E-02
 8.00000E-11    5.82783E-02
 8.17519E-11    5.76505E-02
 8.34856E-11    5.70487E-02
 8.52002E-11    5.64718E-02
 8.68948E-11    5.59184E-02
 8.85686E-11    5.53875E-02
 9.02208E-11    5.48780E-02
 9.18508E-11    5.43889E-02
 9.34579E-11    5.39192E-02
 9.50416E-11    5.34681E-02
 9.81869E-11    5.26047E-02
 1.01231E-10    5.18079E-02
 1.04170E-10    5.10718E-02
 1.07002E-10    5.03912E-02
 1.09728E-10    4.97614E-02
 1.12346E-10    4.91782E-02
 1.14858E-10    4.86376E-02
 1.17263E-10    4.81361E-02
 1.19564E-10    4.76708E-02
 1.21761E-10    4.72386E-02
 1.23859E-10    4.68369E-02
 1.27887E-10    4.60933E-02
 1.31520E-10    4.54522E-02
 1.34783E-10    4.48987E-02
 1.37705E-10    4.44198E-02
 1.40313E-10    4.40050E-02
 1.42636E-10    4.36453E-02
 1.46793E-10    4.30229E-02
 1.49989E-10    4.25620E-02
 1.54914E-10    4.18799E-02
 1.60000E-10    4.12090E-02
 1.63505E-10    4.07649E-02
 1.66973E-10    4.03394E-02
 1.70403E-10    3.99313E-02
 1.73792E-10    3.95400E-02
 1.77140E-10    3.91645E-02
 1.80445E-10    3.88042E-02
 1.83706E-10    3.84583E-02
 1.86921E-10    3.81261E-02
 1.90089E-10    3.78071E-02
 1.96379E-10    3.71966E-02
 2.02466E-10    3.66333E-02
 2.08343E-10    3.61129E-02
 2.14007E-10    3.56318E-02
 2.19457E-10    3.51865E-02
 2.24693E-10    3.47742E-02
 2.29714E-10    3.43920E-02
 2.34524E-10    3.40375E-02
 2.39125E-10    3.37085E-02
 2.43520E-10    3.34029E-02
 2.47713E-10    3.31190E-02
 2.55771E-10    3.25931E-02
 2.63036E-10    3.21399E-02
 2.69562E-10    3.17485E-02
 2.75404E-10    3.14099E-02
 2.80620E-10    3.11166E-02
 2.85266E-10    3.08622E-02
 2.93579E-10    3.04221E-02
 2.99973E-10    3.00961E-02
 3.09825E-10    2.96137E-02
 3.20000E-10    2.91391E-02
 3.27008E-10    2.88252E-02
 3.33943E-10    2.85243E-02
 3.40802E-10    2.82358E-02
 3.47581E-10    2.79591E-02
 3.54276E-10    2.76937E-02
 3.60886E-10    2.74389E-02
 3.67406E-10    2.71943E-02
 3.73835E-10    2.69595E-02
 3.80170E-10    2.67339E-02
 3.92750E-10    2.63023E-02
 4.04922E-10    2.59040E-02
 4.16675E-10    2.55360E-02
 4.28003E-10    2.51958E-02
 4.38903E-10    2.48810E-02
 4.49374E-10    2.45894E-02
 4.59417E-10    2.43191E-02
 4.69036E-10    2.40685E-02
 4.78237E-10    2.38358E-02
 4.87026E-10    2.36198E-02
 4.95413E-10    2.34190E-02
 5.11528E-10    2.30471E-02
 5.26059E-10    2.27266E-02
 5.39111E-10    2.24498E-02
 5.50797E-10    2.22104E-02
 5.61230E-10    2.20030E-02
 5.70521E-10    2.18231E-02
 5.87150E-10    2.15118E-02
 5.99939E-10    2.12813E-02
 6.19647E-10    2.09401E-02
 6.40000E-10    2.06045E-02
 6.54015E-10    2.03825E-02
 6.67885E-10    2.01698E-02
 6.81602E-10    1.99658E-02
 6.95158E-10    1.97701E-02
 7.08548E-10    1.95824E-02
 7.21766E-10    1.94023E-02
 7.34805E-10    1.92294E-02
 7.47662E-10    1.90633E-02
 7.60331E-10    1.89038E-02
 7.85491E-10    1.85986E-02
 8.09834E-10    1.83170E-02
 8.33340E-10    1.80568E-02
 8.55997E-10    1.78162E-02
 8.77796E-10    1.75936E-02
 8.98737E-10    1.73874E-02
 9.18822E-10    1.71963E-02
 9.38060E-10    1.70191E-02
 9.56461E-10    1.68546E-02
 9.74040E-10    1.67018E-02
 9.90813E-10    1.65598E-02
 1.02304E-09    1.62969E-02
 1.05210E-09    1.60702E-02
 1.07821E-09    1.58745E-02
 1.10158E-09    1.57052E-02
 1.12245E-09    1.55585E-02
 1.14103E-09    1.54313E-02
 1.17429E-09    1.52112E-02
 1.19987E-09    1.50482E-02
 1.23929E-09    1.48069E-02
 1.28000E-09    1.45696E-02
 1.30803E-09    1.44126E-02
 1.33577E-09    1.42622E-02
 1.36320E-09    1.41179E-02
 1.39031E-09    1.39796E-02
 1.41709E-09    1.38469E-02
 1.44353E-09    1.37195E-02
 1.46960E-09    1.35973E-02
 1.49532E-09    1.34799E-02
 1.52065E-09    1.33671E-02
 1.57097E-09    1.31512E-02
 1.61966E-09    1.29521E-02
 1.66667E-09    1.27681E-02
 1.71198E-09    1.25980E-02
 1.75558E-09    1.24406E-02
 1.79746E-09    1.22948E-02
 1.83763E-09    1.21597E-02
 1.87611E-09    1.20344E-02
 1.91291E-09    1.19180E-02
 1.94807E-09    1.18100E-02
 1.98161E-09    1.17096E-02
 2.04607E-09    1.15237E-02
 2.10420E-09    1.13634E-02
 2.15641E-09    1.12250E-02
 2.20315E-09    1.11053E-02
 2.24489E-09    1.10016E-02
 2.28205E-09    1.09116E-02
 2.34857E-09    1.07560E-02
 2.39973E-09    1.06407E-02
 2.47857E-09    1.04701E-02
 2.56000E-09    1.03022E-02
 2.61606E-09    1.01913E-02
 2.67153E-09    1.00849E-02
 2.72640E-09    9.98290E-03
 2.78062E-09    9.88509E-03
 2.83418E-09    9.79124E-03
 2.88705E-09    9.70118E-03
 2.93920E-09    9.61472E-03
 2.99063E-09    9.53170E-03
 3.04130E-09    9.45196E-03
 3.14194E-09    9.29935E-03
 3.23931E-09    9.15852E-03
 3.33333E-09    9.02843E-03
 3.42396E-09    8.90815E-03
 3.51115E-09    8.79684E-03
 3.59491E-09    8.69375E-03
 3.67525E-09    8.59820E-03
 3.75220E-09    8.50958E-03
 3.82581E-09    8.42733E-03
 3.89612E-09    8.35094E-03
 3.96321E-09    8.27995E-03
 4.09214E-09    8.14848E-03
 4.20838E-09    8.03515E-03
 4.31280E-09    7.93728E-03
 4.40629E-09    7.85262E-03
 4.48976E-09    7.77929E-03
 4.56409E-09    7.71568E-03
 4.69714E-09    7.60562E-03
 4.79946E-09    7.52411E-03
 4.95714E-09    7.40348E-03
 5.12000E-09    7.28478E-03
 5.23211E-09    7.20631E-03
 5.34307E-09    7.13110E-03
 5.45279E-09    7.05898E-03
 5.56124E-09    6.98982E-03
 5.66835E-09    6.92346E-03
 5.77409E-09    6.85977E-03
 5.87840E-09    6.79864E-03
 5.98124E-09    6.73993E-03
 6.08259E-09    6.68355E-03
 6.28387E-09    6.57564E-03
 6.47861E-09    6.47606E-03
 6.66665E-09    6.38407E-03
 6.84790E-09    6.29902E-03
 7.02229E-09    6.22031E-03
 7.18982E-09    6.14742E-03
 7.35050E-09    6.07985E-03
 7.50440E-09    6.01719E-03
 7.65160E-09    5.95903E-03
 7.79223E-09    5.90501E-03
 7.92641E-09    5.85482E-03
 8.18426E-09    5.76185E-03
 8.41675E-09    5.68171E-03
 8.62559E-09    5.61251E-03
 8.81258E-09    5.55265E-03
 8.97951E-09    5.50079E-03
 9.12817E-09    5.45581E-03
 9.39426E-09    5.37799E-03
 9.59891E-09    5.32035E-03
 9.91428E-09    5.23505E-03
 1.02400E-08    5.15112E-03
 1.04642E-08    5.09563E-03
 1.06861E-08    5.04245E-03
 1.09056E-08    4.99145E-03
 1.11225E-08    4.94255E-03
 1.13367E-08    4.89562E-03
 1.15482E-08    4.85059E-03
 1.17568E-08    4.80736E-03
 1.19625E-08    4.76586E-03
 1.21652E-08    4.72598E-03
 1.25677E-08    4.64968E-03
 1.29572E-08    4.57926E-03
 1.33333E-08    4.51422E-03
 1.36958E-08    4.45408E-03
 1.40446E-08    4.39843E-03
 1.43796E-08    4.34688E-03
 1.47010E-08    4.29911E-03
 1.50088E-08    4.25480E-03
 1.53032E-08    4.21367E-03
 1.55844E-08    4.17548E-03
 1.58528E-08    4.13998E-03
 1.63685E-08    4.07424E-03
 1.68335E-08    4.01758E-03
 1.72512E-08    3.96864E-03
 1.76251E-08    3.92631E-03
 1.79590E-08    3.88965E-03
 1.82563E-08    3.85784E-03
 1.87885E-08    3.80281E-03
 1.91978E-08    3.76206E-03
 1.98285E-08    3.70174E-03
 2.04800E-08    3.64239E-03
 2.10283E-08    3.59459E-03
 2.15201E-08    3.55328E-03
 2.19598E-08    3.51753E-03
 2.23519E-08    3.48654E-03
 2.30551E-08    3.43296E-03
 2.35969E-08    3.39331E-03
 2.40116E-08    3.36388E-03
 2.46474E-08    3.32021E-03
 2.53000E-08    3.27711E-03
 2.58994E-08    3.23897E-03
 2.64742E-08    3.20361E-03
 2.70247E-08    3.17082E-03
 2.75511E-08    3.14038E-03
 2.80540E-08    3.11210E-03
 2.85338E-08    3.08583E-03
 2.94556E-08    3.03716E-03
 3.02865E-08    2.99520E-03
 3.10328E-08    2.95897E-03
 3.17009E-08    2.92762E-03
 3.22973E-08    2.90047E-03
 3.33680E-08    2.85355E-03
 3.41943E-08    2.81886E-03
 3.48274E-08    2.79312E-03
 3.57992E-08    2.75495E-03
 3.67980E-08    2.71731E-03
 3.76038E-08    2.82532E-03
 3.84012E-08    2.93404E-03
 3.91898E-08    3.04336E-03
 3.99692E-08    3.15315E-03
 4.07390E-08    3.26328E-03
 4.14990E-08    3.37363E-03
 4.22486E-08    3.48410E-03
 4.29878E-08    3.59456E-03
 4.37162E-08    3.70490E-03
 4.44336E-08    3.81503E-03
 4.51398E-08    3.92484E-03
 4.58347E-08    4.03423E-03
 4.65180E-08    4.14310E-03
 4.71897E-08    4.25138E-03
 4.78496E-08    4.35897E-03
 4.84977E-08    4.46579E-03
 4.91340E-08    4.57177E-03
 4.97583E-08    4.67684E-03
 5.03707E-08    4.78092E-03
 5.09711E-08    4.88396E-03
 5.21548E-08    5.08997E-03
 5.32895E-08    5.29098E-03
 5.43757E-08    5.48663E-03
 5.54142E-08    5.67663E-03
 5.64057E-08    5.86071E-03
 5.73513E-08    6.03871E-03
 5.82523E-08    6.21050E-03
 5.91098E-08    6.37598E-03
 5.99251E-08    6.53512E-03
 6.06997E-08    6.68792E-03
 6.14350E-08    6.83441E-03
 6.28378E-08    7.11779E-03
 6.40914E-08    7.37537E-03
 6.52089E-08    7.60839E-03
 6.62026E-08    7.81831E-03
 6.70846E-08    8.00673E-03
 6.86563E-08    8.34747E-03
 6.98593E-08    8.61251E-03
 7.07753E-08    8.81679E-03
 7.21719E-08    9.13234E-03
 7.35960E-08    9.45918E-03
 7.52075E-08    9.83518E-03
 7.68024E-08    1.02137E-02
 7.83796E-08    1.05942E-02
 7.99384E-08    1.09764E-02
 8.14781E-08    1.13598E-02
 8.29979E-08    1.17439E-02
 8.44973E-08    1.21284E-02
 8.59756E-08    1.25130E-02
 8.74324E-08    1.28971E-02
 8.88672E-08    1.32805E-02
 9.02796E-08    1.36627E-02
 9.16693E-08    1.40435E-02
 9.30360E-08    1.44225E-02
 9.43793E-08    1.47994E-02
 9.56992E-08    1.51739E-02
 9.69955E-08    1.55458E-02
 9.82679E-08    1.59147E-02
 9.95166E-08    1.62805E-02
 1.00741E-07    1.66428E-02
 1.01942E-07    1.70015E-02
 1.04310E-07    1.77186E-02
 1.06579E-07    1.84184E-02
 1.08751E-07    1.90995E-02
 1.10828E-07    1.97608E-02
 1.12811E-07    2.04017E-02
 1.14703E-07    2.10213E-02
 1.16505E-07    2.16193E-02
 1.18220E-07    2.21953E-02
 1.19850E-07    2.27493E-02
 1.21399E-07    2.32812E-02
 1.22870E-07    2.37912E-02
 1.25676E-07    2.47777E-02
 1.28183E-07    2.56743E-02
 1.30418E-07    2.64855E-02
 1.32405E-07    2.72162E-02
 1.34169E-07    2.78721E-02
 1.37313E-07    2.90583E-02
 1.39719E-07    2.99809E-02
 1.41551E-07    3.06920E-02
 1.44344E-07    3.17905E-02
 1.47192E-07    3.29283E-02
 1.49259E-07    3.37651E-02
 1.51224E-07    3.45690E-02
 1.53089E-07    3.53400E-02
 1.56648E-07    3.68323E-02
 1.59830E-07    3.81896E-02
 1.62667E-07    3.94182E-02
 1.65191E-07    4.05257E-02
 1.67432E-07    4.15202E-02
 1.71426E-07    4.33197E-02
 1.74484E-07    4.47203E-02
 1.76814E-07    4.58004E-02
 1.80366E-07    4.74696E-02
 1.83990E-07    4.91997E-02
 1.88019E-07    4.86692E-02
 1.92006E-07    4.81607E-02
 1.95949E-07    4.76732E-02
 1.99846E-07    4.72057E-02
 2.03695E-07    4.67571E-02
 2.07495E-07    4.63267E-02
 2.11243E-07    4.59134E-02
 2.14939E-07    4.55166E-02
 2.18581E-07    4.51354E-02
 2.25814E-07    4.44060E-02
 2.32812E-07    4.37329E-02
 2.39569E-07    4.31111E-02
 2.46083E-07    4.25362E-02
 2.52350E-07    4.20042E-02
 2.58370E-07    4.15115E-02
 2.64144E-07    4.10549E-02
 2.69674E-07    4.06313E-02
 2.74964E-07    4.02382E-02
 2.80017E-07    3.98731E-02
 2.84839E-07    3.95339E-02
 2.94105E-07    3.89055E-02
 3.02460E-07    3.83639E-02
 3.09965E-07    3.78962E-02
 3.16684E-07    3.74916E-02
 3.22683E-07    3.71412E-02
 3.28025E-07    3.68372E-02
 3.37588E-07    3.63113E-02
 3.44942E-07    3.59217E-02
 3.56275E-07    3.53452E-02
 3.67980E-07    3.47780E-02
 3.76038E-07    3.44030E-02
 3.84012E-07    3.40436E-02
 3.91898E-07    3.36990E-02
 3.99692E-07    3.33685E-02
 4.07390E-07    3.30514E-02
 4.14990E-07    3.27471E-02
 4.22486E-07    3.24550E-02
 4.29878E-07    3.21745E-02
 4.37162E-07    3.19051E-02
 4.51628E-07    3.13895E-02
 4.65624E-07    3.09137E-02
 4.79139E-07    3.04742E-02
 4.92165E-07    3.00678E-02
 5.04699E-07    2.96917E-02
 5.16739E-07    2.93435E-02
 5.28287E-07    2.90207E-02
 5.39348E-07    2.87213E-02
 5.49928E-07    2.84434E-02
 5.60035E-07    2.81853E-02
 5.69679E-07    2.79455E-02
 5.88211E-07    2.75013E-02
 6.04920E-07    2.71185E-02
 6.19930E-07    2.67879E-02
 6.33369E-07    2.65019E-02
 6.45366E-07    2.62542E-02
 6.56051E-07    2.60393E-02
 6.75175E-07    2.56675E-02
 6.89884E-07    2.53922E-02
 7.12550E-07    2.49847E-02
 7.35960E-07    2.45837E-02
 7.50198E-07    2.43491E-02
 7.63796E-07    2.41311E-02
 7.76768E-07    2.39286E-02
 8.01687E-07    2.35534E-02
 8.24146E-07    2.32300E-02
 8.44313E-07    2.29506E-02
 8.62364E-07    2.27089E-02
 8.78475E-07    2.24995E-02
 9.07396E-07    2.21377E-02
 9.29711E-07    2.18702E-02
 9.46806E-07    2.16717E-02
 9.73039E-07    2.13772E-02
 1.00000E-06    2.10868E-02
 1.02190E-06    2.08587E-02
 1.04357E-06    2.06400E-02
 1.06500E-06    2.04304E-02
 1.08618E-06    2.02293E-02
 1.10710E-06    2.00364E-02
 1.12775E-06    1.98513E-02
 1.14812E-06    1.96736E-02
 1.16821E-06    1.95030E-02
 1.18800E-06    1.93391E-02
 1.22732E-06    1.90255E-02
 1.26535E-06    1.87362E-02
 1.30208E-06    1.84689E-02
 1.33748E-06    1.82217E-02
 1.37154E-06    1.79930E-02
 1.40426E-06    1.77813E-02
 1.43564E-06    1.75850E-02
 1.46570E-06    1.74030E-02
 1.49445E-06    1.72340E-02
 1.52192E-06    1.70771E-02
 1.54812E-06    1.69313E-02
 1.59849E-06    1.66613E-02
 1.64389E-06    1.64285E-02
 1.68468E-06    1.62275E-02
 1.72120E-06    1.60537E-02
 1.75381E-06    1.59031E-02
 1.78284E-06    1.57725E-02
 1.83482E-06    1.55465E-02
 1.87479E-06    1.53792E-02
 1.93638E-06    1.51315E-02
 2.00000E-06    1.48879E-02
 2.04379E-06    1.47268E-02
 2.08713E-06    1.45724E-02
 2.13000E-06    1.44244E-02
 2.17236E-06    1.42825E-02
 2.21420E-06    1.41463E-02
 2.25550E-06    1.40156E-02
 2.29625E-06    1.38901E-02
 2.33642E-06    1.37697E-02
 2.37601E-06    1.36540E-02
 2.45463E-06    1.34326E-02
 2.53070E-06    1.32282E-02
 2.60416E-06    1.30395E-02
 2.67496E-06    1.28650E-02
 2.74308E-06    1.27036E-02
 2.80852E-06    1.25541E-02
 2.87128E-06    1.24155E-02
 2.93140E-06    1.22869E-02
 2.98890E-06    1.21677E-02
 3.04383E-06    1.20569E-02
 3.09625E-06    1.19539E-02
 3.19697E-06    1.17633E-02
 3.28779E-06    1.15990E-02
 3.36937E-06    1.14571E-02
 3.44241E-06    1.13344E-02
 3.50762E-06    1.12280E-02
 3.56569E-06    1.11358E-02
 3.66963E-06    1.09763E-02
 3.74957E-06    1.08581E-02
 3.87276E-06    1.06833E-02
 4.00000E-06    1.05113E-02
 4.08759E-06    1.03975E-02
 4.17427E-06    1.02885E-02
 4.25999E-06    1.01840E-02
 4.34472E-06    1.00838E-02
 4.42840E-06    9.98766E-03
 4.51100E-06    9.89538E-03
 4.59249E-06    9.80681E-03
 4.67284E-06    9.72176E-03
 4.75202E-06    9.64007E-03
 4.90926E-06    9.48375E-03
 5.06140E-06    9.33950E-03
 5.20832E-06    9.20625E-03
 5.34991E-06    9.08307E-03
 5.48616E-06    8.96908E-03
 5.61703E-06    8.86351E-03
 5.74257E-06    8.76567E-03
 5.86280E-06    8.67493E-03
 5.97780E-06    8.59071E-03
 6.08767E-06    8.51249E-03
 6.19250E-06    8.43982E-03
 6.39394E-06    8.30521E-03
 6.57558E-06    8.18920E-03
 6.73874E-06    8.08902E-03
 6.88482E-06    8.00236E-03
 7.01523E-06    7.92730E-03
 7.13137E-06    7.86220E-03
 7.33926E-06    7.74956E-03
 7.49914E-06    7.66614E-03
 7.74553E-06    7.54269E-03
 8.00000E-06    7.42123E-03
 8.17518E-06    7.34094E-03
 8.34854E-06    7.26398E-03
 8.51998E-06    7.19020E-03
 8.68943E-06    7.11944E-03
 8.85679E-06    7.05156E-03
 9.02200E-06    6.98641E-03
 9.18499E-06    6.92387E-03
 9.34568E-06    6.86383E-03
 9.50404E-06    6.80615E-03
 9.81853E-06    6.69578E-03
 1.01228E-05    6.59394E-03
 1.04166E-05    6.49987E-03
 1.06998E-05    6.41289E-03
 1.09723E-05    6.33241E-03
 1.12341E-05    6.25788E-03
 1.14851E-05    6.18880E-03
 1.17256E-05    6.12473E-03
 1.19556E-05    6.06527E-03
 1.21753E-05    6.01005E-03
 1.23850E-05    5.95874E-03
 1.27879E-05    5.86371E-03
 1.31512E-05    5.78180E-03
 1.34775E-05    5.71107E-03
 1.37696E-05    5.64989E-03
 1.40305E-05    5.59689E-03
 1.42627E-05    5.55093E-03
 1.46785E-05    5.47140E-03
 1.49983E-05    5.41250E-03
 1.54911E-05    5.32534E-03
 1.60000E-05    5.23959E-03
 1.63504E-05    5.18290E-03
 1.66971E-05    5.12857E-03
 1.70400E-05    5.07648E-03
 1.73789E-05    5.02652E-03
 1.77136E-05    4.97859E-03
 1.80440E-05    4.93260E-03
 1.83700E-05    4.88844E-03
 1.86914E-05    4.84605E-03
 1.90081E-05    4.80533E-03
 1.96371E-05    4.72741E-03
 2.02456E-05    4.65550E-03
 2.08333E-05    4.58908E-03
 2.13997E-05    4.52768E-03
 2.19446E-05    4.47086E-03
 2.24681E-05    4.41823E-03
 2.29703E-05    4.36946E-03
 2.34512E-05    4.32423E-03
 2.39112E-05    4.28225E-03
 2.43507E-05    4.24326E-03
 2.47700E-05    4.20703E-03
 2.55758E-05    4.13994E-03
 2.63023E-05    4.08211E-03
 2.69549E-05    4.03217E-03
 2.75393E-05    3.98897E-03
 2.80609E-05    3.95156E-03
 2.85255E-05    3.91911E-03
 2.93570E-05    3.86296E-03
 2.99966E-05    3.82137E-03
 3.09821E-05    3.75984E-03
 3.20000E-05    3.69929E-03
 3.27007E-05    3.65927E-03
 3.33941E-05    3.62091E-03
 3.40799E-05    3.58413E-03
 3.47577E-05    3.54886E-03
 3.54272E-05    3.51502E-03
 3.60880E-05    3.48255E-03
 3.67399E-05    3.45138E-03
 3.73827E-05    3.42144E-03
 3.80162E-05    3.39269E-03
 3.92741E-05    3.33768E-03
 4.04912E-05    3.28691E-03
 4.16665E-05    3.24002E-03
 4.27993E-05    3.19666E-03
 4.38893E-05    3.15655E-03
 4.49363E-05    3.11939E-03
 4.59405E-05    3.08496E-03
 4.69024E-05    3.05302E-03
 4.78224E-05    3.02338E-03
 4.87013E-05    2.99586E-03
 4.95400E-05    2.97028E-03
 5.11516E-05    2.92291E-03
 5.26046E-05    2.88208E-03
 5.39099E-05    2.84682E-03
 5.50785E-05    2.81632E-03
 5.61219E-05    2.78991E-03
 5.70510E-05    2.76700E-03
 5.87141E-05    2.72735E-03
 5.99932E-05    2.69799E-03
 6.19642E-05    2.65455E-03
 6.40000E-05    2.61180E-03
 6.54014E-05    2.58354E-03
 6.67883E-05    2.55646E-03
 6.81599E-05    2.53050E-03
 6.95155E-05    2.50559E-03
 7.08544E-05    2.48170E-03
 7.21760E-05    2.45877E-03
 7.34799E-05    2.43677E-03
 7.47655E-05    2.41563E-03
 7.60323E-05    2.39533E-03
 7.85482E-05    2.35649E-03
 8.09825E-05    2.32065E-03
 8.33330E-05    2.28754E-03
 8.55986E-05    2.25693E-03
 8.77785E-05    2.22861E-03
 8.98725E-05    2.20238E-03
 9.18811E-05    2.17807E-03
 9.38048E-05    2.15552E-03
 9.56448E-05    2.13459E-03
 9.74027E-05    2.11516E-03
 9.90800E-05    2.09710E-03
 1.02303E-04    2.06365E-03
 1.05209E-04    2.03483E-03
 1.07820E-04    2.00993E-03
 1.10157E-04    1.98840E-03
 1.12244E-04    1.96975E-03
 1.14102E-04    1.95358E-03
 1.17428E-04    1.92559E-03
 1.19986E-04    1.90486E-03
 1.23928E-04    1.87418E-03
 1.28000E-04    1.84400E-03
 1.30803E-04    1.82405E-03
 1.33577E-04    1.80493E-03
 1.36320E-04    1.78660E-03
 1.39031E-04    1.76902E-03
 1.41709E-04    1.75215E-03
 1.44352E-04    1.73596E-03
 1.46960E-04    1.72042E-03
 1.49531E-04    1.70550E-03
 1.52065E-04    1.69117E-03
 1.57096E-04    1.66375E-03
 1.61965E-04    1.63844E-03
 1.66666E-04    1.61507E-03
 1.71197E-04    1.59345E-03
 1.75557E-04    1.57346E-03
 1.79745E-04    1.55494E-03
 1.83762E-04    1.53777E-03
 1.87610E-04    1.52185E-03
 1.91290E-04    1.50708E-03
 1.94805E-04    1.49336E-03
 1.98160E-04    1.48061E-03
 2.04606E-04    1.45700E-03
 2.10419E-04    1.43664E-03
 2.15640E-04    1.41907E-03
 2.20314E-04    1.40387E-03
 2.24487E-04    1.39070E-03
 2.28204E-04    1.37928E-03
 2.34856E-04    1.35952E-03
 2.39973E-04    1.34488E-03
 2.47857E-04    1.32322E-03
 2.56000E-04    1.30192E-03
 2.61606E-04    1.28783E-03
 2.67153E-04    1.27433E-03
 2.72640E-04    1.26139E-03
 2.78062E-04    1.24897E-03
 2.83417E-04    1.23707E-03
 2.88704E-04    1.22564E-03
 2.93920E-04    1.21467E-03
 2.99062E-04    1.20413E-03
 3.04129E-04    1.19401E-03
 3.14193E-04    1.17465E-03
 3.23930E-04    1.15678E-03
 3.33332E-04    1.14028E-03
 3.42394E-04    1.12502E-03
 3.51114E-04    1.11090E-03
 3.59490E-04    1.09783E-03
 3.67524E-04    1.08571E-03
 3.75219E-04    1.07447E-03
 3.82579E-04    1.06404E-03
 3.89611E-04    1.05435E-03
 3.96320E-04    1.04535E-03
 4.09212E-04    1.02868E-03
 4.20837E-04    1.01431E-03
 4.31279E-04    1.00190E-03
 4.40628E-04    9.91168E-04
 4.48975E-04    9.81871E-04
 4.56408E-04    9.73807E-04
 4.69713E-04    9.59856E-04
 4.79945E-04    9.49523E-04
 4.95714E-04    9.34233E-04
 5.12000E-04    9.19188E-04
 5.22824E-04    9.09582E-04
 5.33527E-04    9.00372E-04
 5.44105E-04    8.91538E-04
 5.54553E-04    8.83063E-04
 5.64865E-04    8.74930E-04
 5.75038E-04    8.67122E-04
 5.85067E-04    8.59625E-04
 5.94950E-04    8.52424E-04
 6.14576E-04    8.38643E-04
 6.33563E-04    8.25925E-04
 6.51895E-04    8.14178E-04
 6.69563E-04    8.03317E-04
 6.86562E-04    7.93266E-04
 7.02890E-04    7.83958E-04
 7.18550E-04    7.75330E-04
 7.33548E-04    7.67328E-04
 7.47892E-04    7.59902E-04
 7.61595E-04    7.53004E-04
 7.74669E-04    7.46595E-04
 7.99791E-04    7.34724E-04
 8.22441E-04    7.24492E-04
 8.42785E-04    7.15656E-04
 8.60998E-04    7.08013E-04
 8.77257E-04    7.01392E-04
 8.91735E-04    6.95649E-04
 9.17650E-04    6.85713E-04
 9.37579E-04    6.78354E-04
 9.68286E-04    6.67464E-04
 1.00000E-03    6.56748E-04
 1.02190E-03    6.49874E-04
 1.04357E-03    6.43283E-04
 1.06500E-03    6.36963E-04
 1.08618E-03    6.30898E-04
 1.10710E-03    6.25079E-04
 1.12775E-03    6.19492E-04
 1.14812E-03    6.14128E-04
 1.16821E-03    6.08976E-04
 1.18800E-03    6.04025E-04
 1.22732E-03    5.94549E-04
 1.26535E-03    5.85800E-04
 1.30208E-03    5.77714E-04
 1.33748E-03    5.70235E-04
 1.37154E-03    5.63312E-04
 1.40426E-03    5.56897E-04
 1.43564E-03    5.50950E-04
 1.46570E-03    5.45433E-04
 1.49445E-03    5.40310E-04
 1.52192E-03    5.35551E-04
 1.54812E-03    5.31128E-04
 1.59849E-03    5.22933E-04
 1.64389E-03    5.15865E-04
 1.68468E-03    5.09760E-04
 1.72120E-03    5.04477E-04
 1.75381E-03    4.99899E-04
 1.81236E-03    4.91988E-04
 1.85755E-03    4.86137E-04
 1.89218E-03    4.81795E-04
 1.94534E-03    4.75353E-04
 2.00000E-03    4.68998E-04
 2.04379E-03    4.64460E-04
 2.08713E-03    4.60106E-04
 2.13000E-03    4.55927E-04
 2.17236E-03    4.51914E-04
 2.21420E-03    4.48061E-04
 2.25550E-03    4.44359E-04
 2.29625E-03    4.40802E-04
 2.37730E-03    4.33992E-04
 2.45588E-03    4.27702E-04
 2.53191E-03    4.21889E-04
 2.60532E-03    4.16511E-04
 2.67608E-03    4.11531E-04
 2.74416E-03    4.06916E-04
 2.80955E-03    4.02637E-04
 2.87227E-03    3.98666E-04
 2.93235E-03    3.94979E-04
 2.98981E-03    3.91554E-04
 3.04470E-03    3.88369E-04
 3.15035E-03    3.82468E-04
 3.24580E-03    3.77377E-04
 3.33168E-03    3.72979E-04
 3.40870E-03    3.69173E-04
 3.47754E-03    3.65874E-04
 3.60138E-03    3.60172E-04
 3.69715E-03    3.55954E-04
 3.77064E-03    3.52823E-04
 3.88363E-03    3.48178E-04
 4.00000E-03    3.43594E-04
 4.11314E-03    3.39319E-04
 4.21476E-03    3.35622E-04
 4.30574E-03    3.32420E-04
 4.38695E-03    3.29643E-04
 4.53278E-03    3.24840E-04
 4.64533E-03    3.21283E-04
 4.73156E-03    3.18641E-04
 4.86393E-03    3.14719E-04
 5.00000E-03    3.10845E-04
 5.10949E-03    3.08348E-04
 5.21784E-03    3.05947E-04
 5.32499E-03    3.03639E-04
 5.53890E-03    2.99217E-04
 5.74725E-03    2.95130E-04
 5.94968E-03    2.91349E-04
 6.14593E-03    2.87849E-04
 6.33579E-03    2.84605E-04
 6.51911E-03    2.81597E-04
 6.69579E-03    2.78807E-04
 6.86577E-03    2.76215E-04
 7.02904E-03    2.73808E-04
 7.18563E-03    2.71570E-04
 7.33561E-03    2.69489E-04
 7.62529E-03    2.65629E-04
 7.88814E-03    2.62297E-04
 8.12555E-03    2.59416E-04
 8.33914E-03    2.56921E-04
 8.53063E-03    2.54757E-04
 8.70178E-03    2.52879E-04
 9.00962E-03    2.49626E-04
 9.24761E-03    2.47213E-04
 9.61645E-03    2.43638E-04
 1.00000E-02    2.40115E-04
 1.04427E-02    2.37454E-04
 1.08756E-02    2.34986E-04
 1.12977E-02    2.32695E-04
 1.17082E-02    2.30568E-04
 1.21067E-02    2.28591E-04
 1.24925E-02    2.26754E-04
 1.28654E-02    2.25045E-04
 1.32251E-02    2.23454E-04
 1.35715E-02    2.21973E-04
 1.42455E-02    2.19222E-04
 1.48626E-02    2.16843E-04
 1.54246E-02    2.14783E-04
 1.59336E-02    2.12996E-04
 1.63928E-02    2.11445E-04
 1.72285E-02    2.08758E-04
 1.78831E-02    2.06764E-04
 1.83904E-02    2.05282E-04
 1.91783E-02    2.03079E-04
 2.00000E-02    2.00899E-04
 2.37841E-02    2.01777E-04
 2.70851E-02    2.02439E-04
 2.98582E-02    2.02937E-04
 3.45590E-02    2.03686E-04
 4.00000E-02    2.04437E-04
 4.47214E-02    2.05013E-04
 5.00000E-02    2.05590E-04
 5.45254E-02    2.04190E-04
 5.88199E-02    2.02972E-04
 6.28541E-02    2.01913E-04
 6.66104E-02    2.00990E-04
 7.00808E-02    2.00187E-04
 7.65948E-02    1.98788E-04
 8.18746E-02    1.97745E-04
 8.60720E-02    1.96967E-04
 9.27750E-02    1.95805E-04
 1.00000E-01    1.94650E-04
 1.02190E-01    1.93239E-04
 1.06570E-01    1.90533E-04
 1.10846E-01    1.88031E-04
 1.15011E-01    1.85715E-04
 1.19058E-01    1.83569E-04
 1.22981E-01    1.81581E-04
 1.26776E-01    1.79736E-04
 1.30440E-01    1.78023E-04
 1.33972E-01    1.76432E-04
 1.37369E-01    1.74954E-04
 1.40632E-01    1.73579E-04
 1.43762E-01    1.72300E-04
 1.49819E-01    1.69928E-04
 1.55328E-01    1.67878E-04
 1.60315E-01    1.66105E-04
 1.64809E-01    1.64569E-04
 1.68844E-01    1.63237E-04
 1.72456E-01    1.62080E-04
 1.78965E-01    1.60075E-04
 1.84006E-01    1.58588E-04
 1.91837E-01    1.56383E-04
 2.00000E-01    1.54208E-04
 2.05133E-01    1.52017E-04
 2.10065E-01    1.49992E-04
 2.14796E-01    1.48117E-04
 2.19328E-01    1.46381E-04
 2.23664E-01    1.44772E-04
 2.27807E-01    1.43280E-04
 2.31760E-01    1.41895E-04
 2.35529E-01    1.40608E-04
 2.39118E-01    1.39413E-04
 2.45994E-01    1.37199E-04
 2.52174E-01    1.35290E-04
 2.57708E-01    1.33642E-04
 2.62650E-01    1.32217E-04
 2.67051E-01    1.30982E-04
 2.74933E-01    1.28848E-04
 2.80996E-01    1.27271E-04
 2.85631E-01    1.26101E-04
 2.92727E-01    1.24365E-04
 3.00000E-01    1.22654E-04
 3.05443E-01    1.21191E-04
 3.10635E-01    1.19836E-04
 3.15583E-01    1.18579E-04
 3.20293E-01    1.17412E-04
 3.24773E-01    1.16329E-04
 3.33342E-01    1.14325E-04
 3.41025E-01    1.12600E-04
 3.47893E-01    1.11112E-04
 3.54015E-01    1.09826E-04
 3.59461E-01    1.08713E-04
 3.69193E-01    1.06792E-04
 3.76665E-01    1.05374E-04
 3.82368E-01    1.04323E-04
 3.91085E-01    1.02765E-04
 4.00000E-01    1.01231E-04
 4.05618E-01    1.00339E-04
 4.16364E-01    9.86878E-05
 4.26001E-01    9.72650E-05
 4.34616E-01    9.60370E-05
 4.42297E-01    9.49751E-05
 4.49129E-01    9.40556E-05
 4.61339E-01    9.24679E-05
 4.70715E-01    9.12947E-05
 4.77871E-01    9.04246E-05
 4.88810E-01    8.91350E-05
 5.00000E-01    8.78637E-05
 5.11526E-01    8.69155E-05
 5.21829E-01    8.60943E-05
 5.31014E-01    8.53820E-05
 5.47479E-01    8.41497E-05
 5.60162E-01    8.32372E-05
 5.69866E-01    8.25593E-05
 5.84739E-01    8.15528E-05
 6.00000E-01    8.05586E-05
 6.11673E-01    7.99522E-05
 6.32651E-01    7.89020E-05
 6.48855E-01    7.81234E-05
 6.73943E-01    7.69699E-05
 7.00000E-01    7.58334E-05
 7.23762E-01    7.52912E-05
 7.60927E-01    7.44851E-05
 8.00000E-01    7.36876E-05
 9.00000E-01    7.39450E-05
 9.48683E-01    7.49675E-05
 1.00000E+00    7.60043E-05
 1.04664E+00    7.81037E-05
 1.08303E+00    7.97162E-05
 1.14002E+00    8.21976E-05
 1.20000E+00    8.47562E-05
 1.24715E+00    8.71599E-05
 1.32137E+00    9.08940E-05
 1.40000E+00    9.47880E-05
 1.44752E+00    9.68169E-05
 1.52185E+00    9.99419E-05
 1.60000E+00    1.03168E-04
 1.69706E+00    1.05019E-04
 1.80000E+00    1.06904E-04
 1.89737E+00    1.07668E-04
 2.00000E+00    1.08437E-04
 2.20000E+00    1.08930E-04
 2.29783E+00    1.09964E-04
 2.40000E+00    1.11007E-04
 2.49800E+00    1.11773E-04
 2.60000E+00    1.12544E-04
 2.69815E+00    1.14278E-04
 2.80000E+00    1.16038E-04
 3.00000E+00    1.23964E-04
 3.20000E+00    1.30345E-04
 3.24887E+00    1.34111E-04
 3.28601E+00    1.37007E-04
 3.34252E+00    1.41468E-04
 3.40000E+00    1.46075E-04
 3.49857E+00    1.52645E-04
 3.60000E+00    1.59510E-04
 3.64899E+00    1.63705E-04
 3.72373E+00    1.70204E-04
 3.80000E+00    1.76962E-04
 3.84904E+00    1.83341E-04
 3.88624E+00    1.88275E-04
 3.91437E+00    1.92063E-04
 3.95695E+00    1.97888E-04
 4.00000E+00    2.03890E-04
 4.09878E+00    2.11615E-04
 4.20000E+00    2.19632E-04
 4.22449E+00    2.24702E-04
 4.24604E+00    2.29235E-04
 4.26499E+00    2.33275E-04
 4.29835E+00    2.40518E-04
 4.32354E+00    2.46098E-04
 4.34253E+00    2.50367E-04
 4.37117E+00    2.56911E-04
 4.40000E+00    2.63625E-04
 4.44917E+00    2.71742E-04
 4.48641E+00    2.77993E-04
 4.54285E+00    2.87641E-04
 4.60000E+00    2.97624E-04
 4.62454E+00    3.03238E-04
 4.66779E+00    3.13320E-04
 4.70050E+00    3.21101E-04
 4.72518E+00    3.27063E-04
 4.76244E+00    3.36215E-04
 4.80000E+00    3.45622E-04
 4.82456E+00    3.54257E-04
 4.84615E+00    3.61990E-04
 4.86512E+00    3.68894E-04
 4.88177E+00    3.75043E-04
 4.91107E+00    3.86052E-04
 4.93315E+00    3.94520E-04
 4.94978E+00    4.00993E-04
 4.97483E+00    4.10902E-04
 5.00000E+00    4.21056E-04
 5.04927E+00    4.32613E-04
 5.08654E+00    4.41488E-04
 5.14295E+00    4.55144E-04
 5.20000E+00    4.69222E-04
 5.22459E+00    4.81264E-04
 5.24620E+00    4.92054E-04
 5.26518E+00    5.01693E-04
 5.28185E+00    5.10282E-04
 5.31114E+00    5.25668E-04
 5.33322E+00    5.37512E-04
 5.34984E+00    5.46569E-04
 5.37486E+00    5.60442E-04
 5.40000E+00    5.74667E-04
 5.42460E+00    5.86118E-04
 5.44622E+00    5.96324E-04
 5.48427E+00    6.14615E-04
 5.51298E+00    6.28700E-04
 5.53460E+00    6.39475E-04
 5.56721E+00    6.55985E-04
 5.60000E+00    6.72922E-04
 5.62462E+00    6.88542E-04
 5.64625E+00    7.02506E-04
 5.66524E+00    7.14957E-04
 5.69863E+00    7.37280E-04
 5.72381E+00    7.54478E-04
 5.74276E+00    7.67639E-04
 5.77131E+00    7.87813E-04
 5.80000E+00    8.08517E-04
 5.82463E+00    8.28789E-04
 5.84627E+00    8.46944E-04
 5.86527E+00    8.63155E-04
 5.88194E+00    8.77594E-04
 5.91124E+00    9.03446E-04
 5.93330E+00    9.23334E-04
 5.94991E+00    9.38537E-04
 5.97490E+00    9.61811E-04
 6.00000E+00    9.85663E-04
 6.02464E+00    1.00337E-03
 6.06801E+00    1.03511E-03
 6.10074E+00    1.05958E-03
 6.12541E+00    1.07831E-03
 6.16259E+00    1.10703E-03
 6.20000E+00    1.13651E-03
 6.22465E+00    1.16257E-03
 6.24631E+00    1.18586E-03
 6.26532E+00    1.20663E-03
 6.29872E+00    1.24384E-03
 6.32389E+00    1.27250E-03
 6.34283E+00    1.29443E-03
 6.37135E+00    1.32804E-03
 6.40000E+00    1.36251E-03
 6.42466E+00    1.39418E-03
 6.44632E+00    1.42250E-03
 6.46534E+00    1.44775E-03
 6.49874E+00    1.49301E-03
 6.52391E+00    1.52789E-03
 6.54285E+00    1.55458E-03
 6.57136E+00    1.59549E-03
 6.60000E+00    1.63748E-03
 6.62467E+00    1.67927E-03
 6.64634E+00    1.71670E-03
 6.66536E+00    1.75014E-03
 6.68204E+00    1.77993E-03
 6.71134E+00    1.83330E-03
 6.73339E+00    1.87437E-03
 6.74998E+00    1.90577E-03
 6.77495E+00    1.95387E-03
 6.80000E+00    2.00318E-03
 6.82468E+00    2.04533E-03
 6.84636E+00    2.08293E-03
 6.86538E+00    2.11641E-03
 6.89879E+00    2.17629E-03
 6.92395E+00    2.22230E-03
 6.94289E+00    2.25745E-03
 6.97138E+00    2.31122E-03
 7.00000E+00    2.36628E-03
 7.02469E+00    2.41401E-03
 7.04637E+00    2.45657E-03
 7.08447E+00    2.53285E-03
 7.11318E+00    2.59162E-03
 7.13478E+00    2.63658E-03
 7.16732E+00    2.70550E-03
 7.20000E+00    2.77622E-03
 7.22470E+00    2.82706E-03
 7.24638E+00    2.87232E-03
 7.28449E+00    2.95326E-03
 7.31319E+00    3.01545E-03
 7.35647E+00    3.11121E-03
 7.40000E+00    3.21002E-03
 7.42471E+00    3.28727E-03
 7.44640E+00    3.35640E-03
 7.46543E+00    3.41808E-03
 7.48212E+00    3.47297E-03
 7.51142E+00    3.57117E-03
 7.53346E+00    3.64663E-03
 7.55004E+00    3.70428E-03
 7.57498E+00    3.79246E-03
 7.60000E+00    3.88274E-03
 7.62472E+00    3.98180E-03
 7.64641E+00    4.07055E-03
 7.66544E+00    4.14983E-03
 7.68213E+00    4.22046E-03
 7.71143E+00    4.34698E-03
 7.73348E+00    4.44435E-03
 7.75006E+00    4.51880E-03
 7.77499E+00    4.63283E-03
 7.80000E+00    4.74974E-03
 7.82472E+00    4.82861E-03
 7.86818E+00    4.96979E-03
 7.90093E+00    5.07838E-03
 7.92558E+00    5.16138E-03
 7.96270E+00    5.28843E-03
 8.00000E+00    5.41860E-03
 8.03037E+00    5.55490E-03
 8.05895E+00    5.68580E-03
 8.08583E+00    5.81131E-03
 8.11111E+00    5.93149E-03
 8.13489E+00    6.04641E-03
 8.15724E+00    6.15618E-03
 8.17825E+00    6.26089E-03
 8.19800E+00    6.36068E-03
 8.23516E+00    6.55209E-03
 8.26780E+00    6.72429E-03
 8.29648E+00    6.87867E-03
 8.32165E+00    7.01666E-03
 8.34374E+00    7.13967E-03
 8.38253E+00    7.36015E-03
 8.41175E+00    7.52996E-03
 8.43372E+00    7.65989E-03
 8.46680E+00    7.85900E-03
 8.50000E+00    8.06328E-03
 8.53042E+00    8.26560E-03
 8.55904E+00    8.45988E-03
 8.58595E+00    8.64616E-03
 8.61126E+00    8.82452E-03
 8.63506E+00    8.99508E-03
 8.65743E+00    9.15797E-03
 8.67845E+00    9.31335E-03
 8.69821E+00    9.46142E-03
 8.73537E+00    9.74542E-03
 8.76802E+00    1.00009E-02
 8.79669E+00    1.02299E-02
 8.82185E+00    1.04346E-02
 8.84392E+00    1.06171E-02
 8.88269E+00    1.09442E-02
 8.91187E+00    1.11960E-02
 8.93382E+00    1.13887E-02
 8.96685E+00    1.16840E-02
 9.00000E+00    1.19870E-02
 9.03046E+00    1.22154E-02
 9.05912E+00    1.24335E-02
 9.08606E+00    1.26415E-02
 9.13680E+00    1.30409E-02
 9.18143E+00    1.34007E-02
 9.22066E+00    1.37237E-02
 9.25513E+00    1.40126E-02
 9.28539E+00    1.42705E-02
 9.31194E+00    1.45000E-02
 9.35861E+00    1.49105E-02
 9.39376E+00    1.52260E-02
 9.42021E+00    1.54671E-02
 9.46002E+00    1.58357E-02
 9.50000E+00    1.62132E-02
 9.51524E+00    1.64581E-02
 9.54484E+00    1.69432E-02
 9.57267E+00    1.74109E-02
 9.59883E+00    1.78611E-02
 9.62343E+00    1.82937E-02
 9.64654E+00    1.87088E-02
 9.66826E+00    1.91065E-02
 9.68867E+00    1.94871E-02
 9.70784E+00    1.98507E-02
 9.72585E+00    2.01978E-02
 9.74276E+00    2.05286E-02
 9.75864E+00    2.08437E-02
 9.78849E+00    2.14477E-02
 9.81468E+00    2.19905E-02
 9.83766E+00    2.24767E-02
 9.85781E+00    2.29109E-02
 9.87547E+00    2.32978E-02
 9.90646E+00    2.39905E-02
 9.92976E+00    2.45235E-02
 9.94727E+00    2.49310E-02
 9.97360E+00    2.55551E-02
 1.00000E+01    2.61947E-02
 1.00305E+01    2.67480E-02
 1.00593E+01    2.72773E-02
 1.00863E+01    2.77830E-02
 1.01116E+01    2.82656E-02
 1.01355E+01    2.87257E-02
 1.01803E+01    2.96086E-02
 1.02198E+01    3.04034E-02
 1.02544E+01    3.11163E-02
 1.02848E+01    3.17538E-02
 1.03114E+01    3.23224E-02
 1.03348E+01    3.28281E-02
 1.03759E+01    3.37324E-02
 1.04068E+01    3.44269E-02
 1.04533E+01    3.54956E-02
 1.05000E+01    3.65974E-02
 1.05306E+01    3.75387E-02
 1.05593E+01    3.84430E-02
 1.05863E+01    3.93107E-02
 1.06117E+01    4.01419E-02
 1.06356E+01    4.09370E-02
 1.06580E+01    4.16968E-02
 1.06791E+01    4.24219E-02
 1.06988E+01    4.31132E-02
 1.07174E+01    4.37714E-02
 1.07523E+01    4.50329E-02
 1.07830E+01    4.61664E-02
 1.08099E+01    4.71817E-02
 1.08335E+01    4.80883E-02
 1.08541E+01    4.88959E-02
 1.08904E+01    5.03419E-02
 1.09177E+01    5.14544E-02
 1.09382E+01    5.23049E-02
 1.09691E+01    5.36071E-02
 1.10000E+01    5.49416E-02
 1.10306E+01    5.61799E-02
 1.10594E+01    5.73662E-02
 1.10864E+01    5.85010E-02
 1.11118E+01    5.95853E-02
 1.11357E+01    6.06201E-02
 1.11581E+01    6.16065E-02
 1.11792E+01    6.25458E-02
 1.12188E+01    6.43459E-02
 1.12536E+01    6.59633E-02
 1.12841E+01    6.74119E-02
 1.13108E+01    6.87055E-02
 1.13343E+01    6.98577E-02
 1.13755E+01    7.19209E-02
 1.14065E+01    7.35081E-02
 1.14298E+01    7.47214E-02
 1.14649E+01    7.65791E-02
 1.15000E+01    7.84830E-02
 1.15306E+01    8.02703E-02
 1.15594E+01    8.19829E-02
 1.15865E+01    8.36215E-02
 1.16119E+01    8.51875E-02
 1.16358E+01    8.66823E-02
 1.16582E+01    8.81074E-02
 1.16793E+01    8.94647E-02
 1.17189E+01    9.20663E-02
 1.17537E+01    9.44047E-02
 1.17842E+01    9.64995E-02
 1.18110E+01    9.83705E-02
 1.18344E+01    1.00037E-01
 1.18756E+01    1.03023E-01
 1.19066E+01    1.05320E-01
 1.19299E+01    1.07076E-01
 1.19649E+01    1.09766E-01
 1.20000E+01    1.12524E-01
 1.20307E+01    1.14887E-01
 1.20595E+01    1.17148E-01
 1.20865E+01    1.19308E-01
 1.21120E+01    1.21369E-01
 1.21359E+01    1.23333E-01
 1.21808E+01    1.27103E-01
 1.22203E+01    1.30495E-01
 1.22549E+01    1.33538E-01
 1.22852E+01    1.36259E-01
 1.23119E+01    1.38685E-01
 1.23352E+01    1.40843E-01
 1.23762E+01    1.44701E-01
 1.24071E+01    1.47663E-01
 1.24302E+01    1.49925E-01
 1.24651E+01    1.53383E-01
 1.25000E+01    1.56920E-01
 1.25307E+01    1.60037E-01
 1.25595E+01    1.63015E-01
 1.25866E+01    1.65856E-01
 1.26120E+01    1.68566E-01
 1.26360E+01    1.71146E-01
 1.26809E+01    1.76091E-01
 1.27203E+01    1.80535E-01
 1.27550E+01    1.84515E-01
 1.27853E+01    1.88070E-01
 1.28120E+01    1.91236E-01
 1.28587E+01    1.96907E-01
 1.28939E+01    2.01269E-01
 1.29203E+01    2.04604E-01
 1.29601E+01    2.09711E-01
 1.30000E+01    2.14946E-01
 1.30307E+01    2.18994E-01
 1.30595E+01    2.22859E-01
 1.30866E+01    2.26544E-01
 1.31121E+01    2.30055E-01
 1.31600E+01    2.36783E-01
 1.32020E+01    2.42833E-01
 1.32389E+01    2.48252E-01
 1.32713E+01    2.53093E-01
 1.32996E+01    2.57407E-01
 1.33494E+01    2.65133E-01
 1.33869E+01    2.71079E-01
 1.34151E+01    2.75627E-01
 1.34575E+01    2.82591E-01
 1.35000E+01    2.89731E-01
 1.35307E+01    2.94366E-01
 1.35885E+01    3.03257E-01
 1.36393E+01    3.11256E-01
 1.36839E+01    3.18429E-01
 1.37230E+01    3.24840E-01
 1.37573E+01    3.30556E-01
 1.38176E+01    3.40801E-01
 1.38630E+01    3.48693E-01
 1.38971E+01    3.54732E-01
 1.39485E+01    3.63987E-01
 1.40000E+01    3.73483E-01
 1.40307E+01    3.79450E-01
 1.40886E+01    3.90897E-01
 1.41393E+01    4.01195E-01
 1.41839E+01    4.10428E-01
 1.42231E+01    4.18682E-01
 1.42574E+01    4.26039E-01
 1.42875E+01    4.32583E-01
 1.43403E+01    4.44278E-01
 1.43801E+01    4.53256E-01
 1.44399E+01    4.67064E-01
 1.45000E+01    4.81293E-01
 1.45616E+01    4.95305E-01
 1.46157E+01    5.07900E-01
 1.46632E+01    5.19182E-01
 1.47049E+01    5.29260E-01
 1.47414E+01    5.38239E-01
 1.48057E+01    5.54319E-01
 1.48540E+01    5.66693E-01
 1.48904E+01    5.76155E-01
 1.49451E+01    5.90645E-01
 1.50000E+01    6.05499E-01
 1.50606E+01    6.19590E-01
 1.51177E+01    6.33098E-01
 1.51714E+01    6.46029E-01
 1.52219E+01    6.58391E-01
 1.52694E+01    6.70196E-01
 1.53141E+01    6.81455E-01
 1.53561E+01    6.92182E-01
 1.54351E+01    7.12752E-01
 1.55046E+01    7.31252E-01
 1.55657E+01    7.47833E-01
 1.56193E+01    7.62649E-01
 1.56664E+01    7.75854E-01
 1.57492E+01    7.99515E-01
 1.58115E+01    8.17733E-01
 1.58584E+01    8.31668E-01
 1.59290E+01    8.53018E-01
 1.60000E+01    8.74916E-01
 1.60607E+01    8.94019E-01
 1.61179E+01    9.12307E-01
 1.61717E+01    9.29792E-01
 1.62222E+01    9.46488E-01
 1.62698E+01    9.62413E-01
 1.63145E+01    9.77586E-01
 1.63986E+01    1.00668E+00
 1.64726E+01    1.03285E+00
 1.65376E+01    1.05631E+00
 1.65947E+01    1.07727E+00
 1.66449E+01    1.09595E+00
 1.67330E+01    1.12942E+00
 1.67993E+01    1.15520E+00
 1.68493E+01    1.17491E+00
 1.69245E+01    1.20512E+00
 1.70000E+01    1.23610E+00
 1.71219E+01    1.27307E+00
 1.72293E+01    1.30633E+00
 1.73238E+01    1.33614E+00
 1.74069E+01    1.36278E+00
 1.74800E+01    1.38652E+00
 1.76085E+01    1.42908E+00
 1.77056E+01    1.46185E+00
 1.77787E+01    1.48692E+00
 1.78890E+01    1.52533E+00
 1.80000E+01    1.56474E+00
 1.80609E+01    1.59195E+00
 1.81182E+01    1.61790E+00
 1.82262E+01    1.66770E+00
 1.83212E+01    1.71252E+00
 1.84047E+01    1.75273E+00
 1.84781E+01    1.78869E+00
 1.85425E+01    1.82075E+00
 1.86558E+01    1.87826E+00
 1.87413E+01    1.92258E+00
 1.88056E+01    1.95651E+00
 1.89026E+01    2.00852E+00
 1.90000E+01    2.06191E+00
 1.90610E+01    2.09740E+00
 1.91184E+01    2.13123E+00
 1.92264E+01    2.19613E+00
 1.93215E+01    2.25454E+00
 1.94050E+01    2.30692E+00
 1.94784E+01    2.35375E+00
 1.95428E+01    2.39550E+00
 1.96561E+01    2.47036E+00
 1.97416E+01    2.52804E+00
 1.98058E+01    2.57218E+00
 1.99027E+01    2.63984E+00
 2.00000E+01    2.70928E+00
 2.01223E+01    2.75775E+00
 2.03383E+01    2.84466E+00
 2.05017E+01    2.91163E+00
 2.07494E+01    3.01506E+00
 2.10000E+01    3.12217E+00
 2.11225E+01    3.19551E+00
 2.12302E+01    3.26110E+00
 2.13249E+01    3.31959E+00
 2.14917E+01    3.42449E+00
 2.16177E+01    3.50534E+00
 2.17126E+01    3.56722E+00
 2.18559E+01    3.66210E+00
 2.20000E+01    3.75950E+00
 2.22458E+01    3.83854E+00
 2.26198E+01    3.96024E+00
 2.30000E+01    4.08579E+00
 2.31227E+01    4.00350E+00
 2.32306E+01    3.93286E+00
 2.33254E+01    3.87207E+00
 2.34087E+01    3.81965E+00
 2.35551E+01    3.72961E+00
 2.36656E+01    3.66349E+00
 2.37487E+01    3.61466E+00
 2.38740E+01    3.54264E+00
 2.40000E+01    3.47205E+00
 2.41228E+01    3.39288E+00
 2.42307E+01    3.32509E+00
 2.43256E+01    3.26688E+00
 2.44089E+01    3.21679E+00
 2.44820E+01    3.17359E+00
 2.46105E+01    3.09938E+00
 2.47073E+01    3.04486E+00
 2.47801E+01    3.00460E+00
 2.48898E+01    2.94521E+00
 2.50000E+01    2.88700E+00
 2.51229E+01    2.83921E+00
 2.52309E+01    2.79805E+00
 2.53258E+01    2.76253E+00
 2.54927E+01    2.70144E+00
 2.56186E+01    2.65651E+00
 2.57134E+01    2.62330E+00
 2.58563E+01    2.57427E+00
 2.60000E+01    2.52616E+00
 2.61229E+01    2.46345E+00
 2.62310E+01    2.40987E+00
 2.63259E+01    2.36393E+00
 2.64092E+01    2.32446E+00
 2.64824E+01    2.29046E+00
 2.66108E+01    2.23216E+00
 2.67076E+01    2.18941E+00
 2.67804E+01    2.15788E+00
 2.68900E+01    2.11144E+00
 2.70000E+01    2.06600E+00
 2.70614E+01    2.03718E+00
 2.71192E+01    2.01052E+00
 2.72277E+01    1.96148E+00
 2.73231E+01    1.91955E+00
 2.74068E+01    1.88359E+00
 2.74803E+01    1.85268E+00
 2.75447E+01    1.82606E+00
 2.76578E+01    1.78037E+00
 2.77430E+01    1.74687E+00
 2.78070E+01    1.72215E+00
 2.79033E+01    1.68573E+00
 2.80000E+01    1.65007E+00
 2.81231E+01    1.61774E+00
 2.82312E+01    1.58996E+00
 2.83262E+01    1.56605E+00
 2.84096E+01    1.54543E+00
 2.85560E+01    1.50998E+00
 2.86664E+01    1.48393E+00
 2.87494E+01    1.46469E+00
 2.88744E+01    1.43630E+00
 2.90000E+01    1.40845E+00
 2.91232E+01    1.37950E+00
 2.92313E+01    1.35465E+00
 2.93263E+01    1.33327E+00
 2.94097E+01    1.31485E+00
 2.95562E+01    1.28321E+00
 2.96665E+01    1.25998E+00
 2.97495E+01    1.24284E+00
 2.98745E+01    1.21756E+00
 3.00000E+01    1.19280E+00
 3.01213E+01    1.16990E+00
 3.02354E+01    1.14884E+00
 3.03428E+01    1.12944E+00
 3.04438E+01    1.11155E+00
 3.05388E+01    1.09503E+00
 3.06281E+01    1.07977E+00
 3.07121E+01    1.06566E+00
 3.08702E+01    1.03969E+00
 3.10092E+01    1.01749E+00
 3.11314E+01    9.98454E-01
 3.12387E+01    9.82088E-01
 3.13328E+01    9.67989E-01
 3.14983E+01    9.43800E-01
 3.16230E+01    9.26057E-01
 3.17168E+01    9.12968E-01
 3.18581E+01    8.93681E-01
 3.20000E+01    8.74801E-01
 3.21215E+01    8.62631E-01
 3.22358E+01    8.51376E-01
 3.24512E+01    8.30667E-01
 3.26409E+01    8.12960E-01
 3.28078E+01    7.97776E-01
 3.29545E+01    7.84723E-01
 3.30834E+01    7.73477E-01
 3.31966E+01    7.63770E-01
 3.33956E+01    7.47073E-01
 3.35457E+01    7.34790E-01
 3.37721E+01    7.16744E-01
 3.40000E+01    6.99141E-01
 3.42438E+01    6.87610E-01
 3.44585E+01    6.77676E-01
 3.46476E+01    6.69102E-01
 3.49808E+01    6.54357E-01
 3.52329E+01    6.43513E-01
 3.54231E+01    6.35497E-01
 3.57104E+01    6.23661E-01
 3.60000E+01    6.12045E-01
 3.61219E+01    6.01674E-01
 3.62365E+01    5.92112E-01
 3.63443E+01    5.83285E-01
 3.64456E+01    5.75129E-01
 3.65409E+01    5.67586E-01
 3.67201E+01    5.53710E-01
 3.68777E+01    5.41847E-01
 3.70162E+01    5.31675E-01
 3.71378E+01    5.22932E-01
 3.72445E+01    5.15399E-01
 3.74319E+01    5.02478E-01
 3.75731E+01    4.92999E-01
 3.76794E+01    4.86008E-01
 3.78394E+01    4.75707E-01
 3.80000E+01    4.65624E-01
 3.81220E+01    4.58908E-01
 3.82368E+01    4.52700E-01
 3.84528E+01    4.41286E-01
 3.86429E+01    4.31535E-01
 3.88100E+01    4.23179E-01
 3.89568E+01    4.16001E-01
 3.90857E+01    4.09820E-01
 3.91988E+01    4.04487E-01
 3.93976E+01    3.95321E-01
 3.95473E+01    3.88583E-01
 3.96600E+01    3.83605E-01
 3.98297E+01    3.76257E-01
 4.00000E+01    3.69050E-01
 4.02447E+01    3.63539E-01
 4.04600E+01    3.58785E-01
 4.08396E+01    3.50614E-01
 4.11267E+01    3.44608E-01
 4.13433E+01    3.40172E-01
 4.16704E+01    3.33623E-01
 4.20000E+01    3.27201E-01
 4.22449E+01    3.23195E-01
 4.26770E+01    3.16301E-01
 4.30040E+01    3.11227E-01
 4.32509E+01    3.07476E-01
 4.36238E+01    3.01933E-01
 4.40000E+01    2.96490E-01
 4.41224E+01    2.91528E-01
 4.42375E+01    2.86953E-01
 4.43456E+01    2.82728E-01
 4.44473E+01    2.78824E-01
 4.46385E+01    2.71649E-01
 4.48064E+01    2.65522E-01
 4.49539E+01    2.60275E-01
 4.50834E+01    2.55768E-01
 4.51969E+01    2.51889E-01
 4.52965E+01    2.48544E-01
 4.54714E+01    2.42795E-01
 4.56030E+01    2.38571E-01
 4.57019E+01    2.35451E-01
 4.58507E+01    2.30848E-01
 4.60000E+01    2.26334E-01
 4.61225E+01    2.23195E-01
 4.62377E+01    2.20291E-01
 4.64544E+01    2.14948E-01
 4.66448E+01    2.10380E-01
 4.68121E+01    2.06462E-01
 4.69590E+01    2.03094E-01
 4.70879E+01    2.00192E-01
 4.73143E+01    1.95212E-01
 4.74848E+01    1.91560E-01
 4.76131E+01    1.88865E-01
 4.78061E+01    1.84894E-01
 4.80000E+01    1.81006E-01
 4.82456E+01    1.78606E-01
 4.86783E+01    1.74482E-01
 4.90054E+01    1.71452E-01
 4.92522E+01    1.69214E-01
 4.96247E+01    1.65912E-01
 5.00000E+01    1.62674E-01
 5.04927E+01    1.59609E-01
 5.08654E+01    1.57348E-01
 5.14295E+01    1.54017E-01
 5.20000E+01    1.50756E-01
 5.24929E+01    1.48438E-01
 5.28657E+01    1.46722E-01
 5.34299E+01    1.44186E-01
 5.40000E+01    1.41694E-01
 5.44932E+01    1.39618E-01
 5.52415E+01    1.36560E-01
 5.60000E+01    1.33570E-01
 5.61230E+01    1.30913E-01
 5.62385E+01    1.28471E-01
 5.63470E+01    1.26222E-01
 5.64489E+01    1.24150E-01
 5.65446E+01    1.22238E-01
 5.66345E+01    1.20472E-01
 5.67189E+01    1.18840E-01
 5.68775E+01    1.15839E-01
 5.70166E+01    1.13276E-01
 5.71386E+01    1.11079E-01
 5.72456E+01    1.09192E-01
 5.73393E+01    1.07568E-01
 5.75038E+01    1.04782E-01
 5.76274E+01    1.02741E-01
 5.77204E+01    1.01236E-01
 5.78600E+01    9.90192E-02
 5.80000E+01    9.68514E-02
 5.84937E+01    9.90975E-02
 5.92420E+01    1.02565E-01
 6.00000E+01    1.06153E-01
