# n + Ac228 : (n,2p)    
# eaf.2010   Manhattan project, site A         EVAL-JUN10
# uncertainties: n
# # energies =    30
#   E(MeV)       xs(mb) 
 7.30105E+00    0.00000E+00
 1.70000E+01    7.78156E-17
 1.80000E+01    8.81152E-16
 1.90000E+01    6.37234E-15
 2.00000E+01    1.33207E-11
 2.10000E+01    1.07751E-10
 2.20000E+01    7.63055E-10
 2.30000E+01    4.48572E-09
 2.40000E+01    2.29167E-08
 2.50000E+01    1.01168E-07
 2.60000E+01    3.89587E-07
 2.70000E+01    1.36243E-06
 2.80000E+01    4.22511E-06
 2.90000E+01    1.17855E-05
 3.00000E+01    2.95197E-05
 3.20000E+01    1.41929E-04
 3.40000E+01    4.87649E-04
 3.60000E+01    1.28967E-03
 3.80000E+01    2.71854E-03
 4.00000E+01    4.47096E-03
 4.20000E+01    6.45747E-03
 4.40000E+01    9.68148E-03
 4.60000E+01    1.11935E-02
 4.80000E+01    1.50490E-02
 5.00000E+01    2.02450E-02
 5.20000E+01    1.85426E-02
 5.40000E+01    2.29942E-02
 5.60000E+01    2.81920E-02
 5.80000E+01    2.28068E-02
 6.00000E+01    2.56304E-02
