# n + Ac228 :  n        
# eaf.2010   Manhattan project, site A         EVAL-JUN10
# uncertainties: n
# # energies =    30
#   E(MeV)       xs(mb) 
 1.30063E+01    0.00000E+00
 1.70000E+01    2.24411E-14
 1.80000E+01    1.85791E-10
 1.90000E+01    3.39092E-08
 2.00000E+01    2.01043E-06
 2.10000E+01    5.14372E-05
 2.20000E+01    6.93941E-04
 2.30000E+01    6.32868E-03
 2.40000E+01    3.42341E-02
 2.50000E+01    1.28437E-01
 2.60000E+01    3.47560E-01
 2.70000E+01    7.30212E-01
 2.80000E+01    1.27537E+00
 2.90000E+01    1.96828E+00
 3.00000E+01    2.76734E+00
 3.20000E+01    4.50888E+00
 3.40000E+01    6.16074E+00
 3.60000E+01    7.42039E+00
 3.80000E+01    8.19375E+00
 4.00000E+01    8.49940E+00
 4.20000E+01    8.48881E+00
 4.40000E+01    8.31169E+00
 4.60000E+01    7.82243E+00
 4.80000E+01    7.55570E+00
 5.00000E+01    6.96609E+00
 5.20000E+01    6.63925E+00
 5.40000E+01    6.05284E+00
 5.60000E+01    5.59108E+00
 5.80000E+01    5.31056E+00
 6.00000E+01    4.72885E+00
