# n + Ac228 :  n        
# eaf.2010   Manhattan project, site A         EVAL-JUN10
# uncertainties: n
# # energies =    29
#   E(MeV)       xs(mb) 
 1.10672E+01    0.00000E+00
 1.80000E+01    2.99437E-04
 1.90000E+01    1.77177E-02
 2.00000E+01    1.06068E-01
 2.10000E+01    2.70397E-01
 2.20000E+01    4.39074E-01
 2.30000E+01    5.44117E-01
 2.40000E+01    5.72545E-01
 2.50000E+01    5.54928E-01
 2.60000E+01    5.10351E-01
 2.70000E+01    4.54865E-01
 2.80000E+01    3.99737E-01
 2.90000E+01    3.42188E-01
 3.00000E+01    2.88750E-01
 3.20000E+01    2.43135E-01
 3.40000E+01    3.96058E-01
 3.60000E+01    9.03569E-01
 3.80000E+01    2.34474E+00
 4.00000E+01    4.27793E+00
 4.20000E+01    6.90889E+00
 4.40000E+01    9.58659E+00
 4.60000E+01    1.10569E+01
 4.80000E+01    1.18822E+01
 5.00000E+01    1.08735E+01
 5.20000E+01    1.10841E+01
 5.40000E+01    1.06163E+01
 5.60000E+01    8.72234E+00
 5.80000E+01    7.03561E+00
 6.00000E+01    6.71440E+00
