# n + Ac228 : (n,f)     
# eaf.2010   Manhattan project, site A         EVAL-JUN10
# uncertainties: n
# # energies =    62
#   E(MeV)       xs(mb) 
 1.00000E-11    1.00000E-07
 5.00000E+00    1.00000E-07
 5.00000E+00    1.12058E-17
 5.20000E+00    1.35118E-15
 5.40000E+00    1.64259E-13
 5.60000E+00    2.01687E-11
 5.80000E+00    2.49608E-09
 6.00000E+00    2.89836E-07
 6.20000E+00    5.11840E-06
 6.40000E+00    1.25949E-05
 6.60000E+00    2.13934E-05
 6.80000E+00    3.25742E-05
 7.00000E+00    4.75897E-05
 7.20000E+00    6.83434E-05
 7.40000E+00    9.75259E-05
 7.60000E+00    1.39076E-04
 7.80000E+00    1.98473E-04
 8.00000E+00    2.83760E-04
 8.50000E+00    6.53210E-04
 9.00000E+00    1.30646E-03
 9.50000E+00    2.32019E-03
 1.00000E+01    3.77041E-03
 1.05000E+01    5.73176E-03
 1.10000E+01    8.27544E-03
 1.15000E+01    1.14660E-02
 1.20000E+01    1.53562E-02
 1.25000E+01    1.99816E-02
 1.30000E+01    2.53667E-02
 1.35000E+01    3.15842E-02
 1.40000E+01    3.86364E-02
 1.45000E+01    4.65103E-02
 1.50000E+01    5.51943E-02
 1.60000E+01    7.50424E-02
 1.70000E+01    9.80852E-02
 1.80000E+01    1.25891E-01
 1.90000E+01    1.58888E-01
 2.00000E+01    1.97367E-01
 2.10000E+01    2.41564E-01
 2.20000E+01    2.91050E-01
 2.30000E+01    3.46495E-01
 2.40000E+01    4.09030E-01
 2.50000E+01    4.80715E-01
 2.60000E+01    5.67573E-01
 2.70000E+01    7.07574E-01
 2.80000E+01    1.01708E+00
 2.90000E+01    1.71801E+00
 3.00000E+01    3.08725E+00
 3.20000E+01    8.64516E+00
 3.40000E+01    1.77005E+01
 3.60000E+01    2.85925E+01
 3.80000E+01    4.12848E+01
 4.00000E+01    5.63735E+01
 4.20000E+01    7.22734E+01
 4.40000E+01    8.72548E+01
 4.60000E+01    1.00764E+02
 4.80000E+01    1.13338E+02
 5.00000E+01    1.25486E+02
 5.20000E+01    1.37543E+02
 5.40000E+01    1.49834E+02
 5.60000E+01    1.62505E+02
 5.80000E+01    1.74932E+02
 6.00000E+01    1.87207E+02
