# n + Ac228 : (n,na)    
# eaf.2010   Manhattan project, site A         EVAL-JUN10
# uncertainties: n
# # energies =  1073
#   E(MeV)       xs(mb) 
 1.00000E-11    1.00000E-17
 2.00000E-11    1.00000E-17
 4.00000E-11    1.00000E-17
 8.00000E-11    1.00000E-17
 1.60000E-10    1.00000E-17
 3.20000E-10    1.00000E-17
 6.40000E-10    1.00000E-17
 1.28000E-09    1.00000E-17
 2.56000E-09    1.00000E-17
 5.12000E-09    1.00000E-17
 1.02400E-08    1.00000E-17
 2.04800E-08    1.00000E-17
 2.53000E-08    1.00000E-17
 3.67980E-08    1.00000E-17
 7.35960E-08    1.00000E-17
 1.47192E-07    1.00000E-17
 1.83990E-07    1.00000E-17
 3.67980E-07    1.00000E-17
 7.35960E-07    1.00000E-17
 1.00000E-06    1.00000E-17
 2.00000E-06    1.00000E-17
 4.00000E-06    1.00000E-17
 8.00000E-06    1.00000E-17
 1.60000E-05    1.00000E-17
 3.20000E-05    1.00000E-17
 6.40000E-05    1.00000E-17
 1.28000E-04    1.00000E-17
 2.56000E-04    1.00000E-17
 5.12000E-04    1.00000E-17
 1.00000E-03    1.00000E-17
 2.00000E-03    1.00000E-17
 4.00000E-03    1.00000E-17
 5.00000E-03    1.00000E-17
 1.00000E-02    1.00000E-17
 2.00000E-02    1.00000E-17
 4.00000E-02    1.00000E-17
 5.00000E-02    1.00000E-17
 1.00000E-01    1.00000E-17
 2.00000E-01    1.00000E-17
 3.00000E-01    1.00000E-17
 4.00000E-01    1.00000E-17
 5.00000E-01    1.00000E-17
 6.00000E-01    1.00000E-17
 7.00000E-01    1.00000E-17
 8.00000E-01    1.00000E-17
 9.00000E-01    1.00000E-17
 1.00000E+00    1.00000E-17
 1.20000E+00    1.92304E-11
 1.40000E+00    4.60071E-09
 1.60000E+00    4.24844E-08
 1.69706E+00    7.46117E-08
 1.74777E+00    9.88770E-08
 1.75099E+00    1.00633E-07
 1.75401E+00    1.02307E-07
 1.75685E+00    1.03901E-07
 1.76219E+00    1.06959E-07
 1.76687E+00    1.09708E-07
 1.77098E+00    1.12171E-07
 1.77458E+00    1.14372E-07
 1.77774E+00    1.16333E-07
 1.78328E+00    1.19846E-07
 1.78744E+00    1.22550E-07
 1.79057E+00    1.24618E-07
 1.79528E+00    1.27786E-07
 1.80000E+00    1.31034E-07
 1.80297E+00    1.33024E-07
 1.80882E+00    1.37030E-07
 1.81451E+00    1.41027E-07
 1.82003E+00    1.45009E-07
 1.82541E+00    1.48975E-07
 1.83062E+00    1.52919E-07
 1.83569E+00    1.56841E-07
 1.84062E+00    1.60735E-07
 1.84540E+00    1.64600E-07
 1.85005E+00    1.68433E-07
 1.85456E+00    1.72231E-07
 1.85894E+00    1.75992E-07
 1.86319E+00    1.79713E-07
 1.86732E+00    1.83394E-07
 1.87133E+00    1.87031E-07
 1.87522E+00    1.90624E-07
 1.87900E+00    1.94170E-07
 1.88267E+00    1.97668E-07
 1.88623E+00    2.01117E-07
 1.88969E+00    2.04515E-07
 1.89304E+00    2.07862E-07
 1.89629E+00    2.11157E-07
 1.89945E+00    2.14398E-07
 1.90559E+00    2.20821E-07
 1.91135E+00    2.27016E-07
 1.91678E+00    2.32983E-07
 1.92188E+00    2.38718E-07
 1.92667E+00    2.44224E-07
 1.93117E+00    2.49501E-07
 1.93540E+00    2.54551E-07
 1.93938E+00    2.59378E-07
 1.94311E+00    2.63987E-07
 1.94662E+00    2.68382E-07
 1.94991E+00    2.72569E-07
 1.95611E+00    2.80597E-07
 1.96154E+00    2.87814E-07
 1.96631E+00    2.94282E-07
 1.97049E+00    3.00060E-07
 1.97415E+00    3.05209E-07
 1.98058E+00    3.14433E-07
 1.98542E+00    3.21534E-07
 1.98905E+00    3.26964E-07
 1.99452E+00    3.35282E-07
 2.00000E+00    3.43812E-07
 2.00597E+00    3.53608E-07
 2.01176E+00    3.63363E-07
 2.01739E+00    3.73071E-07
 2.02286E+00    3.82722E-07
 2.02818E+00    3.92310E-07
 2.03334E+00    4.01827E-07
 2.03835E+00    4.11266E-07
 2.04322E+00    4.20623E-07
 2.04794E+00    4.29889E-07
 2.05253E+00    4.39061E-07
 2.05699E+00    4.48133E-07
 2.06131E+00    4.57100E-07
 2.06551E+00    4.65957E-07
 2.06959E+00    4.74702E-07
 2.07354E+00    4.83330E-07
 2.07738E+00    4.91838E-07
 2.08111E+00    5.00222E-07
 2.08472E+00    5.08481E-07
 2.08823E+00    5.16612E-07
 2.09164E+00    5.24613E-07
 2.09825E+00    5.40468E-07
 2.10447E+00    5.55768E-07
 2.11032E+00    5.70504E-07
 2.11581E+00    5.84674E-07
 2.12098E+00    5.98278E-07
 2.12584E+00    6.11320E-07
 2.13040E+00    6.23804E-07
 2.13468E+00    6.35739E-07
 2.13871E+00    6.47135E-07
 2.14249E+00    6.58005E-07
 2.14604E+00    6.68361E-07
 2.15271E+00    6.88221E-07
 2.15856E+00    7.06081E-07
 2.16370E+00    7.22088E-07
 2.16821E+00    7.36392E-07
 2.17215E+00    7.49141E-07
 2.17562E+00    7.60476E-07
 2.18169E+00    7.80728E-07
 2.18625E+00    7.96270E-07
 2.19311E+00    8.20164E-07
 2.20000E+00    8.44776E-07
 2.20599E+00    8.63568E-07
 2.21181E+00    8.82172E-07
 2.21746E+00    9.00576E-07
 2.22295E+00    9.18771E-07
 2.22828E+00    9.36748E-07
 2.23345E+00    9.54499E-07
 2.23848E+00    9.72015E-07
 2.24336E+00    9.89291E-07
 2.24810E+00    1.00632E-06
 2.25269E+00    1.02310E-06
 2.25716E+00    1.03961E-06
 2.26149E+00    1.05587E-06
 2.26991E+00    1.08809E-06
 2.27783E+00    1.11920E-06
 2.28528E+00    1.14916E-06
 2.29228E+00    1.17798E-06
 2.29887E+00    1.20566E-06
 2.30507E+00    1.23219E-06
 2.31089E+00    1.25760E-06
 2.31636E+00    1.28190E-06
 2.32150E+00    1.30510E-06
 2.32633E+00    1.32723E-06
 2.33087E+00    1.34832E-06
 2.33940E+00    1.38878E-06
 2.34689E+00    1.42517E-06
 2.35346E+00    1.45779E-06
 2.35923E+00    1.48695E-06
 2.36429E+00    1.51295E-06
 2.36872E+00    1.53606E-06
 2.37650E+00    1.57736E-06
 2.38236E+00    1.60907E-06
 2.39116E+00    1.65783E-06
 2.40000E+00    1.70806E-06
 2.40601E+00    1.74714E-06
 2.41185E+00    1.78585E-06
 2.41752E+00    1.82416E-06
 2.42302E+00    1.86207E-06
 2.42836E+00    1.89953E-06
 2.43355E+00    1.93655E-06
 2.43859E+00    1.97310E-06
 2.44348E+00    2.00916E-06
 2.44822E+00    2.04473E-06
 2.45283E+00    2.07978E-06
 2.45730E+00    2.11432E-06
 2.46164E+00    2.14832E-06
 2.46585E+00    2.18177E-06
 2.47403E+00    2.24809E-06
 2.48172E+00    2.31209E-06
 2.48895E+00    2.37374E-06
 2.49575E+00    2.43304E-06
 2.50214E+00    2.48997E-06
 2.50815E+00    2.54455E-06
 2.51379E+00    2.59680E-06
 2.51910E+00    2.64677E-06
 2.52408E+00    2.69449E-06
 2.52876E+00    2.74000E-06
 2.53315E+00    2.78337E-06
 2.54141E+00    2.86654E-06
 2.54866E+00    2.94135E-06
 2.55503E+00    3.00841E-06
 2.56060E+00    3.06834E-06
 2.56550E+00    3.12176E-06
 2.56978E+00    3.16926E-06
 2.57730E+00    3.25414E-06
 2.58296E+00    3.31928E-06
 2.59147E+00    3.41946E-06
 2.60000E+00    3.52265E-06
 2.60603E+00    3.59500E-06
 2.61188E+00    3.66651E-06
 2.61756E+00    3.73714E-06
 2.62308E+00    3.80686E-06
 2.62844E+00    3.87564E-06
 2.63364E+00    3.94346E-06
 2.63868E+00    4.01029E-06
 2.64358E+00    4.07611E-06
 2.64833E+00    4.14090E-06
 2.65295E+00    4.20466E-06
 2.66191E+00    4.33098E-06
 2.67033E+00    4.45285E-06
 2.67826E+00    4.57022E-06
 2.68571E+00    4.68307E-06
 2.69271E+00    4.79138E-06
 2.69930E+00    4.89521E-06
 2.70548E+00    4.99458E-06
 2.71130E+00    5.08958E-06
 2.71676E+00    5.18028E-06
 2.72189E+00    5.26678E-06
 2.72670E+00    5.34918E-06
 2.73576E+00    5.50718E-06
 2.74371E+00    5.64925E-06
 2.75068E+00    5.77656E-06
 2.75680E+00    5.89031E-06
 2.76216E+00    5.99168E-06
 2.77157E+00    6.17329E-06
 2.77865E+00    6.31311E-06
 2.78397E+00    6.42004E-06
 2.79198E+00    6.58384E-06
 2.80000E+00    6.75183E-06
 2.80604E+00    6.87878E-06
 2.81191E+00    7.00405E-06
 2.81761E+00    7.12757E-06
 2.82313E+00    7.24931E-06
 2.82850E+00    7.36923E-06
 2.83371E+00    7.48729E-06
 2.83876E+00    7.60346E-06
 2.84858E+00    7.83371E-06
 2.85782E+00    8.05589E-06
 2.86650E+00    8.26991E-06
 2.87467E+00    8.47571E-06
 2.88235E+00    8.67330E-06
 2.88956E+00    8.86272E-06
 2.89634E+00    9.04405E-06
 2.90272E+00    9.21742E-06
 2.90870E+00    9.38297E-06
 2.91433E+00    9.54088E-06
 2.91961E+00    9.69133E-06
 2.92954E+00    9.97984E-06
 2.93826E+00    1.02393E-05
 2.94590E+00    1.04719E-05
 2.95261E+00    1.06798E-05
 2.95849E+00    1.08650E-05
 2.96365E+00    1.10297E-05
 2.97270E+00    1.13240E-05
 2.97950E+00    1.15498E-05
 2.98973E+00    1.18971E-05
 3.00000E+00    1.22548E-05
 3.00606E+00    1.24851E-05
 3.01194E+00    1.27124E-05
 3.01764E+00    1.29364E-05
 3.02318E+00    1.31573E-05
 3.02855E+00    1.33748E-05
 3.03377E+00    1.35890E-05
 3.03883E+00    1.37997E-05
 3.04866E+00    1.42174E-05
 3.05791E+00    1.46204E-05
 3.06660E+00    1.50087E-05
 3.07477E+00    1.53820E-05
 3.08245E+00    1.57404E-05
 3.08967E+00    1.60840E-05
 3.09646E+00    1.64129E-05
 3.10283E+00    1.67274E-05
 3.10881E+00    1.70277E-05
 3.11444E+00    1.73141E-05
 3.11972E+00    1.75870E-05
 3.12964E+00    1.81103E-05
 3.13835E+00    1.85809E-05
 3.14599E+00    1.90028E-05
 3.15269E+00    1.93798E-05
 3.15857E+00    1.97157E-05
 3.16372E+00    2.00145E-05
 3.17275E+00    2.05482E-05
 3.17954E+00    2.09579E-05
 3.18975E+00    2.15877E-05
 3.20000E+00    2.22364E-05
 3.20607E+00    2.26109E-05
 3.21196E+00    2.29797E-05
 3.21767E+00    2.33427E-05
 3.22322E+00    2.36999E-05
 3.23399E+00    2.44075E-05
 3.24413E+00    2.50900E-05
 3.25366E+00    2.57473E-05
 3.26262E+00    2.63790E-05
 3.27104E+00    2.69854E-05
 3.27895E+00    2.75665E-05
 3.28639E+00    2.81227E-05
 3.29338E+00    2.86542E-05
 3.29994E+00    2.91617E-05
 3.30611E+00    2.96456E-05
 3.31190E+00    3.01066E-05
 3.32279E+00    3.09903E-05
 3.33234E+00    3.17848E-05
 3.34073E+00    3.24967E-05
 3.34808E+00    3.31326E-05
 3.35452E+00    3.36993E-05
 3.36584E+00    3.47144E-05
 3.37434E+00    3.54957E-05
 3.38074E+00    3.60932E-05
 3.39036E+00    3.70084E-05
 3.40000E+00    3.79468E-05
 3.40608E+00    3.85652E-05
 3.41198E+00    3.91739E-05
 3.41770E+00    3.97727E-05
 3.42882E+00    4.09590E-05
 3.43928E+00    4.21033E-05
 3.44911E+00    4.32051E-05
 3.45835E+00    4.42643E-05
 3.46704E+00    4.52808E-05
 3.47520E+00    4.62549E-05
 3.48287E+00    4.71872E-05
 3.49008E+00    4.80783E-05
 3.49685E+00    4.89290E-05
 3.50321E+00    4.97402E-05
 3.50918E+00    5.05129E-05
 3.52041E+00    5.19941E-05
 3.53026E+00    5.33259E-05
 3.53890E+00    5.45191E-05
 3.54648E+00    5.55850E-05
 3.55313E+00    5.65348E-05
 3.56479E+00    5.82361E-05
 3.57356E+00    5.95456E-05
 3.58015E+00    6.05470E-05
 3.59006E+00    6.20808E-05
 3.60000E+00    6.36534E-05
 3.60609E+00    6.46431E-05
 3.61791E+00    6.66046E-05
 3.62903E+00    6.84975E-05
 3.63949E+00    7.03209E-05
 3.64932E+00    7.20745E-05
 3.65856E+00    7.37581E-05
 3.66724E+00    7.53722E-05
 3.67540E+00    7.69175E-05
 3.68307E+00    7.83950E-05
 3.69027E+00    7.98059E-05
 3.69703E+00    8.11517E-05
 3.70339E+00    8.24339E-05
 3.71533E+00    8.48931E-05
 3.72581E+00    8.71049E-05
 3.73500E+00    8.90874E-05
 3.74307E+00    9.08592E-05
 3.75014E+00    9.24383E-05
 3.75633E+00    9.38425E-05
 3.76720E+00    9.63515E-05
 3.77538E+00    9.82771E-05
 3.78767E+00    1.01238E-04
 3.80000E+00    1.04288E-04
 3.81220E+00    1.07281E-04
 3.82368E+00    1.10164E-04
 3.83447E+00    1.12938E-04
 3.84461E+00    1.15602E-04
 3.85414E+00    1.18156E-04
 3.86310E+00    1.20602E-04
 3.87152E+00    1.22941E-04
 3.87942E+00    1.25175E-04
 3.88685E+00    1.27307E-04
 3.89383E+00    1.29338E-04
 3.90694E+00    1.33233E-04
 3.91846E+00    1.36739E-04
 3.92856E+00    1.39881E-04
 3.93742E+00    1.42690E-04
 3.94519E+00    1.45194E-04
 3.95200E+00    1.47421E-04
 3.96394E+00    1.51400E-04
 3.97293E+00    1.54456E-04
 3.98644E+00    1.59154E-04
 4.00000E+00    1.63996E-04
 4.01222E+00    1.68577E-04
 4.02370E+00    1.72988E-04
 4.03450E+00    1.77228E-04
 4.04465E+00    1.81297E-04
 4.05419E+00    1.85197E-04
 4.06315E+00    1.88929E-04
 4.07157E+00    1.92496E-04
 4.07948E+00    1.95902E-04
 4.08691E+00    1.99149E-04
 4.09389E+00    2.02242E-04
 4.10701E+00    2.08172E-04
 4.11852E+00    2.13503E-04
 4.12862E+00    2.18280E-04
 4.13747E+00    2.22547E-04
 4.14524E+00    2.26349E-04
 4.15886E+00    2.33159E-04
 4.16911E+00    2.38401E-04
 4.17681E+00    2.42410E-04
 4.18839E+00    2.48550E-04
 4.20000E+00    2.54845E-04
 4.21223E+00    2.61456E-04
 4.22373E+00    2.67809E-04
 4.23453E+00    2.73905E-04
 4.24469E+00    2.79746E-04
 4.25423E+00    2.85335E-04
 4.26320E+00    2.90676E-04
 4.27163E+00    2.95774E-04
 4.27954E+00    3.00635E-04
 4.28697E+00    3.05264E-04
 4.30094E+00    3.14137E-04
 4.31320E+00    3.22113E-04
 4.32395E+00    3.29257E-04
 4.33339E+00    3.35638E-04
 4.34166E+00    3.41323E-04
 4.35617E+00    3.51504E-04
 4.36709E+00    3.59339E-04
 4.37529E+00    3.65329E-04
 4.38763E+00    3.74502E-04
 4.40000E+00    3.83906E-04
 4.41224E+00    3.93422E-04
 4.42375E+00    4.02557E-04
 4.43456E+00    4.11314E-04
 4.44473E+00    4.19697E-04
 4.45428E+00    4.27711E-04
 4.46325E+00    4.35363E-04
 4.47167E+00    4.42661E-04
 4.47959E+00    4.49613E-04
 4.49447E+00    4.62946E-04
 4.50752E+00    4.74935E-04
 4.51898E+00    4.85681E-04
 4.52903E+00    4.95282E-04
 4.53784E+00    5.03839E-04
 4.55330E+00    5.19171E-04
 4.56493E+00    5.30975E-04
 4.57367E+00    5.40004E-04
 4.58682E+00    5.53836E-04
 4.60000E+00    5.68022E-04
 4.61225E+00    5.81434E-04
 4.62377E+00    5.94296E-04
 4.63459E+00    6.06612E-04
 4.64476E+00    6.18390E-04
 4.65431E+00    6.29639E-04
 4.66329E+00    6.40371E-04
 4.67172E+00    6.50598E-04
 4.68756E+00    6.70217E-04
 4.70147E+00    6.87868E-04
 4.71368E+00    7.03693E-04
 4.72438E+00    7.17839E-04
 4.73377E+00    7.30450E-04
 4.74200E+00    7.41665E-04
 4.75643E+00    7.61709E-04
 4.76729E+00    7.77096E-04
 4.78362E+00    8.00763E-04
 4.80000E+00    8.25149E-04
 4.81226E+00    8.43666E-04
 4.82379E+00    8.61402E-04
 4.83462E+00    8.78369E-04
 4.84479E+00    8.94578E-04
 4.85435E+00    9.10046E-04
 4.86333E+00    9.24790E-04
 4.87176E+00    9.38829E-04
 4.88761E+00    9.65730E-04
 4.90152E+00    9.89900E-04
 4.91372E+00    1.01154E-03
 4.92442E+00    1.03087E-03
 4.93381E+00    1.04808E-03
 4.95027E+00    1.07890E-03
 4.96266E+00    1.10261E-03
 4.97197E+00    1.12073E-03
 4.98596E+00    1.14847E-03
 5.00000E+00    1.17690E-03
 5.01227E+00    1.20052E-03
 5.02380E+00    1.22310E-03
 5.03464E+00    1.24465E-03
 5.04482E+00    1.26521E-03
 5.05438E+00    1.28478E-03
 5.07236E+00    1.32230E-03
 5.08814E+00    1.35603E-03
 5.10199E+00    1.38625E-03
 5.11414E+00    1.41324E-03
 5.12479E+00    1.43729E-03
 5.14349E+00    1.48036E-03
 5.15756E+00    1.51352E-03
 5.16814E+00    1.53887E-03
 5.18404E+00    1.57769E-03
 5.20000E+00    1.61749E-03
 5.22459E+00    1.65506E-03
 5.24620E+00    1.68866E-03
 5.26518E+00    1.71861E-03
 5.29857E+00    1.77231E-03
 5.32375E+00    1.81369E-03
 5.34271E+00    1.84535E-03
 5.37128E+00    1.89389E-03
 5.40000E+00    1.94370E-03
 5.49909E+00    2.00418E-03
 5.60000E+00    2.06655E-03
 5.80000E+00    2.07613E-03
 6.00000E+00    2.05723E-03
 6.09918E+00    2.03424E-03
 6.20000E+00    2.01151E-03
 6.29921E+00    1.99425E-03
 6.40000E+00    1.97714E-03
 6.49923E+00    1.95636E-03
 6.60000E+00    1.93580E-03
 6.69925E+00    1.90905E-03
 6.80000E+00    1.88267E-03
 6.89928E+00    1.85859E-03
 7.00000E+00    1.83481E-03
 7.20000E+00    1.80838E-03
 7.40000E+00    1.83381E-03
 7.60000E+00    1.86646E-03
 7.80000E+00    1.91654E-03
 8.00000E+00    1.98741E-03
 8.06085E+00    2.02514E-03
 8.16847E+00    2.09291E-03
 8.25012E+00    2.14521E-03
 8.31189E+00    2.18530E-03
 8.40542E+00    2.24684E-03
 8.50000E+00    2.31011E-03
 8.62233E+00    2.39123E-03
 8.71524E+00    2.45393E-03
 8.78557E+00    2.50204E-03
 8.89214E+00    2.57597E-03
 9.00000E+00    2.65208E-03
 9.06103E+00    2.71203E-03
 9.11477E+00    2.76560E-03
 9.16206E+00    2.81334E-03
 9.24540E+00    2.89887E-03
 9.30840E+00    2.96473E-03
 9.40371E+00    3.06632E-03
 9.50000E+00    3.17140E-03
 9.56111E+00    3.23690E-03
 9.61490E+00    3.29533E-03
 9.70976E+00    3.40013E-03
 9.78152E+00    3.48090E-03
 9.83569E+00    3.54274E-03
 9.91750E+00    3.63757E-03
 1.00000E+01    3.73493E-03
 1.00612E+01    3.81109E-03
 1.01150E+01    3.87900E-03
 1.02099E+01    4.00077E-03
 1.02817E+01    4.09461E-03
 1.03358E+01    4.16642E-03
 1.04176E+01    4.27651E-03
 1.05000E+01    4.38951E-03
 1.05306E+01    4.46671E-03
 1.05593E+01    4.54032E-03
 1.06134E+01    4.68162E-03
 1.06610E+01    4.80886E-03
 1.07028E+01    4.92303E-03
 1.07395E+01    5.02515E-03
 1.07717E+01    5.11623E-03
 1.08000E+01    5.19729E-03
 1.08497E+01    5.34224E-03
 1.08870E+01    5.45360E-03
 1.09434E+01    5.62501E-03
 1.10000E+01    5.80181E-03
 1.10613E+01    5.96076E-03
 1.11152E+01    6.10342E-03
 1.11626E+01    6.23104E-03
 1.12042E+01    6.34489E-03
 1.12774E+01    6.54916E-03
 1.13327E+01    6.70667E-03
 1.13743E+01    6.82728E-03
 1.14370E+01    7.01228E-03
 1.15000E+01    7.20229E-03
 1.15306E+01    7.34556E-03
 1.15594E+01    7.48247E-03
 1.15865E+01    7.61313E-03
 1.16119E+01    7.73770E-03
 1.16358E+01    7.85634E-03
 1.16807E+01    8.08370E-03
 1.17201E+01    8.28803E-03
 1.17548E+01    8.47106E-03
 1.17851E+01    8.63452E-03
 1.18118E+01    8.78013E-03
 1.18586E+01    9.04089E-03
 1.18938E+01    9.24152E-03
 1.19202E+01    9.39492E-03
 1.19601E+01    9.62979E-03
 1.20000E+01    9.87054E-03
 1.20307E+01    1.00988E-02
 1.20595E+01    1.03177E-02
 1.20865E+01    1.05271E-02
 1.21120E+01    1.07273E-02
 1.21359E+01    1.09185E-02
 1.21583E+01    1.11008E-02
 1.21794E+01    1.12745E-02
 1.22190E+01    1.16075E-02
 1.22538E+01    1.19070E-02
 1.22843E+01    1.21753E-02
 1.23111E+01    1.24151E-02
 1.23345E+01    1.26287E-02
 1.23757E+01    1.30115E-02
 1.24066E+01    1.33062E-02
 1.24299E+01    1.35316E-02
 1.24649E+01    1.38768E-02
 1.25000E+01    1.42309E-02
 1.25307E+01    1.45128E-02
 1.25595E+01    1.47822E-02
 1.25866E+01    1.50393E-02
 1.26120E+01    1.52844E-02
 1.26360E+01    1.55178E-02
 1.26809E+01    1.59651E-02
 1.27203E+01    1.63670E-02
 1.27550E+01    1.67270E-02
 1.27853E+01    1.70484E-02
 1.28120E+01    1.73347E-02
 1.28587E+01    1.78475E-02
 1.28939E+01    1.82419E-02
 1.29203E+01    1.85435E-02
 1.29601E+01    1.90052E-02
 1.30000E+01    1.94784E-02
 1.30307E+01    1.98868E-02
 1.30595E+01    2.02776E-02
 1.30866E+01    2.06508E-02
 1.31121E+01    2.10070E-02
 1.31360E+01    2.13464E-02
 1.31585E+01    2.16697E-02
 1.32007E+01    2.22890E-02
 1.32377E+01    2.28454E-02
 1.32702E+01    2.33436E-02
 1.32987E+01    2.37885E-02
 1.33237E+01    2.41847E-02
 1.33676E+01    2.48940E-02
 1.34006E+01    2.54396E-02
 1.34254E+01    2.58566E-02
 1.34626E+01    2.64950E-02
 1.35000E+01    2.71492E-02
 1.35154E+01    2.76196E-02
 1.35302E+01    2.80831E-02
 1.35447E+01    2.85395E-02
 1.35587E+01    2.89887E-02
 1.35723E+01    2.94306E-02
 1.35854E+01    2.98651E-02
 1.36110E+01    3.07254E-02
 1.36350E+01    3.15544E-02
 1.36575E+01    3.23518E-02
 1.36787E+01    3.31177E-02
 1.36985E+01    3.38522E-02
 1.37172E+01    3.45556E-02
 1.37347E+01    3.52283E-02
 1.37511E+01    3.58708E-02
 1.37665E+01    3.64838E-02
 1.37810E+01    3.70681E-02
 1.37946E+01    3.76243E-02
 1.38201E+01    3.86897E-02
 1.38425E+01    3.96467E-02
 1.38621E+01    4.05035E-02
 1.38792E+01    4.12683E-02
 1.38943E+01    4.19494E-02
 1.39206E+01    4.31684E-02
 1.39404E+01    4.41059E-02
 1.39553E+01    4.48223E-02
 1.39776E+01    4.59188E-02
 1.40000E+01    4.70422E-02
 1.40307E+01    4.81050E-02
 1.40596E+01    4.91233E-02
 1.40867E+01    5.00974E-02
 1.41122E+01    5.10282E-02
 1.41362E+01    5.19166E-02
 1.41586E+01    5.27634E-02
 1.41797E+01    5.35699E-02
 1.42194E+01    5.51153E-02
 1.42541E+01    5.65042E-02
 1.42846E+01    5.77481E-02
 1.43114E+01    5.88589E-02
 1.43348E+01    5.98485E-02
 1.43759E+01    6.16203E-02
 1.44069E+01    6.29835E-02
 1.44301E+01    6.40257E-02
 1.44650E+01    6.56214E-02
 1.45000E+01    6.72568E-02
 1.45308E+01    6.87736E-02
 1.45596E+01    7.02266E-02
 1.45868E+01    7.16166E-02
 1.46123E+01    7.29448E-02
 1.46362E+01    7.42123E-02
 1.46587E+01    7.54206E-02
 1.46798E+01    7.65712E-02
 1.47194E+01    7.87761E-02
 1.47542E+01    8.07575E-02
 1.47847E+01    8.25320E-02
 1.48115E+01    8.41167E-02
 1.48349E+01    8.55282E-02
 1.48760E+01    8.80556E-02
 1.49069E+01    9.00000E-02
 1.49301E+01    9.14865E-02
 1.49650E+01    9.37623E-02
 1.50000E+01    9.60947E-02
 1.50151E+01    9.75707E-02
 1.50300E+01    9.90457E-02
 1.50447E+01    1.00520E-01
 1.50737E+01    1.03485E-01
 1.51018E+01    1.06442E-01
 1.51291E+01    1.09387E-01
 1.51556E+01    1.12317E-01
 1.51813E+01    1.15231E-01
 1.52062E+01    1.18125E-01
 1.52304E+01    1.20999E-01
 1.52539E+01    1.23849E-01
 1.52767E+01    1.26675E-01
 1.52988E+01    1.29473E-01
 1.53202E+01    1.32243E-01
 1.53410E+01    1.34983E-01
 1.53612E+01    1.37691E-01
 1.53808E+01    1.40367E-01
 1.53998E+01    1.43008E-01
 1.54182E+01    1.45615E-01
 1.54360E+01    1.48185E-01
 1.54534E+01    1.50718E-01
 1.54702E+01    1.53213E-01
 1.54864E+01    1.55670E-01
 1.55022E+01    1.58087E-01
 1.55176E+01    1.60465E-01
 1.55473E+01    1.65174E-01
 1.55752E+01    1.69715E-01
 1.56014E+01    1.74084E-01
 1.56260E+01    1.78283E-01
 1.56491E+01    1.82311E-01
 1.56708E+01    1.86170E-01
 1.56912E+01    1.89862E-01
 1.57103E+01    1.93390E-01
 1.57283E+01    1.96757E-01
 1.57451E+01    1.99966E-01
 1.57609E+01    2.03023E-01
 1.57906E+01    2.08880E-01
 1.58167E+01    2.14144E-01
 1.58395E+01    2.18859E-01
 1.58594E+01    2.23069E-01
 1.58769E+01    2.26819E-01
 1.59076E+01    2.33534E-01
 1.59307E+01    2.38701E-01
 1.59480E+01    2.42651E-01
 1.59740E+01    2.48699E-01
 1.60000E+01    2.54897E-01
 1.60303E+01    2.60255E-01
 1.60598E+01    2.65553E-01
 1.60884E+01    2.70789E-01
 1.61161E+01    2.75959E-01
 1.61430E+01    2.81062E-01
 1.61691E+01    2.86095E-01
 1.61945E+01    2.91057E-01
 1.62191E+01    2.95946E-01
 1.62429E+01    3.00760E-01
 1.62661E+01    3.05499E-01
 1.62885E+01    3.10160E-01
 1.63321E+01    3.19396E-01
 1.63730E+01    3.28304E-01
 1.64115E+01    3.36880E-01
 1.64477E+01    3.45124E-01
 1.64817E+01    3.53036E-01
 1.65136E+01    3.60618E-01
 1.65436E+01    3.67874E-01
 1.65718E+01    3.74809E-01
 1.65982E+01    3.81429E-01
 1.66231E+01    3.87742E-01
 1.66464E+01    3.93755E-01
 1.66902E+01    4.05281E-01
 1.67286E+01    4.15644E-01
 1.67623E+01    4.24928E-01
 1.67918E+01    4.33221E-01
 1.68177E+01    4.40611E-01
 1.68631E+01    4.53847E-01
 1.68972E+01    4.64035E-01
 1.69228E+01    4.71825E-01
 1.69614E+01    4.83757E-01
 1.70000E+01    4.95990E-01
 1.70304E+01    5.08390E-01
 1.70599E+01    5.20698E-01
 1.70885E+01    5.32905E-01
 1.71163E+01    5.45004E-01
 1.71432E+01    5.56987E-01
 1.71694E+01    5.68846E-01
 1.71947E+01    5.80575E-01
 1.72194E+01    5.92169E-01
 1.72432E+01    6.03621E-01
 1.72664E+01    6.14926E-01
 1.72889E+01    6.26080E-01
 1.73106E+01    6.37078E-01
 1.73318E+01    6.47916E-01
 1.73523E+01    6.58592E-01
 1.73722E+01    6.69102E-01
 1.73915E+01    6.79443E-01
 1.74102E+01    6.89614E-01
 1.74464E+01    7.09754E-01
 1.74805E+01    7.29170E-01
 1.75126E+01    7.47855E-01
 1.75426E+01    7.65806E-01
 1.75709E+01    7.83026E-01
 1.75974E+01    7.99522E-01
 1.76223E+01    8.15302E-01
 1.76457E+01    8.30378E-01
 1.76676E+01    8.44766E-01
 1.76882E+01    8.58480E-01
 1.77075E+01    8.71540E-01
 1.77438E+01    8.96564E-01
 1.77756E+01    9.19049E-01
 1.78035E+01    9.39186E-01
 1.78280E+01    9.57167E-01
 1.78494E+01    9.73182E-01
 1.78869E+01    1.00186E+00
 1.79151E+01    1.02392E+00
 1.79363E+01    1.04078E+00
 1.79681E+01    1.06659E+00
 1.80000E+01    1.09305E+00
 1.80304E+01    1.11194E+00
 1.80600E+01    1.13055E+00
 1.80886E+01    1.14887E+00
 1.81164E+01    1.16691E+00
 1.81434E+01    1.18465E+00
 1.81958E+01    1.21979E+00
 1.82451E+01    1.25368E+00
 1.82913E+01    1.28632E+00
 1.83349E+01    1.31768E+00
 1.83757E+01    1.34777E+00
 1.84141E+01    1.37661E+00
 1.84502E+01    1.40421E+00
 1.84841E+01    1.43058E+00
 1.85159E+01    1.45576E+00
 1.85458E+01    1.47976E+00
 1.85739E+01    1.50262E+00
 1.86266E+01    1.54645E+00
 1.86729E+01    1.58584E+00
 1.87135E+01    1.62114E+00
 1.87491E+01    1.65266E+00
 1.87802E+01    1.68075E+00
 1.88349E+01    1.73105E+00
 1.88761E+01    1.76977E+00
 1.89070E+01    1.79937E+00
 1.89534E+01    1.84470E+00
 1.90000E+01    1.89118E+00
 1.90610E+01    1.94855E+00
 1.91184E+01    2.00392E+00
 1.91723E+01    2.05725E+00
 1.92230E+01    2.10854E+00
 1.92707E+01    2.15778E+00
 1.93155E+01    2.20499E+00
 1.93576E+01    2.25018E+00
 1.93971E+01    2.29340E+00
 1.94343E+01    2.33466E+00
 1.94691E+01    2.37402E+00
 1.95019E+01    2.41152E+00
 1.95635E+01    2.48344E+00
 1.96175E+01    2.54813E+00
 1.96649E+01    2.60612E+00
 1.97065E+01    2.65793E+00
 1.97430E+01    2.70412E+00
 1.97749E+01    2.74519E+00
 1.98309E+01    2.81856E+00
 1.98731E+01    2.87488E+00
 1.99364E+01    2.96147E+00
 2.00000E+01    3.05067E+00
 2.00305E+01    3.10187E+00
 2.00601E+01    3.15229E+00
 2.00889E+01    3.20192E+00
 2.01167E+01    3.25074E+00
 2.01708E+01    3.34745E+00
 2.02217E+01    3.44074E+00
 2.02695E+01    3.53055E+00
 2.03144E+01    3.61688E+00
 2.03566E+01    3.69972E+00
 2.03962E+01    3.77912E+00
 2.04334E+01    3.85509E+00
 2.04684E+01    3.92771E+00
 2.05012E+01    3.99703E+00
 2.05320E+01    4.06313E+00
 2.05610E+01    4.12608E+00
 2.06153E+01    4.24677E+00
 2.06630E+01    4.35527E+00
 2.07049E+01    4.45247E+00
 2.07415E+01    4.53930E+00
 2.07737E+01    4.61667E+00
 2.08300E+01    4.75524E+00
 2.08724E+01    4.86190E+00
 2.09042E+01    4.94346E+00
 2.09521E+01    5.06837E+00
 2.10000E+01    5.19643E+00
 2.10611E+01    5.30176E+00
 2.11186E+01    5.40244E+00
 2.11727E+01    5.49857E+00
 2.12235E+01    5.59024E+00
 2.12712E+01    5.67757E+00
 2.13609E+01    5.84500E+00
 2.14398E+01    5.99555E+00
 2.15090E+01    6.13046E+00
 2.15698E+01    6.25100E+00
 2.16231E+01    6.35841E+00
 2.17167E+01    6.55084E+00
 2.17872E+01    6.69897E+00
 2.18402E+01    6.81226E+00
 2.19200E+01    6.98581E+00
 2.20000E+01    7.16377E+00
 2.21226E+01    7.33331E+00
 2.22304E+01    7.48494E+00
 2.23252E+01    7.62019E+00
 2.24920E+01    7.86278E+00
 2.26179E+01    8.04978E+00
 2.27129E+01    8.19295E+00
 2.28560E+01    8.41248E+00
 2.30000E+01    8.63789E+00
 2.31227E+01    8.80581E+00
 2.32306E+01    8.95542E+00
 2.34206E+01    9.22337E+00
 2.35641E+01    9.42958E+00
 2.37811E+01    9.74758E+00
 2.40000E+01    1.00763E+01
 2.42462E+01    9.94207E+00
 2.46202E+01    9.74406E+00
 2.50000E+01    9.55000E+00
 2.51229E+01    9.43672E+00
 2.53393E+01    9.24170E+00
 2.55029E+01    9.09809E+00
 2.57503E+01    8.88684E+00
 2.60000E+01    8.68050E+00
 2.62465E+01    8.56076E+00
 2.66206E+01    8.38425E+00
 2.70000E+01    8.21137E+00
 2.72466E+01    8.12315E+00
 2.76207E+01    7.99259E+00
 2.80000E+01    7.86413E+00
 2.81231E+01    7.74918E+00
 2.82312E+01    7.64999E+00
 2.84215E+01    7.47943E+00
 2.85650E+01    7.35402E+00
 2.86732E+01    7.26134E+00
 2.88361E+01    7.12451E+00
 2.90000E+01    6.99025E+00
 2.91232E+01    6.85681E+00
 2.92313E+01    6.74214E+00
 2.93263E+01    6.64338E+00
 2.94097E+01    6.55815E+00
 2.95562E+01    6.41162E+00
 2.96665E+01    6.30388E+00
 2.98328E+01    6.14565E+00
 3.00000E+01    5.99139E+00
 3.02430E+01    5.89721E+00
 3.04572E+01    5.81602E+00
 3.06459E+01    5.74589E+00
 3.09790E+01    5.62520E+00
 3.12311E+01    5.53635E+00
 3.14216E+01    5.47063E+00
 3.17095E+01    5.37351E+00
 3.20000E+01    5.27812E+00
 3.22434E+01    5.16021E+00
 3.24579E+01    5.05920E+00
 3.26468E+01    4.97244E+00
 3.28130E+01    4.89774E+00
 3.29590E+01    4.83331E+00
 3.32163E+01    4.72258E+00
 3.34105E+01    4.64120E+00
 3.35569E+01    4.58109E+00
 3.37777E+01    4.49237E+00
 3.40000E+01    4.40538E+00
 3.41217E+01    4.34691E+00
 3.43510E+01    4.23936E+00
 3.45529E+01    4.14744E+00
 3.47306E+01    4.06865E+00
 3.48868E+01    4.00094E+00
 3.50240E+01    3.94261E+00
 3.51446E+01    3.89227E+00
 3.53565E+01    3.80573E+00
 3.55163E+01    3.74208E+00
 3.56366E+01    3.69505E+00
 3.58178E+01    3.62560E+00
 3.60000E+01    3.55746E+00
 3.62441E+01    3.51337E+00
 3.66753E+01    3.43752E+00
 3.70021E+01    3.38171E+00
 3.72491E+01    3.34045E+00
 3.76227E+01    3.27950E+00
 3.80000E+01    3.21966E+00
 3.82444E+01    3.16942E+00
 3.84596E+01    3.12611E+00
 3.86488E+01    3.08870E+00
 3.89823E+01    3.02430E+00
 3.92343E+01    2.97688E+00
 3.96153E+01    2.90715E+00
 4.00000E+01    2.83905E+00
 4.01222E+01    2.79072E+00
 4.02370E+01    2.74615E+00
 4.03450E+01    2.70502E+00
 4.04465E+01    2.66702E+00
 4.05419E+01    2.63188E+00
 4.07214E+01    2.56723E+00
 4.08790E+01    2.51197E+00
 4.10175E+01    2.46459E+00
 4.11390E+01    2.42387E+00
 4.12457E+01    2.38879E+00
 4.14330E+01    2.32861E+00
 4.15740E+01    2.28448E+00
 4.16801E+01    2.25193E+00
 4.18397E+01    2.20398E+00
 4.20000E+01    2.15704E+00
 4.22449E+01    2.11468E+00
 4.24604E+01    2.07829E+00
 4.26499E+01    2.04697E+00
 4.28164E+01    2.01995E+00
 4.31093E+01    1.97352E+00
 4.33302E+01    1.93939E+00
 4.34967E+01    1.91419E+00
 4.37476E+01    1.87700E+00
 4.40000E+01    1.84053E+00
 4.44917E+01    1.80344E+00
 4.48641E+01    1.77612E+00
 4.51454E+01    1.75590E+00
 4.55707E+01    1.72600E+00
 4.60000E+01    1.69661E+00
 4.62454E+01    1.67462E+00
 4.66779E+01    1.63682E+00
 4.70050E+01    1.60903E+00
 4.72518E+01    1.58850E+00
 4.76244E+01    1.55819E+00
 4.80000E+01    1.52846E+00
 4.81226E+01    1.50427E+00
 4.82379E+01    1.48194E+00
 4.83462E+01    1.46130E+00
 4.84479E+01    1.44222E+00
 4.86392E+01    1.40711E+00
 4.88073E+01    1.37708E+00
 4.89548E+01    1.35134E+00
 4.90843E+01    1.32921E+00
 4.91978E+01    1.31014E+00
 4.93971E+01    1.27743E+00
 4.95472E+01    1.25344E+00
 4.96600E+01    1.23574E+00
 4.98297E+01    1.20965E+00
 5.00000E+01    1.18412E+00
 5.01227E+01    1.16636E+00
 5.02380E+01    1.14996E+00
 5.03464E+01    1.13479E+00
 5.05502E+01    1.10688E+00
 5.07292E+01    1.08302E+00
 5.08863E+01    1.06257E+00
 5.10242E+01    1.04499E+00
 5.11452E+01    1.02985E+00
 5.13576E+01    1.00388E+00
 5.15174E+01    9.84826E-01
 5.16376E+01    9.70776E-01
 5.18185E+01    9.50078E-01
 5.20000E+01    9.29820E-01
 5.22459E+01    9.14056E-01
 5.24620E+01    9.00481E-01
 5.26518E+01    8.88769E-01
 5.29857E+01    8.68639E-01
 5.32375E+01    8.53840E-01
 5.34271E+01    8.42907E-01
 5.37128E+01    8.26770E-01
 5.40000E+01    8.10941E-01
 5.42460E+01    8.00100E-01
 5.46793E+01    7.81476E-01
 5.50065E+01    7.67793E-01
 5.52532E+01    7.57688E-01
 5.56254E+01    7.42779E-01
 5.60000E+01    7.28164E-01
 5.80000E+01    7.33092E-01
 5.89915E+01    7.22411E-01
 6.00000E+01    7.11885E-01
