# n + Ac228 : (n,2na)   
# eaf.2010   Manhattan project, site A         EVAL-JUN10
# uncertainties: n
# # energies =  1041
#   E(MeV)       xs(mb) 
 1.00000E-11    1.00000E-17
 2.00000E-11    1.00000E-17
 4.00000E-11    1.00000E-17
 8.00000E-11    1.00000E-17
 1.60000E-10    1.00000E-17
 3.20000E-10    1.00000E-17
 6.40000E-10    1.00000E-17
 1.28000E-09    1.00000E-17
 2.56000E-09    1.00000E-17
 5.12000E-09    1.00000E-17
 1.02400E-08    1.00000E-17
 2.04800E-08    1.00000E-17
 2.53000E-08    1.00000E-17
 3.67980E-08    1.00000E-17
 7.35960E-08    1.00000E-17
 1.47192E-07    1.00000E-17
 1.83990E-07    1.00000E-17
 3.67980E-07    1.00000E-17
 7.35960E-07    1.00000E-17
 1.00000E-06    1.00000E-17
 2.00000E-06    1.00000E-17
 4.00000E-06    1.00000E-17
 8.00000E-06    1.00000E-17
 1.60000E-05    1.00000E-17
 3.20000E-05    1.00000E-17
 6.40000E-05    1.00000E-17
 1.28000E-04    1.00000E-17
 2.56000E-04    1.00000E-17
 5.12000E-04    1.00000E-17
 1.00000E-03    1.00000E-17
 2.00000E-03    1.00000E-17
 4.00000E-03    1.00000E-17
 5.00000E-03    1.00000E-17
 1.00000E-02    1.00000E-17
 2.00000E-02    1.00000E-17
 4.00000E-02    1.00000E-17
 5.00000E-02    1.00000E-17
 1.00000E-01    1.00000E-17
 2.00000E-01    1.00000E-17
 3.00000E-01    1.00000E-17
 4.00000E-01    1.00000E-17
 5.00000E-01    1.00000E-17
 6.00000E-01    1.00000E-17
 7.00000E-01    1.00000E-17
 8.00000E-01    1.00000E-17
 9.00000E-01    1.00000E-17
 1.00000E+00    1.00000E-17
 1.20000E+00    1.00000E-17
 1.40000E+00    1.00000E-17
 1.60000E+00    1.00000E-17
 1.80000E+00    1.00000E-17
 2.00000E+00    1.00000E-17
 2.20000E+00    1.00000E-17
 2.40000E+00    1.00000E-17
 2.60000E+00    1.00000E-17
 2.80000E+00    1.00000E-17
 3.00000E+00    1.00000E-17
 3.20000E+00    1.00000E-17
 3.40000E+00    1.00000E-17
 3.60000E+00    1.00000E-17
 3.80000E+00    1.00000E-17
 4.00000E+00    1.00000E-17
 4.20000E+00    1.00000E-17
 4.40000E+00    1.00000E-17
 4.60000E+00    1.00000E-17
 4.80000E+00    1.00000E-17
 5.00000E+00    1.00000E-17
 5.20000E+00    1.00000E-17
 5.40000E+00    1.00000E-17
 5.60000E+00    1.00000E-17
 5.80000E+00    1.00000E-17
 6.00000E+00    2.27690E-16
 6.20000E+00    1.80903E-12
 6.40000E+00    4.20333E-11
 6.60000E+00    2.90848E-10
 6.80000E+00    1.13570E-09
 7.00000E+00    3.54748E-09
 7.20000E+00    9.72110E-09
 7.40000E+00    2.41723E-08
 7.60000E+00    5.69062E-08
 7.69935E+00    8.50377E-08
 7.72439E+00    9.40209E-08
 7.73380E+00    9.76291E-08
 7.73792E+00    9.92510E-08
 7.74179E+00    1.00796E-07
 7.74541E+00    1.02266E-07
 7.75222E+00    1.05081E-07
 7.75817E+00    1.07607E-07
 7.76339E+00    1.09867E-07
 7.76796E+00    1.11884E-07
 7.77195E+00    1.13679E-07
 7.77896E+00    1.16890E-07
 7.78421E+00    1.19357E-07
 7.78816E+00    1.21242E-07
 7.79408E+00    1.24125E-07
 7.80000E+00    1.27076E-07
 7.80617E+00    1.30110E-07
 7.81216E+00    1.33118E-07
 7.81796E+00    1.36099E-07
 7.82359E+00    1.39050E-07
 7.82904E+00    1.41970E-07
 7.83433E+00    1.44857E-07
 7.83945E+00    1.47709E-07
 7.84442E+00    1.50527E-07
 7.84924E+00    1.53307E-07
 7.85390E+00    1.56049E-07
 7.85843E+00    1.58753E-07
 7.86282E+00    1.61417E-07
 7.86707E+00    1.64040E-07
 7.87119E+00    1.66621E-07
 7.87518E+00    1.69161E-07
 7.87905E+00    1.71659E-07
 7.88656E+00    1.76603E-07
 7.89360E+00    1.81367E-07
 7.90021E+00    1.85950E-07
 7.90641E+00    1.90352E-07
 7.91223E+00    1.94573E-07
 7.91768E+00    1.98616E-07
 7.92280E+00    2.02482E-07
 7.92761E+00    2.06174E-07
 7.93211E+00    2.09697E-07
 7.93634E+00    2.13055E-07
 7.94030E+00    2.16251E-07
 7.94774E+00    2.22375E-07
 7.95425E+00    2.27875E-07
 7.95996E+00    2.32798E-07
 7.96495E+00    2.37194E-07
 7.96932E+00    2.41108E-07
 7.97698E+00    2.48114E-07
 7.98273E+00    2.53502E-07
 7.98704E+00    2.57619E-07
 7.99352E+00    2.63921E-07
 8.00000E+00    2.70377E-07
 8.00758E+00    2.77807E-07
 8.01505E+00    2.85320E-07
 8.02241E+00    2.92915E-07
 8.02966E+00    3.00588E-07
 8.03681E+00    3.08337E-07
 8.04385E+00    3.16161E-07
 8.05078E+00    3.24056E-07
 8.05762E+00    3.32020E-07
 8.06435E+00    3.40051E-07
 8.07098E+00    3.48146E-07
 8.07752E+00    3.56303E-07
 8.08395E+00    3.64519E-07
 8.09029E+00    3.72792E-07
 8.09654E+00    3.81119E-07
 8.10270E+00    3.89497E-07
 8.10876E+00    3.97924E-07
 8.11473E+00    4.06398E-07
 8.12061E+00    4.14915E-07
 8.12641E+00    4.23474E-07
 8.13212E+00    4.32072E-07
 8.13774E+00    4.40705E-07
 8.14328E+00    4.49372E-07
 8.14874E+00    4.58070E-07
 8.15411E+00    4.66797E-07
 8.15941E+00    4.75550E-07
 8.16463E+00    4.84326E-07
 8.16976E+00    4.93123E-07
 8.17482E+00    5.01939E-07
 8.17981E+00    5.10771E-07
 8.18472E+00    5.19617E-07
 8.18955E+00    5.28474E-07
 8.19431E+00    5.37340E-07
 8.19900E+00    5.46213E-07
 8.20362E+00    5.55090E-07
 8.20817E+00    5.63970E-07
 8.21266E+00    5.72850E-07
 8.21707E+00    5.81727E-07
 8.22142E+00    5.90600E-07
 8.22570E+00    5.99467E-07
 8.22992E+00    6.08325E-07
 8.23407E+00    6.17172E-07
 8.24225E+00    6.34968E-07
 8.25019E+00    6.52697E-07
 8.25788E+00    6.70344E-07
 8.26534E+00    6.87895E-07
 8.27258E+00    7.05335E-07
 8.27959E+00    7.22652E-07
 8.28639E+00    7.39832E-07
 8.29298E+00    7.56866E-07
 8.29938E+00    7.73741E-07
 8.30557E+00    7.90447E-07
 8.31158E+00    8.06975E-07
 8.31741E+00    8.23316E-07
 8.32305E+00    8.39462E-07
 8.32853E+00    8.55405E-07
 8.33383E+00    8.71139E-07
 8.33898E+00    8.86657E-07
 8.34396E+00    9.01953E-07
 8.34879E+00    9.17024E-07
 8.35348E+00    9.31863E-07
 8.35802E+00    9.46468E-07
 8.36242E+00    9.60834E-07
 8.36668E+00    9.74959E-07
 8.37496E+00    1.00292E-06
 8.38272E+00    1.02986E-06
 8.39000E+00    1.05578E-06
 8.39683E+00    1.08066E-06
 8.40324E+00    1.10453E-06
 8.40926E+00    1.12738E-06
 8.41490E+00    1.14923E-06
 8.42019E+00    1.17010E-06
 8.42516E+00    1.19001E-06
 8.42982E+00    1.20899E-06
 8.43419E+00    1.22705E-06
 8.44239E+00    1.26165E-06
 8.44957E+00    1.29272E-06
 8.45586E+00    1.32053E-06
 8.46136E+00    1.34536E-06
 8.46618E+00    1.36747E-06
 8.47462E+00    1.40704E-06
 8.48096E+00    1.43746E-06
 8.48572E+00    1.46071E-06
 8.49286E+00    1.49629E-06
 8.50000E+00    1.53274E-06
 8.50760E+00    1.56939E-06
 8.51508E+00    1.60633E-06
 8.52245E+00    1.64354E-06
 8.52971E+00    1.68100E-06
 8.53687E+00    1.71872E-06
 8.54392E+00    1.75667E-06
 8.55086E+00    1.79485E-06
 8.55771E+00    1.83325E-06
 8.56445E+00    1.87184E-06
 8.57109E+00    1.91063E-06
 8.57763E+00    1.94959E-06
 8.58407E+00    1.98872E-06
 8.59042E+00    2.02801E-06
 8.59668E+00    2.06744E-06
 8.60284E+00    2.10700E-06
 8.60891E+00    2.14669E-06
 8.61489E+00    2.18648E-06
 8.62077E+00    2.22638E-06
 8.62657E+00    2.26636E-06
 8.63229E+00    2.30642E-06
 8.63792E+00    2.34654E-06
 8.64346E+00    2.38672E-06
 8.64892E+00    2.42694E-06
 8.65430E+00    2.46719E-06
 8.65960E+00    2.50747E-06
 8.66482E+00    2.54776E-06
 8.66996E+00    2.58806E-06
 8.67502E+00    2.62834E-06
 8.68001E+00    2.66861E-06
 8.68492E+00    2.70886E-06
 8.68976E+00    2.74906E-06
 8.69452E+00    2.78923E-06
 8.70391E+00    2.87001E-06
 8.71301E+00    2.95051E-06
 8.72184E+00    3.03065E-06
 8.73040E+00    3.11035E-06
 8.73870E+00    3.18956E-06
 8.74675E+00    3.26822E-06
 8.75456E+00    3.34627E-06
 8.76212E+00    3.42366E-06
 8.76946E+00    3.50034E-06
 8.77658E+00    3.57626E-06
 8.78347E+00    3.65137E-06
 8.79016E+00    3.72564E-06
 8.79664E+00    3.79903E-06
 8.80293E+00    3.87151E-06
 8.80902E+00    3.94304E-06
 8.81493E+00    4.01360E-06
 8.82065E+00    4.08315E-06
 8.82620E+00    4.15168E-06
 8.83158E+00    4.21916E-06
 8.83680E+00    4.28559E-06
 8.84185E+00    4.35093E-06
 8.84675E+00    4.41518E-06
 8.85625E+00    4.54237E-06
 8.86517E+00    4.66495E-06
 8.87354E+00    4.78287E-06
 8.88139E+00    4.89612E-06
 8.88876E+00    5.00472E-06
 8.89567E+00    5.10873E-06
 8.90215E+00    5.20820E-06
 8.90824E+00    5.30321E-06
 8.91395E+00    5.39385E-06
 8.91930E+00    5.48024E-06
 8.92432E+00    5.56248E-06
 8.93375E+00    5.72003E-06
 8.94200E+00    5.86154E-06
 8.94923E+00    5.98823E-06
 8.95556E+00    6.10132E-06
 8.96110E+00    6.20204E-06
 8.97081E+00    6.38230E-06
 8.97810E+00    6.52092E-06
 8.98357E+00    6.62687E-06
 8.99178E+00    6.78902E-06
 9.00000E+00    6.95513E-06
 9.00761E+00    7.09776E-06
 9.01510E+00    7.24103E-06
 9.02248E+00    7.38487E-06
 9.02976E+00    7.52926E-06
 9.03692E+00    7.67415E-06
 9.04398E+00    7.81950E-06
 9.05093E+00    7.96527E-06
 9.05779E+00    8.11141E-06
 9.06454E+00    8.25789E-06
 9.07118E+00    8.40466E-06
 9.07773E+00    8.55169E-06
 9.08418E+00    8.69893E-06
 9.09054E+00    8.84635E-06
 9.09680E+00    8.99390E-06
 9.10297E+00    9.14155E-06
 9.10904E+00    9.28927E-06
 9.11502E+00    9.43700E-06
 9.12092E+00    9.58472E-06
 9.12672E+00    9.73239E-06
 9.13244E+00    9.87998E-06
 9.13807E+00    1.00274E-05
 9.14362E+00    1.01748E-05
 9.15455E+00    1.04711E-05
 9.16515E+00    1.07665E-05
 9.17544E+00    1.10605E-05
 9.18541E+00    1.13530E-05
 9.19508E+00    1.16438E-05
 9.20446E+00    1.19326E-05
 9.21356E+00    1.22191E-05
 9.22237E+00    1.25033E-05
 9.23093E+00    1.27849E-05
 9.23922E+00    1.30637E-05
 9.24726E+00    1.33397E-05
 9.25505E+00    1.36125E-05
 9.26261E+00    1.38822E-05
 9.26994E+00    1.41485E-05
 9.27704E+00    1.44114E-05
 9.28393E+00    1.46707E-05
 9.29061E+00    1.49263E-05
 9.29708E+00    1.51782E-05
 9.30336E+00    1.54263E-05
 9.30944E+00    1.56706E-05
 9.31534E+00    1.59108E-05
 9.32105E+00    1.61471E-05
 9.33214E+00    1.66149E-05
 9.34254E+00    1.70657E-05
 9.35231E+00    1.74995E-05
 9.36147E+00    1.79162E-05
 9.37007E+00    1.83159E-05
 9.37814E+00    1.86986E-05
 9.38571E+00    1.90647E-05
 9.39281E+00    1.94145E-05
 9.39947E+00    1.97482E-05
 9.40572E+00    2.00662E-05
 9.41159E+00    2.03690E-05
 9.42260E+00    2.09492E-05
 9.43224E+00    2.14704E-05
 9.44068E+00    2.19370E-05
 9.44808E+00    2.23537E-05
 9.45455E+00    2.27247E-05
 9.46589E+00    2.33889E-05
 9.47441E+00    2.38998E-05
 9.48080E+00    2.42902E-05
 9.49039E+00    2.48879E-05
 9.50000E+00    2.55003E-05
 9.50762E+00    2.59463E-05
 9.51512E+00    2.63930E-05
 9.52251E+00    2.68401E-05
 9.52980E+00    2.72878E-05
 9.53697E+00    2.77357E-05
 9.54404E+00    2.81837E-05
 9.55100E+00    2.86319E-05
 9.55786E+00    2.90800E-05
 9.56461E+00    2.95279E-05
 9.57127E+00    2.99756E-05
 9.57782E+00    3.04229E-05
 9.58428E+00    3.08698E-05
 9.59701E+00    3.17688E-05
 9.60935E+00    3.26647E-05
 9.62132E+00    3.35566E-05
 9.63294E+00    3.44440E-05
 9.64420E+00    3.53259E-05
 9.65513E+00    3.62018E-05
 9.66572E+00    3.70711E-05
 9.67600E+00    3.79331E-05
 9.68596E+00    3.87872E-05
 9.69563E+00    3.96330E-05
 9.70500E+00    4.04700E-05
 9.71408E+00    4.12976E-05
 9.72289E+00    4.21156E-05
 9.73143E+00    4.29234E-05
 9.73971E+00    4.37207E-05
 9.74775E+00    4.45073E-05
 9.75553E+00    4.52827E-05
 9.76308E+00    4.60468E-05
 9.77040E+00    4.67993E-05
 9.77749E+00    4.75401E-05
 9.78437E+00    4.82688E-05
 9.79104E+00    4.89855E-05
 9.80397E+00    5.04044E-05
 9.81611E+00    5.17719E-05
 9.82750E+00    5.30876E-05
 9.83819E+00    5.43515E-05
 9.84823E+00    5.55637E-05
 9.85765E+00    5.67246E-05
 9.86649E+00    5.78350E-05
 9.87478E+00    5.88958E-05
 9.88256E+00    5.99079E-05
 9.88986E+00    6.08726E-05
 9.89671E+00    6.17910E-05
 9.90956E+00    6.35506E-05
 9.92082E+00    6.51314E-05
 9.93068E+00    6.65467E-05
 9.93932E+00    6.78104E-05
 9.94689E+00    6.89357E-05
 9.96014E+00    7.09502E-05
 9.97009E+00    7.24997E-05
 9.97756E+00    7.36839E-05
 9.98877E+00    7.54966E-05
 1.00000E+01    7.73539E-05
 1.00076E+01    7.85120E-05
 1.00151E+01    7.96689E-05
 1.00299E+01    8.19966E-05
 1.00443E+01    8.43164E-05
 1.00582E+01    8.66262E-05
 1.00718E+01    8.89242E-05
 1.00849E+01    9.12085E-05
 1.00976E+01    9.34774E-05
 1.01099E+01    9.57291E-05
 1.01219E+01    9.79623E-05
 1.01335E+01    1.00175E-04
 1.01448E+01    1.02367E-04
 1.01557E+01    1.04536E-04
 1.01663E+01    1.06680E-04
 1.01765E+01    1.08800E-04
 1.01865E+01    1.10894E-04
 1.01962E+01    1.12960E-04
 1.02055E+01    1.14999E-04
 1.02146E+01    1.17009E-04
 1.02234E+01    1.18990E-04
 1.02319E+01    1.20941E-04
 1.02402E+01    1.22861E-04
 1.02482E+01    1.24750E-04
 1.02560E+01    1.26609E-04
 1.02711E+01    1.30288E-04
 1.02852E+01    1.33834E-04
 1.02985E+01    1.37246E-04
 1.03110E+01    1.40524E-04
 1.03227E+01    1.43668E-04
 1.03337E+01    1.46680E-04
 1.03440E+01    1.49560E-04
 1.03537E+01    1.52312E-04
 1.03628E+01    1.54938E-04
 1.03713E+01    1.57441E-04
 1.03793E+01    1.59824E-04
 1.03943E+01    1.64390E-04
 1.04075E+01    1.68492E-04
 1.04190E+01    1.72166E-04
 1.04291E+01    1.75445E-04
 1.04379E+01    1.78366E-04
 1.04534E+01    1.83596E-04
 1.04650E+01    1.87618E-04
 1.04738E+01    1.90692E-04
 1.04869E+01    1.95399E-04
 1.05000E+01    2.00221E-04
 1.05153E+01    2.05482E-04
 1.05301E+01    2.10711E-04
 1.05445E+01    2.15903E-04
 1.05584E+01    2.21054E-04
 1.05719E+01    2.26162E-04
 1.05851E+01    2.31223E-04
 1.05978E+01    2.36233E-04
 1.06101E+01    2.41191E-04
 1.06221E+01    2.46093E-04
 1.06337E+01    2.50936E-04
 1.06450E+01    2.55719E-04
 1.06559E+01    2.60440E-04
 1.06665E+01    2.65096E-04
 1.06768E+01    2.69686E-04
 1.06867E+01    2.74208E-04
 1.06964E+01    2.78661E-04
 1.07057E+01    2.83045E-04
 1.07148E+01    2.87356E-04
 1.07236E+01    2.91596E-04
 1.07407E+01    2.99989E-04
 1.07567E+01    3.08077E-04
 1.07717E+01    3.15858E-04
 1.07859E+01    3.23330E-04
 1.07991E+01    3.30496E-04
 1.08116E+01    3.37358E-04
 1.08233E+01    3.43921E-04
 1.08342E+01    3.50190E-04
 1.08445E+01    3.56170E-04
 1.08542E+01    3.61869E-04
 1.08632E+01    3.67295E-04
 1.08802E+01    3.77689E-04
 1.08951E+01    3.87024E-04
 1.09082E+01    3.95382E-04
 1.09196E+01    4.02843E-04
 1.09296E+01    4.09487E-04
 1.09472E+01    4.21378E-04
 1.09604E+01    4.30522E-04
 1.09703E+01    4.37510E-04
 1.09851E+01    4.48206E-04
 1.10000E+01    4.59163E-04
 1.10153E+01    4.69780E-04
 1.10301E+01    4.80299E-04
 1.10445E+01    4.90715E-04
 1.10585E+01    5.01019E-04
 1.10720E+01    5.11209E-04
 1.10851E+01    5.21277E-04
 1.10979E+01    5.31220E-04
 1.11102E+01    5.41033E-04
 1.11222E+01    5.50712E-04
 1.11338E+01    5.60254E-04
 1.11451E+01    5.69655E-04
 1.11560E+01    5.78913E-04
 1.11666E+01    5.88025E-04
 1.11769E+01    5.96989E-04
 1.11868E+01    6.05803E-04
 1.12062E+01    6.23253E-04
 1.12243E+01    6.40068E-04
 1.12413E+01    6.56243E-04
 1.12573E+01    6.71779E-04
 1.12723E+01    6.86678E-04
 1.12864E+01    7.00946E-04
 1.12997E+01    7.14591E-04
 1.13121E+01    7.27624E-04
 1.13237E+01    7.40058E-04
 1.13347E+01    7.51909E-04
 1.13449E+01    7.63191E-04
 1.13642E+01    7.84802E-04
 1.13811E+01    8.04214E-04
 1.13959E+01    8.21593E-04
 1.14089E+01    8.37107E-04
 1.14202E+01    8.50922E-04
 1.14401E+01    8.75649E-04
 1.14550E+01    8.94665E-04
 1.14663E+01    9.09197E-04
 1.14831E+01    9.31439E-04
 1.15000E+01    9.54225E-04
 1.15153E+01    9.73740E-04
 1.15302E+01    9.93025E-04
 1.15446E+01    1.01207E-03
 1.15585E+01    1.03087E-03
 1.15721E+01    1.04942E-03
 1.15852E+01    1.06770E-03
 1.15979E+01    1.08572E-03
 1.16103E+01    1.10346E-03
 1.16223E+01    1.12093E-03
 1.16339E+01    1.13811E-03
 1.16452E+01    1.15500E-03
 1.16670E+01    1.18846E-03
 1.16876E+01    1.22070E-03
 1.17069E+01    1.25173E-03
 1.17250E+01    1.28153E-03
 1.17420E+01    1.31010E-03
 1.17579E+01    1.33748E-03
 1.17729E+01    1.36366E-03
 1.17870E+01    1.38867E-03
 1.18002E+01    1.41253E-03
 1.18126E+01    1.43528E-03
 1.18242E+01    1.45693E-03
 1.18460E+01    1.49842E-03
 1.18652E+01    1.53569E-03
 1.18820E+01    1.56906E-03
 1.18966E+01    1.59886E-03
 1.19095E+01    1.62539E-03
 1.19321E+01    1.67289E-03
 1.19490E+01    1.70942E-03
 1.19617E+01    1.73734E-03
 1.19809E+01    1.78008E-03
 1.20000E+01    1.82387E-03
 1.20153E+01    1.85276E-03
 1.20302E+01    1.88118E-03
 1.20590E+01    1.93749E-03
 1.20861E+01    1.99181E-03
 1.21116E+01    2.04413E-03
 1.21355E+01    2.09441E-03
 1.21580E+01    2.14268E-03
 1.21791E+01    2.18894E-03
 1.21989E+01    2.23322E-03
 1.22175E+01    2.27554E-03
 1.22350E+01    2.31595E-03
 1.22514E+01    2.35448E-03
 1.22667E+01    2.39118E-03
 1.22957E+01    2.46155E-03
 1.23210E+01    2.52483E-03
 1.23433E+01    2.58152E-03
 1.23627E+01    2.63217E-03
 1.23798E+01    2.67731E-03
 1.23948E+01    2.71744E-03
 1.24210E+01    2.78911E-03
 1.24407E+01    2.84411E-03
 1.24703E+01    2.92864E-03
 1.25000E+01    3.01568E-03
 1.25307E+01    3.07529E-03
 1.25595E+01    3.13225E-03
 1.25866E+01    3.18660E-03
 1.26120E+01    3.23841E-03
 1.26360E+01    3.28775E-03
 1.26809E+01    3.38229E-03
 1.27203E+01    3.46725E-03
 1.27550E+01    3.54333E-03
 1.27853E+01    3.61127E-03
 1.28120E+01    3.67179E-03
 1.28587E+01    3.78014E-03
 1.28939E+01    3.86350E-03
 1.29203E+01    3.92722E-03
 1.29601E+01    4.02479E-03
 1.30000E+01    4.12477E-03
 1.30615E+01    4.21524E-03
 1.31155E+01    4.29603E-03
 1.31630E+01    4.36799E-03
 1.32464E+01    4.49683E-03
 1.33094E+01    4.59595E-03
 1.33568E+01    4.67172E-03
 1.34282E+01    4.78773E-03
 1.35000E+01    4.90661E-03
 1.37477E+01    5.06222E-03
 1.40000E+01    5.22277E-03
 1.45000E+01    5.32947E-03
 1.50000E+01    5.42186E-03
 1.51215E+01    5.58142E-03
 1.52286E+01    5.72489E-03
 1.53230E+01    5.85344E-03
 1.54060E+01    5.96829E-03
 1.54790E+01    6.07063E-03
 1.56077E+01    6.25397E-03
 1.57048E+01    6.39510E-03
 1.57781E+01    6.50303E-03
 1.58887E+01    6.66835E-03
 1.60000E+01    6.83788E-03
 1.60303E+01    6.94218E-03
 1.60893E+01    7.14881E-03
 1.61448E+01    7.34810E-03
 1.61969E+01    7.53998E-03
 1.62460E+01    7.72442E-03
 1.62921E+01    7.90143E-03
 1.63355E+01    8.07105E-03
 1.63762E+01    8.23339E-03
 1.64145E+01    8.38853E-03
 1.64505E+01    8.53664E-03
 1.64844E+01    8.67786E-03
 1.65161E+01    8.81238E-03
 1.65758E+01    9.07024E-03
 1.66283E+01    9.30206E-03
 1.66743E+01    9.50975E-03
 1.67147E+01    9.69528E-03
 1.67501E+01    9.86059E-03
 1.68122E+01    1.01567E-02
 1.68590E+01    1.03846E-02
 1.68941E+01    1.05589E-02
 1.69470E+01    1.08258E-02
 1.70000E+01    1.10994E-02
 1.70304E+01    1.13274E-02
 1.70599E+01    1.15528E-02
 1.70885E+01    1.17754E-02
 1.71163E+01    1.19951E-02
 1.71432E+01    1.22119E-02
 1.71694E+01    1.24256E-02
 1.71947E+01    1.26363E-02
 1.72194E+01    1.28437E-02
 1.72432E+01    1.30479E-02
 1.72664E+01    1.32488E-02
 1.73114E+01    1.36470E-02
 1.73536E+01    1.40311E-02
 1.73933E+01    1.44010E-02
 1.74306E+01    1.47566E-02
 1.74657E+01    1.50981E-02
 1.74986E+01    1.54253E-02
 1.75295E+01    1.57385E-02
 1.75586E+01    1.60379E-02
 1.75858E+01    1.63238E-02
 1.76114E+01    1.65964E-02
 1.76355E+01    1.68561E-02
 1.76806E+01    1.73541E-02
 1.77202E+01    1.78019E-02
 1.77550E+01    1.82032E-02
 1.77854E+01    1.85617E-02
 1.78121E+01    1.88812E-02
 1.78355E+01    1.91653E-02
 1.78765E+01    1.96728E-02
 1.79073E+01    2.00622E-02
 1.79536E+01    2.06607E-02
 1.80000E+01    2.12772E-02
 1.80304E+01    2.17233E-02
 1.80600E+01    2.21645E-02
 1.80886E+01    2.26003E-02
 1.81164E+01    2.30308E-02
 1.81434E+01    2.34556E-02
 1.81696E+01    2.38745E-02
 1.81950E+01    2.42876E-02
 1.82196E+01    2.46945E-02
 1.82435E+01    2.50952E-02
 1.82667E+01    2.54896E-02
 1.82892E+01    2.58776E-02
 1.83328E+01    2.66462E-02
 1.83738E+01    2.73874E-02
 1.84123E+01    2.81011E-02
 1.84485E+01    2.87871E-02
 1.84825E+01    2.94453E-02
 1.85145E+01    3.00761E-02
 1.85444E+01    3.06797E-02
 1.85726E+01    3.12567E-02
 1.85990E+01    3.18074E-02
 1.86238E+01    3.23324E-02
 1.86471E+01    3.28326E-02
 1.86909E+01    3.37913E-02
 1.87292E+01    3.46531E-02
 1.87629E+01    3.54252E-02
 1.87923E+01    3.61148E-02
 1.88182E+01    3.67293E-02
 1.88408E+01    3.72755E-02
 1.88805E+01    3.82511E-02
 1.89103E+01    3.89994E-02
 1.89551E+01    4.01495E-02
 1.90000E+01    4.13335E-02
 1.90305E+01    4.23669E-02
 1.90601E+01    4.33927E-02
 1.90887E+01    4.44100E-02
 1.91166E+01    4.54184E-02
 1.91436E+01    4.64170E-02
 1.91698E+01    4.74054E-02
 1.91952E+01    4.83829E-02
 1.92199E+01    4.93491E-02
 1.92438E+01    5.03035E-02
 1.92670E+01    5.12457E-02
 1.92895E+01    5.21753E-02
 1.93113E+01    5.30919E-02
 1.93324E+01    5.39952E-02
 1.93530E+01    5.48849E-02
 1.93729E+01    5.57608E-02
 1.93922E+01    5.66227E-02
 1.94109E+01    5.74703E-02
 1.94472E+01    5.91489E-02
 1.94813E+01    6.07670E-02
 1.95133E+01    6.23242E-02
 1.95434E+01    6.38203E-02
 1.95716E+01    6.52555E-02
 1.95981E+01    6.66303E-02
 1.96230E+01    6.79454E-02
 1.96463E+01    6.92020E-02
 1.96683E+01    7.04010E-02
 1.96888E+01    7.15440E-02
 1.97081E+01    7.26325E-02
 1.97444E+01    7.47181E-02
 1.97762E+01    7.65920E-02
 1.98040E+01    7.82703E-02
 1.98284E+01    7.97689E-02
 1.98498E+01    8.11037E-02
 1.98872E+01    8.34935E-02
 1.99154E+01    8.53320E-02
 1.99365E+01    8.67374E-02
 1.99682E+01    8.88890E-02
 2.00000E+01    9.10939E-02
 2.00305E+01    9.34028E-02
 2.00601E+01    9.56953E-02
 2.00889E+01    9.79698E-02
 2.01167E+01    1.00225E-01
 2.01437E+01    1.02459E-01
 2.01700E+01    1.04670E-01
 2.01954E+01    1.06858E-01
 2.02201E+01    1.09022E-01
 2.02440E+01    1.11159E-01
 2.02672E+01    1.13270E-01
 2.02897E+01    1.15353E-01
 2.03115E+01    1.17407E-01
 2.03327E+01    1.19432E-01
 2.03532E+01    1.21427E-01
 2.03732E+01    1.23391E-01
 2.03925E+01    1.25325E-01
 2.04112E+01    1.27226E-01
 2.04475E+01    1.30994E-01
 2.04816E+01    1.34627E-01
 2.05136E+01    1.38124E-01
 2.05437E+01    1.41485E-01
 2.05719E+01    1.44711E-01
 2.05984E+01    1.47801E-01
 2.06233E+01    1.50758E-01
 2.06466E+01    1.53585E-01
 2.06685E+01    1.56282E-01
 2.06891E+01    1.58855E-01
 2.07084E+01    1.61304E-01
 2.07446E+01    1.66000E-01
 2.07764E+01    1.70221E-01
 2.08042E+01    1.74002E-01
 2.08286E+01    1.77379E-01
 2.08499E+01    1.80388E-01
 2.08686E+01    1.83062E-01
 2.09014E+01    1.87839E-01
 2.09260E+01    1.91502E-01
 2.09630E+01    1.97132E-01
 2.10000E+01    2.02928E-01
 2.10306E+01    2.07983E-01
 2.10602E+01    2.12999E-01
 2.10889E+01    2.17975E-01
 2.11168E+01    2.22905E-01
 2.11439E+01    2.27788E-01
 2.11701E+01    2.32620E-01
 2.11956E+01    2.37399E-01
 2.12203E+01    2.42123E-01
 2.12442E+01    2.46788E-01
 2.12674E+01    2.51393E-01
 2.12900E+01    2.55936E-01
 2.13118E+01    2.60416E-01
 2.13330E+01    2.64830E-01
 2.13535E+01    2.69177E-01
 2.13734E+01    2.73457E-01
 2.13927E+01    2.77668E-01
 2.14114E+01    2.81810E-01
 2.14478E+01    2.90010E-01
 2.14819E+01    2.97914E-01
 2.15139E+01    3.05520E-01
 2.15440E+01    3.12826E-01
 2.15722E+01    3.19835E-01
 2.15987E+01    3.26548E-01
 2.16235E+01    3.32969E-01
 2.16469E+01    3.39104E-01
 2.16688E+01    3.44958E-01
 2.16893E+01    3.50538E-01
 2.17086E+01    3.55851E-01
 2.17448E+01    3.66031E-01
 2.17766E+01    3.75177E-01
 2.18044E+01    3.83367E-01
 2.18287E+01    3.90679E-01
 2.18501E+01    3.97192E-01
 2.18875E+01    4.08852E-01
 2.19155E+01    4.17822E-01
 2.19366E+01    4.24677E-01
 2.19683E+01    4.35173E-01
 2.20000E+01    4.45927E-01
 2.20306E+01    4.57233E-01
 2.20602E+01    4.68460E-01
 2.20890E+01    4.79598E-01
 2.21169E+01    4.90640E-01
 2.21440E+01    5.01580E-01
 2.21703E+01    5.12411E-01
 2.21957E+01    5.23126E-01
 2.22204E+01    5.33720E-01
 2.22444E+01    5.44187E-01
 2.22676E+01    5.54523E-01
 2.22902E+01    5.64724E-01
 2.23120E+01    5.74784E-01
 2.23332E+01    5.84701E-01
 2.23537E+01    5.94471E-01
 2.23737E+01    6.04091E-01
 2.23930E+01    6.13559E-01
 2.24117E+01    6.22873E-01
 2.24299E+01    6.32031E-01
 2.24651E+01    6.50158E-01
 2.24981E+01    6.67625E-01
 2.25292E+01    6.84426E-01
 2.25583E+01    7.00560E-01
 2.25857E+01    7.16032E-01
 2.26113E+01    7.30846E-01
 2.26354E+01    7.45013E-01
 2.26581E+01    7.58544E-01
 2.26793E+01    7.71452E-01
 2.26992E+01    7.83753E-01
 2.27179E+01    7.95463E-01
 2.27530E+01    8.17894E-01
 2.27837E+01    8.38038E-01
 2.28106E+01    8.56071E-01
 2.28342E+01    8.72168E-01
 2.28549E+01    8.86501E-01
 2.28911E+01    9.12153E-01
 2.29182E+01    9.31878E-01
 2.29387E+01    9.46951E-01
 2.29693E+01    9.70019E-01
 2.30000E+01    9.93648E-01
 2.30306E+01    1.00970E+00
 2.30603E+01    1.02551E+00
 2.30891E+01    1.04105E+00
 2.31450E+01    1.07184E+00
 2.31975E+01    1.10153E+00
 2.32469E+01    1.13011E+00
 2.32933E+01    1.15758E+00
 2.33368E+01    1.18394E+00
 2.33777E+01    1.20919E+00
 2.34161E+01    1.23336E+00
 2.34522E+01    1.25645E+00
 2.34861E+01    1.27850E+00
 2.35179E+01    1.29951E+00
 2.35477E+01    1.31953E+00
 2.36038E+01    1.35790E+00
 2.36530E+01    1.39238E+00
 2.36961E+01    1.42327E+00
 2.37338E+01    1.45086E+00
 2.37670E+01    1.47545E+00
 2.38250E+01    1.51947E+00
 2.38686E+01    1.55335E+00
 2.39014E+01    1.57925E+00
 2.39507E+01    1.61892E+00
 2.40000E+01    1.65958E+00
 2.40613E+01    1.69854E+00
 2.41189E+01    1.73589E+00
 2.41731E+01    1.77166E+00
 2.42239E+01    1.80586E+00
 2.42717E+01    1.83852E+00
 2.43166E+01    1.86967E+00
 2.43588E+01    1.89936E+00
 2.44380E+01    1.95630E+00
 2.45076E+01    2.00752E+00
 2.45686E+01    2.05344E+00
 2.46221E+01    2.09448E+00
 2.46690E+01    2.13106E+00
 2.47102E+01    2.16359E+00
 2.47823E+01    2.22173E+00
 2.48366E+01    2.26635E+00
 2.49181E+01    2.33496E+00
 2.50000E+01    2.40566E+00
 2.50614E+01    2.46504E+00
 2.51190E+01    2.52205E+00
 2.51732E+01    2.57669E+00
 2.52241E+01    2.62899E+00
 2.52719E+01    2.67898E+00
 2.53168E+01    2.72671E+00
 2.53590E+01    2.77223E+00
 2.53986E+01    2.81560E+00
 2.54730E+01    2.89874E+00
 2.55383E+01    2.97351E+00
 2.55955E+01    3.04051E+00
 2.56457E+01    3.10037E+00
 2.56898E+01    3.15371E+00
 2.57283E+01    3.20114E+00
 2.57960E+01    3.28587E+00
 2.58468E+01    3.35088E+00
 2.59233E+01    3.45081E+00
 2.60000E+01    3.55373E+00
 2.61229E+01    3.65996E+00
 2.62310E+01    3.75550E+00
 2.63259E+01    3.84115E+00
 2.64092E+01    3.91770E+00
 2.64824E+01    3.98592E+00
 2.66108E+01    4.10819E+00
 2.67076E+01    4.20235E+00
 2.67804E+01    4.27438E+00
 2.68900E+01    4.38474E+00
 2.70000E+01    4.49796E+00
 2.71230E+01    4.59664E+00
 2.72311E+01    4.68476E+00
 2.73261E+01    4.76326E+00
 2.74930E+01    4.90380E+00
 2.76189E+01    5.01191E+00
 2.77137E+01    5.09456E+00
 2.78565E+01    5.22110E+00
 2.80000E+01    5.35078E+00
 2.82467E+01    5.52311E+00
 2.84332E+01    5.65599E+00
 2.85738E+01    5.75774E+00
 2.87861E+01    5.91382E+00
 2.90000E+01    6.07412E+00
 2.92468E+01    6.25378E+00
 2.94333E+01    6.39200E+00
 2.97153E+01    6.60508E+00
 3.00000E+01    6.82526E+00
 3.09839E+01    7.12375E+00
 3.20000E+01    7.43530E+00
 3.40000E+01    7.90785E+00
 3.44893E+01    7.77523E+00
 3.48610E+01    7.67722E+00
 3.54259E+01    7.53253E+00
 3.60000E+01    7.39056E+00
 3.64899E+01    7.28990E+00
 3.68617E+01    7.21530E+00
 3.74265E+01    7.10483E+00
 3.80000E+01    6.99605E+00
 3.84904E+01    6.90361E+00
 3.92380E+01    6.76724E+00
 4.00000E+01    6.63357E+00
 4.02447E+01    6.50081E+00
 4.04600E+01    6.38683E+00
 4.06494E+01    6.28874E+00
 4.08158E+01    6.20414E+00
 4.11087E+01    6.05883E+00
 4.13297E+01    5.95209E+00
 4.14963E+01    5.87326E+00
 4.17474E+01    5.75698E+00
 4.20000E+01    5.64300E+00
 4.22449E+01    5.57780E+00
 4.26770E+01    5.46551E+00
 4.30040E+01    5.38277E+00
 4.34991E+01    5.26101E+00
 4.40000E+01    5.14201E+00
 4.42452E+01    5.07801E+00
 4.46775E+01    4.96793E+00
 4.50045E+01    4.88694E+00
 4.52513E+01    4.82706E+00
 4.56241E+01    4.73862E+00
 4.60000E+01    4.65180E+00
 4.61225E+01    4.58247E+00
 4.62377E+01    4.51841E+00
 4.63459E+01    4.45917E+00
 4.65495E+01    4.35018E+00
 4.67284E+01    4.25701E+00
 4.68855E+01    4.17711E+00
 4.70234E+01    4.10844E+00
 4.71444E+01    4.04927E+00
 4.73568E+01    3.94778E+00
 4.75168E+01    3.87333E+00
 4.76371E+01    3.81842E+00
 4.78182E+01    3.73751E+00
 4.80000E+01    3.65831E+00
 4.84924E+01    3.59722E+00
 4.88650E+01    3.55208E+00
 4.94292E+01    3.48542E+00
 5.00000E+01    3.42001E+00
 5.04927E+01    3.36594E+00
 5.08654E+01    3.32595E+00
 5.14295E+01    3.26686E+00
 5.20000E+01    3.20881E+00
 5.22459E+01    3.16558E+00
 5.26790E+01    3.09132E+00
 5.30062E+01    3.03677E+00
 5.32529E+01    2.99650E+00
 5.36252E+01    2.93708E+00
 5.40000E+01    2.87884E+00
 5.42460E+01    2.82706E+00
 5.44622E+01    2.78252E+00
 5.46521E+01    2.74412E+00
 5.49860E+01    2.67820E+00
 5.52378E+01    2.62980E+00
 5.54274E+01    2.59407E+00
 5.57129E+01    2.54139E+00
 5.60000E+01    2.48978E+00
 5.61230E+01    2.43997E+00
 5.62385E+01    2.39418E+00
 5.63470E+01    2.35203E+00
 5.64489E+01    2.31319E+00
 5.65446E+01    2.27736E+00
 5.66345E+01    2.24428E+00
 5.67189E+01    2.21370E+00
 5.68775E+01    2.15748E+00
 5.70166E+01    2.10945E+00
 5.71386E+01    2.06831E+00
 5.72456E+01    2.03297E+00
 5.73393E+01    2.00255E+00
 5.75038E+01    1.95039E+00
 5.76274E+01    1.91217E+00
 5.77204E+01    1.88400E+00
 5.78600E+01    1.84251E+00
 5.80000E+01    1.80194E+00
 5.82463E+01    1.77801E+00
 5.86799E+01    1.73688E+00
 5.90072E+01    1.70666E+00
 5.92538E+01    1.68435E+00
 5.96257E+01    1.65142E+00
 6.00000E+01    1.61913E+00
