# n + Ac228 : (n,3na)   
# eaf.2010   Manhattan project, site A         EVAL-JUN10
# uncertainties: n
# # energies =    37
#   E(MeV)       xs(mb) 
 6.04615E+00    0.00000E+00
 1.25000E+01    2.51491E-11
 1.30000E+01    1.53724E-09
 1.35000E+01    1.32747E-08
 1.40000E+01    6.66935E-08
 1.45000E+01    2.97214E-07
 1.50000E+01    1.29015E-06
 1.60000E+01    1.99991E-05
 1.70000E+01    2.02114E-04
 1.80000E+01    1.28926E-03
 1.90000E+01    4.87203E-03
 2.00000E+01    1.15229E-02
 2.10000E+01    1.99375E-02
 2.20000E+01    2.81746E-02
 2.30000E+01    3.49866E-02
 2.40000E+01    4.69573E-02
 2.50000E+01    6.17438E-02
 2.60000E+01    1.06933E-01
 2.70000E+01    1.76475E-01
 2.80000E+01    2.82464E-01
 2.90000E+01    6.02407E-01
 3.00000E+01    9.30787E-01
 3.20000E+01    2.32623E+00
 3.40000E+01    3.88374E+00
 3.60000E+01    6.18445E+00
 3.80000E+01    7.27491E+00
 4.00000E+01    7.95588E+00
 4.20000E+01    8.87678E+00
 4.40000E+01    7.98355E+00
 4.60000E+01    7.66938E+00
 4.80000E+01    7.88192E+00
 5.00000E+01    6.72971E+00
 5.20000E+01    5.72826E+00
 5.40000E+01    5.26447E+00
 5.60000E+01    4.90289E+00
 5.80000E+01    5.02622E+00
 6.00000E+01    4.46472E+00
