# n + Ac228 : (n,2n2a)  
# eaf.2010   Manhattan project, site A         EVAL-JUN10
# uncertainties: n
# # energies =   581
#   E(MeV)       xs(mb) 
 1.00000E-11    1.00000E-17
 2.00000E-11    1.00000E-17
 4.00000E-11    1.00000E-17
 8.00000E-11    1.00000E-17
 1.60000E-10    1.00000E-17
 3.20000E-10    1.00000E-17
 6.40000E-10    1.00000E-17
 1.28000E-09    1.00000E-17
 2.56000E-09    1.00000E-17
 5.12000E-09    1.00000E-17
 1.02400E-08    1.00000E-17
 2.04800E-08    1.00000E-17
 2.53000E-08    1.00000E-17
 3.67980E-08    1.00000E-17
 7.35960E-08    1.00000E-17
 1.47192E-07    1.00000E-17
 1.83990E-07    1.00000E-17
 3.67980E-07    1.00000E-17
 7.35960E-07    1.00000E-17
 1.00000E-06    1.00000E-17
 2.00000E-06    1.00000E-17
 4.00000E-06    1.00000E-17
 8.00000E-06    1.00000E-17
 1.60000E-05    1.00000E-17
 3.20000E-05    1.00000E-17
 6.40000E-05    1.00000E-17
 1.28000E-04    1.00000E-17
 2.56000E-04    1.00000E-17
 5.12000E-04    1.00000E-17
 1.00000E-03    1.00000E-17
 2.00000E-03    1.00000E-17
 4.00000E-03    1.00000E-17
 5.00000E-03    1.00000E-17
 1.00000E-02    1.00000E-17
 2.00000E-02    1.00000E-17
 4.00000E-02    1.00000E-17
 5.00000E-02    1.00000E-17
 1.00000E-01    1.00000E-17
 2.00000E-01    1.00000E-17
 3.00000E-01    1.00000E-17
 4.00000E-01    1.00000E-17
 5.00000E-01    1.00000E-17
 6.00000E-01    1.00000E-17
 7.00000E-01    1.00000E-17
 8.00000E-01    1.00000E-17
 9.00000E-01    1.00000E-17
 1.00000E+00    1.00000E-17
 1.20000E+00    1.00000E-17
 1.40000E+00    1.00000E-17
 1.60000E+00    1.00000E-17
 1.80000E+00    1.00000E-17
 2.00000E+00    1.00000E-17
 2.20000E+00    1.00000E-17
 2.40000E+00    1.00000E-17
 2.60000E+00    1.00000E-17
 2.80000E+00    1.00000E-17
 3.00000E+00    1.00000E-17
 3.20000E+00    1.00000E-17
 3.40000E+00    1.00000E-17
 3.60000E+00    1.00000E-17
 3.80000E+00    1.00000E-17
 4.00000E+00    1.00000E-17
 4.20000E+00    1.00000E-17
 4.40000E+00    1.00000E-17
 4.60000E+00    1.00000E-17
 4.80000E+00    1.00000E-17
 5.00000E+00    1.00000E-17
 5.20000E+00    1.00000E-17
 5.40000E+00    1.00000E-17
 5.60000E+00    1.00000E-17
 5.80000E+00    1.00000E-17
 6.00000E+00    1.00000E-17
 6.20000E+00    1.00000E-17
 6.40000E+00    1.00000E-17
 6.60000E+00    1.00000E-17
 6.80000E+00    1.00000E-17
 7.00000E+00    1.00000E-17
 7.20000E+00    1.00000E-17
 7.40000E+00    1.00000E-17
 7.60000E+00    1.00000E-17
 7.80000E+00    1.00000E-17
 8.00000E+00    1.00000E-17
 8.50000E+00    1.00000E-17
 9.00000E+00    1.00000E-17
 9.50000E+00    1.00000E-17
 1.00000E+01    1.00000E-17
 1.05000E+01    1.00000E-17
 1.10000E+01    1.00000E-17
 1.15000E+01    1.76067E-12
 1.20000E+01    6.32562E-12
 1.25000E+01    1.72251E-11
 1.30000E+01    3.21048E-11
 1.35000E+01    4.79883E-11
 1.40000E+01    2.29925E-10
 1.45000E+01    3.05408E-10
 1.50000E+01    4.54508E-10
 1.60000E+01    4.44644E-10
 1.70000E+01    5.26539E-09
 1.80000E+01    1.04617E-08
 1.90000E+01    3.16274E-08
 2.00000E+01    6.68011E-08
 2.02454E+01    8.40989E-08
 2.04315E+01    9.99529E-08
 2.04490E+01    1.01584E-07
 2.04660E+01    1.03190E-07
 2.04825E+01    1.04770E-07
 2.04985E+01    1.06324E-07
 2.05295E+01    1.09400E-07
 2.05586E+01    1.12365E-07
 2.05859E+01    1.15217E-07
 2.06115E+01    1.17956E-07
 2.06356E+01    1.20584E-07
 2.06582E+01    1.23100E-07
 2.06794E+01    1.25507E-07
 2.06993E+01    1.27807E-07
 2.07179E+01    1.30000E-07
 2.07355E+01    1.32091E-07
 2.07519E+01    1.34082E-07
 2.07828E+01    1.37895E-07
 2.08098E+01    1.41321E-07
 2.08335E+01    1.44388E-07
 2.08542E+01    1.47127E-07
 2.08724E+01    1.49566E-07
 2.09042E+01    1.53931E-07
 2.09281E+01    1.57289E-07
 2.09461E+01    1.59855E-07
 2.09730E+01    1.63783E-07
 2.10000E+01    1.67807E-07
 2.10306E+01    1.71019E-07
 2.10602E+01    1.74188E-07
 2.10889E+01    1.77315E-07
 2.11168E+01    1.80398E-07
 2.11439E+01    1.83435E-07
 2.11701E+01    1.86426E-07
 2.11956E+01    1.89371E-07
 2.12203E+01    1.92267E-07
 2.12682E+01    1.98006E-07
 2.13132E+01    2.03541E-07
 2.13555E+01    2.08871E-07
 2.13952E+01    2.13995E-07
 2.14325E+01    2.18912E-07
 2.14676E+01    2.23625E-07
 2.15005E+01    2.28135E-07
 2.15313E+01    2.32446E-07
 2.15603E+01    2.36562E-07
 2.15876E+01    2.40486E-07
 2.16131E+01    2.44224E-07
 2.16611E+01    2.51391E-07
 2.17032E+01    2.57834E-07
 2.17401E+01    2.63607E-07
 2.17724E+01    2.68764E-07
 2.18007E+01    2.73359E-07
 2.18255E+01    2.77445E-07
 2.18690E+01    2.84741E-07
 2.19017E+01    2.90339E-07
 2.19508E+01    2.98944E-07
 2.20000E+01    3.07803E-07
 2.20306E+01    3.16647E-07
 2.20602E+01    3.25457E-07
 2.20890E+01    3.34226E-07
 2.21169E+01    3.42945E-07
 2.21440E+01    3.51609E-07
 2.21703E+01    3.60211E-07
 2.21957E+01    3.68745E-07
 2.22204E+01    3.77205E-07
 2.22444E+01    3.85585E-07
 2.22676E+01    3.93881E-07
 2.22902E+01    4.02088E-07
 2.23120E+01    4.10202E-07
 2.23332E+01    4.18218E-07
 2.23537E+01    4.26133E-07
 2.23737E+01    4.33944E-07
 2.23930E+01    4.41647E-07
 2.24117E+01    4.49239E-07
 2.24299E+01    4.56719E-07
 2.24475E+01    4.64084E-07
 2.24645E+01    4.71331E-07
 2.24811E+01    4.78461E-07
 2.24971E+01    4.85470E-07
 2.25282E+01    4.99344E-07
 2.25574E+01    5.12711E-07
 2.25848E+01    5.25567E-07
 2.26105E+01    5.37912E-07
 2.26347E+01    5.49749E-07
 2.26574E+01    5.61082E-07
 2.26786E+01    5.71919E-07
 2.26986E+01    5.82269E-07
 2.27173E+01    5.92143E-07
 2.27349E+01    6.01551E-07
 2.27513E+01    6.10506E-07
 2.27823E+01    6.27659E-07
 2.28094E+01    6.43063E-07
 2.28331E+01    6.56851E-07
 2.28539E+01    6.69158E-07
 2.28721E+01    6.80115E-07
 2.29040E+01    6.99724E-07
 2.29280E+01    7.14801E-07
 2.29460E+01    7.26322E-07
 2.29730E+01    7.43951E-07
 2.30000E+01    7.62009E-07
 2.30613E+01    7.84644E-07
 2.31188E+01    8.06475E-07
 2.31730E+01    8.27492E-07
 2.32238E+01    8.47694E-07
 2.32716E+01    8.67080E-07
 2.33164E+01    8.85657E-07
 2.33586E+01    9.03434E-07
 2.33982E+01    9.20425E-07
 2.34353E+01    9.36643E-07
 2.34702E+01    9.52107E-07
 2.35030E+01    9.66837E-07
 2.35646E+01    9.95071E-07
 2.36186E+01    1.02045E-06
 2.36659E+01    1.04319E-06
 2.37074E+01    1.06350E-06
 2.37438E+01    1.08160E-06
 2.38076E+01    1.11401E-06
 2.38555E+01    1.13896E-06
 2.38916E+01    1.15804E-06
 2.39457E+01    1.18725E-06
 2.40000E+01    1.21720E-06
 2.40306E+01    1.23777E-06
 2.40604E+01    1.25802E-06
 2.40892E+01    1.27796E-06
 2.41171E+01    1.29758E-06
 2.41442E+01    1.31687E-06
 2.41969E+01    1.35506E-06
 2.42463E+01    1.39188E-06
 2.42927E+01    1.42730E-06
 2.43363E+01    1.46133E-06
 2.43773E+01    1.49396E-06
 2.44158E+01    1.52522E-06
 2.44519E+01    1.55512E-06
 2.44858E+01    1.58368E-06
 2.45176E+01    1.61093E-06
 2.45475E+01    1.63691E-06
 2.45755E+01    1.66164E-06
 2.46282E+01    1.70902E-06
 2.46744E+01    1.75159E-06
 2.47148E+01    1.78970E-06
 2.47503E+01    1.82373E-06
 2.47814E+01    1.85404E-06
 2.48358E+01    1.90830E-06
 2.48768E+01    1.95003E-06
 2.49075E+01    1.98192E-06
 2.49537E+01    2.03074E-06
 2.50000E+01    2.08077E-06
 2.50307E+01    2.12990E-06
 2.50604E+01    2.17860E-06
 2.50892E+01    2.22685E-06
 2.51172E+01    2.27460E-06
 2.51443E+01    2.32183E-06
 2.51706E+01    2.36853E-06
 2.51962E+01    2.41466E-06
 2.52209E+01    2.46021E-06
 2.52449E+01    2.50515E-06
 2.52682E+01    2.54947E-06
 2.52907E+01    2.59316E-06
 2.53126E+01    2.63619E-06
 2.53338E+01    2.67856E-06
 2.53543E+01    2.72025E-06
 2.53743E+01    2.76126E-06
 2.54129E+01    2.84248E-06
 2.54492E+01    2.92080E-06
 2.54833E+01    2.99618E-06
 2.55153E+01    3.06861E-06
 2.55453E+01    3.13811E-06
 2.55735E+01    3.20469E-06
 2.56000E+01    3.26839E-06
 2.56248E+01    3.32926E-06
 2.56481E+01    3.38736E-06
 2.56699E+01    3.44274E-06
 2.56904E+01    3.49549E-06
 2.57289E+01    3.59657E-06
 2.57627E+01    3.68742E-06
 2.57922E+01    3.76879E-06
 2.58181E+01    3.84146E-06
 2.58408E+01    3.90619E-06
 2.58606E+01    3.96373E-06
 2.58954E+01    4.06647E-06
 2.59215E+01    4.14526E-06
 2.59607E+01    4.26633E-06
 2.60000E+01    4.39093E-06
 2.60307E+01    4.48030E-06
 2.60604E+01    4.56861E-06
 2.60893E+01    4.65583E-06
 2.61173E+01    4.74190E-06
 2.61444E+01    4.82680E-06
 2.61708E+01    4.91050E-06
 2.61963E+01    4.99296E-06
 2.62210E+01    5.07417E-06
 2.62450E+01    5.15410E-06
 2.62683E+01    5.23274E-06
 2.62909E+01    5.31006E-06
 2.63346E+01    5.46313E-06
 2.63757E+01    5.61064E-06
 2.64143E+01    5.75255E-06
 2.64506E+01    5.88884E-06
 2.64846E+01    6.01955E-06
 2.65165E+01    6.14473E-06
 2.65465E+01    6.26444E-06
 2.65746E+01    6.37879E-06
 2.66010E+01    6.48788E-06
 2.66257E+01    6.59186E-06
 2.66490E+01    6.69084E-06
 2.66926E+01    6.88046E-06
 2.67308E+01    7.05079E-06
 2.67643E+01    7.20327E-06
 2.67937E+01    7.33940E-06
 2.68194E+01    7.46063E-06
 2.68644E+01    7.67760E-06
 2.68983E+01    7.84447E-06
 2.69237E+01    7.97199E-06
 2.69618E+01    8.16717E-06
 2.70000E+01    8.36713E-06
 2.70307E+01    8.54691E-06
 2.70605E+01    8.72475E-06
 2.70894E+01    8.90056E-06
 2.71174E+01    9.07425E-06
 2.71445E+01    9.24575E-06
 2.71709E+01    9.41498E-06
 2.71964E+01    9.58188E-06
 2.72211E+01    9.74638E-06
 2.72452E+01    9.90843E-06
 2.72684E+01    1.00680E-05
 2.72910E+01    1.02250E-05
 2.73129E+01    1.03795E-05
 2.73553E+01    1.06854E-05
 2.73952E+01    1.09803E-05
 2.74326E+01    1.12643E-05
 2.74677E+01    1.15371E-05
 2.75007E+01    1.17989E-05
 2.75316E+01    1.20497E-05
 2.75607E+01    1.22897E-05
 2.75879E+01    1.25191E-05
 2.76135E+01    1.27379E-05
 2.76375E+01    1.29466E-05
 2.76600E+01    1.31454E-05
 2.77023E+01    1.35263E-05
 2.77393E+01    1.38686E-05
 2.77718E+01    1.41752E-05
 2.78002E+01    1.44491E-05
 2.78251E+01    1.46930E-05
 2.78469E+01    1.49099E-05
 2.78851E+01    1.52971E-05
 2.79138E+01    1.55941E-05
 2.79569E+01    1.60504E-05
 2.80000E+01    1.65201E-05
 2.80615E+01    1.69410E-05
 2.81192E+01    1.73454E-05
 2.81735E+01    1.77332E-05
 2.82244E+01    1.81047E-05
 2.82723E+01    1.84600E-05
 2.83172E+01    1.87994E-05
 2.83594E+01    1.91233E-05
 2.83991E+01    1.94320E-05
 2.84363E+01    1.97260E-05
 2.85061E+01    2.02892E-05
 2.85674E+01    2.07951E-05
 2.86211E+01    2.12482E-05
 2.86682E+01    2.16527E-05
 2.87095E+01    2.20129E-05
 2.87818E+01    2.26579E-05
 2.88362E+01    2.31540E-05
 2.88771E+01    2.35331E-05
 2.89385E+01    2.41136E-05
 2.90000E+01    2.47083E-05
 2.90307E+01    2.51681E-05
 2.90606E+01    2.56217E-05
 2.90895E+01    2.60689E-05
 2.91175E+01    2.65096E-05
 2.91447E+01    2.69436E-05
 2.91710E+01    2.73709E-05
 2.91966E+01    2.77912E-05
 2.92214E+01    2.82045E-05
 2.92694E+01    2.90230E-05
 2.93146E+01    2.98118E-05
 2.93569E+01    3.05708E-05
 2.93967E+01    3.13000E-05
 2.94341E+01    3.19993E-05
 2.94691E+01    3.26691E-05
 2.95020E+01    3.33098E-05
 2.95329E+01    3.39218E-05
 2.95619E+01    3.45058E-05
 2.95891E+01    3.50624E-05
 2.96146E+01    3.55924E-05
 2.96625E+01    3.66078E-05
 2.97045E+01    3.75200E-05
 2.97413E+01    3.83368E-05
 2.97735E+01    3.90661E-05
 2.98017E+01    3.97156E-05
 2.98512E+01    4.08783E-05
 2.98883E+01    4.17727E-05
 2.99162E+01    4.24562E-05
 2.99581E+01    4.35026E-05
 3.00000E+01    4.45747E-05
 3.09839E+01    4.41385E-05
 3.20000E+01    4.37066E-05
 3.20607E+01    4.47816E-05
 3.21196E+01    4.58483E-05
 3.21767E+01    4.69059E-05
 3.22322E+01    4.79537E-05
 3.22860E+01    4.89910E-05
 3.23383E+01    5.00173E-05
 3.23889E+01    5.10320E-05
 3.24381E+01    5.20347E-05
 3.24858E+01    5.30248E-05
 3.25321E+01    5.40019E-05
 3.25770E+01    5.49657E-05
 3.26206E+01    5.59157E-05
 3.26628E+01    5.68517E-05
 3.27038E+01    5.77734E-05
 3.27435E+01    5.86806E-05
 3.27821E+01    5.95730E-05
 3.28569E+01    6.13407E-05
 3.29272E+01    6.30456E-05
 3.29933E+01    6.46870E-05
 3.30553E+01    6.62646E-05
 3.31136E+01    6.77784E-05
 3.31683E+01    6.92291E-05
 3.32197E+01    7.06173E-05
 3.32679E+01    7.19440E-05
 3.33132E+01    7.32104E-05
 3.33557E+01    7.44179E-05
 3.33956E+01    7.55680E-05
 3.34706E+01    7.77726E-05
 3.35363E+01    7.97543E-05
 3.35939E+01    8.15296E-05
 3.36444E+01    8.31154E-05
 3.36887E+01    8.45283E-05
 3.37274E+01    8.57843E-05
 3.37954E+01    8.80273E-05
 3.38464E+01    8.97479E-05
 3.39231E+01    9.23922E-05
 3.40000E+01    9.51143E-05
 3.41217E+01    9.69728E-05
 3.42361E+01    9.87481E-05
 3.43438E+01    1.00442E-04
 3.44451E+01    1.02056E-04
 3.46357E+01    1.05154E-04
 3.48034E+01    1.07941E-04
 3.49507E+01    1.10440E-04
 3.50802E+01    1.12674E-04
 3.51939E+01    1.14666E-04
 3.53937E+01    1.18237E-04
 3.55443E+01    1.20989E-04
 3.56577E+01    1.23094E-04
 3.58284E+01    1.26321E-04
 3.60000E+01    1.29632E-04
 3.62441E+01    1.33644E-04
 3.64591E+01    1.37256E-04
 3.66482E+01    1.40496E-04
 3.68145E+01    1.43394E-04
 3.69607E+01    1.45979E-04
 3.72178E+01    1.50615E-04
 3.74118E+01    1.54188E-04
 3.75580E+01    1.56924E-04
 3.77784E+01    1.61118E-04
 3.80000E+01    1.65425E-04
 3.80610E+01    1.68008E-04
 3.81201E+01    1.70549E-04
 3.82350E+01    1.75582E-04
 3.83430E+01    1.80435E-04
 3.84445E+01    1.85107E-04
 3.85399E+01    1.89596E-04
 3.86296E+01    1.93904E-04
 3.87138E+01    1.98031E-04
 3.87930E+01    2.01980E-04
 3.88674E+01    2.05754E-04
 3.89372E+01    2.09356E-04
 3.90028E+01    2.12790E-04
 3.90644E+01    2.16061E-04
 3.91801E+01    2.22329E-04
 3.92817E+01    2.27963E-04
 3.93708E+01    2.33009E-04
 3.94489E+01    2.37517E-04
 3.95173E+01    2.41532E-04
 3.96375E+01    2.48723E-04
 3.97278E+01    2.54256E-04
 3.97957E+01    2.58487E-04
 3.98977E+01    2.64965E-04
 4.00000E+01    2.71606E-04
 4.01222E+01    2.76299E-04
 4.02370E+01    2.80773E-04
 4.04533E+01    2.89357E-04
 4.06435E+01    2.97083E-04
 4.08106E+01    3.04012E-04
 4.09574E+01    3.10208E-04
 4.10863E+01    3.15732E-04
 4.13129E+01    3.25638E-04
 4.14836E+01    3.33271E-04
 4.16121E+01    3.39113E-04
 4.18056E+01    3.48068E-04
 4.20000E+01    3.57260E-04
 4.21223E+01    3.64108E-04
 4.22373E+01    3.70646E-04
 4.23453E+01    3.76883E-04
 4.24469E+01    3.82825E-04
 4.26380E+01    3.94221E-04
 4.28059E+01    4.04470E-04
 4.29534E+01    4.13656E-04
 4.30828E+01    4.21865E-04
 4.31964E+01    4.29181E-04
 4.33959E+01    4.42291E-04
 4.35462E+01    4.52386E-04
 4.36592E+01    4.60107E-04
 4.38293E+01    4.71938E-04
 4.40000E+01    4.84073E-04
 4.42452E+01    4.98787E-04
 4.44608E+01    5.12027E-04
 4.46504E+01    5.23901E-04
 4.48169E+01    5.34516E-04
 4.49631E+01    5.43981E-04
 4.52201E+01    5.60949E-04
 4.54138E+01    5.74021E-04
 4.55597E+01    5.84025E-04
 4.57793E+01    5.99359E-04
 4.60000E+01    6.15095E-04
 4.62454E+01    6.28921E-04
 4.64611E+01    6.41273E-04
 4.66508E+01    6.52280E-04
 4.69845E+01    6.71998E-04
 4.72363E+01    6.87177E-04
 4.74261E+01    6.98786E-04
 4.77122E+01    7.16568E-04
 4.80000E+01    7.34803E-04
 4.89898E+01    7.55742E-04
 5.00000E+01    7.77277E-04
 5.00613E+01    7.64589E-04
 5.01208E+01    7.52496E-04
 5.01785E+01    7.40963E-04
 5.02344E+01    7.29958E-04
 5.02887E+01    7.19454E-04
 5.03413E+01    7.09422E-04
 5.04434E+01    6.90381E-04
 5.05393E+01    6.72995E-04
 5.06294E+01    6.57093E-04
 5.07140E+01    6.42526E-04
 5.07934E+01    6.29164E-04
 5.08680E+01    6.16889E-04
 5.09380E+01    6.05599E-04
 5.10038E+01    5.95202E-04
 5.10655E+01    5.85617E-04
 5.11234E+01    5.76771E-04
 5.11777E+01    5.68600E-04
 5.12798E+01    5.53589E-04
 5.13693E+01    5.40780E-04
 5.14477E+01    5.29816E-04
 5.15164E+01    5.20405E-04
 5.15766E+01    5.12307E-04
 5.16293E+01    5.05325E-04
 5.17218E+01    4.93335E-04
 5.17912E+01    4.84529E-04
 5.18955E+01    4.71614E-04
 5.20000E+01    4.59044E-04
 5.22459E+01    4.52872E-04
 5.26790E+01    4.42270E-04
 5.30062E+01    4.34482E-04
 5.32529E+01    4.28730E-04
 5.36252E+01    4.20246E-04
 5.40000E+01    4.11930E-04
 5.42460E+01    4.06846E-04
 5.46793E+01    3.98099E-04
 5.50065E+01    3.91663E-04
 5.52532E+01    3.86904E-04
 5.56254E+01    3.79874E-04
 5.60000E+01    3.72972E-04
 5.62462E+01    3.66072E-04
 5.64625E+01    3.60139E-04
 5.66524E+01    3.55026E-04
 5.69863E+01    3.46253E-04
 5.72381E+01    3.39816E-04
 5.74276E+01    3.35067E-04
 5.77131E+01    3.28067E-04
 5.80000E+01    3.21214E-04
 5.82463E+01    3.16721E-04
 5.86799E+01    3.09008E-04
 5.90072E+01    3.03347E-04
 5.92538E+01    2.99169E-04
 5.96257E+01    2.93010E-04
 6.00000E+01    2.86978E-04
