# n + Ac228 : (n,nd)    
# eaf.2010   Manhattan project, site A         EVAL-JUN10
# uncertainties: n
# # energies =    40
#   E(MeV)       xs(mb) 
 7.94290E+00    0.00000E+00
 1.10000E+01    7.44735E-15
 1.15000E+01    9.44455E-13
 1.20000E+01    5.60774E-11
 1.25000E+01    2.37546E-09
 1.30000E+01    3.88811E-08
 1.35000E+01    3.37324E-07
 1.40000E+01    2.64163E-06
 1.45000E+01    1.63315E-05
 1.50000E+01    7.70256E-05
 1.60000E+01    1.02654E-03
 1.70000E+01    7.72780E-03
 1.80000E+01    3.96171E-02
 1.90000E+01    1.35816E-01
 2.00000E+01    3.63399E-01
 2.10000E+01    7.70902E-01
 2.20000E+01    1.36376E+00
 2.30000E+01    2.13079E+00
 2.40000E+01    3.16990E+00
 2.50000E+01    4.19007E+00
 2.60000E+01    5.25160E+00
 2.70000E+01    6.36628E+00
 2.80000E+01    7.32231E+00
 2.90000E+01    8.26185E+00
 3.00000E+01    9.00384E+00
 3.20000E+01    1.01858E+01
 3.40000E+01    1.07694E+01
 3.60000E+01    1.10707E+01
 3.80000E+01    1.13465E+01
 4.00000E+01    1.10398E+01
 4.20000E+01    1.12075E+01
 4.40000E+01    1.07115E+01
 4.60000E+01    1.02849E+01
 4.80000E+01    1.04835E+01
 5.00000E+01    9.63293E+00
 5.20000E+01    9.30941E+00
 5.40000E+01    9.44485E+00
 5.60000E+01    8.82575E+00
 5.80000E+01    8.18537E+00
 6.00000E+01    7.93724E+00
