# n + Ac229 : (n,p)     
# tendl.2017 A.J. Koning and D. Rochman        EVAL-NOV17
# uncertainties: y
# # energies =    87
#   E(MeV)       xs(mb)       xslow(mb)      xsupp(mb)
 1.09448E+00    0.00000E+00    0.00000E+00    0.00000E+00
 2.80000E+00    4.56855E-17    4.56855E-17    4.56855E-17
 3.00000E+00    9.74952E-16    9.74952E-16    9.74952E-16
 3.20000E+00    1.85075E-14    1.85075E-14    1.85075E-14
 3.40000E+00    1.51598E-13    1.51598E-13    1.51598E-13
 3.60000E+00    2.44316E-12    2.44316E-12    2.44316E-12
 3.80000E+00    1.37081E-11    1.37081E-11    1.37081E-11
 4.00000E+00    6.65034E-11    6.65034E-11    6.65034E-11
 4.20000E+00    2.87044E-10    2.87044E-10    2.87044E-10
 4.40000E+00    1.12538E-09    1.12538E-09    1.12538E-09
 4.60000E+00    3.97439E-09    0.00000E+00    9.00753E-09
 4.80000E+00    1.31033E-08    0.00000E+00    2.96972E-08
 5.00000E+00    3.99780E-08    0.00000E+00    9.06058E-08
 5.20000E+00    1.13411E-07    0.00000E+00    2.57034E-07
 5.40000E+00    2.10102E-07    0.00000E+00    4.76174E-07
 5.60000E+00    3.03940E-07    0.00000E+00    6.88847E-07
 5.80000E+00    1.19700E-06    0.00000E+00    2.71287E-06
 6.00000E+00    2.35297E-06    0.00000E+00    5.33275E-06
 6.20000E+00    6.07735E-06    0.00000E+00    1.37737E-05
 6.40000E+00    1.14885E-05    0.00000E+00    2.60374E-05
 6.60000E+00    1.67604E-05    0.00000E+00    4.18596E-05
 6.80000E+00    4.47718E-05    0.00000E+00    1.11819E-04
 7.00000E+00    7.64584E-05    0.00000E+00    1.90957E-04
 7.20000E+00    1.43291E-04    0.00000E+00    3.57874E-04
 7.40000E+00    2.38665E-04    0.00000E+00    5.96073E-04
 7.60000E+00    3.17764E-04    0.00000E+00    7.93626E-04
 7.80000E+00    6.32165E-04    0.00000E+00    1.57885E-03
 8.00000E+00    9.61116E-04    0.00000E+00    2.40042E-03
 8.50000E+00    2.64306E-03    0.00000E+00    6.60113E-03
 9.00000E+00    6.39453E-03    0.00000E+00    1.47574E-02
 9.50000E+00    1.39499E-02    0.00000E+00    3.21939E-02
 1.00000E+01    2.79790E-02    0.00000E+00    6.45706E-02
 1.05000E+01    5.23800E-02    0.00000E+00    1.20884E-01
 1.10000E+01    9.25209E-02    0.00000E+00    2.13522E-01
 1.15000E+01    1.55295E-01    0.00000E+00    3.58393E-01
 1.20000E+01    2.48869E-01    0.00000E+00    5.74346E-01
 1.25000E+01    3.81746E-01    0.00000E+00    8.81002E-01
 1.30000E+01    5.62516E-01    0.00000E+00    1.18612E+00
 1.35000E+01    7.97543E-01    0.00000E+00    1.68170E+00
 1.40000E+01    1.09183E+00    0.00000E+00    2.30224E+00
 1.45000E+01    1.44760E+00    0.00000E+00    3.05241E+00
 1.50000E+01    1.85002E+00    0.00000E+00    3.90096E+00
 1.60000E+01    2.84897E+00    9.79991E-01    4.71795E+00
 1.70000E+01    4.11768E+00    1.41640E+00    6.81896E+00
 1.80000E+01    5.33942E+00    1.83666E+00    8.84218E+00
 1.90000E+01    6.51992E+00    2.24273E+00    1.07971E+01
 2.00000E+01    7.55171E+00    3.47152E+00    1.16319E+01
 2.10000E+01    8.39807E+00    3.86059E+00    1.29355E+01
 2.20000E+01    8.97211E+00    4.12448E+00    1.38197E+01
 2.30000E+01    9.50051E+00    4.36739E+00    1.46336E+01
 2.40000E+01    9.83705E+00    4.72788E+00    1.49462E+01
 2.50000E+01    1.00646E+01    4.83724E+00    1.52920E+01
 2.60000E+01    1.01700E+01    4.88790E+00    1.54521E+01
 2.70000E+01    1.02681E+01    4.93505E+00    1.56011E+01
 2.80000E+01    1.02381E+01    4.92063E+00    1.55556E+01
 2.90000E+01    1.01329E+01    4.87007E+00    1.53957E+01
 3.00000E+01    1.00281E+01    4.81970E+00    1.52365E+01
 3.00000E+01    9.77275E+00    4.69697E+00    1.48485E+01
 3.20000E+01    9.47729E+00    4.55497E+00    1.43996E+01
 3.40000E+01    8.99211E+00    4.32178E+00    1.36624E+01
 3.60000E+01    8.42324E+00    4.04837E+00    1.27981E+01
 3.80000E+01    7.88910E+00    3.79165E+00    1.19865E+01
 4.00000E+01    7.37632E+00    3.54520E+00    1.12074E+01
 4.20000E+01    6.84840E+00    3.29148E+00    1.04053E+01
 4.40000E+01    6.60179E+00    3.17295E+00    1.00306E+01
 4.60000E+01    6.17966E+00    2.97007E+00    9.38926E+00
 4.80000E+01    5.79933E+00    2.78727E+00    8.81139E+00
 5.00000E+01    5.46184E+00    2.62507E+00    8.29861E+00
 5.20000E+01    5.17935E+00    2.48930E+00    7.86940E+00
 5.40000E+01    4.88667E+00    2.34863E+00    7.42471E+00
 5.60000E+01    4.63703E+00    2.22865E+00    7.04541E+00
 5.80000E+01    4.41144E+00    2.12022E+00    6.70266E+00
 6.00000E+01    4.21190E+00    2.02432E+00    6.39947E+00
 6.50000E+01    3.64864E+00    1.75361E+00    5.54367E+00
 7.00000E+01    3.37853E+00    1.62379E+00    5.13327E+00
 7.50000E+01    2.97494E+00    1.42981E+00    4.52006E+00
 8.00000E+01    2.77873E+00    1.33551E+00    4.22195E+00
 9.00000E+01    2.32846E+00    1.11910E+00    3.53781E+00
 1.00000E+02    1.97535E+00    9.49393E-01    3.00131E+00
 1.10000E+02    1.68102E+00    8.07931E-01    2.55411E+00
 1.20000E+02    1.45681E+00    7.00173E-01    2.21345E+00
 1.30000E+02    1.28490E+00    6.17549E-01    1.95226E+00
 1.40000E+02    1.12586E+00    5.41111E-01    1.71061E+00
 1.50000E+02    1.00048E+00    4.80852E-01    1.52012E+00
 1.60000E+02    9.04554E-01    4.34746E-01    1.37436E+00
 1.80000E+02    7.51980E-01    3.61416E-01    1.14254E+00
 2.00000E+02    5.93246E-01    2.85125E-01    9.01366E-01
