# n + Ac229 : (n,d)     
# tendl.2017 A.J. Koning and D. Rochman        EVAL-NOV17
# uncertainties: y
# # energies =    41
#   E(MeV)       xs(mb)       xslow(mb)      xsupp(mb)
 3.32933E+00    0.00000E+00    0.00000E+00    0.00000E+00
 6.00000E+00    2.92451E-17    2.92451E-17    2.92451E-17
 6.20000E+00    3.72347E-16    3.72347E-16    3.72347E-16
 6.40000E+00    3.63297E-15    3.63297E-15    3.63297E-15
 6.60000E+00    2.82676E-14    0.00000E+00    8.46719E-14
 6.80000E+00    1.81180E-13    0.00000E+00    5.42701E-13
 7.00000E+00    3.50468E-12    0.00000E+00    1.04978E-11
 7.20000E+00    1.75268E-11    0.00000E+00    5.24992E-11
 7.40000E+00    7.69896E-11    0.00000E+00    2.30612E-10
 7.60000E+00    1.66261E-10    0.00000E+00    4.98013E-10
 7.80000E+00    2.93195E-10    0.00000E+00    8.78227E-10
 8.00000E+00    3.08082E-09    0.00000E+00    9.22820E-09
 8.50000E+00    4.33405E-08    0.00000E+00    1.29821E-07
 9.00000E+00    4.08378E-07    4.24888E-08    7.74267E-07
 9.50000E+00    2.82642E-06    2.94069E-07    5.35877E-06
 1.00000E+01    1.52494E-05    1.58659E-06    2.89122E-05
 1.05000E+01    6.69273E-05    6.96331E-06    1.26891E-04
 1.10000E+01    2.46831E-04    2.56810E-05    4.67981E-04
 1.15000E+01    7.84693E-04    8.16418E-05    1.48774E-03
 1.20000E+01    1.82507E-03    1.89886E-04    3.46025E-03
 1.25000E+01    4.74859E-03    4.94057E-04    9.00312E-03
 1.30000E+01    1.11633E-02    4.80439E-03    1.75222E-02
 1.35000E+01    2.40310E-02    1.03423E-02    3.77197E-02
 1.40000E+01    4.78972E-02    2.06137E-02    7.51807E-02
 1.45000E+01    8.91536E-02    3.83694E-02    1.39938E-01
 1.50000E+01    1.56015E-01    6.71448E-02    2.44885E-01
 1.60000E+01    4.05076E-01    2.82190E-01    5.27962E-01
 1.70000E+01    8.96320E-01    6.24408E-01    1.16823E+00
 1.80000E+01    1.61513E+00    1.12516E+00    2.10510E+00
 1.90000E+01    2.54079E+00    1.77000E+00    3.31158E+00
 2.00000E+01    3.58966E+00    2.72735E+00    4.45197E+00
 2.10000E+01    4.66083E+00    3.54120E+00    5.78046E+00
 2.20000E+01    5.66152E+00    4.30151E+00    7.02153E+00
 2.30000E+01    6.51561E+00    4.95043E+00    8.08079E+00
 2.40000E+01    7.18825E+00    5.56946E+00    8.80703E+00
 2.50000E+01    7.71338E+00    5.97634E+00    9.45042E+00
 2.60000E+01    7.71571E+00    5.97814E+00    9.45328E+00
 2.70000E+01    8.02168E+00    6.21521E+00    9.82815E+00
 2.80000E+01    8.24215E+00    6.38603E+00    1.00983E+01
 2.90000E+01    8.37406E+00    6.48823E+00    1.02599E+01
 3.00000E+01    8.45696E+00    6.55246E+00    1.03615E+01
