# n + Ac229 : (n,xn)    
# tendl.2017 A.J. Koning and D. Rochman        EVAL-NOV17
# 
# # energies =   138
#   E(MeV)        xs(mb) 
 7.03083E-03    1.00005E-17
 1.00000E-02    4.43813E+01
 2.00000E-02    6.34168E+01
 2.14942E-02    6.54126E+01
 2.60141E-02    7.34340E+01
 3.00000E-02    8.09122E+01
 6.00000E-02    1.64964E+02
 7.01074E-02    1.90398E+02
 9.14008E-02    2.89067E+02
 1.00000E-01    3.28915E+02
 1.04759E-01    3.37037E+02
 1.20328E-01    3.78559E+02
 1.42123E-01    4.45166E+02
 1.51665E-01    4.83227E+02
 1.64722E-01    5.44577E+02
 1.75570E-01    6.00465E+02
 1.89832E-01    6.81087E+02
 2.00000E-01    7.51796E+02
 2.22978E-01    8.01711E+02
 2.82137E-01    9.66664E+02
 2.94290E-01    1.00067E+03
 3.00000E-01    1.01681E+03
 3.36978E-01    1.05413E+03
 3.69621E-01    1.10196E+03
 4.00000E-01    1.15631E+03
 4.23858E-01    1.17323E+03
 4.66043E-01    1.20362E+03
 4.91154E-01    1.22171E+03
 5.00000E-01    1.22847E+03
 5.97620E-01    1.24839E+03
 6.00000E-01    1.24993E+03
 6.31770E-01    1.24975E+03
 6.56880E-01    1.24974E+03
 7.00000E-01    1.24973E+03
 7.23171E-01    1.24783E+03
 8.00000E-01    1.24283E+03
 8.28633E-01    1.24156E+03
 8.53743E-01    1.24119E+03
 9.00000E-01    1.24382E+03
 9.34096E-01    1.24895E+03
 1.00000E+00    1.25972E+03
 1.00842E+00    1.25871E+03
 1.02550E+00    1.25753E+03
 1.04860E+00    1.25593E+03
 1.20000E+00    1.46611E+03
 1.40000E+00    1.82695E+03
 1.60000E+00    2.16472E+03
 1.80000E+00    2.36091E+03
 2.00000E+00    2.43710E+03
 2.20000E+00    2.43623E+03
 2.40000E+00    2.39897E+03
 2.60000E+00    2.34603E+03
 2.80000E+00    2.29503E+03
 3.00000E+00    2.25113E+03
 3.20000E+00    2.21897E+03
 3.40000E+00    2.19544E+03
 3.60000E+00    2.17715E+03
 3.80000E+00    2.16219E+03
 4.00000E+00    2.14876E+03
 4.20000E+00    2.13759E+03
 4.40000E+00    2.12917E+03
 4.60000E+00    2.12354E+03
 4.80000E+00    2.12133E+03
 5.00000E+00    2.12294E+03
 5.20000E+00    2.12920E+03
 5.40000E+00    2.14023E+03
 5.60000E+00    2.15564E+03
 5.80000E+00    2.17596E+03
 6.00000E+00    2.20019E+03
 6.20000E+00    2.22860E+03
 6.40000E+00    2.26355E+03
 6.60000E+00    2.32590E+03
 6.80000E+00    2.44035E+03
 7.00000E+00    2.60351E+03
 7.20000E+00    2.79506E+03
 7.40000E+00    2.99671E+03
 7.60000E+00    3.19665E+03
 7.80000E+00    3.38938E+03
 8.00000E+00    3.57626E+03
 8.50000E+00    3.97860E+03
 9.00000E+00    4.26528E+03
 9.50000E+00    4.45238E+03
 1.00000E+01    4.57457E+03
 1.05000E+01    4.65875E+03
 1.10000E+01    4.72214E+03
 1.15000E+01    4.77454E+03
 1.20000E+01    4.84014E+03
 1.25000E+01    4.96052E+03
 1.30000E+01    5.14283E+03
 1.35000E+01    5.37398E+03
 1.40000E+01    5.62587E+03
 1.45000E+01    5.86811E+03
 1.50000E+01    6.07833E+03
 1.60000E+01    6.39979E+03
 1.70000E+01    6.59754E+03
 1.80000E+01    6.74301E+03
 1.90000E+01    6.86041E+03
 2.00000E+01    6.98416E+03
 2.10000E+01    7.14819E+03
 2.20000E+01    7.35984E+03
 2.30000E+01    7.58069E+03
 2.40000E+01    7.78977E+03
 2.50000E+01    7.96476E+03
 2.60000E+01    8.06540E+03
 2.70000E+01    8.06785E+03
 2.80000E+01    7.92585E+03
 2.90000E+01    7.63081E+03
 3.00000E+01    7.20170E+03
 3.00000E+01    8.59524E+03
 3.20000E+01    8.85011E+03
 3.40000E+01    9.03949E+03
 3.60000E+01    9.19666E+03
 3.80000E+01    9.33510E+03
 4.00000E+01    9.42442E+03
 4.20000E+01    9.46785E+03
 4.40000E+01    9.48244E+03
 4.60000E+01    9.48345E+03
 4.80000E+01    9.48181E+03
 5.00000E+01    9.49444E+03
 5.20000E+01    9.51522E+03
 5.40000E+01    9.55750E+03
 5.60000E+01    9.62993E+03
 5.80000E+01    9.71358E+03
 6.00000E+01    9.81273E+03
 6.50000E+01    1.01289E+04
 7.00000E+01    1.04669E+04
 7.50000E+01    1.08127E+04
 8.00000E+01    1.11097E+04
 9.00000E+01    1.17434E+04
 1.00000E+02    1.23455E+04
 1.10000E+02    1.29061E+04
 1.20000E+02    1.34596E+04
 1.30000E+02    1.39730E+04
 1.40000E+02    1.43861E+04
 1.50000E+02    1.47886E+04
 1.60000E+02    1.52352E+04
 1.80000E+02    1.61223E+04
 2.00000E+02    1.66176E+04
