# n + Ac229 : (n,xh)    
# tendl.2017 A.J. Koning and D. Rochman        EVAL-NOV17
# 
# # energies =   138
#   E(MeV)        xs(mb) 
 7.03083E-03    0.00000E+00
 1.00000E-02    0.00000E+00
 2.00000E-02    0.00000E+00
 2.14942E-02    0.00000E+00
 2.60141E-02    0.00000E+00
 3.00000E-02    0.00000E+00
 6.00000E-02    0.00000E+00
 7.01074E-02    0.00000E+00
 9.14008E-02    0.00000E+00
 1.00000E-01    0.00000E+00
 1.04759E-01    0.00000E+00
 1.20328E-01    0.00000E+00
 1.42123E-01    0.00000E+00
 1.51665E-01    0.00000E+00
 1.64722E-01    0.00000E+00
 1.75570E-01    0.00000E+00
 1.89832E-01    0.00000E+00
 2.00000E-01    0.00000E+00
 2.22978E-01    0.00000E+00
 2.82137E-01    0.00000E+00
 2.94290E-01    0.00000E+00
 3.00000E-01    0.00000E+00
 3.36978E-01    0.00000E+00
 3.69621E-01    0.00000E+00
 4.00000E-01    0.00000E+00
 4.23858E-01    0.00000E+00
 4.66043E-01    0.00000E+00
 4.91154E-01    0.00000E+00
 5.00000E-01    0.00000E+00
 5.97620E-01    0.00000E+00
 6.00000E-01    0.00000E+00
 6.31770E-01    0.00000E+00
 6.56880E-01    0.00000E+00
 7.00000E-01    0.00000E+00
 7.23171E-01    0.00000E+00
 8.00000E-01    0.00000E+00
 8.28633E-01    0.00000E+00
 8.53743E-01    0.00000E+00
 9.00000E-01    0.00000E+00
 9.34096E-01    0.00000E+00
 1.00000E+00    0.00000E+00
 1.00842E+00    0.00000E+00
 1.02550E+00    0.00000E+00
 1.04860E+00    0.00000E+00
 1.20000E+00    0.00000E+00
 1.40000E+00    0.00000E+00
 1.60000E+00    0.00000E+00
 1.80000E+00    0.00000E+00
 2.00000E+00    0.00000E+00
 2.20000E+00    0.00000E+00
 2.40000E+00    0.00000E+00
 2.60000E+00    0.00000E+00
 2.80000E+00    0.00000E+00
 3.00000E+00    0.00000E+00
 3.20000E+00    0.00000E+00
 3.40000E+00    0.00000E+00
 3.60000E+00    0.00000E+00
 3.80000E+00    0.00000E+00
 4.00000E+00    0.00000E+00
 4.20000E+00    0.00000E+00
 4.40000E+00    0.00000E+00
 4.60000E+00    0.00000E+00
 4.80000E+00    0.00000E+00
 5.00000E+00    0.00000E+00
 5.20000E+00    0.00000E+00
 5.40000E+00    0.00000E+00
 5.60000E+00    0.00000E+00
 5.80000E+00    0.00000E+00
 6.00000E+00    2.00868E-19
 6.20000E+00    5.30620E-19
 6.40000E+00    8.60372E-19
 6.60000E+00    1.19012E-18
 6.80000E+00    1.51988E-18
 7.00000E+00    1.84963E-18
 7.20000E+00    2.17938E-18
 7.40000E+00    2.50913E-18
 7.60000E+00    2.83888E-18
 7.80000E+00    3.16863E-18
 8.00000E+00    3.49839E-18
 8.50000E+00    4.32277E-18
 9.00000E+00    5.14715E-18
 9.50000E+00    5.97152E-18
 1.00000E+01    6.79590E-18
 1.05000E+01    7.62028E-18
 1.10000E+01    8.44466E-18
 1.15000E+01    9.26904E-18
 1.20000E+01    2.40233E-17
 1.25000E+01    6.22130E-17
 1.30000E+01    1.00403E-16
 1.35000E+01    1.38592E-16
 1.40000E+01    1.76782E-16
 1.45000E+01    2.14972E-16
 1.50000E+01    2.53162E-16
 1.60000E+01    2.03383E-12
 1.70000E+01    6.66995E-11
 1.80000E+01    1.23636E-09
 1.90000E+01    1.48499E-08
 2.00000E+01    1.28005E-07
 2.10000E+01    8.44331E-07
 2.20000E+01    4.47849E-06
 2.30000E+01    1.99243E-05
 2.40000E+01    7.67975E-05
 2.50000E+01    2.62428E-04
 2.60000E+01    8.06595E-04
 2.70000E+01    2.44571E-03
 2.80000E+01    6.05993E-03
 2.90000E+01    1.35362E-02
 3.00000E+01    2.74919E-02
 3.00000E+01    2.66928E-02
 3.20000E+01    8.20908E-02
 3.40000E+01    1.85587E-01
 3.60000E+01    3.39909E-01
 3.80000E+01    5.40908E-01
 4.00000E+01    7.82029E-01
 4.20000E+01    1.04672E+00
 4.40000E+01    1.35269E+00
 4.60000E+01    1.68813E+00
 4.80000E+01    2.06894E+00
 5.00000E+01    2.47273E+00
 5.20000E+01    2.92482E+00
 5.40000E+01    3.43640E+00
 5.60000E+01    4.01849E+00
 5.80000E+01    4.67961E+00
 6.00000E+01    5.42172E+00
 6.50000E+01    7.53894E+00
 7.00000E+01    9.84422E+00
 7.50000E+01    1.22446E+01
 8.00000E+01    1.48880E+01
 9.00000E+01    2.18472E+01
 1.00000E+02    3.16810E+01
 1.10000E+02    4.20256E+01
 1.20000E+02    5.44000E+01
 1.30000E+02    6.88081E+01
 1.40000E+02    8.49762E+01
 1.50000E+02    1.02966E+02
 1.60000E+02    1.22985E+02
 1.80000E+02    1.67327E+02
 2.00000E+02    2.03763E+02
