# n + Ac229 : (n,3na)   
# tendl.2017 A.J. Koning and D. Rochman        EVAL-NOV17
# uncertainties: y
# # energies =    19
#   E(MeV)       xs(mb)       xslow(mb)      xsupp(mb)
 6.28759E+00    0.00000E+00    0.00000E+00    0.00000E+00
 1.40000E+01    2.75704E-15    2.75704E-15    2.75704E-15
 1.45000E+01    1.49293E-12    1.49293E-12    1.49293E-12
 1.50000E+01    2.02661E-11    2.02661E-11    2.02661E-11
 1.60000E+01    8.49405E-10    0.00000E+00    3.34223E-09
 1.70000E+01    1.55342E-08    0.00000E+00    6.11238E-08
 1.80000E+01    1.82436E-07    0.00000E+00    7.17847E-07
 1.90000E+01    1.21523E-06    0.00000E+00    4.78167E-06
 2.00000E+01    6.72941E-06    1.15814E-07    1.33430E-05
 2.10000E+01    4.17865E-05    7.19151E-07    8.28539E-05
 2.20000E+01    2.34534E-04    4.03636E-06    4.65032E-04
 2.30000E+01    1.31045E-03    2.25530E-05    2.59835E-03
 2.40000E+01    6.23740E-03    3.55171E-05    1.24393E-02
 2.50000E+01    2.46923E-02    1.40603E-04    4.92440E-02
 2.60000E+01    8.42928E-02    4.79981E-04    1.68106E-01
 2.70000E+01    2.38009E-01    1.35527E-03    4.74663E-01
 2.80000E+01    5.66594E-01    3.22631E-03    1.12996E+00
 2.90000E+01    1.18594E+00    6.75299E-03    2.36513E+00
 3.00000E+01    2.18637E+00    1.24497E-02    4.36029E+00
