# n + Ac229 : (n,n'19)  
# tendl.2017 A.J. Koning and D. Rochman        EVAL-NOV17
# uncertainties: n
# # energies =    82
#   E(MeV)       xs(mb) 
 4.66043E-01    0.00000E+00
 4.91154E-01    2.14248E-03
 5.00000E-01    2.89723E-03
 5.97620E-01    2.55775E-02
 6.00000E-01    2.61304E-02
 6.31770E-01    4.51536E-02
 6.56880E-01    6.01889E-02
 7.00000E-01    8.60082E-02
 7.23171E-01    1.10346E-01
 8.00000E-01    1.91046E-01
 8.28633E-01    2.34586E-01
 8.53743E-01    2.72769E-01
 9.00000E-01    3.43108E-01
 9.34096E-01    4.10613E-01
 1.00000E+00    5.41092E-01
 1.00842E+00    5.60309E-01
 1.02550E+00    5.99290E-01
 1.04860E+00    6.52010E-01
 1.20000E+00    9.97544E-01
 1.40000E+00    1.34831E+00
 1.60000E+00    1.70166E+00
 1.80000E+00    2.10287E+00
 2.00000E+00    2.42584E+00
 2.20000E+00    2.55509E+00
 2.40000E+00    2.49551E+00
 2.60000E+00    2.32309E+00
 2.80000E+00    2.11061E+00
 3.00000E+00    1.90282E+00
 3.20000E+00    1.71930E+00
 3.40000E+00    1.56409E+00
 3.60000E+00    1.43374E+00
 3.80000E+00    1.32250E+00
 4.00000E+00    1.22515E+00
 4.20000E+00    1.13807E+00
 4.40000E+00    1.05942E+00
 4.60000E+00    9.88583E-01
 4.80000E+00    9.25352E-01
 5.00000E+00    8.69640E-01
 5.20000E+00    8.21229E-01
 5.40000E+00    7.79757E-01
 5.60000E+00    7.44773E-01
 5.80000E+00    7.15802E-01
 6.00000E+00    6.92349E-01
 6.20000E+00    6.73915E-01
 6.40000E+00    6.59974E-01
 6.60000E+00    6.49940E-01
 6.80000E+00    6.43146E-01
 7.00000E+00    6.38844E-01
 7.20000E+00    6.36239E-01
 7.40000E+00    6.34544E-01
 7.60000E+00    6.33060E-01
 7.80000E+00    6.31212E-01
 8.00000E+00    6.28591E-01
 8.50000E+00    6.17488E-01
 9.00000E+00    6.00057E-01
 9.50000E+00    5.78264E-01
 1.00000E+01    5.54431E-01
 1.05000E+01    5.30521E-01
 1.10000E+01    5.07886E-01
 1.15000E+01    4.87171E-01
 1.20000E+01    4.68386E-01
 1.25000E+01    4.51173E-01
 1.30000E+01    4.35076E-01
 1.35000E+01    4.19781E-01
 1.40000E+01    4.05170E-01
 1.45000E+01    3.91290E-01
 1.50000E+01    3.78275E-01
 1.60000E+01    3.55360E-01
 1.70000E+01    3.36946E-01
 1.80000E+01    3.22500E-01
 1.90000E+01    3.10640E-01
 2.00000E+01    2.99772E-01
 2.10000E+01    2.88812E-01
 2.20000E+01    2.77548E-01
 2.30000E+01    2.66509E-01
 2.40000E+01    2.56420E-01
 2.50000E+01    2.47714E-01
 2.60000E+01    2.40391E-01
 2.70000E+01    2.34111E-01
 2.80000E+01    2.28357E-01
 2.90000E+01    2.22608E-01
 3.00000E+01    2.16546E-01
