# n + Ac229 : (n,n'25)  
# tendl.2017 A.J. Koning and D. Rochman        EVAL-NOV17
# uncertainties: n
# # energies =    72
#   E(MeV)       xs(mb) 
 8.28633E-01    0.00000E+00
 8.53743E-01    7.50102E-01
 9.00000E-01    2.13192E+00
 9.34096E-01    3.13135E+00
 1.00000E+00    5.06315E+00
 1.00842E+00    5.23558E+00
 1.02550E+00    5.58535E+00
 1.04860E+00    6.05840E+00
 1.20000E+00    9.15882E+00
 1.40000E+00    9.91174E+00
 1.60000E+00    9.07636E+00
 1.80000E+00    7.95044E+00
 2.00000E+00    6.95699E+00
 2.20000E+00    6.15601E+00
 2.40000E+00    5.51338E+00
 2.60000E+00    5.02169E+00
 2.80000E+00    4.68307E+00
 3.00000E+00    4.47979E+00
 3.20000E+00    4.37981E+00
 3.40000E+00    4.35075E+00
 3.60000E+00    4.36634E+00
 3.80000E+00    4.40795E+00
 4.00000E+00    4.46377E+00
 4.20000E+00    4.52678E+00
 4.40000E+00    4.59329E+00
 4.60000E+00    4.66161E+00
 4.80000E+00    4.73146E+00
 5.00000E+00    4.80370E+00
 5.20000E+00    4.87964E+00
 5.40000E+00    4.96065E+00
 5.60000E+00    5.04763E+00
 5.80000E+00    5.14079E+00
 6.00000E+00    5.23931E+00
 6.20000E+00    5.34144E+00
 6.40000E+00    5.44451E+00
 6.60000E+00    5.54519E+00
 6.80000E+00    5.63994E+00
 7.00000E+00    5.72528E+00
 7.20000E+00    5.79830E+00
 7.40000E+00    5.85684E+00
 7.60000E+00    5.89977E+00
 7.80000E+00    5.92676E+00
 8.00000E+00    5.93831E+00
 8.50000E+00    5.90882E+00
 9.00000E+00    5.82040E+00
 9.50000E+00    5.70464E+00
 1.00000E+01    5.58609E+00
 1.05000E+01    5.47880E+00
 1.10000E+01    5.38764E+00
 1.15000E+01    5.31102E+00
 1.20000E+01    5.24375E+00
 1.25000E+01    5.17993E+00
 1.30000E+01    5.11452E+00
 1.35000E+01    5.04465E+00
 1.40000E+01    4.96949E+00
 1.45000E+01    4.88992E+00
 1.50000E+01    4.80774E+00
 1.60000E+01    4.64336E+00
 1.70000E+01    4.48805E+00
 1.80000E+01    4.34539E+00
 1.90000E+01    4.21306E+00
 2.00000E+01    4.08666E+00
 2.10000E+01    3.96286E+00
 2.20000E+01    3.84106E+00
 2.30000E+01    3.72347E+00
 2.40000E+01    3.61297E+00
 2.50000E+01    3.51107E+00
 2.60000E+01    3.41733E+00
 2.70000E+01    3.32982E+00
 2.80000E+01    3.24592E+00
 2.90000E+01    3.16312E+00
 3.00000E+01    3.08003E+00
