# n + Ac229 : (n,n'29)  
# tendl.2017 A.J. Koning and D. Rochman        EVAL-NOV17
# uncertainties: n
# # energies =    66
#   E(MeV)       xs(mb) 
 1.02550E+00    0.00000E+00
 1.04860E+00    2.35503E-05
 1.20000E+00    1.77902E-04
 1.40000E+00    2.18729E-03
 1.60000E+00    8.40741E-03
 1.80000E+00    2.00004E-02
 2.00000E+00    3.56787E-02
 2.20000E+00    5.11018E-02
 2.40000E+00    6.03602E-02
 2.60000E+00    6.02357E-02
 2.80000E+00    5.27970E-02
 3.00000E+00    4.24420E-02
 3.20000E+00    3.23522E-02
 3.40000E+00    2.38483E-02
 3.60000E+00    1.72272E-02
 3.80000E+00    1.22944E-02
 4.00000E+00    8.69747E-03
 4.20000E+00    6.10020E-03
 4.40000E+00    4.23954E-03
 4.60000E+00    2.91982E-03
 4.80000E+00    1.99717E-03
 5.00000E+00    1.36207E-03
 5.20000E+00    9.29663E-04
 5.40000E+00    6.37661E-04
 5.60000E+00    4.41936E-04
 5.80000E+00    3.10269E-04
 6.00000E+00    2.20850E-04
 6.20000E+00    1.59397E-04
 6.40000E+00    1.16498E-04
 6.60000E+00    8.61115E-05
 6.80000E+00    6.42564E-05
 7.00000E+00    4.83655E-05
 7.20000E+00    3.65851E-05
 7.40000E+00    2.77867E-05
 7.60000E+00    2.11776E-05
 7.80000E+00    1.61160E-05
 8.00000E+00    1.22958E-05
 8.50000E+00    6.21275E-06
 9.00000E+00    3.12533E-06
 9.50000E+00    1.57608E-06
 1.00000E+01    8.03109E-07
 1.05000E+01    4.16212E-07
 1.10000E+01    2.20219E-07
 1.15000E+01    1.19043E-07
 1.20000E+01    6.56786E-08
 1.25000E+01    3.68848E-08
 1.30000E+01    2.10459E-08
 1.35000E+01    1.21737E-08
 1.40000E+01    7.13058E-09
 1.45000E+01    4.22954E-09
 1.50000E+01    2.54075E-09
 1.60000E+01    9.54130E-10
 1.70000E+01    3.76619E-10
 1.80000E+01    1.57301E-10
 1.90000E+01    6.88265E-11
 2.00000E+01    3.13178E-11
 2.10000E+01    1.47237E-11
 2.20000E+01    7.11751E-12
 2.30000E+01    3.53101E-12
 2.40000E+01    1.80090E-12
 2.50000E+01    9.46152E-13
 2.60000E+01    5.11946E-13
 2.70000E+01    2.85512E-13
 2.80000E+01    1.63189E-13
 2.90000E+01    9.53826E-14
 3.00000E+01    5.68760E-14
