# n + Sn115 : (n,h)     
# jeff3.3    N.Iwamoto,K.Shibata               EVAL-Dec09
# uncertainties: n
# # energies =    62
#   E(MeV)       xs(mb) 
 7.91548E+00    0.00000E+00
 8.18133E+00    1.44079E-26
 8.21670E+00    4.39123E-25
 8.23446E+00    7.41908E-25
 8.37814E+00    3.81232E-24
 8.44232E+00    5.19492E-24
 8.45013E+00    5.36344E-24
 8.50457E+00    6.53962E-24
 8.55927E+00    2.07389E-23
 8.60198E+00    3.56782E-23
 8.63027E+00    4.63931E-23
 8.68215E+00    6.71206E-23
 8.73797E+00    8.96013E-23
 8.73935E+00    9.01584E-23
 8.77827E+00    1.05959E-22
 8.79292E+00    1.11920E-22
 8.80173E+00    1.15507E-22
 8.80685E+00    1.17593E-22
 8.82089E+00    1.23318E-22
 8.86352E+00    1.40713E-22
 8.88390E+00    1.49031E-22
 8.91255E+00    1.60726E-22
 8.92367E+00    1.65266E-22
 8.92715E+00    1.66687E-22
 8.93152E+00    1.68471E-22
 8.95865E+00    1.79548E-22
 8.96198E+00    1.80908E-22
 8.97232E+00    1.85130E-22
 8.97435E+00    1.85959E-22
 8.97596E+00    1.86616E-22
 9.03454E+00    2.10538E-22
 9.04999E+00    2.17850E-22
 9.05161E+00    2.18720E-22
 9.09575E+00    2.44682E-22
 9.10354E+00    2.49439E-22
 9.10362E+00    2.49490E-22
 9.10720E+00    2.51815E-22
 9.11665E+00    2.58169E-22
 9.11803E+00    2.59116E-22
 9.12056E+00    2.60894E-22
 9.12127E+00    2.61401E-22
 1.00000E+01    9.02120E-22
 1.05000E+01    3.83999E-21
 1.10000E+01    3.40387E-18
 1.15000E+01    7.44816E-16
 1.20000E+01    4.92795E-14
 1.25000E+01    1.39008E-12
 1.30000E+01    2.05241E-11
 1.35000E+01    1.84389E-10
 1.40000E+01    1.14608E-09
 1.45000E+01    5.60369E-09
 1.50000E+01    2.43316E-08
 1.55000E+01    1.00885E-07
 1.60000E+01    3.96726E-07
 1.65000E+01    1.42402E-06
 1.70000E+01    4.56455E-06
 1.75000E+01    1.30396E-05
 1.80000E+01    3.38901E-05
 1.85000E+01    7.91676E-05
 1.90000E+01    1.70483E-04
 1.95000E+01    3.41944E-04
 2.00000E+01    6.44292E-04
