# n + Sn123 : (n,t)g    
# jeff3.3    A.J. Koning and D. Rochman        EVAL-DEC15
# uncertainties: y
# # energies =    26
#   E(MeV)       xs(mb)       xslow(mb)      xsupp(mb)
 8.93138E+00    0.00000E+00    0.00000E+00    0.00000E+00
 1.05000E+01    3.66810E-17    0.00000E+00    0.00000E+00
 1.10000E+01    9.31553E-14    0.00000E+00    0.00000E+00
 1.15000E+01    1.10708E-11    0.00000E+00    0.00000E+00
 1.20000E+01    7.11069E-10    0.00000E+00    0.00000E+00
 1.25000E+01    8.94440E-09    0.00000E+00    0.00000E+00
 1.30000E+01    1.41394E-07    0.00000E+00    0.00000E+00
 1.35000E+01    8.03986E-07    0.00000E+00    0.00000E+00
 1.40000E+01    4.62129E-06    0.00000E+00    0.00000E+00
 1.45000E+01    2.52783E-05    0.00000E+00    0.00000E+00
 1.50000E+01    1.37722E-04    0.00000E+00    0.00000E+00
 1.60000E+01    2.53794E-03    0.00000E+00    0.00000E+00
 1.70000E+01    2.04660E-02    0.00000E+00    0.00000E+00
 1.80000E+01    8.61290E-02    0.00000E+00    0.00000E+00
 1.90000E+01    2.30681E-01    0.00000E+00    0.00000E+00
 2.00000E+01    4.68096E-01    0.00000E+00    0.00000E+00
 2.10000E+01    7.94961E-01    0.00000E+00    0.00000E+00
 2.20000E+01    1.20076E+00    0.00000E+00    0.00000E+00
 2.30000E+01    1.66463E+00    0.00000E+00    0.00000E+00
 2.40000E+01    2.13224E+00    0.00000E+00    0.00000E+00
 2.50000E+01    2.53629E+00    0.00000E+00    0.00000E+00
 2.60000E+01    2.82382E+00    0.00000E+00    0.00000E+00
 2.70000E+01    3.01263E+00    0.00000E+00    0.00000E+00
 2.80000E+01    3.13574E+00    0.00000E+00    0.00000E+00
 2.90000E+01    3.19594E+00    0.00000E+00    0.00000E+00
 3.00000E+01    3.10751E+00    0.00000E+00    0.00000E+00
