# n + Sn123 : (n,3n)m   
# jeff3.3    A.J. Koning and D. Rochman        EVAL-DEC15
# uncertainties: y
# # energies =    47
#   E(MeV)       xs(mb)       xslow(mb)      xsupp(mb)
 1.48891E+01    0.00000E+00    0.00000E+00    0.00000E+00
 1.50000E+01    4.21206E-01    0.00000E+00    0.00000E+00
 1.60000E+01    4.54750E+01    0.00000E+00    0.00000E+00
 1.70000E+01    1.83496E+02    0.00000E+00    0.00000E+00
 1.80000E+01    3.77473E+02    0.00000E+00    0.00000E+00
 1.90000E+01    5.63127E+02    0.00000E+00    0.00000E+00
 2.00000E+01    7.22022E+02    0.00000E+00    0.00000E+00
 2.10000E+01    8.55595E+02    0.00000E+00    0.00000E+00
 2.20000E+01    9.47499E+02    0.00000E+00    0.00000E+00
 2.30000E+01    1.00751E+03    0.00000E+00    0.00000E+00
 2.40000E+01    1.04033E+03    0.00000E+00    0.00000E+00
 2.50000E+01    1.04407E+03    0.00000E+00    0.00000E+00
 2.60000E+01    1.01058E+03    0.00000E+00    0.00000E+00
 2.70000E+01    9.40019E+02    0.00000E+00    0.00000E+00
 2.80000E+01    8.42697E+02    0.00000E+00    0.00000E+00
 2.90000E+01    7.34009E+02    0.00000E+00    0.00000E+00
 3.00000E+01    6.29424E+02    0.00000E+00    0.00000E+00
 3.00000E+01    6.29924E+02    0.00000E+00    0.00000E+00
 3.20000E+01    4.58784E+02    0.00000E+00    0.00000E+00
 3.40000E+01    3.47259E+02    0.00000E+00    0.00000E+00
 3.60000E+01    2.83824E+02    0.00000E+00    0.00000E+00
 3.80000E+01    2.47098E+02    0.00000E+00    0.00000E+00
 4.00000E+01    2.22754E+02    0.00000E+00    0.00000E+00
 4.20000E+01    2.06990E+02    0.00000E+00    0.00000E+00
 4.40000E+01    1.95630E+02    0.00000E+00    0.00000E+00
 4.60000E+01    1.83018E+02    0.00000E+00    0.00000E+00
 4.80000E+01    1.73770E+02    0.00000E+00    0.00000E+00
 5.00000E+01    1.64276E+02    0.00000E+00    0.00000E+00
 5.20000E+01    1.55842E+02    0.00000E+00    0.00000E+00
 5.40000E+01    1.48776E+02    0.00000E+00    0.00000E+00
 5.60000E+01    1.40773E+02    0.00000E+00    0.00000E+00
 5.80000E+01    1.35541E+02    0.00000E+00    0.00000E+00
 6.00000E+01    1.30498E+02    0.00000E+00    0.00000E+00
 6.50000E+01    1.19912E+02    0.00000E+00    0.00000E+00
 7.00000E+01    1.11019E+02    0.00000E+00    0.00000E+00
 7.50000E+01    1.03875E+02    0.00000E+00    0.00000E+00
 8.00000E+01    9.61982E+01    0.00000E+00    0.00000E+00
 9.00000E+01    8.57520E+01    0.00000E+00    0.00000E+00
 1.00000E+02    7.76617E+01    0.00000E+00    0.00000E+00
 1.10000E+02    7.03268E+01    0.00000E+00    0.00000E+00
 1.20000E+02    6.56267E+01    0.00000E+00    0.00000E+00
 1.30000E+02    5.99562E+01    0.00000E+00    0.00000E+00
 1.40000E+02    5.50846E+01    0.00000E+00    0.00000E+00
 1.50000E+02    5.02918E+01    0.00000E+00    0.00000E+00
 1.60000E+02    4.55630E+01    0.00000E+00    0.00000E+00
 1.80000E+02    3.87690E+01    0.00000E+00    0.00000E+00
 2.00000E+02    3.29823E+01    0.00000E+00    0.00000E+00
