# n + Sn123 : (n,np)    
# jeff3.3    A.J. Koning and D. Rochman        EVAL-DEC15
# uncertainties: y
# # energies =    22
#   E(MeV)       xs(mb)       xslow(mb)      xsupp(mb)
 1.16271E+01    0.00000E+00    0.00000E+00    0.00000E+00
 1.25000E+01    3.58219E-14    3.58219E-14    3.58219E-14
 1.30000E+01    5.71241E-10    2.15164E-10    9.27318E-10
 1.35000E+01    6.93067E-08    2.61050E-08    1.12508E-07
 1.40000E+01    6.49215E-06    2.44533E-06    1.05390E-05
 1.45000E+01    9.09899E-05    3.42722E-05    1.47708E-04
 1.50000E+01    6.81116E-04    2.56549E-04    1.10568E-03
 1.60000E+01    1.45846E-02    5.79036E-03    2.33788E-02
 1.70000E+01    1.19214E-01    4.73302E-02    1.91098E-01
 1.80000E+01    4.55201E-01    1.80723E-01    7.29679E-01
 1.90000E+01    1.31758E+00    5.23104E-01    2.11206E+00
 2.00000E+01    2.88692E+00    1.23443E+00    4.53941E+00
 2.10000E+01    5.25287E+00    2.24609E+00    8.25965E+00
 2.20000E+01    8.49710E+00    3.63330E+00    1.33609E+01
 2.30000E+01    1.24918E+01    5.34140E+00    1.96422E+01
 2.40000E+01    1.69082E+01    7.88142E+00    2.59350E+01
 2.50000E+01    2.15333E+01    1.00373E+01    3.30293E+01
 2.60000E+01    2.64526E+01    1.23304E+01    4.05748E+01
 2.70000E+01    3.09013E+01    1.44040E+01    4.73986E+01
 2.80000E+01    3.51716E+01    1.63945E+01    5.39487E+01
 2.90000E+01    3.88675E+01    1.81173E+01    5.96177E+01
 3.00000E+01    4.22198E+01    1.96799E+01    6.47597E+01
