# n + Sn123 : (n,n')m   
# jeff3.3    A.J. Koning and D. Rochman        EVAL-DEC15
# uncertainties: y
# # energies =   107
#   E(MeV)       xs(mb)       xslow(mb)      xsupp(mb)
 2.48019E-02    0.00000E+00    0.00000E+00    0.00000E+00
 3.00000E-02    3.50166E-02    0.00000E+00    0.00000E+00
 6.00000E-02    5.07124E-01    0.00000E+00    0.00000E+00
 1.00000E-01    1.62222E+00    0.00000E+00    0.00000E+00
 2.00000E-01    6.01466E+00    0.00000E+00    0.00000E+00
 3.00000E-01    1.19402E+01    0.00000E+00    0.00000E+00
 4.00000E-01    1.88702E+01    0.00000E+00    0.00000E+00
 5.00000E-01    2.64406E+01    0.00000E+00    0.00000E+00
 6.00000E-01    3.44027E+01    0.00000E+00    0.00000E+00
 7.00000E-01    3.71428E+01    0.00000E+00    0.00000E+00
 8.00000E-01    4.15238E+01    0.00000E+00    0.00000E+00
 9.00000E-01    4.70545E+01    0.00000E+00    0.00000E+00
 1.00000E+00    5.05210E+01    0.00000E+00    0.00000E+00
 1.20000E+00    1.15841E+02    0.00000E+00    0.00000E+00
 1.40000E+00    1.98244E+02    0.00000E+00    0.00000E+00
 1.60000E+00    2.58674E+02    0.00000E+00    0.00000E+00
 1.80000E+00    3.07688E+02    0.00000E+00    0.00000E+00
 2.00000E+00    3.49427E+02    0.00000E+00    0.00000E+00
 2.20000E+00    3.81505E+02    0.00000E+00    0.00000E+00
 2.40000E+00    3.86541E+02    0.00000E+00    0.00000E+00
 2.60000E+00    3.76412E+02    0.00000E+00    0.00000E+00
 2.80000E+00    3.66322E+02    0.00000E+00    0.00000E+00
 3.00000E+00    3.60491E+02    0.00000E+00    0.00000E+00
 3.20000E+00    3.59139E+02    0.00000E+00    0.00000E+00
 3.40000E+00    3.61282E+02    0.00000E+00    0.00000E+00
 3.60000E+00    3.65692E+02    0.00000E+00    0.00000E+00
 3.80000E+00    3.71187E+02    0.00000E+00    0.00000E+00
 4.00000E+00    3.76846E+02    0.00000E+00    0.00000E+00
 4.20000E+00    3.82038E+02    0.00000E+00    0.00000E+00
 4.40000E+00    3.86325E+02    0.00000E+00    0.00000E+00
 4.60000E+00    3.89498E+02    0.00000E+00    0.00000E+00
 4.80000E+00    3.91498E+02    0.00000E+00    0.00000E+00
 5.00000E+00    3.92391E+02    0.00000E+00    0.00000E+00
 5.20000E+00    3.92261E+02    0.00000E+00    0.00000E+00
 5.40000E+00    3.91296E+02    0.00000E+00    0.00000E+00
 5.60000E+00    3.89634E+02    0.00000E+00    0.00000E+00
 5.80000E+00    3.87422E+02    0.00000E+00    0.00000E+00
 6.00000E+00    3.84863E+02    0.00000E+00    0.00000E+00
 6.20000E+00    3.79555E+02    0.00000E+00    0.00000E+00
 6.40000E+00    3.68111E+02    0.00000E+00    0.00000E+00
 6.60000E+00    3.52553E+02    0.00000E+00    0.00000E+00
 6.80000E+00    3.35771E+02    0.00000E+00    0.00000E+00
 7.00000E+00    3.18170E+02    0.00000E+00    0.00000E+00
 7.20000E+00    2.98513E+02    0.00000E+00    0.00000E+00
 7.40000E+00    2.79891E+02    0.00000E+00    0.00000E+00
 7.60000E+00    2.60655E+02    0.00000E+00    0.00000E+00
 7.80000E+00    2.41341E+02    0.00000E+00    0.00000E+00
 8.00000E+00    2.23127E+02    0.00000E+00    0.00000E+00
 8.50000E+00    1.81297E+02    0.00000E+00    0.00000E+00
 9.00000E+00    1.43703E+02    0.00000E+00    0.00000E+00
 9.50000E+00    1.15197E+02    0.00000E+00    0.00000E+00
 1.00000E+01    9.44298E+01    0.00000E+00    0.00000E+00
 1.05000E+01    8.02148E+01    0.00000E+00    0.00000E+00
 1.10000E+01    7.02983E+01    0.00000E+00    0.00000E+00
 1.15000E+01    6.32943E+01    0.00000E+00    0.00000E+00
 1.20000E+01    5.81885E+01    0.00000E+00    0.00000E+00
 1.25000E+01    5.42855E+01    0.00000E+00    0.00000E+00
 1.30000E+01    5.14252E+01    0.00000E+00    0.00000E+00
 1.35000E+01    4.90467E+01    0.00000E+00    0.00000E+00
 1.40000E+01    4.70645E+01    0.00000E+00    0.00000E+00
 1.45000E+01    4.55147E+01    0.00000E+00    0.00000E+00
 1.50000E+01    4.40265E+01    0.00000E+00    0.00000E+00
 1.60000E+01    4.15410E+01    0.00000E+00    0.00000E+00
 1.70000E+01    3.93650E+01    0.00000E+00    0.00000E+00
 1.80000E+01    3.73556E+01    0.00000E+00    0.00000E+00
 1.90000E+01    3.56265E+01    0.00000E+00    0.00000E+00
 2.00000E+01    3.43301E+01    0.00000E+00    0.00000E+00
 2.10000E+01    3.27178E+01    0.00000E+00    0.00000E+00
 2.20000E+01    3.13193E+01    0.00000E+00    0.00000E+00
 2.30000E+01    2.97845E+01    0.00000E+00    0.00000E+00
 2.40000E+01    2.84667E+01    0.00000E+00    0.00000E+00
 2.50000E+01    2.73433E+01    0.00000E+00    0.00000E+00
 2.60000E+01    2.62813E+01    0.00000E+00    0.00000E+00
 2.70000E+01    2.53918E+01    0.00000E+00    0.00000E+00
 2.80000E+01    2.45111E+01    0.00000E+00    0.00000E+00
 2.90000E+01    2.37522E+01    0.00000E+00    0.00000E+00
 3.00000E+01    2.29548E+01    0.00000E+00    0.00000E+00
 3.00000E+01    2.30277E+01    0.00000E+00    0.00000E+00
 3.20000E+01    2.13403E+01    0.00000E+00    0.00000E+00
 3.40000E+01    1.97861E+01    0.00000E+00    0.00000E+00
 3.60000E+01    1.82511E+01    0.00000E+00    0.00000E+00
 3.80000E+01    1.69693E+01    0.00000E+00    0.00000E+00
 4.00000E+01    1.58670E+01    0.00000E+00    0.00000E+00
 4.20000E+01    1.48272E+01    0.00000E+00    0.00000E+00
 4.40000E+01    1.36240E+01    0.00000E+00    0.00000E+00
 4.60000E+01    1.30121E+01    0.00000E+00    0.00000E+00
 4.80000E+01    1.27661E+01    0.00000E+00    0.00000E+00
 5.00000E+01    1.25280E+01    0.00000E+00    0.00000E+00
 5.20000E+01    1.19784E+01    0.00000E+00    0.00000E+00
 5.40000E+01    1.13445E+01    0.00000E+00    0.00000E+00
 5.60000E+01    1.06981E+01    0.00000E+00    0.00000E+00
 5.80000E+01    1.01668E+01    0.00000E+00    0.00000E+00
 6.00000E+01    9.70845E+00    0.00000E+00    0.00000E+00
 6.50000E+01    8.48298E+00    0.00000E+00    0.00000E+00
 7.00000E+01    7.77720E+00    0.00000E+00    0.00000E+00
 7.50000E+01    6.84107E+00    0.00000E+00    0.00000E+00
 8.00000E+01    6.34361E+00    0.00000E+00    0.00000E+00
 9.00000E+01    5.22655E+00    0.00000E+00    0.00000E+00
 1.00000E+02    4.34559E+00    0.00000E+00    0.00000E+00
 1.10000E+02    3.60543E+00    0.00000E+00    0.00000E+00
 1.20000E+02    3.02942E+00    0.00000E+00    0.00000E+00
 1.30000E+02    2.53439E+00    0.00000E+00    0.00000E+00
 1.40000E+02    2.14113E+00    0.00000E+00    0.00000E+00
 1.50000E+02    1.82213E+00    0.00000E+00    0.00000E+00
 1.60000E+02    1.56487E+00    0.00000E+00    0.00000E+00
 1.80000E+02    1.20121E+00    0.00000E+00    0.00000E+00
 2.00000E+02    9.80462E-01    0.00000E+00    0.00000E+00
