# n + Sn123 : (n,n'06)  
# jeff3.3    A.J. Koning and D. Rochman        EVAL-DEC15
# uncertainties: n
# # energies =    90
#   E(MeV)       xs(mb) 
 9.39044E-01    0.00000E+00
 1.00000E+00    2.67180E+01
 1.05287E+00    3.54399E+01
 1.08090E+00    4.00640E+01
 1.11608E+00    4.58676E+01
 1.11810E+00    4.62008E+01
 1.14563E+00    5.07424E+01
 1.16448E+00    5.38521E+01
 1.20000E+00    5.97118E+01
 1.20420E+00    5.98998E+01
 1.22699E+00    6.09200E+01
 1.31168E+00    6.47113E+01
 1.40000E+00    6.86651E+01
 1.45182E+00    6.92312E+01
 1.47803E+00    6.95175E+01
 1.50102E+00    6.97686E+01
 1.60000E+00    7.08499E+01
 1.72807E+00    7.20586E+01
 1.74319E+00    7.22013E+01
 1.79864E+00    7.27246E+01
 1.80000E+00    7.27374E+01
 1.84401E+00    7.30614E+01
 1.91761E+00    7.36031E+01
 1.94181E+00    7.37813E+01
 1.96096E+00    7.39222E+01
 2.00000E+00    7.42096E+01
 2.01762E+00    7.41029E+01
 2.04263E+00    7.39515E+01
 2.09707E+00    7.36219E+01
 2.13135E+00    7.34144E+01
 2.17067E+00    7.31764E+01
 2.20000E+00    7.29988E+01
 2.40000E+00    6.37979E+01
 2.60000E+00    5.12463E+01
 2.80000E+00    4.00684E+01
 3.00000E+00    3.11200E+01
 3.20000E+00    2.42128E+01
 3.40000E+00    1.89531E+01
 3.60000E+00    1.49499E+01
 3.80000E+00    1.18816E+01
 4.00000E+00    9.49215E+00
 4.20000E+00    7.60995E+00
 4.40000E+00    6.10187E+00
 4.60000E+00    4.87980E+00
 4.80000E+00    3.88493E+00
 5.00000E+00    3.07612E+00
 5.20000E+00    2.42128E+00
 5.40000E+00    1.89848E+00
 5.60000E+00    1.48392E+00
 5.80000E+00    1.15805E+00
 6.00000E+00    9.04964E-01
 6.20000E+00    7.09486E-01
 6.40000E+00    5.58316E-01
 6.60000E+00    4.43506E-01
 6.80000E+00    3.56770E-01
 7.00000E+00    2.90802E-01
 7.20000E+00    2.41247E-01
 7.40000E+00    2.03292E-01
 7.60000E+00    1.74419E-01
 7.80000E+00    1.52266E-01
 8.00000E+00    1.35061E-01
 8.50000E+00    1.06896E-01
 9.00000E+00    9.10031E-02
 9.50000E+00    8.14043E-02
 1.00000E+01    7.51202E-02
 1.05000E+01    7.06181E-02
 1.10000E+01    6.70964E-02
 1.15000E+01    6.41399E-02
 1.20000E+01    6.15389E-02
 1.25000E+01    5.91898E-02
 1.30000E+01    5.70432E-02
 1.35000E+01    5.50752E-02
 1.40000E+01    5.32749E-02
 1.45000E+01    5.16360E-02
 1.50000E+01    5.01540E-02
 1.60000E+01    4.76147E-02
 1.70000E+01    4.55446E-02
 1.80000E+01    4.38134E-02
 1.90000E+01    4.23282E-02
 2.00000E+01    4.10311E-02
 2.10000E+01    3.98621E-02
 2.20000E+01    3.87481E-02
 2.30000E+01    3.76384E-02
 2.40000E+01    3.65339E-02
 2.50000E+01    3.54767E-02
 2.60000E+01    3.45154E-02
 2.70000E+01    3.36814E-02
 2.80000E+01    3.29759E-02
 2.90000E+01    3.23772E-02
 3.00000E+01    3.18466E-02
