# n + Sn123 : (n,n'20)  
# jeff3.3    A.J. Koning and D. Rochman        EVAL-DEC15
# uncertainties: n
# # energies =    72
#   E(MeV)       xs(mb) 
 1.74319E+00    0.00000E+00
 1.79864E+00    3.55085E-01
 1.80000E+00    3.63794E-01
 1.84401E+00    6.18026E-01
 1.91761E+00    1.04319E+00
 1.94181E+00    1.18299E+00
 1.96096E+00    1.29361E+00
 2.00000E+00    1.51913E+00
 2.01762E+00    1.59935E+00
 2.04263E+00    1.71322E+00
 2.09707E+00    1.96107E+00
 2.13135E+00    2.11715E+00
 2.17067E+00    2.29616E+00
 2.20000E+00    2.42970E+00
 2.40000E+00    3.03776E+00
 2.60000E+00    3.29902E+00
 2.80000E+00    3.30619E+00
 3.00000E+00    3.13934E+00
 3.20000E+00    2.86758E+00
 3.40000E+00    2.54689E+00
 3.60000E+00    2.21632E+00
 3.80000E+00    1.90062E+00
 4.00000E+00    1.61178E+00
 4.20000E+00    1.35698E+00
 4.40000E+00    1.13630E+00
 4.60000E+00    9.47694E-01
 4.80000E+00    7.88021E-01
 5.00000E+00    6.53674E-01
 5.20000E+00    5.41047E-01
 5.40000E+00    4.47023E-01
 5.60000E+00    3.68881E-01
 5.80000E+00    3.04301E-01
 6.00000E+00    2.51308E-01
 6.20000E+00    2.08235E-01
 6.40000E+00    1.73125E-01
 6.60000E+00    1.45048E-01
 6.80000E+00    1.22781E-01
 7.00000E+00    1.05078E-01
 7.20000E+00    9.11257E-02
 7.40000E+00    7.99721E-02
 7.60000E+00    7.11258E-02
 7.80000E+00    6.40338E-02
 8.00000E+00    5.83155E-02
 8.50000E+00    4.83236E-02
 9.00000E+00    4.21722E-02
 9.50000E+00    3.81894E-02
 1.00000E+01    3.54650E-02
 1.05000E+01    3.34827E-02
 1.10000E+01    3.19398E-02
 1.15000E+01    3.06568E-02
 1.20000E+01    2.95305E-02
 1.25000E+01    2.85060E-02
 1.30000E+01    2.75574E-02
 1.35000E+01    2.66742E-02
 1.40000E+01    2.58534E-02
 1.45000E+01    2.50946E-02
 1.50000E+01    2.43985E-02
 1.60000E+01    2.31868E-02
 1.70000E+01    2.21922E-02
 1.80000E+01    2.13678E-02
 1.90000E+01    2.06673E-02
 2.00000E+01    2.00581E-02
 2.10000E+01    1.95144E-02
 2.20000E+01    1.90066E-02
 2.30000E+01    1.85074E-02
 2.40000E+01    1.80062E-02
 2.50000E+01    1.75136E-02
 2.60000E+01    1.70511E-02
 2.70000E+01    1.66378E-02
 2.80000E+01    1.62814E-02
 2.90000E+01    1.59779E-02
 3.00000E+01    1.57132E-02
