# n + Sn123 : (n,n'25)  
# jeff3.3    A.J. Koning and D. Rochman        EVAL-DEC15
# uncertainties: n
# # energies =    66
#   E(MeV)       xs(mb) 
 1.96096E+00    0.00000E+00
 2.00000E+00    6.48674E+00
 2.01762E+00    7.85772E+00
 2.04263E+00    9.80368E+00
 2.09707E+00    1.40395E+01
 2.13135E+00    1.67068E+01
 2.17067E+00    1.97662E+01
 2.20000E+00    2.20483E+01
 2.40000E+00    2.77739E+01
 2.60000E+00    2.96435E+01
 2.80000E+00    2.90789E+01
 3.00000E+00    2.69588E+01
 3.20000E+00    2.39651E+01
 3.40000E+00    2.05650E+01
 3.60000E+00    1.71548E+01
 3.80000E+00    1.39632E+01
 4.00000E+00    1.11476E+01
 4.20000E+00    8.76741E+00
 4.40000E+00    6.82376E+00
 4.60000E+00    5.26855E+00
 4.80000E+00    4.04826E+00
 5.00000E+00    3.10536E+00
 5.20000E+00    2.38167E+00
 5.40000E+00    1.82944E+00
 5.60000E+00    1.40931E+00
 5.80000E+00    1.08887E+00
 6.00000E+00    8.45426E-01
 6.20000E+00    6.59633E-01
 6.40000E+00    5.17598E-01
 6.60000E+00    4.10180E-01
 6.80000E+00    3.29213E-01
 7.00000E+00    2.67885E-01
 7.20000E+00    2.21948E-01
 7.40000E+00    1.86992E-01
 7.60000E+00    1.60706E-01
 7.80000E+00    1.40878E-01
 8.00000E+00    1.25821E-01
 8.50000E+00    1.02652E-01
 9.00000E+00    9.13701E-02
 9.50000E+00    8.59950E-02
 1.00000E+01    8.35221E-02
 1.05000E+01    8.24253E-02
 1.10000E+01    8.19260E-02
 1.15000E+01    8.16301E-02
 1.20000E+01    8.13448E-02
 1.25000E+01    8.09862E-02
 1.30000E+01    8.05310E-02
 1.35000E+01    7.99842E-02
 1.40000E+01    7.93626E-02
 1.45000E+01    7.86841E-02
 1.50000E+01    7.79651E-02
 1.60000E+01    7.64571E-02
 1.70000E+01    7.49388E-02
 1.80000E+01    7.34869E-02
 1.90000E+01    7.21349E-02
 2.00000E+01    7.08647E-02
 2.10000E+01    6.96274E-02
 2.20000E+01    6.83697E-02
 2.30000E+01    6.70565E-02
 2.40000E+01    6.56779E-02
 2.50000E+01    6.42489E-02
 2.60000E+01    6.28004E-02
 2.70000E+01    6.13670E-02
 2.80000E+01    5.99724E-02
 2.90000E+01    5.86293E-02
 3.00000E+01    5.73380E-02
