# n + Ac225 : (n,g)     
# endfb8.0   O.Iwamoto, T.Nakagawa, et al.     EVAL-FEB10
# uncertainties: y
# # energies =   886
#   E(MeV)       xs(mb)       xslow(mb)      xsupp(mb)
 1.00000E-11    2.01064E+06    2.01064E+06    2.01064E+06
 1.03223E-11    1.97899E+06    1.97899E+06    1.97899E+06
 1.06549E-11    1.94786E+06    1.94786E+06    1.94786E+06
 1.09984E-11    1.91721E+06    1.91721E+06    1.91721E+06
 1.13527E-11    1.88705E+06    1.88705E+06    1.88705E+06
 1.17186E-11    1.85736E+06    1.85736E+06    1.85736E+06
 1.20962E-11    1.82814E+06    1.82814E+06    1.82814E+06
 1.24861E-11    1.79937E+06    1.79937E+06    1.79937E+06
 1.28884E-11    1.77107E+06    1.77107E+06    1.77107E+06
 1.33038E-11    1.74320E+06    1.74320E+06    1.74320E+06
 1.37325E-11    1.71577E+06    1.71577E+06    1.71577E+06
 1.41751E-11    1.68877E+06    1.68877E+06    1.68877E+06
 1.46318E-11    1.66221E+06    1.66221E+06    1.66221E+06
 1.51034E-11    1.63605E+06    1.63605E+06    1.63605E+06
 1.55901E-11    1.61032E+06    1.61032E+06    1.61032E+06
 1.60926E-11    1.58498E+06    1.58498E+06    1.58498E+06
 1.66111E-11    1.56004E+06    1.56004E+06    1.56004E+06
 1.71465E-11    1.53549E+06    1.53549E+06    1.53549E+06
 1.76990E-11    1.51134E+06    1.51134E+06    1.51134E+06
 1.82694E-11    1.48756E+06    1.48756E+06    1.48756E+06
 1.88581E-11    1.46416E+06    1.46416E+06    1.46416E+06
 1.94659E-11    1.44112E+06    1.44112E+06    1.44112E+06
 2.00931E-11    1.41845E+06    1.41845E+06    1.41845E+06
 2.07407E-11    1.39613E+06    1.39613E+06    1.39613E+06
 2.14090E-11    1.37416E+06    1.37416E+06    1.37416E+06
 2.20991E-11    1.35254E+06    1.35254E+06    1.35254E+06
 2.28111E-11    1.33126E+06    1.33126E+06    1.33126E+06
 2.35464E-11    1.31031E+06    1.31031E+06    1.31031E+06
 2.43051E-11    1.28970E+06    1.28970E+06    1.28970E+06
 2.50884E-11    1.26941E+06    1.26941E+06    1.26941E+06
 2.58968E-11    1.24944E+06    1.24944E+06    1.24944E+06
 2.67315E-11    1.22978E+06    1.22978E+06    1.22978E+06
 2.75928E-11    1.21043E+06    1.21043E+06    1.21043E+06
 2.84822E-11    1.19139E+06    1.19139E+06    1.19139E+06
 2.93999E-11    1.17264E+06    1.17264E+06    1.17264E+06
 3.03475E-11    1.15419E+06    1.15419E+06    1.15419E+06
 3.13253E-11    1.13604E+06    1.13604E+06    1.13604E+06
 3.23350E-11    1.11816E+06    1.11816E+06    1.11816E+06
 3.33769E-11    1.10057E+06    1.10057E+06    1.10057E+06
 3.44526E-11    1.08325E+06    1.08325E+06    1.08325E+06
 3.55627E-11    1.06621E+06    1.06621E+06    1.06621E+06
 3.67089E-11    1.04943E+06    1.04943E+06    1.04943E+06
 3.78918E-11    1.03293E+06    1.03293E+06    1.03293E+06
 3.91130E-11    1.01667E+06    1.01667E+06    1.01667E+06
 4.03734E-11    1.00068E+06    1.00068E+06    1.00068E+06
 4.16746E-11    9.84934E+05    9.84934E+05    9.84934E+05
 4.30174E-11    9.69439E+05    9.69439E+05    9.69439E+05
 4.44039E-11    9.54186E+05    9.54186E+05    9.54186E+05
 4.58347E-11    9.39175E+05    9.39175E+05    9.39175E+05
 4.73119E-11    9.24398E+05    9.24398E+05    9.24398E+05
 4.88364E-11    9.09856E+05    9.09856E+05    9.09856E+05
 5.04104E-11    8.95540E+05    8.95540E+05    8.95540E+05
 5.20348E-11    8.81452E+05    8.81452E+05    8.81452E+05
 5.37119E-11    8.67582E+05    8.67582E+05    8.67582E+05
 5.54426E-11    8.53934E+05    8.53934E+05    8.53934E+05
 5.72295E-11    8.40498E+05    8.40498E+05    8.40498E+05
 5.90736E-11    8.27276E+05    8.27276E+05    8.27276E+05
 6.09775E-11    8.14260E+05    8.14260E+05    8.14260E+05
 6.29424E-11    8.01450E+05    8.01450E+05    8.01450E+05
 6.49710E-11    7.88840E+05    7.88840E+05    7.88840E+05
 6.70645E-11    7.76431E+05    7.76431E+05    7.76431E+05
 6.92260E-11    7.64214E+05    7.64214E+05    7.64214E+05
 7.14566E-11    7.52192E+05    7.52192E+05    7.52192E+05
 7.37596E-11    7.40358E+05    7.40358E+05    7.40358E+05
 7.61364E-11    7.28711E+05    7.28711E+05    7.28711E+05
 7.85902E-11    7.17245E+05    7.17245E+05    7.17245E+05
 8.11227E-11    7.05962E+05    7.05962E+05    7.05962E+05
 8.37372E-11    6.94855E+05    6.94855E+05    6.94855E+05
 8.64355E-11    6.83924E+05    6.83924E+05    6.83924E+05
 8.92212E-11    6.73164E+05    6.73164E+05    6.73164E+05
 9.20962E-11    6.62574E+05    6.62574E+05    6.62574E+05
 9.50644E-11    6.52149E+05    6.52149E+05    6.52149E+05
 9.81277E-11    6.41890E+05    6.41890E+05    6.41890E+05
 1.01291E-10    6.31790E+05    6.31790E+05    6.31790E+05
 1.04554E-10    6.21853E+05    6.21853E+05    6.21853E+05
 1.07924E-10    6.12068E+05    6.12068E+05    6.12068E+05
 1.11402E-10    6.02440E+05    6.02440E+05    6.02440E+05
 1.14992E-10    5.92961E+05    5.92961E+05    5.92961E+05
 1.18697E-10    5.83634E+05    5.83634E+05    5.83634E+05
 1.22523E-10    5.74451E+05    5.74451E+05    5.74451E+05
 1.26471E-10    5.65415E+05    5.65415E+05    5.65415E+05
 1.30547E-10    5.56519E+05    5.56519E+05    5.56519E+05
 1.34754E-10    5.47765E+05    5.47765E+05    5.47765E+05
 1.39097E-10    5.39146E+05    5.39146E+05    5.39146E+05
 1.43579E-10    5.30666E+05    5.30666E+05    5.30666E+05
 1.48207E-10    5.22316E+05    5.22316E+05    5.22316E+05
 1.52982E-10    5.14101E+05    5.14101E+05    5.14101E+05
 1.57913E-10    5.06012E+05    5.06012E+05    5.06012E+05
 1.63001E-10    4.98053E+05    4.98053E+05    4.98053E+05
 1.68254E-10    4.90216E+05    4.90216E+05    4.90216E+05
 1.73676E-10    4.82506E+05    4.82506E+05    4.82506E+05
 1.79274E-10    4.74914E+05    4.74914E+05    4.74914E+05
 1.85050E-10    4.67444E+05    4.67444E+05    4.67444E+05
 1.91014E-10    4.60089E+05    4.60089E+05    4.60089E+05
 1.97169E-10    4.52853E+05    4.52853E+05    4.52853E+05
 2.03524E-10    4.45728E+05    4.45728E+05    4.45728E+05
 2.10082E-10    4.38717E+05    4.38717E+05    4.38717E+05
 2.16853E-10    4.31814E+05    4.31814E+05    4.31814E+05
 2.23840E-10    4.25022E+05    4.25022E+05    4.25022E+05
 2.31055E-10    4.18335E+05    4.18335E+05    4.18335E+05
 2.38500E-10    4.11755E+05    4.11755E+05    4.11755E+05
 2.46187E-10    4.05277E+05    4.05277E+05    4.05277E+05
 2.54120E-10    3.98902E+05    3.98902E+05    3.98902E+05
 2.62310E-10    3.92626E+05    3.92626E+05    3.92626E+05
 2.70762E-10    3.86451E+05    3.86451E+05    3.86451E+05
 2.79489E-10    3.80371E+05    3.80371E+05    3.80371E+05
 2.88494E-10    3.74388E+05    3.74388E+05    3.74388E+05
 2.97793E-10    3.68498E+05    3.68498E+05    3.68498E+05
 3.07388E-10    3.62702E+05    3.62702E+05    3.62702E+05
 3.17295E-10    3.56995E+05    3.56995E+05    3.56995E+05
 3.27519E-10    3.51380E+05    3.51380E+05    3.51380E+05
 3.38075E-10    3.45852E+05    3.45852E+05    3.45852E+05
 3.48969E-10    3.40412E+05    3.40412E+05    3.40412E+05
 3.60216E-10    3.35057E+05    3.35057E+05    3.35057E+05
 3.71823E-10    3.29787E+05    3.29787E+05    3.29787E+05
 3.83807E-10    3.24598E+05    3.24598E+05    3.24598E+05
 3.96174E-10    3.19493E+05    3.19493E+05    3.19493E+05
 4.08943E-10    3.14466E+05    3.14466E+05    3.14466E+05
 4.22120E-10    3.09520E+05    3.09520E+05    3.09520E+05
 4.35725E-10    3.04651E+05    3.04651E+05    3.04651E+05
 4.49765E-10    2.99859E+05    2.99859E+05    2.99859E+05
 4.64261E-10    2.95141E+05    2.95141E+05    2.95141E+05
 4.79221E-10    2.90499E+05    2.90499E+05    2.90499E+05
 4.94666E-10    2.85929E+05    2.85929E+05    2.85929E+05
 5.10605E-10    2.81432E+05    2.81432E+05    2.81432E+05
 5.27062E-10    2.77004E+05    2.77004E+05    2.77004E+05
 5.44045E-10    2.72647E+05    2.72647E+05    2.72647E+05
 5.61580E-10    2.68358E+05    2.68358E+05    2.68358E+05
 5.79675E-10    2.64137E+05    2.64137E+05    2.64137E+05
 5.98358E-10    2.59982E+05    2.59982E+05    2.59982E+05
 6.17639E-10    2.55892E+05    2.55892E+05    2.55892E+05
 6.37545E-10    2.51867E+05    2.51867E+05    2.51867E+05
 6.58089E-10    2.47905E+05    2.47905E+05    2.47905E+05
 6.79298E-10    2.44005E+05    2.44005E+05    2.44005E+05
 7.01188E-10    2.40167E+05    2.40167E+05    2.40167E+05
 7.23786E-10    2.36389E+05    2.36389E+05    2.36389E+05
 7.47109E-10    2.32671E+05    2.32671E+05    2.32671E+05
 7.71188E-10    2.29011E+05    2.29011E+05    2.29011E+05
 7.96038E-10    2.25409E+05    2.25409E+05    2.25409E+05
 8.21693E-10    2.21863E+05    2.21863E+05    2.21863E+05
 8.48171E-10    2.18373E+05    2.18373E+05    2.18373E+05
 8.75507E-10    2.14938E+05    2.14938E+05    2.14938E+05
 9.03719E-10    2.11557E+05    2.11557E+05    2.11557E+05
 9.32845E-10    2.08229E+05    2.08229E+05    2.08229E+05
 9.62904E-10    2.04954E+05    2.04954E+05    2.04954E+05
 9.93937E-10    2.01729E+05    2.01729E+05    2.01729E+05
 1.02597E-09    1.98556E+05    1.98556E+05    1.98556E+05
 1.05903E-09    1.95433E+05    1.95433E+05    1.95433E+05
 1.09316E-09    1.92359E+05    1.92359E+05    1.92359E+05
 1.12839E-09    1.89333E+05    1.89333E+05    1.89333E+05
 1.16475E-09    1.86355E+05    1.86355E+05    1.86355E+05
 1.20229E-09    1.83423E+05    1.83423E+05    1.83423E+05
 1.24103E-09    1.80538E+05    1.80538E+05    1.80538E+05
 1.28103E-09    1.77698E+05    1.77698E+05    1.77698E+05
 1.32231E-09    1.74903E+05    1.74903E+05    1.74903E+05
 1.36492E-09    1.72152E+05    1.72152E+05    1.72152E+05
 1.40890E-09    1.69444E+05    1.69444E+05    1.69444E+05
 1.45431E-09    1.66778E+05    1.66778E+05    1.66778E+05
 1.50117E-09    1.64155E+05    1.64155E+05    1.64155E+05
 1.54956E-09    1.61573E+05    1.61573E+05    1.61573E+05
 1.59949E-09    1.59031E+05    1.59031E+05    1.59031E+05
 1.65104E-09    1.56530E+05    1.56530E+05    1.56530E+05
 1.70424E-09    1.54067E+05    1.54067E+05    1.54067E+05
 1.75917E-09    1.51644E+05    1.51644E+05    1.51644E+05
 1.81585E-09    1.49259E+05    1.49259E+05    1.49259E+05
 1.87438E-09    1.46911E+05    1.46911E+05    1.46911E+05
 1.93477E-09    1.44600E+05    1.44600E+05    1.44600E+05
 1.99713E-09    1.42325E+05    1.42325E+05    1.42325E+05
 2.06148E-09    1.40087E+05    1.40087E+05    1.40087E+05
 2.12792E-09    1.37883E+05    1.37883E+05    1.37883E+05
 2.19649E-09    1.35714E+05    1.35714E+05    1.35714E+05
 2.26728E-09    1.33579E+05    1.33579E+05    1.33579E+05
 2.34034E-09    1.31478E+05    1.31478E+05    1.31478E+05
 2.41577E-09    1.29410E+05    1.29410E+05    1.29410E+05
 2.49362E-09    1.27374E+05    1.27374E+05    1.27374E+05
 2.57398E-09    1.25371E+05    1.25371E+05    1.25371E+05
 2.65692E-09    1.23399E+05    1.23399E+05    1.23399E+05
 2.74255E-09    1.21458E+05    1.21458E+05    1.21458E+05
 2.83093E-09    1.19547E+05    1.19547E+05    1.19547E+05
 2.92217E-09    1.17667E+05    1.17667E+05    1.17667E+05
 3.01633E-09    1.15816E+05    1.15816E+05    1.15816E+05
 3.11354E-09    1.13994E+05    1.13994E+05    1.13994E+05
 3.21387E-09    1.12201E+05    1.12201E+05    1.12201E+05
 3.31745E-09    1.10436E+05    1.10436E+05    1.10436E+05
 3.42435E-09    1.08699E+05    1.08699E+05    1.08699E+05
 3.53471E-09    1.06989E+05    1.06989E+05    1.06989E+05
 3.64861E-09    1.05307E+05    1.05307E+05    1.05307E+05
 3.76620E-09    1.03650E+05    1.03650E+05    1.03650E+05
 3.88757E-09    1.02020E+05    1.02020E+05    1.02020E+05
 4.01286E-09    1.00416E+05    1.00416E+05    1.00416E+05
 4.14217E-09    9.88363E+04    9.88363E+04    9.88363E+04
 4.27566E-09    9.72817E+04    9.72817E+04    9.72817E+04
 4.41344E-09    9.57518E+04    9.57518E+04    9.57518E+04
 4.55568E-09    9.42457E+04    9.42457E+04    9.42457E+04
 4.70248E-09    9.27635E+04    9.27635E+04    9.27635E+04
 4.85404E-09    9.13044E+04    9.13044E+04    9.13044E+04
 5.01045E-09    8.98684E+04    8.98684E+04    8.98684E+04
 5.17193E-09    8.84549E+04    8.84549E+04    8.84549E+04
 5.33859E-09    8.70637E+04    8.70637E+04    8.70637E+04
 5.51065E-09    8.56942E+04    8.56942E+04    8.56942E+04
 5.68822E-09    8.43464E+04    8.43464E+04    8.43464E+04
 5.87154E-09    8.30197E+04    8.30197E+04    8.30197E+04
 6.06075E-09    8.17139E+04    8.17139E+04    8.17139E+04
 6.25608E-09    8.04285E+04    8.04285E+04    8.04285E+04
 6.45767E-09    7.91635E+04    7.91635E+04    7.91635E+04
 6.66579E-09    7.79182E+04    7.79182E+04    7.79182E+04
 6.88059E-09    7.66927E+04    7.66927E+04    7.66927E+04
 7.10234E-09    7.54862E+04    7.54862E+04    7.54862E+04
 7.33121E-09    7.42989E+04    7.42989E+04    7.42989E+04
 7.56748E-09    7.31301E+04    7.31301E+04    7.31301E+04
 7.81133E-09    7.19799E+04    7.19799E+04    7.19799E+04
 8.06308E-09    7.08476E+04    7.08476E+04    7.08476E+04
 8.32291E-09    6.97332E+04    6.97332E+04    6.97332E+04
 8.59114E-09    6.86363E+04    6.86363E+04    6.86363E+04
 8.86798E-09    6.75567E+04    6.75567E+04    6.75567E+04
 9.15378E-09    6.64940E+04    6.64940E+04    6.64940E+04
 9.44875E-09    6.54481E+04    6.54481E+04    6.54481E+04
 9.75327E-09    6.44185E+04    6.44185E+04    6.44185E+04
 1.00676E-08    6.34053E+04    6.34053E+04    6.34053E+04
 1.03920E-08    6.24078E+04    6.24078E+04    6.24078E+04
 1.07269E-08    6.14262E+04    6.14262E+04    6.14262E+04
 1.10726E-08    6.04599E+04    6.04599E+04    6.04599E+04
 1.14294E-08    5.95089E+04    5.95089E+04    5.95089E+04
 1.17978E-08    5.85728E+04    5.85728E+04    5.85728E+04
 1.21779E-08    5.76516E+04    5.76516E+04    5.76516E+04
 1.25704E-08    5.67446E+04    5.67446E+04    5.67446E+04
 1.29755E-08    5.58521E+04    5.58521E+04    5.58521E+04
 1.33937E-08    5.49735E+04    5.49735E+04    5.49735E+04
 1.38253E-08    5.41088E+04    5.41088E+04    5.41088E+04
 1.42708E-08    5.32576E+04    5.32576E+04    5.32576E+04
 1.47307E-08    5.24199E+04    5.24199E+04    5.24199E+04
 1.52054E-08    5.15953E+04    5.15953E+04    5.15953E+04
 1.56954E-08    5.07838E+04    5.07838E+04    5.07838E+04
 1.62012E-08    4.99849E+04    4.99849E+04    4.99849E+04
 1.67233E-08    4.91987E+04    4.91987E+04    4.91987E+04
 1.72623E-08    4.84248E+04    4.84248E+04    4.84248E+04
 1.78185E-08    4.76632E+04    4.76632E+04    4.76632E+04
 1.83928E-08    4.69135E+04    4.69135E+04    4.69135E+04
 1.89855E-08    4.61756E+04    4.61756E+04    4.61756E+04
 1.95974E-08    4.54492E+04    4.54492E+04    4.54492E+04
 2.02289E-08    4.47344E+04    4.47344E+04    4.47344E+04
 2.08808E-08    4.40306E+04    4.40306E+04    4.40306E+04
 2.15537E-08    4.33381E+04    4.33381E+04    4.33381E+04
 2.22483E-08    4.26563E+04    4.26563E+04    4.26563E+04
 2.29652E-08    4.19853E+04    4.19853E+04    4.19853E+04
 2.37054E-08    4.13249E+04    4.13249E+04    4.13249E+04
 2.44693E-08    4.06750E+04    4.06750E+04    4.06750E+04
 2.52522E-08    4.00398E+04    4.00398E+04    4.00398E+04
 2.53000E-08    4.00020E+04    4.00020E+04    4.00020E+04
 2.61154E-08    3.93730E+04    3.93730E+04    3.93730E+04
 2.69569E-08    3.87541E+04    3.87541E+04    3.87541E+04
 2.78257E-08    3.81449E+04    3.81449E+04    3.81449E+04
 2.87224E-08    3.75455E+04    3.75455E+04    3.75455E+04
 2.96480E-08    3.69554E+04    3.69554E+04    3.69554E+04
 3.06034E-08    3.63748E+04    3.63748E+04    3.63748E+04
 3.15897E-08    3.58031E+04    3.58031E+04    3.58031E+04
 3.26077E-08    3.52405E+04    3.52405E+04    3.52405E+04
 3.36586E-08    3.46865E+04    3.46865E+04    3.46865E+04
 3.47432E-08    3.41414E+04    3.41414E+04    3.41414E+04
 3.58629E-08    3.36047E+04    3.36047E+04    3.36047E+04
 3.70185E-08    3.30766E+04    3.30766E+04    3.30766E+04
 3.82116E-08    3.25567E+04    3.25567E+04    3.25567E+04
 3.94429E-08    3.20451E+04    3.20451E+04    3.20451E+04
 4.07141E-08    3.15415E+04    3.15415E+04    3.15415E+04
 4.20261E-08    3.10458E+04    3.10458E+04    3.10458E+04
 4.33805E-08    3.05579E+04    3.05579E+04    3.05579E+04
 4.47784E-08    3.00777E+04    3.00777E+04    3.00777E+04
 4.62215E-08    2.96050E+04    2.96050E+04    2.96050E+04
 4.77110E-08    2.91398E+04    2.91398E+04    2.91398E+04
 4.92486E-08    2.86818E+04    2.86818E+04    2.86818E+04
 5.08356E-08    2.82310E+04    2.82310E+04    2.82310E+04
 5.24740E-08    2.77871E+04    2.77871E+04    2.77871E+04
 5.41649E-08    2.73503E+04    2.73503E+04    2.73503E+04
 5.59105E-08    2.69204E+04    2.69204E+04    2.69204E+04
 5.77122E-08    2.64975E+04    2.64975E+04    2.64975E+04
 5.95722E-08    2.60811E+04    2.60811E+04    2.60811E+04
 6.14918E-08    2.56714E+04    2.56714E+04    2.56714E+04
 6.34736E-08    2.52680E+04    2.52680E+04    2.52680E+04
 6.55190E-08    2.48709E+04    2.48709E+04    2.48709E+04
 6.76305E-08    2.44799E+04    2.44799E+04    2.44799E+04
 6.98099E-08    2.40951E+04    2.40951E+04    2.40951E+04
 7.20597E-08    2.37163E+04    2.37163E+04    2.37163E+04
 7.43818E-08    2.33436E+04    2.33436E+04    2.33436E+04
 7.67790E-08    2.29767E+04    2.29767E+04    2.29767E+04
 7.92531E-08    2.26157E+04    2.26157E+04    2.26157E+04
 8.18073E-08    2.22603E+04    2.22603E+04    2.22603E+04
 8.44435E-08    2.19104E+04    2.19104E+04    2.19104E+04
 8.71649E-08    2.15660E+04    2.15660E+04    2.15660E+04
 8.99737E-08    2.12272E+04    2.12272E+04    2.12272E+04
 9.28735E-08    2.08936E+04    2.08936E+04    2.08936E+04
 9.58662E-08    2.05654E+04    2.05654E+04    2.05654E+04
 9.89558E-08    2.02421E+04    2.02421E+04    2.02421E+04
 1.02145E-07    1.99239E+04    1.99239E+04    1.99239E+04
 1.05437E-07    1.96106E+04    1.96106E+04    1.96106E+04
 1.08834E-07    1.93023E+04    1.93023E+04    1.93023E+04
 1.12342E-07    1.89989E+04    1.89989E+04    1.89989E+04
 1.15962E-07    1.87004E+04    1.87004E+04    1.87004E+04
 1.19699E-07    1.84067E+04    1.84067E+04    1.84067E+04
 1.23556E-07    1.81176E+04    1.81176E+04    1.81176E+04
 1.27538E-07    1.78329E+04    1.78329E+04    1.78329E+04
 1.31648E-07    1.75526E+04    1.75526E+04    1.75526E+04
 1.35891E-07    1.72766E+04    1.72766E+04    1.72766E+04
 1.40270E-07    1.70050E+04    1.70050E+04    1.70050E+04
 1.44790E-07    1.67376E+04    1.67376E+04    1.67376E+04
 1.49456E-07    1.64746E+04    1.64746E+04    1.64746E+04
 1.54273E-07    1.62157E+04    1.62157E+04    1.62157E+04
 1.59244E-07    1.59610E+04    1.59610E+04    1.59610E+04
 1.64376E-07    1.57102E+04    1.57102E+04    1.57102E+04
 1.69673E-07    1.54632E+04    1.54632E+04    1.54632E+04
 1.75142E-07    1.52201E+04    1.52201E+04    1.52201E+04
 1.80785E-07    1.49809E+04    1.49809E+04    1.49809E+04
 1.86612E-07    1.47456E+04    1.47456E+04    1.47456E+04
 1.92625E-07    1.45140E+04    1.45140E+04    1.45140E+04
 1.98833E-07    1.42859E+04    1.42859E+04    1.42859E+04
 2.05240E-07    1.40612E+04    1.40612E+04    1.40612E+04
 2.11855E-07    1.38400E+04    1.38400E+04    1.38400E+04
 2.18682E-07    1.36225E+04    1.36225E+04    1.36225E+04
 2.25730E-07    1.34084E+04    1.34084E+04    1.34084E+04
 2.33003E-07    1.31977E+04    1.31977E+04    1.31977E+04
 2.40513E-07    1.29905E+04    1.29905E+04    1.29905E+04
 2.48263E-07    1.27865E+04    1.27865E+04    1.27865E+04
 2.56264E-07    1.25855E+04    1.25855E+04    1.25855E+04
 2.64522E-07    1.23876E+04    1.23876E+04    1.23876E+04
 2.73047E-07    1.21929E+04    1.21929E+04    1.21929E+04
 2.81846E-07    1.20012E+04    1.20012E+04    1.20012E+04
 2.90929E-07    1.18125E+04    1.18125E+04    1.18125E+04
 3.00304E-07    1.16268E+04    1.16268E+04    1.16268E+04
 3.09982E-07    1.14442E+04    1.14442E+04    1.14442E+04
 3.19971E-07    1.12645E+04    1.12645E+04    1.12645E+04
 3.30284E-07    1.10874E+04    1.10874E+04    1.10874E+04
 3.40927E-07    1.09130E+04    1.09130E+04    1.09130E+04
 3.51914E-07    1.07415E+04    1.07415E+04    1.07415E+04
 3.63254E-07    1.05727E+04    1.05727E+04    1.05727E+04
 3.74961E-07    1.04067E+04    1.04067E+04    1.04067E+04
 3.87044E-07    1.02433E+04    1.02433E+04    1.02433E+04
 3.99518E-07    1.00824E+04    1.00824E+04    1.00824E+04
 4.05474E-07    1.00101E+04    1.00101E+04    1.00101E+04
 4.08056E-07    9.98379E+03    9.98379E+03    9.98379E+03
 4.09785E-07    9.97168E+03    9.97168E+03    9.97168E+03
 4.11087E-07    9.96855E+03    9.96855E+03    9.96855E+03
 4.11957E-07    9.97110E+03    9.97110E+03    9.97110E+03
 4.12829E-07    9.97905E+03    9.97905E+03    9.97905E+03
 4.13484E-07    9.98977E+03    9.98977E+03    9.98977E+03
 4.14140E-07    1.00057E+04    1.00057E+04    1.00057E+04
 4.14798E-07    1.00283E+04    1.00283E+04    1.00283E+04
 4.15237E-07    1.00479E+04    1.00479E+04    1.00479E+04
 4.15675E-07    1.00717E+04    1.00717E+04    1.00717E+04
 4.16115E-07    1.01004E+04    1.01004E+04    1.01004E+04
 4.16556E-07    1.01348E+04    1.01348E+04    1.01348E+04
 4.16996E-07    1.01757E+04    1.01757E+04    1.01757E+04
 4.17437E-07    1.02241E+04    1.02241E+04    1.02241E+04
 4.17768E-07    1.02660E+04    1.02660E+04    1.02660E+04
 4.18100E-07    1.03133E+04    1.03133E+04    1.03133E+04
 4.18432E-07    1.03664E+04    1.03664E+04    1.03664E+04
 4.18764E-07    1.04261E+04    1.04261E+04    1.04261E+04
 4.19095E-07    1.04928E+04    1.04928E+04    1.04928E+04
 4.19427E-07    1.05674E+04    1.05674E+04    1.05674E+04
 4.19761E-07    1.06510E+04    1.06510E+04    1.06510E+04
 4.19983E-07    1.07119E+04    1.07119E+04    1.07119E+04
 4.20205E-07    1.07772E+04    1.07772E+04    1.07772E+04
 4.20427E-07    1.08474E+04    1.08474E+04    1.08474E+04
 4.20649E-07    1.09226E+04    1.09226E+04    1.09226E+04
 4.20872E-07    1.10031E+04    1.10031E+04    1.10031E+04
 4.21094E-07    1.10893E+04    1.10893E+04    1.10893E+04
 4.21316E-07    1.11817E+04    1.11817E+04    1.11817E+04
 4.21540E-07    1.12807E+04    1.12807E+04    1.12807E+04
 4.21763E-07    1.13865E+04    1.13865E+04    1.13865E+04
 4.21986E-07    1.14994E+04    1.14994E+04    1.14994E+04
 4.22209E-07    1.16199E+04    1.16199E+04    1.16199E+04
 4.22432E-07    1.17485E+04    1.17485E+04    1.17485E+04
 4.22655E-07    1.18855E+04    1.18855E+04    1.18855E+04
 4.22878E-07    1.20314E+04    1.20314E+04    1.20314E+04
 4.23046E-07    1.21472E+04    1.21472E+04    1.21472E+04
 4.23214E-07    1.22688E+04    1.22688E+04    1.22688E+04
 4.23382E-07    1.23962E+04    1.23962E+04    1.23962E+04
 4.23550E-07    1.25295E+04    1.25295E+04    1.25295E+04
 4.23718E-07    1.26692E+04    1.26692E+04    1.26692E+04
 4.23886E-07    1.28152E+04    1.28152E+04    1.28152E+04
 4.24054E-07    1.29681E+04    1.29681E+04    1.29681E+04
 4.24222E-07    1.31279E+04    1.31279E+04    1.31279E+04
 4.24390E-07    1.32949E+04    1.32949E+04    1.32949E+04
 4.24558E-07    1.34694E+04    1.34694E+04    1.34694E+04
 4.24727E-07    1.36518E+04    1.36518E+04    1.36518E+04
 4.24895E-07    1.38428E+04    1.38428E+04    1.38428E+04
 4.25064E-07    1.40425E+04    1.40425E+04    1.40425E+04
 4.25233E-07    1.42509E+04    1.42509E+04    1.42509E+04
 4.25401E-07    1.44684E+04    1.44684E+04    1.44684E+04
 4.25570E-07    1.46953E+04    1.46953E+04    1.46953E+04
 4.25739E-07    1.49318E+04    1.49318E+04    1.49318E+04
 4.25908E-07    1.51785E+04    1.51785E+04    1.51785E+04
 4.26076E-07    1.54355E+04    1.54355E+04    1.54355E+04
 4.26245E-07    1.57033E+04    1.57033E+04    1.57033E+04
 4.26414E-07    1.59822E+04    1.59822E+04    1.59822E+04
 4.26583E-07    1.62725E+04    1.62725E+04    1.62725E+04
 4.26752E-07    1.65760E+04    1.65760E+04    1.65760E+04
 4.26922E-07    1.68919E+04    1.68919E+04    1.68919E+04
 4.27091E-07    1.72205E+04    1.72205E+04    1.72205E+04
 4.27261E-07    1.75622E+04    1.75622E+04    1.75622E+04
 4.27430E-07    1.79175E+04    1.79175E+04    1.79175E+04
 4.27600E-07    1.82868E+04    1.82868E+04    1.82868E+04
 4.27769E-07    1.86705E+04    1.86705E+04    1.86705E+04
 4.27939E-07    1.90690E+04    1.90690E+04    1.90690E+04
 4.28108E-07    1.94829E+04    1.94829E+04    1.94829E+04
 4.28278E-07    1.99124E+04    1.99124E+04    1.99124E+04
 4.28447E-07    2.03588E+04    2.03588E+04    2.03588E+04
 4.28618E-07    2.08233E+04    2.08233E+04    2.08233E+04
 4.28788E-07    2.13051E+04    2.13051E+04    2.13051E+04
 4.28958E-07    2.18046E+04    2.18046E+04    2.18046E+04
 4.29128E-07    2.23225E+04    2.23225E+04    2.23225E+04
 4.29298E-07    2.28591E+04    2.28591E+04    2.28591E+04
 4.29469E-07    2.34150E+04    2.34150E+04    2.34150E+04
 4.29639E-07    2.39907E+04    2.39907E+04    2.39907E+04
 4.29809E-07    2.45867E+04    2.45867E+04    2.45867E+04
 4.29979E-07    2.52036E+04    2.52036E+04    2.52036E+04
 4.30149E-07    2.58418E+04    2.58418E+04    2.58418E+04
 4.30320E-07    2.65039E+04    2.65039E+04    2.65039E+04
 4.30491E-07    2.71896E+04    2.71896E+04    2.71896E+04
 4.30662E-07    2.78984E+04    2.78984E+04    2.78984E+04
 4.30833E-07    2.86311E+04    2.86311E+04    2.86311E+04
 4.31004E-07    2.93880E+04    2.93880E+04    2.93880E+04
 4.31175E-07    3.01699E+04    3.01699E+04    3.01699E+04
 4.31346E-07    3.09772E+04    3.09772E+04    3.09772E+04
 4.31517E-07    3.18105E+04    3.18105E+04    3.18105E+04
 4.31688E-07    3.26705E+04    3.26705E+04    3.26705E+04
 4.31858E-07    3.35576E+04    3.35576E+04    3.35576E+04
 4.32029E-07    3.44725E+04    3.44725E+04    3.44725E+04
 4.32201E-07    3.54198E+04    3.54198E+04    3.54198E+04
 4.32373E-07    3.63963E+04    3.63963E+04    3.63963E+04
 4.32544E-07    3.74025E+04    3.74025E+04    3.74025E+04
 4.32716E-07    3.84391E+04    3.84391E+04    3.84391E+04
 4.32888E-07    3.95066E+04    3.95066E+04    3.95066E+04
 4.33059E-07    4.06056E+04    4.06056E+04    4.06056E+04
 4.33231E-07    4.17367E+04    4.17367E+04    4.17367E+04
 4.33403E-07    4.29004E+04    4.29004E+04    4.29004E+04
 4.33574E-07    4.40974E+04    4.40974E+04    4.40974E+04
 4.33746E-07    4.53283E+04    4.53283E+04    4.53283E+04
 4.33918E-07    4.65953E+04    4.65953E+04    4.65953E+04
 4.34090E-07    4.79010E+04    4.79010E+04    4.79010E+04
 4.34263E-07    4.92426E+04    4.92426E+04    4.92426E+04
 4.34435E-07    5.06205E+04    5.06205E+04    5.06205E+04
 4.34607E-07    5.20354E+04    5.20354E+04    5.20354E+04
 4.34780E-07    5.34876E+04    5.34876E+04    5.34876E+04
 4.34952E-07    5.49779E+04    5.49779E+04    5.49779E+04
 4.35124E-07    5.65066E+04    5.65066E+04    5.65066E+04
 4.35297E-07    5.80744E+04    5.80744E+04    5.80744E+04
 4.35469E-07    5.96816E+04    5.96816E+04    5.96816E+04
 4.35642E-07    6.13289E+04    6.13289E+04    6.13289E+04
 4.35814E-07    6.30214E+04    6.30214E+04    6.30214E+04
 4.35988E-07    6.47576E+04    6.47576E+04    6.47576E+04
 4.36161E-07    6.65355E+04    6.65355E+04    6.65355E+04
 4.36334E-07    6.83555E+04    6.83555E+04    6.83555E+04
 4.36507E-07    7.02182E+04    7.02182E+04    7.02182E+04
 4.36680E-07    7.21239E+04    7.21239E+04    7.21239E+04
 4.36853E-07    7.40730E+04    7.40730E+04    7.40730E+04
 4.37026E-07    7.60658E+04    7.60658E+04    7.60658E+04
 4.37199E-07    7.81028E+04    7.81028E+04    7.81028E+04
 4.37372E-07    8.01842E+04    8.01842E+04    8.01842E+04
 4.37546E-07    8.23104E+04    8.23104E+04    8.23104E+04
 4.37719E-07    8.44910E+04    8.44910E+04    8.44910E+04
 4.37893E-07    8.67173E+04    8.67173E+04    8.67173E+04
 4.38067E-07    8.89896E+04    8.89896E+04    8.89896E+04
 4.38241E-07    9.13080E+04    9.13080E+04    9.13080E+04
 4.38415E-07    9.36730E+04    9.36730E+04    9.36730E+04
 4.38589E-07    9.60845E+04    9.60845E+04    9.60845E+04
 4.38762E-07    9.85427E+04    9.85427E+04    9.85427E+04
 4.38936E-07    1.01048E+05    1.01048E+05    1.01048E+05
 4.39110E-07    1.03600E+05    1.03600E+05    1.03600E+05
 4.39284E-07    1.06199E+05    1.06199E+05    1.06199E+05
 4.39516E-07    1.09746E+05    1.09746E+05    1.09746E+05
 4.39749E-07    1.13384E+05    1.13384E+05    1.13384E+05
 4.39982E-07    1.17107E+05    1.17107E+05    1.17107E+05
 4.40215E-07    1.20914E+05    1.20914E+05    1.20914E+05
 4.40447E-07    1.24806E+05    1.24806E+05    1.24806E+05
 4.40680E-07    1.28781E+05    1.28781E+05    1.28781E+05
 4.40913E-07    1.32840E+05    1.32840E+05    1.32840E+05
 4.41146E-07    1.36981E+05    1.36981E+05    1.36981E+05
 4.41379E-07    1.41213E+05    1.41213E+05    1.41213E+05
 4.41613E-07    1.45537E+05    1.45537E+05    1.45537E+05
 4.41846E-07    1.49941E+05    1.49941E+05    1.49941E+05
 4.42080E-07    1.54427E+05    1.54427E+05    1.54427E+05
 4.42314E-07    1.58991E+05    1.58991E+05    1.58991E+05
 4.42548E-07    1.63633E+05    1.63633E+05    1.63633E+05
 4.42781E-07    1.68352E+05    1.68352E+05    1.68352E+05
 4.43015E-07    1.73147E+05    1.73147E+05    1.73147E+05
 4.43249E-07    1.78026E+05    1.78026E+05    1.78026E+05
 4.43602E-07    1.85496E+05    1.85496E+05    1.85496E+05
 4.43954E-07    1.93124E+05    1.93124E+05    1.93124E+05
 4.44306E-07    2.00905E+05    2.00905E+05    2.00905E+05
 4.44658E-07    2.08830E+05    2.08830E+05    2.08830E+05
 4.45010E-07    2.16893E+05    2.16893E+05    2.16893E+05
 4.45364E-07    2.25121E+05    2.25121E+05    2.25121E+05
 4.45717E-07    2.33472E+05    2.33472E+05    2.33472E+05
 4.45953E-07    2.39103E+05    2.39103E+05    2.39103E+05
 4.46425E-07    2.50505E+05    2.50505E+05    2.50505E+05
 4.46896E-07    2.62077E+05    2.62077E+05    2.62077E+05
 4.47369E-07    2.73844E+05    2.73844E+05    2.73844E+05
 4.48080E-07    2.91715E+05    2.91715E+05    2.91715E+05
 4.48790E-07    3.09773E+05    3.09773E+05    3.09773E+05
 4.50477E-07    3.52886E+05    1.47143E+05    5.58630E+05
 4.51192E-07    3.71034E+05    1.54710E+05    5.87359E+05
 4.51907E-07    3.88972E+05    1.62189E+05    6.15755E+05
 4.52625E-07    4.06686E+05    1.69576E+05    6.43797E+05
 4.53104E-07    4.18287E+05    1.74413E+05    6.62161E+05
 4.53583E-07    4.29694E+05    1.79169E+05    6.80218E+05
 4.54063E-07    4.40907E+05    1.83845E+05    6.97969E+05
 4.54544E-07    4.51904E+05    1.88430E+05    7.15378E+05
 4.55024E-07    4.62642E+05    1.92908E+05    7.32377E+05
 4.55505E-07    4.73103E+05    1.97270E+05    7.48937E+05
 4.55987E-07    4.83292E+05    2.01518E+05    7.65066E+05
 4.56470E-07    4.93191E+05    2.05646E+05    7.80737E+05
 4.56953E-07    5.02767E+05    2.09638E+05    7.95896E+05
 4.57436E-07    5.12008E+05    2.13492E+05    8.10524E+05
 4.57919E-07    5.20923E+05    2.17209E+05    8.24637E+05
 4.58404E-07    5.29503E+05    2.20787E+05    8.38220E+05
 4.58889E-07    5.37723E+05    2.24214E+05    8.51232E+05
 4.59374E-07    5.45579E+05    2.27490E+05    8.63669E+05
 4.59860E-07    5.53085E+05    2.30620E+05    8.75551E+05
 4.60347E-07    5.60238E+05    2.33602E+05    8.86874E+05
 4.60834E-07    5.67024E+05    2.36431E+05    8.97616E+05
 4.61321E-07    5.73444E+05    2.39109E+05    9.07780E+05
 4.61809E-07    5.79517E+05    2.41641E+05    9.17393E+05
 4.62298E-07    5.85245E+05    2.44029E+05    9.26460E+05
 4.62787E-07    5.90622E+05    2.46271E+05    9.34973E+05
 4.63276E-07    5.95657E+05    2.48371E+05    9.42943E+05
 4.63766E-07    6.00368E+05    2.50335E+05    9.50402E+05
 4.64257E-07    6.04764E+05    2.52168E+05    9.57361E+05
 4.64748E-07    6.08846E+05    2.53870E+05    9.63821E+05
 4.65239E-07    6.12624E+05    2.55445E+05    9.69802E+05
 4.65732E-07    6.16118E+05    2.56902E+05    9.75334E+05
 4.66225E-07    6.19340E+05    2.58246E+05    9.80434E+05
 4.66718E-07    6.22294E+05    2.59478E+05    9.85110E+05
 4.67458E-07    6.26253E+05    2.61128E+05    9.91377E+05
 4.68201E-07    6.29698E+05    2.62565E+05    9.96831E+05
 4.68944E-07    6.32657E+05    2.63799E+05    1.00152E+06
 4.69688E-07    6.35178E+05    2.64850E+05    1.00551E+06
 4.70434E-07    6.37305E+05    2.65737E+05    1.00887E+06
 4.71180E-07    6.39072E+05    2.66474E+05    1.01167E+06
 4.71928E-07    6.40522E+05    2.67078E+05    1.01397E+06
 4.72927E-07    6.42020E+05    2.67702E+05    1.01634E+06
 4.73928E-07    6.43091E+05    2.68149E+05    1.01803E+06
 4.74931E-07    6.43806E+05    2.68447E+05    1.01916E+06
 4.75936E-07    6.44228E+05    2.68623E+05    1.01983E+06
 4.77447E-07    6.44424E+05    2.68705E+05    1.02014E+06
 4.78965E-07    6.44228E+05    2.68623E+05    1.01983E+06
 4.80487E-07    6.43755E+05    2.68426E+05    1.01908E+06
 4.83544E-07    6.42302E+05    2.67820E+05    1.01678E+06
 4.89717E-07    6.38562E+05    2.66261E+05    1.01086E+06
 5.07643E-07    6.27287E+05    2.61559E+05    9.93015E+05
 5.24001E-07    6.17480E+05    2.57470E+05    9.77489E+05
 5.40889E-07    6.07837E+05    2.53449E+05    9.62224E+05
 5.58318E-07    5.98334E+05    2.49487E+05    9.47181E+05
 5.76312E-07    5.88971E+05    2.45583E+05    9.32359E+05
 5.94883E-07    5.79755E+05    2.41740E+05    9.17771E+05
 6.14055E-07    5.70683E+05    2.37957E+05    9.03409E+05
 6.33842E-07    5.61754E+05    2.34234E+05    8.89274E+05
 6.54270E-07    5.52964E+05    2.30569E+05    8.75360E+05
 6.75353E-07    5.44314E+05    2.26962E+05    8.61666E+05
 6.97119E-07    5.35810E+05    2.23416E+05    8.48204E+05
 7.21108E-07    5.26882E+05    2.19693E+05    8.34070E+05
 7.44344E-07    5.18634E+05    2.16255E+05    8.21014E+05
 7.68334E-07    5.10516E+05    2.12869E+05    8.08162E+05
 7.93092E-07    5.02531E+05    2.09540E+05    7.95522E+05
 8.18652E-07    4.94678E+05    2.06265E+05    7.83090E+05
 8.45033E-07    4.86945E+05    2.03041E+05    7.70848E+05
 8.72267E-07    4.79335E+05    1.99868E+05    7.58801E+05
 9.00375E-07    4.71833E+05    1.96740E+05    7.46926E+05
 9.29392E-07    4.64444E+05    1.93659E+05    7.35230E+05
 9.59341E-07    4.57188E+05    1.90633E+05    7.23742E+05
 9.92353E-07    4.49549E+05    1.87448E+05    7.11649E+05
 1.02639E-06    4.41961E+05    1.84284E+05    6.99638E+05
 1.06295E-06    4.34182E+05    1.81040E+05    6.87323E+05
 1.10858E-06    4.25020E+05    1.77220E+05    6.72820E+05
 1.15616E-06    4.16052E+05    1.73481E+05    6.58623E+05
 1.21430E-06    4.05836E+05    1.69221E+05    6.42451E+05
 1.28429E-06    3.94461E+05    1.64478E+05    6.24444E+05
 1.36783E-06    3.82044E+05    1.59301E+05    6.04787E+05
 1.46707E-06    3.68700E+05    1.53737E+05    5.83663E+05
 1.57352E-06    3.55837E+05    1.48373E+05    5.63300E+05
 1.71151E-06    3.40972E+05    1.42175E+05    5.39769E+05
 1.87473E-06    3.25573E+05    1.35754E+05    5.15391E+05
 2.06789E-06    3.09751E+05    1.29157E+05    4.90345E+05
 2.28096E-06    2.94648E+05    1.22859E+05    4.66437E+05
 2.51599E-06    2.80291E+05    1.16873E+05    4.43709E+05
 2.77522E-06    2.66628E+05    1.11176E+05    4.22081E+05
 3.06118E-06    2.53630E+05    1.05756E+05    4.01504E+05
 3.37659E-06    2.41205E+05    1.00575E+05    3.81835E+05
 3.72450E-06    2.29393E+05    9.56498E+04    3.63136E+05
 4.10826E-06    2.18167E+05    9.09688E+04    3.45365E+05
 4.53157E-06    2.07489E+05    8.65167E+04    3.28462E+05
 4.99849E-06    1.97326E+05    8.22788E+04    3.12373E+05
 5.51352E-06    1.87621E+05    7.82322E+04    2.97010E+05
 6.08161E-06    1.78386E+05    7.43814E+04    2.82390E+05
 6.70824E-06    1.69615E+05    7.07243E+04    2.68506E+05
 7.39944E-06    1.61244E+05    6.72339E+04    2.55254E+05
 8.16185E-06    1.53278E+05    6.39122E+04    2.42644E+05
 9.00283E-06    1.45706E+05    6.07548E+04    2.30657E+05
 9.93045E-06    1.38499E+05    5.77499E+04    2.19248E+05
 1.09537E-05    1.31596E+05    5.48716E+04    2.08321E+05
 1.20823E-05    1.25036E+05    5.21360E+04    1.97935E+05
 1.33272E-05    1.18806E+05    4.95383E+04    1.88073E+05
 1.47004E-05    1.12880E+05    4.70674E+04    1.78692E+05
 1.62151E-05    1.07255E+05    4.47219E+04    1.69788E+05
 1.78858E-05    1.01904E+05    4.24910E+04    1.61318E+05
 1.97287E-05    9.68311E+04    4.03756E+04    1.53287E+05
 2.17615E-05    9.19538E+04    3.83419E+04    1.45566E+05
 2.38356E-05    8.76485E+04    3.65467E+04    1.38750E+05
 2.62916E-05    8.32270E+04    3.47031E+04    1.31751E+05
 2.90006E-05    7.90351E+04    3.29552E+04    1.25115E+05
 3.19887E-05    7.50263E+04    3.12837E+04    1.18769E+05
 3.52847E-05    7.12026E+04    2.96893E+04    1.12716E+05
 3.89204E-05    6.75744E+04    2.81764E+04    1.06972E+05
 4.29306E-05    6.41336E+04    2.67417E+04    1.01525E+05
 4.73541E-05    6.08654E+04    2.53790E+04    9.63518E+04
 5.26017E-05    5.75323E+04    2.39892E+04    9.10755E+04
 5.80216E-05    5.45681E+04    2.27532E+04    8.63830E+04
 6.35313E-05    5.19660E+04    2.16682E+04    8.22638E+04
 7.00000E-05    4.93155E+04    2.05631E+04    7.80680E+04
 7.72126E-05    4.67493E+04    1.94930E+04    7.40056E+04
 8.50248E-05    4.43576E+04    1.84957E+04    7.02194E+04
 9.34728E-05    4.21271E+04    1.75657E+04    6.66885E+04
 1.03567E-04    3.98246E+04    1.66056E+04    6.30435E+04
 1.13280E-04    3.78928E+04    1.58001E+04    5.99855E+04
 1.24400E-04    3.59752E+04    1.50006E+04    5.69499E+04
 1.36263E-04    3.42048E+04    1.42624E+04    5.41473E+04
 1.49781E-04    3.24568E+04    1.35335E+04    5.13801E+04
 1.64287E-04    3.08358E+04    1.28576E+04    4.88140E+04
 1.79990E-04    2.93151E+04    1.22235E+04    4.64067E+04
 1.96400E-04    2.79295E+04    1.16458E+04    4.42133E+04
 2.16311E-04    2.64509E+04    1.10292E+04    4.18726E+04
 2.36688E-04    2.51381E+04    1.04818E+04    3.97945E+04
 2.59526E-04    2.38632E+04    9.95023E+03    3.77762E+04
 2.84960E-04    2.26344E+04    9.43786E+03    3.58310E+04
 3.15084E-04    2.13755E+04    8.91292E+03    3.38381E+04
 3.45115E-04    2.02873E+04    8.45919E+03    3.21154E+04
 3.77291E-04    1.92742E+04    8.03676E+03    3.05117E+04
 4.13580E-04    1.82848E+04    7.62419E+03    2.89454E+04
 4.52960E-04    1.73546E+04    7.23634E+03    2.74729E+04
 4.94681E-04    1.64979E+04    6.87913E+03    2.61167E+04
 5.39781E-04    1.56814E+04    6.53866E+03    2.48241E+04
 5.91257E-04    1.48724E+04    6.20132E+03    2.35434E+04
 6.47559E-04    1.41057E+04    5.88165E+03    2.23298E+04
 7.09876E-04    1.33703E+04    5.57502E+03    2.11657E+04
 7.75316E-04    1.26956E+04    5.29368E+03    2.00975E+04
 8.46381E-04    1.20590E+04    5.02825E+03    1.90898E+04
 9.22837E-04    1.14623E+04    4.77942E+03    1.81451E+04
 1.00705E-03    1.08894E+04    4.54057E+03    1.72383E+04
 1.10430E-03    1.03137E+04    4.30050E+03    1.63269E+04
 1.20750E-03    9.78490E+03    4.08000E+03    1.54898E+04
 1.31737E-03    9.29646E+03    3.87634E+03    1.47166E+04
 1.43465E-03    8.84033E+03    3.68615E+03    1.39945E+04
 1.56913E-03    8.38601E+03    3.49671E+03    1.32753E+04
 1.71951E-03    7.94588E+03    3.31319E+03    1.25786E+04
 1.88721E-03    7.52231E+03    3.13657E+03    1.19080E+04
 2.05133E-03    7.16307E+03    3.43781E+03    1.08883E+04
 2.23664E-03    6.81210E+03    3.26936E+03    1.03548E+04
 2.44202E-03    6.47365E+03    3.10693E+03    9.84037E+03
 2.67051E-03    6.14547E+03    2.94943E+03    9.34151E+03
 2.92727E-03    5.82635E+03    2.79627E+03    8.85643E+03
 3.15701E-03    5.58298E+03    2.67947E+03    8.48649E+03
 3.45255E-03    5.31025E+03    2.54858E+03    8.07193E+03
 3.78256E-03    5.04638E+03    2.42193E+03    7.67082E+03
 4.14700E-03    4.79370E+03    2.30067E+03    7.28674E+03
 4.52482E-03    4.56592E+03    2.19134E+03    6.94049E+03
 4.94287E-03    4.34592E+03    2.08576E+03    6.60608E+03
 5.37993E-03    4.15569E+03    2.53047E+03    5.78090E+03
 5.91815E-03    3.95368E+03    2.40747E+03    5.49990E+03
 6.52478E-03    3.75692E+03    2.28766E+03    5.22619E+03
 7.04938E-03    3.60928E+03    2.19775E+03    5.02080E+03
 7.77810E-03    3.44273E+03    2.09634E+03    4.78911E+03
 8.59493E-03    3.28123E+03    2.28005E+03    4.28241E+03
 9.52312E-03    3.12362E+03    2.17054E+03    4.07671E+03
 1.00705E-02    3.04243E+03    2.22668E+03    3.85819E+03
 1.12272E-02    2.91212E+03    2.13131E+03    3.69293E+03
 1.25468E-02    2.78441E+03    2.03784E+03    3.53098E+03
 1.40529E-02    2.65986E+03    1.94668E+03    3.37303E+03
 1.57259E-02    2.54210E+03    1.86050E+03    3.22370E+03
 1.75952E-02    2.42961E+03    1.77817E+03    3.08104E+03
 1.96540E-02    2.32352E+03    1.70053E+03    2.94652E+03
 2.05133E-02    2.28788E+03    1.78428E+03    2.79147E+03
 2.33930E-02    2.19099E+03    1.70872E+03    2.67326E+03
 2.66829E-02    2.09797E+03    1.63618E+03    2.55976E+03
 3.02863E-02    2.00979E+03    1.50916E+03    2.51041E+03
 3.35528E-02    1.91098E+03    1.43497E+03    2.38699E+03
 3.69996E-02    1.82114E+03    1.36751E+03    2.27477E+03
 4.05538E-02    1.73897E+03    1.22056E+03    2.25739E+03
 4.40427E-02    1.64981E+03    1.15797E+03    2.14164E+03
 4.80094E-02    1.56178E+03    1.09619E+03    2.02737E+03
 5.03527E-02    1.51617E+03    1.06418E+03    1.96816E+03
 5.55110E-02    1.44047E+03    1.01104E+03    1.86989E+03
 6.13945E-02    1.36620E+03    9.15207E+02    1.81719E+03
 6.49900E-02    1.32592E+03    8.88223E+02    1.76361E+03
 6.89120E-02    1.25324E+03    8.39536E+02    1.66694E+03
 7.00000E-02    1.23450E+03    8.26981E+02    1.64201E+03
 7.56741E-02    1.16512E+03    7.80505E+02    1.54973E+03
 7.85586E-02    1.13457E+03    7.60044E+02    1.50910E+03
 8.57229E-02    1.07167E+03    6.90084E+02    1.45325E+03
 9.28761E-02    1.01694E+03    6.54846E+02    1.37904E+03
 1.00000E-01    9.68911E+02    6.20970E+02    1.31685E+03
 1.11294E-01    8.75933E+02    5.61381E+02    1.19048E+03
 1.18109E-01    8.25902E+02    5.29317E+02    1.12249E+03
 1.20671E-01    8.09224E+02    5.18628E+02    1.09982E+03
 1.24840E-01    7.80645E+02    5.00311E+02    1.06098E+03
 1.27429E-01    7.63170E+02    4.89112E+02    1.03723E+03
 1.36175E-01    7.19121E+02    4.60881E+02    9.77361E+02
 1.40988E-01    6.97633E+02    4.47110E+02    9.48157E+02
 1.47654E-01    6.73406E+02    4.31583E+02    9.15229E+02
 1.57451E-01    6.42003E+02    4.11457E+02    8.72549E+02
 1.67024E-01    6.07853E+02    3.89570E+02    8.26136E+02
 1.70778E-01    5.96111E+02    3.82045E+02    8.10178E+02
 1.84980E-01    5.67298E+02    3.63579E+02    7.71018E+02
 2.00373E-01    5.39794E+02    3.17341E+02    7.62246E+02
 2.12391E-01    5.07553E+02    2.98387E+02    7.16720E+02
 2.32366E-01    4.59427E+02    2.70094E+02    6.48760E+02
 2.36556E-01    4.50037E+02    2.64574E+02    6.35500E+02
 2.50000E-01    4.28181E+02    2.51725E+02    6.04637E+02
 2.73395E-01    4.06176E+02    2.38788E+02    5.73563E+02
 2.98725E-01    3.85446E+02    2.26601E+02    5.44291E+02
 3.24773E-01    3.60222E+02    2.00259E+02    5.20185E+02
 3.47676E-01    3.40626E+02    1.89365E+02    4.91887E+02
 3.73641E-01    3.21094E+02    1.78507E+02    4.63681E+02
 4.00000E-01    3.03600E+02    1.63310E+02    4.43890E+02
 4.41790E-01    2.88781E+02    1.55338E+02    4.22224E+02
 4.87577E-01    2.74795E+02    1.47815E+02    4.01776E+02
 5.00000E-01    2.71315E+02    1.45943E+02    3.96687E+02
 5.34760E-01    2.56773E+02    1.38121E+02    3.75425E+02
 5.73010E-01    2.42615E+02    1.30505E+02    3.54725E+02
 6.00000E-01    2.33625E+02    1.20529E+02    3.46721E+02
 6.52400E-01    2.22089E+02    1.14578E+02    3.29600E+02
 7.04938E-01    2.11699E+02    1.09218E+02    3.14181E+02
 7.60741E-01    1.99903E+02    1.03132E+02    2.96674E+02
 8.05643E-01    1.91586E+02    9.57836E+01    2.87388E+02
 8.77255E-01    1.81010E+02    9.04965E+01    2.71524E+02
 9.12697E-01    1.76450E+02    8.82165E+01    2.64683E+02
 9.95909E-01    1.67351E+02    8.36677E+01    2.51035E+02
 1.08571E+00    1.57883E+02    7.68722E+01    2.38894E+02
 1.17925E+00    1.49214E+02    7.26511E+01    2.25776E+02
 1.28003E+00    1.40926E+02    6.67888E+01    2.15064E+02
 1.41975E+00    1.30244E+02    6.17260E+01    1.98761E+02
 1.64301E+00    1.14472E+02    5.21912E+01    1.76753E+02
 1.87133E+00    9.92427E+01    4.52477E+01    1.53238E+02
 2.05727E+00    8.75114E+01    3.70976E+01    1.37925E+02
 2.18570E+00    7.98770E+01    3.38613E+01    1.25893E+02
 2.29529E+00    7.34852E+01    3.11517E+01    1.15819E+02
 2.38716E+00    6.86612E+01    2.91067E+01    1.08216E+02
 2.49542E+00    6.29588E+01    2.66894E+01    9.92283E+01
 2.58508E+00    5.87061E+01    2.25974E+01    9.48149E+01
 2.69557E+00    5.35171E+01    2.06000E+01    8.64342E+01
 2.77764E+00    5.00329E+01    1.92588E+01    8.08069E+01
 2.89570E+00    4.51624E+01    1.73841E+01    7.29408E+01
 2.97769E+00    4.21032E+01    1.62065E+01    6.79999E+01
 3.00724E+00    4.10255E+01    1.39040E+01    6.81469E+01
 3.08129E+00    3.81443E+01    1.29275E+01    6.33611E+01
 3.16155E+00    3.53219E+01    1.19710E+01    5.86728E+01
 3.24376E+00    3.27085E+01    1.10853E+01    5.43318E+01
 3.32470E+00    3.03855E+01    1.02980E+01    5.04730E+01
 3.40299E+00    2.83421E+01    9.60542E+00    4.70787E+01
 3.48818E+00    2.63204E+01    8.92025E+00    4.37205E+01
 3.50732E+00    2.58556E+01    7.54736E+00    4.41638E+01
 3.58201E+00    2.39309E+01    6.98554E+00    4.08762E+01
 3.65195E+00    2.22934E+01    6.50754E+00    3.80792E+01
 3.72838E+00    2.06613E+01    6.03114E+00    3.52915E+01
 3.79515E+00    1.93577E+01    5.65060E+00    3.30648E+01
 3.87861E+00    1.78725E+01    5.21708E+00    3.05280E+01
 3.95476E+00    1.66420E+01    4.85789E+00    2.84262E+01
 4.00737E+00    1.58360E+01    3.87856E+00    2.77934E+01
 4.07616E+00    1.47150E+01    3.60401E+00    2.58261E+01
 4.14203E+00    1.37315E+01    3.36312E+00    2.40999E+01
 4.21190E+00    1.27763E+01    3.12918E+00    2.24234E+01
 4.28946E+00    1.18090E+01    2.89226E+00    2.07257E+01
 4.37084E+00    1.08896E+01    2.66709E+00    1.91122E+01
 4.44763E+00    1.01011E+01    2.47398E+00    1.77283E+01
 4.55690E+00    9.07762E+00    2.22329E+00    1.59319E+01
 4.63159E+00    8.44004E+00    2.06714E+00    1.48129E+01
 4.71295E+00    7.80585E+00    1.91181E+00    1.36999E+01
 4.78381E+00    7.30025E+00    1.78798E+00    1.28125E+01
 4.86312E+00    6.78169E+00    1.66097E+00    1.19024E+01
 4.94453E+00    6.29512E+00    1.54180E+00    1.10484E+01
 5.04350E+00    5.75686E+00    1.13361E+00    1.03801E+01
 5.12101E+00    5.37068E+00    1.05757E+00    9.68379E+00
 5.20488E+00    4.98786E+00    9.82186E-01    8.99353E+00
 5.29237E+00    4.62328E+00    9.10396E-01    8.33617E+00
 5.38492E+00    4.27268E+00    8.41357E-01    7.70401E+00
 5.46955E+00    3.97986E+00    7.83696E-01    7.17603E+00
 5.50000E+00    3.88059E+00    7.64147E-01    6.99702E+00
 5.60997E+00    3.58207E+00    7.05364E-01    6.45877E+00
 5.71494E+00    3.32339E+00    6.54427E-01    5.99235E+00
 5.81936E+00    3.08890E+00    6.08252E-01    5.56955E+00
 5.92673E+00    2.86877E+00    5.64905E-01    5.17263E+00
 6.00000E+00    2.72965E+00    7.36609E-01    4.72270E+00
 6.13393E+00    2.52868E+00    6.82374E-01    4.37498E+00
 6.26762E+00    2.34669E+00    6.33264E-01    4.06012E+00
 6.41145E+00    2.16937E+00    5.85412E-01    3.75332E+00
 6.50000E+00    2.06863E+00    5.58230E-01    3.57904E+00
 6.70243E+00    1.92066E+00    5.18297E-01    3.32301E+00
 6.88865E+00    1.79740E+00    4.85036E-01    3.10976E+00
 7.00000E+00    1.72898E+00    7.69187E-01    2.68878E+00
 7.31140E+00    1.62573E+00    7.23252E-01    2.52821E+00
 7.50000E+00    1.56820E+00    6.97659E-01    2.43875E+00
 8.00000E+00    1.53406E+00    8.19059E-01    2.24907E+00
 8.50000E+00    1.55806E+00    8.31872E-01    2.28425E+00
 9.12697E+00    1.62498E+00    8.12286E-01    2.43767E+00
 9.50000E+00    1.66070E+00    8.30141E-01    2.49126E+00
 1.00000E+01    1.66998E+00    7.59648E-01    2.58031E+00
 1.01411E+01    1.67596E+00    7.62369E-01    2.58955E+00
 1.02842E+01    1.68203E+00    7.65129E-01    2.59893E+00
 1.04292E+01    1.68818E+00    7.67927E-01    2.60843E+00
 1.05000E+01    1.69118E+00    7.69292E-01    2.61307E+00
 1.06481E+01    1.68664E+00    7.67227E-01    2.60606E+00
 1.07984E+01    1.68204E+00    7.65133E-01    2.59894E+00
 1.09507E+01    1.67737E+00    7.63010E-01    2.59173E+00
 1.10000E+01    1.67586E+00    7.62323E-01    2.58940E+00
 1.11552E+01    1.66207E+00    7.56048E-01    2.56808E+00
 1.12472E+01    1.65389E+00    7.52327E-01    2.55544E+00
 1.14059E+01    1.64027E+00    7.46135E-01    2.53441E+00
 1.15000E+01    1.63220E+00    7.42463E-01    2.52194E+00
 1.16622E+01    1.61262E+00    7.33558E-01    2.49169E+00
 1.17473E+01    1.60236E+00    7.28887E-01    2.47583E+00
 1.19131E+01    1.58314E+00    7.20146E-01    2.44613E+00
 1.20000E+01    1.57306E+00    6.40076E-01    2.50604E+00
 1.21231E+01    1.55525E+00    6.32827E-01    2.47767E+00
 1.22941E+01    1.53116E+00    6.23025E-01    2.43929E+00
 1.23101E+01    1.52891E+00    6.22109E-01    2.43570E+00
 1.24838E+01    1.50522E+00    6.12472E-01    2.39797E+00
 1.25000E+01    1.50301E+00    6.11572E-01    2.39445E+00
 1.26232E+01    1.48097E+00    6.02604E-01    2.35934E+00
 1.27163E+01    1.46465E+00    5.95965E-01    2.33334E+00
 1.28574E+01    1.44051E+00    5.86142E-01    2.29488E+00
 1.30000E+01    1.41677E+00    5.76481E-01    2.25706E+00
 1.31232E+01    1.39473E+00    5.67515E-01    2.22195E+00
 1.32164E+01    1.37843E+00    5.60882E-01    2.19598E+00
 1.33575E+01    1.35433E+00    5.51077E-01    2.15759E+00
 1.35000E+01    1.33066E+00    5.41443E-01    2.11988E+00
 1.36233E+01    1.30056E+00    5.29194E-01    2.07192E+00
 1.37165E+01    1.27843E+00    5.20189E-01    2.03666E+00
 1.37868E+01    1.26208E+00    5.13537E-01    2.01062E+00
 1.38930E+01    1.23794E+00    5.03717E-01    1.97217E+00
 1.40000E+01    1.21427E+00    4.82014E-01    1.94653E+00
 1.41234E+01    1.18733E+00    4.71321E-01    1.90335E+00
 1.42166E+01    1.16753E+00    4.63458E-01    1.87159E+00
 1.42869E+01    1.15289E+00    4.57647E-01    1.84813E+00
 1.43931E+01    1.13127E+00    4.49066E-01    1.81347E+00
 1.45000E+01    1.11006E+00    4.40647E-01    1.77947E+00
 1.46234E+01    1.08418E+00    4.30374E-01    1.73799E+00
 1.47167E+01    1.06517E+00    4.22827E-01    1.70751E+00
 1.47870E+01    1.05113E+00    4.17253E-01    1.68500E+00
 1.48931E+01    1.03042E+00    4.09031E-01    1.65180E+00
 1.50000E+01    1.01011E+00    3.99957E-01    1.62026E+00
 1.50616E+01    9.96087E-01    3.94404E-01    1.59777E+00
 1.51700E+01    9.72013E-01    3.84872E-01    1.55915E+00
 1.52519E+01    9.54340E-01    3.77874E-01    1.53081E+00
 1.53135E+01    9.41296E-01    3.72710E-01    1.50988E+00
 1.54065E+01    9.22065E-01    3.65095E-01    1.47903E+00
 1.55000E+01    9.03226E-01    3.57635E-01    1.44882E+00
 1.55616E+01    8.91230E-01    3.52885E-01    1.42957E+00
 1.56701E+01    8.70618E-01    3.44724E-01    1.39651E+00
 1.57519E+01    8.55473E-01    3.38728E-01    1.37222E+00
 1.58136E+01    8.44287E-01    3.34298E-01    1.35428E+00
 1.59065E+01    8.27782E-01    3.27763E-01    1.32780E+00
 1.60000E+01    8.11600E-01    3.20563E-01    1.30264E+00
 1.61236E+01    7.94585E-01    3.13843E-01    1.27533E+00
 1.62169E+01    7.82058E-01    3.08895E-01    1.25522E+00
 1.63578E+01    7.63637E-01    3.01619E-01    1.22565E+00
 1.65000E+01    7.45650E-01    2.94515E-01    1.19679E+00
 1.66236E+01    7.30919E-01    2.88696E-01    1.17314E+00
 1.67169E+01    7.20061E-01    2.84408E-01    1.15572E+00
 1.68579E+01    7.04077E-01    2.78094E-01    1.13006E+00
 1.70000E+01    6.88448E-01    2.71921E-01    1.10497E+00
 1.71236E+01    6.79592E-01    2.68423E-01    1.09076E+00
 1.73108E+01    6.66522E-01    2.63261E-01    1.06978E+00
 1.75000E+01    6.53703E-01    2.58198E-01    1.04921E+00
 1.76237E+01    6.42644E-01    2.53830E-01    1.03146E+00
 1.77170E+01    6.34472E-01    2.50602E-01    1.01834E+00
 1.78579E+01    6.22410E-01    2.45837E-01    9.98982E-01
 1.80000E+01    6.10576E-01    2.39902E-01    9.81250E-01
 1.81237E+01    6.00828E-01    2.36072E-01    9.65584E-01
 1.82171E+01    5.93619E-01    2.33240E-01    9.53998E-01
 1.83580E+01    5.82967E-01    2.29055E-01    9.36880E-01
 1.85000E+01    5.72507E-01    2.24945E-01    9.20069E-01
 1.86238E+01    5.63818E-01    2.21531E-01    9.06106E-01
 1.88109E+01    5.51032E-01    2.16507E-01    8.85558E-01
 1.90000E+01    5.38536E-01    2.11597E-01    8.65475E-01
 1.91238E+01    5.30666E-01    2.08505E-01    8.52828E-01
 1.93110E+01    5.19076E-01    2.03951E-01    8.34202E-01
 1.95000E+01    5.07740E-01    1.99497E-01    8.15983E-01
 1.97484E+01    5.00668E-01    1.96718E-01    8.04617E-01
 2.00000E+01    4.93694E-01    1.93978E-01    7.93410E-01
