# n + Ac225 : (n,el)    
# endfb8.0   O.Iwamoto, T.Nakagawa, et al.     EVAL-FEB10
# uncertainties: y
# # energies =   313
#   E(MeV)       xs(mb)       xslow(mb)      xsupp(mb)
 1.00000E-11    4.92949E+04    4.92949E+04    4.92949E+04
 1.03223E-11    4.85629E+04    4.85629E+04    4.85629E+04
 1.06549E-11    4.78434E+04    4.78434E+04    4.78434E+04
 1.09984E-11    4.71356E+04    4.71356E+04    4.71356E+04
 1.13527E-11    4.64399E+04    4.64399E+04    4.64399E+04
 1.17186E-11    4.57556E+04    4.57556E+04    4.57556E+04
 1.20962E-11    4.50830E+04    4.50830E+04    4.50830E+04
 1.24861E-11    4.44214E+04    4.44214E+04    4.44214E+04
 1.28884E-11    4.37713E+04    4.37713E+04    4.37713E+04
 1.33038E-11    4.31319E+04    4.31319E+04    4.31319E+04
 1.37325E-11    4.25036E+04    4.25036E+04    4.25036E+04
 1.41751E-11    4.18856E+04    4.18856E+04    4.18856E+04
 1.46318E-11    4.12784E+04    4.12784E+04    4.12784E+04
 1.51034E-11    4.06813E+04    4.06813E+04    4.06813E+04
 1.55901E-11    4.00946E+04    4.00946E+04    4.00946E+04
 1.60926E-11    3.95178E+04    3.95178E+04    3.95178E+04
 1.66111E-11    3.89510E+04    3.89510E+04    3.89510E+04
 1.71465E-11    3.83938E+04    3.83938E+04    3.83938E+04
 1.76990E-11    3.78464E+04    3.78464E+04    3.78464E+04
 1.82694E-11    3.73082E+04    3.73082E+04    3.73082E+04
 1.88981E-11    3.67446E+04    3.67446E+04    3.67446E+04
 1.95484E-11    3.61914E+04    3.61914E+04    3.61914E+04
 2.02211E-11    3.56485E+04    3.56485E+04    3.56485E+04
 2.09169E-11    3.51157E+04    3.51157E+04    3.51157E+04
 2.16367E-11    3.45929E+04    3.45929E+04    3.45929E+04
 2.23812E-11    3.40799E+04    3.40799E+04    3.40799E+04
 2.31514E-11    3.35766E+04    3.35766E+04    3.35766E+04
 2.39481E-11    3.30827E+04    3.30827E+04    3.30827E+04
 2.47721E-11    3.25983E+04    3.25983E+04    3.25983E+04
 2.56246E-11    3.21231E+04    3.21231E+04    3.21231E+04
 2.65063E-11    3.16570E+04    3.16570E+04    3.16570E+04
 2.74185E-11    3.11998E+04    3.11998E+04    3.11998E+04
 2.83620E-11    3.07514E+04    3.07514E+04    3.07514E+04
 2.93379E-11    3.03118E+04    3.03118E+04    3.03118E+04
 3.03475E-11    2.98806E+04    2.98806E+04    2.98806E+04
 3.13918E-11    2.94579E+04    2.94579E+04    2.94579E+04
 3.24720E-11    2.90435E+04    2.90435E+04    2.90435E+04
 3.35894E-11    2.86372E+04    2.86372E+04    2.86372E+04
 3.47452E-11    2.82390E+04    2.82390E+04    2.82390E+04
 3.59409E-11    2.78487E+04    2.78487E+04    2.78487E+04
 3.71776E-11    2.74662E+04    2.74662E+04    2.74662E+04
 3.84569E-11    2.70914E+04    2.70914E+04    2.70914E+04
 3.97803E-11    2.67242E+04    2.67242E+04    2.67242E+04
 4.11492E-11    2.63644E+04    2.63644E+04    2.63644E+04
 4.25652E-11    2.60120E+04    2.60120E+04    2.60120E+04
 4.40299E-11    2.56668E+04    2.56668E+04    2.56668E+04
 4.55450E-11    2.53287E+04    2.53287E+04    2.53287E+04
 4.71123E-11    2.49976E+04    2.49976E+04    2.49976E+04
 4.87335E-11    2.46735E+04    2.46735E+04    2.46735E+04
 5.04104E-11    2.43561E+04    2.43561E+04    2.43561E+04
 5.22553E-11    2.40263E+04    2.40263E+04    2.40263E+04
 5.41681E-11    2.37039E+04    2.37039E+04    2.37039E+04
 5.61505E-11    2.33889E+04    2.33889E+04    2.33889E+04
 5.82058E-11    2.30810E+04    2.30810E+04    2.30810E+04
 6.03360E-11    2.27803E+04    2.27803E+04    2.27803E+04
 6.25445E-11    2.24865E+04    2.24865E+04    2.24865E+04
 6.48335E-11    2.21996E+04    2.21996E+04    2.21996E+04
 6.72067E-11    2.19195E+04    2.19195E+04    2.19195E+04
 6.96663E-11    2.16460E+04    2.16460E+04    2.16460E+04
 7.22164E-11    2.13790E+04    2.13790E+04    2.13790E+04
 7.48593E-11    2.11185E+04    2.11185E+04    2.11185E+04
 7.75994E-11    2.08643E+04    2.08643E+04    2.08643E+04
 8.04394E-11    2.06164E+04    2.06164E+04    2.06164E+04
 8.33838E-11    2.03745E+04    2.03745E+04    2.03745E+04
 8.66187E-11    2.01250E+04    2.01250E+04    2.01250E+04
 8.99790E-11    1.98821E+04    1.98821E+04    1.98821E+04
 9.34698E-11    1.96457E+04    1.96457E+04    1.96457E+04
 9.70959E-11    1.94157E+04    1.94157E+04    1.94157E+04
 1.00863E-10    1.91920E+04    1.91920E+04    1.91920E+04
 1.04776E-10    1.89744E+04    1.89744E+04    1.89744E+04
 1.08841E-10    1.87629E+04    1.87629E+04    1.87629E+04
 1.13063E-10    1.85572E+04    1.85572E+04    1.85572E+04
 1.17450E-10    1.83575E+04    1.83575E+04    1.83575E+04
 1.22264E-10    1.81528E+04    1.81528E+04    1.81528E+04
 1.27276E-10    1.79542E+04    1.79542E+04    1.79542E+04
 1.32493E-10    1.77619E+04    1.77619E+04    1.77619E+04
 1.37925E-10    1.75754E+04    1.75754E+04    1.75754E+04
 1.43579E-10    1.73948E+04    1.73948E+04    1.73948E+04
 1.49465E-10    1.72199E+04    1.72199E+04    1.72199E+04
 1.55922E-10    1.70418E+04    1.70418E+04    1.70418E+04
 1.62657E-10    1.68698E+04    1.68698E+04    1.68698E+04
 1.69684E-10    1.67036E+04    1.67036E+04    1.67036E+04
 1.77014E-10    1.65432E+04    1.65432E+04    1.65432E+04
 1.84660E-10    1.63884E+04    1.63884E+04    1.63884E+04
 1.93044E-10    1.62318E+04    1.62318E+04    1.62318E+04
 2.01810E-10    1.60810E+04    1.60810E+04    1.60810E+04
 2.10972E-10    1.59359E+04    1.59359E+04    1.59359E+04
 2.20553E-10    1.57962E+04    1.57962E+04    1.57962E+04
 2.31055E-10    1.56558E+04    1.56558E+04    1.56558E+04
 2.42057E-10    1.55210E+04    1.55210E+04    1.55210E+04
 2.53584E-10    1.53917E+04    1.53917E+04    1.53917E+04
 2.66220E-10    1.52623E+04    1.52623E+04    1.52623E+04
 2.79489E-10    1.51385E+04    1.51385E+04    1.51385E+04
 2.93416E-10    1.50202E+04    1.50202E+04    1.50202E+04
 3.08691E-10    1.49023E+04    1.49023E+04    1.49023E+04
 3.24761E-10    1.47899E+04    1.47899E+04    1.47899E+04
 3.42392E-10    1.46784E+04    1.46784E+04    1.46784E+04
 3.60977E-10    1.45724E+04    1.45724E+04    1.45724E+04
 3.81379E-10    1.44677E+04    1.44677E+04    1.44677E+04
 4.02933E-10    1.43684E+04    1.43684E+04    1.43684E+04
 4.26608E-10    1.42708E+04    1.42708E+04    1.42708E+04
 4.52629E-10    1.41751E+04    1.41751E+04    1.41751E+04
 4.80237E-10    1.40848E+04    1.40848E+04    1.40848E+04
 5.10605E-10    1.39967E+04    1.39967E+04    1.39967E+04
 5.44045E-10    1.39110E+04    1.39110E+04    1.39110E+04
 5.80904E-10    1.38279E+04    1.38279E+04    1.38279E+04
 6.21571E-10    1.37477E+04    1.37477E+04    1.37477E+04
 6.66491E-10    1.36703E+04    1.36703E+04    1.36703E+04
 7.16172E-10    1.35961E+04    1.35961E+04    1.35961E+04
 7.71188E-10    1.35251E+04    1.35251E+04    1.35251E+04
 8.32185E-10    1.34573E+04    1.34573E+04    1.34573E+04
 9.01812E-10    1.33911E+04    1.33911E+04    1.33911E+04
 9.79331E-10    1.33285E+04    1.33285E+04    1.33285E+04
 1.06803E-09    1.32680E+04    1.32680E+04    1.32680E+04
 1.16969E-09    1.32099E+04    1.32099E+04    1.32099E+04
 1.28646E-09    1.31546E+04    1.31546E+04    1.31546E+04
 1.42087E-09    1.31021E+04    1.31021E+04    1.31021E+04
 1.57599E-09    1.30527E+04    1.30527E+04    1.30527E+04
 1.75917E-09    1.30055E+04    1.30055E+04    1.30055E+04
 1.97612E-09    1.29610E+04    1.29610E+04    1.29610E+04
 2.23397E-09    1.29193E+04    1.29193E+04    1.29193E+04
 2.54690E-09    1.28801E+04    1.28801E+04    1.28801E+04
 2.92834E-09    1.28436E+04    1.28436E+04    1.28436E+04
 3.40270E-09    1.28097E+04    1.28097E+04    1.28097E+04
 3.99592E-09    1.27785E+04    1.27785E+04    1.27785E+04
 4.76252E-09    1.27498E+04    1.27498E+04    1.27498E+04
 5.77305E-09    1.27236E+04    1.27236E+04    1.27236E+04
 7.14752E-09    1.26998E+04    1.26998E+04    1.26998E+04
 9.07668E-09    1.26786E+04    1.26786E+04    1.26786E+04
 1.18980E-08    1.26600E+04    1.26600E+04    1.26600E+04
 1.62699E-08    1.26438E+04    1.26438E+04    1.26438E+04
 2.35554E-08    1.26303E+04    1.26303E+04    1.26303E+04
 2.52522E-08    1.26283E+04    1.26283E+04    1.26283E+04
 2.53000E-08    1.26282E+04    1.26282E+04    1.26282E+04
 4.06280E-08    1.26176E+04    1.26176E+04    1.26176E+04
 7.58110E-08    1.26094E+04    1.26094E+04    1.26094E+04
 1.88595E-07    1.26038E+04    1.26038E+04    1.26038E+04
 4.03763E-07    1.26018E+04    1.26018E+04    1.26018E+04
 4.16776E-07    1.26042E+04    1.26042E+04    1.26042E+04
 4.20316E-07    1.26104E+04    1.26104E+04    1.26104E+04
 4.22990E-07    1.26222E+04    1.26222E+04    1.26222E+04
 4.24783E-07    1.26366E+04    1.26366E+04    1.26366E+04
 4.26583E-07    1.26594E+04    1.26594E+04    1.26594E+04
 4.27939E-07    1.26844E+04    1.26844E+04    1.26844E+04
 4.29298E-07    1.27181E+04    1.27181E+04    1.27181E+04
 4.30206E-07    1.27466E+04    1.27466E+04    1.27466E+04
 4.31118E-07    1.27809E+04    1.27809E+04    1.27809E+04
 4.32029E-07    1.28215E+04    1.28215E+04    1.28215E+04
 4.32945E-07    1.28695E+04    1.28695E+04    1.28695E+04
 4.33860E-07    1.29255E+04    1.29255E+04    1.29255E+04
 4.34780E-07    1.29906E+04    1.29906E+04    1.29906E+04
 4.35699E-07    1.30653E+04    1.30653E+04    1.30653E+04
 4.36391E-07    1.31283E+04    1.31283E+04    1.31283E+04
 4.37084E-07    1.31975E+04    1.31975E+04    1.31975E+04
 4.37777E-07    1.32730E+04    1.32730E+04    1.32730E+04
 4.38473E-07    1.33552E+04    1.33552E+04    1.33552E+04
 4.39168E-07    1.34442E+04    1.34442E+04    1.34442E+04
 4.39865E-07    1.35401E+04    1.35401E+04    1.35401E+04
 4.40564E-07    1.36429E+04    1.36429E+04    1.36429E+04
 4.41262E-07    1.37524E+04    1.37524E+04    1.37524E+04
 4.41963E-07    1.38690E+04    1.38690E+04    1.38690E+04
 4.42665E-07    1.39921E+04    1.39921E+04    1.39921E+04
 4.43602E-07    1.41660E+04    1.41660E+04    1.41660E+04
 4.44541E-07    1.43504E+04    1.43504E+04    1.43504E+04
 4.45482E-07    1.45442E+04    1.45442E+04    1.45442E+04
 4.46425E-07    1.47461E+04    1.47461E+04    1.47461E+04
 4.47843E-07    1.50609E+04    1.50609E+04    1.50609E+04
 4.50954E-07    1.57707E+04    8.02727E+03    2.35142E+04
 4.52386E-07    1.60922E+04    8.19093E+03    2.39936E+04
 4.53343E-07    1.63008E+04    8.29711E+03    2.43046E+04
 4.54303E-07    1.65028E+04    8.39991E+03    2.46057E+04
 4.55265E-07    1.66966E+04    8.49854E+03    2.48946E+04
 4.56228E-07    1.68808E+04    8.59232E+03    2.51693E+04
 4.57194E-07    1.70544E+04    8.68069E+03    2.54282E+04
 4.58162E-07    1.72166E+04    8.76320E+03    2.56699E+04
 4.59132E-07    1.73666E+04    8.83955E+03    2.58935E+04
 4.60104E-07    1.75041E+04    8.90955E+03    2.60986E+04
 4.61078E-07    1.76290E+04    8.97315E+03    2.62849E+04
 4.62054E-07    1.77415E+04    9.03039E+03    2.64526E+04
 4.63032E-07    1.78418E+04    9.08143E+03    2.66021E+04
 4.64012E-07    1.79304E+04    9.12654E+03    2.67342E+04
 4.64994E-07    1.80079E+04    9.16602E+03    2.68499E+04
 4.65978E-07    1.80752E+04    9.20026E+03    2.69502E+04
 4.66965E-07    1.81330E+04    9.22967E+03    2.70363E+04
 4.67953E-07    1.81822E+04    9.25470E+03    2.71096E+04
 4.69439E-07    1.82417E+04    9.28499E+03    2.71984E+04
 4.70931E-07    1.82868E+04    9.30796E+03    2.72656E+04
 4.72427E-07    1.83202E+04    9.32496E+03    2.73154E+04
 4.74429E-07    1.83508E+04    9.34053E+03    2.73611E+04
 4.76440E-07    1.83699E+04    9.35025E+03    2.73895E+04
 4.79471E-07    1.83850E+04    9.35794E+03    2.74121E+04
 4.84568E-07    1.83928E+04    9.36193E+03    2.74237E+04
 4.88684E-07    1.83936E+04    9.36231E+03    2.74249E+04
 6.81090E-07    1.83563E+04    9.34331E+03    2.73692E+04
 9.88165E-07    1.83135E+04    9.32155E+03    2.73055E+04
 3.37659E-06    1.82083E+04    9.26798E+03    2.71485E+04
 1.31418E-05    1.80010E+04    9.16249E+03    2.68395E+04
 3.60350E-05    1.77570E+04    9.03829E+03    2.64757E+04
 8.05269E-05    1.74865E+04    8.90060E+03    2.60724E+04
 1.53398E-04    1.72058E+04    8.75774E+03    2.56539E+04
 2.85181E-04    1.68959E+04    8.59999E+03    2.51918E+04
 4.55967E-04    1.66206E+04    8.45985E+03    2.47813E+04
 7.50610E-04    1.62989E+04    8.29610E+03    2.43016E+04
 1.26595E-03    1.59212E+04    8.10385E+03    2.37385E+04
 1.87807E-03    1.56259E+04    7.95357E+03    2.32983E+04
 2.78610E-03    1.53092E+04    8.34336E+03    2.22750E+04
 4.12666E-03    1.49716E+04    8.15941E+03    2.17839E+04
 6.25713E-03    1.46039E+04    8.70381E+03    2.05040E+04
 9.04553E-03    1.42600E+04    8.89800E+03    1.96220E+04
 1.30192E-02    1.39012E+04    8.88279E+03    1.89195E+04
 1.79464E-02    1.35851E+04    8.68084E+03    1.84894E+04
 2.58297E-02    1.32094E+04    9.16702E+03    1.72517E+04
 4.00284E-02    1.26656E+04    9.79021E+03    1.55411E+04
 5.17835E-02    1.22614E+04    9.47775E+03    1.50451E+04
 6.45613E-02    1.19095E+04    9.75358E+03    1.40654E+04
 7.71324E-02    1.15548E+04    9.46311E+03    1.36465E+04
 9.29400E-02    1.11596E+04    9.50780E+03    1.28114E+04
 1.33233E-01    1.02869E+04    9.04198E+03    1.15318E+04
 1.86571E-01    9.28534E+03    8.16162E+03    1.04090E+04
 2.16789E-01    8.80288E+03    8.39675E+03    9.20901E+03
 2.48308E-01    8.32951E+03    7.94522E+03    8.71380E+03
 2.77601E-01    7.91771E+03    7.55242E+03    8.28300E+03
 3.17240E-01    7.43971E+03    7.16558E+03    7.71383E+03
 3.51348E-01    7.08321E+03    6.82222E+03    7.34420E+03
 3.89206E-01    6.74365E+03    6.49517E+03    6.99212E+03
 4.02809E-01    6.62542E+03    6.31523E+03    6.93561E+03
 4.37682E-01    6.27504E+03    5.98125E+03    6.56882E+03
 4.74035E-01    5.95566E+03    5.67683E+03    6.23450E+03
 5.03527E-01    5.72735E+03    5.45920E+03    5.99549E+03
 5.50287E-01    5.43092E+03    5.17665E+03    5.68518E+03
 6.08465E-01    5.10387E+03    4.79656E+03    5.41118E+03
 6.54133E-01    4.83853E+03    4.54720E+03    5.12986E+03
 7.00000E-01    4.60279E+03    4.32565E+03    4.87993E+03
 7.72266E-01    4.37272E+03    4.10943E+03    4.63600E+03
 8.80455E-01    4.05457E+03    3.88018E+03    4.22896E+03
 9.81278E-01    3.77185E+03    3.60962E+03    3.93407E+03
 1.00000E+00    3.72308E+03    3.53648E+03    3.90967E+03
 1.10000E+00    3.57270E+03    3.39364E+03    3.75176E+03
 1.20000E+00    3.47172E+03    3.18134E+03    3.76210E+03
 1.40000E+00    3.38152E+03    3.09869E+03    3.66436E+03
 1.60000E+00    3.39574E+03    2.99835E+03    3.79314E+03
 1.81270E+00    3.48318E+03    3.07556E+03    3.89081E+03
 2.04252E+00    3.62241E+03    3.23480E+03    4.01003E+03
 2.60000E+00    3.99150E+03    3.73001E+03    4.25299E+03
 3.00000E+00    4.18757E+03    3.99735E+03    4.37779E+03
 4.00000E+00    4.29508E+03    3.98749E+03    4.60266E+03
 5.00000E+00    4.01543E+03    3.59776E+03    4.43310E+03
 5.46503E+00    3.80810E+03    3.41200E+03    4.20421E+03
 6.44497E+00    3.37362E+03    2.97887E+03    3.76836E+03
 7.00000E+00    3.12966E+03    2.76653E+03    3.49279E+03
 8.00000E+00    2.79079E+03    2.50327E+03    3.07832E+03
 9.00000E+00    2.58394E+03    2.37717E+03    2.79072E+03
 1.00000E+01    2.49565E+03    2.36381E+03    2.62749E+03
 1.01411E+01    2.49603E+03    2.36417E+03    2.62788E+03
 1.02842E+01    2.49641E+03    2.36453E+03    2.62828E+03
 1.04292E+01    2.49679E+03    2.36489E+03    2.62869E+03
 1.05000E+01    2.49698E+03    2.36507E+03    2.62889E+03
 1.06481E+01    2.49737E+03    2.36545E+03    2.62930E+03
 1.07984E+01    2.49777E+03    2.36582E+03    2.62972E+03
 1.09507E+01    2.49818E+03    2.36621E+03    2.63015E+03
 1.10000E+01    2.49831E+03    2.36633E+03    2.63029E+03
 1.11552E+01    2.50841E+03    2.37590E+03    2.64092E+03
 1.13126E+01    2.51865E+03    2.38560E+03    2.65170E+03
 1.14722E+01    2.52904E+03    2.39544E+03    2.66264E+03
 1.15000E+01    2.53085E+03    2.39715E+03    2.66455E+03
 1.16622E+01    2.54141E+03    2.40715E+03    2.67566E+03
 1.18268E+01    2.55211E+03    2.41729E+03    2.68693E+03
 1.19936E+01    2.56297E+03    2.42757E+03    2.69836E+03
 1.20000E+01    2.56338E+03    2.44309E+03    2.68367E+03
 1.21693E+01    2.58066E+03    2.45956E+03    2.70177E+03
 1.23410E+01    2.59819E+03    2.47626E+03    2.72012E+03
 1.25000E+01    2.61442E+03    2.49173E+03    2.73711E+03
 1.26764E+01    2.63242E+03    2.50888E+03    2.75595E+03
 1.28552E+01    2.65067E+03    2.52628E+03    2.77506E+03
 1.30000E+01    2.66545E+03    2.54037E+03    2.79053E+03
 1.31834E+01    2.68708E+03    2.56098E+03    2.81318E+03
 1.33694E+01    2.70901E+03    2.58188E+03    2.83614E+03
 1.35000E+01    2.72441E+03    2.59656E+03    2.85226E+03
 1.36905E+01    2.74687E+03    2.61796E+03    2.87577E+03
 1.38836E+01    2.76965E+03    2.63967E+03    2.89962E+03
 1.40000E+01    2.78337E+03    2.60515E+03    2.96159E+03
 1.41975E+01    2.80655E+03    2.62684E+03    2.98625E+03
 1.43978E+01    2.83005E+03    2.64884E+03    3.01126E+03
 1.45000E+01    2.84204E+03    2.66006E+03    3.02402E+03
 1.47046E+01    2.86604E+03    2.68253E+03    3.04956E+03
 1.49120E+01    2.89039E+03    2.70531E+03    3.07546E+03
 1.50000E+01    2.90071E+03    2.71385E+03    3.08757E+03
 1.52116E+01    2.92294E+03    2.73465E+03    3.11123E+03
 1.54262E+01    2.94549E+03    2.75575E+03    3.13523E+03
 1.55000E+01    2.95324E+03    2.76300E+03    3.14348E+03
 1.57187E+01    2.97621E+03    2.78449E+03    3.16793E+03
 1.59404E+01    2.99950E+03    2.80628E+03    3.19273E+03
 1.60000E+01    3.00576E+03    2.82233E+03    3.18919E+03
 1.62257E+01    3.02500E+03    2.84040E+03    3.20960E+03
 1.64546E+01    3.04451E+03    2.85872E+03    3.23031E+03
 1.65000E+01    3.04838E+03    2.86235E+03    3.23441E+03
 1.67328E+01    3.06822E+03    2.88098E+03    3.25546E+03
 1.69689E+01    3.08835E+03    2.89988E+03    3.27681E+03
 1.70000E+01    3.09100E+03    2.90237E+03    3.27963E+03
 1.72398E+01    3.10573E+03    2.91620E+03    3.29525E+03
 1.74831E+01    3.12066E+03    2.93022E+03    3.31110E+03
 1.75000E+01    3.12170E+03    2.93120E+03    3.31220E+03
 1.77469E+01    3.13686E+03    2.94543E+03    3.32829E+03
 1.79973E+01    3.15223E+03    2.95987E+03    3.34460E+03
 1.80000E+01    3.15240E+03    2.99691E+03    3.30789E+03
 1.82539E+01    3.16158E+03    3.00564E+03    3.31752E+03
 1.85000E+01    3.17048E+03    3.01410E+03    3.32686E+03
 1.87610E+01    3.17991E+03    3.02307E+03    3.33676E+03
 1.90000E+01    3.18855E+03    3.03128E+03    3.34582E+03
 1.92681E+01    3.19161E+03    3.03418E+03    3.34903E+03
 1.95000E+01    3.19425E+03    3.03670E+03    3.35180E+03
 1.97751E+01    3.19739E+03    3.03968E+03    3.35509E+03
 2.00000E+01    3.19995E+03    3.04212E+03    3.35778E+03
