# n + Ac225 : (n,n'01)  
# endfb8.0   O.Iwamoto, T.Nakagawa, et al.     EVAL-FEB10
# uncertainties: y
# # energies =    80
#   E(MeV)       xs(mb)       xslow(mb)      xsupp(mb)
 3.00742E-02    0.00000E+00    0.00000E+00    0.00000E+00
 4.02697E-02    1.62731E+02    5.04453E+01    2.75017E+02
 5.00000E-02    2.08989E+02    6.47849E+01    3.53193E+02
 6.49900E-02    2.63697E+02    1.72186E+02    3.55207E+02
 7.00000E-02    2.73064E+02    1.78303E+02    3.67825E+02
 7.74657E-02    2.89795E+02    1.89228E+02    3.90362E+02
 1.00000E-01    3.37743E+02    1.48252E+02    5.27234E+02
 1.05531E-01    3.42938E+02    1.50532E+02    5.35344E+02
 1.20000E-01    3.51730E+02    1.54391E+02    5.49069E+02
 1.21342E-01    3.52938E+02    1.54922E+02    5.50954E+02
 1.27429E-01    3.53817E+02    1.55308E+02    5.52326E+02
 1.40000E-01    3.60043E+02    1.58040E+02    5.62046E+02
 1.45600E-01    3.63386E+02    1.59508E+02    5.67264E+02
 1.56348E-01    3.70820E+02    1.62771E+02    5.78869E+02
 1.70000E-01    3.72815E+02    1.63647E+02    5.81983E+02
 1.71556E-01    3.73756E+02    1.64060E+02    5.83452E+02
 1.99601E-01    3.94186E+02    1.73027E+02    6.15345E+02
 2.00000E-01    3.94535E+02    1.32549E+02    6.56521E+02
 2.00746E-01    3.94403E+02    1.32505E+02    6.56302E+02
 2.21991E-01    3.89939E+02    1.31005E+02    6.48873E+02
 2.36556E-01    3.83093E+02    1.28705E+02    6.37481E+02
 2.50000E-01    3.80908E+02    1.27971E+02    6.33845E+02
 3.00000E-01    3.88070E+02    1.53254E+02    6.22886E+02
 4.00000E-01    3.55413E+02    1.57785E+02    5.53041E+02
 5.00000E-01    3.43366E+02    1.52437E+02    5.34295E+02
 6.00000E-01    3.09505E+02    1.70822E+02    4.48188E+02
 7.00000E-01    2.89024E+02    1.59518E+02    4.18530E+02
 8.00000E-01    2.66561E+02    1.54333E+02    3.78789E+02
 9.00000E-01    2.51119E+02    1.45393E+02    3.56845E+02
 1.00000E+00    2.41093E+02    1.35966E+02    3.46220E+02
 1.10000E+00    2.32735E+02    1.31252E+02    3.34218E+02
 1.20000E+00    2.26975E+02    1.20283E+02    3.33667E+02
 1.30000E+00    2.23274E+02    1.18321E+02    3.28227E+02
 1.40000E+00    2.21373E+02    1.17314E+02    3.25432E+02
 1.50000E+00    2.20354E+02    1.11051E+02    3.29657E+02
 1.60000E+00    2.20506E+02    1.11127E+02    3.29885E+02
 1.70000E+00    2.20609E+02    1.11179E+02    3.30039E+02
 1.80000E+00    2.21552E+02    1.11654E+02    3.31450E+02
 1.90000E+00    2.21892E+02    1.11826E+02    3.31958E+02
 2.00000E+00    2.22858E+02    1.20780E+02    3.24936E+02
 2.10000E+00    2.22617E+02    1.20649E+02    3.24585E+02
 2.20000E+00    2.22836E+02    1.20768E+02    3.24904E+02
 2.40000E+00    2.22554E+02    1.20615E+02    3.24493E+02
 2.60000E+00    2.21531E+02    1.35785E+02    3.07277E+02
 2.80000E+00    2.18149E+02    1.33712E+02    3.02586E+02
 3.00000E+00    2.15331E+02    1.42755E+02    2.87907E+02
 3.50000E+00    2.03197E+02    1.37343E+02    2.69051E+02
 4.00000E+00    1.92003E+02    1.29395E+02    2.54611E+02
 4.50000E+00    1.79790E+02    1.21164E+02    2.38416E+02
 5.00000E+00    1.67692E+02    1.09494E+02    2.25890E+02
 5.50000E+00    1.58267E+02    1.03340E+02    2.13194E+02
 6.00000E+00    1.48856E+02    9.79360E+01    1.99776E+02
 6.50000E+00    1.43208E+02    9.42201E+01    1.92196E+02
 7.00000E+00    1.37561E+02    9.24234E+01    1.82699E+02
 7.50000E+00    1.33976E+02    9.00147E+01    1.77937E+02
 8.00000E+00    1.30392E+02    8.77466E+01    1.73037E+02
 8.50000E+00    1.27114E+02    8.55407E+01    1.68687E+02
 9.00000E+00    1.23836E+02    8.28422E+01    1.64830E+02
 9.50000E+00    1.20350E+02    8.05102E+01    1.60190E+02
 1.00000E+01    1.16863E+02    7.79380E+01    1.55788E+02
 1.05000E+01    1.13334E+02    7.55844E+01    1.51084E+02
 1.10000E+01    1.09805E+02    7.32309E+01    1.46379E+02
 1.15000E+01    1.06401E+02    7.09607E+01    1.41841E+02
 1.20000E+01    1.02997E+02    6.92079E+01    1.36786E+02
 1.25000E+01    9.97803E+01    6.70464E+01    1.32514E+02
 1.30000E+01    9.65641E+01    6.48853E+01    1.28243E+02
 1.35000E+01    9.35781E+01    6.28789E+01    1.24277E+02
 1.40000E+01    9.05921E+01    6.19582E+01    1.19226E+02
 1.45000E+01    8.78840E+01    6.01061E+01    1.15662E+02
 1.50000E+01    8.51760E+01    5.87650E+01    1.11587E+02
 1.55000E+01    8.27813E+01    5.71128E+01    1.08450E+02
 1.60000E+01    8.03867E+01    5.59466E+01    1.04827E+02
 1.65000E+01    7.83143E+01    5.45043E+01    1.02124E+02
 1.70000E+01    7.62419E+01    5.30619E+01    9.94219E+01
 1.75000E+01    7.44777E+01    5.18341E+01    9.71213E+01
 1.80000E+01    7.27135E+01    5.12615E+01    9.41655E+01
 1.85000E+01    7.12302E+01    5.02158E+01    9.22446E+01
 1.90000E+01    6.97468E+01    4.91700E+01    9.03236E+01
 1.95000E+01    6.85107E+01    4.82986E+01    8.87228E+01
 2.00000E+01    6.72745E+01    4.74271E+01    8.71219E+01
