# n + Ac225 : (n,n'02)  
# endfb8.0   O.Iwamoto, T.Nakagawa, et al.     EVAL-FEB10
# uncertainties: y
# # energies =    79
#   E(MeV)       xs(mb)       xslow(mb)      xsupp(mb)
 4.02697E-02    0.00000E+00    0.00000E+00    0.00000E+00
 5.00000E-02    1.57846E+02    9.36018E+01    2.22090E+02
 6.49900E-02    2.46688E+02    1.46285E+02    3.47091E+02
 7.00000E-02    2.63354E+02    1.56168E+02    3.70540E+02
 7.74657E-02    2.85626E+02    1.69375E+02    4.01877E+02
 1.00000E-01    3.37376E+02    2.23330E+02    4.51422E+02
 1.05531E-01    3.41326E+02    2.25945E+02    4.56707E+02
 1.20000E-01    3.48430E+02    2.30647E+02    4.66213E+02
 1.21342E-01    3.48992E+02    2.31019E+02    4.66965E+02
 1.27429E-01    3.47196E+02    2.29830E+02    4.64562E+02
 1.40000E-01    3.49320E+02    2.31236E+02    4.67404E+02
 1.45600E-01    3.49715E+02    2.31498E+02    4.67932E+02
 1.56348E-01    3.51167E+02    2.32459E+02    4.69875E+02
 1.70000E-01    3.49320E+02    2.31236E+02    4.67404E+02
 1.71556E-01    3.49482E+02    2.31344E+02    4.67620E+02
 1.99601E-01    3.55450E+02    2.35294E+02    4.75606E+02
 2.00000E-01    3.55582E+02    2.74146E+02    4.37018E+02
 2.00746E-01    3.55108E+02    2.73780E+02    4.36436E+02
 2.21991E-01    3.43569E+02    2.64884E+02    4.22254E+02
 2.36556E-01    3.31415E+02    2.55513E+02    4.07317E+02
 2.50000E-01    3.24037E+02    2.49825E+02    3.98249E+02
 3.00000E-01    3.10319E+02    2.44519E+02    3.76119E+02
 4.00000E-01    2.57004E+02    2.00711E+02    3.13297E+02
 5.00000E-01    2.26529E+02    1.76911E+02    2.76147E+02
 6.00000E-01    1.84936E+02    1.45909E+02    2.23963E+02
 7.00000E-01    1.55124E+02    1.22388E+02    1.87860E+02
 8.00000E-01    1.26626E+02    9.90159E+01    1.54236E+02
 9.00000E-01    1.04122E+02    8.14188E+01    1.26825E+02
 1.00000E+00    8.66021E+01    6.70264E+01    1.06178E+02
 1.10000E+00    7.15402E+01    5.53691E+01    8.77113E+01
 1.20000E+00    5.90447E+01    4.58165E+01    7.22729E+01
 1.30000E+00    4.87776E+01    3.78496E+01    5.97056E+01
 1.40000E+00    4.02696E+01    3.12477E+01    4.92915E+01
 1.50000E+00    3.32886E+01    2.66630E+01    3.99142E+01
 1.60000E+00    2.74561E+01    2.19914E+01    3.29208E+01
 1.70000E+00    2.26496E+01    1.81415E+01    2.71577E+01
 1.80000E+00    1.86421E+01    1.49317E+01    2.23525E+01
 1.90000E+00    1.53359E+01    1.22835E+01    1.83883E+01
 2.00000E+00    1.25926E+01    1.05020E+01    1.46832E+01
 2.10000E+00    1.03288E+01    8.61401E+00    1.20436E+01
 2.20000E+00    8.45274E+00    7.04941E+00    9.85607E+00
 2.40000E+00    5.65829E+00    4.71890E+00    6.59768E+00
 2.60000E+00    3.76289E+00    3.06664E+00    4.45914E+00
 2.80000E+00    2.49275E+00    2.03151E+00    2.95399E+00
 3.00000E+00    1.64742E+00    1.24707E+00    2.04777E+00
 3.50000E+00    5.81223E-01    4.09742E-01    7.52704E-01
 4.00000E+00    2.10335E-01    1.39442E-01    2.81228E-01
 4.50000E+00    8.18425E-02    5.42575E-02    1.09427E-01
 5.00000E+00    3.79109E-02    2.65737E-02    4.92481E-02
 5.50000E+00    2.16324E-02    1.51632E-02    2.81016E-02
 6.00000E+00    1.52836E-02    1.18445E-02    1.87227E-02
 6.50000E+00    1.23320E-02    9.55706E-03    1.51069E-02
 7.00000E+00    1.08061E-02    8.19043E-03    1.34218E-02
 7.50000E+00    9.81192E-03    7.43689E-03    1.21869E-02
 8.00000E+00    9.12191E-03    6.80458E-03    1.14392E-02
 8.50000E+00    8.51072E-03    6.34866E-03    1.06728E-02
 9.00000E+00    7.99512E-03    5.97207E-03    1.00182E-02
 9.50000E+00    7.48882E-03    5.59388E-03    9.38376E-03
 1.00000E+01    7.02669E-03    5.29074E-03    8.76264E-03
 1.05000E+01    6.85594E-03    5.16217E-03    8.54971E-03
 1.10000E+01    6.70013E-03    5.04486E-03    8.35540E-03
 1.15000E+01    6.55301E-03    4.93408E-03    8.17194E-03
 1.20000E+01    6.41090E-03    4.89774E-03    7.92406E-03
 1.25000E+01    6.27934E-03    4.79723E-03    7.76145E-03
 1.30000E+01    6.15311E-03    4.70079E-03    7.60543E-03
 1.35000E+01    6.03921E-03    4.61378E-03    7.46464E-03
 1.40000E+01    5.92782E-03    4.58195E-03    7.27369E-03
 1.45000E+01    5.82212E-03    4.50025E-03    7.14399E-03
 1.50000E+01    5.71907E-03    4.44355E-03    6.99459E-03
 1.55000E+01    5.62360E-03    4.36937E-03    6.87783E-03
 1.60000E+01    5.53030E-03    4.31893E-03    6.74167E-03
 1.65000E+01    5.44269E-03    4.25051E-03    6.63487E-03
 1.70000E+01    5.35696E-03    4.18356E-03    6.53036E-03
 1.75000E+01    5.27553E-03    4.11996E-03    6.43110E-03
 1.80000E+01    5.19604E-03    4.09421E-03    6.29787E-03
 1.85000E+01    5.11986E-03    4.03419E-03    6.20553E-03
 1.90000E+01    5.04552E-03    3.97561E-03    6.11543E-03
 1.95000E+01    4.96956E-03    3.91576E-03    6.02336E-03
 2.00000E+01    4.89608E-03    3.85786E-03    5.93430E-03
