# n + Ac225 : (n,n'07)  
# endfb8.0   O.Iwamoto, T.Nakagawa, et al.     EVAL-FEB10
# uncertainties: y
# # energies =    70
#   E(MeV)       xs(mb)       xslow(mb)      xsupp(mb)
 1.27429E-01    0.00000E+00    0.00000E+00    0.00000E+00
 1.40000E-01    5.22837E+00    1.90308E+00    8.55366E+00
 1.45600E-01    7.16930E+00    2.60957E+00    1.17290E+01
 1.56348E-01    1.08783E+01    3.95961E+00    1.77970E+01
 1.70000E-01    1.49774E+01    5.45165E+00    2.45031E+01
 1.71556E-01    1.54572E+01    5.62630E+00    2.52881E+01
 1.99601E-01    2.32920E+01    8.47810E+00    3.81059E+01
 2.00000E-01    2.33992E+01    8.51712E+00    3.82813E+01
 2.00746E-01    2.35462E+01    8.57063E+00    3.85218E+01
 2.21991E-01    2.67467E+01    9.73558E+00    4.37578E+01
 2.36556E-01    2.88582E+01    1.05042E+01    4.72122E+01
 2.50000E-01    3.04062E+01    1.10676E+01    4.97448E+01
 3.00000E-01    3.70701E+01    1.76437E+01    5.64964E+01
 4.00000E-01    4.28746E+01    2.31474E+01    6.26018E+01
 5.00000E-01    4.76382E+01    2.57192E+01    6.95572E+01
 6.00000E-01    4.99545E+01    2.89706E+01    7.09384E+01
 7.00000E-01    5.25445E+01    3.04727E+01    7.46163E+01
 8.00000E-01    5.50792E+01    2.84742E+01    8.16842E+01
 9.00000E-01    5.74867E+01    2.97188E+01    8.52546E+01
 1.00000E+00    6.00818E+01    2.69138E+01    9.32498E+01
 1.10000E+00    6.27292E+01    2.80997E+01    9.73587E+01
 1.20000E+00    6.50499E+01    2.72535E+01    1.02846E+02
 1.30000E+00    6.68453E+01    2.80057E+01    1.05685E+02
 1.40000E+00    6.86296E+01    2.87532E+01    1.08506E+02
 1.50000E+00    6.97636E+01    2.96443E+01    1.09883E+02
 1.60000E+00    7.09537E+01    3.01500E+01    1.11757E+02
 1.70000E+00    7.14620E+01    3.03660E+01    1.12558E+02
 1.80000E+00    7.20985E+01    3.06365E+01    1.13561E+02
 1.90000E+00    7.21145E+01    3.06433E+01    1.13586E+02
 2.00000E+00    7.22992E+01    3.39782E+01    1.10620E+02
 2.10000E+00    7.17929E+01    3.37403E+01    1.09845E+02
 2.20000E+00    7.14502E+01    3.35792E+01    1.09321E+02
 2.40000E+00    7.05142E+01    3.31394E+01    1.07889E+02
 2.60000E+00    6.93394E+01    3.63311E+01    1.02348E+02
 2.80000E+00    6.75134E+01    3.53743E+01    9.96525E+01
 3.00000E+00    6.60359E+01    3.63156E+01    9.57562E+01
 3.50000E+00    6.12876E+01    3.40110E+01    8.85642E+01
 4.00000E+00    5.72513E+01    3.21716E+01    8.23310E+01
 4.50000E+00    5.30612E+01    2.98170E+01    7.63054E+01
 5.00000E+00    4.89730E+01    2.77634E+01    7.01826E+01
 5.50000E+00    4.57520E+01    2.59374E+01    6.55666E+01
 6.00000E+00    4.25443E+01    2.43329E+01    6.07557E+01
 6.50000E+00    4.00966E+01    2.29329E+01    5.72603E+01
 7.00000E+00    3.76511E+01    2.12316E+01    5.40706E+01
 7.50000E+00    3.53750E+01    1.99481E+01    5.08019E+01
 8.00000E+00    3.30995E+01    1.83356E+01    4.78634E+01
 8.50000E+00    3.09305E+01    1.71341E+01    4.47269E+01
 9.00000E+00    2.87616E+01    1.58747E+01    4.16485E+01
 9.50000E+00    2.69176E+01    1.48569E+01    3.89783E+01
 1.00000E+01    2.50736E+01    1.38894E+01    3.62578E+01
 1.05000E+01    2.36022E+01    1.30743E+01    3.41301E+01
 1.10000E+01    2.21309E+01    1.22593E+01    3.20025E+01
 1.15000E+01    2.09264E+01    1.15921E+01    3.02607E+01
 1.20000E+01    1.97220E+01    1.10828E+01    2.83612E+01
 1.25000E+01    1.86892E+01    1.05024E+01    2.68760E+01
 1.30000E+01    1.76563E+01    9.92196E+00    2.53906E+01
 1.35000E+01    1.67572E+01    9.41671E+00    2.40977E+01
 1.40000E+01    1.58582E+01    9.18121E+00    2.25352E+01
 1.45000E+01    1.50832E+01    8.73252E+00    2.14339E+01
 1.50000E+01    1.43084E+01    8.39802E+00    2.02188E+01
 1.55000E+01    1.36471E+01    8.00988E+00    1.92843E+01
 1.60000E+01    1.29859E+01    7.71302E+00    1.82588E+01
 1.65000E+01    1.24204E+01    7.37714E+00    1.74637E+01
 1.70000E+01    1.18550E+01    7.04132E+00    1.66687E+01
 1.75000E+01    1.13658E+01    6.75076E+00    1.59808E+01
 1.80000E+01    1.08766E+01    6.60163E+00    1.51516E+01
 1.85000E+01    1.04488E+01    6.34198E+00    1.45556E+01
 1.90000E+01    1.00210E+01    6.08232E+00    1.39597E+01
 1.95000E+01    9.64674E+00    5.85516E+00    1.34383E+01
 2.00000E+01    9.27248E+00    5.62800E+00    1.29170E+01
