# n + Ac225 : (n,n'11)  
# endfb8.0   O.Iwamoto, T.Nakagawa, et al.     EVAL-FEB10
# uncertainties: y
# # energies =    64
#   E(MeV)       xs(mb)       xslow(mb)      xsupp(mb)
 1.99601E-01    0.00000E+00    0.00000E+00    0.00000E+00
 2.00000E-01    1.42596E-03    4.03546E-04    2.44837E-03
 2.00746E-01    4.35045E-03    1.23118E-03    7.46972E-03
 2.21991E-01    1.56747E-01    4.43594E-02    2.69135E-01
 2.36556E-01    3.20684E-01    9.07535E-02    5.50614E-01
 2.50000E-01    5.05949E-01    1.43183E-01    8.68715E-01
 3.00000E-01    1.46812E+00    6.65054E-01    2.27119E+00
 4.00000E-01    4.68518E+00    2.63295E+00    6.73741E+00
 5.00000E-01    8.43977E+00    4.74293E+00    1.21366E+01
 6.00000E-01    1.25846E+01    7.12269E+00    1.80465E+01
 7.00000E-01    1.67316E+01    9.46984E+00    2.39934E+01
 8.00000E-01    2.08872E+01    1.09857E+01    3.07887E+01
 9.00000E-01    2.48393E+01    1.30643E+01    3.66143E+01
 1.00000E+00    2.83255E+01    1.41049E+01    4.25461E+01
 1.10000E+00    3.17220E+01    1.57963E+01    4.76477E+01
 1.20000E+00    3.48813E+01    1.74391E+01    5.23236E+01
 1.30000E+00    3.74261E+01    1.87113E+01    5.61409E+01
 1.40000E+00    3.98140E+01    1.99052E+01    5.97228E+01
 1.50000E+00    4.14548E+01    2.15969E+01    6.13127E+01
 1.60000E+00    4.30895E+01    2.24486E+01    6.37304E+01
 1.70000E+00    4.39544E+01    2.28992E+01    6.50096E+01
 1.80000E+00    4.48675E+01    2.33749E+01    6.63601E+01
 1.90000E+00    4.51352E+01    2.35143E+01    6.67561E+01
 2.00000E+00    4.54870E+01    2.45149E+01    6.64591E+01
 2.10000E+00    4.52598E+01    2.43925E+01    6.61271E+01
 2.20000E+00    4.51301E+01    2.43226E+01    6.59376E+01
 2.40000E+00    4.45817E+01    2.40270E+01    6.51364E+01
 2.60000E+00    4.38755E+01    2.37791E+01    6.39719E+01
 2.80000E+00    4.28862E+01    2.32430E+01    6.25294E+01
 3.00000E+00    4.20867E+01    2.27668E+01    6.14066E+01
 3.50000E+00    3.95852E+01    2.12939E+01    5.78764E+01
 4.00000E+00    3.75570E+01    2.02790E+01    5.48350E+01
 4.50000E+00    3.50453E+01    1.89228E+01    5.11678E+01
 5.00000E+00    3.26107E+01    1.77057E+01    4.75157E+01
 5.50000E+00    3.05733E+01    1.65995E+01    4.45471E+01
 6.00000E+00    2.85472E+01    1.53851E+01    4.17093E+01
 6.50000E+00    2.69261E+01    1.45114E+01    3.93408E+01
 7.00000E+00    2.53073E+01    1.32605E+01    3.73540E+01
 7.50000E+00    2.36690E+01    1.24021E+01    3.49359E+01
 8.00000E+00    2.20314E+01    1.13233E+01    3.27395E+01
 8.50000E+00    2.04020E+01    1.04858E+01    3.03182E+01
 9.00000E+00    1.87729E+01    9.70425E+00    2.78415E+01
 9.50000E+00    1.73987E+01    8.99389E+00    2.58035E+01
 1.00000E+01    1.60247E+01    8.41208E+00    2.36373E+01
 1.05000E+01    1.49610E+01    7.85369E+00    2.20683E+01
 1.10000E+01    1.38974E+01    7.29536E+00    2.04994E+01
 1.15000E+01    1.30560E+01    6.85368E+00    1.92583E+01
 1.20000E+01    1.22146E+01    6.55894E+00    1.78703E+01
 1.25000E+01    1.15133E+01    6.18236E+00    1.68442E+01
 1.30000E+01    1.08120E+01    5.80578E+00    1.58182E+01
 1.35000E+01    1.02144E+01    5.48488E+00    1.49439E+01
 1.40000E+01    9.61681E+00    5.30784E+00    1.39258E+01
 1.45000E+01    9.10989E+00    5.02805E+00    1.31917E+01
 1.50000E+01    8.60301E+00    4.81737E+00    1.23887E+01
 1.55000E+01    8.17595E+00    4.57823E+00    1.17737E+01
 1.60000E+01    7.74892E+00    4.39336E+00    1.11045E+01
 1.65000E+01    7.38743E+00    4.18841E+00    1.05865E+01
 1.70000E+01    7.02597E+00    3.98347E+00    1.00685E+01
 1.75000E+01    6.71549E+00    3.80744E+00    9.62354E+00
 1.80000E+01    6.40503E+00    3.71481E+00    9.09525E+00
 1.85000E+01    6.13471E+00    3.55803E+00    8.71139E+00
 1.90000E+01    5.86442E+00    3.40126E+00    8.32758E+00
 1.95000E+01    5.62830E+00    3.26432E+00    7.99228E+00
 2.00000E+01    5.39219E+00    3.12738E+00    7.65700E+00
