# n + Ac225 : (n,n'13)  
# endfb8.0   O.Iwamoto, T.Nakagawa, et al.     EVAL-FEB10
# uncertainties: y
# # energies =    61
#   E(MeV)       xs(mb)       xslow(mb)      xsupp(mb)
 2.21991E-01    0.00000E+00    0.00000E+00    0.00000E+00
 2.36556E-01    5.39974E+01    4.20636E+01    6.59312E+01
 2.50000E-01    7.42591E+01    5.78473E+01    9.06709E+01
 3.00000E-01    1.22357E+02    9.53152E+01    1.49399E+02
 4.00000E-01    1.47124E+02    1.14607E+02    1.79641E+02
 5.00000E-01    1.51713E+02    1.18182E+02    1.85244E+02
 6.00000E-01    1.34352E+02    1.06673E+02    1.62031E+02
 7.00000E-01    1.19904E+02    9.52017E+01    1.44606E+02
 8.00000E-01    1.01861E+02    8.03664E+01    1.23356E+02
 9.00000E-01    8.66792E+01    6.83882E+01    1.04970E+02
 1.00000E+00    7.31118E+01    5.70985E+01    8.91251E+01
 1.10000E+00    6.12139E+01    4.78066E+01    7.46212E+01
 1.20000E+00    5.14892E+01    3.99031E+01    6.30753E+01
 1.30000E+00    4.31468E+01    3.34379E+01    5.28557E+01
 1.40000E+00    3.59594E+01    2.78678E+01    4.40510E+01
 1.50000E+00    2.99437E+01    2.37146E+01    3.61728E+01
 1.60000E+00    2.49158E+01    1.97327E+01    3.00989E+01
 1.70000E+00    2.06904E+01    1.63863E+01    2.49945E+01
 1.80000E+00    1.71622E+01    1.35920E+01    2.07324E+01
 1.90000E+00    1.42041E+01    1.12493E+01    1.71589E+01
 2.00000E+00    1.17479E+01    9.69176E+00    1.38040E+01
 2.10000E+00    9.69947E+00    8.00185E+00    1.13971E+01
 2.20000E+00    8.00345E+00    6.60267E+00    9.40423E+00
 2.40000E+00    5.40638E+00    4.46015E+00    6.35261E+00
 2.60000E+00    3.64547E+00    2.98189E+00    4.30905E+00
 2.80000E+00    2.45845E+00    2.01094E+00    2.90596E+00
 3.00000E+00    1.64731E+00    1.27169E+00    2.02293E+00
 3.50000E+00    6.27117E-01    4.62779E-01    7.91455E-01
 4.00000E+00    2.62475E-01    1.92651E-01    3.32299E-01
 4.50000E+00    1.33943E-01    9.83111E-02    1.69575E-01
 5.00000E+00    8.67894E-02    6.76931E-02    1.05886E-01
 5.50000E+00    6.65956E-02    5.19425E-02    8.12487E-02
 6.00000E+00    5.68924E-02    4.34076E-02    7.03773E-02
 6.50000E+00    5.07554E-02    3.87252E-02    6.27856E-02
 7.00000E+00    4.67721E-02    3.50312E-02    5.85130E-02
 7.50000E+00    4.35408E-02    3.26111E-02    5.44705E-02
 8.00000E+00    4.11284E-02    3.05983E-02    5.16585E-02
 8.50000E+00    3.88444E-02    2.88991E-02    4.87897E-02
 9.00000E+00    3.69210E-02    2.75425E-02    4.62995E-02
 9.50000E+00    3.50365E-02    2.61366E-02    4.39363E-02
 1.00000E+01    3.33422E-02    2.50723E-02    4.16121E-02
 1.05000E+01    3.17475E-02    2.38732E-02    3.96218E-02
 1.10000E+01    3.02811E-02    2.27705E-02    3.77917E-02
 1.15000E+01    2.89250E-02    2.17507E-02    3.60993E-02
 1.20000E+01    2.76486E-02    2.11228E-02    3.41744E-02
 1.25000E+01    2.64745E-02    2.02258E-02    3.27232E-02
 1.30000E+01    2.53744E-02    1.93854E-02    3.13634E-02
 1.35000E+01    2.43713E-02    1.86190E-02    3.01236E-02
 1.40000E+01    2.34217E-02    1.81040E-02    2.87394E-02
 1.45000E+01    2.25250E-02    1.74109E-02    2.76391E-02
 1.50000E+01    2.16691E-02    1.68360E-02    2.65022E-02
 1.55000E+01    2.08763E-02    1.62200E-02    2.55326E-02
 1.60000E+01    2.01229E-02    1.57157E-02    2.45301E-02
 1.65000E+01    1.94195E-02    1.51664E-02    2.36726E-02
 1.70000E+01    1.87494E-02    1.46430E-02    2.28558E-02
 1.75000E+01    1.81196E-02    1.41512E-02    2.20880E-02
 1.80000E+01    1.75192E-02    1.38045E-02    2.12339E-02
 1.85000E+01    1.69518E-02    1.33574E-02    2.05462E-02
 1.90000E+01    1.64103E-02    1.29307E-02    1.98899E-02
 1.95000E+01    1.58829E-02    1.25152E-02    1.92506E-02
 2.00000E+01    1.53809E-02    1.21196E-02    1.86422E-02
