# n + Ac225 : (n,n'14)  
# endfb8.0   O.Iwamoto, T.Nakagawa, et al.     EVAL-FEB10
# uncertainties: y
# # energies =    60
#   E(MeV)       xs(mb)       xslow(mb)      xsupp(mb)
 2.36556E-01    0.00000E+00    0.00000E+00    0.00000E+00
 2.50000E-01    3.55972E+00    2.10023E+00    5.01921E+00
 3.00000E-01    1.29045E+01    7.61364E+00    1.81954E+01
 4.00000E-01    2.38247E+01    1.21506E+01    3.54988E+01
 5.00000E-01    3.07330E+01    1.56738E+01    4.57922E+01
 6.00000E-01    3.19829E+01    2.00205E+01    4.39453E+01
 7.00000E-01    3.29563E+01    2.06299E+01    4.52827E+01
 8.00000E-01    3.19587E+01    2.05797E+01    4.33377E+01
 9.00000E-01    3.07685E+01    1.98133E+01    4.17237E+01
 1.00000E+00    2.92674E+01    1.83795E+01    4.01553E+01
 1.10000E+00    2.72808E+01    1.71319E+01    3.74296E+01
 1.20000E+00    2.53858E+01    1.55358E+01    3.52358E+01
 1.30000E+00    2.33610E+01    1.42967E+01    3.24253E+01
 1.40000E+00    2.12409E+01    1.29992E+01    2.94826E+01
 1.50000E+00    1.91056E+01    1.18453E+01    2.63659E+01
 1.60000E+00    1.70821E+01    1.05908E+01    2.35734E+01
 1.70000E+00    1.51131E+01    9.37002E+00    2.08562E+01
 1.80000E+00    1.32860E+01    8.23724E+00    1.83348E+01
 1.90000E+00    1.15650E+01    7.17023E+00    1.59598E+01
 2.00000E+00    1.00142E+01    6.87950E+00    1.31489E+01
 2.10000E+00    8.59417E+00    5.90398E+00    1.12844E+01
 2.20000E+00    7.34379E+00    5.04500E+00    9.64258E+00
 2.40000E+00    5.25608E+00    3.61079E+00    6.90137E+00
 2.60000E+00    3.71364E+00    2.84826E+00    4.57902E+00
 2.80000E+00    2.58707E+00    1.98421E+00    3.18993E+00
 3.00000E+00    1.78015E+00    1.37777E+00    2.18253E+00
 3.50000E+00    6.86419E-01    5.01069E-01    8.71769E-01
 4.00000E+00    2.71354E-01    1.86956E-01    3.55752E-01
 4.50000E+00    1.16409E-01    8.02027E-02    1.52615E-01
 5.00000E+00    5.96804E-02    4.35053E-02    7.58555E-02
 5.50000E+00    3.73310E-02    2.72132E-02    4.74488E-02
 6.00000E+00    2.80422E-02    2.17315E-02    3.43529E-02
 6.50000E+00    2.33825E-02    1.81204E-02    2.86446E-02
 7.00000E+00    2.08553E-02    1.57656E-02    2.59450E-02
 7.50000E+00    1.91161E-02    1.44509E-02    2.37813E-02
 8.00000E+00    1.79260E-02    1.33722E-02    2.24798E-02
 8.50000E+00    1.68721E-02    1.25860E-02    2.11582E-02
 9.00000E+00    1.60103E-02    1.19594E-02    2.00612E-02
 9.50000E+00    1.51817E-02    1.13404E-02    1.90230E-02
 1.00000E+01    1.44423E-02    1.08743E-02    1.80103E-02
 1.05000E+01    1.37480E-02    1.03515E-02    1.71445E-02
 1.10000E+01    1.31107E-02    9.87169E-03    1.63497E-02
 1.15000E+01    1.25222E-02    9.42858E-03    1.56158E-02
 1.20000E+01    1.19686E-02    9.14337E-03    1.47938E-02
 1.25000E+01    1.14595E-02    8.75444E-03    1.41646E-02
 1.30000E+01    1.09827E-02    8.39019E-03    1.35752E-02
 1.35000E+01    1.05479E-02    8.05803E-03    1.30378E-02
 1.40000E+01    1.01363E-02    7.83494E-03    1.24377E-02
 1.45000E+01    9.75134E-03    7.53738E-03    1.19653E-02
 1.50000E+01    9.38668E-03    7.29302E-03    1.14803E-02
 1.55000E+01    9.04492E-03    7.02749E-03    1.10624E-02
 1.60000E+01    8.71839E-03    6.80899E-03    1.06278E-02
 1.65000E+01    8.41357E-03    6.57092E-03    1.02562E-02
 1.70000E+01    8.12313E-03    6.34409E-03    9.90217E-03
 1.75000E+01    7.85021E-03    6.13094E-03    9.56948E-03
 1.80000E+01    7.58998E-03    5.98066E-03    9.19930E-03
 1.85000E+01    7.34412E-03    5.78693E-03    8.90131E-03
 1.90000E+01    7.10942E-03    5.60199E-03    8.61685E-03
 1.95000E+01    6.88086E-03    5.42189E-03    8.33982E-03
 2.00000E+01    6.66333E-03    5.25049E-03    8.07617E-03
