# n + Ac226 : (n,n'06)  
# jeff3.3    O.Iwamoto, T.Nakagawa, et al.     EVAL-FEB10
# uncertainties: y
# # energies =    66
#   E(MeV)       xs(mb)       xslow(mb)      xsupp(mb)
 7.06137E-02    0.00000E+00    0.00000E+00    0.00000E+00
 7.80467E-02    4.69906E+00    1.99710E+00    7.40102E+00
 1.00000E-01    2.25301E+01    2.86132E+00    4.21989E+01
 1.20000E-01    3.85051E+01    4.89015E+00    7.21201E+01
 1.40000E-01    5.37735E+01    6.82923E+00    1.00718E+02
 1.70000E-01    7.59213E+01    9.64200E+00    1.42201E+02
 2.00000E-01    8.86862E+01    1.64069E+01    1.60965E+02
 2.50000E-01    1.08033E+02    1.99861E+01    1.96080E+02
 3.00000E-01    1.06411E+02    2.95823E+01    1.83240E+02
 4.00000E-01    9.62114E+01    2.90558E+01    1.63367E+02
 5.00000E-01    8.88918E+01    2.68453E+01    1.50938E+02
 6.00000E-01    7.49586E+01    2.89340E+01    1.20983E+02
 7.00000E-01    6.42388E+01    2.47962E+01    1.03681E+02
 8.00000E-01    5.35244E+01    2.34437E+01    8.36051E+01
 9.00000E-01    4.46256E+01    1.95460E+01    6.97052E+01
 1.00000E+00    3.76581E+01    1.89044E+01    5.64118E+01
 1.10000E+00    3.15721E+01    1.58492E+01    4.72950E+01
 1.20000E+00    2.62472E+01    1.48559E+01    3.76385E+01
 1.30000E+00    2.17335E+01    1.23012E+01    3.11658E+01
 1.40000E+00    1.78983E+01    1.01304E+01    2.56662E+01
 1.50000E+00    1.47198E+01    9.61203E+00    1.98276E+01
 1.60000E+00    1.20053E+01    7.83946E+00    1.61711E+01
 1.70000E+00    9.76208E+00    6.37464E+00    1.31495E+01
 1.80000E+00    7.87641E+00    5.14330E+00    1.06095E+01
 1.90000E+00    6.33473E+00    4.13658E+00    8.53288E+00
 2.00000E+00    5.06376E+00    3.69655E+00    6.43098E+00
 2.10000E+00    4.03769E+00    2.94751E+00    5.12787E+00
 2.20000E+00    3.20276E+00    2.33801E+00    4.06750E+00
 2.40000E+00    2.02219E+00    1.47620E+00    2.56818E+00
 2.60000E+00    1.27275E+00    9.15107E-01    1.63039E+00
 2.80000E+00    8.08003E-01    5.80954E-01    1.03505E+00
 3.00000E+00    5.20251E-01    3.49609E-01    6.90893E-01
 3.50000E+00    1.89530E-01    1.25848E-01    2.53212E-01
 4.00000E+00    8.52696E-02    5.92624E-02    1.11277E-01
 4.50000E+00    4.84269E-02    3.36567E-02    6.31971E-02
 5.00000E+00    3.43748E-02    2.65717E-02    4.21779E-02
 5.50000E+00    2.76411E-02    2.13666E-02    3.39156E-02
 6.00000E+00    2.41241E-02    1.84549E-02    2.97933E-02
 6.50000E+00    2.18000E-02    1.66770E-02    2.69230E-02
 7.00000E+00    2.03310E-02    1.53296E-02    2.53324E-02
 7.50000E+00    1.91988E-02    1.44759E-02    2.39217E-02
 8.00000E+00    1.83484E-02    1.37430E-02    2.29538E-02
 8.50000E+00    1.75231E-02    1.31248E-02    2.19214E-02
 9.00000E+00    1.68332E-02    1.26922E-02    2.09742E-02
 9.50000E+00    1.61178E-02    1.21528E-02    2.00828E-02
 1.00000E+01    1.54419E-02    1.17667E-02    1.91171E-02
 1.05000E+01    1.48531E-02    1.13181E-02    1.83881E-02
 1.10000E+01    1.42631E-02    1.08685E-02    1.76577E-02
 1.15000E+01    1.37172E-02    1.04525E-02    1.69819E-02
 1.20000E+01    1.32135E-02    1.02405E-02    1.61865E-02
 1.25000E+01    1.27580E-02    9.88745E-03    1.56286E-02
 1.30000E+01    1.24550E-02    9.65262E-03    1.52574E-02
 1.35000E+01    1.22373E-02    9.48391E-03    1.49907E-02
 1.40000E+01    1.20315E-02    9.43270E-03    1.46303E-02
 1.45000E+01    1.18354E-02    9.27895E-03    1.43918E-02
 1.50000E+01    1.16427E-02    9.18609E-03    1.40993E-02
 1.55000E+01    1.14641E-02    9.04518E-03    1.38830E-02
 1.60000E+01    1.12882E-02    8.95154E-03    1.36249E-02
 1.65000E+01    1.11230E-02    8.82054E-03    1.34255E-02
 1.70000E+01    1.09605E-02    8.69168E-03    1.32293E-02
 1.75000E+01    1.08062E-02    8.56932E-03    1.30431E-02
 1.80000E+01    1.06549E-02    8.52392E-03    1.27859E-02
 1.85000E+01    1.05099E-02    8.40792E-03    1.26119E-02
 1.90000E+01    1.03683E-02    8.29464E-03    1.24420E-02
 1.95000E+01    1.02312E-02    8.18496E-03    1.22774E-02
 2.00000E+01    1.00981E-02    8.07848E-03    1.21177E-02
