# n + Ac226 : (n,n'07)  
# jeff3.3    O.Iwamoto, T.Nakagawa, et al.     EVAL-FEB10
# uncertainties: y
# # energies =    65
#   E(MeV)       xs(mb)       xslow(mb)      xsupp(mb)
 7.80467E-02    0.00000E+00   -0.00000E+00    0.00000E+00
 1.00000E-01    4.75646E+00    1.66476E+00    7.84816E+00
 1.20000E-01    9.29811E+00    3.25434E+00    1.53419E+01
 1.40000E-01    1.38240E+01    4.83840E+00    2.28096E+01
 1.70000E-01    2.06125E+01    7.21437E+00    3.40106E+01
 2.00000E-01    2.50771E+01    7.39775E+00    4.27565E+01
 2.50000E-01    3.24577E+01    9.57502E+00    5.53404E+01
 3.00000E-01    3.38833E+01    1.31806E+01    5.45860E+01
 4.00000E-01    3.62318E+01    1.34782E+01    5.89854E+01
 5.00000E-01    3.92894E+01    1.46157E+01    6.39631E+01
 6.00000E-01    4.20567E+01    1.32899E+01    7.08235E+01
 7.00000E-01    4.53191E+01    1.43208E+01    7.63174E+01
 8.00000E-01    4.95947E+01    1.23491E+01    8.68403E+01
 9.00000E-01    5.39636E+01    1.34369E+01    9.44903E+01
 1.00000E+00    5.87235E+01    1.35651E+01    1.03882E+02
 1.10000E+00    6.33900E+01    1.46431E+01    1.12137E+02
 1.20000E+00    6.75137E+01    1.95115E+01    1.15516E+02
 1.30000E+00    7.06990E+01    2.04320E+01    1.20966E+02
 1.40000E+00    7.40288E+01    2.13943E+01    1.26663E+02
 1.50000E+00    7.60640E+01    2.92086E+01    1.22919E+02
 1.60000E+00    7.82423E+01    3.00450E+01    1.26440E+02
 1.70000E+00    7.92841E+01    3.04451E+01    1.28123E+02
 1.80000E+00    8.04870E+01    3.09070E+01    1.30067E+02
 1.90000E+00    8.07942E+01    3.10250E+01    1.30563E+02
 2.00000E+00    8.12543E+01    3.90021E+01    1.23507E+02
 2.10000E+00    8.08845E+01    3.88246E+01    1.22944E+02
 2.20000E+00    8.06372E+01    3.87059E+01    1.22569E+02
 2.40000E+00    7.97390E+01    3.82747E+01    1.21203E+02
 2.60000E+00    7.84026E+01    4.13182E+01    1.15487E+02
 2.80000E+00    7.64357E+01    4.02816E+01    1.12590E+02
 3.00000E+00    7.46093E+01    4.11097E+01    1.08109E+02
 3.50000E+00    6.93330E+01    3.88265E+01    9.98395E+01
 4.00000E+00    6.42505E+01    3.65585E+01    9.19425E+01
 4.50000E+00    5.94307E+01    3.38161E+01    8.50453E+01
 5.00000E+00    5.46319E+01    3.15772E+01    7.76866E+01
 5.50000E+00    5.10340E+01    2.94977E+01    7.25703E+01
 6.00000E+00    4.74390E+01    2.76095E+01    6.72685E+01
 6.50000E+00    4.47708E+01    2.60566E+01    6.34850E+01
 7.00000E+00    4.21032E+01    2.39567E+01    6.02497E+01
 7.50000E+00    3.95722E+01    2.25166E+01    5.66278E+01
 8.00000E+00    3.70414E+01    2.05950E+01    5.34878E+01
 8.50000E+00    3.45834E+01    1.92284E+01    4.99384E+01
 9.00000E+00    3.21255E+01    1.77333E+01    4.65177E+01
 9.50000E+00    3.00331E+01    1.65783E+01    4.34879E+01
 1.00000E+01    2.79408E+01    1.54792E+01    4.04024E+01
 1.05000E+01    2.62781E+01    1.45581E+01    3.79981E+01
 1.10000E+01    2.46153E+01    1.36369E+01    3.55937E+01
 1.15000E+01    2.32602E+01    1.28862E+01    3.36343E+01
 1.20000E+01    2.19051E+01    1.23326E+01    3.14776E+01
 1.25000E+01    2.07471E+01    1.16806E+01    2.98136E+01
 1.30000E+01    1.95891E+01    1.10287E+01    2.81495E+01
 1.35000E+01    1.85836E+01    1.04626E+01    2.67046E+01
 1.40000E+01    1.75781E+01    1.01777E+01    2.49785E+01
 1.45000E+01    1.67130E+01    9.67683E+00    2.37492E+01
 1.50000E+01    1.58480E+01    9.31862E+00    2.23774E+01
 1.55000E+01    1.51109E+01    8.88521E+00    2.13366E+01
 1.60000E+01    1.43738E+01    8.55241E+00    2.01952E+01
 1.65000E+01    1.37438E+01    8.17756E+00    1.93100E+01
 1.70000E+01    1.31138E+01    7.80271E+00    1.84249E+01
 1.75000E+01    1.25683E+01    7.47814E+00    1.76585E+01
 1.80000E+01    1.20228E+01    7.30986E+00    1.67357E+01
 1.85000E+01    1.15454E+01    7.01960E+00    1.60712E+01
 1.90000E+01    1.10680E+01    6.72934E+00    1.54067E+01
 1.95000E+01    1.06506E+01    6.47557E+00    1.48256E+01
 2.00000E+01    1.02332E+01    6.22179E+00    1.42446E+01
