# n + Ac222 : (n,h)     
# tendl.2017 A.J. Koning and D. Rochman        EVAL-NOV17
# uncertainties: y
# # energies =    28
#   E(MeV)       xs(mb)       xslow(mb)      xsupp(mb)
 1.72854E+00    0.00000E+00    0.00000E+00    0.00000E+00
 9.50000E+00    5.05235E-17    5.05235E-17    5.05235E-17
 1.00000E+01    5.96265E-16    5.96265E-16    5.96265E-16
 1.05000E+01    5.31618E-15    5.31618E-15    5.31618E-15
 1.10000E+01    5.96518E-12    5.96518E-12    5.96518E-12
 1.15000E+01    3.66158E-11    3.66158E-11    3.66158E-11
 1.20000E+01    1.90151E-10    1.90151E-10    1.90151E-10
 1.25000E+01    8.56326E-10    8.56326E-10    8.56326E-10
 1.30000E+01    3.42377E-09    0.00000E+00    8.92987E-09
 1.35000E+01    1.22564E-08    0.00000E+00    3.19671E-08
 1.40000E+01    3.99013E-08    0.00000E+00    1.04070E-07
 1.45000E+01    1.19527E-07    0.00000E+00    3.11750E-07
 1.50000E+01    3.32533E-07    0.00000E+00    8.67312E-07
 1.60000E+01    2.12644E-06    0.00000E+00    4.60673E-06
 1.70000E+01    1.09916E-05    0.00000E+00    2.38123E-05
 1.80000E+01    4.77945E-05    0.00000E+00    1.03542E-04
 1.90000E+01    1.80145E-04    0.00000E+00    3.90267E-04
 2.00000E+01    6.02461E-04    1.20323E-04    1.08460E-03
 2.10000E+01    1.81327E-03    3.62145E-04    3.26439E-03
 2.20000E+01    4.41079E-03    8.80921E-04    7.94066E-03
 2.30000E+01    1.19120E-02    2.37906E-03    2.14449E-02
 2.40000E+01    2.39911E-02    1.53997E-02    3.25825E-02
 2.50000E+01    5.07386E-02    3.25687E-02    6.89085E-02
 2.60000E+01    9.57672E-02    6.14721E-02    1.30062E-01
 2.70000E+01    1.61095E-01    1.03405E-01    2.18785E-01
 2.80000E+01    2.46468E-01    1.58206E-01    3.34730E-01
 2.90000E+01    3.46371E-01    2.22332E-01    4.70410E-01
 3.00000E+01    4.44114E-01    2.85073E-01    6.03155E-01
