# n + Ac222 : (n,pt)    
# tendl.2017 A.J. Koning and D. Rochman        EVAL-NOV17
# uncertainties: y
# # energies =    18
#   E(MeV)       xs(mb)       xslow(mb)      xsupp(mb)
 6.19174E+00    0.00000E+00    0.00000E+00    0.00000E+00
 1.45000E+01    4.44747E-17    4.44747E-17    4.44747E-17
 1.50000E+01    4.25468E-16    4.25468E-16    4.25468E-16
 1.60000E+01    3.08976E-14    3.08976E-14    3.08976E-14
 1.70000E+01    1.04904E-12    1.04904E-12    1.04904E-12
 1.80000E+01    1.94664E-11    1.94664E-11    1.94664E-11
 1.90000E+01    2.25093E-10    2.25093E-10    2.25093E-10
 2.00000E+01    1.85954E-09    0.00000E+00    1.38786E-08
 2.10000E+01    1.08489E-08    0.00000E+00    8.09705E-08
 2.20000E+01    4.47516E-08    0.00000E+00    3.34002E-07
 2.30000E+01    1.42262E-07    0.00000E+00    1.06177E-06
 2.40000E+01    3.64154E-07    0.00000E+00    2.80342E-06
 2.50000E+01    8.04184E-07    0.00000E+00    6.19097E-06
 2.60000E+01    1.60169E-06    0.00000E+00    1.23305E-05
 2.70000E+01    3.06019E-06    0.00000E+00    2.35587E-05
 2.80000E+01    5.65080E-06    0.00000E+00    4.35024E-05
 2.90000E+01    1.02533E-05    0.00000E+00    7.89345E-05
 3.00000E+01    1.82624E-05    0.00000E+00    1.40592E-04
