# n + Ac222 : (n,da)    
# tendl.2017 A.J. Koning and D. Rochman        EVAL-NOV17
# uncertainties: y
# # energies =   244
#   E(MeV)       xs(mb)       xslow(mb)      xsupp(mb)
 1.00000E-11    3.93710E-17    3.93710E-17    3.93710E-17
 1.03005E-11    3.88247E-17    3.88247E-17    3.88247E-17
 1.06099E-11    3.82869E-17    3.82869E-17    3.82869E-17
 1.09287E-11    3.77575E-17    3.77575E-17    3.77575E-17
 1.12571E-11    3.72363E-17    3.72363E-17    3.72363E-17
 1.15953E-11    3.67233E-17    3.67233E-17    3.67233E-17
 1.19437E-11    3.62183E-17    3.62183E-17    3.62183E-17
 1.23026E-11    3.57212E-17    3.57212E-17    3.57212E-17
 1.26722E-11    3.52320E-17    3.52320E-17    3.52320E-17
 1.30530E-11    3.47504E-17    3.47504E-17    3.47504E-17
 1.34452E-11    3.42764E-17    3.42764E-17    3.42764E-17
 1.38491E-11    3.38099E-17    3.38099E-17    3.38099E-17
 1.42652E-11    3.33508E-17    3.33508E-17    3.33508E-17
 1.46938E-11    3.28989E-17    3.28989E-17    3.28989E-17
 1.51353E-11    3.24543E-17    3.24543E-17    3.24543E-17
 1.55901E-11    3.20167E-17    3.20167E-17    3.20167E-17
 1.60585E-11    3.15861E-17    3.15861E-17    3.15861E-17
 1.65410E-11    3.11624E-17    3.11624E-17    3.11624E-17
 1.70380E-11    3.07455E-17    3.07455E-17    3.07455E-17
 1.75499E-11    3.03352E-17    3.03352E-17    3.03352E-17
 1.80772E-11    2.99316E-17    2.99316E-17    2.99316E-17
 1.86203E-11    2.95346E-17    2.95346E-17    2.95346E-17
 1.92611E-11    2.90886E-17    2.90886E-17    2.90886E-17
 1.99239E-11    2.86509E-17    2.86509E-17    2.86509E-17
 2.06095E-11    2.82214E-17    2.82214E-17    2.82214E-17
 2.13187E-11    2.77999E-17    2.77999E-17    2.77999E-17
 2.20523E-11    2.73863E-17    2.73863E-17    2.73863E-17
 2.28111E-11    2.69804E-17    2.69804E-17    2.69804E-17
 2.35961E-11    2.65822E-17    2.65822E-17    2.65822E-17
 2.44081E-11    2.61916E-17    2.61916E-17    2.61916E-17
 2.52480E-11    2.58083E-17    2.58083E-17    2.58083E-17
 2.61168E-11    2.54324E-17    2.54324E-17    2.54324E-17
 2.70155E-11    2.50636E-17    2.50636E-17    2.50636E-17
 2.79451E-11    2.47020E-17    2.47020E-17    2.47020E-17
 2.89068E-11    2.43473E-17    2.43473E-17    2.43473E-17
 2.99015E-11    2.39995E-17    2.39995E-17    2.39995E-17
 3.09304E-11    2.36584E-17    2.36584E-17    2.36584E-17
 3.19948E-11    2.33240E-17    2.33240E-17    2.33240E-17
 3.30957E-11    2.29962E-17    2.29962E-17    2.29962E-17
 3.42346E-11    2.26749E-17    2.26749E-17    2.26749E-17
 3.54127E-11    2.23599E-17    2.23599E-17    2.23599E-17
 3.66313E-11    2.20512E-17    2.20512E-17    2.20512E-17
 3.78918E-11    2.17486E-17    2.17486E-17    2.17486E-17
 3.91957E-11    2.14522E-17    2.14522E-17    2.14522E-17
 4.05445E-11    2.11617E-17    2.11617E-17    2.11617E-17
 4.19396E-11    2.08771E-17    2.08771E-17    2.08771E-17
 4.33828E-11    2.05984E-17    2.05984E-17    2.05984E-17
 4.48757E-11    2.03254E-17    2.03254E-17    2.03254E-17
 4.64199E-11    2.00580E-17    2.00580E-17    2.00580E-17
 4.80173E-11    1.97962E-17    1.97962E-17    1.97962E-17
 4.96696E-11    1.95398E-17    1.95398E-17    1.95398E-17
 5.13788E-11    1.92888E-17    1.92888E-17    1.92888E-17
 5.31468E-11    1.90432E-17    1.90432E-17    1.90432E-17
 5.49756E-11    1.88028E-17    1.88028E-17    1.88028E-17
 5.68674E-11    1.85675E-17    1.85675E-17    1.85675E-17
 5.88243E-11    1.83373E-17    1.83373E-17    1.83373E-17
 6.08485E-11    1.81121E-17    1.81121E-17    1.81121E-17
 6.29424E-11    1.78918E-17    1.78918E-17    1.78918E-17
 6.51083E-11    1.76763E-17    1.76763E-17    1.76763E-17
 6.73488E-11    1.74657E-17    1.74657E-17    1.74657E-17
 6.96663E-11    1.72597E-17    1.72597E-17    1.72597E-17
 7.20636E-11    1.70583E-17    1.70583E-17    1.70583E-17
 7.45434E-11    1.68615E-17    1.68615E-17    1.68615E-17
 7.71085E-11    1.66692E-17    1.66692E-17    1.66692E-17
 7.97619E-11    1.64813E-17    1.64813E-17    1.64813E-17
 8.25066E-11    1.62978E-17    1.62978E-17    1.62978E-17
 8.57075E-11    1.60964E-17    1.60964E-17    1.60964E-17
 8.90325E-11    1.59003E-17    1.59003E-17    1.59003E-17
 9.24865E-11    1.57095E-17    1.57095E-17    1.57095E-17
 9.60745E-11    1.55237E-17    1.55237E-17    1.55237E-17
 9.98017E-11    1.53431E-17    1.53431E-17    1.53431E-17
 1.03674E-10    1.51673E-17    1.51673E-17    1.51673E-17
 1.07696E-10    1.49964E-17    1.49964E-17    1.49964E-17
 1.11874E-10    1.48303E-17    1.48303E-17    1.48303E-17
 1.16214E-10    1.46688E-17    1.46688E-17    1.46688E-17
 1.20722E-10    1.45119E-17    1.45119E-17    1.45119E-17
 1.25406E-10    1.43596E-17    1.43596E-17    1.43596E-17
 1.30271E-10    1.42116E-17    1.42116E-17    1.42116E-17
 1.35325E-10    1.40679E-17    1.40679E-17    1.40679E-17
 1.40575E-10    1.39285E-17    1.39285E-17    1.39285E-17
 1.46028E-10    1.37932E-17    1.37932E-17    1.37932E-17
 1.51693E-10    1.36619E-17    1.36619E-17    1.36619E-17
 1.58246E-10    1.35207E-17    1.35207E-17    1.35207E-17
 1.65082E-10    1.33844E-17    1.33844E-17    1.33844E-17
 1.72213E-10    1.32527E-17    1.32527E-17    1.32527E-17
 1.79652E-10    1.31255E-17    1.31255E-17    1.31255E-17
 1.87413E-10    1.30028E-17    1.30028E-17    1.30028E-17
 1.95508E-10    1.28844E-17    1.28844E-17    1.28844E-17
 2.03954E-10    1.27702E-17    1.27702E-17    1.27702E-17
 2.12764E-10    1.26602E-17    1.26602E-17    1.26602E-17
 2.21955E-10    1.25541E-17    1.25541E-17    1.25541E-17
 2.32524E-10    1.24419E-17    1.24419E-17    1.24419E-17
 2.43597E-10    1.23343E-17    1.23343E-17    1.23343E-17
 2.55196E-10    1.22310E-17    1.22310E-17    1.22310E-17
 2.67349E-10    1.21320E-17    1.21320E-17    1.21320E-17
 2.80079E-10    1.20372E-17    1.20372E-17    1.20372E-17
 2.93416E-10    1.19463E-17    1.19463E-17    1.19463E-17
 3.08691E-10    1.18516E-17    1.18516E-17    1.18516E-17
 3.24761E-10    1.17612E-17    1.17612E-17    1.17612E-17
 3.41667E-10    1.16751E-17    1.16751E-17    1.16751E-17
 3.59454E-10    1.15931E-17    1.15931E-17    1.15931E-17
 3.79769E-10    1.15085E-17    1.15085E-17    1.15085E-17
 4.01233E-10    1.14284E-17    1.14284E-17    1.14284E-17
 4.23909E-10    1.13524E-17    1.13524E-17    1.13524E-17
 4.47867E-10    1.12804E-17    1.12804E-17    1.12804E-17
 4.75185E-10    1.12070E-17    1.12070E-17    1.12070E-17
 5.04168E-10    1.11378E-17    1.11378E-17    1.11378E-17
 5.37187E-10    1.10680E-17    1.10680E-17    1.10680E-17
 5.72367E-10    1.10024E-17    1.10024E-17    1.10024E-17
 6.09852E-10    1.09409E-17    1.09409E-17    1.09409E-17
 6.52546E-10    1.08794E-17    1.08794E-17    1.08794E-17
 6.98228E-10    1.08219E-17    1.08219E-17    1.08219E-17
 7.50275E-10    1.07649E-17    1.07649E-17    1.07649E-17
 8.09618E-10    1.07088E-17    1.07088E-17    1.07088E-17
 8.73655E-10    1.06569E-17    1.06569E-17    1.06569E-17
 9.46752E-10    1.06061E-17    1.06061E-17    1.06061E-17
 1.03031E-09    1.05570E-17    1.05570E-17    1.05570E-17
 1.12600E-09    1.05096E-17    1.05096E-17    1.05096E-17
 1.23058E-09    1.04663E-17    1.04663E-17    1.04663E-17
 1.35056E-09    1.04249E-17    1.04249E-17    1.04249E-17
 1.49484E-09    1.03839E-17    1.03839E-17    1.03839E-17
 1.66154E-09    1.03454E-17    1.03454E-17    1.03454E-17
 1.85466E-09    1.03094E-17    1.03094E-17    1.03094E-17
 2.08781E-09    1.02749E-17    1.02749E-17    1.02749E-17
 2.36022E-09    1.02431E-17    1.02431E-17    1.02431E-17
 2.69085E-09    1.02133E-17    1.02133E-17    1.02133E-17
 3.09385E-09    1.01855E-17    1.01855E-17    1.01855E-17
 3.60262E-09    1.01593E-17    1.01593E-17    1.01593E-17
 4.24862E-09    1.01351E-17    1.01351E-17    1.01351E-17
 5.07442E-09    1.01131E-17    1.01131E-17    1.01131E-17
 6.16414E-09    1.00931E-17    1.00931E-17    1.00931E-17
 7.64789E-09    1.00750E-17    1.00750E-17    1.00750E-17
 9.77390E-09    1.00587E-17    1.00587E-17    1.00587E-17
 1.29207E-08    1.00444E-17    1.00444E-17    1.00444E-17
 1.78941E-08    1.00321E-17    1.00321E-17    1.00321E-17
 2.52045E-08    1.00228E-17    1.00228E-17    1.00228E-17
 2.53000E-08    1.00227E-17    1.00227E-17    1.00227E-17
 4.04565E-08    1.00142E-17    1.00142E-17    1.00142E-17
 7.50136E-08    1.00077E-17    1.00077E-17    1.00077E-17
 1.83870E-07    1.00031E-17    1.00031E-17    1.00031E-17
 9.73084E-07    1.00006E-17    1.00006E-17    1.00006E-17
 6.74812E+00    1.00000E-17    1.00000E-17    1.00000E-17
 6.80000E+00    1.00015E-17    1.00015E-17    1.00015E-17
 7.00000E+00    2.84430E-17    2.84430E-17    2.84430E-17
 7.20000E+00    5.08163E-17    5.08163E-17    5.08163E-17
 7.40000E+00    1.29085E-16    1.29085E-16    1.29085E-16
 7.60000E+00    4.24391E-16    4.24391E-16    4.24391E-16
 7.80000E+00    8.31314E-16    8.31314E-16    8.31314E-16
 8.00000E+00    2.97569E-15    2.97569E-15    2.97569E-15
 8.50000E+00    1.93430E-14    1.93430E-14    1.93430E-14
 9.00000E+00    1.04358E-13    1.04358E-13    1.04358E-13
 9.50000E+00    1.09593E-12    1.09593E-12    1.09593E-12
 1.00000E+01    4.34538E-12    4.34538E-12    4.34538E-12
 1.01411E+01    7.44271E-12    7.44271E-12    7.44271E-12
 1.02842E+01    1.05840E-11    1.05840E-11    1.05840E-11
 1.04292E+01    1.37697E-11    1.37697E-11    1.37697E-11
 1.05000E+01    1.53232E-11    1.53232E-11    1.53232E-11
 1.06481E+01    2.54399E-11    2.54399E-11    2.54399E-11
 1.07984E+01    3.56993E-11    3.56993E-11    3.56993E-11
 1.09507E+01    4.61035E-11    4.61035E-11    4.61035E-11
 1.10000E+01    4.94698E-11    4.94698E-11    4.94698E-11
 1.11552E+01    7.79876E-11    7.79876E-11    7.79876E-11
 1.13126E+01    1.06908E-10    1.06908E-10    1.06908E-10
 1.14722E+01    1.36236E-10    1.36236E-10    1.36236E-10
 1.15000E+01    1.41350E-10    1.41350E-10    1.41350E-10
 1.16622E+01    2.20266E-10    2.20266E-10    2.20266E-10
 1.18268E+01    3.00295E-10    3.00295E-10    3.00295E-10
 1.19936E+01    3.81453E-10    3.81453E-10    3.81453E-10
 1.20000E+01    3.84550E-10    3.84550E-10    3.84550E-10
 1.21693E+01    5.93772E-10    5.93772E-10    5.93772E-10
 1.23410E+01    8.05946E-10    8.05946E-10    8.05946E-10
 1.25000E+01    1.00246E-09    1.00246E-09    1.00246E-09
 1.26764E+01    1.48851E-09    1.48851E-09    1.48851E-09
 1.28552E+01    1.98141E-09    1.98141E-09    1.98141E-09
 1.30000E+01    2.38051E-09    0.00000E+00    1.85617E-08
 1.31834E+01    3.56176E-09    0.00000E+00    2.77723E-08
 1.33694E+01    4.75967E-09    0.00000E+00    3.71129E-08
 1.35000E+01    5.60081E-09    0.00000E+00    4.36716E-08
 1.36905E+01    8.22615E-09    0.00000E+00    6.41423E-08
 1.38836E+01    1.08885E-08    0.00000E+00    8.49016E-08
 1.40000E+01    1.24929E-08    0.00000E+00    9.74117E-08
 1.41975E+01    1.77534E-08    0.00000E+00    1.38430E-07
 1.43978E+01    2.30880E-08    0.00000E+00    1.80026E-07
 1.45000E+01    2.58095E-08    0.00000E+00    2.01246E-07
 1.47046E+01    3.66181E-08    0.00000E+00    2.85525E-07
 1.49120E+01    4.75793E-08    0.00000E+00    3.70993E-07
 1.50000E+01    5.22276E-08    0.00000E+00    4.07238E-07
 1.52116E+01    7.88137E-08    0.00000E+00    6.14539E-07
 1.54262E+01    1.05775E-07    0.00000E+00    8.24767E-07
 1.56439E+01    1.33116E-07    0.00000E+00    1.03795E-06
 1.58646E+01    1.60844E-07    0.00000E+00    1.25416E-06
 1.60000E+01    1.77857E-07    0.00000E+00    1.35644E-06
 1.62257E+01    2.49120E-07    0.00000E+00    1.89993E-06
 1.64546E+01    3.21388E-07    0.00000E+00    2.45109E-06
 1.66868E+01    3.94676E-07    0.00000E+00    3.01003E-06
 1.69222E+01    4.68998E-07    0.00000E+00    3.57685E-06
 1.70000E+01    4.93555E-07    0.00000E+00    3.76413E-06
 1.72398E+01    6.37990E-07    0.00000E+00    4.86568E-06
 1.74831E+01    7.84462E-07    0.00000E+00    5.98276E-06
 1.77297E+01    9.33002E-07    0.00000E+00    7.11561E-06
 1.79799E+01    1.08364E-06    0.00000E+00    8.26443E-06
 1.80000E+01    1.09577E-06    0.00000E+00    8.35697E-06
 1.82539E+01    1.35098E-06    0.00000E+00    1.03033E-05
 1.85115E+01    1.60978E-06    0.00000E+00    1.22771E-05
 1.87726E+01    1.87224E-06    0.00000E+00    1.42788E-05
 1.90000E+01    2.10073E-06    0.00000E+00    1.60214E-05
 1.92681E+01    2.50532E-06    0.00000E+00    1.91070E-05
 1.95399E+01    2.91562E-06    0.00000E+00    2.22362E-05
 1.98156E+01    3.33170E-06    0.00000E+00    2.54095E-05
 2.00000E+01    3.61008E-06    0.00000E+00    2.73867E-05
 2.02822E+01    4.18584E-06    0.00000E+00    3.17545E-05
 2.05683E+01    4.76972E-06    0.00000E+00    3.61840E-05
 2.08585E+01    5.36184E-06    0.00000E+00    4.06759E-05
 2.10000E+01    5.65059E-06    0.00000E+00    4.28664E-05
 2.12963E+01    6.43806E-06    0.00000E+00    4.88403E-05
 2.15967E+01    7.23664E-06    0.00000E+00    5.48985E-05
 2.19014E+01    8.04649E-06    0.00000E+00    6.10421E-05
 2.20000E+01    8.30852E-06    0.00000E+00    6.30299E-05
 2.23104E+01    9.29999E-06    0.00000E+00    7.05514E-05
 2.26251E+01    1.03054E-05    0.00000E+00    7.81790E-05
 2.29443E+01    1.13251E-05    0.00000E+00    8.59143E-05
 2.30000E+01    1.15029E-05    0.00000E+00    8.72631E-05
 2.33245E+01    1.27412E-05    0.00000E+00    9.66569E-05
 2.36536E+01    1.39969E-05    0.00000E+00    1.06183E-04
 2.39873E+01    1.52704E-05    0.00000E+00    1.15844E-04
 2.40000E+01    1.53190E-05    0.00000E+00    1.15502E-04
 2.43386E+01    1.68149E-05    0.00000E+00    1.26781E-04
 2.46820E+01    1.83320E-05    0.00000E+00    1.38220E-04
 2.50000E+01    1.97371E-05    0.00000E+00    1.48814E-04
 2.53527E+01    2.16283E-05    0.00000E+00    1.63073E-04
 2.57104E+01    2.35462E-05    0.00000E+00    1.77533E-04
 2.60000E+01    2.50991E-05    0.00000E+00    1.89242E-04
 2.63668E+01    2.74701E-05    0.00000E+00    2.07119E-04
 2.67388E+01    2.98746E-05    0.00000E+00    2.25249E-04
 2.70000E+01    3.15630E-05    0.00000E+00    2.37979E-04
 2.73809E+01    3.46109E-05    0.00000E+00    2.60959E-04
 2.77672E+01    3.77017E-05    0.00000E+00    2.84263E-04
 2.80000E+01    3.95643E-05    0.00000E+00    2.98307E-04
 2.83950E+01    4.36667E-05    0.00000E+00    3.29238E-04
 2.87956E+01    4.78270E-05    0.00000E+00    3.60606E-04
 2.90000E+01    4.99494E-05    0.00000E+00    3.76608E-04
 2.94091E+01    5.49627E-05    0.00000E+00    4.14407E-04
 2.98240E+01    6.00467E-05    0.00000E+00    4.52740E-04
 3.00000E+01    6.22027E-05    0.00000E+00    4.68996E-04
