# n + Ac222 : (n,3n)    
# tendl.2017 A.J. Koning and D. Rochman        EVAL-NOV17
# uncertainties: y
# # energies =    50
#   E(MeV)       xs(mb)       xslow(mb)      xsupp(mb)
 1.33251E+01    0.00000E+00    0.00000E+00    0.00000E+00
 1.35000E+01    3.44543E-01    1.49749E-01    5.39337E-01
 1.40000E+01    9.32049E+00    4.05098E+00    1.45900E+01
 1.45000E+01    3.86360E+01    1.67924E+01    6.04796E+01
 1.50000E+01    9.97872E+01    4.33707E+01    1.56204E+02
 1.60000E+01    3.19054E+02    2.51665E+02    3.86443E+02
 1.70000E+01    6.16037E+02    4.85921E+02    7.46153E+02
 1.80000E+01    9.09565E+02    7.17452E+02    1.10168E+03
 1.90000E+01    1.13753E+03    8.97267E+02    1.37779E+03
 2.00000E+01    1.29144E+03    1.20592E+03    1.37696E+03
 2.10000E+01    1.38101E+03    1.28956E+03    1.47246E+03
 2.20000E+01    1.40314E+03    1.31023E+03    1.49605E+03
 2.30000E+01    1.36160E+03    1.27144E+03    1.45176E+03
 2.40000E+01    1.25033E+03    9.13738E+02    1.58692E+03
 2.50000E+01    1.10584E+03    8.08145E+02    1.40354E+03
 2.60000E+01    9.54848E+02    6.97800E+02    1.21190E+03
 2.70000E+01    8.11153E+02    5.92789E+02    1.02952E+03
 2.80000E+01    6.87881E+02    5.02702E+02    8.73060E+02
 2.90000E+01    5.84289E+02    4.26997E+02    7.41581E+02
 3.00000E+01    4.98800E+02    3.64522E+02    6.33078E+02
 3.00000E+01    4.58962E+02    3.35408E+02    5.82515E+02
 3.20000E+01    3.55066E+02    2.59481E+02    4.50650E+02
 3.40000E+01    2.89824E+02    2.11802E+02    3.67845E+02
 3.60000E+01    2.49269E+02    1.82165E+02    3.16372E+02
 3.80000E+01    2.21882E+02    1.62151E+02    2.81614E+02
 4.00000E+01    2.02319E+02    1.47854E+02    2.56783E+02
 4.20000E+01    1.89639E+02    1.38587E+02    2.40690E+02
 4.40000E+01    1.75586E+02    1.28318E+02    2.22854E+02
 4.60000E+01    1.65628E+02    1.21041E+02    2.10216E+02
 4.80000E+01    1.57502E+02    1.15102E+02    1.99902E+02
 5.00000E+01    1.50266E+02    1.09814E+02    1.90718E+02
 5.20000E+01    1.43380E+02    1.04782E+02    1.81978E+02
 5.40000E+01    1.37807E+02    1.00709E+02    1.74905E+02
 5.60000E+01    1.33646E+02    9.76681E+01    1.69624E+02
 5.80000E+01    1.29703E+02    9.47862E+01    1.64619E+02
 6.00000E+01    1.27196E+02    9.29544E+01    1.61437E+02
 6.50000E+01    1.20257E+02    8.78837E+01    1.52631E+02
 7.00000E+01    1.14039E+02    8.33392E+01    1.44738E+02
 7.50000E+01    1.09244E+02    7.98352E+01    1.38653E+02
 8.00000E+01    1.03734E+02    7.58088E+01    1.31660E+02
 9.00000E+01    9.48574E+01    6.93215E+01    1.20393E+02
 1.00000E+02    8.77757E+01    6.41463E+01    1.11405E+02
 1.10000E+02    8.16511E+01    5.96704E+01    1.03632E+02
 1.20000E+02    7.57948E+01    5.53906E+01    9.61990E+01
 1.30000E+02    7.13095E+01    5.21128E+01    9.05062E+01
 1.40000E+02    6.76236E+01    4.94191E+01    8.58280E+01
 1.50000E+02    6.32645E+01    4.62335E+01    8.02954E+01
 1.60000E+02    5.71838E+01    4.17897E+01    7.25778E+01
 1.80000E+02    4.75466E+01    3.47469E+01    6.03462E+01
 2.00000E+02    4.06084E+01    2.96765E+01    5.15403E+01
