# n + Ac222 :  n        
# tendl.2017 A.J. Koning and D. Rochman        EVAL-NOV17
# uncertainties: n
# # energies =    57
#   E(MeV)       xs(mb) 
 9.00000E+00    0.00000E+00
 9.50000E+00    2.72087E-15
 1.00000E+01    5.14033E-13
 1.05000E+01    2.58013E-11
 1.10000E+01    1.20812E-09
 1.15000E+01    5.85254E-08
 1.20000E+01    2.98295E-06
 1.25000E+01    1.61013E-04
 1.30000E+01    9.22752E-03
 1.35000E+01    3.94525E-01
 1.40000E+01    3.18989E+00
 1.45000E+01    9.38356E+00
 1.50000E+01    1.91534E+01
 1.60000E+01    4.37259E+01
 1.70000E+01    6.31185E+01
 1.80000E+01    7.23663E+01
 1.90000E+01    7.46335E+01
 2.00000E+01    7.44749E+01
 2.10000E+01    7.39392E+01
 2.20000E+01    7.38549E+01
 2.30000E+01    7.39219E+01
 2.40000E+01    7.33068E+01
 2.50000E+01    7.27133E+01
 2.60000E+01    7.19511E+01
 2.70000E+01    7.09677E+01
 2.80000E+01    7.01356E+01
 2.90000E+01    6.90913E+01
 3.00000E+01    6.79986E+01
 3.20000E+01    6.52781E+01
 3.40000E+01    6.26673E+01
 3.60000E+01    6.02037E+01
 3.80000E+01    5.80570E+01
 4.00000E+01    5.60094E+01
 4.20000E+01    5.40368E+01
 4.40000E+01    5.21597E+01
 4.60000E+01    5.04147E+01
 4.80000E+01    4.87646E+01
 5.00000E+01    4.75711E+01
 5.20000E+01    4.65853E+01
 5.40000E+01    4.61318E+01
 5.60000E+01    4.62517E+01
 5.80000E+01    4.69566E+01
 6.00000E+01    4.82464E+01
 6.50000E+01    5.40577E+01
 7.00000E+01    6.24055E+01
 7.50000E+01    6.86923E+01
 8.00000E+01    6.76760E+01
 9.00000E+01    5.10782E+01
 1.00000E+02    3.87464E+01
 1.10000E+02    3.27505E+01
 1.20000E+02    2.94175E+01
 1.30000E+02    2.70903E+01
 1.40000E+02    2.52563E+01
 1.50000E+02    2.36526E+01
 1.60000E+02    2.17652E+01
 1.80000E+02    1.85106E+01
 2.00000E+02    1.59177E+01
