# n + Ac222 : (n,2na)   
# tendl.2017 A.J. Koning and D. Rochman        EVAL-NOV17
# uncertainties: y
# # energies =   261
#   E(MeV)       xs(mb)       xslow(mb)      xsupp(mb)
 1.00000E-11    3.93710E-17    3.93710E-17    3.93710E-17
 1.03005E-11    3.88247E-17    3.88247E-17    3.88247E-17
 1.06099E-11    3.82869E-17    3.82869E-17    3.82869E-17
 1.09287E-11    3.77575E-17    3.77575E-17    3.77575E-17
 1.12571E-11    3.72363E-17    3.72363E-17    3.72363E-17
 1.15953E-11    3.67233E-17    3.67233E-17    3.67233E-17
 1.19437E-11    3.62183E-17    3.62183E-17    3.62183E-17
 1.23026E-11    3.57212E-17    3.57212E-17    3.57212E-17
 1.26722E-11    3.52320E-17    3.52320E-17    3.52320E-17
 1.30530E-11    3.47504E-17    3.47504E-17    3.47504E-17
 1.34452E-11    3.42764E-17    3.42764E-17    3.42764E-17
 1.38491E-11    3.38099E-17    3.38099E-17    3.38099E-17
 1.42652E-11    3.33508E-17    3.33508E-17    3.33508E-17
 1.46938E-11    3.28989E-17    3.28989E-17    3.28989E-17
 1.51353E-11    3.24543E-17    3.24543E-17    3.24543E-17
 1.55901E-11    3.20167E-17    3.20167E-17    3.20167E-17
 1.60585E-11    3.15861E-17    3.15861E-17    3.15861E-17
 1.65410E-11    3.11624E-17    3.11624E-17    3.11624E-17
 1.70380E-11    3.07455E-17    3.07455E-17    3.07455E-17
 1.75499E-11    3.03352E-17    3.03352E-17    3.03352E-17
 1.80772E-11    2.99316E-17    2.99316E-17    2.99316E-17
 1.86203E-11    2.95346E-17    2.95346E-17    2.95346E-17
 1.92611E-11    2.90886E-17    2.90886E-17    2.90886E-17
 1.99239E-11    2.86509E-17    2.86509E-17    2.86509E-17
 2.06095E-11    2.82214E-17    2.82214E-17    2.82214E-17
 2.13187E-11    2.77999E-17    2.77999E-17    2.77999E-17
 2.20523E-11    2.73863E-17    2.73863E-17    2.73863E-17
 2.28111E-11    2.69804E-17    2.69804E-17    2.69804E-17
 2.35961E-11    2.65822E-17    2.65822E-17    2.65822E-17
 2.44081E-11    2.61916E-17    2.61916E-17    2.61916E-17
 2.52480E-11    2.58083E-17    2.58083E-17    2.58083E-17
 2.61168E-11    2.54324E-17    2.54324E-17    2.54324E-17
 2.70155E-11    2.50636E-17    2.50636E-17    2.50636E-17
 2.79451E-11    2.47020E-17    2.47020E-17    2.47020E-17
 2.89068E-11    2.43473E-17    2.43473E-17    2.43473E-17
 2.99015E-11    2.39995E-17    2.39995E-17    2.39995E-17
 3.09304E-11    2.36584E-17    2.36584E-17    2.36584E-17
 3.19948E-11    2.33240E-17    2.33240E-17    2.33240E-17
 3.30957E-11    2.29962E-17    2.29962E-17    2.29962E-17
 3.42346E-11    2.26749E-17    2.26749E-17    2.26749E-17
 3.54127E-11    2.23599E-17    2.23599E-17    2.23599E-17
 3.66313E-11    2.20512E-17    2.20512E-17    2.20512E-17
 3.78918E-11    2.17486E-17    2.17486E-17    2.17486E-17
 3.91957E-11    2.14522E-17    2.14522E-17    2.14522E-17
 4.05445E-11    2.11617E-17    2.11617E-17    2.11617E-17
 4.19396E-11    2.08771E-17    2.08771E-17    2.08771E-17
 4.33828E-11    2.05984E-17    2.05984E-17    2.05984E-17
 4.48757E-11    2.03254E-17    2.03254E-17    2.03254E-17
 4.64199E-11    2.00580E-17    2.00580E-17    2.00580E-17
 4.80173E-11    1.97962E-17    1.97962E-17    1.97962E-17
 4.96696E-11    1.95398E-17    1.95398E-17    1.95398E-17
 5.13788E-11    1.92888E-17    1.92888E-17    1.92888E-17
 5.31468E-11    1.90432E-17    1.90432E-17    1.90432E-17
 5.49756E-11    1.88028E-17    1.88028E-17    1.88028E-17
 5.68674E-11    1.85675E-17    1.85675E-17    1.85675E-17
 5.88243E-11    1.83373E-17    1.83373E-17    1.83373E-17
 6.08485E-11    1.81121E-17    1.81121E-17    1.81121E-17
 6.29424E-11    1.78918E-17    1.78918E-17    1.78918E-17
 6.51083E-11    1.76763E-17    1.76763E-17    1.76763E-17
 6.73488E-11    1.74657E-17    1.74657E-17    1.74657E-17
 6.96663E-11    1.72597E-17    1.72597E-17    1.72597E-17
 7.20636E-11    1.70583E-17    1.70583E-17    1.70583E-17
 7.45434E-11    1.68615E-17    1.68615E-17    1.68615E-17
 7.71085E-11    1.66692E-17    1.66692E-17    1.66692E-17
 7.97619E-11    1.64813E-17    1.64813E-17    1.64813E-17
 8.25066E-11    1.62978E-17    1.62978E-17    1.62978E-17
 8.57075E-11    1.60964E-17    1.60964E-17    1.60964E-17
 8.90325E-11    1.59003E-17    1.59003E-17    1.59003E-17
 9.24865E-11    1.57095E-17    1.57095E-17    1.57095E-17
 9.60745E-11    1.55237E-17    1.55237E-17    1.55237E-17
 9.98017E-11    1.53431E-17    1.53431E-17    1.53431E-17
 1.03674E-10    1.51673E-17    1.51673E-17    1.51673E-17
 1.07696E-10    1.49964E-17    1.49964E-17    1.49964E-17
 1.11874E-10    1.48303E-17    1.48303E-17    1.48303E-17
 1.16214E-10    1.46688E-17    1.46688E-17    1.46688E-17
 1.20722E-10    1.45119E-17    1.45119E-17    1.45119E-17
 1.25406E-10    1.43596E-17    1.43596E-17    1.43596E-17
 1.30271E-10    1.42116E-17    1.42116E-17    1.42116E-17
 1.35325E-10    1.40679E-17    1.40679E-17    1.40679E-17
 1.40575E-10    1.39285E-17    1.39285E-17    1.39285E-17
 1.46028E-10    1.37932E-17    1.37932E-17    1.37932E-17
 1.51693E-10    1.36619E-17    1.36619E-17    1.36619E-17
 1.58246E-10    1.35207E-17    1.35207E-17    1.35207E-17
 1.65082E-10    1.33844E-17    1.33844E-17    1.33844E-17
 1.72213E-10    1.32527E-17    1.32527E-17    1.32527E-17
 1.79652E-10    1.31255E-17    1.31255E-17    1.31255E-17
 1.87413E-10    1.30028E-17    1.30028E-17    1.30028E-17
 1.95508E-10    1.28844E-17    1.28844E-17    1.28844E-17
 2.03954E-10    1.27702E-17    1.27702E-17    1.27702E-17
 2.12764E-10    1.26602E-17    1.26602E-17    1.26602E-17
 2.21955E-10    1.25541E-17    1.25541E-17    1.25541E-17
 2.32524E-10    1.24419E-17    1.24419E-17    1.24419E-17
 2.43597E-10    1.23343E-17    1.23343E-17    1.23343E-17
 2.55196E-10    1.22310E-17    1.22310E-17    1.22310E-17
 2.67349E-10    1.21320E-17    1.21320E-17    1.21320E-17
 2.80079E-10    1.20372E-17    1.20372E-17    1.20372E-17
 2.93416E-10    1.19463E-17    1.19463E-17    1.19463E-17
 3.08691E-10    1.18516E-17    1.18516E-17    1.18516E-17
 3.24761E-10    1.17612E-17    1.17612E-17    1.17612E-17
 3.41667E-10    1.16751E-17    1.16751E-17    1.16751E-17
 3.59454E-10    1.15931E-17    1.15931E-17    1.15931E-17
 3.79769E-10    1.15085E-17    1.15085E-17    1.15085E-17
 4.01233E-10    1.14284E-17    1.14284E-17    1.14284E-17
 4.23909E-10    1.13524E-17    1.13524E-17    1.13524E-17
 4.47867E-10    1.12804E-17    1.12804E-17    1.12804E-17
 4.75185E-10    1.12070E-17    1.12070E-17    1.12070E-17
 5.04168E-10    1.11378E-17    1.11378E-17    1.11378E-17
 5.37187E-10    1.10680E-17    1.10680E-17    1.10680E-17
 5.72367E-10    1.10024E-17    1.10024E-17    1.10024E-17
 6.09852E-10    1.09409E-17    1.09409E-17    1.09409E-17
 6.52546E-10    1.08794E-17    1.08794E-17    1.08794E-17
 6.98228E-10    1.08219E-17    1.08219E-17    1.08219E-17
 7.50275E-10    1.07649E-17    1.07649E-17    1.07649E-17
 8.09618E-10    1.07088E-17    1.07088E-17    1.07088E-17
 8.73655E-10    1.06569E-17    1.06569E-17    1.06569E-17
 9.46752E-10    1.06061E-17    1.06061E-17    1.06061E-17
 1.03031E-09    1.05570E-17    1.05570E-17    1.05570E-17
 1.12600E-09    1.05096E-17    1.05096E-17    1.05096E-17
 1.23058E-09    1.04663E-17    1.04663E-17    1.04663E-17
 1.35056E-09    1.04249E-17    1.04249E-17    1.04249E-17
 1.49484E-09    1.03839E-17    1.03839E-17    1.03839E-17
 1.66154E-09    1.03454E-17    1.03454E-17    1.03454E-17
 1.85466E-09    1.03094E-17    1.03094E-17    1.03094E-17
 2.08781E-09    1.02749E-17    1.02749E-17    1.02749E-17
 2.36022E-09    1.02431E-17    1.02431E-17    1.02431E-17
 2.69085E-09    1.02133E-17    1.02133E-17    1.02133E-17
 3.09385E-09    1.01855E-17    1.01855E-17    1.01855E-17
 3.60262E-09    1.01593E-17    1.01593E-17    1.01593E-17
 4.24862E-09    1.01351E-17    1.01351E-17    1.01351E-17
 5.07442E-09    1.01131E-17    1.01131E-17    1.01131E-17
 6.16414E-09    1.00931E-17    1.00931E-17    1.00931E-17
 7.64789E-09    1.00750E-17    1.00750E-17    1.00750E-17
 9.77390E-09    1.00587E-17    1.00587E-17    1.00587E-17
 1.29207E-08    1.00444E-17    1.00444E-17    1.00444E-17
 1.78941E-08    1.00321E-17    1.00321E-17    1.00321E-17
 2.52045E-08    1.00228E-17    1.00228E-17    1.00228E-17
 2.53000E-08    1.00227E-17    1.00227E-17    1.00227E-17
 4.04565E-08    1.00142E-17    1.00142E-17    1.00142E-17
 7.50136E-08    1.00077E-17    1.00077E-17    1.00077E-17
 1.83870E-07    1.00031E-17    1.00031E-17    1.00031E-17
 9.73084E-07    1.00006E-17    1.00006E-17    1.00006E-17
 5.78436E+00    1.00000E-17    1.00000E-17    1.00000E-17
 5.80000E+00    2.86398E-15    2.86398E-15    2.86398E-15
 6.00000E+00    3.92241E-11    3.92241E-11    3.92241E-11
 6.20000E+00    2.43308E-10    2.43308E-10    2.43308E-10
 6.40000E+00    8.69754E-10    8.69754E-10    8.69754E-10
 6.58186E+00    1.57738E-09    1.57738E-09    1.57738E-09
 6.60000E+00    6.55391E-08    5.48325E-09    1.25595E-07
 6.60001E+00    9.16535E-08    7.66808E-09    1.75639E-07
 6.60002E+00    1.02832E-07    8.60332E-09    1.97061E-07
 6.60002E+00    1.14677E-07    9.59432E-09    2.19760E-07
 6.60002E+00    1.27210E-07    1.06429E-08    2.43777E-07
 6.60003E+00    1.44904E-07    1.21232E-08    2.77685E-07
 6.60004E+00    1.63593E-07    1.36868E-08    3.13499E-07
 6.60004E+00    1.88191E-07    1.57448E-08    3.60637E-07
 6.60005E+00    2.19249E-07    1.83432E-08    4.20155E-07
 6.60006E+00    2.62623E-07    2.19720E-08    5.03274E-07
 6.60008E+00    3.30301E-07    2.76342E-08    6.32968E-07
 6.60012E+00    4.92859E-07    4.12345E-08    9.44484E-07
 6.80000E+00    8.23249E-04    6.88762E-05    1.57762E-03
 7.00000E+00    5.97612E-03    4.99985E-04    1.14523E-02
 7.20000E+00    2.25462E-02    1.88630E-03    4.32061E-02
 7.40000E+00    5.14059E-02    4.30081E-03    9.85109E-02
 7.60000E+00    1.01826E-01    8.51916E-03    1.95133E-01
 7.80000E+00    1.77679E-01    1.48653E-02    3.40493E-01
 8.00000E+00    2.92950E-01    2.45093E-02    5.61391E-01
 8.50000E+00    8.45899E-01    7.07711E-02    1.62103E+00
 9.00000E+00    1.93240E+00    1.32995E+00    2.53486E+00
 9.50000E+00    3.72108E+00    2.56098E+00    4.88119E+00
 1.00000E+01    6.15910E+00    4.23890E+00    8.07930E+00
 1.01411E+01    6.99234E+00    4.81237E+00    9.17231E+00
 1.02842E+01    7.83735E+00    5.39393E+00    1.02808E+01
 1.04292E+01    8.69429E+00    5.98371E+00    1.14049E+01
 1.05000E+01    9.11218E+00    6.27131E+00    1.19530E+01
 1.06481E+01    1.01091E+01    6.95746E+00    1.32608E+01
 1.07984E+01    1.11202E+01    7.65328E+00    1.45871E+01
 1.09507E+01    1.21455E+01    8.35892E+00    1.59320E+01
 1.10000E+01    1.24772E+01    8.58723E+00    1.63672E+01
 1.11552E+01    1.35685E+01    9.33828E+00    1.77987E+01
 1.13126E+01    1.46751E+01    1.00999E+01    1.92503E+01
 1.14722E+01    1.57974E+01    1.08723E+01    2.07225E+01
 1.15000E+01    1.59931E+01    1.10070E+01    2.09792E+01
 1.16622E+01    1.71927E+01    1.18326E+01    2.25528E+01
 1.18268E+01    1.84093E+01    1.26699E+01    2.41487E+01
 1.19936E+01    1.96430E+01    1.35190E+01    2.57670E+01
 1.20000E+01    1.96901E+01    1.35514E+01    2.58288E+01
 1.21693E+01    2.08455E+01    1.43466E+01    2.73444E+01
 1.23410E+01    2.20172E+01    1.51530E+01    2.88814E+01
 1.25000E+01    2.31024E+01    1.58999E+01    3.03049E+01
 1.26764E+01    2.43320E+01    1.67461E+01    3.19178E+01
 1.28552E+01    2.55789E+01    1.76043E+01    3.35535E+01
 1.30000E+01    2.65885E+01    2.13772E+01    3.17998E+01
 1.31834E+01    2.79617E+01    2.24813E+01    3.34422E+01
 1.33694E+01    2.93544E+01    2.36010E+01    3.51077E+01
 1.35000E+01    3.03322E+01    2.43872E+01    3.62772E+01
 1.36905E+01    3.13586E+01    2.52124E+01    3.75048E+01
 1.38836E+01    3.23995E+01    2.60493E+01    3.87498E+01
 1.40000E+01    3.30268E+01    2.65536E+01    3.95000E+01
 1.41975E+01    3.45071E+01    2.77438E+01    4.12703E+01
 1.43978E+01    3.60082E+01    2.89507E+01    4.30657E+01
 1.45000E+01    3.67740E+01    2.95664E+01    4.39816E+01
 1.47046E+01    3.74618E+01    3.01194E+01    4.48042E+01
 1.49120E+01    3.81593E+01    3.06802E+01    4.56384E+01
 1.50000E+01    3.84551E+01    3.09180E+01    4.59922E+01
 1.52116E+01    3.90715E+01    3.14136E+01    4.67294E+01
 1.54262E+01    3.96965E+01    3.19161E+01    4.74770E+01
 1.56439E+01    4.03304E+01    3.24258E+01    4.82351E+01
 1.58646E+01    4.09733E+01    3.29426E+01    4.90039E+01
 1.60000E+01    4.13677E+01    3.27521E+01    4.99833E+01
 1.62257E+01    4.06944E+01    3.22190E+01    4.91698E+01
 1.64546E+01    4.00116E+01    3.16785E+01    4.83448E+01
 1.66868E+01    3.93192E+01    3.11302E+01    4.75082E+01
 1.69222E+01    3.86170E+01    3.05743E+01    4.66597E+01
 1.70000E+01    3.83850E+01    3.03906E+01    4.63794E+01
 1.72398E+01    3.75405E+01    2.97220E+01    4.53590E+01
 1.74831E+01    3.66841E+01    2.90440E+01    4.43243E+01
 1.77297E+01    3.58157E+01    2.83564E+01    4.32749E+01
 1.79799E+01    3.49349E+01    2.76591E+01    4.22108E+01
 1.80000E+01    3.48640E+01    2.76029E+01    4.21251E+01
 1.82539E+01    3.34574E+01    2.64893E+01    4.04256E+01
 1.85115E+01    3.20310E+01    2.53600E+01    3.87021E+01
 1.87726E+01    3.05845E+01    2.42147E+01    3.69543E+01
 1.90000E+01    2.93252E+01    2.32177E+01    3.54327E+01
 1.92681E+01    2.85507E+01    2.26045E+01    3.44969E+01
 1.95399E+01    2.77653E+01    2.19826E+01    3.35479E+01
 1.98156E+01    2.69688E+01    2.13520E+01    3.25855E+01
 2.00000E+01    2.64359E+01    8.40078E+00    4.44710E+01
 2.02822E+01    2.58379E+01    8.21076E+00    4.34651E+01
 2.05683E+01    2.52315E+01    8.01806E+00    4.24450E+01
 2.08585E+01    2.46166E+01    7.82264E+00    4.14105E+01
 2.10000E+01    2.43167E+01    7.72735E+00    4.09061E+01
 2.12963E+01    2.41630E+01    7.67850E+00    4.06475E+01
 2.15967E+01    2.40071E+01    7.62897E+00    4.03853E+01
 2.19014E+01    2.38490E+01    7.57873E+00    4.01194E+01
 2.20000E+01    2.37979E+01    7.56248E+00    4.00333E+01
 2.23104E+01    2.41821E+01    7.68459E+00    4.06797E+01
 2.26251E+01    2.45718E+01    7.80842E+00    4.13352E+01
 2.29443E+01    2.49670E+01    7.93400E+00    4.20000E+01
 2.30000E+01    2.50359E+01    7.95589E+00    4.21159E+01
 2.33245E+01    2.55174E+01    8.10890E+00    4.29259E+01
 2.36536E+01    2.60056E+01    8.26406E+00    4.37472E+01
 2.39873E+01    2.65008E+01    8.42141E+00    4.45802E+01
 2.40000E+01    2.65197E+01    0.00000E+00    5.59017E+01
 2.43386E+01    2.71896E+01    0.00000E+00    5.73138E+01
 2.46820E+01    2.78690E+01    0.00000E+00    5.87459E+01
 2.50000E+01    2.84982E+01    0.00000E+00    6.00722E+01
 2.53527E+01    2.92397E+01    0.00000E+00    6.16352E+01
 2.57104E+01    2.99916E+01    0.00000E+00    6.32202E+01
 2.60000E+01    3.06004E+01    0.00000E+00    6.45035E+01
 2.63668E+01    3.16810E+01    0.00000E+00    6.67813E+01
 2.67388E+01    3.27768E+01    0.00000E+00    6.90911E+01
 2.70000E+01    3.35462E+01    0.00000E+00    7.07131E+01
 2.73809E+01    3.42982E+01    0.00000E+00    7.22982E+01
 2.77672E+01    3.50608E+01    0.00000E+00    7.39057E+01
 2.80000E+01    3.55203E+01    0.00000E+00    7.48743E+01
 2.83950E+01    3.61167E+01    0.00000E+00    7.61315E+01
 2.87956E+01    3.67215E+01    0.00000E+00    7.74065E+01
 2.90000E+01    3.70301E+01    0.00000E+00    7.80569E+01
 2.94091E+01    3.73275E+01    0.00000E+00    7.86839E+01
 2.98240E+01    3.76292E+01    0.00000E+00    7.93197E+01
 3.00000E+01    3.77571E+01    0.00000E+00    7.95893E+01
