# n + Ac222 : (n,3na)   
# tendl.2017 A.J. Koning and D. Rochman        EVAL-NOV17
# uncertainties: y
# # energies =    22
#   E(MeV)       xs(mb)       xslow(mb)      xsupp(mb)
 4.93937E+00    0.00000E+00    0.00000E+00    0.00000E+00
 1.25000E+01    2.35857E-16    2.35857E-16    2.35857E-16
 1.30000E+01    2.07294E-11    0.00000E+00    5.06719E-11
 1.35000E+01    2.09850E-07    0.00000E+00    5.12967E-07
 1.40000E+01    6.53941E-03    0.00000E+00    1.59852E-02
 1.45000E+01    1.11916E-01    0.00000E+00    2.73572E-01
 1.50000E+01    5.81654E-01    0.00000E+00    1.42182E+00
 1.60000E+01    4.23327E+00    1.09599E+00    7.37055E+00
 1.70000E+01    1.38130E+01    3.57618E+00    2.40498E+01
 1.80000E+01    2.73400E+01    7.07831E+00    4.76017E+01
 1.90000E+01    4.38199E+01    1.13450E+01    7.62949E+01
 2.00000E+01    6.03915E+01    2.93941E+01    9.13889E+01
 2.10000E+01    7.21183E+01    3.51019E+01    1.09135E+02
 2.20000E+01    8.28906E+01    4.03450E+01    1.25436E+02
 2.30000E+01    8.77014E+01    4.26866E+01    1.32716E+02
 2.40000E+01    9.25629E+01    5.98193E+01    1.25306E+02
 2.50000E+01    9.20538E+01    5.94903E+01    1.24617E+02
 2.60000E+01    8.49031E+01    5.48691E+01    1.14937E+02
 2.70000E+01    7.74111E+01    5.00274E+01    1.04795E+02
 2.80000E+01    6.90998E+01    4.46562E+01    9.35435E+01
 2.90000E+01    6.35360E+01    4.10605E+01    8.60115E+01
 3.00000E+01    6.30897E+01    4.07721E+01    8.54073E+01
