# n + Ac222 : (n,nt2a)g 
# tendl.2017 A.J. Koning and D. Rochman        EVAL-NOV17
# uncertainties: n
# # energies =   231
#   E(MeV)       xs(mb) 
 1.00000E-11    3.93710E-17
 1.03005E-11    3.88247E-17
 1.06099E-11    3.82869E-17
 1.09287E-11    3.77575E-17
 1.12571E-11    3.72363E-17
 1.15953E-11    3.67233E-17
 1.19437E-11    3.62183E-17
 1.23026E-11    3.57212E-17
 1.26722E-11    3.52320E-17
 1.30530E-11    3.47504E-17
 1.34452E-11    3.42764E-17
 1.38491E-11    3.38099E-17
 1.42652E-11    3.33508E-17
 1.46938E-11    3.28989E-17
 1.51353E-11    3.24543E-17
 1.55901E-11    3.20167E-17
 1.60585E-11    3.15861E-17
 1.65410E-11    3.11624E-17
 1.70380E-11    3.07455E-17
 1.75499E-11    3.03352E-17
 1.80772E-11    2.99316E-17
 1.86203E-11    2.95346E-17
 1.92611E-11    2.90886E-17
 1.99239E-11    2.86509E-17
 2.06095E-11    2.82214E-17
 2.13187E-11    2.77999E-17
 2.20523E-11    2.73863E-17
 2.28111E-11    2.69804E-17
 2.35961E-11    2.65822E-17
 2.44081E-11    2.61916E-17
 2.52480E-11    2.58083E-17
 2.61168E-11    2.54324E-17
 2.70155E-11    2.50636E-17
 2.79451E-11    2.47020E-17
 2.89068E-11    2.43473E-17
 2.99015E-11    2.39995E-17
 3.09304E-11    2.36584E-17
 3.19948E-11    2.33240E-17
 3.30957E-11    2.29962E-17
 3.42346E-11    2.26749E-17
 3.54127E-11    2.23599E-17
 3.66313E-11    2.20512E-17
 3.78918E-11    2.17486E-17
 3.91957E-11    2.14522E-17
 4.05445E-11    2.11617E-17
 4.19396E-11    2.08771E-17
 4.33828E-11    2.05984E-17
 4.48757E-11    2.03254E-17
 4.64199E-11    2.00580E-17
 4.80173E-11    1.97962E-17
 4.96696E-11    1.95398E-17
 5.13788E-11    1.92888E-17
 5.31468E-11    1.90432E-17
 5.49756E-11    1.88028E-17
 5.68674E-11    1.85675E-17
 5.88243E-11    1.83373E-17
 6.08485E-11    1.81121E-17
 6.29424E-11    1.78918E-17
 6.51083E-11    1.76763E-17
 6.73488E-11    1.74657E-17
 6.96663E-11    1.72597E-17
 7.20636E-11    1.70583E-17
 7.45434E-11    1.68615E-17
 7.71085E-11    1.66692E-17
 7.97619E-11    1.64813E-17
 8.25066E-11    1.62978E-17
 8.57075E-11    1.60964E-17
 8.90325E-11    1.59003E-17
 9.24865E-11    1.57095E-17
 9.60745E-11    1.55237E-17
 9.98017E-11    1.53431E-17
 1.03674E-10    1.51673E-17
 1.07696E-10    1.49964E-17
 1.11874E-10    1.48303E-17
 1.16214E-10    1.46688E-17
 1.20722E-10    1.45119E-17
 1.25406E-10    1.43596E-17
 1.30271E-10    1.42116E-17
 1.35325E-10    1.40679E-17
 1.40575E-10    1.39285E-17
 1.46028E-10    1.37932E-17
 1.51693E-10    1.36619E-17
 1.58246E-10    1.35207E-17
 1.65082E-10    1.33844E-17
 1.72213E-10    1.32527E-17
 1.79652E-10    1.31255E-17
 1.87413E-10    1.30028E-17
 1.95508E-10    1.28844E-17
 2.03954E-10    1.27702E-17
 2.12764E-10    1.26602E-17
 2.21955E-10    1.25541E-17
 2.32524E-10    1.24419E-17
 2.43597E-10    1.23343E-17
 2.55196E-10    1.22310E-17
 2.67349E-10    1.21320E-17
 2.80079E-10    1.20372E-17
 2.93416E-10    1.19463E-17
 3.08691E-10    1.18516E-17
 3.24761E-10    1.17612E-17
 3.41667E-10    1.16751E-17
 3.59454E-10    1.15931E-17
 3.79769E-10    1.15085E-17
 4.01233E-10    1.14284E-17
 4.23909E-10    1.13524E-17
 4.47867E-10    1.12804E-17
 4.75185E-10    1.12070E-17
 5.04168E-10    1.11378E-17
 5.37187E-10    1.10680E-17
 5.72367E-10    1.10024E-17
 6.09852E-10    1.09409E-17
 6.52546E-10    1.08794E-17
 6.98228E-10    1.08219E-17
 7.50275E-10    1.07649E-17
 8.09618E-10    1.07088E-17
 8.73655E-10    1.06569E-17
 9.46752E-10    1.06061E-17
 1.03031E-09    1.05570E-17
 1.12600E-09    1.05096E-17
 1.23058E-09    1.04663E-17
 1.35056E-09    1.04249E-17
 1.49484E-09    1.03839E-17
 1.66154E-09    1.03454E-17
 1.85466E-09    1.03094E-17
 2.08781E-09    1.02749E-17
 2.36022E-09    1.02431E-17
 2.69085E-09    1.02133E-17
 3.09385E-09    1.01855E-17
 3.60262E-09    1.01593E-17
 4.24862E-09    1.01351E-17
 5.07442E-09    1.01131E-17
 6.16414E-09    1.00931E-17
 7.64789E-09    1.00750E-17
 9.77390E-09    1.00587E-17
 1.29207E-08    1.00444E-17
 1.78941E-08    1.00321E-17
 2.52045E-08    1.00228E-17
 2.53000E-08    1.00227E-17
 4.04565E-08    1.00142E-17
 7.50136E-08    1.00077E-17
 1.83870E-07    1.00031E-17
 9.73084E-07    1.00006E-17
 9.98948E+00    1.00000E-17
 1.01304E+01    1.00000E-17
 1.02733E+01    1.00000E-17
 1.04183E+01    1.00000E-17
 1.05653E+01    1.00000E-17
 1.07143E+01    1.00000E-17
 1.08655E+01    1.00000E-17
 1.10188E+01    1.00000E-17
 1.11742E+01    1.00000E-17
 1.13319E+01    1.00000E-17
 1.14917E+01    1.00000E-17
 1.16539E+01    1.00000E-17
 1.18183E+01    1.00000E-17
 1.19850E+01    1.00000E-17
 1.21541E+01    1.00000E-17
 1.23256E+01    1.00000E-17
 1.24995E+01    1.00000E-17
 1.25000E+01    1.00000E-17
 1.26764E+01    1.40174E-13
 1.28552E+01    2.81702E-13
 1.30000E+01    3.95842E-13
 1.31834E+01    2.82212E-12
 1.33694E+01    5.27587E-12
 1.35000E+01    6.99474E-12
 1.36905E+01    3.25903E-11
 1.38836E+01    5.85462E-11
 1.40000E+01    7.41871E-11
 1.41975E+01    2.59996E-10
 1.43978E+01    4.48420E-10
 1.45000E+01    5.44544E-10
 1.47046E+01    1.80603E-09
 1.49120E+01    3.08519E-09
 1.50000E+01    3.62762E-09
 1.52116E+01    2.00587E-08
 1.54262E+01    3.67210E-08
 1.56439E+01    5.36178E-08
 1.58646E+01    7.07523E-08
 1.60000E+01    8.12657E-08
 1.62257E+01    2.94483E-07
 1.64546E+01    5.10700E-07
 1.66868E+01    7.29957E-07
 1.69222E+01    9.52298E-07
 1.70000E+01    1.02576E-06
 1.72398E+01    2.75222E-06
 1.74831E+01    4.50294E-06
 1.77297E+01    6.27826E-06
 1.79799E+01    8.07852E-06
 1.80000E+01    8.22353E-06
 1.82539E+01    1.70435E-05
 1.85115E+01    2.59873E-05
 1.87726E+01    3.50566E-05
 1.90000E+01    4.29514E-05
 1.92681E+01    7.41258E-05
 1.95399E+01    1.05737E-04
 1.98156E+01    1.37791E-04
 2.00000E+01    1.59235E-04
 2.02822E+01    2.34432E-04
 2.05683E+01    3.10683E-04
 2.08585E+01    3.88002E-04
 2.10000E+01    4.25704E-04
 2.12963E+01    5.63238E-04
 2.15967E+01    7.02697E-04
 2.19014E+01    8.44107E-04
 2.20000E+01    8.89857E-04
 2.23104E+01    1.10583E-03
 2.26251E+01    1.32483E-03
 2.29443E+01    1.54687E-03
 2.30000E+01    1.58559E-03
 2.33245E+01    1.87163E-03
 2.36536E+01    2.16167E-03
 2.39873E+01    2.45578E-03
 2.40000E+01    2.46700E-03
 2.43386E+01    2.81634E-03
 2.46820E+01    3.17057E-03
 2.50000E+01    3.49863E-03
 2.53527E+01    3.88674E-03
 2.57104E+01    4.28029E-03
 2.60000E+01    4.59892E-03
 2.63668E+01    4.97349E-03
 2.67388E+01    5.35332E-03
 2.70000E+01    5.62000E-03
 2.73809E+01    5.93677E-03
 2.77672E+01    6.25799E-03
 2.80000E+01    6.45155E-03
 2.83950E+01    6.65812E-03
 2.87956E+01    6.86759E-03
 2.90000E+01    6.97445E-03
 2.94091E+01    7.10359E-03
 2.98240E+01    7.23454E-03
 3.00000E+01    7.29007E-03
