# n + Ac222 : (n,4n)    
# tendl.2017 A.J. Koning and D. Rochman        EVAL-NOV17
# uncertainties: n
# # energies =    42
#   E(MeV)       xs(mb) 
 1.92490E+01    0.00000E+00
 2.00000E+01    9.74788E-01
 2.10000E+01    1.18018E+01
 2.20000E+01    5.20989E+01
 2.30000E+01    1.36471E+02
 2.40000E+01    2.66278E+02
 2.50000E+01    4.22677E+02
 2.60000E+01    5.85179E+02
 2.70000E+01    7.37901E+02
 2.80000E+01    8.68478E+02
 2.90000E+01    9.71644E+02
 3.00000E+01    1.04058E+03
 3.00000E+01    9.55066E+02
 3.20000E+01    9.76474E+02
 3.40000E+01    8.84820E+02
 3.60000E+01    7.42505E+02
 3.80000E+01    6.05172E+02
 4.00000E+01    4.88738E+02
 4.20000E+01    3.98458E+02
 4.40000E+01    3.32026E+02
 4.60000E+01    2.83736E+02
 4.80000E+01    2.47892E+02
 5.00000E+01    2.22889E+02
 5.20000E+01    2.02629E+02
 5.40000E+01    1.87715E+02
 5.60000E+01    1.76313E+02
 5.80000E+01    1.67396E+02
 6.00000E+01    1.59622E+02
 6.50000E+01    1.46471E+02
 7.00000E+01    1.35973E+02
 7.50000E+01    1.27902E+02
 8.00000E+01    1.21707E+02
 9.00000E+01    1.11263E+02
 1.00000E+02    1.03526E+02
 1.10000E+02    9.65423E+01
 1.20000E+02    9.03701E+01
 1.30000E+02    8.56456E+01
 1.40000E+02    8.07241E+01
 1.50000E+02    7.61246E+01
 1.60000E+02    6.88618E+01
 1.80000E+02    5.80016E+01
 2.00000E+02    4.95261E+01
