# n + Ac222 : (n,n')    
# tendl.2017 A.J. Koning and D. Rochman        EVAL-NOV17
# uncertainties: y
# # energies =   135
#   E(MeV)       xs(mb)       xslow(mb)      xsupp(mb)
 4.11863E-02    0.00000E+00   -0.00000E+00    0.00000E+00
 6.00000E-02    1.83628E+01    0.00000E+00    7.51097E+01
 1.00000E-01    3.73598E+01    0.00000E+00    1.52813E+02
 1.37622E-01    5.10664E+01    0.00000E+00    2.08878E+02
 2.00000E-01    1.06123E+02    0.00000E+00    2.59150E+02
 3.00000E-01    1.76435E+02    0.00000E+00    4.30851E+02
 3.01363E-01    1.76774E+02    0.00000E+00    4.31679E+02
 3.18696E-01    1.91317E+02    0.00000E+00    4.67193E+02
 3.25817E-01    2.01351E+02    0.00000E+00    4.91694E+02
 3.31404E-01    2.09224E+02    0.00000E+00    5.10919E+02
 3.42027E-01    2.25272E+02    0.00000E+00    5.50108E+02
 3.46606E-01    2.32189E+02    0.00000E+00    5.67001E+02
 3.56469E-01    2.47223E+02    0.00000E+00    6.03713E+02
 3.65327E-01    2.66435E+02    0.00000E+00    6.50628E+02
 3.83153E-01    3.05739E+02    0.00000E+00    7.46607E+02
 3.95490E-01    3.32990E+02    0.00000E+00    8.13154E+02
 4.00000E-01    3.43896E+02    0.00000E+00    8.39786E+02
 4.06601E-01    3.61157E+02    0.00000E+00    8.81937E+02
 4.28283E-01    4.20468E+02    0.00000E+00    1.02677E+03
 4.39665E-01    4.51603E+02    0.00000E+00    1.10280E+03
 4.41067E-01    4.55438E+02    0.00000E+00    1.11217E+03
 4.46629E-01    4.70670E+02    0.00000E+00    1.14937E+03
 4.51186E-01    4.84036E+02    0.00000E+00    1.18200E+03
 4.58406E-01    5.05459E+02    0.00000E+00    1.23432E+03
 4.64622E-01    5.23904E+02    0.00000E+00    1.27936E+03
 4.76832E-01    5.62684E+02    0.00000E+00    1.37406E+03
 4.88035E-01    5.98268E+02    0.00000E+00    1.46096E+03
 4.98760E-01    6.32334E+02    0.00000E+00    1.54415E+03
 4.99971E-01    6.36181E+02    0.00000E+00    1.55354E+03
 5.00000E-01    6.36273E+02    0.00000E+00    1.55376E+03
 5.12223E-01    6.57758E+02    0.00000E+00    1.60623E+03
 5.15771E-01    6.64840E+02    0.00000E+00    1.62353E+03
 5.20899E-01    6.75127E+02    0.00000E+00    1.64864E+03
 5.26928E-01    6.88493E+02    0.00000E+00    1.68128E+03
 5.29232E-01    6.93671E+02    0.00000E+00    1.69393E+03
 5.30531E-01    6.96902E+02    0.00000E+00    1.70182E+03
 6.00000E-01    8.95851E+02    2.99535E+00    1.78871E+03
 7.00000E-01    1.10528E+03    3.69559E+00    2.20686E+03
 8.00000E-01    1.27523E+03    4.26382E+00    2.54619E+03
 9.00000E-01    1.42641E+03    4.76932E+00    2.84805E+03
 1.00000E+00    1.57515E+03    1.10933E+03    2.04096E+03
 1.20000E+00    1.89639E+03    1.33557E+03    2.45721E+03
 1.40000E+00    2.24194E+03    1.57893E+03    2.90495E+03
 1.60000E+00    2.55310E+03    1.79807E+03    3.30812E+03
 1.80000E+00    2.76789E+03    2.45268E+03    3.08310E+03
 2.00000E+00    2.87012E+03    2.54328E+03    3.19697E+03
 2.20000E+00    2.88679E+03    2.55804E+03    3.21553E+03
 2.40000E+00    2.85394E+03    2.52893E+03    3.17894E+03
 2.60000E+00    2.79958E+03    2.61386E+03    2.98530E+03
 2.80000E+00    2.74261E+03    2.56068E+03    2.92455E+03
 3.00000E+00    2.69327E+03    2.51461E+03    2.87194E+03
 3.20000E+00    2.65516E+03    2.47902E+03    2.83130E+03
 3.40000E+00    2.62725E+03    2.45296E+03    2.80153E+03
 3.60000E+00    2.60569E+03    2.43284E+03    2.77855E+03
 3.80000E+00    2.58615E+03    2.41459E+03    2.75770E+03
 4.00000E+00    2.56531E+03    2.39514E+03    2.73549E+03
 4.20000E+00    2.54166E+03    2.37305E+03    2.71027E+03
 4.40000E+00    2.51578E+03    2.34889E+03    2.68268E+03
 4.60000E+00    2.48899E+03    2.10361E+03    2.87437E+03
 4.80000E+00    2.46314E+03    2.08176E+03    2.84451E+03
 5.00000E+00    2.43945E+03    2.06174E+03    2.81716E+03
 5.20000E+00    2.41956E+03    2.04493E+03    2.79420E+03
 5.40000E+00    2.40465E+03    2.03233E+03    2.77697E+03
 5.60000E+00    2.39470E+03    2.02392E+03    2.76548E+03
 5.80000E+00    2.39035E+03    2.02024E+03    2.76046E+03
 6.00000E+00    2.39132E+03    2.02106E+03    2.76158E+03
 6.20000E+00    2.37460E+03    2.00693E+03    2.74227E+03
 6.40000E+00    2.33177E+03    1.97073E+03    2.69281E+03
 6.60000E+00    2.26571E+03    1.10533E+03    3.42609E+03
 6.80000E+00    2.18220E+03    1.06459E+03    3.29981E+03
 7.00000E+00    2.09430E+03    1.02171E+03    3.16690E+03
 7.20000E+00    2.00599E+03    9.78626E+02    3.03336E+03
 7.40000E+00    1.90908E+03    9.31345E+02    2.88680E+03
 7.60000E+00    1.81426E+03    8.85090E+02    2.74343E+03
 7.80000E+00    1.71517E+03    8.36748E+02    2.59359E+03
 8.00000E+00    1.61954E+03    7.90098E+02    2.44899E+03
 8.50000E+00    1.39131E+03    6.78752E+02    2.10386E+03
 9.00000E+00    1.19160E+03    4.80033E+02    1.90318E+03
 9.50000E+00    1.02073E+03    4.11195E+02    1.63026E+03
 1.00000E+01    8.77906E+02    3.53661E+02    1.40215E+03
 1.05000E+01    7.62905E+02    3.07333E+02    1.21848E+03
 1.10000E+01    6.73180E+02    2.71188E+02    1.07517E+03
 1.15000E+01    6.05355E+02    2.43865E+02    9.66845E+02
 1.20000E+01    5.54813E+02    2.23504E+02    8.86122E+02
 1.25000E+01    5.16040E+02    2.07885E+02    8.24196E+02
 1.30000E+01    4.86306E+02    2.61498E+02    7.11113E+02
 1.35000E+01    4.62091E+02    2.48477E+02    6.75705E+02
 1.40000E+01    4.41634E+02    2.37477E+02    6.45791E+02
 1.45000E+01    4.23621E+02    2.27791E+02    6.19452E+02
 1.50000E+01    4.07569E+02    2.19159E+02    5.95979E+02
 1.60000E+01    3.79513E+02    2.18951E+02    5.40075E+02
 1.70000E+01    3.60565E+02    2.08019E+02    5.13111E+02
 1.80000E+01    3.41637E+02    1.97099E+02    4.86175E+02
 1.90000E+01    3.26365E+02    1.88288E+02    4.64442E+02
 2.00000E+01    3.12396E+02    1.89298E+02    4.35493E+02
 2.10000E+01    2.98866E+02    1.81099E+02    4.16632E+02
 2.20000E+01    2.85333E+02    1.72899E+02    3.97767E+02
 2.30000E+01    2.72159E+02    1.64916E+02    3.79402E+02
 2.40000E+01    2.59652E+02    1.65765E+02    3.53539E+02
 2.50000E+01    2.48795E+02    1.58834E+02    3.38756E+02
 2.60000E+01    2.39224E+02    1.52724E+02    3.25725E+02
 2.70000E+01    2.31116E+02    1.47547E+02    3.14685E+02
 2.80000E+01    2.23563E+02    1.42725E+02    3.04401E+02
 2.90000E+01    2.15932E+02    1.37853E+02    2.94010E+02
 3.00000E+01    2.08333E+02    1.33003E+02    2.83664E+02
 3.00000E+01    1.87692E+02    1.19825E+02    2.55559E+02
 3.20000E+01    1.74246E+02    1.11241E+02    2.37252E+02
 3.40000E+01    1.60560E+02    1.02503E+02    2.18616E+02
 3.60000E+01    1.48714E+02    9.49411E+01    2.02488E+02
 3.80000E+01    1.38575E+02    8.84680E+01    1.88682E+02
 4.00000E+01    1.29299E+02    8.25460E+01    1.76052E+02
 4.20000E+01    1.21116E+02    7.73216E+01    1.64910E+02
 4.40000E+01    1.14856E+02    7.33252E+01    1.56386E+02
 4.60000E+01    1.10837E+02    7.07594E+01    1.50914E+02
 4.80000E+01    1.08082E+02    6.90007E+01    1.47163E+02
 5.00000E+01    1.04123E+02    6.64732E+01    1.41772E+02
 5.20000E+01    9.94308E+01    6.34778E+01    1.35384E+02
 5.40000E+01    9.48511E+01    6.05540E+01    1.29148E+02
 5.60000E+01    9.07091E+01    5.79098E+01    1.23508E+02
 5.80000E+01    8.68681E+01    5.54577E+01    1.18279E+02
 6.00000E+01    8.32431E+01    5.31434E+01    1.13343E+02
 6.50000E+01    7.50776E+01    4.79304E+01    1.02225E+02
 7.00000E+01    6.82383E+01    4.35641E+01    9.29125E+01
 7.50000E+01    6.17820E+01    3.94423E+01    8.41216E+01
 8.00000E+01    5.63246E+01    3.59583E+01    7.66909E+01
 9.00000E+01    4.65132E+01    2.96946E+01    6.33318E+01
 1.00000E+02    3.85131E+01    2.45872E+01    5.24389E+01
 1.10000E+02    3.17646E+01    2.02789E+01    4.32504E+01
 1.20000E+02    2.63002E+01    1.67904E+01    3.58100E+01
 1.30000E+02    2.18915E+01    1.39758E+01    2.98073E+01
 1.40000E+02    1.84015E+01    1.17477E+01    2.50553E+01
 1.50000E+02    1.54496E+01    9.86318E+00    2.10359E+01
 1.60000E+02    1.27714E+01    8.15339E+00    1.73893E+01
 1.80000E+02    8.95197E+00    5.71504E+00    1.21889E+01
 2.00000E+02    6.58073E+00    4.20122E+00    8.96025E+00
