# n + Ac222 : (n,any)   
# tendl.2017 A.J. Koning and D. Rochman        EVAL-NOV17
# uncertainties: n
# # energies =    31
#   E(MeV)       xs(mb) 
 3.00000E+01    0.00000E+00
 3.00000E+01    2.32300E+03
 3.20000E+01    2.30892E+03
 3.40000E+01    2.27985E+03
 3.60000E+01    2.25246E+03
 3.80000E+01    2.22726E+03
 4.00000E+01    2.20159E+03
 4.20000E+01    2.17451E+03
 4.40000E+01    2.14750E+03
 4.60000E+01    2.12293E+03
 4.80000E+01    2.10104E+03
 5.00000E+01    2.08129E+03
 5.20000E+01    2.06423E+03
 5.40000E+01    2.04911E+03
 5.60000E+01    2.03562E+03
 5.80000E+01    2.02355E+03
 6.00000E+01    2.01253E+03
 6.50000E+01    1.98826E+03
 7.00000E+01    1.96343E+03
 7.50000E+01    1.93913E+03
 8.00000E+01    1.91612E+03
 9.00000E+01    1.87064E+03
 1.00000E+02    1.82557E+03
 1.10000E+02    1.77954E+03
 1.20000E+02    1.73847E+03
 1.30000E+02    1.70628E+03
 1.40000E+02    1.67969E+03
 1.50000E+02    1.65003E+03
 1.60000E+02    1.60474E+03
 1.80000E+02    1.52661E+03
 2.00000E+02    1.47723E+03
