# n + Ac222 : (n,n'01)  
# tendl.2017 A.J. Koning and D. Rochman        EVAL-NOV17
# uncertainties: y
# # energies =   105
#   E(MeV)       xs(mb)       xslow(mb)      xsupp(mb)
 4.11863E-02    0.00000E+00   -0.00000E+00    0.00000E+00
 6.00000E-02    1.83628E+01    0.00000E+00    6.63071E+01
 1.00000E-01    3.73598E+01    0.00000E+00    1.34904E+02
 1.37622E-01    5.10664E+01    0.00000E+00    1.84398E+02
 2.00000E-01    7.37921E+01    3.75388E+01    1.10045E+02
 3.00000E-01    9.15167E+01    4.65554E+01    1.36478E+02
 3.01363E-01    9.15112E+01    4.65527E+01    1.36470E+02
 3.18696E-01    9.14413E+01    4.65171E+01    1.36365E+02
 3.25817E-01    9.14126E+01    4.65025E+01    1.36323E+02
 3.31404E-01    9.13900E+01    4.64910E+01    1.36289E+02
 3.42027E-01    9.13472E+01    4.64692E+01    1.36225E+02
 3.46606E-01    9.13287E+01    4.64598E+01    1.36198E+02
 3.56469E-01    9.12889E+01    4.64396E+01    1.36138E+02
 3.65327E-01    9.12532E+01    4.64214E+01    1.36085E+02
 3.83153E-01    9.11813E+01    4.63848E+01    1.35978E+02
 3.95490E-01    9.11315E+01    4.63595E+01    1.35903E+02
 4.00000E-01    9.11133E+01    4.63502E+01    1.35876E+02
 4.06601E-01    9.01125E+01    4.58411E+01    1.34384E+02
 4.28283E-01    8.68252E+01    4.41688E+01    1.29482E+02
 4.39665E-01    8.50996E+01    4.32910E+01    1.26908E+02
 4.41067E-01    8.48870E+01    4.31829E+01    1.26591E+02
 4.46629E-01    8.40437E+01    4.27539E+01    1.25334E+02
 4.51186E-01    8.33528E+01    4.24024E+01    1.24303E+02
 4.58406E-01    8.22582E+01    4.18456E+01    1.22671E+02
 4.64622E-01    8.13158E+01    4.13661E+01    1.21265E+02
 4.76832E-01    7.94646E+01    4.04244E+01    1.18505E+02
 4.88035E-01    7.77661E+01    3.95604E+01    1.15972E+02
 4.98760E-01    7.61400E+01    3.87332E+01    1.13547E+02
 4.99971E-01    7.59564E+01    3.86398E+01    1.13273E+02
 5.00000E-01    7.59520E+01    3.86375E+01    1.13266E+02
 5.12223E-01    7.39740E+01    3.76313E+01    1.10317E+02
 5.15771E-01    7.33998E+01    3.73392E+01    1.09460E+02
 5.20899E-01    7.25699E+01    3.69170E+01    1.08223E+02
 5.26928E-01    7.15943E+01    3.64207E+01    1.06768E+02
 5.29232E-01    7.12214E+01    3.62310E+01    1.06212E+02
 5.30531E-01    7.10112E+01    3.61241E+01    1.05898E+02
 6.00000E-01    5.97690E+01    9.10533E+00    1.10433E+02
 7.00000E-01    4.63718E+01    7.06438E+00    8.56792E+01
 8.00000E-01    3.60450E+01    5.49117E+00    6.65988E+01
 9.00000E-01    2.82591E+01    4.30505E+00    5.22132E+01
 1.00000E+00    2.24099E+01    1.97898E+00    4.28408E+01
 1.20000E+00    1.46659E+01    1.29512E+00    2.80367E+01
 1.40000E+00    9.96814E+00    8.80268E-01    1.90560E+01
 1.60000E+00    6.72329E+00    5.93721E-01    1.28529E+01
 1.80000E+00    4.32391E+00    5.68037E-01    8.07978E+00
 2.00000E+00    2.66442E+00    3.50028E-01    4.97881E+00
 2.20000E+00    1.61535E+00    2.12210E-01    3.01849E+00
 2.40000E+00    9.79112E-01    1.28627E-01    1.82960E+00
 2.60000E+00    5.95862E-01    2.40601E-01    9.51123E-01
 2.80000E+00    3.64047E-01    1.46997E-01    5.81097E-01
 3.00000E+00    2.23395E-01    9.02038E-02    3.56586E-01
 3.20000E+00    1.37870E-01    5.56700E-02    2.20070E-01
 3.40000E+00    8.56465E-02    3.45829E-02    1.36710E-01
 3.60000E+00    5.35388E-02    2.16182E-02    8.54594E-02
 3.80000E+00    3.36758E-02    1.35978E-02    5.37538E-02
 4.00000E+00    2.13091E-02    8.60432E-03    3.40139E-02
 4.20000E+00    1.35663E-02    5.47788E-03    2.16547E-02
 4.40000E+00    8.69133E-03    3.50944E-03    1.38732E-02
 4.60000E+00    5.60503E-03    4.21116E-03    6.99890E-03
 4.80000E+00    3.63821E-03    2.73345E-03    4.54297E-03
 5.00000E+00    2.38173E-03    1.78944E-03    2.97402E-03
 5.20000E+00    1.56996E-03    1.17954E-03    1.96038E-03
 5.40000E+00    1.03842E-03    7.80184E-04    1.29666E-03
 5.60000E+00    6.94225E-04    5.21584E-04    8.66866E-04
 5.80000E+00    4.67841E-04    3.51497E-04    5.84185E-04
 6.00000E+00    3.18489E-04    2.39287E-04    3.97691E-04
 6.20000E+00    2.18504E-04    1.64166E-04    2.72842E-04
 6.40000E+00    1.51153E-04    1.13564E-04    1.88742E-04
 6.60000E+00    1.05502E-04    6.75033E-05    1.43501E-04
 6.80000E+00    7.41742E-05    4.74588E-05    1.00890E-04
 7.00000E+00    5.26450E-05    3.36838E-05    7.16062E-05
 7.20000E+00    3.76276E-05    2.40752E-05    5.11800E-05
 7.40000E+00    2.70887E-05    1.73321E-05    3.68453E-05
 7.60000E+00    1.96493E-05    1.25722E-05    2.67264E-05
 7.80000E+00    1.43227E-05    9.16408E-06    1.94813E-05
 8.00000E+00    1.05099E-05    6.72454E-06    1.42953E-05
 8.50000E+00    4.93868E-06    3.15991E-06    6.71745E-06
 9.00000E+00    2.37643E-06    2.37643E-06    2.37643E-06
 9.50000E+00    1.16664E-06    1.16664E-06    1.16664E-06
 1.00000E+01    5.83448E-07    5.83448E-07    5.83448E-07
 1.05000E+01    2.97072E-07    2.97072E-07    2.97072E-07
 1.10000E+01    1.54087E-07    1.54087E-07    1.54087E-07
 1.15000E+01    8.14004E-08    8.14004E-08    8.14004E-08
 1.20000E+01    4.38108E-08    4.38108E-08    4.38108E-08
 1.25000E+01    2.40084E-08    2.40084E-08    2.40084E-08
 1.30000E+01    1.33848E-08    1.33848E-08    1.33848E-08
 1.35000E+01    7.58223E-09    7.58223E-09    7.58223E-09
 1.40000E+01    4.36050E-09    4.36050E-09    4.36050E-09
 1.45000E+01    2.54311E-09    2.54311E-09    2.54311E-09
 1.50000E+01    1.50328E-09    1.50328E-09    1.50328E-09
 1.60000E+01    5.45867E-10    5.45867E-10    5.45867E-10
 1.70000E+01    2.07050E-10    2.07050E-10    2.07050E-10
 1.80000E+01    8.26227E-11    8.26227E-11    8.26227E-11
 1.90000E+01    3.43841E-11    3.43841E-11    3.43841E-11
 2.00000E+01    1.49258E-11    1.49258E-11    1.49258E-11
 2.10000E+01    6.73494E-12    6.73494E-12    6.73494E-12
 2.20000E+01    3.15262E-12    3.15262E-12    3.15262E-12
 2.30000E+01    1.52794E-12    1.52794E-12    1.52794E-12
 2.40000E+01    7.59554E-13    7.59554E-13    7.59554E-13
 2.50000E+01    3.88175E-13    3.88175E-13    3.88175E-13
 2.60000E+01    2.03836E-13    2.03836E-13    2.03836E-13
 2.70000E+01    1.09853E-13    1.09853E-13    1.09853E-13
 2.80000E+01    6.06562E-14    6.06562E-14    6.06562E-14
 2.90000E+01    3.43051E-14    3.43051E-14    3.43051E-14
 3.00000E+01    1.98172E-14    1.98172E-14    1.98172E-14
