# n + Ac222 : (n,n'07)  
# tendl.2017 A.J. Koning and D. Rochman        EVAL-NOV17
# uncertainties: n
# # energies =    95
#   E(MeV)       xs(mb) 
 3.42027E-01    0.00000E+00
 3.46606E-01    2.34027E-04
 3.56469E-01    7.38116E-04
 3.65327E-01    1.19084E-03
 3.83153E-01    2.10191E-03
 3.95490E-01    2.73244E-03
 4.00000E-01    2.96294E-03
 4.06601E-01    4.44974E-03
 4.28283E-01    9.33336E-03
 4.39665E-01    1.18970E-02
 4.41067E-01    1.22128E-02
 4.46629E-01    1.34656E-02
 4.51186E-01    1.44920E-02
 4.58406E-01    1.61182E-02
 4.64622E-01    1.75183E-02
 4.76832E-01    2.02685E-02
 4.88035E-01    2.27918E-02
 4.98760E-01    2.52075E-02
 4.99971E-01    2.54803E-02
 5.00000E-01    2.54868E-02
 5.12223E-01    3.12906E-02
 5.15771E-01    3.29752E-02
 5.20899E-01    3.54102E-02
 5.26928E-01    3.82729E-02
 5.29232E-01    3.93669E-02
 5.30531E-01    3.99836E-02
 6.00000E-01    7.29692E-02
 7.00000E-01    1.40054E-01
 8.00000E-01    2.18919E-01
 9.00000E-01    3.02834E-01
 1.00000E+00    3.85531E-01
 1.20000E+00    5.22281E-01
 1.40000E+00    5.81211E-01
 1.60000E+00    5.46289E-01
 1.80000E+00    4.49910E-01
 2.00000E+00    3.41922E-01
 2.20000E+00    2.51416E-01
 2.40000E+00    1.83780E-01
 2.60000E+00    1.34863E-01
 2.80000E+00    9.94228E-02
 3.00000E+00    7.35625E-02
 3.20000E+00    5.45381E-02
 3.40000E+00    4.04223E-02
 3.60000E+00    2.98736E-02
 3.80000E+00    2.19747E-02
 4.00000E+00    1.60773E-02
 4.20000E+00    1.17030E-02
 4.40000E+00    8.48517E-03
 4.60000E+00    6.13940E-03
 4.80000E+00    4.43601E-03
 5.00000E+00    3.21620E-03
 5.20000E+00    2.33606E-03
 5.40000E+00    1.69462E-03
 5.60000E+00    1.24034E-03
 5.80000E+00    9.11403E-04
 6.00000E+00    6.74723E-04
 6.20000E+00    5.01780E-04
 6.40000E+00    3.74596E-04
 6.60000E+00    2.80918E-04
 6.80000E+00    2.11067E-04
 7.00000E+00    1.59085E-04
 7.20000E+00    1.19997E-04
 7.40000E+00    9.06295E-05
 7.60000E+00    6.84814E-05
 7.80000E+00    5.17456E-05
 8.00000E+00    3.91542E-05
 8.50000E+00    1.95309E-05
 9.00000E+00    9.82472E-06
 9.50000E+00    5.01010E-06
 1.00000E+01    2.60057E-06
 1.05000E+01    1.37686E-06
 1.10000E+01    7.44414E-07
 1.15000E+01    4.10601E-07
 1.20000E+01    2.30778E-07
 1.25000E+01    1.31874E-07
 1.30000E+01    7.64457E-08
 1.35000E+01    4.48636E-08
 1.40000E+01    2.66246E-08
 1.45000E+01    1.59643E-08
 1.50000E+01    9.67091E-09
 1.60000E+01    3.66203E-09
 1.70000E+01    1.44032E-09
 1.80000E+01    5.94391E-10
 1.90000E+01    2.55452E-10
 2.00000E+01    1.14340E-10
 2.10000E+01    5.30584E-11
 2.20000E+01    2.54466E-11
 2.30000E+01    1.25860E-11
 2.40000E+01    6.36556E-12
 2.50000E+01    3.30405E-12
 2.60000E+01    1.76085E-12
 2.70000E+01    9.62735E-13
 2.80000E+01    5.38942E-13
 2.90000E+01    3.08683E-13
 3.00000E+01    1.80338E-13
