# n + Ac222 : (n,n'13)  
# tendl.2017 A.J. Koning and D. Rochman        EVAL-NOV17
# uncertainties: n
# # energies =    88
#   E(MeV)       xs(mb) 
 4.06601E-01    0.00000E+00
 4.28283E-01    2.61559E+00
 4.39665E-01    3.98864E+00
 4.41067E-01    4.15777E+00
 4.46629E-01    4.82874E+00
 4.51186E-01    5.37847E+00
 4.58406E-01    6.24945E+00
 4.64622E-01    6.99931E+00
 4.76832E-01    8.47225E+00
 4.88035E-01    9.82371E+00
 4.98760E-01    1.11175E+01
 4.99971E-01    1.12636E+01
 5.00000E-01    1.12671E+01
 5.12223E-01    1.17574E+01
 5.15771E-01    1.18997E+01
 5.20899E-01    1.21055E+01
 5.26928E-01    1.23473E+01
 5.29232E-01    1.24397E+01
 5.30531E-01    1.24918E+01
 6.00000E-01    1.52786E+01
 7.00000E-01    1.54014E+01
 8.00000E-01    1.40003E+01
 9.00000E-01    1.21468E+01
 1.00000E+00    1.02758E+01
 1.20000E+00    7.04626E+00
 1.40000E+00    4.62584E+00
 1.60000E+00    2.92258E+00
 1.80000E+00    1.79670E+00
 2.00000E+00    1.09968E+00
 2.20000E+00    6.82807E-01
 2.40000E+00    4.31495E-01
 2.60000E+00    2.76013E-01
 2.80000E+00    1.77534E-01
 3.00000E+00    1.14432E-01
 3.20000E+00    7.38771E-02
 3.40000E+00    4.78017E-02
 3.60000E+00    3.10216E-02
 3.80000E+00    2.02217E-02
 4.00000E+00    1.32539E-02
 4.20000E+00    8.74132E-03
 4.40000E+00    5.80159E-03
 4.60000E+00    3.87426E-03
 4.80000E+00    2.60052E-03
 5.00000E+00    1.75829E-03
 5.20000E+00    1.19455E-03
 5.40000E+00    8.12304E-04
 5.60000E+00    5.57217E-04
 5.80000E+00    3.84215E-04
 6.00000E+00    2.66948E-04
 6.20000E+00    1.86449E-04
 6.40000E+00    1.30931E-04
 6.60000E+00    9.25228E-05
 6.80000E+00    6.56818E-05
 7.00000E+00    4.69447E-05
 7.20000E+00    3.37119E-05
 7.40000E+00    2.43387E-05
 7.60000E+00    1.76721E-05
 7.80000E+00    1.28838E-05
 8.00000E+00    9.44820E-06
 8.50000E+00    4.42879E-06
 9.00000E+00    2.12872E-06
 9.50000E+00    1.04679E-06
 1.00000E+01    5.25884E-07
 1.05000E+01    2.69581E-07
 1.10000E+01    1.40982E-07
 1.15000E+01    7.51463E-08
 1.20000E+01    4.08163E-08
 1.25000E+01    2.25695E-08
 1.30000E+01    1.26909E-08
 1.35000E+01    7.24625E-09
 1.40000E+01    4.19662E-09
 1.45000E+01    2.46212E-09
 1.50000E+01    1.46238E-09
 1.60000E+01    5.34296E-10
 1.70000E+01    2.03138E-10
 1.80000E+01    8.10526E-11
 1.90000E+01    3.36929E-11
 2.00000E+01    1.46111E-11
 2.10000E+01    6.59045E-12
 2.20000E+01    3.08619E-12
 2.30000E+01    1.49745E-12
 2.40000E+01    7.45683E-13
 2.50000E+01    3.81844E-13
 2.60000E+01    2.00885E-13
 2.70000E+01    1.08415E-13
 2.80000E+01    5.99052E-14
 2.90000E+01    3.38833E-14
 3.00000E+01    1.95697E-14
