# n + Ac222 : (n,n'22)  
# tendl.2017 A.J. Koning and D. Rochman        EVAL-NOV17
# uncertainties: n
# # energies =    79
#   E(MeV)       xs(mb) 
 4.88035E-01    0.00000E+00
 4.98760E-01    6.89489E-04
 4.99971E-01    7.67341E-04
 5.00000E-01    7.69205E-04
 5.12223E-01    2.37828E-03
 5.15771E-01    2.84534E-03
 5.20899E-01    3.52041E-03
 5.26928E-01    4.31409E-03
 5.29232E-01    4.61739E-03
 5.30531E-01    4.78839E-03
 6.00000E-01    1.39335E-02
 7.00000E-01    4.80043E-02
 8.00000E-01    1.00161E-01
 9.00000E-01    1.63890E-01
 1.00000E+00    2.32154E-01
 1.20000E+00    3.55531E-01
 1.40000E+00    4.22640E-01
 1.60000E+00    4.16130E-01
 1.80000E+00    3.58485E-01
 2.00000E+00    2.85346E-01
 2.20000E+00    2.18438E-01
 2.40000E+00    1.64318E-01
 2.60000E+00    1.22805E-01
 2.80000E+00    9.15079E-02
 3.00000E+00    6.81082E-02
 3.20000E+00    5.06671E-02
 3.40000E+00    3.76421E-02
 3.60000E+00    2.78861E-02
 3.80000E+00    2.05774E-02
 4.00000E+00    1.51170E-02
 4.20000E+00    1.10572E-02
 4.40000E+00    8.05703E-03
 4.60000E+00    5.85653E-03
 4.80000E+00    4.24927E-03
 5.00000E+00    3.08898E-03
 5.20000E+00    2.25021E-03
 5.40000E+00    1.63625E-03
 5.60000E+00    1.19822E-03
 5.80000E+00    8.81879E-04
 6.00000E+00    6.53002E-04
 6.20000E+00    4.85983E-04
 6.40000E+00    3.63102E-04
 6.60000E+00    2.72404E-04
 6.80000E+00    2.04809E-04
 7.00000E+00    1.54548E-04
 7.20000E+00    1.16684E-04
 7.40000E+00    8.82120E-05
 7.60000E+00    6.67840E-05
 7.80000E+00    5.05196E-05
 8.00000E+00    3.82969E-05
 8.50000E+00    1.91726E-05
 9.00000E+00    9.67285E-06
 9.50000E+00    4.94290E-06
 1.00000E+01    2.56906E-06
 1.05000E+01    1.36121E-06
 1.10000E+01    7.36246E-07
 1.15000E+01    4.06192E-07
 1.20000E+01    2.28356E-07
 1.25000E+01    1.30538E-07
 1.30000E+01    7.57117E-08
 1.35000E+01    4.44625E-08
 1.40000E+01    2.64058E-08
 1.45000E+01    1.58442E-08
 1.50000E+01    9.60404E-09
 1.60000E+01    3.63981E-09
 1.70000E+01    1.43215E-09
 1.80000E+01    5.91112E-10
 1.90000E+01    2.54075E-10
 2.00000E+01    1.13751E-10
 2.10000E+01    5.28065E-11
 2.20000E+01    2.53382E-11
 2.30000E+01    1.25385E-11
 2.40000E+01    6.34381E-12
 2.50000E+01    3.29348E-12
 2.60000E+01    1.75540E-12
 2.70000E+01    9.59806E-13
 2.80000E+01    5.37334E-13
 2.90000E+01    3.07794E-13
 3.00000E+01    1.79846E-13
