# n + Ac222 : (n,n'25)  
# tendl.2017 A.J. Koning and D. Rochman        EVAL-NOV17
# uncertainties: n
# # energies =    75
#   E(MeV)       xs(mb) 
 5.12223E-01    0.00000E+00
 5.15771E-01    8.45405E-01
 5.20899E-01    2.06730E+00
 5.26928E-01    3.50389E+00
 5.29232E-01    4.05289E+00
 5.30531E-01    4.36240E+00
 6.00000E-01    2.09154E+01
 7.00000E-01    3.44513E+01
 8.00000E-01    3.85830E+01
 9.00000E-01    3.73482E+01
 1.00000E+00    3.36958E+01
 1.20000E+00    2.49894E+01
 1.40000E+00    1.76552E+01
 1.60000E+00    1.23257E+01
 1.80000E+00    8.58277E+00
 2.00000E+00    5.98149E+00
 2.20000E+00    4.19857E+00
 2.40000E+00    2.99798E+00
 2.60000E+00    2.20672E+00
 2.80000E+00    1.69516E+00
 3.00000E+00    1.37031E+00
 3.20000E+00    1.16721E+00
 3.40000E+00    1.04155E+00
 3.60000E+00    9.64216E-01
 3.80000E+00    9.16799E-01
 4.00000E+00    8.87760E-01
 4.20000E+00    8.69972E-01
 4.40000E+00    8.59062E-01
 4.60000E+00    8.52360E-01
 4.80000E+00    8.48254E-01
 5.00000E+00    8.45835E-01
 5.20000E+00    8.44590E-01
 5.40000E+00    8.44290E-01
 5.60000E+00    8.44914E-01
 5.80000E+00    8.46472E-01
 6.00000E+00    8.49027E-01
 6.20000E+00    8.52619E-01
 6.40000E+00    8.57240E-01
 6.60000E+00    8.62865E-01
 6.80000E+00    8.69379E-01
 7.00000E+00    8.76629E-01
 7.20000E+00    8.84416E-01
 7.40000E+00    8.92524E-01
 7.60000E+00    9.00719E-01
 7.80000E+00    9.08784E-01
 8.00000E+00    9.16515E-01
 8.50000E+00    9.33378E-01
 9.00000E+00    9.45697E-01
 9.50000E+00    9.53437E-01
 1.00000E+01    9.57534E-01
 1.05000E+01    9.59243E-01
 1.10000E+01    9.59669E-01
 1.15000E+01    9.59599E-01
 1.20000E+01    9.59476E-01
 1.25000E+01    9.59449E-01
 1.30000E+01    9.59419E-01
 1.35000E+01    9.59116E-01
 1.40000E+01    9.58193E-01
 1.45000E+01    9.56296E-01
 1.50000E+01    9.53162E-01
 1.60000E+01    9.42775E-01
 1.70000E+01    9.27446E-01
 1.80000E+01    9.09355E-01
 1.90000E+01    8.91756E-01
 2.00000E+01    8.77949E-01
 2.10000E+01    8.70042E-01
 2.20000E+01    8.68162E-01
 2.30000E+01    8.70595E-01
 2.40000E+01    8.74951E-01
 2.50000E+01    8.79473E-01
 2.60000E+01    8.83600E-01
 2.70000E+01    8.87698E-01
 2.80000E+01    8.92485E-01
 2.90000E+01    8.98472E-01
 3.00000E+01    9.05628E-01
