# n + Ac228 : (n,2n)    
# tendl.2017 A.J. Koning and D. Rochman        EVAL-NOV17
# uncertainties: y
# # energies =    75
#   E(MeV)       xs(mb)       xslow(mb)      xsupp(mb)
 5.04841E+00    0.00000E+00    0.00000E+00    0.00000E+00
 5.20000E+00    2.58533E+01    8.18823E+00    4.35184E+01
 5.40000E+00    1.02447E+02    3.24469E+01    1.72447E+02
 5.60000E+00    2.41324E+02    7.64319E+01    4.06216E+02
 5.80000E+00    4.18353E+02    1.32500E+02    7.04206E+02
 6.00000E+00    5.83439E+02    1.84786E+02    9.82092E+02
 6.20000E+00    7.46368E+02    2.36389E+02    1.25635E+03
 6.40000E+00    9.11474E+02    2.88681E+02    1.53427E+03
 6.60000E+00    1.05622E+03    4.85840E+02    1.62660E+03
 6.80000E+00    1.20648E+03    5.54956E+02    1.85800E+03
 7.00000E+00    1.33219E+03    6.12780E+02    2.05160E+03
 7.20000E+00    1.45307E+03    6.68383E+02    2.23776E+03
 7.40000E+00    1.55117E+03    7.13507E+02    2.38883E+03
 7.60000E+00    1.63988E+03    7.54311E+02    2.52545E+03
 7.80000E+00    1.71233E+03    7.87637E+02    2.63702E+03
 8.00000E+00    1.77434E+03    8.16160E+02    2.73252E+03
 8.50000E+00    1.88866E+03    8.68745E+02    2.90857E+03
 9.00000E+00    1.96320E+03    6.52932E+02    3.27347E+03
 9.50000E+00    2.01400E+03    6.69827E+02    3.35817E+03
 1.00000E+01    2.05138E+03    6.82259E+02    3.42050E+03
 1.05000E+01    2.08114E+03    6.92157E+02    3.47012E+03
 1.10000E+01    2.10816E+03    7.01144E+02    3.51518E+03
 1.15000E+01    2.13425E+03    7.09821E+02    3.55868E+03
 1.20000E+01    2.15158E+03    7.15584E+02    3.58758E+03
 1.25000E+01    2.13485E+03    7.10020E+02    3.55968E+03
 1.30000E+01    2.06171E+03    6.86330E+02    3.43709E+03
 1.35000E+01    1.92866E+03    6.42039E+02    3.21528E+03
 1.40000E+01    1.74518E+03    5.80959E+02    2.90940E+03
 1.45000E+01    1.53577E+03    5.11248E+02    2.56029E+03
 1.50000E+01    1.32750E+03    4.41916E+02    2.21308E+03
 1.60000E+01    9.66316E+02    3.34685E+02    1.59795E+03
 1.70000E+01    7.23008E+02    2.50415E+02    1.19560E+03
 1.80000E+01    5.73061E+02    1.98480E+02    9.47642E+02
 1.90000E+01    4.85545E+02    1.68169E+02    8.02921E+02
 2.00000E+01    4.32799E+02    1.43774E+02    7.21824E+02
 2.10000E+01    3.96734E+02    1.31794E+02    6.61674E+02
 2.20000E+01    3.70846E+02    1.23194E+02    6.18498E+02
 2.30000E+01    3.49540E+02    1.16116E+02    5.82964E+02
 2.40000E+01    3.32295E+02    1.14618E+02    5.49972E+02
 2.50000E+01    3.18403E+02    1.09827E+02    5.26979E+02
 2.60000E+01    3.06335E+02    1.05664E+02    5.07006E+02
 2.70000E+01    2.96426E+02    1.02246E+02    4.90606E+02
 2.80000E+01    2.87716E+02    9.92418E+01    4.76190E+02
 2.90000E+01    2.79428E+02    9.63830E+01    4.62473E+02
 3.00000E+01    2.72052E+02    9.38388E+01    4.50265E+02
 3.00000E+01    2.66180E+02    9.18134E+01    4.40547E+02
 3.20000E+01    2.56145E+02    8.83520E+01    4.23938E+02
 3.40000E+01    2.41966E+02    8.34613E+01    4.00471E+02
 3.60000E+01    2.28431E+02    7.87927E+01    3.78070E+02
 3.80000E+01    2.15922E+02    7.44778E+01    3.57365E+02
 4.00000E+01    2.04626E+02    7.05818E+01    3.38671E+02
 4.20000E+01    1.94272E+02    6.70103E+01    3.21534E+02
 4.40000E+01    1.84860E+02    6.37637E+01    3.05956E+02
 4.60000E+01    1.76976E+02    6.10441E+01    2.92907E+02
 4.80000E+01    1.70218E+02    5.87131E+01    2.81722E+02
 5.00000E+01    1.65162E+02    5.69692E+01    2.73354E+02
 5.20000E+01    1.63588E+02    5.64265E+01    2.70750E+02
 5.40000E+01    1.59997E+02    5.51877E+01    2.64806E+02
 5.60000E+01    1.55210E+02    5.35366E+01    2.56884E+02
 5.80000E+01    1.50767E+02    5.20039E+01    2.49529E+02
 6.00000E+01    1.46720E+02    5.06079E+01    2.42831E+02
 6.50000E+01    1.38561E+02    4.77940E+01    2.29329E+02
 7.00000E+01    1.30792E+02    4.51139E+01    2.16469E+02
 7.50000E+01    1.24485E+02    4.29384E+01    2.06031E+02
 8.00000E+01    1.18253E+02    4.07891E+01    1.95718E+02
 9.00000E+01    1.08042E+02    3.72670E+01    1.78817E+02
 1.00000E+02    9.96799E+01    3.43826E+01    1.64977E+02
 1.10000E+02    9.26469E+01    3.19567E+01    1.53337E+02
 1.20000E+02    8.56553E+01    2.95451E+01    1.41766E+02
 1.30000E+02    7.96786E+01    2.74835E+01    1.31874E+02
 1.40000E+02    7.39195E+01    2.54970E+01    1.22342E+02
 1.50000E+02    6.91606E+01    2.38556E+01    1.14466E+02
 1.60000E+02    6.52410E+01    2.25036E+01    1.07979E+02
 1.80000E+02    5.67208E+01    1.95647E+01    9.38769E+01
 2.00000E+02    4.78667E+01    1.65106E+01    7.92227E+01
