# n + Ac228 :  n        
# tendl.2017 A.J. Koning and D. Rochman        EVAL-NOV17
# uncertainties: n
# # energies =    80
#   E(MeV)       xs(mb) 
 3.80000E+00    0.00000E+00
 4.00000E+00    2.35413E-16
 4.20000E+00    2.66208E-15
 4.40000E+00    1.50432E-14
 4.60000E+00    7.30722E-14
 4.80000E+00    3.41757E-13
 5.00000E+00    1.60175E-12
 5.20000E+00    5.75762E-12
 5.40000E+00    1.52011E-11
 5.60000E+00    3.79572E-11
 5.80000E+00    1.11673E-10
 6.00000E+00    4.04722E-10
 6.20000E+00    1.68234E-09
 6.40000E+00    7.55849E-09
 6.60000E+00    3.54705E-08
 6.80000E+00    1.71609E-07
 7.00000E+00    8.47223E-07
 7.20000E+00    4.24394E-06
 7.40000E+00    2.14953E-05
 7.60000E+00    1.09345E-04
 7.80000E+00    5.54011E-04
 8.00000E+00    2.68649E-03
 8.50000E+00    4.20141E-02
 9.00000E+00    1.47873E-01
 9.50000E+00    3.00407E-01
 1.00000E+01    4.76410E-01
 1.05000E+01    6.63398E-01
 1.10000E+01    8.55791E-01
 1.15000E+01    1.05097E+00
 1.20000E+01    1.24501E+00
 1.25000E+01    1.43551E+00
 1.30000E+01    1.62287E+00
 1.35000E+01    1.80870E+00
 1.40000E+01    1.98369E+00
 1.45000E+01    2.14886E+00
 1.50000E+01    2.31078E+00
 1.60000E+01    2.61601E+00
 1.70000E+01    2.89291E+00
 1.80000E+01    3.17534E+00
 1.90000E+01    3.46407E+00
 2.00000E+01    3.74929E+00
 2.10000E+01    4.01306E+00
 2.20000E+01    4.26098E+00
 2.30000E+01    4.50086E+00
 2.40000E+01    4.73720E+00
 2.50000E+01    4.98711E+00
 2.60000E+01    5.23711E+00
 2.70000E+01    5.49879E+00
 2.80000E+01    5.77595E+00
 2.90000E+01    6.05980E+00
 3.00000E+01    6.35196E+00
 3.20000E+01    6.94359E+00
 3.40000E+01    7.63484E+00
 3.60000E+01    8.44736E+00
 3.80000E+01    9.40431E+00
 4.00000E+01    1.05195E+01
 4.20000E+01    1.18237E+01
 4.40000E+01    1.33409E+01
 4.60000E+01    1.51168E+01
 4.80000E+01    1.71455E+01
 5.00000E+01    1.94270E+01
 5.20000E+01    2.19334E+01
 5.40000E+01    2.46584E+01
 5.60000E+01    2.75278E+01
 5.80000E+01    3.04694E+01
 6.00000E+01    3.33080E+01
 6.50000E+01    3.86906E+01
 7.00000E+01    3.88969E+01
 7.50000E+01    3.28964E+01
 8.00000E+01    2.44247E+01
 9.00000E+01    1.25370E+01
 1.00000E+02    7.72507E+00
 1.10000E+02    5.47354E+00
 1.20000E+02    4.09637E+00
 1.30000E+02    3.19684E+00
 1.40000E+02    2.54129E+00
 1.50000E+02    2.08395E+00
 1.60000E+02    1.75207E+00
 1.80000E+02    1.27694E+00
 2.00000E+02    9.44494E-01
