# n + Ac228 : (n,xt)    
# tendl.2017 A.J. Koning and D. Rochman        EVAL-NOV17
# 
# # energies =   138
#   E(MeV)        xs(mb) 
 6.30778E-03    0.00000E+00
 6.69950E-03    0.00000E+00
 1.00000E-02    0.00000E+00
 2.00000E-02    0.00000E+00
 2.02793E-02    0.00000E+00
 3.00000E-02    0.00000E+00
 3.32163E-02    0.00000E+00
 6.00000E-02    0.00000E+00
 9.38714E-02    0.00000E+00
 9.84727E-02    0.00000E+00
 1.00000E-01    0.00000E+00
 1.08940E-01    0.00000E+00
 1.11108E-01    0.00000E+00
 1.48803E-01    0.00000E+00
 1.74682E-01    0.00000E+00
 1.75687E-01    0.00000E+00
 1.87743E-01    0.00000E+00
 1.96945E-01    0.00000E+00
 2.00000E-01    0.00000E+00
 2.17880E-01    0.00000E+00
 2.22218E-01    0.00000E+00
 2.55234E-01    0.00000E+00
 2.57129E-01    0.00000E+00
 2.58937E-01    0.00000E+00
 2.59741E-01    0.00000E+00
 2.60344E-01    0.00000E+00
 2.63152E-01    0.00000E+00
 2.79492E-01    0.00000E+00
 2.91062E-01    0.00000E+00
 2.92922E-01    0.00000E+00
 2.93778E-01    0.00000E+00
 2.94484E-01    0.00000E+00
 3.00000E-01    0.00000E+00
 3.01098E-01    0.00000E+00
 3.03699E-01    0.00000E+00
 3.05295E-01    0.00000E+00
 3.07078E-01    0.00000E+00
 4.00000E-01    0.00000E+00
 5.00000E-01    0.00000E+00
 6.00000E-01    0.00000E+00
 7.00000E-01    0.00000E+00
 8.00000E-01    0.00000E+00
 9.00000E-01    0.00000E+00
 1.00000E+00    0.00000E+00
 1.20000E+00    0.00000E+00
 1.40000E+00    0.00000E+00
 1.60000E+00    0.00000E+00
 1.80000E+00    1.49792E-18
 2.00000E+00    3.62067E-18
 2.20000E+00    5.74342E-18
 2.40000E+00    7.86617E-18
 2.60000E+00    9.98891E-18
 2.80000E+00    1.21117E-17
 3.00000E+00    1.42344E-17
 3.20000E+00    1.63572E-17
 3.40000E+00    1.84799E-17
 3.60000E+00    2.06027E-17
 3.80000E+00    2.27254E-17
 4.00000E+00    2.48482E-17
 4.20000E+00    2.69709E-17
 4.40000E+00    2.90937E-17
 4.60000E+00    3.12164E-17
 4.80000E+00    3.33392E-17
 5.00000E+00    3.54619E-17
 5.20000E+00    2.32119E-16
 5.40000E+00    1.33764E-15
 5.60000E+00    6.88067E-15
 5.80000E+00    3.74142E-14
 6.00000E+00    5.03414E-14
 6.20000E+00    1.19492E-12
 6.40000E+00    6.28506E-12
 6.60000E+00    1.53091E-11
 6.80000E+00    6.26277E-11
 7.00000E+00    1.86960E-10
 7.20000E+00    3.87474E-10
 7.40000E+00    1.32880E-09
 7.60000E+00    2.76717E-09
 7.80000E+00    7.37945E-09
 8.00000E+00    1.80049E-08
 8.50000E+00    1.15612E-07
 9.00000E+00    6.08886E-07
 9.50000E+00    2.78041E-06
 1.00000E+01    1.14715E-05
 1.05000E+01    4.37823E-05
 1.10000E+01    1.55421E-04
 1.15000E+01    5.11041E-04
 1.20000E+01    1.54867E-03
 1.25000E+01    4.30712E-03
 1.30000E+01    1.09437E-02
 1.35000E+01    2.52782E-02
 1.40000E+01    5.29153E-02
 1.45000E+01    1.00849E-01
 1.50000E+01    1.76157E-01
 1.60000E+01    4.31890E-01
 1.70000E+01    8.47618E-01
 1.80000E+01    1.42204E+00
 1.90000E+01    2.11217E+00
 2.00000E+01    2.93160E+00
 2.10000E+01    3.82844E+00
 2.20000E+01    4.77401E+00
 2.30000E+01    5.73848E+00
 2.40000E+01    6.72054E+00
 2.50000E+01    7.57973E+00
 2.60000E+01    8.30796E+00
 2.70000E+01    8.85104E+00
 2.80000E+01    9.22180E+00
 2.90000E+01    9.41651E+00
 3.00000E+01    9.45948E+00
 3.00000E+01    1.21224E+01
 3.20000E+01    1.39233E+01
 3.40000E+01    1.57892E+01
 3.60000E+01    1.78905E+01
 3.80000E+01    2.04010E+01
 4.00000E+01    2.34797E+01
 4.20000E+01    2.72338E+01
 4.40000E+01    3.17623E+01
 4.60000E+01    3.69694E+01
 4.80000E+01    4.26853E+01
 5.00000E+01    4.85473E+01
 5.20000E+01    5.42591E+01
 5.40000E+01    5.96484E+01
 5.60000E+01    6.46476E+01
 5.80000E+01    6.92642E+01
 6.00000E+01    7.34454E+01
 6.50000E+01    8.12242E+01
 7.00000E+01    8.54880E+01
 7.50000E+01    8.78058E+01
 8.00000E+01    8.95980E+01
 9.00000E+01    9.31954E+01
 1.00000E+02    9.62580E+01
 1.10000E+02    9.71057E+01
 1.20000E+02    9.98240E+01
 1.30000E+02    1.02292E+02
 1.40000E+02    1.05054E+02
 1.50000E+02    1.13466E+02
 1.60000E+02    1.29425E+02
 1.80000E+02    2.10477E+02
 2.00000E+02    3.57808E+02
