# n + Ac228 : (n,xh)    
# tendl.2017 A.J. Koning and D. Rochman        EVAL-NOV17
# 
# # energies =   138
#   E(MeV)        xs(mb) 
 6.30778E-03    0.00000E+00
 6.69950E-03    0.00000E+00
 1.00000E-02    0.00000E+00
 2.00000E-02    0.00000E+00
 2.02793E-02    0.00000E+00
 3.00000E-02    0.00000E+00
 3.32163E-02    0.00000E+00
 6.00000E-02    0.00000E+00
 9.38714E-02    0.00000E+00
 9.84727E-02    0.00000E+00
 1.00000E-01    0.00000E+00
 1.08940E-01    0.00000E+00
 1.11108E-01    0.00000E+00
 1.48803E-01    0.00000E+00
 1.74682E-01    0.00000E+00
 1.75687E-01    0.00000E+00
 1.87743E-01    0.00000E+00
 1.96945E-01    0.00000E+00
 2.00000E-01    0.00000E+00
 2.17880E-01    0.00000E+00
 2.22218E-01    0.00000E+00
 2.55234E-01    0.00000E+00
 2.57129E-01    0.00000E+00
 2.58937E-01    0.00000E+00
 2.59741E-01    0.00000E+00
 2.60344E-01    0.00000E+00
 2.63152E-01    0.00000E+00
 2.79492E-01    0.00000E+00
 2.91062E-01    0.00000E+00
 2.92922E-01    0.00000E+00
 2.93778E-01    0.00000E+00
 2.94484E-01    0.00000E+00
 3.00000E-01    0.00000E+00
 3.01098E-01    0.00000E+00
 3.03699E-01    0.00000E+00
 3.05295E-01    0.00000E+00
 3.07078E-01    0.00000E+00
 4.00000E-01    0.00000E+00
 5.00000E-01    0.00000E+00
 6.00000E-01    0.00000E+00
 7.00000E-01    0.00000E+00
 8.00000E-01    0.00000E+00
 9.00000E-01    0.00000E+00
 1.00000E+00    0.00000E+00
 1.20000E+00    0.00000E+00
 1.40000E+00    0.00000E+00
 1.60000E+00    0.00000E+00
 1.80000E+00    0.00000E+00
 2.00000E+00    0.00000E+00
 2.20000E+00    0.00000E+00
 2.40000E+00    0.00000E+00
 2.60000E+00    0.00000E+00
 2.80000E+00    0.00000E+00
 3.00000E+00    0.00000E+00
 3.20000E+00    0.00000E+00
 3.40000E+00    0.00000E+00
 3.60000E+00    0.00000E+00
 3.80000E+00    0.00000E+00
 4.00000E+00    0.00000E+00
 4.20000E+00    0.00000E+00
 4.40000E+00    0.00000E+00
 4.60000E+00    0.00000E+00
 4.80000E+00    0.00000E+00
 5.00000E+00    0.00000E+00
 5.20000E+00    0.00000E+00
 5.40000E+00    0.00000E+00
 5.60000E+00    1.87569E-19
 5.80000E+00    6.04205E-19
 6.00000E+00    1.02084E-18
 6.20000E+00    1.43748E-18
 6.40000E+00    1.85411E-18
 6.60000E+00    2.27075E-18
 6.80000E+00    2.68739E-18
 7.00000E+00    3.10402E-18
 7.20000E+00    3.52066E-18
 7.40000E+00    3.93729E-18
 7.60000E+00    4.35393E-18
 7.80000E+00    4.77057E-18
 8.00000E+00    5.18720E-18
 8.50000E+00    6.22879E-18
 9.00000E+00    7.27038E-18
 9.50000E+00    8.31197E-18
 1.00000E+01    7.02273E-16
 1.05000E+01    4.19199E-15
 1.10000E+01    7.68170E-15
 1.15000E+01    1.11714E-14
 1.20000E+01    1.46611E-14
 1.25000E+01    1.81509E-14
 1.30000E+01    2.16406E-14
 1.35000E+01    2.53825E-14
 1.40000E+01    3.18859E-14
 1.45000E+01    6.21921E-14
 1.50000E+01    3.03109E-12
 1.60000E+01    9.94666E-11
 1.70000E+01    1.83837E-09
 1.80000E+01    2.19100E-08
 1.90000E+01    1.86377E-07
 2.00000E+01    1.21186E-06
 2.10000E+01    6.34575E-06
 2.20000E+01    2.79064E-05
 2.30000E+01    1.06353E-04
 2.40000E+01    3.59384E-04
 2.50000E+01    1.09308E-03
 2.60000E+01    2.91370E-03
 2.70000E+01    7.05134E-03
 2.80000E+01    1.59718E-02
 2.90000E+01    3.27374E-02
 3.00000E+01    6.05538E-02
 3.00000E+01    5.89322E-02
 3.20000E+01    1.54458E-01
 3.40000E+01    3.10226E-01
 3.60000E+01    5.23271E-01
 3.80000E+01    7.85575E-01
 4.00000E+01    1.08855E+00
 4.20000E+01    1.42532E+00
 4.40000E+01    1.79217E+00
 4.60000E+01    2.18759E+00
 4.80000E+01    2.61885E+00
 5.00000E+01    3.09289E+00
 5.20000E+01    3.62128E+00
 5.40000E+01    4.21581E+00
 5.60000E+01    4.88536E+00
 5.80000E+01    5.63472E+00
 6.00000E+01    6.45949E+00
 6.50000E+01    8.77378E+00
 7.00000E+01    1.12239E+01
 7.50000E+01    1.38385E+01
 8.00000E+01    1.68217E+01
 9.00000E+01    2.45454E+01
 1.00000E+02    3.54423E+01
 1.10000E+02    4.67914E+01
 1.20000E+02    6.01642E+01
 1.30000E+02    7.53265E+01
 1.40000E+02    9.25287E+01
 1.50000E+02    1.11952E+02
 1.60000E+02    1.33560E+02
 1.80000E+02    1.76396E+02
 2.00000E+02    2.12340E+02
