# n + Ac228 : (n,n2a)   
# tendl.2017 A.J. Koning and D. Rochman        EVAL-NOV17
# uncertainties: n
# # energies =   245
#   E(MeV)       xs(mb) 
 1.00000E-11    3.88797E-17
 1.03005E-11    3.83411E-17
 1.06099E-11    3.78108E-17
 1.09287E-11    3.72888E-17
 1.12571E-11    3.67750E-17
 1.15953E-11    3.62692E-17
 1.19437E-11    3.57713E-17
 1.23026E-11    3.52812E-17
 1.26722E-11    3.47989E-17
 1.30530E-11    3.43241E-17
 1.34452E-11    3.38569E-17
 1.38491E-11    3.33970E-17
 1.42652E-11    3.29444E-17
 1.46938E-11    3.24990E-17
 1.51353E-11    3.20607E-17
 1.55901E-11    3.16294E-17
 1.60585E-11    3.12050E-17
 1.65410E-11    3.07874E-17
 1.70380E-11    3.03765E-17
 1.75499E-11    2.99722E-17
 1.80772E-11    2.95745E-17
 1.86993E-11    2.91278E-17
 1.93427E-11    2.86894E-17
 2.00083E-11    2.82591E-17
 2.06968E-11    2.78369E-17
 2.14090E-11    2.74226E-17
 2.21458E-11    2.70160E-17
 2.29078E-11    2.66172E-17
 2.36961E-11    2.62258E-17
 2.45115E-11    2.58419E-17
 2.53550E-11    2.54653E-17
 2.62275E-11    2.50960E-17
 2.71300E-11    2.47337E-17
 2.80636E-11    2.43784E-17
 2.90293E-11    2.40299E-17
 3.00282E-11    2.36883E-17
 3.10615E-11    2.33533E-17
 3.21304E-11    2.30249E-17
 3.32360E-11    2.27030E-17
 3.43797E-11    2.23874E-17
 3.55627E-11    2.20782E-17
 3.67865E-11    2.17751E-17
 3.80524E-11    2.14781E-17
 3.93618E-11    2.11871E-17
 4.07163E-11    2.09020E-17
 4.21174E-11    2.06227E-17
 4.35667E-11    2.03492E-17
 4.50659E-11    2.00813E-17
 4.66166E-11    1.98190E-17
 4.82208E-11    1.95622E-17
 4.98801E-11    1.93107E-17
 5.15965E-11    1.90646E-17
 5.33720E-11    1.88237E-17
 5.52086E-11    1.85880E-17
 5.71084E-11    1.83573E-17
 5.90736E-11    1.81317E-17
 6.11064E-11    1.79109E-17
 6.32091E-11    1.76951E-17
 6.53842E-11    1.74840E-17
 6.76342E-11    1.72776E-17
 6.99616E-11    1.70758E-17
 7.23690E-11    1.68786E-17
 7.48593E-11    1.66859E-17
 7.74353E-11    1.64976E-17
 8.00999E-11    1.63137E-17
 8.32074E-11    1.61118E-17
 8.64355E-11    1.59154E-17
 8.97887E-11    1.57241E-17
 9.32721E-11    1.55380E-17
 9.68906E-11    1.53569E-17
 1.00649E-10    1.51808E-17
 1.04554E-10    1.50095E-17
 1.08610E-10    1.48430E-17
 1.12824E-10    1.46812E-17
 1.17201E-10    1.45239E-17
 1.21748E-10    1.43712E-17
 1.26471E-10    1.42228E-17
 1.31377E-10    1.40788E-17
 1.36474E-10    1.39391E-17
 1.41769E-10    1.38034E-17
 1.47268E-10    1.36719E-17
 1.53630E-10    1.35304E-17
 1.60267E-10    1.33937E-17
 1.67190E-10    1.32616E-17
 1.74412E-10    1.31341E-17
 1.81946E-10    1.30111E-17
 1.89806E-10    1.28924E-17
 1.98005E-10    1.27780E-17
 2.06558E-10    1.26676E-17
 2.15481E-10    1.25613E-17
 2.25742E-10    1.24488E-17
 2.36491E-10    1.23409E-17
 2.47752E-10    1.22373E-17
 2.59550E-10    1.21381E-17
 2.71909E-10    1.20430E-17
 2.84857E-10    1.19519E-17
 2.99687E-10    1.18569E-17
 3.15288E-10    1.17663E-17
 3.31701E-10    1.16799E-17
 3.48969E-10    1.15976E-17
 3.68692E-10    1.15129E-17
 3.89529E-10    1.14325E-17
 4.11544E-10    1.13563E-17
 4.34803E-10    1.12841E-17
 4.61324E-10    1.12105E-17
 4.89462E-10    1.11411E-17
 5.21517E-10    1.10711E-17
 5.55672E-10    1.10053E-17
 5.92063E-10    1.09436E-17
 6.33512E-10    1.08819E-17
 6.77861E-10    1.08242E-17
 7.28390E-10    1.07671E-17
 7.86002E-10    1.07108E-17
 8.48171E-10    1.06587E-17
 9.19136E-10    1.06079E-17
 1.00026E-09    1.05586E-17
 1.09316E-09    1.05111E-17
 1.19468E-09    1.04677E-17
 1.31117E-09    1.04261E-17
 1.44511E-09    1.03866E-17
 1.60627E-09    1.03478E-17
 1.79296E-09    1.03116E-17
 2.00983E-09    1.02780E-17
 2.27208E-09    1.02459E-17
 2.59036E-09    1.02157E-17
 2.97830E-09    1.01876E-17
 3.46807E-09    1.01611E-17
 4.08995E-09    1.01366E-17
 4.88491E-09    1.01144E-17
 5.93394E-09    1.00942E-17
 7.36228E-09    1.00759E-17
 9.36917E-09    1.00596E-17
 1.23334E-08    1.00453E-17
 1.70086E-08    1.00328E-17
 2.48867E-08    1.00225E-17
 2.52045E-08    1.00222E-17
 2.53000E-08    1.00221E-17
 4.08002E-08    1.00137E-17
 7.66166E-08    1.00073E-17
 1.92625E-07    1.00029E-17
 1.12595E-06    1.00005E-17
 1.14640E-04    1.00000E-17
 1.17897E-04    1.00000E-17
 1.19561E-04    1.00000E-17
 1.22958E-04    1.00000E-17
 1.26452E-04    1.00000E-17
 1.28236E-04    1.00000E-17
 1.33740E-04    1.00000E-17
 1.39481E-04    1.00000E-17
 1.43444E-04    1.00000E-17
 1.45468E-04    1.00000E-17
 1.47520E-04    1.00000E-17
 1.53853E-04    1.00000E-17
 1.58225E-04    1.00000E-17
 1.67344E-04    1.00000E-17
 1.69705E-04    1.00000E-17
 1.00752E+01    1.00000E-17
 1.02174E+01    1.00000E-17
 1.03615E+01    1.00000E-17
 1.05077E+01    1.00000E-17
 1.06560E+01    1.00000E-17
 1.08063E+01    1.00000E-17
 1.09587E+01    1.00000E-17
 1.11134E+01    1.00000E-17
 1.12701E+01    1.00000E-17
 1.14291E+01    1.00000E-17
 1.15904E+01    1.00000E-17
 1.17539E+01    1.00000E-17
 1.19197E+01    1.00000E-17
 1.20879E+01    1.00000E-17
 1.22584E+01    1.00000E-17
 1.24314E+01    1.00000E-17
 1.26068E+01    1.00000E-17
 1.27846E+01    1.00000E-17
 1.29650E+01    1.00000E-17
 1.30000E+01    1.00000E-17
 1.31834E+01    1.00890E-17
 1.33694E+01    1.01792E-17
 1.35000E+01    1.02426E-17
 1.36905E+01    1.46326E-17
 1.38836E+01    1.90845E-17
 1.40000E+01    2.17673E-17
 1.41975E+01    3.14355E-17
 1.43978E+01    4.12401E-17
 1.45000E+01    4.62419E-17
 1.47046E+01    6.88746E-17
 1.49120E+01    9.18267E-17
 1.50000E+01    1.01560E-16
 1.52116E+01    2.01264E-16
 1.54262E+01    3.02374E-16
 1.56439E+01    4.04911E-16
 1.58646E+01    5.08894E-16
 1.60000E+01    5.72698E-16
 1.62257E+01    1.99783E-15
 1.64546E+01    3.44306E-15
 1.66868E+01    4.90869E-15
 1.69222E+01    6.39499E-15
 1.70000E+01    6.88609E-15
 1.72398E+01    2.73277E-13
 1.74831E+01    5.43426E-13
 1.77297E+01    8.17386E-13
 1.79799E+01    1.09521E-12
 1.80000E+01    1.11759E-12
 1.82539E+01    2.44996E-12
 1.85115E+01    3.80114E-12
 1.87726E+01    5.17137E-12
 1.90000E+01    6.36424E-12
 1.92681E+01    1.36610E-11
 1.95399E+01    2.10607E-11
 1.98156E+01    2.85648E-11
 2.00000E+01    3.35853E-11
 2.02822E+01    6.61887E-11
 2.05683E+01    9.92521E-11
 2.08585E+01    1.32782E-10
 2.10000E+01    1.49133E-10
 2.12963E+01    2.87624E-10
 2.15967E+01    4.28068E-10
 2.19014E+01    5.70494E-10
 2.20000E+01    6.16577E-10
 2.23104E+01    1.12948E-09
 2.26251E+01    1.64961E-09
 2.29443E+01    2.17708E-09
 2.30000E+01    2.26906E-09
 2.33245E+01    4.04852E-09
 2.36536E+01    5.85309E-09
 2.39873E+01    7.68312E-09
 2.40000E+01    7.75296E-09
 2.43386E+01    1.29771E-08
 2.46820E+01    1.82750E-08
 2.50000E+01    2.31818E-08
 2.53527E+01    3.93214E-08
 2.57104E+01    5.56886E-08
 2.60000E+01    6.89412E-08
 2.63668E+01    1.16545E-07
 2.67388E+01    1.64820E-07
 2.70000E+01    1.98717E-07
 2.73809E+01    3.28555E-07
 2.77672E+01    4.60225E-07
 2.80000E+01    5.39570E-07
 2.83950E+01    8.67042E-07
 2.87956E+01    1.19913E-06
 2.90000E+01    1.36855E-06
 2.94091E+01    2.11247E-06
 2.98240E+01    2.86688E-06
 3.00000E+01    3.18681E-06
