# n + Ac228 : (n,n')    
# tendl.2017 A.J. Koning and D. Rochman        EVAL-NOV17
# uncertainties: y
# # energies =   138
#   E(MeV)       xs(mb)       xslow(mb)      xsupp(mb)
 6.30778E-03    0.00000E+00   -0.00000E+00    0.00000E+00
 6.69950E-03    1.92938E-02    0.00000E+00    1.03171E-01
 1.00000E-02    1.95457E-01    0.00000E+00    1.04518E+00
 2.00000E-02    7.55832E-01    0.00000E+00    4.04170E+00
 2.02793E-02    7.74232E-01    0.00000E+00    4.14010E+00
 3.00000E-02    1.87598E+00    0.00000E+00    5.71289E+00
 3.32163E-02    2.25678E+00    0.00000E+00    6.87253E+00
 6.00000E-02    6.05348E+00    0.00000E+00    1.84345E+01
 9.38714E-02    1.21440E+01    0.00000E+00    3.69818E+01
 9.84727E-02    1.30213E+01    0.00000E+00    3.96536E+01
 1.00000E-01    1.37787E+01    0.00000E+00    4.19601E+01
 1.08940E-01    1.71012E+01    0.00000E+00    5.20778E+01
 1.11108E-01    1.80828E+01    0.00000E+00    5.50670E+01
 1.48803E-01    3.51698E+01    0.00000E+00    1.07102E+02
 1.74682E-01    5.06862E+01    0.00000E+00    1.54353E+02
 1.75687E-01    5.13672E+01    0.00000E+00    1.56427E+02
 1.87743E-01    5.95382E+01    0.00000E+00    1.81310E+02
 1.96945E-01    6.59079E+01    0.00000E+00    2.00708E+02
 2.00000E-01    6.84730E+01    0.00000E+00    1.85409E+02
 2.17880E-01    1.15361E+02    0.00000E+00    3.12369E+02
 2.22218E-01    1.26987E+02    0.00000E+00    3.43850E+02
 2.55234E-01    2.15498E+02    0.00000E+00    5.83517E+02
 2.57129E-01    2.20759E+02    0.00000E+00    5.97765E+02
 2.58937E-01    2.25782E+02    0.00000E+00    6.11366E+02
 2.59741E-01    2.28054E+02    0.00000E+00    6.17517E+02
 2.60344E-01    2.29761E+02    0.00000E+00    6.22138E+02
 2.63152E-01    2.37989E+02    0.00000E+00    6.44417E+02
 2.79492E-01    2.85868E+02    0.00000E+00    7.74062E+02
 2.91062E-01    3.19921E+02    0.00000E+00    8.66272E+02
 2.92922E-01    3.25399E+02    0.00000E+00    8.81103E+02
 2.93778E-01    3.28000E+02    0.00000E+00    8.88146E+02
 2.94484E-01    3.30203E+02    0.00000E+00    8.94111E+02
 3.00000E-01    3.47415E+02    0.00000E+00    9.40719E+02
 3.01098E-01    3.50230E+02    0.00000E+00    9.48342E+02
 3.03699E-01    3.57042E+02    0.00000E+00    9.66786E+02
 3.05295E-01    3.61230E+02    0.00000E+00    9.78125E+02
 3.07078E-01    3.65908E+02    0.00000E+00    9.90794E+02
 4.00000E-01    6.37432E+02    0.00000E+00    1.72602E+03
 5.00000E-01    8.70616E+02    0.00000E+00    2.35742E+03
 6.00000E-01    1.04277E+03    5.56337E+02    1.52921E+03
 7.00000E-01    1.17442E+03    6.26571E+02    1.72226E+03
 8.00000E-01    1.28892E+03    6.87659E+02    1.89017E+03
 9.00000E-01    1.40532E+03    7.49761E+02    2.06087E+03
 1.00000E+00    1.54545E+03    7.39388E+02    2.35151E+03
 1.20000E+00    1.87091E+03    8.95097E+02    2.84672E+03
 1.40000E+00    2.24107E+03    1.07219E+03    3.40994E+03
 1.60000E+00    2.54882E+03    1.21943E+03    3.87821E+03
 1.80000E+00    2.71811E+03    1.39635E+03    4.03987E+03
 2.00000E+00    2.76097E+03    1.41837E+03    4.10358E+03
 2.20000E+00    2.73003E+03    1.40248E+03    4.05759E+03
 2.40000E+00    2.66924E+03    1.37124E+03    3.96723E+03
 2.60000E+00    2.60471E+03    1.44390E+03    3.76552E+03
 2.80000E+00    2.55005E+03    1.41360E+03    3.68650E+03
 3.00000E+00    2.50990E+03    1.39134E+03    3.62846E+03
 3.20000E+00    2.48340E+03    1.37665E+03    3.59014E+03
 3.40000E+00    2.46550E+03    1.36673E+03    3.56426E+03
 3.60000E+00    2.45041E+03    1.35836E+03    3.54245E+03
 3.80000E+00    2.43415E+03    1.34935E+03    3.51894E+03
 4.00000E+00    2.41500E+03    1.33873E+03    3.49126E+03
 4.20000E+00    2.39358E+03    1.32686E+03    3.46030E+03
 4.40000E+00    2.37134E+03    1.31453E+03    3.42815E+03
 4.60000E+00    2.35038E+03    9.76866E+02    3.72389E+03
 4.80000E+00    2.33185E+03    9.69165E+02    3.69453E+03
 5.00000E+00    2.31744E+03    9.63174E+02    3.67170E+03
 5.20000E+00    2.28238E+03    9.48604E+02    3.61615E+03
 5.40000E+00    2.20216E+03    9.15264E+02    3.48906E+03
 5.60000E+00    2.06552E+03    8.58471E+02    3.27256E+03
 5.80000E+00    1.89632E+03    7.88152E+02    3.00450E+03
 6.00000E+00    1.74473E+03    7.25145E+02    2.76431E+03
 6.20000E+00    1.60031E+03    6.65121E+02    2.53549E+03
 6.40000E+00    1.45781E+03    6.05896E+02    2.30972E+03
 6.60000E+00    1.33865E+03    1.68973E+02    2.50832E+03
 6.80000E+00    1.21536E+03    1.53411E+02    2.27731E+03
 7.00000E+00    1.11669E+03    1.40956E+02    2.09243E+03
 7.20000E+00    1.02150E+03    1.28940E+02    1.91406E+03
 7.40000E+00    9.46635E+02    1.19490E+02    1.77378E+03
 7.60000E+00    8.78046E+02    1.10833E+02    1.64526E+03
 7.80000E+00    8.22053E+02    1.03765E+02    1.54034E+03
 8.00000E+00    7.72930E+02    9.75643E+01    1.44830E+03
 8.50000E+00    6.76628E+02    8.54085E+01    1.26785E+03
 9.00000E+00    6.05289E+02    0.00000E+00    1.26284E+03
 9.50000E+00    5.50177E+02    0.00000E+00    1.14786E+03
 1.00000E+01    5.06915E+02    0.00000E+00    1.05760E+03
 1.05000E+01    4.73711E+02    0.00000E+00    9.88326E+02
 1.10000E+01    4.47411E+02    0.00000E+00    9.33454E+02
 1.15000E+01    4.25730E+02    0.00000E+00    8.88220E+02
 1.20000E+01    4.08401E+02    0.00000E+00    8.52067E+02
 1.25000E+01    3.92135E+02    0.00000E+00    8.18130E+02
 1.30000E+01    3.77844E+02    0.00000E+00    7.82235E+02
 1.35000E+01    3.63262E+02    0.00000E+00    7.52048E+02
 1.40000E+01    3.49899E+02    0.00000E+00    7.24382E+02
 1.45000E+01    3.36693E+02    0.00000E+00    6.97042E+02
 1.50000E+01    3.24158E+02    0.00000E+00    6.71091E+02
 1.60000E+01    3.02245E+02    5.12794E+01    5.53211E+02
 1.70000E+01    2.87300E+02    4.87437E+01    5.25856E+02
 1.80000E+01    2.72062E+02    4.61584E+01    4.97965E+02
 1.90000E+01    2.59319E+02    4.39965E+01    4.74642E+02
 2.00000E+01    2.47009E+02    5.11230E+01    4.42895E+02
 2.10000E+01    2.35354E+02    4.87107E+01    4.21997E+02
 2.20000E+01    2.23264E+02    4.62085E+01    4.00320E+02
 2.30000E+01    2.12346E+02    4.39487E+01    3.80743E+02
 2.40000E+01    2.02207E+02    4.67335E+01    3.57681E+02
 2.50000E+01    1.93660E+02    4.47582E+01    3.42562E+02
 2.60000E+01    1.86655E+02    4.31391E+01    3.30170E+02
 2.70000E+01    1.80330E+02    4.16774E+01    3.18983E+02
 2.80000E+01    1.74624E+02    4.03587E+01    3.08890E+02
 2.90000E+01    1.68930E+02    3.90427E+01    2.98818E+02
 3.00000E+01    1.62844E+02    3.76360E+01    2.88051E+02
 3.00000E+01    1.54540E+02    3.57167E+01    2.73362E+02
 3.20000E+01    1.43373E+02    3.31359E+01    2.53610E+02
 3.40000E+01    1.32741E+02    3.06787E+01    2.34803E+02
 3.60000E+01    1.23737E+02    2.85976E+01    2.18875E+02
 3.80000E+01    1.15872E+02    2.67800E+01    2.04964E+02
 4.00000E+01    1.08336E+02    2.50382E+01    1.91633E+02
 4.20000E+01    1.01608E+02    2.34834E+01    1.79733E+02
 4.40000E+01    9.66024E+01    2.23265E+01    1.70878E+02
 4.60000E+01    9.33023E+01    2.15637E+01    1.65041E+02
 4.80000E+01    9.10767E+01    2.10494E+01    1.61104E+02
 5.00000E+01    8.75672E+01    2.02383E+01    1.54896E+02
 5.20000E+01    8.34734E+01    1.92921E+01    1.47655E+02
 5.40000E+01    7.96888E+01    1.84174E+01    1.40960E+02
 5.60000E+01    7.63067E+01    1.76358E+01    1.34978E+02
 5.80000E+01    7.31590E+01    1.69083E+01    1.29410E+02
 6.00000E+01    7.01817E+01    1.62202E+01    1.24143E+02
 6.50000E+01    6.37176E+01    1.47262E+01    1.12709E+02
 7.00000E+01    5.75329E+01    1.32968E+01    1.01769E+02
 7.50000E+01    5.23135E+01    1.20905E+01    9.25365E+01
 8.00000E+01    4.71867E+01    1.09057E+01    8.34678E+01
 9.00000E+01    3.87952E+01    8.96622E+00    6.86241E+01
 1.00000E+02    3.19250E+01    7.37842E+00    5.64716E+01
 1.10000E+02    2.61610E+01    6.04626E+00    4.62758E+01
 1.20000E+02    2.14907E+01    4.96686E+00    3.80145E+01
 1.30000E+02    1.76240E+01    4.07321E+00    3.11748E+01
 1.40000E+02    1.45208E+01    3.35601E+00    2.56856E+01
 1.50000E+02    1.20786E+01    2.79157E+00    2.13656E+01
 1.60000E+02    1.01188E+01    2.33863E+00    1.78990E+01
 1.80000E+02    7.17539E+00    1.65836E+00    1.26924E+01
 2.00000E+02    5.09807E+00    1.17825E+00    9.01789E+00
