# n + Ac228 : (n,n'06)  
# tendl.2017 A.J. Koning and D. Rochman        EVAL-NOV17
# uncertainties: n
# # energies =    99
#   E(MeV)       xs(mb) 
 9.84727E-02    0.00000E+00
 1.00000E-01    4.66166E-01
 1.08940E-01    1.77475E+00
 1.11108E-01    2.09209E+00
 1.48803E-01    7.60967E+00
 1.74682E-01    1.13977E+01
 1.75687E-01    1.15448E+01
 1.87743E-01    1.33095E+01
 1.96945E-01    1.46564E+01
 2.00000E-01    1.51036E+01
 2.17880E-01    1.70189E+01
 2.22218E-01    1.74836E+01
 2.55234E-01    2.10203E+01
 2.57129E-01    2.12233E+01
 2.58937E-01    2.14170E+01
 2.59741E-01    2.15031E+01
 2.60344E-01    2.15677E+01
 2.63152E-01    2.18685E+01
 2.79492E-01    2.36189E+01
 2.91062E-01    2.48582E+01
 2.92922E-01    2.50575E+01
 2.93778E-01    2.51492E+01
 2.94484E-01    2.52248E+01
 3.00000E-01    2.58157E+01
 3.01098E-01    2.58383E+01
 3.03699E-01    2.58920E+01
 3.05295E-01    2.59249E+01
 3.07078E-01    2.59616E+01
 4.00000E-01    2.78774E+01
 5.00000E-01    2.54315E+01
 6.00000E-01    2.20014E+01
 7.00000E-01    1.91080E+01
 8.00000E-01    1.71615E+01
 9.00000E-01    1.61538E+01
 1.00000E+00    1.58095E+01
 1.20000E+00    1.71947E+01
 1.40000E+00    1.95628E+01
 1.60000E+00    2.12687E+01
 1.80000E+00    2.15125E+01
 2.00000E+00    2.04742E+01
 2.20000E+00    1.87081E+01
 2.40000E+00    1.67073E+01
 2.60000E+00    1.47841E+01
 2.80000E+00    1.30892E+01
 3.00000E+00    1.16661E+01
 3.20000E+00    1.04955E+01
 3.40000E+00    9.52802E+00
 3.60000E+00    8.70870E+00
 3.80000E+00    7.99314E+00
 4.00000E+00    7.35411E+00
 4.20000E+00    6.77830E+00
 4.40000E+00    6.26110E+00
 4.60000E+00    5.80033E+00
 4.80000E+00    5.39384E+00
 5.00000E+00    5.03863E+00
 5.20000E+00    4.73084E+00
 5.40000E+00    4.46641E+00
 5.60000E+00    4.24140E+00
 5.80000E+00    4.05202E+00
 6.00000E+00    3.89469E+00
 6.20000E+00    3.76586E+00
 6.40000E+00    3.66181E+00
 6.60000E+00    3.57849E+00
 6.80000E+00    3.51157E+00
 7.00000E+00    3.45647E+00
 7.20000E+00    3.40881E+00
 7.40000E+00    3.36467E+00
 7.60000E+00    3.32094E+00
 7.80000E+00    3.27548E+00
 8.00000E+00    3.22709E+00
 8.50000E+00    3.09193E+00
 9.00000E+00    2.94168E+00
 9.50000E+00    2.78598E+00
 1.00000E+01    2.63331E+00
 1.05000E+01    2.48984E+00
 1.10000E+01    2.35905E+00
 1.15000E+01    2.24160E+00
 1.20000E+01    2.13586E+00
 1.25000E+01    2.03916E+00
 1.30000E+01    1.94910E+00
 1.35000E+01    1.86418E+00
 1.40000E+01    1.78394E+00
 1.45000E+01    1.70863E+00
 1.50000E+01    1.63877E+00
 1.60000E+01    1.51708E+00
 1.70000E+01    1.41980E+00
 1.80000E+01    1.34321E+00
 1.90000E+01    1.28022E+00
 2.00000E+01    1.22348E+00
 2.10000E+01    1.16843E+00
 2.20000E+01    1.11440E+00
 2.30000E+01    1.06361E+00
 2.40000E+01    1.01881E+00
 2.50000E+01    9.81406E-01
 2.60000E+01    9.51042E-01
 2.70000E+01    9.26031E-01
 2.80000E+01    9.04007E-01
 2.90000E+01    8.82671E-01
 3.00000E+01    8.60626E-01
