# n + Ac228 : (n,n'07)  
# tendl.2017 A.J. Koning and D. Rochman        EVAL-NOV17
# uncertainties: n
# # energies =    97
#   E(MeV)       xs(mb) 
 1.08940E-01    0.00000E+00
 1.11108E-01    1.75874E-01
 1.48803E-01    3.23379E+00
 1.74682E-01    5.33317E+00
 1.75687E-01    5.41469E+00
 1.87743E-01    6.39271E+00
 1.96945E-01    7.13920E+00
 2.00000E-01    7.38703E+00
 2.17880E-01    8.67138E+00
 2.22218E-01    8.98299E+00
 2.55234E-01    1.13546E+01
 2.57129E-01    1.14907E+01
 2.58937E-01    1.16206E+01
 2.59741E-01    1.16783E+01
 2.60344E-01    1.17216E+01
 2.63152E-01    1.19234E+01
 2.79492E-01    1.30971E+01
 2.91062E-01    1.39282E+01
 2.92922E-01    1.40618E+01
 2.93778E-01    1.41233E+01
 2.94484E-01    1.41740E+01
 3.00000E-01    1.45702E+01
 3.01098E-01    1.45908E+01
 3.03699E-01    1.46395E+01
 3.05295E-01    1.46694E+01
 3.07078E-01    1.47028E+01
 4.00000E-01    1.64442E+01
 5.00000E-01    1.53169E+01
 6.00000E-01    1.33865E+01
 7.00000E-01    1.16137E+01
 8.00000E-01    1.02486E+01
 9.00000E-01    9.26656E+00
 1.00000E+00    8.44974E+00
 1.20000E+00    7.39338E+00
 1.40000E+00    6.18054E+00
 1.60000E+00    4.66073E+00
 1.80000E+00    3.23295E+00
 2.00000E+00    2.15366E+00
 2.20000E+00    1.40249E+00
 2.40000E+00    8.95320E-01
 2.60000E+00    5.63335E-01
 2.80000E+00    3.52032E-01
 3.00000E+00    2.19718E-01
 3.20000E+00    1.37483E-01
 3.40000E+00    8.62782E-02
 3.60000E+00    5.42909E-02
 3.80000E+00    3.42108E-02
 4.00000E+00    2.15881E-02
 4.20000E+00    1.36614E-02
 4.40000E+00    8.68676E-03
 4.60000E+00    5.54972E-03
 4.80000E+00    3.58137E-03
 5.00000E+00    2.32899E-03
 5.20000E+00    1.52570E-03
 5.40000E+00    1.00993E-03
 5.60000E+00    6.75247E-04
 5.80000E+00    4.57601E-04
 6.00000E+00    3.13435E-04
 6.20000E+00    2.17007E-04
 6.40000E+00    1.51882E-04
 6.60000E+00    1.07246E-04
 6.80000E+00    7.64723E-05
 7.00000E+00    5.49313E-05
 7.20000E+00    3.97352E-05
 7.40000E+00    2.89225E-05
 7.60000E+00    2.11432E-05
 7.80000E+00    1.55426E-05
 8.00000E+00    1.14619E-05
 8.50000E+00    5.43130E-06
 9.00000E+00    2.62322E-06
 9.50000E+00    1.29156E-06
 1.00000E+01    6.49054E-07
 1.05000E+01    3.33195E-07
 1.10000E+01    1.74846E-07
 1.15000E+01    9.37134E-08
 1.20000E+01    5.12243E-08
 1.25000E+01    2.85013E-08
 1.30000E+01    1.61116E-08
 1.35000E+01    9.24156E-09
 1.40000E+01    5.37485E-09
 1.45000E+01    3.16808E-09
 1.50000E+01    1.89325E-09
 1.60000E+01    7.04476E-10
 1.70000E+01    2.75583E-10
 1.80000E+01    1.14195E-10
 1.90000E+01    4.96130E-11
 2.00000E+01    2.24428E-11
 2.10000E+01    1.05070E-11
 2.20000E+01    5.06524E-12
 2.30000E+01    2.51679E-12
 2.40000E+01    1.28548E-12
 2.50000E+01    6.77607E-13
 2.60000E+01    3.66064E-13
 2.70000E+01    2.02670E-13
 2.80000E+01    1.14780E-13
 2.90000E+01    6.64114E-14
 3.00000E+01    3.91745E-14
