# n + Ac228 : (n,n'08)  
# tendl.2017 A.J. Koning and D. Rochman        EVAL-NOV17
# uncertainties: n
# # energies =    96
#   E(MeV)       xs(mb) 
 1.11108E-01    0.00000E+00
 1.48803E-01    2.02437E-02
 1.74682E-01    3.41417E-02
 1.75687E-01    3.46814E-02
 1.87743E-01    4.11559E-02
 1.96945E-01    4.60978E-02
 2.00000E-01    4.77384E-02
 2.17880E-01    8.45248E-02
 2.22218E-01    9.34499E-02
 2.55234E-01    1.61377E-01
 2.57129E-01    1.65276E-01
 2.58937E-01    1.68996E-01
 2.59741E-01    1.70650E-01
 2.60344E-01    1.71890E-01
 2.63152E-01    1.77668E-01
 2.79492E-01    2.11286E-01
 2.91062E-01    2.35090E-01
 2.92922E-01    2.38917E-01
 2.93778E-01    2.40678E-01
 2.94484E-01    2.42130E-01
 3.00000E-01    2.53479E-01
 3.01098E-01    2.57048E-01
 3.03699E-01    2.65504E-01
 3.05295E-01    2.70692E-01
 3.07078E-01    2.76488E-01
 4.00000E-01    5.78560E-01
 5.00000E-01    9.48534E-01
 6.00000E-01    1.32244E+00
 7.00000E-01    1.69066E+00
 8.00000E-01    2.05260E+00
 9.00000E-01    2.40260E+00
 1.00000E+00    2.68826E+00
 1.20000E+00    3.10661E+00
 1.40000E+00    3.02085E+00
 1.60000E+00    2.44943E+00
 1.80000E+00    1.74861E+00
 2.00000E+00    1.17385E+00
 2.20000E+00    7.64933E-01
 2.40000E+00    4.88965E-01
 2.60000E+00    3.09482E-01
 2.80000E+00    1.95713E-01
 3.00000E+00    1.24295E-01
 3.20000E+00    7.94348E-02
 3.40000E+00    5.09760E-02
 3.60000E+00    3.27690E-02
 3.80000E+00    2.10463E-02
 4.00000E+00    1.35001E-02
 4.20000E+00    8.66364E-03
 4.40000E+00    5.57727E-03
 4.60000E+00    3.60338E-03
 4.80000E+00    2.35105E-03
 5.00000E+00    1.54593E-03
 5.20000E+00    1.02445E-03
 5.40000E+00    6.86678E-04
 5.60000E+00    4.65312E-04
 5.80000E+00    3.19956E-04
 6.00000E+00    2.22592E-04
 6.20000E+00    1.56649E-04
 6.40000E+00    1.11502E-04
 6.60000E+00    8.00867E-05
 6.80000E+00    5.80662E-05
 7.00000E+00    4.23841E-05
 7.20000E+00    3.11269E-05
 7.40000E+00    2.29719E-05
 7.60000E+00    1.70068E-05
 7.80000E+00    1.26444E-05
 8.00000E+00    9.41943E-06
 8.50000E+00    4.55806E-06
 9.00000E+00    2.23823E-06
 9.50000E+00    1.11773E-06
 1.00000E+01    5.69135E-07
 1.05000E+01    2.95972E-07
 1.10000E+01    1.57344E-07
 1.15000E+01    8.54299E-08
 1.20000E+01    4.72848E-08
 1.25000E+01    2.66204E-08
 1.30000E+01    1.52111E-08
 1.35000E+01    8.81023E-09
 1.40000E+01    5.16929E-09
 1.45000E+01    3.07165E-09
 1.50000E+01    1.84962E-09
 1.60000E+01    6.98310E-10
 1.70000E+01    2.77132E-10
 1.80000E+01    1.16510E-10
 1.90000E+01    5.13386E-11
 2.00000E+01    2.35305E-11
 2.10000E+01    1.11447E-11
 2.20000E+01    5.42631E-12
 2.30000E+01    2.71937E-12
 2.40000E+01    1.39967E-12
 2.50000E+01    7.43174E-13
 2.60000E+01    4.04316E-13
 2.70000E+01    2.25370E-13
 2.80000E+01    1.28451E-13
 2.90000E+01    7.47538E-14
 3.00000E+01    4.43234E-14
