# n + Ac228 : (n,n'09)  
# tendl.2017 A.J. Koning and D. Rochman        EVAL-NOV17
# uncertainties: n
# # energies =    95
#   E(MeV)       xs(mb) 
 1.48803E-01    0.00000E+00
 1.74682E-01    3.78544E+00
 1.75687E-01    3.93245E+00
 1.87743E-01    5.69593E+00
 1.96945E-01    7.04195E+00
 2.00000E-01    7.48882E+00
 2.17880E-01    9.71675E+00
 2.22218E-01    1.02573E+01
 2.55234E-01    1.43712E+01
 2.57129E-01    1.46074E+01
 2.58937E-01    1.48327E+01
 2.59741E-01    1.49328E+01
 2.60344E-01    1.50080E+01
 2.63152E-01    1.53579E+01
 2.79492E-01    1.73939E+01
 2.91062E-01    1.88356E+01
 2.92922E-01    1.90674E+01
 2.93778E-01    1.91740E+01
 2.94484E-01    1.92620E+01
 3.00000E-01    1.99493E+01
 3.01098E-01    2.00041E+01
 3.03699E-01    2.01339E+01
 3.05295E-01    2.02136E+01
 3.07078E-01    2.03026E+01
 4.00000E-01    2.49401E+01
 5.00000E-01    2.41567E+01
 6.00000E-01    2.11545E+01
 7.00000E-01    1.79001E+01
 8.00000E-01    1.50940E+01
 9.00000E-01    1.28638E+01
 1.00000E+00    1.09931E+01
 1.20000E+00    8.57818E+00
 1.40000E+00    6.73245E+00
 1.60000E+00    4.99772E+00
 1.80000E+00    3.49141E+00
 2.00000E+00    2.35477E+00
 2.20000E+00    1.54938E+00
 2.40000E+00    9.95218E-01
 2.60000E+00    6.26927E-01
 2.80000E+00    3.90292E-01
 3.00000E+00    2.41698E-01
 3.20000E+00    1.49665E-01
 3.40000E+00    9.28697E-02
 3.60000E+00    5.78242E-02
 3.80000E+00    3.61046E-02
 4.00000E+00    2.26101E-02
 4.20000E+00    1.42164E-02
 4.40000E+00    8.98908E-03
 4.60000E+00    5.71361E-03
 4.80000E+00    3.66694E-03
 5.00000E+00    2.37170E-03
 5.20000E+00    1.54421E-03
 5.40000E+00    1.01537E-03
 5.60000E+00    6.73943E-04
 5.80000E+00    4.52944E-04
 6.00000E+00    3.07502E-04
 6.20000E+00    2.10892E-04
 6.40000E+00    1.46151E-04
 6.60000E+00    1.02165E-04
 6.80000E+00    7.21389E-05
 7.00000E+00    5.13252E-05
 7.20000E+00    3.67986E-05
 7.40000E+00    2.65656E-05
 7.60000E+00    1.92736E-05
 7.80000E+00    1.40749E-05
 8.00000E+00    1.03168E-05
 8.50000E+00    4.82713E-06
 9.00000E+00    2.30721E-06
 9.50000E+00    1.12531E-06
 1.00000E+01    5.60295E-07
 1.05000E+01    2.84911E-07
 1.10000E+01    1.48054E-07
 1.15000E+01    7.85787E-08
 1.20000E+01    4.25469E-08
 1.25000E+01    2.34662E-08
 1.30000E+01    1.31607E-08
 1.35000E+01    7.49604E-09
 1.40000E+01    4.33246E-09
 1.45000E+01    2.53925E-09
 1.50000E+01    1.50951E-09
 1.60000E+01    5.56180E-10
 1.70000E+01    2.15502E-10
 1.80000E+01    8.84664E-11
 1.90000E+01    3.80937E-11
 2.00000E+01    1.70931E-11
 2.10000E+01    7.94652E-12
 2.20000E+01    3.80823E-12
 2.30000E+01    1.88257E-12
 2.40000E+01    9.57097E-13
 2.50000E+01    5.02295E-13
 2.60000E+01    2.70205E-13
 2.70000E+01    1.48994E-13
 2.80000E+01    8.40661E-14
 2.90000E+01    4.84781E-14
 3.00000E+01    2.85120E-14
