# n + Ac228 : (n,n'10)  
# tendl.2017 A.J. Koning and D. Rochman        EVAL-NOV17
# uncertainties: n
# # energies =    94
#   E(MeV)       xs(mb) 
 1.74682E-01    0.00000E+00
 1.75687E-01    7.84719E-02
 1.87743E-01    1.01983E+00
 1.96945E-01    1.73834E+00
 2.00000E-01    1.97688E+00
 2.17880E-01    3.90634E+01
 2.22218E-01    4.80613E+01
 2.55234E-01    1.16543E+02
 2.57129E-01    1.20473E+02
 2.58937E-01    1.24224E+02
 2.59741E-01    1.25891E+02
 2.60344E-01    1.27142E+02
 2.63152E-01    1.32966E+02
 2.79492E-01    1.66858E+02
 2.91062E-01    1.90857E+02
 2.92922E-01    1.94715E+02
 2.93778E-01    1.96490E+02
 2.94484E-01    1.97955E+02
 3.00000E-01    2.09396E+02
 3.01098E-01    2.11733E+02
 3.03699E-01    2.17268E+02
 3.05295E-01    2.20665E+02
 3.07078E-01    2.24459E+02
 4.00000E-01    4.22212E+02
 5.00000E-01    5.94314E+02
 6.00000E-01    7.17020E+02
 7.00000E-01    8.03075E+02
 8.00000E-01    8.69645E+02
 9.00000E-01    9.32111E+02
 1.00000E+00    1.00181E+03
 1.20000E+00    1.19003E+03
 1.40000E+00    1.43613E+03
 1.60000E+00    1.65997E+03
 1.80000E+00    1.76882E+03
 2.00000E+00    1.74683E+03
 2.20000E+00    1.63938E+03
 2.40000E+00    1.49519E+03
 2.60000E+00    1.34534E+03
 2.80000E+00    1.20601E+03
 3.00000E+00    1.08401E+03
 3.20000E+00    9.80309E+02
 3.40000E+00    8.92628E+02
 3.60000E+00    8.17423E+02
 3.80000E+00    7.51385E+02
 4.00000E+00    6.92259E+02
 4.20000E+00    6.38860E+02
 4.40000E+00    5.90755E+02
 4.60000E+00    5.47775E+02
 4.80000E+00    5.09763E+02
 5.00000E+00    4.76501E+02
 5.20000E+00    4.47676E+02
 5.40000E+00    4.22946E+02
 5.60000E+00    4.01965E+02
 5.80000E+00    3.84392E+02
 6.00000E+00    3.69899E+02
 6.20000E+00    3.58149E+02
 6.40000E+00    3.48783E+02
 6.60000E+00    3.41402E+02
 6.80000E+00    3.35572E+02
 7.00000E+00    3.30833E+02
 7.20000E+00    3.26740E+02
 7.40000E+00    3.22892E+02
 7.60000E+00    3.18975E+02
 7.80000E+00    3.14772E+02
 8.00000E+00    3.10171E+02
 8.50000E+00    2.96882E+02
 9.00000E+00    2.81780E+02
 9.50000E+00    2.66051E+02
 1.00000E+01    2.50641E+02
 1.05000E+01    2.36192E+02
 1.10000E+01    2.23046E+02
 1.15000E+01    2.11260E+02
 1.20000E+01    2.00659E+02
 1.25000E+01    1.90963E+02
 1.30000E+01    1.81919E+02
 1.35000E+01    1.73367E+02
 1.40000E+01    1.65263E+02
 1.45000E+01    1.57635E+02
 1.50000E+01    1.50547E+02
 1.60000E+01    1.38199E+02
 1.70000E+01    1.28350E+02
 1.80000E+01    1.20587E+02
 1.90000E+01    1.14095E+02
 2.00000E+01    1.08048E+02
 2.10000E+01    1.01966E+02
 2.20000E+01    9.58405E+01
 2.30000E+01    8.99899E+01
 2.40000E+01    8.47690E+01
 2.50000E+01    8.03615E+01
 2.60000E+01    7.67456E+01
 2.70000E+01    7.37568E+01
 2.80000E+01    7.11636E+01
 2.90000E+01    6.87389E+01
 3.00000E+01    6.63351E+01
