# n + Ac228 : (n,n'14)  
# tendl.2017 A.J. Koning and D. Rochman        EVAL-NOV17
# uncertainties: n
# # energies =    89
#   E(MeV)       xs(mb) 
 2.17880E-01    0.00000E+00
 2.22218E-01    2.50278E-01
 2.55234E-01    2.15511E+00
 2.57129E-01    2.26444E+00
 2.58937E-01    2.36875E+00
 2.59741E-01    2.41513E+00
 2.60344E-01    2.44992E+00
 2.63152E-01    2.61193E+00
 2.79492E-01    3.55465E+00
 2.91062E-01    4.22217E+00
 2.92922E-01    4.32948E+00
 2.93778E-01    4.37887E+00
 2.94484E-01    4.41960E+00
 3.00000E-01    4.73784E+00
 3.01098E-01    4.78815E+00
 3.03699E-01    4.90733E+00
 3.05295E-01    4.98046E+00
 3.07078E-01    5.06216E+00
 4.00000E-01    9.31990E+00
 5.00000E-01    1.07383E+01
 6.00000E-01    1.04202E+01
 7.00000E-01    9.54904E+00
 8.00000E-01    8.66299E+00
 9.00000E-01    7.92487E+00
 1.00000E+00    7.24290E+00
 1.20000E+00    6.31040E+00
 1.40000E+00    5.31199E+00
 1.60000E+00    4.11636E+00
 1.80000E+00    2.95799E+00
 2.00000E+00    2.02924E+00
 2.20000E+00    1.34748E+00
 2.40000E+00    8.70673E-01
 2.60000E+00    5.51592E-01
 2.80000E+00    3.45764E-01
 3.00000E+00    2.15982E-01
 3.20000E+00    1.35122E-01
 3.40000E+00    8.47890E-02
 3.60000E+00    5.33867E-02
 3.80000E+00    3.36870E-02
 4.00000E+00    2.12950E-02
 4.20000E+00    1.34982E-02
 4.40000E+00    8.59450E-03
 4.60000E+00    5.49745E-03
 4.80000E+00    3.54748E-03
 5.00000E+00    2.30788E-03
 5.20000E+00    1.51146E-03
 5.40000E+00    9.99850E-04
 5.60000E+00    6.68229E-04
 5.80000E+00    4.52351E-04
 6.00000E+00    3.09589E-04
 6.20000E+00    2.14160E-04
 6.40000E+00    1.49758E-04
 6.60000E+00    1.05662E-04
 6.80000E+00    7.53221E-05
 7.00000E+00    5.40825E-05
 7.20000E+00    3.91216E-05
 7.40000E+00    2.84873E-05
 7.60000E+00    2.08294E-05
 7.80000E+00    1.53257E-05
 8.00000E+00    1.13090E-05
 8.50000E+00    5.36901E-06
 9.00000E+00    2.59746E-06
 9.50000E+00    1.28053E-06
 1.00000E+01    6.44091E-07
 1.05000E+01    3.30841E-07
 1.10000E+01    1.73674E-07
 1.15000E+01    9.31107E-08
 1.20000E+01    5.09094E-08
 1.25000E+01    2.83360E-08
 1.30000E+01    1.60246E-08
 1.35000E+01    9.19550E-09
 1.40000E+01    5.35012E-09
 1.45000E+01    3.15451E-09
 1.50000E+01    1.88558E-09
 1.60000E+01    7.01801E-10
 1.70000E+01    2.74553E-10
 1.80000E+01    1.13772E-10
 1.90000E+01    4.94347E-11
 2.00000E+01    2.23675E-11
 2.10000E+01    1.04750E-11
 2.20000E+01    5.05156E-12
 2.30000E+01    2.51067E-12
 2.40000E+01    1.28255E-12
 2.50000E+01    6.76107E-13
 2.60000E+01    3.65261E-13
 2.70000E+01    2.02230E-13
 2.80000E+01    1.14537E-13
 2.90000E+01    6.62771E-14
 3.00000E+01    3.91005E-14
