# n + Ac228 : (n,n'17)  
# tendl.2017 A.J. Koning and D. Rochman        EVAL-NOV17
# uncertainties: n
# # energies =    86
#   E(MeV)       xs(mb) 
 2.57129E-01    0.00000E+00
 2.58937E-01    2.59074E-03
 2.59741E-01    3.74284E-03
 2.60344E-01    4.60689E-03
 2.63152E-01    8.63060E-03
 2.79492E-01    3.20449E-02
 2.91062E-01    4.86240E-02
 2.92922E-01    5.12893E-02
 2.93778E-01    5.25159E-02
 2.94484E-01    5.35275E-02
 3.00000E-01    6.14317E-02
 3.01098E-01    6.36169E-02
 3.03699E-01    6.87935E-02
 3.05295E-01    7.19698E-02
 3.07078E-01    7.55184E-02
 4.00000E-01    2.60453E-01
 5.00000E-01    4.38528E-01
 6.00000E-01    5.64284E-01
 7.00000E-01    6.55322E-01
 8.00000E-01    7.29825E-01
 9.00000E-01    7.95105E-01
 1.00000E+00    8.38017E-01
 1.20000E+00    8.79904E-01
 1.40000E+00    8.06413E-01
 1.60000E+00    6.60675E-01
 1.80000E+00    5.25568E-01
 2.00000E+00    4.37651E-01
 2.20000E+00    3.93111E-01
 2.40000E+00    3.80363E-01
 2.60000E+00    3.89787E-01
 2.80000E+00    4.14013E-01
 3.00000E+00    4.47491E-01
 3.20000E+00    4.86237E-01
 3.40000E+00    5.27333E-01
 3.60000E+00    5.68753E-01
 3.80000E+00    6.09247E-01
 4.00000E+00    6.48352E-01
 4.20000E+00    6.86256E-01
 4.40000E+00    7.23620E-01
 4.60000E+00    7.61320E-01
 4.80000E+00    8.00302E-01
 5.00000E+00    8.41425E-01
 5.20000E+00    8.85361E-01
 5.40000E+00    9.32536E-01
 5.60000E+00    9.83059E-01
 5.80000E+00    1.03664E+00
 6.00000E+00    1.09257E+00
 6.20000E+00    1.14969E+00
 6.40000E+00    1.20646E+00
 6.60000E+00    1.26105E+00
 6.80000E+00    1.31158E+00
 7.00000E+00    1.35627E+00
 7.20000E+00    1.39375E+00
 7.40000E+00    1.42316E+00
 7.60000E+00    1.44424E+00
 7.80000E+00    1.45727E+00
 8.00000E+00    1.46301E+00
 8.50000E+00    1.45258E+00
 9.00000E+00    1.42096E+00
 9.50000E+00    1.38239E+00
 1.00000E+01    1.34550E+00
 1.05000E+01    1.31421E+00
 1.10000E+01    1.28918E+00
 1.15000E+01    1.26906E+00
 1.20000E+01    1.25153E+00
 1.25000E+01    1.23429E+00
 1.30000E+01    1.21566E+00
 1.35000E+01    1.19486E+00
 1.40000E+01    1.17190E+00
 1.45000E+01    1.14733E+00
 1.50000E+01    1.12189E+00
 1.60000E+01    1.07112E+00
 1.70000E+01    1.02333E+00
 1.80000E+01    9.79434E-01
 1.90000E+01    9.38566E-01
 2.00000E+01    8.99526E-01
 2.10000E+01    8.61599E-01
 2.20000E+01    8.24885E-01
 2.30000E+01    7.90096E-01
 2.40000E+01    7.58014E-01
 2.50000E+01    7.29037E-01
 2.60000E+01    7.03078E-01
 2.70000E+01    6.79665E-01
 2.80000E+01    6.58139E-01
 2.90000E+01    6.37856E-01
 3.00000E+01    6.18383E-01
