# n + Ac228 : (n,n'20)  
# tendl.2017 A.J. Koning and D. Rochman        EVAL-NOV17
# uncertainties: n
# # energies =    83
#   E(MeV)       xs(mb) 
 2.60344E-01    0.00000E+00
 2.63152E-01    2.81557E-01
 2.79492E-01    1.91996E+00
 2.91062E-01    3.08008E+00
 2.92922E-01    3.26658E+00
 2.93778E-01    3.35241E+00
 2.94484E-01    3.42320E+00
 3.00000E-01    3.97629E+00
 3.01098E-01    4.01142E+00
 3.03699E-01    4.09462E+00
 3.05295E-01    4.14568E+00
 3.07078E-01    4.20272E+00
 4.00000E-01    7.17539E+00
 5.00000E-01    7.98969E+00
 6.00000E-01    7.69543E+00
 7.00000E-01    6.98497E+00
 8.00000E-01    6.19058E+00
 9.00000E-01    5.43765E+00
 1.00000E+00    4.69568E+00
 1.20000E+00    3.54037E+00
 1.40000E+00    2.57092E+00
 1.60000E+00    1.78669E+00
 1.80000E+00    1.22046E+00
 2.00000E+00    8.37396E-01
 2.20000E+00    5.74575E-01
 2.40000E+00    3.90222E-01
 2.60000E+00    2.61585E-01
 2.80000E+00    1.73524E-01
 3.00000E+00    1.14300E-01
 3.20000E+00    7.50498E-02
 3.40000E+00    4.92427E-02
 3.60000E+00    3.23562E-02
 3.80000E+00    2.13015E-02
 4.00000E+00    1.40584E-02
 4.20000E+00    9.30903E-03
 4.40000E+00    6.19057E-03
 4.60000E+00    4.13229E-03
 4.80000E+00    2.77766E-03
 5.00000E+00    1.87784E-03
 5.20000E+00    1.27472E-03
 5.40000E+00    8.70895E-04
 5.60000E+00    5.99207E-04
 5.80000E+00    4.16025E-04
 6.00000E+00    2.90928E-04
 6.20000E+00    2.04830E-04
 6.40000E+00    1.45192E-04
 6.60000E+00    1.03437E-04
 6.80000E+00    7.41894E-05
 7.00000E+00    5.34168E-05
 7.20000E+00    3.86377E-05
 7.40000E+00    2.80805E-05
 7.60000E+00    2.04562E-05
 7.80000E+00    1.49816E-05
 8.00000E+00    1.09978E-05
 8.50000E+00    5.15236E-06
 9.00000E+00    2.46419E-06
 9.50000E+00    1.20428E-06
 1.00000E+01    6.02048E-07
 1.05000E+01    3.07986E-07
 1.10000E+01    1.61244E-07
 1.15000E+01    8.62940E-08
 1.20000E+01    4.71282E-08
 1.25000E+01    2.62125E-08
 1.30000E+01    1.48169E-08
 1.35000E+01    8.49910E-09
 1.40000E+01    4.94248E-09
 1.45000E+01    2.91199E-09
 1.50000E+01    1.73875E-09
 1.60000E+01    6.45056E-10
 1.70000E+01    2.51216E-10
 1.80000E+01    1.03563E-10
 1.90000E+01    4.47726E-11
 2.00000E+01    2.01707E-11
 2.10000E+01    9.41283E-12
 2.20000E+01    4.52576E-12
 2.30000E+01    2.24340E-12
 2.40000E+01    1.14324E-12
 2.50000E+01    6.01293E-13
 2.60000E+01    3.24136E-13
 2.70000E+01    1.79080E-13
 2.80000E+01    1.01211E-13
 2.90000E+01    5.84439E-14
 3.00000E+01    3.44121E-14
