# n + Ac228 : (n,n'21)  
# tendl.2017 A.J. Koning and D. Rochman        EVAL-NOV17
# uncertainties: n
# # energies =    82
#   E(MeV)       xs(mb) 
 2.63152E-01    0.00000E+00
 2.79492E-01    1.48251E-04
 2.91062E-01    2.53224E-04
 2.92922E-01    2.70099E-04
 2.93778E-01    2.77866E-04
 2.94484E-01    2.84271E-04
 3.00000E-01    3.34317E-04
 3.01098E-01    3.96748E-04
 3.03699E-01    5.44642E-04
 3.05295E-01    6.35391E-04
 3.07078E-01    7.36774E-04
 4.00000E-01    6.02035E-03
 5.00000E-01    2.23202E-02
 6.00000E-01    5.03437E-02
 7.00000E-01    8.88446E-02
 8.00000E-01    1.35373E-01
 9.00000E-01    1.86254E-01
 1.00000E+00    2.33271E-01
 1.20000E+00    3.05100E-01
 1.40000E+00    3.13394E-01
 1.60000E+00    2.67770E-01
 1.80000E+00    2.06798E-01
 2.00000E+00    1.53640E-01
 2.20000E+00    1.12237E-01
 2.40000E+00    8.10087E-02
 2.60000E+00    5.79596E-02
 2.80000E+00    4.12629E-02
 3.00000E+00    2.92827E-02
 3.20000E+00    2.07338E-02
 3.40000E+00    1.46334E-02
 3.60000E+00    1.02902E-02
 3.80000E+00    7.20388E-03
 4.00000E+00    5.02300E-03
 4.20000E+00    3.49404E-03
 4.40000E+00    2.43049E-03
 4.60000E+00    1.69185E-03
 4.80000E+00    1.18322E-03
 5.00000E+00    8.31869E-04
 5.20000E+00    5.86665E-04
 5.40000E+00    4.16369E-04
 5.60000E+00    2.97636E-04
 5.80000E+00    2.14564E-04
 6.00000E+00    1.55781E-04
 6.20000E+00    1.13746E-04
 6.40000E+00    8.34881E-05
 6.60000E+00    6.14707E-05
 6.80000E+00    4.54641E-05
 7.00000E+00    3.36525E-05
 7.20000E+00    2.49591E-05
 7.40000E+00    1.85467E-05
 7.60000E+00    1.37754E-05
 7.80000E+00    1.02637E-05
 8.00000E+00    7.64755E-06
 8.50000E+00    3.69450E-06
 9.00000E+00    1.81202E-06
 9.50000E+00    9.06679E-07
 1.00000E+01    4.64383E-07
 1.05000E+01    2.43766E-07
 1.10000E+01    1.31143E-07
 1.15000E+01    7.21636E-08
 1.20000E+01    4.04996E-08
 1.25000E+01    2.31109E-08
 1.30000E+01    1.33730E-08
 1.35000E+01    7.83367E-09
 1.40000E+01    4.64202E-09
 1.45000E+01    2.78203E-09
 1.50000E+01    1.68765E-09
 1.60000E+01    6.44973E-10
 1.70000E+01    2.58571E-10
 1.80000E+01    1.09718E-10
 1.90000E+01    4.87813E-11
 2.00000E+01    2.25529E-11
 2.10000E+01    1.07657E-11
 2.20000E+01    5.27658E-12
 2.30000E+01    2.65872E-12
 2.40000E+01    1.37483E-12
 2.50000E+01    7.33162E-13
 2.60000E+01    4.00605E-13
 2.70000E+01    2.24278E-13
 2.80000E+01    1.28371E-13
 2.90000E+01    7.50002E-14
 3.00000E+01    4.46270E-14
