# n + Ac228 : (n,n'24)  
# tendl.2017 A.J. Koning and D. Rochman        EVAL-NOV17
# uncertainties: n
# # energies =    79
#   E(MeV)       xs(mb) 
 2.92922E-01    0.00000E+00
 2.93778E-01    8.02114E-02
 2.94484E-01    1.46365E-01
 3.00000E-01    6.63236E-01
 3.01098E-01    6.87729E-01
 3.03699E-01    7.45750E-01
 3.05295E-01    7.81353E-01
 3.07078E-01    8.21127E-01
 4.00000E-01    2.89396E+00
 5.00000E-01    3.82020E+00
 6.00000E-01    4.07265E+00
 7.00000E-01    3.98504E+00
 8.00000E-01    3.76278E+00
 9.00000E-01    3.50471E+00
 1.00000E+00    3.20637E+00
 1.20000E+00    2.71751E+00
 1.40000E+00    2.23577E+00
 1.60000E+00    1.79596E+00
 1.80000E+00    1.46220E+00
 2.00000E+00    1.23714E+00
 2.20000E+00    1.09154E+00
 2.40000E+00    1.00536E+00
 2.60000E+00    9.67006E-01
 2.80000E+00    9.66228E-01
 3.00000E+00    9.92758E-01
 3.20000E+00    1.03710E+00
 3.40000E+00    1.09086E+00
 3.60000E+00    1.14738E+00
 3.80000E+00    1.20211E+00
 4.00000E+00    1.25267E+00
 4.20000E+00    1.29862E+00
 4.40000E+00    1.34073E+00
 4.60000E+00    1.38041E+00
 4.80000E+00    1.41919E+00
 5.00000E+00    1.45854E+00
 5.20000E+00    1.49961E+00
 5.40000E+00    1.54320E+00
 5.60000E+00    1.58976E+00
 5.80000E+00    1.63921E+00
 6.00000E+00    1.69100E+00
 6.20000E+00    1.74411E+00
 6.40000E+00    1.79699E+00
 6.60000E+00    1.84783E+00
 6.80000E+00    1.89464E+00
 7.00000E+00    1.93557E+00
 7.20000E+00    1.96911E+00
 7.40000E+00    1.99427E+00
 7.60000E+00    2.01067E+00
 7.80000E+00    2.01854E+00
 8.00000E+00    2.01857E+00
 8.50000E+00    1.99168E+00
 9.00000E+00    1.94116E+00
 9.50000E+00    1.88257E+00
 1.00000E+01    1.82573E+00
 1.05000E+01    1.77550E+00
 1.10000E+01    1.73300E+00
 1.15000E+01    1.69700E+00
 1.20000E+01    1.66500E+00
 1.25000E+01    1.63443E+00
 1.30000E+01    1.60335E+00
 1.35000E+01    1.57078E+00
 1.40000E+01    1.53664E+00
 1.45000E+01    1.50146E+00
 1.50000E+01    1.46597E+00
 1.60000E+01    1.39688E+00
 1.70000E+01    1.33298E+00
 1.80000E+01    1.27464E+00
 1.90000E+01    1.22035E+00
 2.00000E+01    1.16837E+00
 2.10000E+01    1.11778E+00
 2.20000E+01    1.06881E+00
 2.30000E+01    1.02242E+00
 2.40000E+01    9.79518E-01
 2.50000E+01    9.40460E-01
 2.60000E+01    9.05018E-01
 2.70000E+01    8.72600E-01
 2.80000E+01    8.42496E-01
 2.90000E+01    8.14067E-01
 3.00000E+01    7.86903E-01
