# n + Ac225 : (n,2n)    
# endfb8.0   O.Iwamoto, T.Nakagawa, et al.     EVAL-FEB10
# uncertainties: y
# # energies =    28
#   E(MeV)       xs(mb)       xslow(mb)      xsupp(mb)
 6.69771E+00    0.00000E+00    0.00000E+00    0.00000E+00
 7.00000E+00    6.01968E+01    3.86463E+01    8.17473E+01
 7.50000E+00    5.35415E+02    3.43736E+02    7.27094E+02
 8.00000E+00    1.10310E+03    9.11161E+02    1.29504E+03
 8.50000E+00    1.55631E+03    1.28551E+03    1.82711E+03
 9.00000E+00    1.88489E+03    1.62855E+03    2.14124E+03
 9.50000E+00    2.10186E+03    1.81601E+03    2.38771E+03
 1.00000E+01    2.24580E+03    1.99202E+03    2.49958E+03
 1.05000E+01    2.33212E+03    2.06859E+03    2.59565E+03
 1.10000E+01    2.39140E+03    2.12117E+03    2.66163E+03
 1.15000E+01    2.43159E+03    2.15682E+03    2.70636E+03
 1.20000E+01    2.45878E+03    2.23233E+03    2.68523E+03
 1.25000E+01    2.47426E+03    2.24638E+03    2.70214E+03
 1.30000E+01    2.47981E+03    2.25142E+03    2.70820E+03
 1.35000E+01    2.44333E+03    2.21830E+03    2.66836E+03
 1.40000E+01    2.31547E+03    2.13116E+03    2.49978E+03
 1.45000E+01    2.12493E+03    1.95579E+03    2.29407E+03
 1.50000E+01    1.89236E+03    1.75138E+03    2.03334E+03
 1.55000E+01    1.68901E+03    1.56318E+03    1.81484E+03
 1.60000E+01    1.44409E+03    1.31629E+03    1.57189E+03
 1.65000E+01    1.26285E+03    1.15109E+03    1.37461E+03
 1.70000E+01    1.06264E+03    9.68596E+02    1.15668E+03
 1.75000E+01    9.29901E+02    8.47605E+02    1.01220E+03
 1.80000E+01    8.19043E+02    7.10929E+02    9.27157E+02
 1.85000E+01    7.52686E+02    6.53331E+02    8.52041E+02
 1.90000E+01    6.73296E+02    5.84421E+02    7.62171E+02
 1.95000E+01    6.08841E+02    5.28474E+02    6.89208E+02
 2.00000E+01    5.56171E+02    4.82756E+02    6.29586E+02
