# n + Ac225 :  n        
# endfb8.0   O.Iwamoto, T.Nakagawa, et al.     EVAL-FEB10
# uncertainties: n
# # energies =   567
#   E(MeV)       xs(mb) 
 1.00000E-11    2.50483E+01
 1.03223E-11    2.46541E+01
 1.06549E-11    2.42663E+01
 1.09984E-11    2.38845E+01
 1.13527E-11    2.35088E+01
 1.17186E-11    2.31389E+01
 1.20962E-11    2.27749E+01
 1.24861E-11    2.24166E+01
 1.28884E-11    2.20640E+01
 1.33038E-11    2.17168E+01
 1.37325E-11    2.13752E+01
 1.41751E-11    2.10389E+01
 1.46318E-11    2.07079E+01
 1.51034E-11    2.03821E+01
 1.55901E-11    2.00615E+01
 1.60926E-11    1.97459E+01
 1.66111E-11    1.94353E+01
 1.71465E-11    1.91295E+01
 1.76990E-11    1.88286E+01
 1.82694E-11    1.85323E+01
 1.88581E-11    1.82408E+01
 1.94659E-11    1.79538E+01
 2.00931E-11    1.76715E+01
 2.07407E-11    1.73934E+01
 2.14090E-11    1.71198E+01
 2.20991E-11    1.68505E+01
 2.28111E-11    1.65855E+01
 2.35464E-11    1.63245E+01
 2.43051E-11    1.60678E+01
 2.50884E-11    1.58150E+01
 2.58968E-11    1.55662E+01
 2.67315E-11    1.53213E+01
 2.75928E-11    1.50803E+01
 2.84822E-11    1.48431E+01
 2.93999E-11    1.46096E+01
 3.03475E-11    1.43798E+01
 3.13253E-11    1.41536E+01
 3.23350E-11    1.39310E+01
 3.33769E-11    1.37119E+01
 3.44526E-11    1.34962E+01
 3.55627E-11    1.32839E+01
 3.67089E-11    1.30749E+01
 3.78918E-11    1.28693E+01
 3.91130E-11    1.26668E+01
 4.03734E-11    1.24676E+01
 4.16746E-11    1.22715E+01
 4.30174E-11    1.20785E+01
 4.44039E-11    1.18885E+01
 4.58347E-11    1.17015E+01
 4.73119E-11    1.15175E+01
 4.88364E-11    1.13363E+01
 5.04104E-11    1.11580E+01
 5.20348E-11    1.09825E+01
 5.37119E-11    1.08098E+01
 5.54426E-11    1.06398E+01
 5.72295E-11    1.04725E+01
 5.90736E-11    1.03078E+01
 6.09775E-11    1.01456E+01
 6.29424E-11    9.98610E+00
 6.49710E-11    9.82903E+00
 6.70645E-11    9.67447E+00
 6.92260E-11    9.52231E+00
 7.14566E-11    9.37258E+00
 7.37596E-11    9.22517E+00
 7.61364E-11    9.08011E+00
 7.85902E-11    8.93731E+00
 8.11227E-11    8.79678E+00
 8.37372E-11    8.65844E+00
 8.64355E-11    8.52229E+00
 8.92212E-11    8.38827E+00
 9.20962E-11    8.25638E+00
 9.50644E-11    8.12654E+00
 9.81277E-11    7.99877E+00
 1.01291E-10    7.87297E+00
 1.04554E-10    7.74921E+00
 1.07924E-10    7.62734E+00
 1.11402E-10    7.50744E+00
 1.14992E-10    7.38938E+00
 1.18697E-10    7.27322E+00
 1.22523E-10    7.15884E+00
 1.26471E-10    7.04631E+00
 1.30547E-10    6.93551E+00
 1.34754E-10    6.82649E+00
 1.39097E-10    6.71915E+00
 1.43579E-10    6.61353E+00
 1.48207E-10    6.50954E+00
 1.52982E-10    6.40723E+00
 1.57913E-10    6.30648E+00
 1.63001E-10    6.20736E+00
 1.68254E-10    6.10976E+00
 1.73676E-10    6.01374E+00
 1.79274E-10    5.91919E+00
 1.85050E-10    5.82616E+00
 1.91014E-10    5.73456E+00
 1.97169E-10    5.64443E+00
 2.03524E-10    5.55570E+00
 2.10082E-10    5.46838E+00
 2.16853E-10    5.38242E+00
 2.23840E-10    5.29783E+00
 2.31055E-10    5.21455E+00
 2.38500E-10    5.13260E+00
 2.46187E-10    5.05192E+00
 2.54120E-10    4.97253E+00
 2.62310E-10    4.89436E+00
 2.70762E-10    4.81745E+00
 2.79489E-10    4.74173E+00
 2.88494E-10    4.66722E+00
 2.97793E-10    4.59386E+00
 3.07388E-10    4.52167E+00
 3.17295E-10    4.45060E+00
 3.27519E-10    4.38067E+00
 3.38075E-10    4.31181E+00
 3.48969E-10    4.24406E+00
 3.60216E-10    4.17736E+00
 3.71823E-10    4.11172E+00
 3.83807E-10    4.04710E+00
 3.96174E-10    3.98351E+00
 4.08943E-10    3.92090E+00
 4.22120E-10    3.85930E+00
 4.35725E-10    3.79865E+00
 4.49765E-10    3.73896E+00
 4.64261E-10    3.68020E+00
 4.79221E-10    3.62238E+00
 4.94666E-10    3.56546E+00
 5.10605E-10    3.50944E+00
 5.27062E-10    3.45429E+00
 5.44045E-10    3.40001E+00
 5.61580E-10    3.34659E+00
 5.79675E-10    3.29401E+00
 5.98358E-10    3.24224E+00
 6.17639E-10    3.19130E+00
 6.37545E-10    3.14116E+00
 6.58089E-10    3.09180E+00
 6.79298E-10    3.04322E+00
 7.01188E-10    2.99541E+00
 7.23786E-10    2.94834E+00
 7.47109E-10    2.90202E+00
 7.71188E-10    2.85642E+00
 7.96038E-10    2.81154E+00
 8.21693E-10    2.76737E+00
 8.48171E-10    2.72389E+00
 8.75507E-10    2.68109E+00
 9.03719E-10    2.63897E+00
 9.32845E-10    2.59750E+00
 9.62904E-10    2.55669E+00
 9.93937E-10    2.51652E+00
 1.02597E-09    2.47699E+00
 1.05903E-09    2.43807E+00
 1.09316E-09    2.39976E+00
 1.12839E-09    2.36206E+00
 1.16475E-09    2.32495E+00
 1.20229E-09    2.28842E+00
 1.24103E-09    2.25247E+00
 1.28103E-09    2.21708E+00
 1.32231E-09    2.18225E+00
 1.36492E-09    2.14796E+00
 1.40890E-09    2.11421E+00
 1.45431E-09    2.08099E+00
 1.50117E-09    2.04830E+00
 1.54956E-09    2.01612E+00
 1.59949E-09    1.98445E+00
 1.65104E-09    1.95327E+00
 1.70424E-09    1.92258E+00
 1.75917E-09    1.89237E+00
 1.81585E-09    1.86265E+00
 1.87438E-09    1.83338E+00
 1.93477E-09    1.80458E+00
 1.99713E-09    1.77622E+00
 2.06148E-09    1.74832E+00
 2.12792E-09    1.72085E+00
 2.19649E-09    1.69382E+00
 2.26728E-09    1.66720E+00
 2.34034E-09    1.64101E+00
 2.41577E-09    1.61523E+00
 2.49362E-09    1.58986E+00
 2.57398E-09    1.56488E+00
 2.65692E-09    1.54029E+00
 2.74255E-09    1.51609E+00
 2.83093E-09    1.49228E+00
 2.92217E-09    1.46883E+00
 3.01633E-09    1.44576E+00
 3.11354E-09    1.42304E+00
 3.21387E-09    1.40069E+00
 3.31745E-09    1.37868E+00
 3.42435E-09    1.35703E+00
 3.53471E-09    1.33571E+00
 3.64861E-09    1.31473E+00
 3.76620E-09    1.29407E+00
 3.88757E-09    1.27375E+00
 4.01286E-09    1.25374E+00
 4.14217E-09    1.23404E+00
 4.27566E-09    1.21466E+00
 4.41344E-09    1.19558E+00
 4.55568E-09    1.17680E+00
 4.70248E-09    1.15831E+00
 4.85404E-09    1.14012E+00
 5.01045E-09    1.12221E+00
 5.17193E-09    1.10458E+00
 5.33859E-09    1.08723E+00
 5.51065E-09    1.07015E+00
 5.68822E-09    1.05334E+00
 5.87154E-09    1.03679E+00
 6.06075E-09    1.02050E+00
 6.25608E-09    1.00447E+00
 6.45767E-09    9.88690E-01
 6.66579E-09    9.73156E-01
 6.88059E-09    9.57869E-01
 7.10234E-09    9.42820E-01
 7.33121E-09    9.28009E-01
 7.56748E-09    9.13429E-01
 7.81133E-09    8.99080E-01
 8.06308E-09    8.84954E-01
 8.32291E-09    8.71053E-01
 8.59114E-09    8.57367E-01
 8.86798E-09    8.43899E-01
 9.15378E-09    8.30640E-01
 9.44875E-09    8.17591E-01
 9.75327E-09    8.04746E-01
 1.00676E-08    7.92104E-01
 1.03920E-08    7.79659E-01
 1.07269E-08    7.67411E-01
 1.10726E-08    7.55354E-01
 1.14294E-08    7.43488E-01
 1.17978E-08    7.31807E-01
 1.21779E-08    7.20311E-01
 1.25704E-08    7.08994E-01
 1.29755E-08    6.97857E-01
 1.33937E-08    6.86893E-01
 1.38253E-08    6.76102E-01
 1.42708E-08    6.65479E-01
 1.47307E-08    6.55025E-01
 1.52054E-08    6.44734E-01
 1.56954E-08    6.34606E-01
 1.62012E-08    6.24635E-01
 1.67233E-08    6.14823E-01
 1.72623E-08    6.05164E-01
 1.78185E-08    5.95658E-01
 1.83928E-08    5.86300E-01
 1.89855E-08    5.77091E-01
 1.95974E-08    5.68024E-01
 2.02289E-08    5.59102E-01
 2.08808E-08    5.50318E-01
 2.15537E-08    5.41675E-01
 2.22483E-08    5.33168E-01
 2.29652E-08    5.24799E-01
 2.37054E-08    5.16564E-01
 2.44693E-08    5.08465E-01
 2.52522E-08    5.00555E-01
 2.53000E-08    5.00084E-01
 2.61154E-08    4.92257E-01
 2.69569E-08    4.84561E-01
 2.78257E-08    4.76990E-01
 2.87224E-08    4.69543E-01
 2.96480E-08    4.62215E-01
 3.06034E-08    4.55003E-01
 3.15897E-08    4.47904E-01
 3.26077E-08    4.40915E-01
 3.36586E-08    4.34035E-01
 3.47432E-08    4.27262E-01
 3.58629E-08    4.20595E-01
 3.70185E-08    4.14032E-01
 3.82116E-08    4.07572E-01
 3.94429E-08    4.01214E-01
 4.07141E-08    3.94954E-01
 4.20261E-08    3.88793E-01
 4.33805E-08    3.82726E-01
 4.47784E-08    3.76755E-01
 4.62215E-08    3.70876E-01
 4.77110E-08    3.65089E-01
 4.92486E-08    3.59392E-01
 5.08356E-08    3.53783E-01
 5.24740E-08    3.48262E-01
 5.41649E-08    3.42828E-01
 5.59105E-08    3.37478E-01
 5.77122E-08    3.32214E-01
 5.95722E-08    3.27033E-01
 6.14918E-08    3.21932E-01
 6.34736E-08    3.16910E-01
 6.55190E-08    3.11965E-01
 6.76305E-08    3.07096E-01
 6.98099E-08    3.02303E-01
 7.20597E-08    2.97585E-01
 7.43818E-08    2.92942E-01
 7.67790E-08    2.88372E-01
 7.92531E-08    2.83874E-01
 8.18073E-08    2.79445E-01
 8.44435E-08    2.75086E-01
 8.71649E-08    2.70793E-01
 8.99737E-08    2.66569E-01
 9.28735E-08    2.62409E-01
 9.58662E-08    2.58315E-01
 9.89558E-08    2.54284E-01
 1.02145E-07    2.50315E-01
 1.05437E-07    2.46408E-01
 1.08834E-07    2.42563E-01
 1.12342E-07    2.38778E-01
 1.15962E-07    2.35054E-01
 1.19699E-07    2.31388E-01
 1.23556E-07    2.27780E-01
 1.27538E-07    2.24227E-01
 1.31648E-07    2.20728E-01
 1.35891E-07    2.17282E-01
 1.40270E-07    2.13891E-01
 1.44790E-07    2.10552E-01
 1.49456E-07    2.07267E-01
 1.54273E-07    2.04034E-01
 1.59244E-07    2.00853E-01
 1.64376E-07    1.97719E-01
 1.69673E-07    1.94633E-01
 1.75142E-07    1.91596E-01
 1.80785E-07    1.88608E-01
 1.86612E-07    1.85665E-01
 1.92625E-07    1.82768E-01
 1.98833E-07    1.79916E-01
 2.05240E-07    1.77108E-01
 2.11855E-07    1.74343E-01
 2.18682E-07    1.71622E-01
 2.25730E-07    1.68944E-01
 2.33003E-07    1.66309E-01
 2.40513E-07    1.63717E-01
 2.48263E-07    1.61164E-01
 2.56264E-07    1.58650E-01
 2.64522E-07    1.56173E-01
 2.73047E-07    1.53736E-01
 2.81846E-07    1.51336E-01
 2.90929E-07    1.48974E-01
 3.00304E-07    1.46649E-01
 3.09982E-07    1.44362E-01
 3.19971E-07    1.42112E-01
 3.30284E-07    1.39894E-01
 3.40927E-07    1.37710E-01
 3.51914E-07    1.35562E-01
 3.63254E-07    1.33448E-01
 3.74961E-07    1.31365E-01
 3.87044E-07    1.29315E-01
 3.99518E-07    1.27298E-01
 4.12392E-07    1.25312E-01
 4.25683E-07    1.23356E-01
 4.51647E-07    1.19667E-01
 4.76164E-07    1.16076E-01
 4.89435E-07    1.14213E-01
 5.03075E-07    1.12380E-01
 5.17097E-07    1.10576E-01
 5.31507E-07    1.08801E-01
 5.46322E-07    1.07055E-01
 5.61546E-07    1.05338E-01
 5.77198E-07    1.03649E-01
 5.94540E-07    1.01859E-01
 6.11109E-07    1.00224E-01
 6.28142E-07    9.86144E-02
 6.45647E-07    9.70312E-02
 6.63643E-07    9.54732E-02
 6.82137E-07    9.39406E-02
 7.01150E-07    9.24326E-02
 7.20689E-07    9.09510E-02
 7.42343E-07    8.93806E-02
 7.63034E-07    8.79449E-02
 7.84298E-07    8.65329E-02
 8.06158E-07    8.51454E-02
 8.30380E-07    8.36743E-02
 8.53521E-07    8.23307E-02
 8.77310E-07    8.10101E-02
 9.01759E-07    7.97103E-02
 9.28853E-07    7.83325E-02
 9.54743E-07    7.70748E-02
 9.73084E-07    7.62264E-02
 9.83429E-07    7.57896E-02
 9.89685E-07    7.55597E-02
 9.95985E-07    7.53672E-02
 1.00232E-06    7.52202E-02
 1.00657E-06    7.51482E-02
 1.01367E-06    7.50695E-02
 1.02077E-06    7.50296E-02
 1.04247E-06    7.50046E-02
 1.21247E-04    7.50000E-02
 1.22103E-04    7.50000E-02
 1.22958E-04    7.50000E-02
 1.23825E-04    7.50000E-02
 1.24693E-04    7.50000E-02
 1.27226E-04    7.50000E-02
 1.28000E-04    7.50000E-02
 1.29806E-04    7.50000E-02
 1.30722E-04    7.50000E-02
 1.31637E-04    7.50000E-02
 1.32566E-04    7.50000E-02
 1.39225E-04    7.50000E-02
 1.40207E-04    7.50000E-02
 1.45201E-04    7.50000E-02
 1.46225E-04    7.50000E-02
 1.49327E-04    7.50000E-02
 1.50380E-04    7.50000E-02
 1.60162E-04    7.50000E-02
 1.61292E-04    7.50000E-02
 1.64713E-04    7.50000E-02
 1.65875E-04    7.50000E-02
 1.69393E-04    7.50000E-02
 1.70588E-04    7.50000E-02
 1.71783E-04    7.50000E-02
 1.72995E-04    7.50000E-02
 1.79157E-04    7.50000E-02
 1.80420E-04    7.50000E-02
 1.84248E-04    7.50000E-02
 1.85547E-04    7.50000E-02
 2.00404E-04    7.50000E-02
 2.01818E-04    7.50000E-02
 2.09007E-04    7.50000E-02
 2.10481E-04    7.50000E-02
 2.11955E-04    7.50000E-02
 2.13451E-04    7.50000E-02
 2.21054E-04    7.50000E-02
 2.22613E-04    7.50000E-02
 1.05764E-01    7.50742E-02
 2.00000E-01    7.59791E-02
 2.36556E-01    7.54037E-02
 2.50000E-01    7.65492E-02
 3.02116E-01    8.79205E-02
 3.84746E-01    1.08183E-01
 4.00000E-01    1.11865E-01
 4.34616E-01    1.28516E-01
 4.72578E-01    1.47834E-01
 5.00000E-01    1.62450E-01
 5.35083E-01    1.84324E-01
 5.74672E-01    2.10541E-01
 6.00000E-01    2.28149E-01
 6.26059E-01    2.54731E-01
 6.52602E-01    2.83680E-01
 6.81753E-01    3.17715E-01
 7.00000E-01    3.40223E-01
 7.26260E-01    3.79556E-01
 7.52859E-01    4.22358E-01
 7.79346E-01    4.68049E-01
 8.00000E-01    5.05869E-01
 8.21729E-01    5.56897E-01
 8.46319E-01    6.19013E-01
 8.68134E-01    6.78167E-01
 8.93182E-01    7.50999E-01
 9.00000E-01    7.71763E-01
 9.21835E-01    8.53122E-01
 9.42762E-01    9.37068E-01
 9.66040E-01    1.03767E+00
 9.87327E-01    1.13668E+00
 1.00000E+00    1.19894E+00
 1.02192E+00    1.32599E+00
 1.04289E+00    1.45714E+00
 1.06378E+00    1.59782E+00
 1.08738E+00    1.76922E+00
 1.10000E+00    1.86662E+00
 1.11949E+00    2.04375E+00
 1.13928E+00    2.23714E+00
 1.15880E+00    2.44221E+00
 1.18050E+00    2.68741E+00
 1.20000E+00    2.92451E+00
 1.21954E+00    3.20324E+00
 1.23937E+00    3.50766E+00
 1.26142E+00    3.87415E+00
 1.28176E+00    4.23955E+00
 1.30000E+00    4.59049E+00
 1.31959E+00    5.02007E+00
 1.33944E+00    5.48850E+00
 1.35896E+00    5.98465E+00
 1.38060E+00    6.57716E+00
 1.40000E+00    7.14940E+00
 1.42215E+00    7.88001E+00
 1.44321E+00    8.63170E+00
 1.46408E+00    9.43547E+00
 1.48752E+00    1.04115E+01
 1.51177E+00    1.15029E+01
 1.53561E+00    1.26610E+01
 1.55925E+00    1.39045E+01
 1.58452E+00    1.53456E+01
 1.62460E+00    1.77855E+01
 1.65051E+00    1.94846E+01
 1.67661E+00    2.13288E+01
 1.70304E+00    2.33115E+01
 1.73625E+00    2.57081E+01
 1.76768E+00    2.81557E+01
 1.80000E+00    3.08637E+01
 1.84073E+00    3.39208E+01
 1.88341E+00    3.73691E+01
 1.90000E+00    3.87761E+01
 1.96172E+00    4.32086E+01
 2.00000E+00    4.61278E+01
 2.07850E+00    5.11221E+01
 2.10000E+00    5.25464E+01
 2.20000E+00    5.79625E+01
 2.40000E+00    6.61344E+01
 2.60000E+00    7.16501E+01
 2.80000E+00    7.54757E+01
 3.00000E+00    7.81743E+01
 3.50000E+00    8.25289E+01
 4.00000E+00    8.48167E+01
 4.53174E+00    8.40166E+01
 5.00000E+00    8.23997E+01
 5.53880E+00    7.86955E+01
 6.04232E+00    7.58292E+01
 6.50000E+00    7.29016E+01
 7.55291E+00    6.77878E+01
 8.23677E+00    6.50152E+01
 8.68073E+00    6.32726E+01
 9.74679E+00    5.94760E+01
 1.00000E+01    5.86617E+01
 1.01411E+01    5.82093E+01
 1.02470E+01    5.78698E+01
 1.03915E+01    5.74235E+01
 1.05000E+01    5.70886E+01
 1.06481E+01    5.66465E+01
 1.07471E+01    5.63511E+01
 1.08987E+01    5.59147E+01
 1.10000E+01    5.56232E+01
 1.11552E+01    5.51887E+01
 1.12472E+01    5.49311E+01
 1.14059E+01    5.45020E+01
 1.15000E+01    5.42476E+01
 1.16622E+01    5.38239E+01
 1.17473E+01    5.36017E+01
 1.19131E+01    5.31831E+01
 1.20000E+01    5.29635E+01
 1.21693E+01    5.25625E+01
 1.22474E+01    5.23774E+01
 1.24202E+01    5.19809E+01
 1.25000E+01    5.17978E+01
 1.26764E+01    5.14104E+01
 1.27475E+01    5.12540E+01
 1.29274E+01    5.08707E+01
 1.30000E+01    5.07159E+01
 1.31834E+01    5.03503E+01
 1.32476E+01    5.02222E+01
 1.34345E+01    4.98602E+01
 1.35000E+01    4.97334E+01
 1.36905E+01    4.93752E+01
 1.37477E+01    4.92675E+01
 1.39417E+01    4.89126E+01
 1.40000E+01    4.88059E+01
 1.41975E+01    4.84783E+01
 1.42478E+01    4.83949E+01
 1.44488E+01    4.80700E+01
 1.45000E+01    4.79873E+01
 1.47046E+01    4.76667E+01
 1.47479E+01    4.75988E+01
 1.49559E+01    4.72808E+01
 1.50000E+01    4.72135E+01
 1.52116E+01    4.69226E+01
 1.54262E+01    4.66277E+01
 1.55000E+01    4.65263E+01
 1.57187E+01    4.62438E+01
 1.59404E+01    4.59573E+01
 1.60000E+01    4.58803E+01
 1.62257E+01    4.56153E+01
 1.64546E+01    4.53465E+01
 1.65000E+01    4.52933E+01
 1.67328E+01    4.50469E+01
 1.69689E+01    4.47971E+01
 1.70000E+01    4.47641E+01
 1.72398E+01    4.45307E+01
 1.74831E+01    4.42940E+01
 1.75000E+01    4.42775E+01
 1.77469E+01    4.40652E+01
 1.79973E+01    4.38499E+01
 1.80000E+01    4.38476E+01
 1.82539E+01    4.36520E+01
 1.85000E+01    4.34625E+01
 1.87610E+01    4.32757E+01
 1.90000E+01    4.31047E+01
 1.92681E+01    4.29259E+01
 1.95000E+01    4.27711E+01
 1.97751E+01    4.26007E+01
 2.00000E+01    4.24614E+01
