# n + Ac225 : (n,n'03)  
# endfb8.0   O.Iwamoto, T.Nakagawa, et al.     EVAL-FEB10
# uncertainties: y
# # energies =    77
#   E(MeV)       xs(mb)       xslow(mb)      xsupp(mb)
 6.49900E-02    0.00000E+00    0.00000E+00    0.00000E+00
 7.00000E-02    8.91876E+01    5.69002E+01    1.21475E+02
 7.74657E-02    1.33334E+02    8.50649E+01    1.81603E+02
 1.00000E-01    2.10755E+02    1.39933E+02    2.81577E+02
 1.05531E-01    2.20359E+02    1.46310E+02    2.94408E+02
 1.20000E-01    2.35890E+02    1.56622E+02    3.15158E+02
 1.21342E-01    2.37279E+02    1.57544E+02    3.17014E+02
 1.27429E-01    2.40082E+02    1.59405E+02    3.20759E+02
 1.40000E-01    2.47827E+02    1.64548E+02    3.31106E+02
 1.45600E-01    2.51061E+02    1.66695E+02    3.35427E+02
 1.56348E-01    2.57358E+02    1.70876E+02    3.43840E+02
 1.70000E-01    2.58129E+02    1.71388E+02    3.44870E+02
 1.71556E-01    2.58519E+02    1.71647E+02    3.45391E+02
 1.99601E-01    2.66764E+02    1.77121E+02    3.56407E+02
 2.00000E-01    2.66920E+02    2.04454E+02    3.29386E+02
 2.00746E-01    2.66656E+02    2.04252E+02    3.29060E+02
 2.21991E-01    2.58769E+02    1.98210E+02    3.19328E+02
 2.36556E-01    2.53132E+02    1.93893E+02    3.12371E+02
 2.50000E-01    2.50550E+02    1.91915E+02    3.09185E+02
 3.00000E-01    2.47491E+02    1.94025E+02    3.00957E+02
 4.00000E-01    2.14725E+02    1.67265E+02    2.62185E+02
 5.00000E-01    1.95819E+02    1.52538E+02    2.39100E+02
 6.00000E-01    1.65395E+02    1.29994E+02    2.00796E+02
 7.00000E-01    1.42150E+02    1.11724E+02    1.72576E+02
 8.00000E-01    1.19050E+02    9.22602E+01    1.45840E+02
 9.00000E-01    9.98063E+01    7.73469E+01    1.22266E+02
 1.00000E+00    8.46087E+01    6.46388E+01    1.04579E+02
 1.10000E+00    7.13300E+01    5.44943E+01    8.81657E+01
 1.20000E+00    5.99203E+01    4.54788E+01    7.43618E+01
 1.30000E+00    5.03550E+01    3.82188E+01    6.24912E+01
 1.40000E+00    4.21974E+01    3.20273E+01    5.23675E+01
 1.50000E+00    3.54375E+01    2.76052E+01    4.32698E+01
 1.60000E+00    2.96155E+01    2.30700E+01    3.61610E+01
 1.70000E+00    2.47691E+01    1.92947E+01    3.02435E+01
 1.80000E+00    2.06192E+01    1.60620E+01    2.51764E+01
 1.90000E+00    1.71639E+01    1.33704E+01    2.09574E+01
 2.00000E+00    1.42307E+01    1.16689E+01    1.67925E+01
 2.10000E+00    1.17924E+01    9.66953E+00    1.39153E+01
 2.20000E+00    9.72856E+00    7.97722E+00    1.14799E+01
 2.40000E+00    6.62082E+00    5.42894E+00    7.81270E+00
 2.60000E+00    4.46088E+00    3.64887E+00    5.27289E+00
 2.80000E+00    2.99239E+00    2.44769E+00    3.53709E+00
 3.00000E+00    1.99956E+00    1.52754E+00    2.47159E+00
 3.50000E+00    7.22409E-01    5.13599E-01    9.31219E-01
 4.00000E+00    2.68503E-01    1.79887E-01    3.57119E-01
 4.50000E+00    1.07593E-01    7.20835E-02    1.43103E-01
 5.00000E+00    5.15697E-02    3.67678E-02    6.63716E-02
 5.50000E+00    3.02981E-02    2.16017E-02    3.89945E-02
 6.00000E+00    2.17657E-02    1.68899E-02    2.66415E-02
 6.50000E+00    1.76424E-02    1.36903E-02    2.15945E-02
 7.00000E+00    1.54226E-02    1.16747E-02    1.91705E-02
 7.50000E+00    1.39281E-02    1.05433E-02    1.73129E-02
 8.00000E+00    1.28918E-02    9.61666E-03    1.61669E-02
 8.50000E+00    1.20999E-02    9.02595E-03    1.51739E-02
 9.00000E+00    1.14581E-02    8.55867E-03    1.43575E-02
 9.50000E+00    1.08426E-02    8.09892E-03    1.35863E-02
 1.00000E+01    1.03008E-02    7.75608E-03    1.28455E-02
 1.05000E+01    9.79974E-03    7.37880E-03    1.22207E-02
 1.10000E+01    9.34353E-03    7.03529E-03    1.16518E-02
 1.15000E+01    8.92106E-03    6.71719E-03    1.11249E-02
 1.20000E+01    8.62450E-03    6.58891E-03    1.06601E-02
 1.25000E+01    8.40659E-03    6.42244E-03    1.03907E-02
 1.30000E+01    8.19932E-03    6.26409E-03    1.01346E-02
 1.35000E+01    8.01165E-03    6.12071E-03    9.90259E-03
 1.40000E+01    7.83018E-03    6.05251E-03    9.60785E-03
 1.45000E+01    7.65887E-03    5.92009E-03    9.39765E-03
 1.50000E+01    7.49349E-03    5.82220E-03    9.16478E-03
 1.55000E+01    7.34026E-03    5.70315E-03    8.97737E-03
 1.60000E+01    7.19192E-03    5.61679E-03    8.76705E-03
 1.65000E+01    7.05287E-03    5.50820E-03    8.59754E-03
 1.70000E+01    6.91802E-03    5.40288E-03    8.43316E-03
 1.75000E+01    6.79034E-03    5.30316E-03    8.27752E-03
 1.80000E+01    6.66667E-03    5.25314E-03    8.08020E-03
 1.85000E+01    6.54864E-03    5.16013E-03    7.93715E-03
 1.90000E+01    6.43429E-03    5.07003E-03    7.79855E-03
 1.95000E+01    6.31910E-03    4.97926E-03    7.65894E-03
 2.00000E+01    6.20825E-03    4.89192E-03    7.52458E-03
