# n + Ac225 : (n,n'04)  
# endfb8.0   O.Iwamoto, T.Nakagawa, et al.     EVAL-FEB10
# uncertainties: y
# # energies =    75
#   E(MeV)       xs(mb)       xslow(mb)      xsupp(mb)
 7.74657E-02    0.00000E+00    0.00000E+00    0.00000E+00
 1.00000E-01    3.58000E+01    6.01420E+00    6.55858E+01
 1.05531E-01    4.49491E+01    7.55120E+00    8.23470E+01
 1.20000E-01    6.52067E+01    1.09544E+01    1.19459E+02
 1.21342E-01    6.70932E+01    1.12713E+01    1.22915E+02
 1.27429E-01    7.50094E+01    1.26012E+01    1.37418E+02
 1.40000E-01    8.97047E+01    1.50699E+01    1.64339E+02
 1.45600E-01    9.61061E+01    1.61453E+01    1.76067E+02
 1.56348E-01    1.07399E+02    1.80424E+01    1.96756E+02
 1.70000E-01    1.17035E+02    1.96612E+01    2.14409E+02
 1.71556E-01    1.18373E+02    1.98860E+01    2.16860E+02
 1.99601E-01    1.38569E+02    2.32788E+01    2.53859E+02
 2.00000E-01    1.38858E+02    4.22102E+01    2.35506E+02
 2.00746E-01    1.39110E+02    4.22868E+01    2.35933E+02
 2.21991E-01    1.44058E+02    4.37909E+01    2.44325E+02
 2.36556E-01    1.47461E+02    4.48253E+01    2.50097E+02
 2.50000E-01    1.51474E+02    4.60452E+01    2.56903E+02
 3.00000E-01    1.67904E+02    8.79788E+01    2.47829E+02
 4.00000E-01    1.68011E+02    1.06512E+02    2.29510E+02
 5.00000E-01    1.69584E+02    1.07509E+02    2.31659E+02
 6.00000E-01    1.58455E+02    1.20103E+02    1.96807E+02
 7.00000E-01    1.50544E+02    1.14107E+02    1.86982E+02
 8.00000E-01    1.41261E+02    1.05655E+02    1.76867E+02
 9.00000E-01    1.33769E+02    1.00051E+02    1.67487E+02
 1.00000E+00    1.28711E+02    8.67488E+01    1.70673E+02
 1.10000E+00    1.24763E+02    8.40879E+01    1.65438E+02
 1.20000E+00    1.21861E+02    6.97014E+01    1.74021E+02
 1.30000E+00    1.20308E+02    6.88131E+01    1.71803E+02
 1.40000E+00    1.19445E+02    6.83195E+01    1.70571E+02
 1.50000E+00    1.19747E+02    5.40013E+01    1.85493E+02
 1.60000E+00    1.20519E+02    5.43494E+01    1.86689E+02
 1.70000E+00    1.21872E+02    5.49596E+01    1.88784E+02
 1.80000E+00    1.23643E+02    5.57582E+01    1.91528E+02
 1.90000E+00    1.25482E+02    5.65875E+01    1.94376E+02
 2.00000E+00    1.27693E+02    5.13302E+01    2.04056E+02
 2.10000E+00    1.29362E+02    5.20011E+01    2.06723E+02
 2.20000E+00    1.31332E+02    5.27930E+01    2.09871E+02
 2.40000E+00    1.34869E+02    5.42148E+01    2.15523E+02
 2.60000E+00    1.37947E+02    6.70391E+01    2.08855E+02
 2.80000E+00    1.38851E+02    6.74785E+01    2.10224E+02
 3.00000E+00    1.40247E+02    8.04977E+01    1.99996E+02
 3.50000E+00    1.36195E+02    8.45720E+01    1.87818E+02
 4.00000E+00    1.33035E+02    8.59332E+01    1.80137E+02
 4.50000E+00    1.25430E+02    8.10208E+01    1.69839E+02
 5.00000E+00    1.17942E+02    7.53577E+01    1.60526E+02
 5.50000E+00    1.11021E+02    7.09356E+01    1.51106E+02
 6.00000E+00    1.04115E+02    6.66304E+01    1.41600E+02
 6.50000E+00    9.93390E+01    6.35739E+01    1.35104E+02
 7.00000E+00    9.45655E+01    6.18405E+01    1.27290E+02
 7.50000E+00    9.11525E+01    5.96086E+01    1.22696E+02
 8.00000E+00    8.77401E+01    5.79919E+01    1.17488E+02
 8.50000E+00    8.48450E+01    5.60784E+01    1.13612E+02
 9.00000E+00    8.19501E+01    5.42461E+01    1.09654E+02
 9.50000E+00    7.92825E+01    5.24803E+01    1.06085E+02
 1.00000E+01    7.66150E+01    5.05627E+01    1.02667E+02
 1.05000E+01    7.41355E+01    4.89263E+01    9.93447E+01
 1.10000E+01    7.16562E+01    4.72901E+01    9.60223E+01
 1.15000E+01    6.93363E+01    4.57591E+01    9.29135E+01
 1.20000E+01    6.70164E+01    4.42947E+01    8.97381E+01
 1.25000E+01    6.48318E+01    4.28508E+01    8.68128E+01
 1.30000E+01    6.26472E+01    4.14068E+01    8.38876E+01
 1.35000E+01    6.06137E+01    4.00628E+01    8.11646E+01
 1.40000E+01    5.85803E+01    3.93614E+01    7.77992E+01
 1.45000E+01    5.67314E+01    3.81191E+01    7.53437E+01
 1.50000E+01    5.48825E+01    3.72614E+01    7.25036E+01
 1.55000E+01    5.32395E+01    3.61459E+01    7.03331E+01
 1.60000E+01    5.15965E+01    3.53411E+01    6.78519E+01
 1.65000E+01    5.01609E+01    3.43578E+01    6.59640E+01
 1.70000E+01    4.87254E+01    3.33745E+01    6.40763E+01
 1.75000E+01    4.74870E+01    3.25263E+01    6.24477E+01
 1.80000E+01    4.62487E+01    3.21885E+01    6.03089E+01
 1.85000E+01    4.51928E+01    3.14536E+01    5.89320E+01
 1.90000E+01    4.41369E+01    3.07187E+01    5.75551E+01
 1.95000E+01    4.32465E+01    3.00990E+01    5.63940E+01
 2.00000E+01    4.23561E+01    2.94793E+01    5.52329E+01
