# n + Ac225 : (n,n'05)  
# endfb8.0   O.Iwamoto, T.Nakagawa, et al.     EVAL-FEB10
# uncertainties: y
# # energies =    73
#   E(MeV)       xs(mb)       xslow(mb)      xsupp(mb)
 1.05531E-01    0.00000E+00    0.00000E+00    0.00000E+00
 1.20000E-01    4.27201E+01    3.21682E+01    5.32720E+01
 1.21342E-01    4.44140E+01    3.34437E+01    5.53843E+01
 1.27429E-01    5.07700E+01    3.82298E+01    6.33102E+01
 1.40000E-01    6.10441E+01    4.59661E+01    7.61221E+01
 1.45600E-01    6.49344E+01    4.88955E+01    8.09733E+01
 1.56348E-01    7.18226E+01    5.40823E+01    8.95629E+01
 1.70000E-01    7.73609E+01    5.82527E+01    9.64691E+01
 1.71556E-01    7.81166E+01    5.88217E+01    9.74115E+01
 1.99601E-01    8.98809E+01    6.76802E+01    1.12082E+02
 2.00000E-01    9.00571E+01    6.78129E+01    1.12301E+02
 2.00746E-01    9.01909E+01    6.79136E+01    1.12468E+02
 2.21991E-01    9.13407E+01    6.87794E+01    1.13902E+02
 2.36556E-01    9.27660E+01    6.98527E+01    1.15679E+02
 2.50000E-01    9.41777E+01    7.09157E+01    1.17440E+02
 3.00000E-01    1.03372E+02    7.93884E+01    1.27356E+02
 4.00000E-01    1.03046E+02    7.88253E+01    1.27267E+02
 5.00000E-01    1.02928E+02    7.87350E+01    1.27121E+02
 6.00000E-01    9.39229E+01    7.26937E+01    1.15152E+02
 7.00000E-01    8.53309E+01    6.60437E+01    1.04618E+02
 8.00000E-01    7.53187E+01    5.73162E+01    9.33212E+01
 9.00000E-01    6.57631E+01    5.00446E+01    8.14816E+01
 1.00000E+00    5.78866E+01    4.30670E+01    7.27062E+01
 1.10000E+00    5.06982E+01    3.77189E+01    6.36775E+01
 1.20000E+00    4.40235E+01    3.20921E+01    5.59549E+01
 1.30000E+00    3.81503E+01    2.78107E+01    4.84899E+01
 1.40000E+00    3.28257E+01    2.39292E+01    4.17222E+01
 1.50000E+00    2.83112E+01    2.09775E+01    3.56449E+01
 1.60000E+00    2.41920E+01    1.79254E+01    3.04586E+01
 1.70000E+00    2.06892E+01    1.53299E+01    2.60485E+01
 1.80000E+00    1.75437E+01    1.29992E+01    2.20882E+01
 1.90000E+00    1.48786E+01    1.10245E+01    1.87327E+01
 2.00000E+00    1.25273E+01    9.93406E+00    1.51205E+01
 2.10000E+00    1.05483E+01    8.36473E+00    1.27319E+01
 2.20000E+00    8.81439E+00    6.98975E+00    1.06390E+01
 2.40000E+00    6.15404E+00    4.88011E+00    7.42797E+00
 2.60000E+00    4.23338E+00    3.45436E+00    5.01239E+00
 2.80000E+00    2.89928E+00    2.36576E+00    3.43280E+00
 3.00000E+00    1.97326E+00    1.52728E+00    2.41924E+00
 3.50000E+00    7.47210E-01    5.41708E-01    9.52712E-01
 4.00000E+00    2.96154E-01    2.05231E-01    3.87077E-01
 4.50000E+00    1.30372E-01    9.03461E-02    1.70398E-01
 5.00000E+00    7.06862E-02    5.30131E-02    8.83593E-02
 5.50000E+00    4.68029E-02    3.51012E-02    5.85046E-02
 6.00000E+00    3.66321E-02    2.83161E-02    4.49481E-02
 6.50000E+00    3.12538E-02    2.41587E-02    3.83489E-02
 7.00000E+00    2.81701E-02    2.12113E-02    3.51289E-02
 7.50000E+00    2.59590E-02    1.95464E-02    3.23716E-02
 8.00000E+00    2.43834E-02    1.81648E-02    3.06020E-02
 8.50000E+00    2.29593E-02    1.71039E-02    2.88147E-02
 9.00000E+00    2.17825E-02    1.62712E-02    2.72938E-02
 9.50000E+00    2.06401E-02    1.54179E-02    2.58623E-02
 1.00000E+01    1.96252E-02    1.47774E-02    2.44730E-02
 1.05000E+01    1.86707E-02    1.40587E-02    2.32827E-02
 1.10000E+01    1.77985E-02    1.34019E-02    2.21951E-02
 1.15000E+01    1.69912E-02    1.27940E-02    2.11884E-02
 1.20000E+01    1.62333E-02    1.24016E-02    2.00650E-02
 1.25000E+01    1.55364E-02    1.18692E-02    1.92036E-02
 1.30000E+01    1.48837E-02    1.13706E-02    1.83968E-02
 1.35000E+01    1.42888E-02    1.09161E-02    1.76615E-02
 1.40000E+01    1.37256E-02    1.06092E-02    1.68420E-02
 1.45000E+01    1.31989E-02    1.02021E-02    1.61957E-02
 1.50000E+01    1.27000E-02    9.86744E-03    1.55326E-02
 1.55000E+01    1.22378E-02    9.50833E-03    1.49673E-02
 1.60000E+01    1.17985E-02    9.21449E-03    1.43825E-02
 1.65000E+01    1.13883E-02    8.89412E-03    1.38825E-02
 1.70000E+01    1.09975E-02    8.58891E-03    1.34061E-02
 1.75000E+01    1.06301E-02    8.30198E-03    1.29582E-02
 1.80000E+01    1.02799E-02    8.10009E-03    1.24597E-02
 1.85000E+01    9.94880E-03    7.83920E-03    1.20584E-02
 1.90000E+01    9.63895E-03    7.59505E-03    1.16829E-02
 1.95000E+01    9.43680E-03    7.43577E-03    1.14378E-02
 2.00000E+01    9.24301E-03    7.28307E-03    1.12030E-02
