# n + Ac225 : (n,n'06)  
# endfb8.0   O.Iwamoto, T.Nakagawa, et al.     EVAL-FEB10
# uncertainties: y
# # energies =    71
#   E(MeV)       xs(mb)       xslow(mb)      xsupp(mb)
 1.21341E-01    0.00000E+00    0.00000E+00    0.00000E+00
 1.27429E-01    3.69319E+01    1.77642E+01    5.60996E+01
 1.40000E-01    6.91060E+01    3.32399E+01    1.04972E+02
 1.45600E-01    8.14209E+01    3.91633E+01    1.23678E+02
 1.56348E-01    1.03325E+02    4.96992E+01    1.56951E+02
 1.70000E-01    1.26065E+02    6.06371E+01    1.91493E+02
 1.71556E-01    1.28667E+02    6.18886E+01    1.95445E+02
 1.99601E-01    1.69933E+02    8.17375E+01    2.58128E+02
 2.00000E-01    1.70478E+02    8.19997E+01    2.58956E+02
 2.00746E-01    1.71131E+02    8.23138E+01    2.59948E+02
 2.21991E-01    1.86646E+02    8.97765E+01    2.83516E+02
 2.36556E-01    1.90829E+02    9.17885E+01    2.89870E+02
 2.50000E-01    1.96623E+02    9.45754E+01    2.98671E+02
 3.00000E-01    2.20641E+02    9.00177E+01    3.51264E+02
 4.00000E-01    2.15043E+02    9.37563E+01    3.36330E+02
 5.00000E-01    2.02252E+02    8.81795E+01    3.16324E+02
 6.00000E-01    1.72727E+02    1.00179E+02    2.45275E+02
 7.00000E-01    1.48318E+02    8.60221E+01    2.10614E+02
 8.00000E-01    1.24192E+02    8.09719E+01    1.67412E+02
 9.00000E-01    1.03915E+02    6.77515E+01    1.40078E+02
 1.00000E+00    8.77882E+01    6.00454E+01    1.15531E+02
 1.10000E+00    7.42657E+01    5.07963E+01    9.77351E+01
 1.20000E+00    6.27183E+01    4.38388E+01    8.15978E+01
 1.30000E+00    5.30156E+01    3.70568E+01    6.89744E+01
 1.40000E+00    4.46557E+01    3.12134E+01    5.80980E+01
 1.50000E+00    3.77763E+01    2.73108E+01    4.82418E+01
 1.60000E+00    3.17782E+01    2.29744E+01    4.05820E+01
 1.70000E+00    2.67688E+01    1.93528E+01    3.41848E+01
 1.80000E+00    2.24139E+01    1.62044E+01    2.86234E+01
 1.90000E+00    1.87645E+01    1.35660E+01    2.39630E+01
 2.00000E+00    1.56200E+01    1.19958E+01    1.92442E+01
 2.10000E+00    1.29940E+01    9.97912E+00    1.60089E+01
 2.20000E+00    1.07399E+01    8.24802E+00    1.32318E+01
 2.40000E+00    7.31543E+00    5.61810E+00    9.01276E+00
 2.60000E+00    4.91346E+00    3.92580E+00    5.90112E+00
 2.80000E+00    3.28637E+00    2.62577E+00    3.94697E+00
 3.00000E+00    2.18040E+00    1.67887E+00    2.68193E+00
 3.50000E+00    7.76591E-01    5.57564E-01    9.95618E-01
 4.00000E+00    2.84544E-01    1.91772E-01    3.77316E-01
 4.50000E+00    1.12898E-01    7.60890E-02    1.49707E-01
 5.00000E+00    5.36568E-02    3.81489E-02    6.91647E-02
 5.50000E+00    3.14936E-02    2.23913E-02    4.05959E-02
 6.00000E+00    2.27320E-02    1.76392E-02    2.78248E-02
 6.50000E+00    1.85815E-02    1.44185E-02    2.27445E-02
 7.00000E+00    1.64140E-02    1.24245E-02    2.04035E-02
 7.50000E+00    1.49883E-02    1.13453E-02    1.86313E-02
 8.00000E+00    1.40219E-02    1.04598E-02    1.75840E-02
 8.50000E+00    1.31796E-02    9.83147E-03    1.65277E-02
 9.00000E+00    1.24944E-02    9.33261E-03    1.56562E-02
 9.50000E+00    1.18359E-02    8.84075E-03    1.48310E-02
 1.00000E+01    1.12528E-02    8.47274E-03    1.40329E-02
 1.05000E+01    1.07040E-02    8.05952E-03    1.33485E-02
 1.10000E+01    1.02028E-02    7.68215E-03    1.27235E-02
 1.15000E+01    9.73936E-03    7.33320E-03    1.21455E-02
 1.20000E+01    9.30435E-03    7.10825E-03    1.15004E-02
 1.25000E+01    8.90438E-03    6.80269E-03    1.10061E-02
 1.30000E+01    8.52984E-03    6.51655E-03    1.05431E-02
 1.35000E+01    8.18843E-03    6.25572E-03    1.01211E-02
 1.40000E+01    7.86523E-03    6.07954E-03    9.65092E-03
 1.45000E+01    7.56303E-03    5.84595E-03    9.28011E-03
 1.50000E+01    7.27679E-03    5.65379E-03    8.89979E-03
 1.55000E+01    7.01159E-03    5.44774E-03    8.57544E-03
 1.60000E+01    6.75959E-03    5.27908E-03    8.24010E-03
 1.65000E+01    6.52425E-03    5.09528E-03    7.95322E-03
 1.70000E+01    6.30007E-03    4.92021E-03    7.67993E-03
 1.75000E+01    6.08929E-03    4.75559E-03    7.42299E-03
 1.80000E+01    5.88841E-03    4.63989E-03    7.13693E-03
 1.85000E+01    5.69850E-03    4.49025E-03    6.90675E-03
 1.90000E+01    5.51729E-03    4.34746E-03    6.68712E-03
 1.95000E+01    5.34066E-03    4.20828E-03    6.47304E-03
 2.00000E+01    5.17267E-03    4.07591E-03    6.26943E-03
