# n + Ac225 : (n,n'08)  
# endfb8.0   O.Iwamoto, T.Nakagawa, et al.     EVAL-FEB10
# uncertainties: y
# # energies =    68
#   E(MeV)       xs(mb)       xslow(mb)      xsupp(mb)
 1.45600E-01    0.00000E+00    0.00000E+00    0.00000E+00
 1.56348E-01    8.55877E-01    5.61455E-01    1.15030E+00
 1.70000E-01    2.39559E+00    1.57151E+00    3.21967E+00
 1.71556E-01    2.59805E+00    1.70432E+00    3.49178E+00
 1.99601E-01    6.53583E+00    4.28750E+00    8.78416E+00
 2.00000E-01    6.59967E+00    4.32938E+00    8.86996E+00
 2.00746E-01    6.70421E+00    4.39796E+00    9.01046E+00
 2.21991E-01    9.63452E+00    6.32024E+00    1.29488E+01
 2.36556E-01    1.16503E+01    7.64259E+00    1.56580E+01
 2.50000E-01    1.33060E+01    8.72873E+00    1.78833E+01
 3.00000E-01    2.02226E+01    1.45399E+01    2.59053E+01
 4.00000E-01    2.93360E+01    2.14440E+01    3.72280E+01
 5.00000E-01    3.59849E+01    2.63043E+01    4.56656E+01
 6.00000E-01    3.69276E+01    2.77317E+01    4.61235E+01
 7.00000E-01    3.71138E+01    2.78715E+01    4.63561E+01
 8.00000E-01    3.50920E+01    2.58974E+01    4.42866E+01
 9.00000E-01    3.28215E+01    2.42218E+01    4.14212E+01
 1.00000E+00    3.04815E+01    2.17626E+01    3.92004E+01
 1.10000E+00    2.79925E+01    1.99856E+01    3.59994E+01
 1.20000E+00    2.54929E+01    1.75892E+01    3.33966E+01
 1.30000E+00    2.29897E+01    1.58620E+01    3.01174E+01
 1.40000E+00    2.05344E+01    1.41680E+01    2.69008E+01
 1.50000E+00    1.82541E+01    1.26679E+01    2.38403E+01
 1.60000E+00    1.60967E+01    1.11707E+01    2.10227E+01
 1.70000E+00    1.41052E+01    9.78863E+00    1.84218E+01
 1.80000E+00    1.22745E+01    8.51818E+00    1.60308E+01
 1.90000E+00    1.06189E+01    7.36923E+00    1.38686E+01
 2.00000E+00    9.13669E+00    6.89809E+00    1.13753E+01
 2.10000E+00    7.82037E+00    5.90428E+00    9.73645E+00
 2.20000E+00    6.65875E+00    5.02728E+00    8.29023E+00
 2.40000E+00    4.78065E+00    3.60933E+00    5.95197E+00
 2.60000E+00    3.38168E+00    2.72215E+00    4.04121E+00
 2.80000E+00    2.37222E+00    1.90956E+00    2.83488E+00
 3.00000E+00    1.64686E+00    1.28450E+00    2.00922E+00
 3.50000E+00    6.49252E-01    4.74577E-01    8.23927E-01
 4.00000E+00    2.65867E-01    1.85037E-01    3.46697E-01
 4.50000E+00    1.19314E-01    8.30397E-02    1.55588E-01
 5.00000E+00    6.51165E-02    4.87052E-02    8.15278E-02
 5.50000E+00    4.30025E-02    3.21646E-02    5.38404E-02
 6.00000E+00    3.34932E-02    2.59229E-02    4.10635E-02
 6.50000E+00    2.84588E-02    2.20264E-02    3.48912E-02
 7.00000E+00    2.55949E-02    1.92723E-02    3.19175E-02
 7.50000E+00    2.35552E-02    1.77364E-02    2.93740E-02
 8.00000E+00    2.21164E-02    1.64763E-02    2.77565E-02
 8.50000E+00    2.08230E-02    1.55127E-02    2.61333E-02
 9.00000E+00    1.97575E-02    1.47583E-02    2.47567E-02
 9.50000E+00    1.87256E-02    1.39875E-02    2.34637E-02
 1.00000E+01    1.78081E-02    1.34092E-02    2.22070E-02
 1.05000E+01    1.69404E-02    1.27558E-02    2.11250E-02
 1.10000E+01    1.61469E-02    1.21583E-02    2.01355E-02
 1.15000E+01    1.54131E-02    1.16058E-02    1.92204E-02
 1.20000E+01    1.47240E-02    1.12486E-02    1.81994E-02
 1.25000E+01    1.40903E-02    1.07645E-02    1.74161E-02
 1.30000E+01    1.34969E-02    1.03111E-02    1.66827E-02
 1.35000E+01    1.29559E-02    9.89784E-03    1.60140E-02
 1.40000E+01    1.24439E-02    9.61860E-03    1.52692E-02
 1.45000E+01    1.19650E-02    9.24843E-03    1.46816E-02
 1.50000E+01    1.15115E-02    8.94424E-03    1.40788E-02
 1.55000E+01    1.10914E-02    8.61783E-03    1.35650E-02
 1.60000E+01    1.06921E-02    8.35045E-03    1.30337E-02
 1.65000E+01    1.03194E-02    8.05938E-03    1.25794E-02
 1.70000E+01    9.96421E-03    7.78198E-03    1.21464E-02
 1.75000E+01    9.63036E-03    7.52124E-03    1.17395E-02
 1.80000E+01    9.31214E-03    7.33779E-03    1.12865E-02
 1.85000E+01    9.01136E-03    7.10078E-03    1.09219E-02
 1.90000E+01    8.72431E-03    6.87459E-03    1.05740E-02
 1.95000E+01    8.44461E-03    6.65419E-03    1.02350E-02
 2.00000E+01    8.17853E-03    6.44453E-03    9.91253E-03
