# n + Ac225 : (n,n'09)  
# endfb8.0   O.Iwamoto, T.Nakagawa, et al.     EVAL-FEB10
# uncertainties: y
# # energies =    67
#   E(MeV)       xs(mb)       xslow(mb)      xsupp(mb)
 1.56348E-01    0.00000E+00    0.00000E+00    0.00000E+00
 1.70000E-01    6.60432E+01    5.03247E+01    8.17617E+01
 1.71556E-01    6.95270E+01    5.29793E+01    8.60747E+01
 1.99601E-01    1.15293E+02    8.78528E+01    1.42733E+02
 2.00000E-01    1.15825E+02    8.82582E+01    1.43392E+02
 2.00746E-01    1.16563E+02    8.88206E+01    1.44305E+02
 2.21991E-01    1.32561E+02    1.01011E+02    1.64111E+02
 2.36556E-01    1.39555E+02    1.06340E+02    1.72770E+02
 2.50000E-01    1.45889E+02    1.11167E+02    1.80611E+02
 3.00000E-01    1.64395E+02    1.28555E+02    2.00235E+02
 4.00000E-01    1.64472E+02    1.27957E+02    2.00987E+02
 5.00000E-01    1.60434E+02    1.24816E+02    1.96052E+02
 6.00000E-01    1.40499E+02    1.10709E+02    1.70289E+02
 7.00000E-01    1.24692E+02    9.82540E+01    1.51130E+02
 8.00000E-01    1.06293E+02    8.29074E+01    1.29679E+02
 9.00000E-01    9.07459E+01    7.07808E+01    1.10711E+02
 1.00000E+00    7.72609E+01    5.93351E+01    9.51867E+01
 1.10000E+00    6.56095E+01    5.03870E+01    8.08320E+01
 1.20000E+00    5.56958E+01    4.22710E+01    6.91206E+01
 1.30000E+00    4.71123E+01    3.57564E+01    5.84682E+01
 1.40000E+00    3.96641E+01    3.01035E+01    4.92247E+01
 1.50000E+00    3.34236E+01    2.59023E+01    4.09449E+01
 1.60000E+00    2.80756E+01    2.17577E+01    3.43935E+01
 1.70000E+00    2.35484E+01    1.82493E+01    2.88475E+01
 1.80000E+00    1.96916E+01    1.52604E+01    2.41228E+01
 1.90000E+00    1.64335E+01    1.27355E+01    2.01315E+01
 2.00000E+00    1.36809E+01    1.11494E+01    1.62124E+01
 2.10000E+00    1.13684E+01    9.26484E+00    1.34720E+01
 2.20000E+00    9.42071E+00    7.67754E+00    1.11639E+01
 2.40000E+00    6.43127E+00    5.24126E+00    7.62128E+00
 2.60000E+00    4.35522E+00    3.56243E+00    5.14801E+00
 2.80000E+00    2.94305E+00    2.40732E+00    3.47878E+00
 3.00000E+00    1.97094E+00    1.51363E+00    2.42825E+00
 3.50000E+00    7.26088E-01    5.22039E-01    9.30137E-01
 4.00000E+00    2.78286E-01    1.91457E-01    3.65115E-01
 4.50000E+00    1.19537E-01    8.22400E-02    1.56834E-01
 5.00000E+00    6.32196E-02    4.72233E-02    7.92159E-02
 5.50000E+00    4.12727E-02    3.08296E-02    5.17158E-02
 6.00000E+00    3.20644E-02    2.47852E-02    3.93436E-02
 6.50000E+00    2.72835E-02    2.10896E-02    3.34774E-02
 7.00000E+00    2.45778E-02    1.85066E-02    3.06490E-02
 7.50000E+00    2.26476E-02    1.70532E-02    2.82420E-02
 8.00000E+00    2.12813E-02    1.58541E-02    2.67085E-02
 8.50000E+00    2.00468E-02    1.49344E-02    2.51592E-02
 9.00000E+00    1.90266E-02    1.42125E-02    2.38407E-02
 9.50000E+00    1.80364E-02    1.34729E-02    2.25999E-02
 1.00000E+01    1.71542E-02    1.29167E-02    2.13917E-02
 1.05000E+01    1.63194E-02    1.22881E-02    2.03507E-02
 1.10000E+01    1.55550E-02    1.17125E-02    1.93975E-02
 1.15000E+01    1.48480E-02    1.11802E-02    1.85158E-02
 1.20000E+01    1.41840E-02    1.08362E-02    1.75318E-02
 1.25000E+01    1.35734E-02    1.03697E-02    1.67771E-02
 1.30000E+01    1.30015E-02    9.93282E-03    1.60702E-02
 1.35000E+01    1.24801E-02    9.53448E-03    1.54257E-02
 1.40000E+01    1.19866E-02    9.26513E-03    1.47081E-02
 1.45000E+01    1.15252E-02    8.90849E-03    1.41419E-02
 1.50000E+01    1.10881E-02    8.61508E-03    1.35611E-02
 1.55000E+01    1.06832E-02    8.30049E-03    1.30659E-02
 1.60000E+01    1.02985E-02    8.04297E-03    1.25540E-02
 1.65000E+01    9.93925E-03    7.76240E-03    1.21161E-02
 1.70000E+01    9.59700E-03    7.49510E-03    1.16989E-02
 1.75000E+01    9.27530E-03    7.24386E-03    1.13067E-02
 1.80000E+01    8.96863E-03    7.06697E-03    1.08703E-02
 1.85000E+01    8.67880E-03    6.83860E-03    1.05190E-02
 1.90000E+01    8.40219E-03    6.62064E-03    1.01837E-02
 1.95000E+01    8.13268E-03    6.40827E-03    9.85709E-03
 2.00000E+01    7.87628E-03    6.20624E-03    9.54632E-03
