# n + Ac225 : (n,n'10)  
# endfb8.0   O.Iwamoto, T.Nakagawa, et al.     EVAL-FEB10
# uncertainties: y
# # energies =    65
#   E(MeV)       xs(mb)       xslow(mb)      xsupp(mb)
 1.71556E-01    0.00000E+00    0.00000E+00    0.00000E+00
 1.99601E-01    2.46695E+01    1.27048E+01    3.66342E+01
 2.00000E-01    2.50179E+01    1.28842E+01    3.71516E+01
 2.00746E-01    2.56117E+01    1.31900E+01    3.80334E+01
 2.21991E-01    4.07310E+01    2.09765E+01    6.04855E+01
 2.36556E-01    4.96009E+01    2.55445E+01    7.36573E+01
 2.50000E-01    5.70958E+01    2.94043E+01    8.47873E+01
 3.00000E-01    8.07024E+01    2.60651E+01    1.35340E+02
 4.00000E-01    9.73634E+01    3.98180E+01    1.54909E+02
 5.00000E-01    1.02874E+02    4.20717E+01    1.63676E+02
 6.00000E-01    9.37264E+01    5.52044E+01    1.32248E+02
 7.00000E-01    8.65528E+01    5.09792E+01    1.22126E+02
 8.00000E-01    7.61271E+01    4.94821E+01    1.02772E+02
 9.00000E-01    6.74423E+01    4.38370E+01    9.10476E+01
 1.00000E+00    5.94824E+01    3.94953E+01    7.94695E+01
 1.10000E+00    5.23027E+01    3.47281E+01    6.98773E+01
 1.20000E+00    4.60442E+01    3.05258E+01    6.15626E+01
 1.30000E+00    4.02600E+01    2.66910E+01    5.38290E+01
 1.40000E+00    3.50211E+01    2.32178E+01    4.68244E+01
 1.50000E+00    3.03583E+01    2.06422E+01    4.00744E+01
 1.60000E+00    2.62425E+01    1.78436E+01    3.46414E+01
 1.70000E+00    2.25314E+01    1.53203E+01    2.97425E+01
 1.80000E+00    1.92858E+01    1.31134E+01    2.54582E+01
 1.90000E+00    1.63911E+01    1.11452E+01    2.16370E+01
 2.00000E+00    1.38940E+01    1.01977E+01    1.75903E+01
 2.10000E+00    1.16994E+01    8.58697E+00    1.48118E+01
 2.20000E+00    9.82483E+00    7.21110E+00    1.24386E+01
 2.40000E+00    6.83605E+00    5.01743E+00    8.65467E+00
 2.60000E+00    4.70371E+00    3.70629E+00    5.70113E+00
 2.80000E+00    3.21843E+00    2.53597E+00    3.90089E+00
 3.00000E+00    2.18054E+00    1.69425E+00    2.66683E+00
 3.50000E+00    8.29564E-01    6.12189E-01    1.04694E+00
 4.00000E+00    3.38063E-01    2.42050E-01    4.34076E-01
 4.50000E+00    1.59167E-01    1.13962E-01    2.04372E-01
 5.00000E+00    9.42028E-02    7.25350E-02    1.15871E-01
 5.50000E+00    6.74412E-02    5.19289E-02    8.29535E-02
 6.00000E+00    5.54577E-02    4.25891E-02    6.83263E-02
 6.50000E+00    4.85786E-02    3.73063E-02    5.98509E-02
 7.00000E+00    4.43560E-02    3.32654E-02    5.54466E-02
 7.50000E+00    4.11192E-02    3.08379E-02    5.14005E-02
 8.00000E+00    3.87437E-02    2.88244E-02    4.86630E-02
 8.50000E+00    3.65390E-02    2.71841E-02    4.58939E-02
 9.00000E+00    3.46964E-02    2.59168E-02    4.34760E-02
 9.50000E+00    3.28982E-02    2.45737E-02    4.12227E-02
 1.00000E+01    3.12909E-02    2.35609E-02    3.90209E-02
 1.05000E+01    2.97966E-02    2.24358E-02    3.71574E-02
 1.10000E+01    2.84262E-02    2.14039E-02    3.54485E-02
 1.15000E+01    2.71343E-02    2.04312E-02    3.38374E-02
 1.20000E+01    2.59204E-02    1.98026E-02    3.20382E-02
 1.25000E+01    2.48041E-02    1.89497E-02    3.06585E-02
 1.30000E+01    2.37586E-02    1.81510E-02    2.93662E-02
 1.35000E+01    2.28053E-02    1.74227E-02    2.81879E-02
 1.40000E+01    2.19031E-02    1.69298E-02    2.68764E-02
 1.45000E+01    2.10593E-02    1.62776E-02    2.58410E-02
 1.50000E+01    2.02603E-02    1.57415E-02    2.47791E-02
 1.55000E+01    1.95200E-02    1.51663E-02    2.38737E-02
 1.60000E+01    1.88166E-02    1.46954E-02    2.29378E-02
 1.65000E+01    1.81598E-02    1.41825E-02    2.21371E-02
 1.70000E+01    1.75341E-02    1.36938E-02    2.13744E-02
 1.75000E+01    1.69460E-02    1.32345E-02    2.06575E-02
 1.80000E+01    1.63853E-02    1.29109E-02    1.98596E-02
 1.85000E+01    1.58555E-02    1.24935E-02    1.92175E-02
 1.90000E+01    1.53498E-02    1.20950E-02    1.86046E-02
 1.95000E+01    1.48571E-02    1.17068E-02    1.80074E-02
 2.00000E+01    1.43884E-02    1.13375E-02    1.74393E-02
