# n + Ac225 : (n,n'12)  
# endfb8.0   O.Iwamoto, T.Nakagawa, et al.     EVAL-FEB10
# uncertainties: y
# # energies =    62
#   E(MeV)       xs(mb)       xslow(mb)      xsupp(mb)
 2.00746E-01    0.00000E+00    0.00000E+00    0.00000E+00
 2.21991E-01    2.53564E+01    1.94228E+01    3.12900E+01
 2.36556E-01    3.28773E+01    2.51838E+01    4.05708E+01
 2.50000E-01    3.86499E+01    2.96055E+01    4.76943E+01
 3.00000E-01    5.62496E+01    4.30868E+01    6.94124E+01
 4.00000E-01    7.08627E+01    5.41380E+01    8.75874E+01
 5.00000E-01    7.96044E+01    6.08165E+01    9.83923E+01
 6.00000E-01    7.55522E+01    5.85523E+01    9.25520E+01
 7.00000E-01    7.25209E+01    5.62031E+01    8.88387E+01
 8.00000E-01    6.49537E+01    4.97532E+01    8.01542E+01
 9.00000E-01    5.85158E+01    4.48219E+01    7.22097E+01
 1.00000E+00    5.18120E+01    3.88064E+01    6.48176E+01
 1.10000E+00    4.55688E+01    3.41303E+01    5.70073E+01
 1.20000E+00    4.01767E+01    2.93688E+01    5.09846E+01
 1.30000E+00    3.50693E+01    2.56353E+01    4.45033E+01
 1.40000E+00    3.04354E+01    2.22480E+01    3.86228E+01
 1.50000E+00    2.62739E+01    1.94163E+01    3.31315E+01
 1.60000E+00    2.26663E+01    1.67503E+01    2.85823E+01
 1.70000E+00    1.93949E+01    1.43328E+01    2.44570E+01
 1.80000E+00    1.65847E+01    1.22560E+01    2.09134E+01
 1.90000E+00    1.40698E+01    1.03975E+01    1.77421E+01
 2.00000E+00    1.19345E+01    9.38023E+00    1.44888E+01
 2.10000E+00    1.00506E+01    7.89953E+00    1.22017E+01
 2.20000E+00    8.46470E+00    6.65305E+00    1.02763E+01
 2.40000E+00    5.90949E+00    4.64472E+00    7.17426E+00
 2.60000E+00    4.09541E+00    3.33352E+00    4.85730E+00
 2.80000E+00    2.82222E+00    2.29719E+00    3.34725E+00
 3.00000E+00    1.91973E+00    1.48965E+00    2.34981E+00
 3.50000E+00    7.31439E-01    5.31009E-01    9.31869E-01
 4.00000E+00    2.88911E-01    2.00499E-01    3.77323E-01
 4.50000E+00    1.27268E-01    8.83218E-02    1.66214E-01
 5.00000E+00    6.85433E-02    5.13376E-02    8.57490E-02
 5.50000E+00    4.52050E-02    3.38577E-02    5.65523E-02
 6.00000E+00    3.52606E-02    2.72561E-02    4.32651E-02
 6.50000E+00    3.00291E-02    2.32122E-02    3.68460E-02
 7.00000E+00    2.70591E-02    2.03754E-02    3.37428E-02
 7.50000E+00    2.49268E-02    1.87698E-02    3.10838E-02
 8.00000E+00    2.34248E-02    1.74509E-02    2.93987E-02
 8.50000E+00    2.20677E-02    1.64399E-02    2.76955E-02
 9.00000E+00    2.09471E-02    1.56469E-02    2.62473E-02
 9.50000E+00    1.98624E-02    1.48367E-02    2.48881E-02
 1.00000E+01    1.88937E-02    1.42264E-02    2.35610E-02
 1.05000E+01    1.79883E-02    1.35446E-02    2.24320E-02
 1.10000E+01    1.71576E-02    1.29191E-02    2.13961E-02
 1.15000E+01    1.63897E-02    1.23409E-02    2.04385E-02
 1.20000E+01    1.56675E-02    1.19695E-02    1.93655E-02
 1.25000E+01    1.50033E-02    1.14621E-02    1.85445E-02
 1.30000E+01    1.43782E-02    1.09846E-02    1.77718E-02
 1.35000E+01    1.38007E-02    1.05434E-02    1.70580E-02
 1.40000E+01    1.32542E-02    1.02450E-02    1.62634E-02
 1.45000E+01    1.27432E-02    9.85003E-03    1.56364E-02
 1.50000E+01    1.22592E-02    9.52511E-03    1.49933E-02
 1.55000E+01    1.18109E-02    9.17679E-03    1.44450E-02
 1.60000E+01    1.13849E-02    8.89137E-03    1.38784E-02
 1.65000E+01    1.09872E-02    8.58078E-03    1.33936E-02
 1.70000E+01    1.06082E-02    8.28478E-03    1.29316E-02
 1.75000E+01    1.02521E-02    8.00668E-03    1.24975E-02
 1.80000E+01    9.91253E-03    7.81074E-03    1.20143E-02
 1.85000E+01    9.59170E-03    7.55794E-03    1.16255E-02
 1.90000E+01    9.28545E-03    7.31662E-03    1.12543E-02
 1.95000E+01    8.98717E-03    7.08159E-03    1.08928E-02
 2.00000E+01    8.70332E-03    6.85792E-03    1.05487E-02
