# n + Ac225 :  n        
# endfb8.0   O.Iwamoto, T.Nakagawa, et al.     EVAL-FEB10
# uncertainties: y
# # energies =    74
#   E(MeV)       xs(mb)       xslow(mb)      xsupp(mb)
 1.03689E-01    0.00000E+00    0.00000E+00    0.00000E+00
 1.05531E-01    9.74445E-03    6.50925E-03    1.29797E-02
 1.20000E-01    1.62391E-02    1.08476E-02    2.16306E-02
 1.21342E-01    1.66312E-02    1.11096E-02    2.21528E-02
 1.27429E-01    1.80002E-02    1.20241E-02    2.39763E-02
 1.40000E-01    2.60715E-02    1.74156E-02    3.47274E-02
 1.45600E-01    3.04429E-02    2.03357E-02    4.05501E-02
 1.56348E-01    3.39032E-02    2.26472E-02    4.51592E-02
 1.70000E-01    3.67311E-02    2.45362E-02    4.89260E-02
 1.71556E-01    3.70574E-02    2.47542E-02    4.93606E-02
 1.99601E-01    4.27193E-02    2.85363E-02    5.69023E-02
 2.00000E-01    4.27595E-02    2.85632E-02    5.69558E-02
 2.00746E-01    4.27430E-02    2.85521E-02    5.69339E-02
 2.21991E-01    1.10775E-01    7.39972E-02    1.47553E-01
 2.36556E-01    1.41818E-01    9.47338E-02    1.88902E-01
 2.50000E-01    1.74203E-01    1.16367E-01    2.32039E-01
 3.00000E-01    2.35251E-01    1.48913E-01    3.21589E-01
 4.00000E-01    1.28021E+02    8.48777E+01    1.71164E+02
 5.00000E-01    4.08555E+02    2.70871E+02    5.46239E+02
 6.00000E-01    6.92246E+02    4.67265E+02    9.17227E+02
 7.00000E-01    9.80383E+02    6.61758E+02    1.29901E+03
 8.00000E-01    1.22004E+03    8.44235E+02    1.59584E+03
 9.00000E-01    1.44204E+03    9.97853E+02    1.88623E+03
 1.00000E+00    1.65076E+03    1.15549E+03    2.14603E+03
 1.10000E+00    1.82528E+03    1.27765E+03    2.37291E+03
 1.20000E+00    1.98205E+03    1.39332E+03    2.57078E+03
 1.30000E+00    2.12597E+03    1.49449E+03    2.75745E+03
 1.40000E+00    2.25253E+03    1.58346E+03    2.92160E+03
 1.50000E+00    2.36783E+03    1.69295E+03    3.04271E+03
 1.60000E+00    2.46707E+03    1.76391E+03    3.17023E+03
 1.70000E+00    2.55516E+03    1.82689E+03    3.28343E+03
 1.80000E+00    2.63003E+03    1.88042E+03    3.37964E+03
 1.90000E+00    2.69450E+03    1.92651E+03    3.46249E+03
 2.00000E+00    2.74930E+03    2.07569E+03    3.42291E+03
 2.10000E+00    2.79528E+03    2.11040E+03    3.48016E+03
 2.20000E+00    2.83407E+03    2.13969E+03    3.52845E+03
 2.40000E+00    2.89246E+03    2.18377E+03    3.60115E+03
 2.60000E+00    2.93016E+03    2.38217E+03    3.47815E+03
 2.80000E+00    2.95449E+03    2.40195E+03    3.50703E+03
 3.00000E+00    2.96685E+03    2.55735E+03    3.37635E+03
 3.50000E+00    2.97485E+03    2.64456E+03    3.30514E+03
 4.00000E+00    2.96608E+03    2.69316E+03    3.23900E+03
 4.50000E+00    2.92887E+03    2.65938E+03    3.19836E+03
 5.00000E+00    2.91572E+03    2.66112E+03    3.17032E+03
 5.50000E+00    2.87220E+03    2.62140E+03    3.12300E+03
 6.00000E+00    2.86244E+03    2.60248E+03    3.12240E+03
 6.50000E+00    2.83743E+03    2.57974E+03    3.09512E+03
 7.00000E+00    2.77432E+03    2.50656E+03    3.04208E+03
 7.50000E+00    2.28097E+03    2.06082E+03    2.50112E+03
 8.00000E+00    1.71369E+03    1.53544E+03    1.89194E+03
 8.50000E+00    1.25242E+03    1.12215E+03    1.38269E+03
 9.00000E+00    9.27232E+02    8.05746E+02    1.04872E+03
 9.50000E+00    7.05735E+02    6.13269E+02    7.98201E+02
 1.00000E+01    5.61497E+02    4.71654E+02    6.51340E+02
 1.05000E+01    4.69783E+02    3.94614E+02    5.44952E+02
 1.10000E+01    4.05740E+02    3.40819E+02    4.70661E+02
 1.15000E+01    3.59917E+02    3.02328E+02    4.17506E+02
 1.20000E+01    3.26065E+02    2.62156E+02    3.89974E+02
 1.25000E+01    3.04893E+02    2.45133E+02    3.64653E+02
 1.30000E+01    2.87438E+02    2.31100E+02    3.43777E+02
 1.35000E+01    2.72950E+02    2.19451E+02    3.26449E+02
 1.40000E+01    2.59750E+02    2.05456E+02    3.14044E+02
 1.45000E+01    2.51739E+02    1.99119E+02    3.04359E+02
 1.50000E+01    2.40789E+02    1.90698E+02    2.90880E+02
 1.55000E+01    2.33523E+02    1.84943E+02    2.82103E+02
 1.60000E+01    2.22952E+02    1.77017E+02    2.68887E+02
 1.65000E+01    2.16570E+02    1.71950E+02    2.61190E+02
 1.70000E+01    2.09774E+02    1.66554E+02    2.52994E+02
 1.75000E+01    2.03176E+02    1.61315E+02    2.45037E+02
 1.80000E+01    1.96673E+02    1.57335E+02    2.36011E+02
 1.85000E+01    1.90338E+02    1.52267E+02    2.28409E+02
 1.90000E+01    1.84107E+02    1.47283E+02    2.20931E+02
 1.95000E+01    1.78013E+02    1.42408E+02    2.13618E+02
 2.00000E+01    1.72147E+02    1.37715E+02    2.06579E+02
