# n + Ac224 : (n,t)     
# tendl.2017 A.J. Koning and D. Rochman        EVAL-NOV17
# uncertainties: y
# # energies =    51
#   E(MeV)       xs(mb)       xslow(mb)      xsupp(mb)
 9.68868E-01    0.00000E+00    0.00000E+00    0.00000E+00
 4.00000E+00    2.13506E-17    2.13506E-17    2.13506E-17
 4.20000E+00    1.54187E-16    1.54187E-16    1.54187E-16
 4.40000E+00    9.23399E-16    9.23399E-16    9.23399E-16
 4.60000E+00    4.72643E-15    4.72643E-15    4.72643E-15
 4.80000E+00    2.12524E-14    2.12524E-14    2.12524E-14
 5.00000E+00    9.50596E-14    9.50596E-14    9.50596E-14
 5.20000E+00    1.25223E-12    1.25223E-12    1.25223E-12
 5.40000E+00    3.42516E-12    3.42516E-12    3.42516E-12
 5.60000E+00    1.12429E-11    1.12429E-11    1.12429E-11
 5.80000E+00    3.09004E-11    3.09004E-11    3.09004E-11
 6.00000E+00    7.56545E-11    7.56545E-11    7.56545E-11
 6.20000E+00    2.33613E-10    2.33613E-10    2.33613E-10
 6.40000E+00    4.54136E-10    4.54136E-10    4.54136E-10
 6.60000E+00    1.41648E-09    0.00000E+00    4.19728E-09
 6.80000E+00    2.76401E-09    0.00000E+00    8.19024E-09
 7.00000E+00    6.19585E-09    0.00000E+00    1.83594E-08
 7.20000E+00    1.70890E-08    0.00000E+00    5.06377E-08
 7.40000E+00    2.93478E-08    0.00000E+00    8.69626E-08
 7.60000E+00    7.19335E-08    0.00000E+00    2.13151E-07
 7.80000E+00    1.29193E-07    0.00000E+00    3.82821E-07
 8.00000E+00    2.06726E-07    0.00000E+00    6.12565E-07
 8.50000E+00    1.04385E-06    0.00000E+00    3.09311E-06
 9.00000E+00    4.65197E-06    1.36885E-06    7.93509E-06
 9.50000E+00    1.89512E-05    5.57642E-06    3.23260E-05
 1.00000E+01    7.17062E-05    2.10997E-05    1.22313E-04
 1.05000E+01    2.51914E-04    7.41261E-05    4.29702E-04
 1.10000E+01    8.16532E-04    2.40266E-04    1.39280E-03
 1.15000E+01    2.42999E-03    7.15028E-04    4.14495E-03
 1.20000E+01    6.62673E-03    1.94992E-03    1.13035E-02
 1.25000E+01    1.65259E-02    4.86277E-03    2.81890E-02
 1.30000E+01    3.75206E-02    1.80227E-02    5.70185E-02
 1.35000E+01    7.72519E-02    3.71072E-02    1.17397E-01
 1.40000E+01    1.44461E-01    6.93905E-02    2.19532E-01
 1.45000E+01    2.47451E-01    1.18861E-01    3.76041E-01
 1.50000E+01    3.92672E-01    1.88616E-01    5.96728E-01
 1.60000E+01    8.23081E-01    4.51409E-01    1.19475E+00
 1.70000E+01    1.43339E+00    7.86126E-01    2.08065E+00
 1.80000E+01    2.16414E+00    1.18690E+00    3.14138E+00
 1.90000E+01    2.90825E+00    1.59500E+00    4.22150E+00
 2.00000E+01    3.53622E+00    2.06747E+00    5.00497E+00
 2.10000E+01    3.99227E+00    2.33410E+00    5.65044E+00
 2.20000E+01    4.31606E+00    2.52340E+00    6.10872E+00
 2.30000E+01    4.49753E+00    2.62950E+00    6.36556E+00
 2.40000E+01    4.57531E+00    2.78595E+00    6.36467E+00
 2.50000E+01    4.51695E+00    2.75042E+00    6.28348E+00
 2.60000E+01    4.43971E+00    2.70339E+00    6.17603E+00
 2.70000E+01    4.31014E+00    2.62449E+00    5.99579E+00
 2.80000E+01    4.12434E+00    2.51135E+00    5.73733E+00
 2.90000E+01    3.97892E+00    2.42281E+00    5.53503E+00
 3.00000E+01    3.78391E+00    2.30406E+00    5.26376E+00
