# n + Ac224 : (n,pa)    
# tendl.2017 A.J. Koning and D. Rochman        EVAL-NOV17
# uncertainties: y
# # energies =   265
#   E(MeV)       xs(mb)       xslow(mb)      xsupp(mb)
 1.00000E-11    3.92050E-17    3.92050E-17    3.92050E-17
 1.03005E-11    3.86613E-17    3.86613E-17    3.86613E-17
 1.06099E-11    3.81261E-17    3.81261E-17    3.81261E-17
 1.09287E-11    3.75992E-17    3.75992E-17    3.75992E-17
 1.12571E-11    3.70805E-17    3.70805E-17    3.70805E-17
 1.15953E-11    3.65699E-17    3.65699E-17    3.65699E-17
 1.19437E-11    3.60673E-17    3.60673E-17    3.60673E-17
 1.23026E-11    3.55726E-17    3.55726E-17    3.55726E-17
 1.26722E-11    3.50856E-17    3.50856E-17    3.50856E-17
 1.30530E-11    3.46064E-17    3.46064E-17    3.46064E-17
 1.34452E-11    3.41347E-17    3.41347E-17    3.41347E-17
 1.38491E-11    3.36704E-17    3.36704E-17    3.36704E-17
 1.42652E-11    3.32135E-17    3.32135E-17    3.32135E-17
 1.46938E-11    3.27638E-17    3.27638E-17    3.27638E-17
 1.51353E-11    3.23213E-17    3.23213E-17    3.23213E-17
 1.55901E-11    3.18858E-17    3.18858E-17    3.18858E-17
 1.60585E-11    3.14573E-17    3.14573E-17    3.14573E-17
 1.65410E-11    3.10357E-17    3.10357E-17    3.10357E-17
 1.70380E-11    3.06208E-17    3.06208E-17    3.06208E-17
 1.75499E-11    3.02126E-17    3.02126E-17    3.02126E-17
 1.80772E-11    2.98110E-17    2.98110E-17    2.98110E-17
 1.86203E-11    2.94158E-17    2.94158E-17    2.94158E-17
 1.92611E-11    2.89721E-17    2.89721E-17    2.89721E-17
 1.99239E-11    2.85366E-17    2.85366E-17    2.85366E-17
 2.06095E-11    2.81092E-17    2.81092E-17    2.81092E-17
 2.13187E-11    2.76897E-17    2.76897E-17    2.76897E-17
 2.20523E-11    2.72782E-17    2.72782E-17    2.72782E-17
 2.28111E-11    2.68744E-17    2.68744E-17    2.68744E-17
 2.35961E-11    2.64782E-17    2.64782E-17    2.64782E-17
 2.44081E-11    2.60895E-17    2.60895E-17    2.60895E-17
 2.52480E-11    2.57082E-17    2.57082E-17    2.57082E-17
 2.61168E-11    2.53342E-17    2.53342E-17    2.53342E-17
 2.70155E-11    2.49673E-17    2.49673E-17    2.49673E-17
 2.79451E-11    2.46075E-17    2.46075E-17    2.46075E-17
 2.89068E-11    2.42546E-17    2.42546E-17    2.42546E-17
 2.99015E-11    2.39086E-17    2.39086E-17    2.39086E-17
 3.09304E-11    2.35693E-17    2.35693E-17    2.35693E-17
 3.19948E-11    2.32367E-17    2.32367E-17    2.32367E-17
 3.30957E-11    2.29106E-17    2.29106E-17    2.29106E-17
 3.42346E-11    2.25909E-17    2.25909E-17    2.25909E-17
 3.54127E-11    2.22776E-17    2.22776E-17    2.22776E-17
 3.66313E-11    2.19705E-17    2.19705E-17    2.19705E-17
 3.78918E-11    2.16696E-17    2.16696E-17    2.16696E-17
 3.91957E-11    2.13748E-17    2.13748E-17    2.13748E-17
 4.05445E-11    2.10859E-17    2.10859E-17    2.10859E-17
 4.19396E-11    2.08028E-17    2.08028E-17    2.08028E-17
 4.33828E-11    2.05256E-17    2.05256E-17    2.05256E-17
 4.48757E-11    2.02541E-17    2.02541E-17    2.02541E-17
 4.64199E-11    1.99882E-17    1.99882E-17    1.99882E-17
 4.80173E-11    1.97278E-17    1.97278E-17    1.97278E-17
 4.96696E-11    1.94729E-17    1.94729E-17    1.94729E-17
 5.13788E-11    1.92233E-17    1.92233E-17    1.92233E-17
 5.31468E-11    1.89791E-17    1.89791E-17    1.89791E-17
 5.49756E-11    1.87400E-17    1.87400E-17    1.87400E-17
 5.68674E-11    1.85061E-17    1.85061E-17    1.85061E-17
 5.88243E-11    1.82772E-17    1.82772E-17    1.82772E-17
 6.08485E-11    1.80533E-17    1.80533E-17    1.80533E-17
 6.29424E-11    1.78343E-17    1.78343E-17    1.78343E-17
 6.51083E-11    1.76201E-17    1.76201E-17    1.76201E-17
 6.73488E-11    1.74107E-17    1.74107E-17    1.74107E-17
 6.96663E-11    1.72059E-17    1.72059E-17    1.72059E-17
 7.20636E-11    1.70058E-17    1.70058E-17    1.70058E-17
 7.45434E-11    1.68102E-17    1.68102E-17    1.68102E-17
 7.71085E-11    1.66190E-17    1.66190E-17    1.66190E-17
 7.97619E-11    1.64323E-17    1.64323E-17    1.64323E-17
 8.25066E-11    1.62499E-17    1.62499E-17    1.62499E-17
 8.57075E-11    1.60498E-17    1.60498E-17    1.60498E-17
 8.90325E-11    1.58549E-17    1.58549E-17    1.58549E-17
 9.24865E-11    1.56653E-17    1.56653E-17    1.56653E-17
 9.60745E-11    1.54808E-17    1.54808E-17    1.54808E-17
 9.98017E-11    1.53012E-17    1.53012E-17    1.53012E-17
 1.03674E-10    1.51266E-17    1.51266E-17    1.51266E-17
 1.07696E-10    1.49569E-17    1.49569E-17    1.49569E-17
 1.11874E-10    1.47918E-17    1.47918E-17    1.47918E-17
 1.16214E-10    1.46315E-17    1.46315E-17    1.46315E-17
 1.20722E-10    1.44756E-17    1.44756E-17    1.44756E-17
 1.25406E-10    1.43243E-17    1.43243E-17    1.43243E-17
 1.30271E-10    1.41773E-17    1.41773E-17    1.41773E-17
 1.35325E-10    1.40347E-17    1.40347E-17    1.40347E-17
 1.40575E-10    1.38962E-17    1.38962E-17    1.38962E-17
 1.46028E-10    1.37619E-17    1.37619E-17    1.37619E-17
 1.51693E-10    1.36316E-17    1.36316E-17    1.36316E-17
 1.58246E-10    1.34914E-17    1.34914E-17    1.34914E-17
 1.65082E-10    1.33560E-17    1.33560E-17    1.33560E-17
 1.72213E-10    1.32253E-17    1.32253E-17    1.32253E-17
 1.79652E-10    1.30991E-17    1.30991E-17    1.30991E-17
 1.87413E-10    1.29773E-17    1.29773E-17    1.29773E-17
 1.95508E-10    1.28598E-17    1.28598E-17    1.28598E-17
 2.03954E-10    1.27465E-17    1.27465E-17    1.27465E-17
 2.12764E-10    1.26373E-17    1.26373E-17    1.26373E-17
 2.22896E-10    1.25218E-17    1.25218E-17    1.25218E-17
 2.33510E-10    1.24109E-17    1.24109E-17    1.24109E-17
 2.44629E-10    1.23045E-17    1.23045E-17    1.23045E-17
 2.56278E-10    1.22025E-17    1.22025E-17    1.22025E-17
 2.68481E-10    1.21047E-17    1.21047E-17    1.21047E-17
 2.81266E-10    1.20110E-17    1.20110E-17    1.20110E-17
 2.95908E-10    1.19133E-17    1.19133E-17    1.19133E-17
 3.11313E-10    1.18201E-17    1.18201E-17    1.18201E-17
 3.27519E-10    1.17312E-17    1.17312E-17    1.17312E-17
 3.44570E-10    1.16465E-17    1.16465E-17    1.16465E-17
 3.62507E-10    1.15658E-17    1.15658E-17    1.15658E-17
 3.82995E-10    1.14827E-17    1.14827E-17    1.14827E-17
 4.04641E-10    1.14038E-17    1.14038E-17    1.14038E-17
 4.27510E-10    1.13291E-17    1.13291E-17    1.13291E-17
 4.53585E-10    1.12530E-17    1.12530E-17    1.12530E-17
 4.81252E-10    1.11812E-17    1.11812E-17    1.11812E-17
 5.10605E-10    1.11135E-17    1.11135E-17    1.11135E-17
 5.44045E-10    1.10451E-17    1.10451E-17    1.10451E-17
 5.79675E-10    1.09810E-17    1.09810E-17    1.09810E-17
 6.20256E-10    1.09168E-17    1.09168E-17    1.09168E-17
 6.63678E-10    1.08569E-17    1.08569E-17    1.08569E-17
 7.13150E-10    1.07975E-17    1.07975E-17    1.07975E-17
 7.66309E-10    1.07422E-17    1.07422E-17    1.07422E-17
 8.26920E-10    1.06878E-17    1.06878E-17    1.06878E-17
 8.96107E-10    1.06347E-17    1.06347E-17    1.06347E-17
 9.71083E-10    1.05857E-17    1.05857E-17    1.05857E-17
 1.05679E-09    1.05382E-17    1.05382E-17    1.05382E-17
 1.15494E-09    1.04924E-17    1.04924E-17    1.04924E-17
 1.26755E-09    1.04487E-17    1.04487E-17    1.04487E-17
 1.39704E-09    1.04071E-17    1.04071E-17    1.04071E-17
 1.54628E-09    1.03678E-17    1.03678E-17    1.03678E-17
 1.71872E-09    1.03309E-17    1.03309E-17    1.03309E-17
 1.92661E-09    1.02952E-17    1.02952E-17    1.02952E-17
 2.16880E-09    1.02622E-17    1.02622E-17    1.02622E-17
 2.46218E-09    1.02310E-17    1.02310E-17    1.02310E-17
 2.81898E-09    1.02018E-17    1.02018E-17    1.02018E-17
 3.25491E-09    1.01747E-17    1.01747E-17    1.01747E-17
 3.80623E-09    1.01494E-17    1.01494E-17    1.01494E-17
 4.50776E-09    1.01262E-17    1.01262E-17    1.01262E-17
 5.42967E-09    1.01047E-17    1.01047E-17    1.01047E-17
 6.65170E-09    1.00855E-17    1.00855E-17    1.00855E-17
 8.35818E-09    1.00680E-17    1.00680E-17    1.00680E-17
 1.08180E-08    1.00526E-17    1.00526E-17    1.00526E-17
 1.45450E-08    1.00391E-17    1.00391E-17    1.00391E-17
 2.05740E-08    1.00276E-17    1.00276E-17    1.00276E-17
 2.52045E-08    1.00226E-17    1.00226E-17    1.00226E-17
 2.53000E-08    1.00225E-17    1.00225E-17    1.00225E-17
 4.06280E-08    1.00140E-17    1.00140E-17    1.00140E-17
 7.56507E-08    1.00075E-17    1.00075E-17    1.00075E-17
 1.87006E-07    1.00030E-17    1.00030E-17    1.00030E-17
 1.02077E-06    1.00006E-17    1.00006E-17    1.00006E-17
 1.16257E-04    1.00000E-17    1.00000E-17    1.00000E-17
 1.21247E-04    1.00000E-17    1.00000E-17    1.00000E-17
 1.26452E-04    1.00000E-17    1.00000E-17    1.00000E-17
 1.28236E-04    1.00000E-17    1.00000E-17    1.00000E-17
 1.30045E-04    1.00000E-17    1.00000E-17    1.00000E-17
 1.31880E-04    1.00000E-17    1.00000E-17    1.00000E-17
 1.33740E-04    1.00000E-17    1.00000E-17    1.00000E-17
 3.80000E+00    1.00008E-17    1.00008E-17    1.00008E-17
 4.00000E+00    2.28252E-17    2.28252E-17    2.28252E-17
 4.20000E+00    4.95531E-17    4.95531E-17    4.95531E-17
 4.40000E+00    1.17346E-16    1.17346E-16    1.17346E-16
 4.60000E+00    2.32781E-16    2.32781E-16    2.32781E-16
 4.80000E+00    5.01041E-16    5.01041E-16    5.01041E-16
 5.00000E+00    1.07240E-15    1.07240E-15    1.07240E-15
 5.20000E+00    1.93717E-15    1.93717E-15    1.93717E-15
 5.40000E+00    3.86798E-15    3.86798E-15    3.86798E-15
 5.60000E+00    7.00132E-15    7.00132E-15    7.00132E-15
 5.80000E+00    1.30067E-14    1.30067E-14    1.30067E-14
 6.00000E+00    2.50287E-14    2.50287E-14    2.50287E-14
 6.20000E+00    4.16099E-14    4.16099E-14    4.16099E-14
 6.40000E+00    7.51851E-14    7.51851E-14    7.51851E-14
 6.60000E+00    1.27821E-13    1.27821E-13    1.27821E-13
 6.80000E+00    2.17978E-13    2.17978E-13    2.17978E-13
 7.00000E+00    1.13011E-12    1.13011E-12    1.13011E-12
 7.20000E+00    1.82870E-12    1.82870E-12    1.82870E-12
 7.40000E+00    3.11061E-12    3.11061E-12    3.11061E-12
 7.60000E+00    5.09108E-12    5.09108E-12    5.09108E-12
 7.80000E+00    8.22079E-12    8.22079E-12    8.22079E-12
 8.00000E+00    1.37557E-11    1.37557E-11    1.37557E-11
 8.50000E+00    4.18195E-11    4.18195E-11    4.18195E-11
 9.00000E+00    1.16279E-10    0.00000E+00    1.16279E-09
 9.50000E+00    2.94433E-10    0.00000E+00    2.94433E-09
 1.00000E+01    6.77472E-10    0.00000E+00    6.77472E-09
 1.01411E+01    9.04966E-10    0.00000E+00    9.04966E-09
 1.02842E+01    1.13569E-09    0.00000E+00    1.13569E-08
 1.04292E+01    1.36966E-09    0.00000E+00    1.36966E-08
 1.05000E+01    1.48376E-09    0.00000E+00    1.48376E-08
 1.06481E+01    1.93112E-09    0.00000E+00    1.93112E-08
 1.07984E+01    2.38480E-09    0.00000E+00    2.38480E-08
 1.09507E+01    2.84487E-09    0.00000E+00    2.84487E-08
 1.10000E+01    2.99373E-09    0.00000E+00    2.99373E-08
 1.11552E+01    3.75120E-09    0.00000E+00    3.75120E-08
 1.13126E+01    4.51936E-09    0.00000E+00    4.51936E-08
 1.14722E+01    5.29836E-09    0.00000E+00    5.29836E-08
 1.15000E+01    5.43420E-09    0.00000E+00    5.43420E-08
 1.16622E+01    6.89833E-09    0.00000E+00    6.89833E-08
 1.18268E+01    8.38313E-09    0.00000E+00    8.38313E-08
 1.19936E+01    9.88886E-09    0.00000E+00    9.88886E-08
 1.20000E+01    9.94633E-09    0.00000E+00    9.94633E-08
 1.21693E+01    1.18970E-08    0.00000E+00    1.18970E-07
 1.23410E+01    1.38753E-08    0.00000E+00    1.38753E-07
 1.25000E+01    1.57075E-08    0.00000E+00    1.57075E-07
 1.26764E+01    1.92662E-08    0.00000E+00    1.92662E-07
 1.28552E+01    2.28750E-08    0.00000E+00    2.28750E-07
 1.30000E+01    2.57971E-08    0.00000E+00    2.30991E-07
 1.31834E+01    2.98376E-08    0.00000E+00    2.67170E-07
 1.33694E+01    3.39351E-08    0.00000E+00    3.03860E-07
 1.35000E+01    3.68123E-08    0.00000E+00    3.29623E-07
 1.36905E+01    4.37350E-08    0.00000E+00    3.91610E-07
 1.38836E+01    5.07553E-08    0.00000E+00    4.54471E-07
 1.40000E+01    5.49858E-08    0.00000E+00    4.92351E-07
 1.41975E+01    6.20012E-08    0.00000E+00    5.55168E-07
 1.43978E+01    6.91156E-08    0.00000E+00    6.18871E-07
 1.45000E+01    7.27450E-08    0.00000E+00    6.51370E-07
 1.47046E+01    8.33283E-08    0.00000E+00    7.46134E-07
 1.49120E+01    9.40610E-08    0.00000E+00    8.42236E-07
 1.50000E+01    9.86124E-08    0.00000E+00    8.82990E-07
 1.52116E+01    1.11064E-07    0.00000E+00    9.94484E-07
 1.54262E+01    1.23692E-07    0.00000E+00    1.10756E-06
 1.56439E+01    1.36497E-07    0.00000E+00    1.22221E-06
 1.58646E+01    1.49484E-07    0.00000E+00    1.33850E-06
 1.60000E+01    1.57452E-07    0.00000E+00    1.57452E-06
 1.62257E+01    1.76555E-07    0.00000E+00    1.76555E-06
 1.64546E+01    1.95927E-07    0.00000E+00    1.95927E-06
 1.66868E+01    2.15572E-07    0.00000E+00    2.15572E-06
 1.69222E+01    2.35494E-07    0.00000E+00    2.35494E-06
 1.70000E+01    2.42077E-07    0.00000E+00    2.42077E-06
 1.72398E+01    2.68637E-07    0.00000E+00    2.68637E-06
 1.74831E+01    2.95571E-07    0.00000E+00    2.95571E-06
 1.77297E+01    3.22886E-07    0.00000E+00    3.22886E-06
 1.79799E+01    3.50586E-07    0.00000E+00    3.50586E-06
 1.80000E+01    3.52817E-07    0.00000E+00    3.52817E-06
 1.82539E+01    3.86646E-07    0.00000E+00    3.86646E-06
 1.85115E+01    4.20953E-07    0.00000E+00    4.20953E-06
 1.87726E+01    4.55743E-07    0.00000E+00    4.55743E-06
 1.90000E+01    4.86030E-07    0.00000E+00    4.86030E-06
 1.92681E+01    5.47992E-07    0.00000E+00    5.47992E-06
 1.95399E+01    6.10829E-07    0.00000E+00    6.10829E-06
 1.98156E+01    6.74551E-07    0.00000E+00    6.74551E-06
 2.00000E+01    7.17184E-07    0.00000E+00    7.17184E-06
 2.02822E+01    8.14476E-07    0.00000E+00    8.14476E-06
 2.05683E+01    9.13140E-07    0.00000E+00    9.13140E-06
 2.08585E+01    1.01320E-06    0.00000E+00    1.01320E-05
 2.10000E+01    1.06199E-06    0.00000E+00    1.06199E-05
 2.12963E+01    1.24737E-06    0.00000E+00    1.24737E-05
 2.15967E+01    1.43537E-06    0.00000E+00    1.43537E-05
 2.19014E+01    1.62602E-06    0.00000E+00    1.62602E-05
 2.20000E+01    1.68771E-06    0.00000E+00    1.68771E-05
 2.23104E+01    1.99609E-06    0.00000E+00    1.99609E-05
 2.26251E+01    2.30882E-06    0.00000E+00    2.30882E-05
 2.29443E+01    2.62597E-06    0.00000E+00    2.62597E-05
 2.30000E+01    2.68127E-06    0.00000E+00    2.68127E-05
 2.33245E+01    3.21021E-06    0.00000E+00    3.21021E-05
 2.36536E+01    3.74661E-06    0.00000E+00    3.74661E-05
 2.39873E+01    4.29058E-06    0.00000E+00    4.29058E-05
 2.40000E+01    4.31134E-06    0.00000E+00    4.31122E-05
 2.43386E+01    5.20316E-06    0.00000E+00    5.20301E-05
 2.46820E+01    6.10757E-06    0.00000E+00    6.10739E-05
 2.50000E+01    6.94522E-06    0.00000E+00    6.94502E-05
 2.53527E+01    8.39113E-06    0.00000E+00    8.39088E-05
 2.57104E+01    9.85743E-06    0.00000E+00    9.85715E-05
 2.60000E+01    1.10447E-05    0.00000E+00    1.10444E-04
 2.63668E+01    1.31518E-05    0.00000E+00    1.31514E-04
 2.67388E+01    1.52886E-05    0.00000E+00    1.52882E-04
 2.70000E+01    1.67890E-05    0.00000E+00    1.67885E-04
 2.73809E+01    1.97598E-05    0.00000E+00    1.97592E-04
 2.77672E+01    2.27725E-05    0.00000E+00    2.27719E-04
 2.80000E+01    2.45880E-05    0.00000E+00    2.45873E-04
 2.83950E+01    2.81344E-05    0.00000E+00    2.81336E-04
 2.87956E+01    3.17309E-05    0.00000E+00    3.17300E-04
 2.90000E+01    3.35656E-05    0.00000E+00    3.35646E-04
 2.94091E+01    3.75267E-05    0.00000E+00    3.75256E-04
 2.98240E+01    4.15437E-05    0.00000E+00    4.15425E-04
 3.00000E+01    4.32472E-05    0.00000E+00    4.32460E-04
