# n + Ac224 : (n,2n)    
# tendl.2017 A.J. Koning and D. Rochman        EVAL-NOV17
# uncertainties: y
# # energies =    72
#   E(MeV)       xs(mb)       xslow(mb)      xsupp(mb)
 5.68857E+00    0.00000E+00    0.00000E+00    0.00000E+00
 5.80000E+00    1.83981E+01    6.87027E+00    2.99259E+01
 6.00000E+00    8.39518E+01    3.13495E+01    1.36554E+02
 6.20000E+00    2.22297E+02    8.30108E+01    3.61583E+02
 6.40000E+00    3.56292E+02    1.33048E+02    5.79536E+02
 6.60000E+00    5.11538E+02    1.91020E+02    8.32056E+02
 6.80000E+00    6.53995E+02    2.44217E+02    1.06377E+03
 7.00000E+00    7.86121E+02    2.93556E+02    1.27869E+03
 7.20000E+00    9.22408E+02    3.44448E+02    1.50037E+03
 7.40000E+00    1.04355E+03    3.89685E+02    1.69741E+03
 7.60000E+00    1.16315E+03    4.34347E+02    1.89195E+03
 7.80000E+00    1.27101E+03    4.74624E+02    2.06740E+03
 8.00000E+00    1.36578E+03    5.10013E+02    2.22155E+03
 8.50000E+00    1.56769E+03    5.85411E+02    2.54997E+03
 9.00000E+00    1.72133E+03    9.99481E+02    2.44318E+03
 9.50000E+00    1.84031E+03    1.06857E+03    2.61205E+03
 1.00000E+01    1.93329E+03    1.12255E+03    2.74403E+03
 1.05000E+01    2.00379E+03    1.16349E+03    2.84409E+03
 1.10000E+01    2.05726E+03    1.19454E+03    2.91998E+03
 1.15000E+01    2.10156E+03    1.22026E+03    2.98286E+03
 1.20000E+01    2.13608E+03    1.24030E+03    3.03186E+03
 1.25000E+01    2.16315E+03    1.25602E+03    3.07028E+03
 1.30000E+01    2.17946E+03    1.21130E+03    3.14762E+03
 1.35000E+01    2.16593E+03    1.20378E+03    3.12808E+03
 1.40000E+01    2.10467E+03    1.16973E+03    3.03961E+03
 1.45000E+01    1.98745E+03    1.10458E+03    2.87032E+03
 1.50000E+01    1.82407E+03    1.01378E+03    2.63436E+03
 1.60000E+01    1.43261E+03    5.76789E+02    2.28843E+03
 1.70000E+01    1.06553E+03    4.28997E+02    1.70206E+03
 1.80000E+01    7.95522E+02    3.20288E+02    1.27076E+03
 1.90000E+01    6.21551E+02    2.50245E+02    9.92857E+02
 2.00000E+01    5.15475E+02    1.87830E+02    8.43120E+02
 2.10000E+01    4.49195E+02    1.63679E+02    7.34711E+02
 2.20000E+01    4.06569E+02    1.48147E+02    6.64991E+02
 2.30000E+01    3.76315E+02    1.37123E+02    6.15507E+02
 2.40000E+01    3.52120E+02    1.33993E+02    5.70247E+02
 2.50000E+01    3.34406E+02    1.27253E+02    5.41559E+02
 2.60000E+01    3.19170E+02    1.21455E+02    5.16885E+02
 2.70000E+01    3.07172E+02    1.16889E+02    4.97455E+02
 2.80000E+01    2.96667E+02    1.12892E+02    4.80442E+02
 2.90000E+01    2.88072E+02    1.09621E+02    4.66523E+02
 3.00000E+01    2.79646E+02    1.06415E+02    4.52877E+02
 3.00000E+01    2.66659E+02    1.01472E+02    4.31845E+02
 3.20000E+01    2.56649E+02    9.76637E+01    4.15635E+02
 3.40000E+01    2.41154E+02    9.17672E+01    3.90541E+02
 3.60000E+01    2.27686E+02    8.66421E+01    3.68730E+02
 3.80000E+01    2.15071E+02    8.18417E+01    3.48300E+02
 4.00000E+01    2.03830E+02    7.75640E+01    3.30095E+02
 4.20000E+01    1.93953E+02    7.38057E+01    3.14101E+02
 4.40000E+01    1.84674E+02    7.02745E+01    2.99073E+02
 4.60000E+01    1.76031E+02    6.69855E+01    2.85076E+02
 4.80000E+01    1.69188E+02    6.43816E+01    2.73994E+02
 5.00000E+01    1.63571E+02    6.22442E+01    2.64898E+02
 5.20000E+01    1.61460E+02    6.14408E+01    2.61479E+02
 5.40000E+01    1.58487E+02    6.03097E+01    2.56665E+02
 5.60000E+01    1.53684E+02    5.84820E+01    2.48887E+02
 5.80000E+01    1.49219E+02    5.67827E+01    2.41655E+02
 6.00000E+01    1.45101E+02    5.52157E+01    2.34986E+02
 6.50000E+01    1.36936E+02    5.21086E+01    2.21763E+02
 7.00000E+01    1.29539E+02    4.92939E+01    2.09784E+02
 7.50000E+01    1.23278E+02    4.69115E+01    1.99645E+02
 8.00000E+01    1.17700E+02    4.47886E+01    1.90611E+02
 9.00000E+01    1.08242E+02    4.11897E+01    1.75294E+02
 1.00000E+02    1.00101E+02    3.80917E+01    1.62110E+02
 1.10000E+02    9.26982E+01    3.52748E+01    1.50122E+02
 1.20000E+02    8.63575E+01    3.28619E+01    1.39853E+02
 1.30000E+02    8.01486E+01    3.04992E+01    1.29798E+02
 1.40000E+02    7.55258E+01    2.87401E+01    1.22311E+02
 1.50000E+02    7.08223E+01    2.69503E+01    1.14694E+02
 1.60000E+02    6.56350E+01    2.49763E+01    1.06294E+02
 1.80000E+02    5.45710E+01    2.07661E+01    8.83760E+01
 2.00000E+02    4.58971E+01    1.74654E+01    7.43288E+01
