# n + Ac224 : (n,3n)m   
# tendl.2017 A.J. Koning and D. Rochman        EVAL-NOV17
# uncertainties: y
# # energies =    51
#   E(MeV)       xs(mb)       xslow(mb)      xsupp(mb)
 1.28878E+01    0.00000E+00    0.00000E+00    0.00000E+00
 1.30000E+01    1.82130E-01    0.00000E+00    0.00000E+00
 1.35000E+01    3.29718E+00    0.00000E+00    0.00000E+00
 1.40000E+01    1.21802E+01    0.00000E+00    0.00000E+00
 1.45000E+01    2.82116E+01    0.00000E+00    0.00000E+00
 1.50000E+01    5.06064E+01    0.00000E+00    0.00000E+00
 1.60000E+01    1.01955E+02    0.00000E+00    0.00000E+00
 1.70000E+01    1.49323E+02    0.00000E+00    0.00000E+00
 1.80000E+01    1.83880E+02    0.00000E+00    0.00000E+00
 1.90000E+01    2.06282E+02    0.00000E+00    0.00000E+00
 2.00000E+01    2.18069E+02    0.00000E+00    0.00000E+00
 2.10000E+01    2.20560E+02    0.00000E+00    0.00000E+00
 2.20000E+01    2.13685E+02    0.00000E+00    0.00000E+00
 2.30000E+01    1.99208E+02    0.00000E+00    0.00000E+00
 2.40000E+01    1.80377E+02    0.00000E+00    0.00000E+00
 2.50000E+01    1.58430E+02    0.00000E+00    0.00000E+00
 2.60000E+01    1.37131E+02    0.00000E+00    0.00000E+00
 2.70000E+01    1.17909E+02    0.00000E+00    0.00000E+00
 2.80000E+01    1.01731E+02    0.00000E+00    0.00000E+00
 2.90000E+01    8.82611E+01    0.00000E+00    0.00000E+00
 3.00000E+01    7.75739E+01    0.00000E+00    0.00000E+00
 3.00000E+01    7.37442E+01    0.00000E+00    0.00000E+00
 3.20000E+01    5.89306E+01    0.00000E+00    0.00000E+00
 3.40000E+01    4.94953E+01    0.00000E+00    0.00000E+00
 3.60000E+01    4.35418E+01    0.00000E+00    0.00000E+00
 3.80000E+01    3.94574E+01    0.00000E+00    0.00000E+00
 4.00000E+01    3.66549E+01    0.00000E+00    0.00000E+00
 4.20000E+01    3.43466E+01    0.00000E+00    0.00000E+00
 4.40000E+01    3.23175E+01    0.00000E+00    0.00000E+00
 4.60000E+01    3.06273E+01    0.00000E+00    0.00000E+00
 4.80000E+01    2.90277E+01    0.00000E+00    0.00000E+00
 5.00000E+01    2.76692E+01    0.00000E+00    0.00000E+00
 5.20000E+01    2.65351E+01    0.00000E+00    0.00000E+00
 5.40000E+01    2.54731E+01    0.00000E+00    0.00000E+00
 5.60000E+01    2.46492E+01    0.00000E+00    0.00000E+00
 5.80000E+01    2.39704E+01    0.00000E+00    0.00000E+00
 6.00000E+01    2.34404E+01    0.00000E+00    0.00000E+00
 6.50000E+01    2.22150E+01    0.00000E+00    0.00000E+00
 7.00000E+01    2.09035E+01    0.00000E+00    0.00000E+00
 7.50000E+01    1.97821E+01    0.00000E+00    0.00000E+00
 8.00000E+01    1.88743E+01    0.00000E+00    0.00000E+00
 9.00000E+01    1.72372E+01    0.00000E+00    0.00000E+00
 1.00000E+02    1.58516E+01    0.00000E+00    0.00000E+00
 1.10000E+02    1.47012E+01    0.00000E+00    0.00000E+00
 1.20000E+02    1.36012E+01    0.00000E+00    0.00000E+00
 1.30000E+02    1.26858E+01    0.00000E+00    0.00000E+00
 1.40000E+02    1.18955E+01    0.00000E+00    0.00000E+00
 1.50000E+02    1.11531E+01    0.00000E+00    0.00000E+00
 1.60000E+02    1.03253E+01    0.00000E+00    0.00000E+00
 1.80000E+02    8.48450E+00    0.00000E+00    0.00000E+00
 2.00000E+02    7.14527E+00    0.00000E+00    0.00000E+00
