# n + Ac224 : (n,xa)    
# tendl.2017 A.J. Koning and D. Rochman        EVAL-NOV17
# 
# # energies =   137
#   E(MeV)        xs(mb) 
 1.76792E-02    1.94863E-03
 2.00000E-02    1.85621E-03
 2.34049E-02    1.81685E-03
 2.99342E-02    1.74137E-03
 3.00000E-02    1.74060E-03
 3.73675E-02    1.69550E-03
 4.59058E-02    1.64461E-03
 4.75130E-02    1.63503E-03
 4.93211E-02    1.62425E-03
 5.24350E-02    1.60569E-03
 6.00000E-02    1.56059E-03
 6.46900E-02    1.54764E-03
 7.88535E-02    1.51301E-03
 8.08625E-02    1.50810E-03
 9.08070E-02    1.48379E-03
 1.00000E-01    1.46131E-03
 1.04066E-01    1.45137E-03
 1.09792E-01    1.43811E-03
 1.13911E-01    1.42897E-03
 1.17025E-01    1.42206E-03
 1.30887E-01    1.39129E-03
 1.43142E-01    1.36409E-03
 1.60720E-01    1.32508E-03
 1.69761E-01    1.30501E-03
 1.77496E-01    1.28784E-03
 1.84226E-01    1.27290E-03
 2.00000E-01    1.23789E-03
 2.12955E-01    1.21893E-03
 2.20689E-01    1.20833E-03
 2.37565E-01    1.18519E-03
 2.53838E-01    1.16287E-03
 2.84676E-01    1.12059E-03
 3.00000E-01    1.09958E-03
 3.01351E-01    1.09772E-03
 3.18628E-01    1.08189E-03
 3.34499E-01    1.06767E-03
 4.00000E-01    1.00901E-03
 5.00000E-01    8.06378E-04
 6.00000E-01    7.12440E-04
 7.00000E-01    6.48729E-04
 8.00000E-01    6.11927E-04
 9.00000E-01    5.96276E-04
 1.00000E+00    5.98910E-04
 1.20000E+00    6.63946E-04
 1.40000E+00    7.29253E-04
 1.60000E+00    7.89778E-04
 1.80000E+00    8.27675E-04
 2.00000E+00    8.55474E-04
 2.20000E+00    9.06862E-04
 2.40000E+00    9.62785E-04
 2.60000E+00    1.02735E-03
 2.80000E+00    1.09910E-03
 3.00000E+00    1.16004E-03
 3.20000E+00    1.22233E-03
 3.40000E+00    1.28574E-03
 3.60000E+00    1.33515E-03
 3.80000E+00    1.39010E-03
 4.00000E+00    1.44296E-03
 4.20000E+00    1.51334E-03
 4.40000E+00    1.61857E-03
 4.60000E+00    1.68479E-03
 4.80000E+00    1.80973E-03
 5.00000E+00    1.93807E-03
 5.20000E+00    2.15406E-03
 5.40000E+00    2.51427E-03
 5.60000E+00    2.74699E-03
 5.80000E+00    3.12157E-03
 6.00000E+00    3.61862E-03
 6.20000E+00    4.31748E-03
 6.40000E+00    5.28705E-03
 6.60000E+00    6.37575E-03
 6.80000E+00    7.47078E-03
 7.00000E+00    9.27487E-03
 7.20000E+00    1.16921E-02
 7.40000E+00    1.47380E-02
 7.60000E+00    1.83055E-02
 7.80000E+00    2.16426E-02
 8.00000E+00    2.81035E-02
 8.50000E+00    5.14959E-02
 9.00000E+00    8.32656E-02
 9.50000E+00    1.41417E-01
 1.00000E+01    2.15433E-01
 1.05000E+01    3.41286E-01
 1.10000E+01    4.93709E-01
 1.15000E+01    7.20683E-01
 1.20000E+01    9.87381E-01
 1.25000E+01    1.34348E+00
 1.30000E+01    1.75323E+00
 1.35000E+01    2.24822E+00
 1.40000E+01    2.81518E+00
 1.45000E+01    3.45656E+00
 1.50000E+01    4.19760E+00
 1.60000E+01    5.96443E+00
 1.70000E+01    8.30594E+00
 1.80000E+01    1.16685E+01
 1.90000E+01    1.69540E+01
 2.00000E+01    2.49574E+01
 2.10000E+01    3.03357E+01
 2.20000E+01    3.44515E+01
 2.30000E+01    3.37716E+01
 2.40000E+01    2.94153E+01
 2.50000E+01    2.91918E+01
 2.60000E+01    2.97682E+01
 2.70000E+01    3.04751E+01
 2.80000E+01    3.14605E+01
 2.90000E+01    3.39396E+01
 3.00000E+01    3.56573E+01
 3.00000E+01    9.55278E+01
 3.20000E+01    1.12981E+02
 3.40000E+01    1.34612E+02
 3.60000E+01    1.56799E+02
 3.80000E+01    1.71234E+02
 4.00000E+01    1.81788E+02
 4.20000E+01    1.87377E+02
 4.40000E+01    1.94725E+02
 4.60000E+01    1.95903E+02
 4.80000E+01    1.98752E+02
 5.00000E+01    2.06048E+02
 5.20000E+01    2.12682E+02
 5.40000E+01    2.21203E+02
 5.60000E+01    2.31278E+02
 5.80000E+01    2.37589E+02
 6.00000E+01    2.44076E+02
 6.50000E+01    2.63298E+02
 7.00000E+01    2.67385E+02
 7.50000E+01    2.70469E+02
 8.00000E+01    2.68451E+02
 9.00000E+01    2.57400E+02
 1.00000E+02    2.53904E+02
 1.10000E+02    2.50957E+02
 1.20000E+02    2.44740E+02
 1.30000E+02    2.48764E+02
 1.40000E+02    2.50894E+02
 1.50000E+02    2.50315E+02
 1.60000E+02    2.56643E+02
 1.80000E+02    3.09273E+02
 2.00000E+02    3.76820E+02
