# n + Ac224 : (n,n2a)   
# tendl.2017 A.J. Koning and D. Rochman        EVAL-NOV17
# uncertainties: n
# # energies =   266
#   E(MeV)       xs(mb) 
 1.00000E-11    3.92050E-17
 1.03005E-11    3.86613E-17
 1.06099E-11    3.81261E-17
 1.09287E-11    3.75992E-17
 1.12571E-11    3.70805E-17
 1.15953E-11    3.65699E-17
 1.19437E-11    3.60673E-17
 1.23026E-11    3.55726E-17
 1.26722E-11    3.50856E-17
 1.30530E-11    3.46064E-17
 1.34452E-11    3.41347E-17
 1.38491E-11    3.36704E-17
 1.42652E-11    3.32135E-17
 1.46938E-11    3.27638E-17
 1.51353E-11    3.23213E-17
 1.55901E-11    3.18858E-17
 1.60585E-11    3.14573E-17
 1.65410E-11    3.10357E-17
 1.70380E-11    3.06208E-17
 1.75499E-11    3.02126E-17
 1.80772E-11    2.98110E-17
 1.86203E-11    2.94158E-17
 1.92611E-11    2.89721E-17
 1.99239E-11    2.85366E-17
 2.06095E-11    2.81092E-17
 2.13187E-11    2.76897E-17
 2.20523E-11    2.72782E-17
 2.28111E-11    2.68744E-17
 2.35961E-11    2.64782E-17
 2.44081E-11    2.60895E-17
 2.52480E-11    2.57082E-17
 2.61168E-11    2.53342E-17
 2.70155E-11    2.49673E-17
 2.79451E-11    2.46075E-17
 2.89068E-11    2.42546E-17
 2.99015E-11    2.39086E-17
 3.09304E-11    2.35693E-17
 3.19948E-11    2.32367E-17
 3.30957E-11    2.29106E-17
 3.42346E-11    2.25909E-17
 3.54127E-11    2.22776E-17
 3.66313E-11    2.19705E-17
 3.78918E-11    2.16696E-17
 3.91957E-11    2.13748E-17
 4.05445E-11    2.10859E-17
 4.19396E-11    2.08028E-17
 4.33828E-11    2.05256E-17
 4.48757E-11    2.02541E-17
 4.64199E-11    1.99882E-17
 4.80173E-11    1.97278E-17
 4.96696E-11    1.94729E-17
 5.13788E-11    1.92233E-17
 5.31468E-11    1.89791E-17
 5.49756E-11    1.87400E-17
 5.68674E-11    1.85061E-17
 5.88243E-11    1.82772E-17
 6.08485E-11    1.80533E-17
 6.29424E-11    1.78343E-17
 6.51083E-11    1.76201E-17
 6.73488E-11    1.74107E-17
 6.96663E-11    1.72059E-17
 7.20636E-11    1.70058E-17
 7.45434E-11    1.68102E-17
 7.71085E-11    1.66190E-17
 7.97619E-11    1.64323E-17
 8.25066E-11    1.62499E-17
 8.57075E-11    1.60498E-17
 8.90325E-11    1.58549E-17
 9.24865E-11    1.56653E-17
 9.60745E-11    1.54808E-17
 9.98017E-11    1.53012E-17
 1.03674E-10    1.51266E-17
 1.07696E-10    1.49569E-17
 1.11874E-10    1.47918E-17
 1.16214E-10    1.46315E-17
 1.20722E-10    1.44756E-17
 1.25406E-10    1.43243E-17
 1.30271E-10    1.41773E-17
 1.35325E-10    1.40347E-17
 1.40575E-10    1.38962E-17
 1.46028E-10    1.37619E-17
 1.51693E-10    1.36316E-17
 1.58246E-10    1.34914E-17
 1.65082E-10    1.33560E-17
 1.72213E-10    1.32253E-17
 1.79652E-10    1.30991E-17
 1.87413E-10    1.29773E-17
 1.95508E-10    1.28598E-17
 2.03954E-10    1.27465E-17
 2.12764E-10    1.26373E-17
 2.22896E-10    1.25218E-17
 2.33510E-10    1.24109E-17
 2.44629E-10    1.23045E-17
 2.56278E-10    1.22025E-17
 2.68481E-10    1.21047E-17
 2.81266E-10    1.20110E-17
 2.95908E-10    1.19133E-17
 3.11313E-10    1.18201E-17
 3.27519E-10    1.17312E-17
 3.44570E-10    1.16465E-17
 3.62507E-10    1.15658E-17
 3.82995E-10    1.14827E-17
 4.04641E-10    1.14038E-17
 4.27510E-10    1.13291E-17
 4.53585E-10    1.12530E-17
 4.81252E-10    1.11812E-17
 5.10605E-10    1.11135E-17
 5.44045E-10    1.10451E-17
 5.79675E-10    1.09810E-17
 6.20256E-10    1.09168E-17
 6.63678E-10    1.08569E-17
 7.13150E-10    1.07975E-17
 7.66309E-10    1.07422E-17
 8.26920E-10    1.06878E-17
 8.96107E-10    1.06347E-17
 9.71083E-10    1.05857E-17
 1.05679E-09    1.05382E-17
 1.15494E-09    1.04924E-17
 1.26755E-09    1.04487E-17
 1.39704E-09    1.04071E-17
 1.54628E-09    1.03678E-17
 1.71872E-09    1.03309E-17
 1.92661E-09    1.02952E-17
 2.16880E-09    1.02622E-17
 2.46218E-09    1.02310E-17
 2.81898E-09    1.02018E-17
 3.25491E-09    1.01747E-17
 3.80623E-09    1.01494E-17
 4.50776E-09    1.01262E-17
 5.42967E-09    1.01047E-17
 6.65170E-09    1.00855E-17
 8.35818E-09    1.00680E-17
 1.08180E-08    1.00526E-17
 1.45450E-08    1.00391E-17
 2.05740E-08    1.00276E-17
 2.52045E-08    1.00226E-17
 2.53000E-08    1.00225E-17
 4.06280E-08    1.00140E-17
 7.56507E-08    1.00075E-17
 1.87006E-07    1.00030E-17
 1.02077E-06    1.00006E-17
 1.16257E-04    1.00000E-17
 1.21247E-04    1.00000E-17
 1.26452E-04    1.00000E-17
 1.28236E-04    1.00000E-17
 1.30045E-04    1.00000E-17
 1.31880E-04    1.00000E-17
 1.33740E-04    1.00000E-17
 3.60000E+00    1.00000E-17
 3.80000E+00    1.03037E-17
 4.00000E+00    1.87314E-17
 4.20000E+00    3.26780E-17
 4.40000E+00    5.62947E-17
 4.60000E+00    9.40315E-17
 4.80000E+00    1.54428E-16
 5.00000E+00    2.53146E-16
 5.20000E+00    4.08262E-16
 5.40000E+00    6.51982E-16
 5.60000E+00    1.02718E-15
 5.80000E+00    1.55473E-15
 6.00000E+00    2.06657E-15
 6.20000E+00    2.39037E-15
 6.40000E+00    2.83751E-15
 6.60000E+00    3.41792E-15
 6.80000E+00    4.41323E-15
 7.00000E+00    5.95933E-15
 7.20000E+00    8.32891E-15
 7.40000E+00    1.19960E-14
 7.60000E+00    1.70013E-14
 7.80000E+00    2.41139E-14
 8.00000E+00    3.48592E-14
 8.50000E+00    1.40097E-12
 9.00000E+00    3.10144E-12
 9.50000E+00    6.39366E-12
 1.00000E+01    1.22420E-11
 1.01411E+01    1.53292E-11
 1.02842E+01    1.84602E-11
 1.04292E+01    2.16354E-11
 1.05000E+01    2.31838E-11
 1.06481E+01    2.91737E-11
 1.07984E+01    3.52482E-11
 1.09507E+01    4.14083E-11
 1.10000E+01    4.34015E-11
 1.11552E+01    5.40380E-11
 1.13126E+01    6.48245E-11
 1.14722E+01    7.57633E-11
 1.15000E+01    7.76707E-11
 1.16622E+01    9.70593E-11
 1.18268E+01    1.16721E-10
 1.19936E+01    1.36661E-10
 1.20000E+01    1.37422E-10
 1.21693E+01    1.75696E-10
 1.23410E+01    2.14509E-10
 1.25000E+01    2.50458E-10
 1.26764E+01    3.22122E-10
 1.28552E+01    3.94797E-10
 1.30000E+01    4.53642E-10
 1.31834E+01    5.64112E-10
 1.33694E+01    6.76141E-10
 1.35000E+01    7.54804E-10
 1.36905E+01    9.60995E-10
 1.38836E+01    1.17010E-09
 1.40000E+01    1.29610E-09
 1.41975E+01    1.66163E-09
 1.43978E+01    2.03232E-09
 1.45000E+01    2.22143E-09
 1.47046E+01    2.91613E-09
 1.49120E+01    3.62062E-09
 1.50000E+01    3.91938E-09
 1.52116E+01    5.54719E-09
 1.54262E+01    7.19796E-09
 1.56439E+01    8.87203E-09
 1.58646E+01    1.05697E-08
 1.60000E+01    1.16114E-08
 1.62257E+01    1.62006E-08
 1.64546E+01    2.08546E-08
 1.66868E+01    2.55742E-08
 1.69222E+01    3.03605E-08
 1.70000E+01    3.19419E-08
 1.72398E+01    4.55059E-08
 1.74831E+01    5.92614E-08
 1.77297E+01    7.32108E-08
 1.79799E+01    8.73571E-08
 1.80000E+01    8.84966E-08
 1.82539E+01    1.24715E-07
 1.85115E+01    1.61444E-07
 1.87726E+01    1.98691E-07
 1.90000E+01    2.31117E-07
 1.92681E+01    3.12728E-07
 1.95399E+01    3.95490E-07
 1.98156E+01    4.79419E-07
 2.00000E+01    5.35571E-07
 2.02822E+01    7.03904E-07
 2.05683E+01    8.74612E-07
 2.08585E+01    1.04773E-06
 2.10000E+01    1.13215E-06
 2.12963E+01    1.47314E-06
 2.15967E+01    1.81894E-06
 2.19014E+01    2.16962E-06
 2.20000E+01    2.28309E-06
 2.23104E+01    2.86041E-06
 2.26251E+01    3.44587E-06
 2.29443E+01    4.03960E-06
 2.30000E+01    4.14313E-06
 2.33245E+01    5.16591E-06
 2.36536E+01    6.20312E-06
 2.39873E+01    7.25496E-06
 2.40000E+01    7.29510E-06
 2.43386E+01    9.48139E-06
 2.46820E+01    1.16985E-05
 2.50000E+01    1.37520E-05
 2.53527E+01    1.80096E-05
 2.57104E+01    2.23274E-05
 2.60000E+01    2.58234E-05
 2.63668E+01    3.36723E-05
 2.67388E+01    4.16318E-05
 2.70000E+01    4.72208E-05
 2.73809E+01    6.10063E-05
 2.77672E+01    7.49864E-05
 2.80000E+01    8.34108E-05
 2.83950E+01    1.06852E-04
 2.87956E+01    1.30625E-04
 2.90000E+01    1.42752E-04
 2.94091E+01    1.78765E-04
 2.98240E+01    2.15286E-04
 3.00000E+01    2.30774E-04
