# n + Ac224 : (n,nd)    
# tendl.2017 A.J. Koning and D. Rochman        EVAL-NOV17
# uncertainties: y
# # energies =    27
#   E(MeV)       xs(mb)       xslow(mb)      xsupp(mb)
 7.25429E+00    0.00000E+00    0.00000E+00    0.00000E+00
 1.00000E+01    6.61574E-16    0.00000E+00    1.78508E-15
 1.05000E+01    5.43721E-13    0.00000E+00    1.46708E-12
 1.10000E+01    2.91067E-11    0.00000E+00    7.85365E-11
 1.15000E+01    1.35060E-09    0.00000E+00    3.64423E-09
 1.20000E+01    1.97930E-08    0.00000E+00    5.34060E-08
 1.25000E+01    2.39198E-07    0.00000E+00    6.45411E-07
 1.30000E+01    1.53967E-06    1.19403E-07    2.95994E-06
 1.35000E+01    1.04609E-05    8.11255E-07    2.01105E-05
 1.40000E+01    4.59058E-05    3.56005E-06    8.82516E-05
 1.45000E+01    2.03248E-04    1.57621E-05    3.90734E-04
 1.50000E+01    6.92619E-04    5.37134E-05    1.33152E-03
 1.60000E+01    5.88846E-03    1.48835E-03    1.02886E-02
 1.70000E+01    3.19840E-02    8.08420E-03    5.58838E-02
 1.80000E+01    1.18195E-01    2.98747E-02    2.06515E-01
 1.90000E+01    3.36820E-01    8.51339E-02    5.88506E-01
 2.00000E+01    7.37362E-01    1.94494E-01    1.28023E+00
 2.10000E+01    1.36861E+00    3.60998E-01    2.37622E+00
 2.20000E+01    2.19120E+00    5.77972E-01    3.80443E+00
 2.30000E+01    3.21393E+00    8.47737E-01    5.58012E+00
 2.40000E+01    4.32250E+00    9.71918E-01    7.67308E+00
 2.50000E+01    5.51351E+00    1.23972E+00    9.78730E+00
 2.60000E+01    6.71352E+00    1.50954E+00    1.19175E+01
 2.70000E+01    7.75894E+00    1.74461E+00    1.37733E+01
 2.80000E+01    8.68999E+00    1.95395E+00    1.54260E+01
 2.90000E+01    9.50984E+00    2.13830E+00    1.68814E+01
 3.00000E+01    1.00672E+01    2.26362E+00    1.78708E+01
