# n + Ac224 : (n,npa)   
# tendl.2017 A.J. Koning and D. Rochman        EVAL-NOV17
# uncertainties: y
# # energies =   240
#   E(MeV)       xs(mb)       xslow(mb)      xsupp(mb)
 1.00000E-11    3.92050E-17    3.92050E-17    3.92050E-17
 1.03005E-11    3.86613E-17    3.86613E-17    3.86613E-17
 1.06099E-11    3.81261E-17    3.81261E-17    3.81261E-17
 1.09287E-11    3.75992E-17    3.75992E-17    3.75992E-17
 1.12571E-11    3.70805E-17    3.70805E-17    3.70805E-17
 1.15953E-11    3.65699E-17    3.65699E-17    3.65699E-17
 1.19437E-11    3.60673E-17    3.60673E-17    3.60673E-17
 1.23026E-11    3.55726E-17    3.55726E-17    3.55726E-17
 1.26722E-11    3.50856E-17    3.50856E-17    3.50856E-17
 1.30530E-11    3.46064E-17    3.46064E-17    3.46064E-17
 1.34452E-11    3.41347E-17    3.41347E-17    3.41347E-17
 1.38491E-11    3.36704E-17    3.36704E-17    3.36704E-17
 1.42652E-11    3.32135E-17    3.32135E-17    3.32135E-17
 1.46938E-11    3.27638E-17    3.27638E-17    3.27638E-17
 1.51353E-11    3.23213E-17    3.23213E-17    3.23213E-17
 1.55901E-11    3.18858E-17    3.18858E-17    3.18858E-17
 1.60585E-11    3.14573E-17    3.14573E-17    3.14573E-17
 1.65410E-11    3.10357E-17    3.10357E-17    3.10357E-17
 1.70380E-11    3.06208E-17    3.06208E-17    3.06208E-17
 1.75499E-11    3.02126E-17    3.02126E-17    3.02126E-17
 1.80772E-11    2.98110E-17    2.98110E-17    2.98110E-17
 1.86203E-11    2.94158E-17    2.94158E-17    2.94158E-17
 1.92611E-11    2.89721E-17    2.89721E-17    2.89721E-17
 1.99239E-11    2.85366E-17    2.85366E-17    2.85366E-17
 2.06095E-11    2.81092E-17    2.81092E-17    2.81092E-17
 2.13187E-11    2.76897E-17    2.76897E-17    2.76897E-17
 2.20523E-11    2.72782E-17    2.72782E-17    2.72782E-17
 2.28111E-11    2.68744E-17    2.68744E-17    2.68744E-17
 2.35961E-11    2.64782E-17    2.64782E-17    2.64782E-17
 2.44081E-11    2.60895E-17    2.60895E-17    2.60895E-17
 2.52480E-11    2.57082E-17    2.57082E-17    2.57082E-17
 2.61168E-11    2.53342E-17    2.53342E-17    2.53342E-17
 2.70155E-11    2.49673E-17    2.49673E-17    2.49673E-17
 2.79451E-11    2.46075E-17    2.46075E-17    2.46075E-17
 2.89068E-11    2.42546E-17    2.42546E-17    2.42546E-17
 2.99015E-11    2.39086E-17    2.39086E-17    2.39086E-17
 3.09304E-11    2.35693E-17    2.35693E-17    2.35693E-17
 3.19948E-11    2.32367E-17    2.32367E-17    2.32367E-17
 3.30957E-11    2.29106E-17    2.29106E-17    2.29106E-17
 3.42346E-11    2.25909E-17    2.25909E-17    2.25909E-17
 3.54127E-11    2.22776E-17    2.22776E-17    2.22776E-17
 3.66313E-11    2.19705E-17    2.19705E-17    2.19705E-17
 3.78918E-11    2.16696E-17    2.16696E-17    2.16696E-17
 3.91957E-11    2.13748E-17    2.13748E-17    2.13748E-17
 4.05445E-11    2.10859E-17    2.10859E-17    2.10859E-17
 4.19396E-11    2.08028E-17    2.08028E-17    2.08028E-17
 4.33828E-11    2.05256E-17    2.05256E-17    2.05256E-17
 4.48757E-11    2.02541E-17    2.02541E-17    2.02541E-17
 4.64199E-11    1.99882E-17    1.99882E-17    1.99882E-17
 4.80173E-11    1.97278E-17    1.97278E-17    1.97278E-17
 4.96696E-11    1.94729E-17    1.94729E-17    1.94729E-17
 5.13788E-11    1.92233E-17    1.92233E-17    1.92233E-17
 5.31468E-11    1.89791E-17    1.89791E-17    1.89791E-17
 5.49756E-11    1.87400E-17    1.87400E-17    1.87400E-17
 5.68674E-11    1.85061E-17    1.85061E-17    1.85061E-17
 5.88243E-11    1.82772E-17    1.82772E-17    1.82772E-17
 6.08485E-11    1.80533E-17    1.80533E-17    1.80533E-17
 6.29424E-11    1.78343E-17    1.78343E-17    1.78343E-17
 6.51083E-11    1.76201E-17    1.76201E-17    1.76201E-17
 6.73488E-11    1.74107E-17    1.74107E-17    1.74107E-17
 6.96663E-11    1.72059E-17    1.72059E-17    1.72059E-17
 7.20636E-11    1.70058E-17    1.70058E-17    1.70058E-17
 7.45434E-11    1.68102E-17    1.68102E-17    1.68102E-17
 7.71085E-11    1.66190E-17    1.66190E-17    1.66190E-17
 7.97619E-11    1.64323E-17    1.64323E-17    1.64323E-17
 8.25066E-11    1.62499E-17    1.62499E-17    1.62499E-17
 8.57075E-11    1.60498E-17    1.60498E-17    1.60498E-17
 8.90325E-11    1.58549E-17    1.58549E-17    1.58549E-17
 9.24865E-11    1.56653E-17    1.56653E-17    1.56653E-17
 9.60745E-11    1.54808E-17    1.54808E-17    1.54808E-17
 9.98017E-11    1.53012E-17    1.53012E-17    1.53012E-17
 1.03674E-10    1.51266E-17    1.51266E-17    1.51266E-17
 1.07696E-10    1.49569E-17    1.49569E-17    1.49569E-17
 1.11874E-10    1.47918E-17    1.47918E-17    1.47918E-17
 1.16214E-10    1.46315E-17    1.46315E-17    1.46315E-17
 1.20722E-10    1.44756E-17    1.44756E-17    1.44756E-17
 1.25406E-10    1.43243E-17    1.43243E-17    1.43243E-17
 1.30271E-10    1.41773E-17    1.41773E-17    1.41773E-17
 1.35325E-10    1.40347E-17    1.40347E-17    1.40347E-17
 1.40575E-10    1.38962E-17    1.38962E-17    1.38962E-17
 1.46028E-10    1.37619E-17    1.37619E-17    1.37619E-17
 1.51693E-10    1.36316E-17    1.36316E-17    1.36316E-17
 1.58246E-10    1.34914E-17    1.34914E-17    1.34914E-17
 1.65082E-10    1.33560E-17    1.33560E-17    1.33560E-17
 1.72213E-10    1.32253E-17    1.32253E-17    1.32253E-17
 1.79652E-10    1.30991E-17    1.30991E-17    1.30991E-17
 1.87413E-10    1.29773E-17    1.29773E-17    1.29773E-17
 1.95508E-10    1.28598E-17    1.28598E-17    1.28598E-17
 2.03954E-10    1.27465E-17    1.27465E-17    1.27465E-17
 2.12764E-10    1.26373E-17    1.26373E-17    1.26373E-17
 2.22896E-10    1.25218E-17    1.25218E-17    1.25218E-17
 2.33510E-10    1.24109E-17    1.24109E-17    1.24109E-17
 2.44629E-10    1.23045E-17    1.23045E-17    1.23045E-17
 2.56278E-10    1.22025E-17    1.22025E-17    1.22025E-17
 2.68481E-10    1.21047E-17    1.21047E-17    1.21047E-17
 2.81266E-10    1.20110E-17    1.20110E-17    1.20110E-17
 2.95908E-10    1.19133E-17    1.19133E-17    1.19133E-17
 3.11313E-10    1.18201E-17    1.18201E-17    1.18201E-17
 3.27519E-10    1.17312E-17    1.17312E-17    1.17312E-17
 3.44570E-10    1.16465E-17    1.16465E-17    1.16465E-17
 3.62507E-10    1.15658E-17    1.15658E-17    1.15658E-17
 3.82995E-10    1.14827E-17    1.14827E-17    1.14827E-17
 4.04641E-10    1.14038E-17    1.14038E-17    1.14038E-17
 4.27510E-10    1.13291E-17    1.13291E-17    1.13291E-17
 4.53585E-10    1.12530E-17    1.12530E-17    1.12530E-17
 4.81252E-10    1.11812E-17    1.11812E-17    1.11812E-17
 5.10605E-10    1.11135E-17    1.11135E-17    1.11135E-17
 5.44045E-10    1.10451E-17    1.10451E-17    1.10451E-17
 5.79675E-10    1.09810E-17    1.09810E-17    1.09810E-17
 6.20256E-10    1.09168E-17    1.09168E-17    1.09168E-17
 6.63678E-10    1.08569E-17    1.08569E-17    1.08569E-17
 7.13150E-10    1.07975E-17    1.07975E-17    1.07975E-17
 7.66309E-10    1.07422E-17    1.07422E-17    1.07422E-17
 8.26920E-10    1.06878E-17    1.06878E-17    1.06878E-17
 8.96107E-10    1.06347E-17    1.06347E-17    1.06347E-17
 9.71083E-10    1.05857E-17    1.05857E-17    1.05857E-17
 1.05679E-09    1.05382E-17    1.05382E-17    1.05382E-17
 1.15494E-09    1.04924E-17    1.04924E-17    1.04924E-17
 1.26755E-09    1.04487E-17    1.04487E-17    1.04487E-17
 1.39704E-09    1.04071E-17    1.04071E-17    1.04071E-17
 1.54628E-09    1.03678E-17    1.03678E-17    1.03678E-17
 1.71872E-09    1.03309E-17    1.03309E-17    1.03309E-17
 1.92661E-09    1.02952E-17    1.02952E-17    1.02952E-17
 2.16880E-09    1.02622E-17    1.02622E-17    1.02622E-17
 2.46218E-09    1.02310E-17    1.02310E-17    1.02310E-17
 2.81898E-09    1.02018E-17    1.02018E-17    1.02018E-17
 3.25491E-09    1.01747E-17    1.01747E-17    1.01747E-17
 3.80623E-09    1.01494E-17    1.01494E-17    1.01494E-17
 4.50776E-09    1.01262E-17    1.01262E-17    1.01262E-17
 5.42967E-09    1.01047E-17    1.01047E-17    1.01047E-17
 6.65170E-09    1.00855E-17    1.00855E-17    1.00855E-17
 8.35818E-09    1.00680E-17    1.00680E-17    1.00680E-17
 1.08180E-08    1.00526E-17    1.00526E-17    1.00526E-17
 1.45450E-08    1.00391E-17    1.00391E-17    1.00391E-17
 2.05740E-08    1.00276E-17    1.00276E-17    1.00276E-17
 2.52045E-08    1.00226E-17    1.00226E-17    1.00226E-17
 2.53000E-08    1.00225E-17    1.00225E-17    1.00225E-17
 4.06280E-08    1.00140E-17    1.00140E-17    1.00140E-17
 7.56507E-08    1.00075E-17    1.00075E-17    1.00075E-17
 1.87006E-07    1.00030E-17    1.00030E-17    1.00030E-17
 1.02077E-06    1.00006E-17    1.00006E-17    1.00006E-17
 1.16257E-04    1.00000E-17    1.00000E-17    1.00000E-17
 1.21247E-04    1.00000E-17    1.00000E-17    1.00000E-17
 1.26452E-04    1.00000E-17    1.00000E-17    1.00000E-17
 1.28236E-04    1.00000E-17    1.00000E-17    1.00000E-17
 1.30045E-04    1.00000E-17    1.00000E-17    1.00000E-17
 1.31880E-04    1.00000E-17    1.00000E-17    1.00000E-17
 1.33740E-04    1.00000E-17    1.00000E-17    1.00000E-17
 1.00000E+01    1.00012E-17    1.00012E-17    1.00012E-17
 1.01411E+01    1.85431E-17    1.85431E-17    1.85431E-17
 1.02842E+01    2.72068E-17    2.72068E-17    2.72068E-17
 1.04292E+01    3.59927E-17    3.59927E-17    3.59927E-17
 1.05000E+01    4.02772E-17    4.02772E-17    4.02772E-17
 1.06481E+01    1.18812E-16    1.18812E-16    1.18812E-16
 1.07984E+01    1.98455E-16    1.98455E-16    1.98455E-16
 1.09507E+01    2.79221E-16    2.79221E-16    2.79221E-16
 1.10000E+01    3.05354E-16    3.05354E-16    3.05354E-16
 1.11552E+01    7.18391E-16    7.18391E-16    7.18391E-16
 1.13126E+01    1.13726E-15    1.13726E-15    1.13726E-15
 1.14722E+01    1.56203E-15    1.56203E-15    1.56203E-15
 1.15000E+01    1.63610E-15    1.63610E-15    1.63610E-15
 1.16622E+01    3.76123E-15    3.76123E-15    3.76123E-15
 1.18268E+01    5.91635E-15    5.91635E-15    5.91635E-15
 1.19936E+01    8.10187E-15    8.10187E-15    8.10187E-15
 1.20000E+01    8.18528E-15    8.18528E-15    8.18528E-15
 1.21693E+01    8.07143E-14    8.07143E-14    8.07143E-14
 1.23410E+01    1.54267E-13    1.54267E-13    1.54267E-13
 1.25000E+01    2.22390E-13    2.22390E-13    2.22390E-13
 1.26764E+01    4.52395E-13    4.52395E-13    4.52395E-13
 1.28552E+01    6.85644E-13    6.85644E-13    6.85644E-13
 1.30000E+01    8.74506E-13    8.74506E-13    8.74506E-13
 1.31834E+01    1.79385E-12    1.79385E-12    1.79385E-12
 1.33694E+01    2.72617E-12    2.72617E-12    2.72617E-12
 1.35000E+01    3.38081E-12    3.38081E-12    3.38081E-12
 1.36905E+01    6.33881E-12    6.33881E-12    6.33881E-12
 1.38836E+01    9.33855E-12    9.33855E-12    9.33855E-12
 1.40000E+01    1.11462E-11    1.11462E-11    1.11462E-11
 1.41975E+01    1.95512E-11    1.95512E-11    1.95512E-11
 1.43978E+01    2.80748E-11    2.80748E-11    2.80748E-11
 1.45000E+01    3.24231E-11    3.24231E-11    3.24231E-11
 1.47046E+01    5.53249E-11    5.53249E-11    5.53249E-11
 1.49120E+01    7.85498E-11    7.85498E-11    7.85498E-11
 1.50000E+01    8.83988E-11    8.83988E-11    8.83988E-11
 1.52116E+01    1.71296E-10    1.71296E-10    1.71296E-10
 1.54262E+01    2.55363E-10    2.55363E-10    2.55363E-10
 1.56439E+01    3.40616E-10    3.40616E-10    3.40616E-10
 1.58646E+01    4.27071E-10    4.27071E-10    4.27071E-10
 1.60000E+01    4.80120E-10    0.00000E+00    2.68264E-09
 1.62257E+01    8.27737E-10    0.00000E+00    4.62493E-09
 1.64546E+01    1.18026E-09    0.00000E+00    6.59463E-09
 1.66868E+01    1.53775E-09    0.00000E+00    8.59208E-09
 1.69222E+01    1.90029E-09    0.00000E+00    1.06178E-08
 1.70000E+01    2.02008E-09    0.00000E+00    1.12871E-08
 1.72398E+01    3.17475E-09    0.00000E+00    1.77387E-08
 1.74831E+01    4.34571E-09    0.00000E+00    2.42814E-08
 1.77297E+01    5.53319E-09    0.00000E+00    3.09164E-08
 1.79799E+01    6.73743E-09    0.00000E+00    3.76450E-08
 1.80000E+01    6.83443E-09    0.00000E+00    3.81870E-08
 1.82539E+01    1.01268E-08    0.00000E+00    5.65829E-08
 1.85115E+01    1.34656E-08    0.00000E+00    7.52382E-08
 1.87726E+01    1.68516E-08    0.00000E+00    9.41573E-08
 1.90000E+01    1.97992E-08    0.00000E+00    1.10627E-07
 1.92681E+01    2.93149E-08    0.00000E+00    1.63795E-07
 1.95399E+01    3.89649E-08    0.00000E+00    2.17714E-07
 1.98156E+01    4.87510E-08    0.00000E+00    2.72393E-07
 2.00000E+01    5.52982E-08    0.00000E+00    3.65303E-07
 2.02822E+01    7.88902E-08    0.00000E+00    5.21153E-07
 2.05683E+01    1.02815E-07    0.00000E+00    6.79201E-07
 2.08585E+01    1.27077E-07    0.00000E+00    8.39477E-07
 2.10000E+01    1.38909E-07    0.00000E+00    9.17640E-07
 2.12963E+01    1.99219E-07    0.00000E+00    1.31605E-06
 2.15967E+01    2.60380E-07    0.00000E+00    1.72008E-06
 2.19014E+01    3.22404E-07    0.00000E+00    2.12982E-06
 2.20000E+01    3.42472E-07    0.00000E+00    2.26239E-06
 2.23104E+01    4.93466E-07    0.00000E+00    3.25986E-06
 2.26251E+01    6.46589E-07    0.00000E+00    4.27140E-06
 2.29443E+01    8.01873E-07    0.00000E+00    5.29721E-06
 2.30000E+01    8.28951E-07    0.00000E+00    5.47609E-06
 2.33245E+01    1.19932E-06    0.00000E+00    7.92276E-06
 2.36536E+01    1.57491E-06    0.00000E+00    1.04039E-05
 2.39873E+01    1.95580E-06    0.00000E+00    1.29201E-05
 2.40000E+01    1.97034E-06    0.00000E+00    1.04231E-05
 2.43386E+01    2.87197E-06    0.00000E+00    1.51928E-05
 2.46820E+01    3.78632E-06    0.00000E+00    2.00297E-05
 2.50000E+01    4.63318E-06    0.00000E+00    2.45096E-05
 2.53527E+01    6.71711E-06    0.00000E+00    3.55337E-05
 2.57104E+01    8.83044E-06    0.00000E+00    4.67132E-05
 2.60000E+01    1.05416E-05    0.00000E+00    5.57653E-05
 2.63668E+01    1.53697E-05    0.00000E+00    8.13063E-05
 2.67388E+01    2.02660E-05    0.00000E+00    1.07208E-04
 2.70000E+01    2.37040E-05    0.00000E+00    1.25395E-04
 2.73809E+01    3.39865E-05    0.00000E+00    1.79790E-04
 2.77672E+01    4.44142E-05    0.00000E+00    2.34952E-04
 2.80000E+01    5.06979E-05    0.00000E+00    2.68193E-04
 2.83950E+01    7.06884E-05    0.00000E+00    3.73943E-04
 2.87956E+01    9.09610E-05    0.00000E+00    4.81186E-04
 2.90000E+01    1.01303E-04    0.00000E+00    5.35895E-04
 2.94091E+01    1.37357E-04    0.00000E+00    7.26622E-04
 2.98240E+01    1.73920E-04    0.00000E+00    9.20039E-04
 3.00000E+01    1.89425E-04    0.00000E+00    1.00206E-03
