# n + Ac224 : (n,n'01)  
# tendl.2017 A.J. Koning and D. Rochman        EVAL-NOV17
# uncertainties: y
# # energies =   107
#   E(MeV)       xs(mb)       xslow(mb)      xsupp(mb)
 1.76792E-02    0.00000E+00   -0.00000E+00    0.00000E+00
 2.00000E-02    4.55205E+01    0.00000E+00    3.68353E+02
 2.34049E-02    5.70066E+01    0.00000E+00    4.61298E+02
 2.99342E-02    7.90324E+01    0.00000E+00    6.39532E+02
 3.00000E-02    7.92544E+01    0.00000E+00    2.10843E+02
 3.73675E-02    8.87937E+01    0.00000E+00    2.36221E+02
 4.59058E-02    9.98490E+01    0.00000E+00    2.65631E+02
 4.75130E-02    1.01930E+02    0.00000E+00    2.71167E+02
 4.93211E-02    1.04271E+02    0.00000E+00    2.77395E+02
 5.24350E-02    1.08303E+02    0.00000E+00    2.88121E+02
 6.00000E-02    1.18098E+02    0.00000E+00    3.14179E+02
 6.46900E-02    1.23673E+02    0.00000E+00    3.29012E+02
 7.88535E-02    1.40511E+02    0.00000E+00    3.73804E+02
 8.08625E-02    1.42899E+02    0.00000E+00    3.80158E+02
 9.08070E-02    1.54721E+02    0.00000E+00    4.11608E+02
 1.00000E-01    1.65649E+02    0.00000E+00    4.40681E+02
 1.04066E-01    1.68266E+02    0.00000E+00    4.47643E+02
 1.09792E-01    1.71952E+02    0.00000E+00    4.57448E+02
 1.13911E-01    1.74603E+02    0.00000E+00    4.64502E+02
 1.17025E-01    1.76607E+02    0.00000E+00    4.69834E+02
 1.30887E-01    1.85530E+02    0.00000E+00    4.93571E+02
 1.43142E-01    1.93418E+02    0.00000E+00    5.14556E+02
 1.60720E-01    2.04733E+02    0.00000E+00    5.44656E+02
 1.69761E-01    2.10552E+02    0.00000E+00    5.60138E+02
 1.77496E-01    2.15531E+02    0.00000E+00    5.73383E+02
 1.84226E-01    2.19863E+02    0.00000E+00    5.84907E+02
 2.00000E-01    2.30016E+02    9.41713E+01    3.65861E+02
 2.12955E-01    2.30526E+02    9.43802E+01    3.66672E+02
 2.20689E-01    2.30831E+02    9.45049E+01    3.67157E+02
 2.37565E-01    2.31495E+02    9.47770E+01    3.68214E+02
 2.53838E-01    2.32136E+02    9.50393E+01    3.69233E+02
 2.84676E-01    2.33350E+02    9.55365E+01    3.71164E+02
 3.00000E-01    2.33954E+02    9.57836E+01    3.72124E+02
 3.01351E-01    2.33643E+02    9.56563E+01    3.71630E+02
 3.18628E-01    2.29666E+02    9.40282E+01    3.65305E+02
 3.34499E-01    2.26013E+02    9.25326E+01    3.59494E+02
 4.00000E-01    2.10937E+02    8.63602E+01    3.35514E+02
 5.00000E-01    1.48483E+02    6.07907E+01    2.36175E+02
 6.00000E-01    1.07008E+02    4.02396E+01    1.73776E+02
 7.00000E-01    7.70627E+01    2.89789E+01    1.25146E+02
 8.00000E-01    5.64417E+01    2.12245E+01    9.16589E+01
 9.00000E-01    4.23246E+01    1.59159E+01    6.87333E+01
 1.00000E+00    3.22611E+01    8.04586E+00    5.64763E+01
 1.20000E+00    2.05241E+01    5.11867E+00    3.59295E+01
 1.40000E+00    1.41008E+01    3.51671E+00    2.46849E+01
 1.60000E+00    9.97754E+00    2.48838E+00    1.74667E+01
 1.80000E+00    7.00287E+00    2.31630E+00    1.16894E+01
 2.00000E+00    4.90791E+00    1.62336E+00    8.19246E+00
 2.20000E+00    3.50527E+00    1.15942E+00    5.85112E+00
 2.40000E+00    2.57946E+00    8.53194E-01    4.30573E+00
 2.60000E+00    1.96861E+00    8.63162E-01    3.07406E+00
 2.80000E+00    1.56806E+00    6.87536E-01    2.44858E+00
 3.00000E+00    1.30822E+00    5.73606E-01    2.04283E+00
 3.20000E+00    1.14262E+00    5.00996E-01    1.78424E+00
 3.40000E+00    1.03902E+00    4.55572E-01    1.62247E+00
 3.60000E+00    9.75311E-01    4.27638E-01    1.52298E+00
 3.80000E+00    9.36592E-01    4.10661E-01    1.46252E+00
 4.00000E+00    9.13280E-01    4.00439E-01    1.42612E+00
 4.20000E+00    8.99285E-01    3.94303E-01    1.40427E+00
 4.40000E+00    8.90840E-01    3.90600E-01    1.39108E+00
 4.60000E+00    8.85668E-01    3.52405E-01    1.41893E+00
 4.80000E+00    8.82530E-01    3.51157E-01    1.41390E+00
 5.00000E+00    8.80747E-01    3.50447E-01    1.41105E+00
 5.20000E+00    8.80059E-01    3.50174E-01    1.40994E+00
 5.40000E+00    8.80406E-01    3.50312E-01    1.41050E+00
 5.60000E+00    8.81866E-01    3.50893E-01    1.41284E+00
 5.80000E+00    8.84524E-01    3.51950E-01    1.41710E+00
 6.00000E+00    8.88460E-01    3.53516E-01    1.42340E+00
 6.20000E+00    8.93692E-01    3.55598E-01    1.43179E+00
 6.40000E+00    9.00167E-01    3.58175E-01    1.44216E+00
 6.60000E+00    9.07746E-01    3.44503E-01    1.47099E+00
 6.80000E+00    9.16199E-01    3.47711E-01    1.48469E+00
 7.00000E+00    9.25230E-01    3.51138E-01    1.49932E+00
 7.20000E+00    9.34526E-01    3.54666E-01    1.51439E+00
 7.40000E+00    9.43753E-01    3.58168E-01    1.52934E+00
 7.60000E+00    9.52601E-01    3.61526E-01    1.54368E+00
 7.80000E+00    9.60830E-01    3.64649E-01    1.55701E+00
 8.00000E+00    9.68253E-01    3.67466E-01    1.56904E+00
 8.50000E+00    9.82720E-01    3.72957E-01    1.59248E+00
 9.00000E+00    9.91461E-01    3.58902E-01    1.62402E+00
 9.50000E+00    9.95732E-01    3.60448E-01    1.63102E+00
 1.00000E+01    9.97243E-01    3.60995E-01    1.63349E+00
 1.05000E+01    9.97484E-01    3.61082E-01    1.63389E+00
 1.10000E+01    9.97465E-01    3.61075E-01    1.63385E+00
 1.15000E+01    9.97669E-01    3.61149E-01    1.63419E+00
 1.20000E+01    9.98161E-01    3.61327E-01    1.63499E+00
 1.25000E+01    9.98696E-01    3.61521E-01    1.63587E+00
 1.30000E+01    9.98858E-01    3.62393E-01    1.63532E+00
 1.35000E+01    9.98187E-01    3.62150E-01    1.63422E+00
 1.40000E+01    9.96292E-01    3.61462E-01    1.63112E+00
 1.45000E+01    9.92921E-01    3.60239E-01    1.62560E+00
 1.50000E+01    9.87962E-01    3.58440E-01    1.61748E+00
 1.60000E+01    9.73586E-01    3.89857E-01    1.55731E+00
 1.70000E+01    9.54831E-01    3.82347E-01    1.52732E+00
 1.80000E+01    9.34731E-01    3.74298E-01    1.49516E+00
 1.90000E+01    9.16871E-01    3.67147E-01    1.46660E+00
 2.00000E+01    9.04263E-01    3.89344E-01    1.41918E+00
 2.10000E+01    8.98197E-01    3.86732E-01    1.40966E+00
 2.20000E+01    8.97799E-01    3.86561E-01    1.40904E+00
 2.30000E+01    9.00724E-01    3.87820E-01    1.41363E+00
 2.40000E+01    9.04654E-01    4.29151E-01    1.38016E+00
 2.50000E+01    9.08365E-01    4.30911E-01    1.38582E+00
 2.60000E+01    9.11829E-01    4.32555E-01    1.39110E+00
 2.70000E+01    9.15728E-01    4.34404E-01    1.39705E+00
 2.80000E+01    9.20767E-01    4.36795E-01    1.40474E+00
 2.90000E+01    9.27214E-01    4.39853E-01    1.41457E+00
 3.00000E+01    9.34709E-01    4.43408E-01    1.42601E+00
