# n + Ac224 : (n,n'03)  
# tendl.2017 A.J. Koning and D. Rochman        EVAL-NOV17
# uncertainties: y
# # energies =   103
#   E(MeV)       xs(mb)       xslow(mb)      xsupp(mb)
 2.99342E-02    0.00000E+00    0.00000E+00    0.00000E+00
 3.73675E-02    2.31200E+01    1.37317E+01    3.25083E+01
 4.59058E-02    4.99141E+01    2.96456E+01    7.01825E+01
 4.75130E-02    5.49576E+01    3.26411E+01    7.72741E+01
 4.93211E-02    6.06316E+01    3.60111E+01    8.52522E+01
 5.24350E-02    7.04034E+01    4.18148E+01    9.89919E+01
 6.00000E-02    9.41431E+01    5.59146E+01    1.32372E+02
 6.46900E-02    9.99824E+01    5.93828E+01    1.40582E+02
 7.88535E-02    1.17617E+02    6.98563E+01    1.65377E+02
 8.08625E-02    1.20118E+02    7.13419E+01    1.68894E+02
 9.08070E-02    1.32499E+02    7.86956E+01    1.86303E+02
 1.00000E-01    1.43945E+02    8.54936E+01    2.02396E+02
 1.04066E-01    1.45060E+02    8.61558E+01    2.03964E+02
 1.09792E-01    1.46630E+02    8.70885E+01    2.06172E+02
 1.13911E-01    1.47760E+02    8.77593E+01    2.07760E+02
 1.17025E-01    1.48614E+02    8.82665E+01    2.08961E+02
 1.30887E-01    1.52415E+02    9.05243E+01    2.14306E+02
 1.43142E-01    1.55776E+02    9.25203E+01    2.19031E+02
 1.60720E-01    1.60596E+02    9.53833E+01    2.25809E+02
 1.69761E-01    1.63076E+02    9.68559E+01    2.29295E+02
 1.77496E-01    1.65197E+02    9.81157E+01    2.32278E+02
 1.84226E-01    1.67042E+02    9.92118E+01    2.34873E+02
 2.00000E-01    1.71368E+02    5.74173E+01    2.85319E+02
 2.12955E-01    1.70174E+02    5.70173E+01    2.83331E+02
 2.20689E-01    1.69462E+02    5.67786E+01    2.82145E+02
 2.37565E-01    1.67907E+02    5.62576E+01    2.79556E+02
 2.53838E-01    1.66407E+02    5.57552E+01    2.77060E+02
 2.84676E-01    1.63566E+02    5.48032E+01    2.72329E+02
 3.00000E-01    1.62154E+02    5.43301E+01    2.69978E+02
 3.01351E-01    1.61864E+02    5.42328E+01    2.69494E+02
 3.18628E-01    1.58149E+02    5.29882E+01    2.63309E+02
 3.34499E-01    1.54736E+02    5.18448E+01    2.57628E+02
 4.00000E-01    1.40653E+02    4.71262E+01    2.34180E+02
 5.00000E-01    9.69521E+01    3.24841E+01    1.61420E+02
 6.00000E-01    6.89705E+01    2.16068E+01    1.16334E+02
 7.00000E-01    4.93270E+01    1.54530E+01    8.32010E+01
 8.00000E-01    3.60252E+01    1.12859E+01    6.07645E+01
 9.00000E-01    2.69533E+01    8.44384E+00    4.54628E+01
 1.00000E+00    2.04114E+01    5.61649E+00    3.52063E+01
 1.20000E+00    1.24305E+01    3.42043E+00    2.14406E+01
 1.40000E+00    7.76293E+00    2.13608E+00    1.33898E+01
 1.60000E+00    4.87875E+00    1.34246E+00    8.41504E+00
 1.80000E+00    3.07719E+00    7.78673E-01    5.37571E+00
 2.00000E+00    1.97245E+00    4.99122E-01    3.44578E+00
 2.20000E+00    1.29402E+00    3.27448E-01    2.26059E+00
 2.40000E+00    8.62522E-01    2.18259E-01    1.50679E+00
 2.60000E+00    5.77556E-01    0.00000E+00    1.34629E+00
 2.80000E+00    3.85489E-01    0.00000E+00    8.98582E-01
 3.00000E+00    2.55259E-01    0.00000E+00    5.95013E-01
 3.20000E+00    1.67679E-01    0.00000E+00    3.90863E-01
 3.40000E+00    1.09531E-01    0.00000E+00    2.55319E-01
 3.60000E+00    7.13779E-02    0.00000E+00    1.66383E-01
 3.80000E+00    4.64991E-02    0.00000E+00    1.08390E-01
 4.00000E+00    3.03372E-02    0.00000E+00    7.07166E-02
 4.20000E+00    1.98513E-02    0.00000E+00    4.62737E-02
 4.40000E+00    1.30458E-02    0.00000E+00    3.04100E-02
 4.60000E+00    8.60780E-03    0.00000E+00    4.80603E-02
 4.80000E+00    5.71880E-03    0.00000E+00    3.19300E-02
 5.00000E+00    3.81952E-03    0.00000E+00    2.13257E-02
 5.20000E+00    2.56582E-03    0.00000E+00    1.43258E-02
 5.40000E+00    1.72743E-03    0.00000E+00    9.64483E-03
 5.60000E+00    1.17159E-03    0.00000E+00    6.54138E-03
 5.80000E+00    8.01220E-04    0.00000E+00    4.47348E-03
 6.00000E+00    5.51389E-04    0.00000E+00    3.07859E-03
 6.20000E+00    3.81812E-04    0.00000E+00    2.13179E-03
 6.40000E+00    2.66200E-04    0.00000E+00    1.48628E-03
 6.60000E+00    1.86533E-04    0.00000E+00    5.13830E-04
 6.80000E+00    1.31629E-04    0.00000E+00    3.62589E-04
 7.00000E+00    9.33923E-05    0.00000E+00    2.57261E-04
 7.20000E+00    6.66123E-05    0.00000E+00    1.83492E-04
 7.40000E+00    4.78120E-05    0.00000E+00    1.31704E-04
 7.60000E+00    3.44741E-05    0.00000E+00    9.49634E-05
 7.80000E+00    2.50014E-05    0.00000E+00    6.88696E-05
 8.00000E+00    1.82221E-05    0.00000E+00    5.01952E-05
 8.50000E+00    8.42451E-06    0.00000E+00    2.32064E-05
 9.00000E+00    3.99788E-06    0.00000E+00    9.91285E-06
 9.50000E+00    1.94263E-06    0.00000E+00    4.81680E-06
 1.00000E+01    9.65709E-07    0.00000E+00    2.39450E-06
 1.05000E+01    4.90595E-07    0.00000E+00    1.21644E-06
 1.10000E+01    2.54674E-07    0.00000E+00    6.31471E-07
 1.15000E+01    1.34961E-07    0.00000E+00    3.34639E-07
 1.20000E+01    7.29606E-08    0.00000E+00    1.80908E-07
 1.25000E+01    4.01747E-08    0.00000E+00    9.96143E-08
 1.30000E+01    2.25015E-08    2.25015E-08    2.25015E-08
 1.35000E+01    1.28000E-08    1.28000E-08    1.28000E-08
 1.40000E+01    7.38548E-09    7.38548E-09    7.38548E-09
 1.45000E+01    4.31822E-09    4.31822E-09    4.31822E-09
 1.50000E+01    2.55777E-09    2.55777E-09    2.55777E-09
 1.60000E+01    9.31533E-10    9.31533E-10    9.31533E-10
 1.70000E+01    3.54579E-10    3.54579E-10    3.54579E-10
 1.80000E+01    1.42308E-10    1.42308E-10    1.42308E-10
 1.90000E+01    5.97511E-11    5.97511E-11    5.97511E-11
 2.00000E+01    2.61158E-11    2.61158E-11    2.61158E-11
 2.10000E+01    1.18761E-11    1.18761E-11    1.18761E-11
 2.20000E+01    5.59061E-12    5.59061E-12    5.59061E-12
 2.30000E+01    2.72481E-12    2.72481E-12    2.72481E-12
 2.40000E+01    1.37159E-12    1.37159E-12    1.37159E-12
 2.50000E+01    7.07622E-13    7.07622E-13    7.07622E-13
 2.60000E+01    3.74736E-13    3.74736E-13    3.74736E-13
 2.70000E+01    2.03424E-13    2.03424E-13    2.03424E-13
 2.80000E+01    1.13035E-13    1.13035E-13    1.13035E-13
 2.90000E+01    6.41551E-14    6.41551E-14    6.41551E-14
 3.00000E+01    3.72051E-14    3.72051E-14    3.72051E-14
