# n + Ac224 : (n,n'05)  
# tendl.2017 A.J. Koning and D. Rochman        EVAL-NOV17
# uncertainties: n
# # energies =   101
#   E(MeV)       xs(mb) 
 4.59058E-02    0.00000E+00
 4.75130E-02    2.96426E-04
 4.93211E-02    6.29905E-04
 5.24350E-02    1.20422E-03
 6.00000E-02    2.59948E-03
 6.46900E-02    1.01302E-02
 7.88535E-02    3.28726E-02
 8.08625E-02    3.60984E-02
 9.08070E-02    5.20663E-02
 1.00000E-01    6.68275E-02
 1.04066E-01    1.04303E-01
 1.09792E-01    1.57078E-01
 1.13911E-01    1.95043E-01
 1.17025E-01    2.23744E-01
 1.30887E-01    3.51507E-01
 1.43142E-01    4.64459E-01
 1.60720E-01    6.26472E-01
 1.69761E-01    7.09801E-01
 1.77496E-01    7.81093E-01
 1.84226E-01    8.43122E-01
 2.00000E-01    9.88508E-01
 2.12955E-01    1.26038E+00
 2.20689E-01    1.42269E+00
 2.37565E-01    1.77685E+00
 2.53838E-01    2.11835E+00
 2.84676E-01    2.76552E+00
 3.00000E-01    3.08711E+00
 3.01351E-01    3.12746E+00
 3.18628E-01    3.64344E+00
 3.34499E-01    4.11743E+00
 4.00000E-01    6.07363E+00
 5.00000E-01    7.83565E+00
 6.00000E-01    9.37673E+00
 7.00000E-01    1.05140E+01
 8.00000E-01    1.14273E+01
 9.00000E-01    1.22019E+01
 1.00000E+00    1.27165E+01
 1.20000E+00    1.32442E+01
 1.40000E+00    1.23018E+01
 1.60000E+00    9.96666E+00
 1.80000E+00    7.18568E+00
 2.00000E+00    4.85149E+00
 2.20000E+00    3.19919E+00
 2.40000E+00    2.09462E+00
 2.60000E+00    1.36654E+00
 2.80000E+00    8.89364E-01
 3.00000E+00    5.77384E-01
 3.20000E+00    3.74295E-01
 3.40000E+00    2.42458E-01
 3.60000E+00    1.56958E-01
 3.80000E+00    1.01446E-01
 4.00000E+00    6.54639E-02
 4.20000E+00    4.22318E-02
 4.40000E+00    2.72890E-02
 4.60000E+00    1.76769E-02
 4.80000E+00    1.15322E-02
 5.00000E+00    7.56663E-03
 5.20000E+00    5.00247E-03
 5.40000E+00    3.32256E-03
 5.60000E+00    2.22842E-03
 5.80000E+00    1.51189E-03
 6.00000E+00    1.03524E-03
 6.20000E+00    7.15419E-04
 6.40000E+00    4.99284E-04
 6.60000E+00    3.51162E-04
 6.80000E+00    2.49282E-04
 7.00000E+00    1.78280E-04
 7.20000E+00    1.28344E-04
 7.40000E+00    9.30490E-05
 7.60000E+00    6.78017E-05
 7.80000E+00    4.96749E-05
 8.00000E+00    3.65638E-05
 8.50000E+00    1.72739E-05
 9.00000E+00    8.33663E-06
 9.50000E+00    4.10318E-06
 1.00000E+01    2.06031E-06
 1.05000E+01    1.05537E-06
 1.10000E+01    5.51830E-07
 1.15000E+01    2.94330E-07
 1.20000E+01    1.60025E-07
 1.25000E+01    8.85427E-08
 1.30000E+01    4.97906E-08
 1.35000E+01    2.84174E-08
 1.40000E+01    1.64440E-08
 1.45000E+01    9.64127E-09
 1.50000E+01    5.72726E-09
 1.60000E+01    2.10014E-09
 1.70000E+01    8.06328E-10
 1.80000E+01    3.26912E-10
 1.90000E+01    1.38749E-10
 2.00000E+01    6.12777E-11
 2.10000E+01    2.81204E-11
 2.20000E+01    1.33335E-11
 2.30000E+01    6.53340E-12
 2.40000E+01    3.30192E-12
 2.50000E+01    1.70947E-12
 2.60000E+01    9.08584E-13
 2.70000E+01    4.95240E-13
 2.80000E+01    2.76416E-13
 2.90000E+01    1.57592E-13
 3.00000E+01    9.17642E-14
