# n + Ac224 : (n,n'09)  
# tendl.2017 A.J. Koning and D. Rochman        EVAL-NOV17
# uncertainties: n
# # energies =    96
#   E(MeV)       xs(mb) 
 6.46900E-02    0.00000E+00
 7.88535E-02    4.00990E-01
 8.08625E-02    4.57868E-01
 9.08070E-02    7.39412E-01
 1.00000E-01    9.99680E-01
 1.04066E-01    1.34670E+00
 1.09792E-01    1.83540E+00
 1.13911E-01    2.18694E+00
 1.17025E-01    2.45271E+00
 1.30887E-01    3.63579E+00
 1.43142E-01    4.68172E+00
 1.60720E-01    6.18195E+00
 1.69761E-01    6.95357E+00
 1.77496E-01    7.61373E+00
 1.84226E-01    8.18812E+00
 2.00000E-01    9.53438E+00
 2.12955E-01    1.08013E+01
 2.20689E-01    1.15576E+01
 2.37565E-01    1.32080E+01
 2.53838E-01    1.47994E+01
 2.84676E-01    1.78152E+01
 3.00000E-01    1.93138E+01
 3.01351E-01    1.94034E+01
 3.18628E-01    2.05491E+01
 3.34499E-01    2.16016E+01
 4.00000E-01    2.59453E+01
 5.00000E-01    2.39600E+01
 6.00000E-01    2.13028E+01
 7.00000E-01    1.83524E+01
 8.00000E-01    1.58173E+01
 9.00000E-01    1.37985E+01
 1.00000E+00    1.20811E+01
 1.20000E+00    9.57529E+00
 1.40000E+00    7.39062E+00
 1.60000E+00    5.37089E+00
 1.80000E+00    3.69544E+00
 2.00000E+00    2.48587E+00
 2.20000E+00    1.67557E+00
 2.40000E+00    1.13612E+00
 2.60000E+00    7.71149E-01
 2.80000E+00    5.21642E-01
 3.00000E+00    3.50534E-01
 3.20000E+00    2.34040E-01
 3.40000E+00    1.55537E-01
 3.60000E+00    1.03119E-01
 3.80000E+00    6.82812E-02
 4.00000E+00    4.52145E-02
 4.20000E+00    2.99846E-02
 4.40000E+00    1.99437E-02
 4.60000E+00    1.33047E-02
 4.80000E+00    8.93387E-03
 5.00000E+00    6.02836E-03
 5.20000E+00    4.09119E-03
 5.40000E+00    2.78349E-03
 5.60000E+00    1.90796E-03
 5.80000E+00    1.31933E-03
 6.00000E+00    9.18238E-04
 6.20000E+00    6.43106E-04
 6.40000E+00    4.53514E-04
 6.60000E+00    3.21380E-04
 6.80000E+00    2.29222E-04
 7.00000E+00    1.64293E-04
 7.20000E+00    1.18285E-04
 7.40000E+00    8.56121E-05
 7.60000E+00    6.21946E-05
 7.80000E+00    4.53931E-05
 8.00000E+00    3.32662E-05
 8.50000E+00    1.55400E-05
 9.00000E+00    7.42652E-06
 9.50000E+00    3.62803E-06
 1.00000E+01    1.81226E-06
 1.05000E+01    9.25127E-07
 1.10000E+01    4.82646E-07
 1.15000E+01    2.57048E-07
 1.20000E+01    1.39615E-07
 1.25000E+01    7.71986E-08
 1.30000E+01    4.33929E-08
 1.35000E+01    2.47584E-08
 1.40000E+01    1.43219E-08
 1.45000E+01    8.39310E-09
 1.50000E+01    4.98231E-09
 1.60000E+01    1.82290E-09
 1.70000E+01    6.97605E-10
 1.80000E+01    2.81745E-10
 1.90000E+01    1.19126E-10
 2.00000E+01    5.24415E-11
 2.10000E+01    2.40017E-11
 2.20000E+01    1.13544E-11
 2.30000E+01    5.55182E-12
 2.40000E+01    2.80037E-12
 2.50000E+01    1.44727E-12
 2.60000E+01    7.68020E-13
 2.70000E+01    4.18007E-13
 2.80000E+01    2.32960E-13
 2.90000E+01    1.32603E-13
 3.00000E+01    7.70843E-14
