# n + Ac224 : (n,n'14)  
# tendl.2017 A.J. Koning and D. Rochman        EVAL-NOV17
# uncertainties: n
# # energies =    90
#   E(MeV)       xs(mb) 
 1.09792E-01    0.00000E+00
 1.13911E-01    2.28984E-01
 1.17025E-01    4.02098E-01
 1.30887E-01    1.17271E+00
 1.43142E-01    1.85400E+00
 1.60720E-01    2.83119E+00
 1.69761E-01    3.33380E+00
 1.77496E-01    3.76381E+00
 1.84226E-01    4.13794E+00
 2.00000E-01    5.01485E+00
 2.12955E-01    6.18279E+00
 2.20689E-01    6.88004E+00
 2.37565E-01    8.40147E+00
 2.53838E-01    9.86853E+00
 2.84676E-01    1.26487E+01
 3.00000E-01    1.40302E+01
 3.01351E-01    1.41266E+01
 3.18628E-01    1.53594E+01
 3.34499E-01    1.64918E+01
 4.00000E-01    2.11655E+01
 5.00000E-01    2.07123E+01
 6.00000E-01    1.90359E+01
 7.00000E-01    1.67352E+01
 8.00000E-01    1.46103E+01
 9.00000E-01    1.28533E+01
 1.00000E+00    1.13190E+01
 1.20000E+00    9.04667E+00
 1.40000E+00    7.04031E+00
 1.60000E+00    5.16362E+00
 1.80000E+00    3.58434E+00
 2.00000E+00    2.42813E+00
 2.20000E+00    1.64479E+00
 2.40000E+00    1.11903E+00
 2.60000E+00    7.61247E-01
 2.80000E+00    5.15670E-01
 3.00000E+00    3.46813E-01
 3.20000E+00    2.31674E-01
 3.40000E+00    1.54023E-01
 3.60000E+00    1.02155E-01
 3.80000E+00    6.76741E-02
 4.00000E+00    4.48358E-02
 4.20000E+00    2.97491E-02
 4.40000E+00    1.97972E-02
 4.60000E+00    1.32131E-02
 4.80000E+00    8.87529E-03
 5.00000E+00    5.99116E-03
 5.20000E+00    4.06652E-03
 5.40000E+00    2.76735E-03
 5.60000E+00    1.89727E-03
 5.80000E+00    1.31199E-03
 6.00000E+00    9.13241E-04
 6.20000E+00    6.39646E-04
 6.40000E+00    4.51110E-04
 6.60000E+00    3.19703E-04
 6.80000E+00    2.28059E-04
 7.00000E+00    1.63475E-04
 7.20000E+00    1.17723E-04
 7.40000E+00    8.52183E-05
 7.60000E+00    6.19171E-05
 7.80000E+00    4.52039E-05
 8.00000E+00    3.31336E-05
 8.50000E+00    1.54861E-05
 9.00000E+00    7.40393E-06
 9.50000E+00    3.61819E-06
 1.00000E+01    1.80777E-06
 1.05000E+01    9.22986E-07
 1.10000E+01    4.81580E-07
 1.15000E+01    2.56500E-07
 1.20000E+01    1.39328E-07
 1.25000E+01    7.70472E-08
 1.30000E+01    4.33128E-08
 1.35000E+01    2.47159E-08
 1.40000E+01    1.42992E-08
 1.45000E+01    8.38082E-09
 1.50000E+01    4.97551E-09
 1.60000E+01    1.82065E-09
 1.70000E+01    6.96777E-10
 1.80000E+01    2.81414E-10
 1.90000E+01    1.18988E-10
 2.00000E+01    5.23833E-11
 2.10000E+01    2.39769E-11
 2.20000E+01    1.13438E-11
 2.30000E+01    5.54714E-12
 2.40000E+01    2.79818E-12
 2.50000E+01    1.44618E-12
 2.60000E+01    7.67444E-13
 2.70000E+01    4.17695E-13
 2.80000E+01    2.32789E-13
 2.90000E+01    1.32510E-13
 3.00000E+01    7.70328E-14
