# n + Ac224 : (n,n'22)  
# tendl.2017 A.J. Koning and D. Rochman        EVAL-NOV17
# uncertainties: n
# # energies =    82
#   E(MeV)       xs(mb) 
 1.84226E-01    0.00000E+00
 2.00000E-01    7.07638E+00
 2.12955E-01    1.44403E+01
 2.20689E-01    1.88365E+01
 2.37565E-01    2.84292E+01
 2.53838E-01    3.76792E+01
 2.84676E-01    5.52083E+01
 3.00000E-01    6.39188E+01
 3.01351E-01    6.43269E+01
 3.18628E-01    6.95461E+01
 3.34499E-01    7.43405E+01
 4.00000E-01    9.41275E+01
 5.00000E-01    8.37075E+01
 6.00000E-01    6.94359E+01
 7.00000E-01    5.51675E+01
 8.00000E-01    4.36730E+01
 9.00000E-01    3.50371E+01
 1.00000E+00    2.83866E+01
 1.20000E+00    2.00151E+01
 1.40000E+00    1.47198E+01
 1.60000E+00    1.07635E+01
 1.80000E+00    7.57754E+00
 2.00000E+00    5.15891E+00
 2.20000E+00    3.45282E+00
 2.40000E+00    2.28648E+00
 2.60000E+00    1.49792E+00
 2.80000E+00    9.70793E-01
 3.00000E+00    6.22701E-01
 3.20000E+00    3.96429E-01
 3.40000E+00    2.51352E-01
 3.60000E+00    1.59196E-01
 3.80000E+00    1.00834E-01
 4.00000E+00    6.39394E-02
 4.20000E+00    4.06380E-02
 4.40000E+00    2.59287E-02
 4.60000E+00    1.66100E-02
 4.80000E+00    1.07212E-02
 5.00000E+00    6.96757E-03
 5.20000E+00    4.55974E-03
 5.40000E+00    2.99833E-03
 5.60000E+00    1.99057E-03
 5.80000E+00    1.33552E-03
 6.00000E+00    9.04236E-04
 6.20000E+00    6.17568E-04
 6.40000E+00    4.25848E-04
 6.60000E+00    2.95921E-04
 6.80000E+00    2.07616E-04
 7.00000E+00    1.46785E-04
 7.20000E+00    1.04563E-04
 7.40000E+00    7.50629E-05
 7.60000E+00    5.41993E-05
 7.80000E+00    3.94027E-05
 8.00000E+00    2.87932E-05
 8.50000E+00    1.34040E-05
 9.00000E+00    6.39297E-06
 9.50000E+00    3.11394E-06
 1.00000E+01    1.54807E-06
 1.05000E+01    7.85074E-07
 1.10000E+01    4.06347E-07
 1.15000E+01    2.14559E-07
 1.20000E+01    1.15532E-07
 1.25000E+01    6.33579E-08
 1.30000E+01    3.53464E-08
 1.35000E+01    2.00337E-08
 1.40000E+01    1.15224E-08
 1.45000E+01    6.71949E-09
 1.50000E+01    3.97229E-09
 1.60000E+01    1.44395E-09
 1.70000E+01    5.49962E-10
 1.80000E+01    2.21294E-10
 1.90000E+01    9.32596E-11
 2.00000E+01    4.09217E-11
 2.10000E+01    1.86714E-11
 2.20000E+01    8.80907E-12
 2.30000E+01    4.29716E-12
 2.40000E+01    2.16248E-12
 2.50000E+01    1.11477E-12
 2.60000E+01    5.89946E-13
 2.70000E+01    3.20212E-13
 2.80000E+01    1.78037E-13
 2.90000E+01    1.01167E-13
 3.00000E+01    5.87473E-14
