# n + Ac233 : (n,3n)    
# tendl.2017 A.J. Koning and D. Rochman        EVAL-NOV17
# uncertainties: y
# # energies =    55
#   E(MeV)       xs(mb)       xslow(mb)      xsupp(mb)
 1.06433E+01    0.00000E+00    0.00000E+00    0.00000E+00
 1.10000E+01    5.90631E+00    4.64008E-01    1.13486E+01
 1.15000E+01    6.91529E+01    5.43275E+00    1.32873E+02
 1.20000E+01    1.88951E+02    1.48443E+01    3.63058E+02
 1.25000E+01    3.76494E+02    2.95779E+01    7.23410E+02
 1.30000E+01    5.91985E+02    5.63338E+01    1.12764E+03
 1.35000E+01    8.18757E+02    7.79136E+01    1.55960E+03
 1.40000E+01    1.02848E+03    9.78710E+01    1.95909E+03
 1.45000E+01    1.20581E+03    1.14746E+02    2.29687E+03
 1.50000E+01    1.35127E+03    1.28588E+02    2.57395E+03
 1.60000E+01    1.55437E+03    2.77687E+02    2.83105E+03
 1.70000E+01    1.67346E+03    2.98962E+02    3.04796E+03
 1.80000E+01    1.74394E+03    3.11554E+02    3.17633E+03
 1.90000E+01    1.73877E+03    3.10630E+02    3.16691E+03
 2.00000E+01    1.63111E+03    6.96773E+02    2.56545E+03
 2.10000E+01    1.43932E+03    6.14845E+02    2.26380E+03
 2.20000E+01    1.20750E+03    5.15816E+02    1.89918E+03
 2.30000E+01    9.84976E+02    4.20759E+02    1.54919E+03
 2.40000E+01    8.01502E+02    5.12841E+02    1.09016E+03
 2.50000E+01    6.62902E+02    4.24158E+02    9.01646E+02
 2.60000E+01    5.63725E+02    3.60699E+02    7.66750E+02
 2.70000E+01    4.90055E+02    3.13562E+02    6.66548E+02
 2.80000E+01    4.36449E+02    2.79262E+02    5.93636E+02
 2.90000E+01    3.96819E+02    2.53905E+02    5.39733E+02
 3.00000E+01    3.64664E+02    2.33330E+02    4.95998E+02
 3.00000E+01    3.13313E+02    2.00474E+02    4.26153E+02
 3.20000E+01    2.74875E+02    1.75879E+02    3.73871E+02
 3.40000E+01    2.45883E+02    1.57328E+02    3.34437E+02
 3.60000E+01    2.23297E+02    1.42877E+02    3.03718E+02
 3.80000E+01    2.04281E+02    1.30709E+02    2.77852E+02
 4.00000E+01    1.87491E+02    1.19966E+02    2.55016E+02
 4.20000E+01    1.73188E+02    1.10815E+02    2.35562E+02
 4.40000E+01    1.61614E+02    1.03409E+02    2.19820E+02
 4.60000E+01    1.50926E+02    9.65702E+01    2.05282E+02
 4.80000E+01    1.42000E+02    9.08590E+01    1.93142E+02
 5.00000E+01    1.34932E+02    8.63362E+01    1.83528E+02
 5.20000E+01    1.29568E+02    8.29042E+01    1.76232E+02
 5.40000E+01    1.26348E+02    8.08439E+01    1.71853E+02
 5.60000E+01    1.23234E+02    7.88515E+01    1.67617E+02
 5.80000E+01    1.20275E+02    7.69582E+01    1.63593E+02
 6.00000E+01    1.18778E+02    7.59999E+01    1.61555E+02
 6.50000E+01    1.17501E+02    7.51828E+01    1.59819E+02
 7.00000E+01    1.17311E+02    7.50613E+01    1.59560E+02
 7.50000E+01    1.18289E+02    7.56871E+01    1.60891E+02
 8.00000E+01    1.18537E+02    7.58457E+01    1.61228E+02
 9.00000E+01    1.12880E+02    7.22263E+01    1.53534E+02
 1.00000E+02    1.04650E+02    6.69603E+01    1.42340E+02
 1.10000E+02    9.77293E+01    6.25321E+01    1.32926E+02
 1.20000E+02    9.05738E+01    5.79536E+01    1.23194E+02
 1.30000E+02    8.56777E+01    5.48209E+01    1.16535E+02
 1.40000E+02    8.03695E+01    5.14244E+01    1.09315E+02
 1.50000E+02    7.53193E+01    4.81931E+01    1.02446E+02
 1.60000E+02    7.08547E+01    4.53364E+01    9.63731E+01
 1.80000E+02    6.37436E+01    4.07864E+01    8.67009E+01
 2.00000E+02    5.88252E+01    3.76393E+01    8.00111E+01
