# n + Ac233 :  n        
# tendl.2017 A.J. Koning and D. Rochman        EVAL-NOV17
# uncertainties: n
# # energies =    55
#   E(MeV)       xs(mb) 
 1.00000E+01    0.00000E+00
 1.05000E+01    1.94828E-18
 1.10000E+01    2.42792E-16
 1.15000E+01    4.39124E-15
 1.20000E+01    1.11888E-13
 1.25000E+01    4.46869E-12
 1.30000E+01    2.20102E-10
 1.35000E+01    1.16613E-08
 1.40000E+01    6.32228E-07
 1.45000E+01    3.14190E-05
 1.50000E+01    4.57080E-04
 1.60000E+01    4.75578E-03
 1.70000E+01    1.50504E-02
 1.80000E+01    3.26191E-02
 1.90000E+01    5.76213E-02
 2.00000E+01    8.95348E-02
 2.10000E+01    1.27418E-01
 2.20000E+01    1.69541E-01
 2.30000E+01    2.15380E-01
 2.40000E+01    2.64871E-01
 2.50000E+01    3.18603E-01
 2.60000E+01    3.77407E-01
 2.70000E+01    4.39940E-01
 2.80000E+01    5.04589E-01
 2.90000E+01    5.68279E-01
 3.00000E+01    6.30547E-01
 3.20000E+01    7.47908E-01
 3.40000E+01    8.69110E-01
 3.60000E+01    9.87184E-01
 3.80000E+01    1.09441E+00
 4.00000E+01    1.18844E+00
 4.20000E+01    1.27568E+00
 4.40000E+01    1.36976E+00
 4.60000E+01    1.48375E+00
 4.80000E+01    1.63130E+00
 5.00000E+01    1.82604E+00
 5.20000E+01    2.08156E+00
 5.40000E+01    2.41858E+00
 5.60000E+01    2.86126E+00
 5.80000E+01    3.42630E+00
 6.00000E+01    4.14866E+00
 6.50000E+01    6.92820E+00
 7.00000E+01    1.14883E+01
 7.50000E+01    1.66454E+01
 8.00000E+01    1.88039E+01
 9.00000E+01    1.31094E+01
 1.00000E+02    8.23690E+00
 1.10000E+02    6.43611E+00
 1.20000E+02    5.58948E+00
 1.30000E+02    4.99930E+00
 1.40000E+02    4.57676E+00
 1.50000E+02    4.20032E+00
 1.60000E+02    3.85722E+00
 1.80000E+02    3.35045E+00
 2.00000E+02    3.06279E+00
