# n + Ac233 : (n,na)    
# tendl.2017 A.J. Koning and D. Rochman        EVAL-NOV17
# uncertainties: y
# # energies =   258
#   E(MeV)       xs(mb)       xslow(mb)      xsupp(mb)
 1.00000E-11    3.84851E-17    3.84851E-17    3.84851E-17
 1.03005E-11    3.79526E-17    3.79526E-17    3.79526E-17
 1.06099E-11    3.74284E-17    3.74284E-17    3.74284E-17
 1.09287E-11    3.69124E-17    3.69124E-17    3.69124E-17
 1.12571E-11    3.64044E-17    3.64044E-17    3.64044E-17
 1.15953E-11    3.59044E-17    3.59044E-17    3.59044E-17
 1.19437E-11    3.54123E-17    3.54123E-17    3.54123E-17
 1.23026E-11    3.49278E-17    3.49278E-17    3.49278E-17
 1.26722E-11    3.44510E-17    3.44510E-17    3.44510E-17
 1.30530E-11    3.39818E-17    3.39818E-17    3.39818E-17
 1.34452E-11    3.35199E-17    3.35199E-17    3.35199E-17
 1.38491E-11    3.30654E-17    3.30654E-17    3.30654E-17
 1.42652E-11    3.26181E-17    3.26181E-17    3.26181E-17
 1.46938E-11    3.21779E-17    3.21779E-17    3.21779E-17
 1.51353E-11    3.17447E-17    3.17447E-17    3.17447E-17
 1.55901E-11    3.13184E-17    3.13184E-17    3.13184E-17
 1.60585E-11    3.08990E-17    3.08990E-17    3.08990E-17
 1.65410E-11    3.04863E-17    3.04863E-17    3.04863E-17
 1.70380E-11    3.00802E-17    3.00802E-17    3.00802E-17
 1.75499E-11    2.96807E-17    2.96807E-17    2.96807E-17
 1.81538E-11    2.92321E-17    2.92321E-17    2.92321E-17
 1.87785E-11    2.87917E-17    2.87917E-17    2.87917E-17
 1.94247E-11    2.83596E-17    2.83596E-17    2.83596E-17
 2.00931E-11    2.79355E-17    2.79355E-17    2.79355E-17
 2.07845E-11    2.75193E-17    2.75193E-17    2.75193E-17
 2.14998E-11    2.71109E-17    2.71109E-17    2.71109E-17
 2.22396E-11    2.67103E-17    2.67103E-17    2.67103E-17
 2.30049E-11    2.63172E-17    2.63172E-17    2.63172E-17
 2.37965E-11    2.59315E-17    2.59315E-17    2.59315E-17
 2.46154E-11    2.55532E-17    2.55532E-17    2.55532E-17
 2.54624E-11    2.51821E-17    2.51821E-17    2.51821E-17
 2.63386E-11    2.48182E-17    2.48182E-17    2.48182E-17
 2.72450E-11    2.44613E-17    2.44613E-17    2.44613E-17
 2.81825E-11    2.41112E-17    2.41112E-17    2.41112E-17
 2.91523E-11    2.37680E-17    2.37680E-17    2.37680E-17
 3.01555E-11    2.34314E-17    2.34314E-17    2.34314E-17
 3.11931E-11    2.31015E-17    2.31015E-17    2.31015E-17
 3.22665E-11    2.27781E-17    2.27781E-17    2.27781E-17
 3.33769E-11    2.24610E-17    2.24610E-17    2.24610E-17
 3.45254E-11    2.21503E-17    2.21503E-17    2.21503E-17
 3.57135E-11    2.18457E-17    2.18457E-17    2.18457E-17
 3.69424E-11    2.15473E-17    2.15473E-17    2.15473E-17
 3.82136E-11    2.12549E-17    2.12549E-17    2.12549E-17
 3.95286E-11    2.09684E-17    2.09684E-17    2.09684E-17
 4.08888E-11    2.06878E-17    2.06878E-17    2.06878E-17
 4.22959E-11    2.04129E-17    2.04129E-17    2.04129E-17
 4.37513E-11    2.01437E-17    2.01437E-17    2.01437E-17
 4.52569E-11    1.98801E-17    1.98801E-17    1.98801E-17
 4.68142E-11    1.96220E-17    1.96220E-17    1.96220E-17
 4.84251E-11    1.93693E-17    1.93693E-17    1.93693E-17
 5.00915E-11    1.91219E-17    1.91219E-17    1.91219E-17
 5.18152E-11    1.88798E-17    1.88798E-17    1.88798E-17
 5.35982E-11    1.86428E-17    1.86428E-17    1.86428E-17
 5.54426E-11    1.84110E-17    1.84110E-17    1.84110E-17
 5.73505E-11    1.81841E-17    1.81841E-17    1.81841E-17
 5.93239E-11    1.79623E-17    1.79623E-17    1.79623E-17
 6.13653E-11    1.77452E-17    1.77452E-17    1.77452E-17
 6.34770E-11    1.75330E-17    1.75330E-17    1.75330E-17
 6.56613E-11    1.73255E-17    1.73255E-17    1.73255E-17
 6.79208E-11    1.71227E-17    1.71227E-17    1.71227E-17
 7.02580E-11    1.69244E-17    1.69244E-17    1.69244E-17
 7.26757E-11    1.67306E-17    1.67306E-17    1.67306E-17
 7.51766E-11    1.65413E-17    1.65413E-17    1.65413E-17
 7.77635E-11    1.63564E-17    1.63564E-17    1.63564E-17
 8.07803E-11    1.61534E-17    1.61534E-17    1.61534E-17
 8.39142E-11    1.59558E-17    1.59558E-17    1.59558E-17
 8.71696E-11    1.57635E-17    1.57635E-17    1.57635E-17
 9.05514E-11    1.55763E-17    1.55763E-17    1.55763E-17
 9.40643E-11    1.53942E-17    1.53942E-17    1.53942E-17
 9.77136E-11    1.52170E-17    1.52170E-17    1.52170E-17
 1.01504E-10    1.50447E-17    1.50447E-17    1.50447E-17
 1.05442E-10    1.48772E-17    1.48772E-17    1.48772E-17
 1.09533E-10    1.47144E-17    1.47144E-17    1.47144E-17
 1.13782E-10    1.45562E-17    1.45562E-17    1.45562E-17
 1.18196E-10    1.44026E-17    1.44026E-17    1.44026E-17
 1.22782E-10    1.42533E-17    1.42533E-17    1.42533E-17
 1.27545E-10    1.41084E-17    1.41084E-17    1.41084E-17
 1.32493E-10    1.39677E-17    1.39677E-17    1.39677E-17
 1.37633E-10    1.38313E-17    1.38313E-17    1.38313E-17
 1.42973E-10    1.36989E-17    1.36989E-17    1.36989E-17
 1.49149E-10    1.35564E-17    1.35564E-17    1.35564E-17
 1.55592E-10    1.34188E-17    1.34188E-17    1.34188E-17
 1.62313E-10    1.32859E-17    1.32859E-17    1.32859E-17
 1.69324E-10    1.31576E-17    1.31576E-17    1.31576E-17
 1.76639E-10    1.30338E-17    1.30338E-17    1.30338E-17
 1.84269E-10    1.29143E-17    1.29143E-17    1.29143E-17
 1.92229E-10    1.27990E-17    1.27990E-17    1.27990E-17
 2.00533E-10    1.26879E-17    1.26879E-17    1.26879E-17
 2.09195E-10    1.25808E-17    1.25808E-17    1.25808E-17
 2.19157E-10    1.24675E-17    1.24675E-17    1.24675E-17
 2.29593E-10    1.23588E-17    1.23588E-17    1.23588E-17
 2.40526E-10    1.22546E-17    1.22546E-17    1.22546E-17
 2.51979E-10    1.21546E-17    1.21546E-17    1.21546E-17
 2.63978E-10    1.20588E-17    1.20588E-17    1.20588E-17
 2.76548E-10    1.19670E-17    1.19670E-17    1.19670E-17
 2.90945E-10    1.18713E-17    1.18713E-17    1.18713E-17
 3.06091E-10    1.17800E-17    1.17800E-17    1.17800E-17
 3.22026E-10    1.16930E-17    1.16930E-17    1.16930E-17
 3.38790E-10    1.16101E-17    1.16101E-17    1.16101E-17
 3.57937E-10    1.15247E-17    1.15247E-17    1.15247E-17
 3.78167E-10    1.14437E-17    1.14437E-17    1.14437E-17
 3.99539E-10    1.13669E-17    1.13669E-17    1.13669E-17
 4.22120E-10    1.12941E-17    1.12941E-17    1.12941E-17
 4.47867E-10    1.12200E-17    1.12200E-17    1.12200E-17
 4.75185E-10    1.11501E-17    1.11501E-17    1.11501E-17
 5.06305E-10    1.10795E-17    1.10795E-17    1.10795E-17
 5.39463E-10    1.10133E-17    1.10133E-17    1.10133E-17
 5.74793E-10    1.09510E-17    1.09510E-17    1.09510E-17
 6.15032E-10    1.08889E-17    1.08889E-17    1.08889E-17
 6.58089E-10    1.08307E-17    1.08307E-17    1.08307E-17
 7.07143E-10    1.07731E-17    1.07731E-17    1.07731E-17
 7.59855E-10    1.07195E-17    1.07195E-17    1.07195E-17
 8.19955E-10    1.06668E-17    1.06668E-17    1.06668E-17
 8.88560E-10    1.06153E-17    1.06153E-17    1.06153E-17
 9.66985E-10    1.05654E-17    1.05654E-17    1.05654E-17
 1.05233E-09    1.05195E-17    1.05195E-17    1.05195E-17
 1.15006E-09    1.04754E-17    1.04754E-17    1.04754E-17
 1.26220E-09    1.04331E-17    1.04331E-17    1.04331E-17
 1.39114E-09    1.03930E-17    1.03930E-17    1.03930E-17
 1.53975E-09    1.03551E-17    1.03551E-17    1.03551E-17
 1.71872E-09    1.03181E-17    1.03181E-17    1.03181E-17
 1.92661E-09    1.02838E-17    1.02838E-17    1.02838E-17
 2.17799E-09    1.02510E-17    1.02510E-17    1.02510E-17
 2.48309E-09    1.02202E-17    1.02202E-17    1.02202E-17
 2.85497E-09    1.01915E-17    1.01915E-17    1.01915E-17
 3.31043E-09    1.01651E-17    1.01651E-17    1.01651E-17
 3.88757E-09    1.01406E-17    1.01406E-17    1.01406E-17
 4.62360E-09    1.01182E-17    1.01182E-17    1.01182E-17
 5.59281E-09    1.00978E-17    1.00978E-17    1.00978E-17
 6.90975E-09    1.00791E-17    1.00791E-17    1.00791E-17
 8.75618E-09    1.00624E-17    1.00624E-17    1.00624E-17
 1.14778E-08    1.00476E-17    1.00476E-17    1.00476E-17
 1.56954E-08    1.00348E-17    1.00348E-17    1.00348E-17
 2.26757E-08    1.00241E-17    1.00241E-17    1.00241E-17
 2.52045E-08    1.00217E-17    1.00217E-17    1.00217E-17
 2.53000E-08    1.00216E-17    1.00216E-17    1.00216E-17
 4.09731E-08    1.00133E-17    1.00133E-17    1.00133E-17
 7.75949E-08    1.00070E-17    1.00070E-17    1.00070E-17
 1.99254E-07    1.00027E-17    1.00027E-17    1.00027E-17
 1.25948E-06    1.00004E-17    1.00004E-17    1.00004E-17
 3.96710E+00    1.00000E-17    1.00000E-17    1.00000E-17
 4.00000E+00    1.00052E-17    1.00052E-17    1.00052E-17
 4.17170E+00    8.53253E-17    8.53253E-17    8.53253E-17
 4.20000E+00    9.78766E-17    9.78766E-17    9.78766E-17
 4.40000E+00    2.42110E-15    2.42110E-15    2.42110E-15
 4.60000E+00    3.16500E-14    3.16500E-14    3.16500E-14
 4.80000E+00    7.56369E-14    7.56369E-14    7.56369E-14
 5.00000E+00    1.70653E-13    1.70653E-13    1.70653E-13
 5.20000E+00    1.29933E-12    1.29933E-12    1.29933E-12
 5.40000E+00    2.52864E-12    2.52864E-12    2.52864E-12
 5.60000E+00    5.48141E-12    5.48141E-12    5.48141E-12
 5.80000E+00    1.17022E-11    1.17022E-11    1.17022E-11
 6.00000E+00    2.06850E-11    2.06850E-11    2.06850E-11
 6.20000E+00    3.95301E-11    3.95301E-11    3.95301E-11
 6.40000E+00    7.49385E-11    7.49385E-11    7.49385E-11
 6.60000E+00    1.34495E-10    0.00000E+00    1.34495E-09
 6.80000E+00    2.01029E-10    0.00000E+00    2.01029E-09
 7.00000E+00    3.14185E-10    0.00000E+00    3.14185E-09
 7.20000E+00    5.43642E-10    0.00000E+00    5.43642E-09
 7.40000E+00    8.24953E-10    0.00000E+00    8.24953E-09
 7.60000E+00    1.26234E-09    0.00000E+00    1.26234E-08
 7.80000E+00    2.10781E-09    0.00000E+00    2.10781E-08
 8.00000E+00    3.29840E-09    0.00000E+00    3.29840E-08
 8.50000E+00    9.26948E-09    0.00000E+00    9.26948E-08
 9.00000E+00    2.45469E-08    0.00000E+00    9.09795E-08
 9.50000E+00    6.74776E-08    0.00000E+00    2.50096E-07
 1.00000E+01    1.92640E-07    0.00000E+00    7.13992E-07
 1.01411E+01    3.01034E-07    0.00000E+00    1.11574E-06
 1.02842E+01    4.10967E-07    0.00000E+00    1.52319E-06
 1.04292E+01    5.22452E-07    0.00000E+00    1.93639E-06
 1.05000E+01    5.76818E-07    0.00000E+00    2.13789E-06
 1.06481E+01    9.20562E-07    0.00000E+00    3.41193E-06
 1.07984E+01    1.26916E-06    0.00000E+00    4.70395E-06
 1.09507E+01    1.62267E-06    0.00000E+00    6.01419E-06
 1.10000E+01    1.73705E-06    0.00000E+00    6.43812E-06
 1.11552E+01    2.74677E-06    0.00000E+00    1.01805E-05
 1.13126E+01    3.77073E-06    0.00000E+00    1.39757E-05
 1.14722E+01    4.80914E-06    0.00000E+00    1.78244E-05
 1.15000E+01    4.99021E-06    0.00000E+00    1.84955E-05
 1.16622E+01    7.82581E-06    0.00000E+00    2.90053E-05
 1.18268E+01    1.07014E-05    0.00000E+00    3.96633E-05
 1.19936E+01    1.36176E-05    0.00000E+00    5.04717E-05
 1.20000E+01    1.37289E-05    0.00000E+00    5.08842E-05
 1.21693E+01    2.16709E-05    0.00000E+00    8.03201E-05
 1.23410E+01    2.97250E-05    0.00000E+00    1.10171E-04
 1.25000E+01    3.71846E-05    0.00000E+00    1.37819E-04
 1.26764E+01    5.59780E-05    0.00000E+00    2.07474E-04
 1.28552E+01    7.50365E-05    0.00000E+00    2.78112E-04
 1.30000E+01    9.04681E-05    0.00000E+00    3.37440E-04
 1.31834E+01    1.43166E-04    0.00000E+00    5.33999E-04
 1.33694E+01    1.96607E-04    0.00000E+00    7.33331E-04
 1.35000E+01    2.34132E-04    0.00000E+00    8.73296E-04
 1.36905E+01    3.42467E-04    0.00000E+00    1.27738E-03
 1.38836E+01    4.52331E-04    0.00000E+00    1.68716E-03
 1.40000E+01    5.18535E-04    0.00000E+00    1.93410E-03
 1.41975E+01    7.92482E-04    0.00000E+00    2.95590E-03
 1.43978E+01    1.07029E-03    0.00000E+00    3.99212E-03
 1.45000E+01    1.21202E-03    0.00000E+00    4.52075E-03
 1.47046E+01    1.79244E-03    0.00000E+00    6.68569E-03
 1.49120E+01    2.38106E-03    0.00000E+00    8.88117E-03
 1.50000E+01    2.63067E-03    0.00000E+00    9.81222E-03
 1.52116E+01    4.48913E-03    0.00000E+00    1.67441E-02
 1.54262E+01    6.37381E-03    0.00000E+00    2.37739E-02
 1.56439E+01    8.28507E-03    0.00000E+00    3.09027E-02
 1.58646E+01    1.02233E-02    0.00000E+00    3.81322E-02
 1.60000E+01    1.14126E-02    0.00000E+00    4.27028E-02
 1.62257E+01    1.78844E-02    0.00000E+00    6.69184E-02
 1.64546E+01    2.44474E-02    0.00000E+00    9.14756E-02
 1.66868E+01    3.11031E-02    0.00000E+00    1.16379E-01
 1.69222E+01    3.78526E-02    0.00000E+00    1.41634E-01
 1.70000E+01    4.00828E-02    0.00000E+00    1.49979E-01
 1.72398E+01    5.99226E-02    0.00000E+00    2.24214E-01
 1.74831E+01    8.00423E-02    0.00000E+00    2.99497E-01
 1.77297E+01    1.00446E-01    0.00000E+00    3.75841E-01
 1.79799E+01    1.21137E-01    0.00000E+00    4.53263E-01
 1.80000E+01    1.22804E-01    0.00000E+00    4.59499E-01
 1.82539E+01    1.69994E-01    0.00000E+00    6.36070E-01
 1.85115E+01    2.17849E-01    0.00000E+00    8.15133E-01
 1.87726E+01    2.66380E-01    0.00000E+00    9.96722E-01
 1.90000E+01    3.08629E-01    0.00000E+00    1.15481E+00
 1.92681E+01    4.01932E-01    0.00000E+00    1.50392E+00
 1.95399E+01    4.96551E-01    0.00000E+00    1.85796E+00
 1.98156E+01    5.92505E-01    0.00000E+00    2.21699E+00
 2.00000E+01    6.56701E-01    0.00000E+00    1.62665E+00
 2.02822E+01    8.23369E-01    0.00000E+00    2.03948E+00
 2.05683E+01    9.92389E-01    0.00000E+00    2.45814E+00
 2.08585E+01    1.16379E+00    0.00000E+00    2.88271E+00
 2.10000E+01    1.24738E+00    0.00000E+00    3.08976E+00
 2.12963E+01    1.53029E+00    0.00000E+00    3.79053E+00
 2.15967E+01    1.81720E+00    0.00000E+00    4.50119E+00
 2.19014E+01    2.10815E+00    0.00000E+00    5.22188E+00
 2.20000E+01    2.20229E+00    0.00000E+00    5.45507E+00
 2.23104E+01    2.66382E+00    0.00000E+00    6.59826E+00
 2.26251E+01    3.13185E+00    0.00000E+00    7.75759E+00
 2.29443E+01    3.60649E+00    0.00000E+00    8.93328E+00
 2.30000E+01    3.68926E+00    0.00000E+00    9.13829E+00
 2.33245E+01    4.39781E+00    0.00000E+00    1.08934E+01
 2.36536E+01    5.11636E+00    0.00000E+00    1.26732E+01
 2.39873E+01    5.84505E+00    0.00000E+00    1.44782E+01
 2.40000E+01    5.87286E+00    0.00000E+00    1.23402E+01
 2.43386E+01    6.76494E+00    0.00000E+00    1.42147E+01
 2.46820E+01    7.66960E+00    0.00000E+00    1.61156E+01
 2.50000E+01    8.50749E+00    0.00000E+00    1.78762E+01
 2.53527E+01    8.96430E+00    0.00000E+00    1.88361E+01
 2.57104E+01    9.42756E+00    0.00000E+00    1.98095E+01
 2.60000E+01    9.80266E+00    0.00000E+00    2.05977E+01
 2.63668E+01    1.01806E+01    0.00000E+00    2.13919E+01
 2.67388E+01    1.05640E+01    0.00000E+00    2.21973E+01
 2.70000E+01    1.08331E+01    0.00000E+00    2.27628E+01
 2.73809E+01    1.02144E+01    0.00000E+00    2.14627E+01
 2.77672E+01    9.58690E+00    0.00000E+00    2.01443E+01
 2.80000E+01    9.20879E+00    0.00000E+00    1.93498E+01
 2.83950E+01    8.79018E+00    0.00000E+00    1.84702E+01
 2.87956E+01    8.36566E+00    0.00000E+00    1.75782E+01
 2.90000E+01    8.14909E+00    0.00000E+00    1.71231E+01
 2.94091E+01    7.74602E+00    0.00000E+00    1.62762E+01
 2.98240E+01    7.33726E+00    0.00000E+00    1.54173E+01
 3.00000E+01    7.16391E+00    0.00000E+00    1.50530E+01
