# n + Ac233 : (n,2na)   
# tendl.2017 A.J. Koning and D. Rochman        EVAL-NOV17
# uncertainties: y
# # energies =    26
#   E(MeV)       xs(mb)       xslow(mb)      xsupp(mb)
 2.58356E+00    0.00000E+00    0.00000E+00    0.00000E+00
 1.05000E+01    4.96453E-16    4.96453E-16    4.96453E-16
 1.10000E+01    6.23462E-15    6.23462E-15    6.23462E-15
 1.15000E+01    7.43281E-14    7.43281E-14    7.43281E-14
 1.20000E+01    6.60632E-12    6.60632E-12    6.60632E-12
 1.25000E+01    3.12493E-11    3.12493E-11    3.12493E-11
 1.30000E+01    1.90591E-10    0.00000E+00    4.43627E-10
 1.35000E+01    7.91043E-10    0.00000E+00    1.84126E-09
 1.40000E+01    5.06329E-09    0.00000E+00    1.17855E-08
 1.45000E+01    1.66149E-08    0.00000E+00    3.86735E-08
 1.50000E+01    5.45543E-08    0.00000E+00    1.26983E-07
 1.60000E+01    5.04955E-07    7.38177E-08    9.36092E-07
 1.70000E+01    5.42528E-06    7.93104E-07    1.00575E-05
 1.80000E+01    3.89431E-05    5.69297E-06    7.21932E-05
 1.90000E+01    2.86808E-04    4.19275E-05    5.31688E-04
 2.00000E+01    1.51738E-03    4.03764E-04    2.63100E-03
 2.10000E+01    6.12832E-03    1.63070E-03    1.06259E-02
 2.20000E+01    2.62052E-02    6.97301E-03    4.54374E-02
 2.30000E+01    9.94610E-02    2.64658E-02    1.72456E-01
 2.40000E+01    3.04884E-01    1.05990E-01    5.03778E-01
 2.50000E+01    7.69143E-01    2.67384E-01    1.27090E+00
 2.60000E+01    1.58157E+00    5.49815E-01    2.61332E+00
 2.70000E+01    2.70802E+00    9.41413E-01    4.47463E+00
 2.80000E+01    3.43089E+00    1.19271E+00    5.66907E+00
 2.90000E+01    4.10050E+00    1.42549E+00    6.77551E+00
 3.00000E+01    4.68598E+00    1.62903E+00    7.74293E+00
