# n + Ac233 : (n,np)    
# tendl.2017 A.J. Koning and D. Rochman        EVAL-NOV17
# uncertainties: y
# # energies =    30
#   E(MeV)       xs(mb)       xslow(mb)      xsupp(mb)
 6.50593E+00    0.00000E+00    0.00000E+00    0.00000E+00
 8.50000E+00    4.30994E-15    4.30994E-15    4.30994E-15
 9.00000E+00    3.65771E-12    0.00000E+00    1.32323E-11
 9.50000E+00    3.25804E-10    0.00000E+00    1.17864E-09
 1.00000E+01    1.06814E-08    0.00000E+00    3.86416E-08
 1.05000E+01    1.77568E-07    0.00000E+00    6.42379E-07
 1.10000E+01    1.88162E-06    0.00000E+00    6.80704E-06
 1.15000E+01    1.38403E-05    0.00000E+00    5.00694E-05
 1.20000E+01    6.35807E-05    0.00000E+00    2.30013E-04
 1.25000E+01    2.91715E-04    0.00000E+00    1.05532E-03
 1.30000E+01    9.03377E-04    0.00000E+00    3.30285E-03
 1.35000E+01    2.82329E-03    0.00000E+00    1.03223E-02
 1.40000E+01    6.77204E-03    0.00000E+00    2.47594E-02
 1.45000E+01    1.65645E-02    0.00000E+00    6.05618E-02
 1.50000E+01    3.49562E-02    0.00000E+00    1.27804E-01
 1.60000E+01    1.30248E-01    0.00000E+00    4.71880E-01
 1.70000E+01    3.90955E-01    0.00000E+00    1.41640E+00
 1.80000E+01    9.34721E-01    0.00000E+00    3.38643E+00
 1.90000E+01    1.93316E+00    0.00000E+00    7.00371E+00
 2.00000E+01    3.43740E+00    0.00000E+00    1.08323E+01
 2.10000E+01    5.56921E+00    0.00000E+00    1.75503E+01
 2.20000E+01    8.15207E+00    0.00000E+00    2.56897E+01
 2.30000E+01    1.12547E+01    0.00000E+00    3.54670E+01
 2.40000E+01    1.45099E+01    0.00000E+00    3.42838E+01
 2.50000E+01    1.78282E+01    0.00000E+00    4.21242E+01
 2.60000E+01    2.12168E+01    0.00000E+00    5.01307E+01
 2.70000E+01    2.43372E+01    0.00000E+00    5.75035E+01
 2.80000E+01    2.72047E+01    0.00000E+00    6.42788E+01
 2.90000E+01    2.98737E+01    0.00000E+00    7.05851E+01
 3.00000E+01    3.21147E+01    0.00000E+00    7.58801E+01
