# n + Ac233 : (n,any)   
# tendl.2017 A.J. Koning and D. Rochman        EVAL-NOV17
# uncertainties: n
# # energies =    31
#   E(MeV)       xs(mb) 
 3.00000E+01    0.00000E+00
 3.00000E+01    2.19520E+03
 3.20000E+01    2.17636E+03
 3.40000E+01    2.12891E+03
 3.60000E+01    2.07755E+03
 3.80000E+01    2.02030E+03
 4.00000E+01    1.95825E+03
 4.20000E+01    1.89700E+03
 4.40000E+01    1.84270E+03
 4.60000E+01    1.79826E+03
 4.80000E+01    1.76438E+03
 5.00000E+01    1.74096E+03
 5.20000E+01    1.72669E+03
 5.40000E+01    1.72044E+03
 5.60000E+01    1.72089E+03
 5.80000E+01    1.72724E+03
 6.00000E+01    1.73898E+03
 6.50000E+01    1.79213E+03
 7.00000E+01    1.87330E+03
 7.50000E+01    1.96653E+03
 8.00000E+01    2.03466E+03
 9.00000E+01    2.06125E+03
 1.00000E+02    2.02689E+03
 1.10000E+02    1.98406E+03
 1.20000E+02    1.94534E+03
 1.30000E+02    1.91245E+03
 1.40000E+02    1.87895E+03
 1.50000E+02    1.84086E+03
 1.60000E+02    1.79079E+03
 1.80000E+02    1.75304E+03
 2.00000E+02    1.75060E+03
