# n + Ac222m: (n,d)     
# tendl.2017 A.J. Koning and D. Rochman        EVAL-NOV17
# uncertainties: y
# # energies =    53
#   E(MeV)       xs(mb)       xslow(mb)      xsupp(mb)
 1.11176E+00    0.00000E+00    0.00000E+00    0.00000E+00
 3.60000E+00    3.40610E-17    3.40610E-17    3.40610E-17
 3.80000E+00    3.04750E-16    3.04750E-16    3.04750E-16
 4.00000E+00    2.09496E-15    2.09496E-15    2.09496E-15
 4.20000E+00    1.15308E-14    1.15308E-14    1.15308E-14
 4.40000E+00    5.25363E-14    5.25363E-14    5.25363E-14
 4.60000E+00    1.00600E-12    0.00000E+00    5.44344E-12
 4.80000E+00    4.44038E-12    0.00000E+00    2.40268E-11
 5.00000E+00    1.79242E-11    0.00000E+00    9.69874E-11
 5.20000E+00    7.00060E-11    0.00000E+00    3.78801E-10
 5.40000E+00    2.69313E-10    0.00000E+00    1.45725E-09
 5.60000E+00    5.15490E-10    0.00000E+00    2.78930E-09
 5.80000E+00    4.17142E-09    0.00000E+00    2.25715E-08
 6.00000E+00    7.44852E-09    0.00000E+00    4.03038E-08
 6.20000E+00    3.50491E-08    0.00000E+00    1.89650E-07
 6.40000E+00    6.94941E-08    0.00000E+00    3.76031E-07
 6.60000E+00    9.62302E-08    3.54678E-08    1.56993E-07
 6.80000E+00    4.87012E-07    1.79499E-07    7.94525E-07
 7.00000E+00    7.63736E-07    2.81492E-07    1.24598E-06
 7.20000E+00    2.57780E-06    9.50105E-07    4.20549E-06
 7.40000E+00    4.37715E-06    1.61330E-06    7.14100E-06
 7.60000E+00    5.71993E-06    2.10821E-06    9.33165E-06
 7.80000E+00    2.02020E-05    7.44590E-06    3.29581E-05
 8.00000E+00    2.86306E-05    1.05524E-05    4.67088E-05
 8.50000E+00    1.30169E-04    4.79767E-05    2.12361E-04
 9.00000E+00    5.04391E-04    2.14134E-04    7.94648E-04
 9.50000E+00    1.70303E-03    7.23003E-04    2.68306E-03
 1.00000E+01    5.08805E-03    2.16008E-03    8.01602E-03
 1.05000E+01    1.36181E-02    5.78142E-03    2.14548E-02
 1.10000E+01    3.29100E-02    1.39716E-02    5.18484E-02
 1.15000E+01    7.23280E-02    3.07061E-02    1.13950E-01
 1.20000E+01    1.45371E-01    6.17157E-02    2.29026E-01
 1.25000E+01    2.68666E-01    1.14059E-01    4.23273E-01
 1.30000E+01    4.59805E-01    2.46593E-01    6.73017E-01
 1.35000E+01    7.33954E-01    3.93619E-01    1.07429E+00
 1.40000E+01    1.10088E+00    5.90402E-01    1.61136E+00
 1.45000E+01    1.56465E+00    8.39121E-01    2.29018E+00
 1.50000E+01    2.12128E+00    1.13764E+00    3.10492E+00
 1.60000E+01    3.46638E+00    1.99827E+00    4.93449E+00
 1.70000E+01    5.09529E+00    2.93729E+00    7.25329E+00
 1.80000E+01    6.72698E+00    3.87792E+00    9.57605E+00
 1.90000E+01    8.27208E+00    4.76862E+00    1.17755E+01
 2.00000E+01    9.65478E+00    5.41593E+00    1.38936E+01
 2.10000E+01    1.07930E+01    6.05442E+00    1.55316E+01
 2.20000E+01    1.16337E+01    6.52602E+00    1.67414E+01
 2.30000E+01    1.16662E+01    6.54425E+00    1.67882E+01
 2.40000E+01    1.21523E+01    6.85727E+00    1.74473E+01
 2.50000E+01    1.24753E+01    7.03953E+00    1.79111E+01
 2.60000E+01    1.26824E+01    7.15639E+00    1.82084E+01
 2.70000E+01    1.27895E+01    7.21683E+00    1.83622E+01
 2.80000E+01    1.27970E+01    7.22106E+00    1.83729E+01
 2.90000E+01    1.27582E+01    7.19917E+00    1.83172E+01
 3.00000E+01    1.26556E+01    7.14127E+00    1.81699E+01
