# n + Ac222m: (n,3n)    
# tendl.2017 A.J. Koning and D. Rochman        EVAL-NOV17
# uncertainties: y
# # energies =    50
#   E(MeV)       xs(mb)       xslow(mb)      xsupp(mb)
 1.30238E+01    0.00000E+00    0.00000E+00    0.00000E+00
 1.35000E+01    2.53414E+00    1.46626E-01    4.92165E+00
 1.40000E+01    1.94565E+01    1.12576E+00    3.77872E+01
 1.45000E+01    5.91430E+01    3.42204E+00    1.14864E+02
 1.50000E+01    1.30335E+02    7.54124E+00    2.53129E+02
 1.60000E+01    3.68128E+02    1.58286E+00    7.34673E+02
 1.70000E+01    6.77446E+02    2.91286E+00    1.35198E+03
 1.80000E+01    9.76288E+02    4.19780E+00    1.94838E+03
 1.90000E+01    1.21215E+03    5.21195E+00    2.41909E+03
 2.00000E+01    1.36876E+03    6.33144E+00    2.73119E+03
 2.10000E+01    1.45895E+03    6.74863E+00    2.91115E+03
 2.20000E+01    1.48060E+03    6.84878E+00    2.95435E+03
 2.30000E+01    1.43101E+03    6.61939E+00    2.85540E+03
 2.40000E+01    1.32344E+03    1.37746E+01    2.63311E+03
 2.50000E+01    1.17762E+03    1.22569E+01    2.34298E+03
 2.60000E+01    1.02246E+03    1.06419E+01    2.03428E+03
 2.70000E+01    8.74282E+02    9.09967E+00    1.73946E+03
 2.80000E+01    7.44108E+02    7.74480E+00    1.48047E+03
 2.90000E+01    6.30770E+02    6.56516E+00    1.25497E+03
 3.00000E+01    5.42730E+02    5.64882E+00    1.07981E+03
 3.00000E+01    4.97750E+02    5.18067E+00    9.90320E+02
 3.20000E+01    3.85127E+02    4.00847E+00    7.66246E+02
 3.40000E+01    3.12543E+02    3.25300E+00    6.21834E+02
 3.60000E+01    2.67553E+02    2.78474E+00    5.32322E+02
 3.80000E+01    2.37034E+02    2.46709E+00    4.71601E+02
 4.00000E+01    2.15078E+02    2.23857E+00    4.27918E+02
 4.20000E+01    1.99605E+02    2.07752E+00    3.97132E+02
 4.40000E+01    1.84139E+02    1.91655E+00    3.66362E+02
 4.60000E+01    1.73826E+02    1.80921E+00    3.45843E+02
 4.80000E+01    1.65342E+02    1.72090E+00    3.28962E+02
 5.00000E+01    1.57686E+02    1.64123E+00    3.13732E+02
 5.20000E+01    1.50525E+02    1.56668E+00    2.99482E+02
 5.40000E+01    1.44656E+02    1.50560E+00    2.87806E+02
 5.60000E+01    1.39766E+02    1.45471E+00    2.78077E+02
 5.80000E+01    1.34995E+02    1.40505E+00    2.68584E+02
 6.00000E+01    1.31233E+02    1.36589E+00    2.61099E+02
 6.50000E+01    1.22257E+02    1.27247E+00    2.43242E+02
 7.00000E+01    1.15519E+02    1.20234E+00    2.29836E+02
 7.50000E+01    1.10113E+02    1.14607E+00    2.19079E+02
 8.00000E+01    1.04472E+02    1.08736E+00    2.07856E+02
 9.00000E+01    9.54298E+01    9.93249E-01    1.89866E+02
 1.00000E+02    8.82710E+01    9.18739E-01    1.75623E+02
 1.10000E+02    8.21645E+01    8.55182E-01    1.63474E+02
 1.20000E+02    7.64109E+01    7.95297E-01    1.52026E+02
 1.30000E+02    7.22470E+01    7.51958E-01    1.43742E+02
 1.40000E+02    6.83231E+01    7.11118E-01    1.35935E+02
 1.50000E+02    6.39336E+01    6.65431E-01    1.27202E+02
 1.60000E+02    5.78463E+01    6.02073E-01    1.15090E+02
 1.80000E+02    4.82256E+01    5.01940E-01    9.59492E+01
 2.00000E+02    4.12307E+01    4.29136E-01    8.20322E+01
