# n + Ac222m: (n,np)    
# tendl.2017 A.J. Koning and D. Rochman        EVAL-NOV17
# uncertainties: y
# # energies =    46
#   E(MeV)       xs(mb)       xslow(mb)      xsupp(mb)
 3.34644E+00    0.00000E+00    0.00000E+00    0.00000E+00
 5.00000E+00    7.26616E-15    0.00000E+00    4.46426E-14
 5.20000E+00    2.21813E-13    0.00000E+00    1.36280E-12
 5.40000E+00    5.87159E-12    0.00000E+00    3.60745E-11
 5.60000E+00    6.48135E-11    0.00000E+00    3.98208E-10
 5.80000E+00    6.58145E-10    0.00000E+00    4.04358E-09
 6.00000E+00    3.41663E-09    0.00000E+00    2.09915E-08
 6.20000E+00    1.65594E-08    0.00000E+00    1.01739E-07
 6.40000E+00    6.73457E-08    0.00000E+00    4.13766E-07
 6.60000E+00    2.36216E-07    2.85499E-08    4.43882E-07
 6.80000E+00    7.75462E-07    9.37250E-08    1.45720E-06
 7.00000E+00    2.02952E-06    2.45295E-07    3.81375E-06
 7.20000E+00    5.40444E-06    6.53199E-07    1.01557E-05
 7.40000E+00    1.24574E-05    1.50564E-06    2.34092E-05
 7.60000E+00    2.72845E-05    3.29770E-06    5.12713E-05
 7.80000E+00    6.07866E-05    7.34688E-06    1.14226E-04
 8.00000E+00    1.13721E-04    1.37447E-05    2.13697E-04
 8.50000E+00    4.86556E-04    5.88069E-05    9.14305E-04
 9.00000E+00    1.54215E-03    3.90324E-04    2.69398E-03
 9.50000E+00    4.00867E-03    1.01461E-03    7.00273E-03
 1.00000E+01    9.54835E-03    2.41672E-03    1.66800E-02
 1.05000E+01    2.08221E-02    5.27015E-03    3.63741E-02
 1.10000E+01    4.19038E-02    1.06060E-02    7.32016E-02
 1.15000E+01    8.37316E-02    2.11928E-02    1.46270E-01
 1.20000E+01    1.52700E-01    3.86489E-02    2.66751E-01
 1.25000E+01    2.75659E-01    6.97703E-02    4.81548E-01
 1.30000E+01    4.58412E-01    1.19389E-01    7.97435E-01
 1.35000E+01    7.52355E-01    1.95943E-01    1.30877E+00
 1.40000E+01    1.15357E+00    3.00436E-01    2.00670E+00
 1.45000E+01    1.72889E+00    4.50272E-01    3.00751E+00
 1.50000E+01    2.48665E+00    6.47623E-01    4.32568E+00
 1.60000E+01    4.65421E+00    1.10365E+00    8.20478E+00
 1.70000E+01    7.90640E+00    1.87483E+00    1.39380E+01
 1.80000E+01    1.21498E+01    2.88106E+00    2.14185E+01
 1.90000E+01    1.70894E+01    4.05238E+00    3.01264E+01
 2.00000E+01    2.26416E+01    5.23034E+00    4.00529E+01
 2.10000E+01    2.84278E+01    6.56699E+00    5.02886E+01
 2.20000E+01    3.41664E+01    7.89264E+00    6.04402E+01
 2.30000E+01    3.93843E+01    9.09800E+00    6.96706E+01
 2.40000E+01    4.41782E+01    1.10244E+01    7.73320E+01
 2.50000E+01    4.82291E+01    1.20352E+01    8.44230E+01
 2.60000E+01    5.18263E+01    1.29329E+01    9.07197E+01
 2.70000E+01    5.50014E+01    1.37252E+01    9.62776E+01
 2.80000E+01    5.76311E+01    1.43814E+01    1.00881E+02
 2.90000E+01    5.99651E+01    1.49639E+01    1.04966E+02
 3.00000E+01    6.19005E+01    1.54468E+01    1.08354E+02
