# n + Ac222m: (n,nh)    
# tendl.2017 A.J. Koning and D. Rochman        EVAL-NOV17
# uncertainties: y
# # energies =    20
#   E(MeV)       xs(mb)       xslow(mb)      xsupp(mb)
 6.65761E+00    0.00000E+00    0.00000E+00    0.00000E+00
 1.35000E+01    6.42112E-16    6.42112E-16    6.42112E-16
 1.40000E+01    4.62916E-15    4.62916E-15    4.62916E-15
 1.45000E+01    7.53297E-14    7.53297E-14    7.53297E-14
 1.50000E+01    1.80467E-12    1.80467E-12    1.80467E-12
 1.60000E+01    5.13194E-11    0.00000E+00    1.02639E-10
 1.70000E+01    1.43798E-09    0.00000E+00    2.87596E-09
 1.80000E+01    2.02959E-08    0.00000E+00    4.05918E-08
 1.90000E+01    2.19108E-07    0.00000E+00    4.38216E-07
 2.00000E+01    1.44761E-06    0.00000E+00    2.89522E-06
 2.10000E+01    9.51894E-06    0.00000E+00    1.90379E-05
 2.20000E+01    4.41451E-05    0.00000E+00    8.82902E-05
 2.30000E+01    1.84923E-04    0.00000E+00    3.69846E-04
 2.40000E+01    6.74275E-04    0.00000E+00    1.34855E-03
 2.50000E+01    1.99163E-03    0.00000E+00    3.98326E-03
 2.60000E+01    5.85041E-03    0.00000E+00    1.17008E-02
 2.70000E+01    1.57985E-02    0.00000E+00    3.15970E-02
 2.80000E+01    3.62217E-02    0.00000E+00    7.24434E-02
 2.90000E+01    7.50609E-02    0.00000E+00    1.50122E-01
 3.00000E+01    1.48182E-01    0.00000E+00    2.96364E-01
