# n + Ac222m: (n,n')    
# tendl.2017 A.J. Koning and D. Rochman        EVAL-NOV17
# uncertainties: y
# # energies =   413
#   E(MeV)       xs(mb)       xslow(mb)      xsupp(mb)
 6.50852E-05    0.00000E+00   -0.00000E+00    0.00000E+00
 6.53020E-05    5.58985E-08    0.00000E+00    2.47741E-07
 6.53088E-05    7.62721E-08    0.00000E+00    3.38037E-07
 6.53121E-05    8.89966E-08    0.00000E+00    3.94431E-07
 6.53138E-05    9.61078E-08    0.00000E+00    4.25948E-07
 6.53155E-05    1.03768E-07    0.00000E+00    4.59898E-07
 6.53172E-05    1.12019E-07    0.00000E+00    4.96466E-07
 6.53189E-05    1.20904E-07    0.00000E+00    5.35844E-07
 6.53206E-05    1.30469E-07    0.00000E+00    5.78236E-07
 6.53223E-05    1.40766E-07    0.00000E+00    6.23872E-07
 6.53240E-05    1.51848E-07    0.00000E+00    6.72988E-07
 6.53257E-05    1.63773E-07    0.00000E+00    7.25839E-07
 6.53274E-05    1.76602E-07    0.00000E+00    7.82697E-07
 6.53291E-05    1.90401E-07    0.00000E+00    8.43854E-07
 6.53308E-05    2.05242E-07    0.00000E+00    9.09629E-07
 6.53325E-05    2.21199E-07    0.00000E+00    9.80350E-07
 6.53342E-05    2.38355E-07    0.00000E+00    1.05639E-06
 6.53359E-05    2.56793E-07    0.00000E+00    1.13810E-06
 6.53376E-05    2.76609E-07    0.00000E+00    1.22593E-06
 6.53392E-05    2.97898E-07    0.00000E+00    1.32028E-06
 6.53409E-05    3.20769E-07    0.00000E+00    1.42164E-06
 6.53426E-05    3.45332E-07    0.00000E+00    1.53051E-06
 6.53443E-05    3.71711E-07    0.00000E+00    1.64742E-06
 6.53460E-05    4.00032E-07    0.00000E+00    1.77293E-06
 6.53477E-05    4.30433E-07    0.00000E+00    1.90767E-06
 6.53494E-05    4.63059E-07    0.00000E+00    2.05227E-06
 6.53511E-05    4.98071E-07    0.00000E+00    2.20744E-06
 6.53528E-05    5.35631E-07    0.00000E+00    2.37391E-06
 6.53545E-05    5.75921E-07    0.00000E+00    2.55247E-06
 6.53562E-05    6.19127E-07    0.00000E+00    2.74396E-06
 6.53579E-05    6.65461E-07    0.00000E+00    2.94931E-06
 6.53596E-05    7.15129E-07    0.00000E+00    3.16944E-06
 6.53613E-05    7.68368E-07    0.00000E+00    3.40539E-06
 6.53630E-05    8.25419E-07    0.00000E+00    3.65824E-06
 6.53647E-05    8.86550E-07    0.00000E+00    3.92917E-06
 6.53663E-05    9.52034E-07    0.00000E+00    4.21940E-06
 6.53680E-05    1.02217E-06    0.00000E+00    4.53025E-06
 6.53697E-05    1.09728E-06    0.00000E+00    4.86311E-06
 6.53714E-05    1.17770E-06    0.00000E+00    5.21953E-06
 6.53731E-05    1.26378E-06    0.00000E+00    5.60104E-06
 6.53748E-05    1.35591E-06    0.00000E+00    6.00936E-06
 6.53765E-05    1.45449E-06    0.00000E+00    6.44627E-06
 6.53782E-05    1.55997E-06    0.00000E+00    6.91374E-06
 6.53799E-05    1.67278E-06    0.00000E+00    7.41375E-06
 6.53816E-05    1.79344E-06    0.00000E+00    7.94851E-06
 6.53833E-05    1.92245E-06    0.00000E+00    8.52028E-06
 6.53850E-05    2.06039E-06    0.00000E+00    9.13162E-06
 6.53867E-05    2.20782E-06    0.00000E+00    9.78502E-06
 6.53884E-05    2.36538E-06    0.00000E+00    1.04833E-05
 6.53901E-05    2.53372E-06    0.00000E+00    1.12294E-05
 6.53918E-05    2.71357E-06    0.00000E+00    1.20265E-05
 6.53934E-05    2.90565E-06    0.00000E+00    1.28778E-05
 6.53951E-05    3.11078E-06    0.00000E+00    1.37869E-05
 6.53968E-05    3.32978E-06    0.00000E+00    1.47575E-05
 6.53985E-05    3.56359E-06    0.00000E+00    1.57938E-05
 6.54002E-05    3.81312E-06    0.00000E+00    1.68997E-05
 6.54019E-05    4.07940E-06    0.00000E+00    1.80798E-05
 6.54036E-05    4.36348E-06    0.00000E+00    1.93389E-05
 6.54053E-05    4.66654E-06    0.00000E+00    2.06820E-05
 6.54070E-05    4.98973E-06    0.00000E+00    2.21144E-05
 6.54087E-05    5.33436E-06    0.00000E+00    2.36418E-05
 6.54104E-05    5.70176E-06    0.00000E+00    2.52701E-05
 6.54121E-05    6.09343E-06    0.00000E+00    2.70060E-05
 6.54138E-05    6.51081E-06    0.00000E+00    2.88558E-05
 6.54155E-05    6.95556E-06    0.00000E+00    3.08269E-05
 6.54172E-05    7.42934E-06    0.00000E+00    3.29267E-05
 6.54189E-05    7.93402E-06    0.00000E+00    3.51634E-05
 6.54206E-05    8.47144E-06    0.00000E+00    3.75453E-05
 6.54222E-05    9.04368E-06    0.00000E+00    4.00814E-05
 6.54239E-05    9.65282E-06    0.00000E+00    4.27811E-05
 6.54256E-05    1.03012E-05    0.00000E+00    4.56548E-05
 6.54273E-05    1.09912E-05    0.00000E+00    4.87128E-05
 6.54290E-05    1.17253E-05    0.00000E+00    5.19664E-05
 6.54307E-05    1.25062E-05    0.00000E+00    5.54273E-05
 6.54332E-05    1.37716E-05    0.00000E+00    6.10357E-05
 6.54358E-05    1.51590E-05    0.00000E+00    6.71844E-05
 6.54383E-05    1.66795E-05    0.00000E+00    7.39233E-05
 6.54409E-05    1.83452E-05    0.00000E+00    8.13057E-05
 6.54434E-05    2.01693E-05    0.00000E+00    8.93900E-05
 6.54460E-05    2.21659E-05    0.00000E+00    9.82389E-05
 6.54485E-05    2.43505E-05    0.00000E+00    1.07921E-04
 6.54510E-05    2.67396E-05    0.00000E+00    1.18510E-04
 6.54536E-05    2.93518E-05    0.00000E+00    1.30087E-04
 6.54561E-05    3.22062E-05    0.00000E+00    1.42737E-04
 6.54587E-05    3.53242E-05    0.00000E+00    1.56556E-04
 6.54612E-05    3.87286E-05    0.00000E+00    1.71645E-04
 6.54637E-05    4.24445E-05    0.00000E+00    1.88113E-04
 6.54663E-05    4.64985E-05    0.00000E+00    2.06081E-04
 6.54688E-05    5.09198E-05    0.00000E+00    2.25676E-04
 6.54714E-05    5.57391E-05    0.00000E+00    2.47035E-04
 6.54739E-05    6.09909E-05    0.00000E+00    2.70310E-04
 6.54764E-05    6.67108E-05    0.00000E+00    2.95661E-04
 6.54790E-05    7.29386E-05    0.00000E+00    3.23263E-04
 6.54815E-05    7.97163E-05    0.00000E+00    3.53301E-04
 6.54841E-05    8.70898E-05    0.00000E+00    3.85980E-04
 6.54866E-05    9.51076E-05    0.00000E+00    4.21515E-04
 6.54891E-05    1.03823E-04    0.00000E+00    4.60142E-04
 6.54917E-05    1.13292E-04    0.00000E+00    5.02108E-04
 6.54942E-05    1.23577E-04    0.00000E+00    5.47692E-04
 6.54968E-05    1.34743E-04    0.00000E+00    5.97177E-04
 6.54993E-05    1.46860E-04    0.00000E+00    6.50880E-04
 6.55018E-05    1.60003E-04    0.00000E+00    7.09133E-04
 6.55044E-05    1.74256E-04    0.00000E+00    7.72299E-04
 6.55069E-05    1.89703E-04    0.00000E+00    8.40762E-04
 6.55095E-05    2.06440E-04    0.00000E+00    9.14939E-04
 6.55120E-05    2.24565E-04    0.00000E+00    9.95267E-04
 6.55145E-05    2.44187E-04    0.00000E+00    1.08223E-03
 6.55171E-05    2.65419E-04    0.00000E+00    1.17633E-03
 6.55196E-05    2.88387E-04    0.00000E+00    1.27812E-03
 6.55222E-05    3.13219E-04    0.00000E+00    1.38818E-03
 6.55247E-05    3.40059E-04    0.00000E+00    1.50713E-03
 6.55272E-05    3.69054E-04    0.00000E+00    1.63564E-03
 6.55298E-05    4.00368E-04    0.00000E+00    1.77442E-03
 6.55323E-05    4.34168E-04    0.00000E+00    1.92422E-03
 6.55349E-05    4.70643E-04    0.00000E+00    2.08588E-03
 6.55374E-05    5.09982E-04    0.00000E+00    2.26023E-03
 6.55399E-05    5.52398E-04    0.00000E+00    2.44822E-03
 6.55425E-05    5.98109E-04    0.00000E+00    2.65081E-03
 6.55450E-05    6.47354E-04    0.00000E+00    2.86906E-03
 6.55476E-05    7.00384E-04    0.00000E+00    3.10409E-03
 6.55501E-05    7.57469E-04    0.00000E+00    3.35709E-03
 6.55527E-05    8.18888E-04    0.00000E+00    3.62930E-03
 6.55552E-05    8.84952E-04    0.00000E+00    3.92209E-03
 6.55577E-05    9.55975E-04    0.00000E+00    4.23686E-03
 6.55603E-05    1.03230E-03    0.00000E+00    4.57515E-03
 6.55628E-05    1.11430E-03    0.00000E+00    4.93856E-03
 6.55654E-05    1.20235E-03    0.00000E+00    5.32880E-03
 6.55679E-05    1.29686E-03    0.00000E+00    5.74767E-03
 6.55704E-05    1.39827E-03    0.00000E+00    6.19712E-03
 6.55730E-05    1.50703E-03    0.00000E+00    6.67913E-03
 6.55755E-05    1.62364E-03    0.00000E+00    7.19595E-03
 6.55781E-05    1.74860E-03    0.00000E+00    7.74978E-03
 6.55806E-05    1.88247E-03    0.00000E+00    8.34308E-03
 6.55831E-05    2.02582E-03    0.00000E+00    8.97838E-03
 6.55857E-05    2.17925E-03    0.00000E+00    9.65840E-03
 6.55882E-05    2.34342E-03    0.00000E+00    1.03860E-02
 6.55908E-05    2.51901E-03    0.00000E+00    1.11642E-02
 6.55933E-05    2.70672E-03    0.00000E+00    1.19961E-02
 6.55958E-05    2.90733E-03    0.00000E+00    1.28852E-02
 6.55984E-05    3.12163E-03    0.00000E+00    1.38350E-02
 6.56009E-05    3.35047E-03    0.00000E+00    1.48492E-02
 6.56035E-05    3.59473E-03    0.00000E+00    1.59318E-02
 6.56060E-05    3.85535E-03    0.00000E+00    1.70869E-02
 6.56085E-05    4.13332E-03    0.00000E+00    1.83188E-02
 6.56119E-05    4.53272E-03    0.00000E+00    2.00889E-02
 6.56153E-05    4.96741E-03    0.00000E+00    2.20155E-02
 6.56187E-05    5.44019E-03    0.00000E+00    2.41108E-02
 6.56221E-05    5.95402E-03    0.00000E+00    2.63881E-02
 6.56255E-05    6.51206E-03    0.00000E+00    2.88613E-02
 6.56289E-05    7.11772E-03    0.00000E+00    3.15456E-02
 6.56323E-05    7.77460E-03    0.00000E+00    3.44569E-02
 6.56356E-05    8.48651E-03    0.00000E+00    3.76121E-02
 6.56390E-05    9.25753E-03    0.00000E+00    4.10292E-02
 6.56424E-05    1.00920E-02    0.00000E+00    4.47276E-02
 6.56458E-05    1.09945E-02    0.00000E+00    4.87274E-02
 6.56492E-05    1.19699E-02    0.00000E+00    5.30503E-02
 6.56526E-05    1.30233E-02    0.00000E+00    5.77191E-02
 6.56560E-05    1.41603E-02    0.00000E+00    6.27580E-02
 6.56594E-05    1.53865E-02    0.00000E+00    6.81927E-02
 6.56627E-05    1.67081E-02    0.00000E+00    7.40500E-02
 6.56661E-05    1.81315E-02    0.00000E+00    8.03585E-02
 6.56695E-05    1.96635E-02    0.00000E+00    8.71483E-02
 6.56729E-05    2.13113E-02    0.00000E+00    9.44511E-02
 6.56763E-05    2.30823E-02    0.00000E+00    1.02300E-01
 6.56797E-05    2.49845E-02    0.00000E+00    1.10731E-01
 6.56831E-05    2.70262E-02    0.00000E+00    1.19779E-01
 6.56865E-05    2.92161E-02    0.00000E+00    1.29485E-01
 6.56898E-05    3.15635E-02    0.00000E+00    1.39889E-01
 6.56932E-05    3.40778E-02    0.00000E+00    1.51032E-01
 6.56966E-05    3.67692E-02    0.00000E+00    1.62960E-01
 6.57000E-05    3.96481E-02    0.00000E+00    1.75720E-01
 6.57034E-05    4.27255E-02    0.00000E+00    1.89359E-01
 6.57068E-05    4.60129E-02    0.00000E+00    2.03928E-01
 6.57102E-05    4.95222E-02    0.00000E+00    2.19482E-01
 6.57136E-05    5.32660E-02    0.00000E+00    2.36074E-01
 6.57169E-05    5.72572E-02    0.00000E+00    2.53763E-01
 6.57203E-05    6.15091E-02    0.00000E+00    2.72607E-01
 6.57237E-05    6.60360E-02    0.00000E+00    2.92670E-01
 6.57271E-05    7.08522E-02    0.00000E+00    3.14016E-01
 6.57305E-05    7.59730E-02    0.00000E+00    3.36711E-01
 6.57339E-05    8.14138E-02    0.00000E+00    3.60824E-01
 6.57373E-05    8.71909E-02    0.00000E+00    3.86429E-01
 6.57407E-05    9.33212E-02    0.00000E+00    4.13598E-01
 6.57457E-05    1.03216E-01    0.00000E+00    4.57453E-01
 6.57508E-05    1.14005E-01    0.00000E+00    5.05269E-01
 6.57559E-05    1.25751E-01    0.00000E+00    5.57328E-01
 6.57610E-05    1.38521E-01    0.00000E+00    6.13922E-01
 6.57660E-05    1.52382E-01    0.00000E+00    6.75356E-01
 6.57711E-05    1.67408E-01    0.00000E+00    7.41947E-01
 6.57762E-05    1.83670E-01    0.00000E+00    8.14021E-01
 6.57813E-05    2.01246E-01    0.00000E+00    8.91920E-01
 6.57864E-05    2.20215E-01    0.00000E+00    9.75989E-01
 6.57915E-05    2.40658E-01    0.00000E+00    1.06659E+00
 6.57965E-05    2.62657E-01    0.00000E+00    1.16409E+00
 6.58016E-05    2.86298E-01    0.00000E+00    1.26887E+00
 6.58067E-05    3.11666E-01    0.00000E+00    1.38130E+00
 6.58118E-05    3.38850E-01    0.00000E+00    1.50178E+00
 6.58169E-05    3.67939E-01    0.00000E+00    1.63070E+00
 6.58219E-05    3.99024E-01    0.00000E+00    1.76847E+00
 6.58270E-05    4.32195E-01    0.00000E+00    1.91548E+00
 6.58321E-05    4.67542E-01    0.00000E+00    2.07214E+00
 6.58372E-05    5.05158E-01    0.00000E+00    2.23885E+00
 6.58423E-05    5.45135E-01    0.00000E+00    2.41603E+00
 6.58490E-05    6.02264E-01    0.00000E+00    2.66922E+00
 6.58558E-05    6.63962E-01    0.00000E+00    2.94267E+00
 6.58609E-05    7.13358E-01    0.00000E+00    3.16159E+00
 6.58677E-05    7.83548E-01    0.00000E+00    3.47267E+00
 6.58745E-05    8.58864E-01    0.00000E+00    3.80647E+00
 6.58812E-05    9.39495E-01    0.00000E+00    4.16382E+00
 6.58880E-05    1.02562E+00    0.00000E+00    4.54553E+00
 6.58948E-05    1.11741E+00    0.00000E+00    4.95232E+00
 6.59015E-05    1.21501E+00    0.00000E+00    5.38491E+00
 6.59083E-05    1.31858E+00    0.00000E+00    5.84391E+00
 6.59151E-05    1.42823E+00    0.00000E+00    6.32987E+00
 6.59219E-05    1.54407E+00    0.00000E+00    6.84330E+00
 6.59320E-05    1.72966E+00    0.00000E+00    7.66582E+00
 6.59422E-05    1.92963E+00    0.00000E+00    8.55209E+00
 6.59524E-05    2.14413E+00    0.00000E+00    9.47298E+00
 6.59611E-05    2.34015E+00    0.00000E+00    1.03390E+01
 6.59698E-05    2.54691E+00    0.00000E+00    1.12525E+01
 6.59829E-05    2.87699E+00    0.00000E+00    1.27108E+01
 6.59960E-05    3.23053E+00    0.00000E+00    1.42728E+01
 6.60091E-05    3.60678E+00    0.00000E+00    1.59351E+01
 6.60222E-05    4.00477E+00    0.00000E+00    1.76935E+01
 6.60353E-05    4.42334E+00    0.00000E+00    1.95427E+01
 6.60528E-05    5.01113E+00    0.00000E+00    2.21397E+01
 6.60703E-05    5.62970E+00    0.00000E+00    2.48726E+01
 6.60921E-05    6.44064E+00    0.00000E+00    2.84554E+01
 6.61183E-05    7.45967E+00    0.00000E+00    3.29576E+01
 6.61533E-05    8.87722E+00    0.00000E+00    3.92204E+01
 6.62057E-05    1.10835E+01    0.00000E+00    4.89681E+01
 6.63341E-05    1.66386E+01    0.00000E+00    7.35111E+01
 9.97143E-05    1.47038E+03    0.00000E+00    6.49628E+03
 1.00000E-04    1.48000E+03    0.00000E+00    6.53881E+03
 1.01411E-04    1.47680E+03    0.00000E+00    6.52464E+03
 2.00071E-04    1.05102E+03    0.00000E+00    4.64349E+03
 3.00000E-04    8.60691E+02    0.00000E+00    3.80262E+03
 6.00000E-04    6.14513E+02    0.00000E+00    2.71498E+03
 1.00000E-03    4.82710E+02    0.00000E+00    2.13266E+03
 2.00000E-03    3.54089E+02    0.00000E+00    1.55799E+03
 3.00000E-03    3.00012E+02    0.00000E+00    1.32005E+03
 6.00000E-03    2.36144E+02    0.00000E+00    8.27191E+02
 1.00000E-02    2.08486E+02    0.00000E+00    7.30307E+02
 1.73334E-02    1.96211E+02    0.00000E+00    6.87308E+02
 2.01411E-02    2.01464E+02    0.00000E+00    7.05711E+02
 3.04647E-02    2.10859E+02    8.94590E+01    3.32259E+02
 4.24094E-02    2.25317E+02    9.55930E+01    3.55041E+02
 5.51062E-02    2.38119E+02    1.01024E+02    3.75213E+02
 6.08465E-02    2.47457E+02    1.04986E+02    3.89928E+02
 6.71805E-02    2.56584E+02    1.08858E+02    4.04310E+02
 8.53007E-02    2.84427E+02    1.20671E+02    4.48183E+02
 9.88595E-02    3.06732E+02    1.30134E+02    4.83330E+02
 1.00705E-01    3.09456E+02    1.31290E+02    4.87623E+02
 1.45266E-01    3.60900E+02    1.53115E+02    5.68684E+02
 1.58151E-01    3.80056E+02    1.61242E+02    5.98870E+02
 1.64411E-01    3.90081E+02    1.65495E+02    6.14666E+02
 1.90641E-01    4.39570E+02    1.86492E+02    6.92648E+02
 2.00000E-01    4.57917E+02    6.98383E+01    8.45995E+02
 2.14408E-01    4.68827E+02    7.15023E+01    8.66151E+02
 2.25565E-01    4.80070E+02    7.32171E+01    8.86924E+02
 2.29168E-01    4.84532E+02    7.38974E+01    8.95166E+02
 3.00000E-01    6.16455E+02    9.40175E+01    1.13889E+03
 4.02822E-01    7.62367E+02    1.16271E+02    1.40846E+03
 5.03527E-01    8.85534E+02    1.35056E+02    1.63601E+03
 6.12757E-01    1.00178E+03    5.92174E+02    1.41139E+03
 8.17009E-01    1.20603E+03    7.12908E+02    1.69915E+03
 9.06349E-01    1.30206E+03    7.69676E+02    1.83445E+03
 1.00000E+00    1.41398E+03    8.52739E+02    1.97522E+03
 1.20000E+00    1.69747E+03    1.02371E+03    2.37124E+03
 1.40988E+00    2.03936E+03    1.22989E+03    2.84882E+03
 1.60000E+00    2.32824E+03    1.40411E+03    3.25236E+03
 1.80000E+00    2.54800E+03    1.61202E+03    3.48397E+03
 2.00000E+00    2.66992E+03    1.68916E+03    3.65069E+03
 2.20000E+00    2.71412E+03    1.71712E+03    3.71112E+03
 2.41693E+00    2.70676E+03    1.71247E+03    3.70106E+03
 2.71160E+00    2.65966E+03    1.90993E+03    3.40939E+03
 3.06379E+00    2.60205E+03    1.86856E+03    3.33555E+03
 3.33736E+00    2.57221E+03    1.84713E+03    3.29729E+03
 4.08505E+00    2.51565E+03    1.80651E+03    3.22478E+03
 5.07054E+00    2.40801E+03    1.59534E+03    3.22067E+03
 5.43809E+00    2.38121E+03    1.57759E+03    3.18483E+03
 5.80000E+00    2.36496E+03    1.56682E+03    3.16309E+03
 6.00000E+00    2.33832E+03    1.54918E+03    3.12747E+03
 6.20000E+00    2.28189E+03    1.51179E+03    3.05199E+03
 6.49029E+00    2.17643E+03    1.44192E+03    2.91094E+03
 6.80000E+00    2.05112E+03    3.09273E+02    3.79296E+03
 7.20000E+00    1.87826E+03    2.83209E+02    3.47331E+03
 8.11287E+00    1.45347E+03    2.19158E+02    2.68779E+03
 8.50000E+00    1.27760E+03    1.92640E+02    2.36256E+03
 9.00000E+00    1.06682E+03    2.87905E+02    1.84574E+03
 9.50000E+00    8.78090E+02    2.36972E+02    1.51921E+03
 1.00000E+01    7.17513E+02    1.93637E+02    1.24139E+03
 1.01411E+01    6.81109E+02    1.83812E+02    1.17841E+03
 1.02842E+01    6.44192E+02    1.73849E+02    1.11454E+03
 1.04292E+01    6.06755E+02    1.63746E+02    1.04976E+03
 1.05000E+01    5.88499E+02    1.58819E+02    1.01818E+03
 1.06481E+01    5.59212E+02    1.50916E+02    9.67508E+02
 1.07984E+01    5.29512E+02    1.42900E+02    9.16124E+02
 1.09507E+01    4.99393E+02    1.34772E+02    8.64015E+02
 1.10000E+01    4.89648E+02    1.32142E+02    8.47154E+02
 1.11552E+01    4.66744E+02    1.25961E+02    8.07527E+02
 1.13126E+01    4.43517E+02    1.19693E+02    7.67341E+02
 1.14722E+01    4.19962E+02    1.13336E+02    7.26588E+02
 1.15000E+01    4.15855E+02    1.12227E+02    7.19482E+02
 1.16622E+01    3.98395E+02    1.07516E+02    6.89274E+02
 1.18268E+01    3.80688E+02    1.02737E+02    6.58640E+02
 1.19936E+01    3.62732E+02    9.78913E+01    6.27573E+02
 1.20000E+01    3.62047E+02    9.77063E+01    6.26388E+02
 1.21693E+01    3.48960E+02    9.41746E+01    6.03746E+02
 1.23410E+01    3.35689E+02    9.05931E+01    5.80785E+02
 1.25000E+01    3.23398E+02    8.72759E+01    5.59519E+02
 1.26764E+01    3.13368E+02    8.45693E+01    5.42167E+02
 1.28552E+01    3.03198E+02    8.18245E+01    5.24571E+02
 1.30000E+01    2.94962E+02    9.34318E+01    4.96493E+02
 1.31834E+01    2.87355E+02    9.10222E+01    4.83688E+02
 1.33694E+01    2.79641E+02    8.85787E+01    4.70703E+02
 1.35000E+01    2.74224E+02    8.68629E+01    4.61586E+02
 1.36905E+01    2.68018E+02    8.48970E+01    4.51139E+02
 1.38836E+01    2.61724E+02    8.29034E+01    4.40546E+02
 1.40000E+01    2.57932E+02    8.17021E+01    4.34162E+02
 1.41975E+01    2.52974E+02    8.01316E+01    4.25816E+02
 1.43978E+01    2.47946E+02    7.85389E+01    4.17353E+02
 1.45000E+01    2.45381E+02    7.77264E+01    4.13035E+02
 1.47046E+01    2.40968E+02    7.63286E+01    4.05607E+02
 1.49120E+01    2.36493E+02    7.49111E+01    3.98075E+02
 1.50000E+01    2.34595E+02    7.43100E+01    3.94880E+02
 1.52116E+01    2.31027E+02    7.31799E+01    3.88875E+02
 1.54262E+01    2.27409E+02    7.20339E+01    3.82785E+02
 1.56439E+01    2.23740E+02    7.08717E+01    3.76609E+02
 1.58646E+01    2.20020E+02    6.96930E+01    3.70346E+02
 1.60000E+01    2.17736E+02    6.84691E+01    3.67004E+02
 1.62257E+01    2.15810E+02    6.78632E+01    3.63756E+02
 1.64546E+01    2.13856E+02    6.72488E+01    3.60463E+02
 1.66868E+01    2.11874E+02    6.66257E+01    3.57123E+02
 1.69222E+01    2.09865E+02    6.59938E+01    3.53736E+02
 1.70000E+01    2.09201E+02    6.57850E+01    3.52617E+02
 1.72398E+01    2.06585E+02    6.49623E+01    3.48207E+02
 1.74831E+01    2.03932E+02    6.41280E+01    3.43735E+02
 1.77297E+01    2.01241E+02    6.32820E+01    3.39200E+02
 1.79799E+01    1.98512E+02    6.24240E+01    3.34601E+02
 1.80000E+01    1.98293E+02    6.23549E+01    3.34231E+02
 1.82539E+01    1.96036E+02    6.16453E+01    3.30427E+02
 1.85115E+01    1.93748E+02    6.09257E+01    3.26570E+02
 1.87726E+01    1.91427E+02    6.01960E+01    3.22659E+02
 1.90000E+01    1.89407E+02    5.95607E+01    3.19253E+02
 1.92681E+01    1.87275E+02    5.88901E+01    3.15659E+02
 1.95399E+01    1.85112E+02    5.82101E+01    3.12014E+02
 1.98156E+01    1.82919E+02    5.75205E+01    3.08318E+02
 2.00000E+01    1.81452E+02    5.59249E+01    3.06979E+02
 2.02822E+01    1.79267E+02    5.52514E+01    3.03283E+02
 2.05683E+01    1.77051E+02    5.45685E+01    2.99534E+02
 2.08585E+01    1.74804E+02    5.38759E+01    2.95732E+02
 2.10000E+01    1.73708E+02    5.35382E+01    2.93878E+02
 2.12963E+01    1.71461E+02    5.28456E+01    2.90077E+02
 2.15967E+01    1.69182E+02    5.21432E+01    2.86221E+02
 2.19014E+01    1.66871E+02    5.14309E+01    2.82311E+02
 2.20000E+01    1.66123E+02    5.12005E+01    2.81046E+02
 2.23104E+01    1.63686E+02    5.04492E+01    2.76923E+02
 2.26251E+01    1.61214E+02    4.96873E+01    2.72741E+02
 2.29443E+01    1.58707E+02    4.89147E+01    2.68500E+02
 2.30000E+01    1.58270E+02    4.87800E+01    2.67760E+02
 2.33245E+01    1.55842E+02    4.80318E+01    2.63653E+02
 2.36536E+01    1.53380E+02    4.72730E+01    2.59488E+02
 2.39873E+01    1.50884E+02    4.65035E+01    2.55264E+02
 2.40000E+01    1.50788E+02    4.61430E+01    2.55434E+02
 2.43386E+01    1.48362E+02    4.54005E+01    2.51324E+02
 2.46820E+01    1.45901E+02    4.46475E+01    2.47155E+02
 2.50000E+01    1.43622E+02    4.39500E+01    2.43294E+02
 2.53527E+01    1.41268E+02    4.32296E+01    2.39306E+02
 2.57104E+01    1.38881E+02    4.24990E+01    2.35262E+02
 2.60000E+01    1.36947E+02    4.19075E+01    2.31987E+02
 2.63668E+01    1.34705E+02    4.12214E+01    2.28189E+02
 2.67388E+01    1.32432E+02    4.05256E+01    2.24338E+02
 2.70000E+01    1.30835E+02    4.00370E+01    2.21633E+02
 2.73809E+01    1.28580E+02    3.93469E+01    2.17813E+02
 2.77672E+01    1.26293E+02    3.86470E+01    2.13938E+02
 2.80000E+01    1.24914E+02    3.82252E+01    2.11603E+02
 2.83950E+01    1.22684E+02    3.75427E+01    2.07825E+02
 2.87956E+01    1.20422E+02    3.68505E+01    2.03993E+02
 2.90000E+01    1.19268E+02    3.64973E+01    2.02038E+02
 2.94091E+01    1.17069E+02    3.58245E+01    1.98314E+02
 2.98240E+01    1.14840E+02    3.51422E+01    1.94537E+02
 3.00000E+01    1.13894E+02    3.48529E+01    1.92935E+02
 3.00000E+01    9.94135E+01    3.04217E+01    1.68405E+02
 3.20000E+01    9.09373E+01    2.78279E+01    1.54047E+02
 3.40000E+01    8.19200E+01    2.50685E+01    1.38772E+02
 3.60000E+01    7.39217E+01    2.26209E+01    1.25223E+02
 3.80000E+01    6.69176E+01    2.04776E+01    1.13358E+02
 4.00000E+01    6.06627E+01    1.85635E+01    1.02762E+02
 4.20000E+01    5.53515E+01    1.69382E+01    9.37648E+01
 4.40000E+01    5.05261E+01    1.54616E+01    8.55907E+01
 4.60000E+01    4.63296E+01    1.41774E+01    7.84818E+01
 4.80000E+01    4.27138E+01    1.30709E+01    7.23566E+01
 5.00000E+01    3.96366E+01    1.21293E+01    6.71440E+01
 5.20000E+01    3.68972E+01    1.12910E+01    6.25035E+01
 5.40000E+01    3.45147E+01    1.05619E+01    5.84675E+01
 5.60000E+01    3.24280E+01    9.92334E+00    5.49327E+01
 5.80000E+01    3.05527E+01    9.34948E+00    5.17559E+01
 6.00000E+01    2.88966E+01    8.84269E+00    4.89505E+01
 6.50000E+01    2.54153E+01    7.77736E+00    4.30532E+01
 7.00000E+01    2.26144E+01    6.92028E+00    3.83086E+01
 7.50000E+01    2.03446E+01    6.22568E+00    3.44635E+01
 8.00000E+01    1.84470E+01    5.64500E+00    3.12490E+01
 9.00000E+01    1.53865E+01    4.70844E+00    2.60645E+01
 1.00000E+02    1.31357E+01    4.01966E+00    2.22517E+01
 1.10000E+02    1.12866E+01    3.45384E+00    1.91195E+01
 1.20000E+02    9.83468E+00    3.00952E+00    1.66598E+01
 1.30000E+02    8.69578E+00    2.66101E+00    1.47306E+01
 1.40000E+02    7.79916E+00    2.38663E+00    1.32117E+01
 1.50000E+02    6.95868E+00    2.12944E+00    1.17879E+01
 1.60000E+02    6.04206E+00    1.84894E+00    1.02352E+01
 1.80000E+02    4.67320E+00    1.43005E+00    7.91634E+00
 2.00000E+02    3.74756E+00    1.14680E+00    6.34833E+00
