# n + Ac222m: (n,n'01)  
# tendl.2017 A.J. Koning and D. Rochman        EVAL-NOV17
# uncertainties: y
# # energies =   384
#   E(MeV)       xs(mb)       xslow(mb)      xsupp(mb)
 6.50852E-05    0.00000E+00   -0.00000E+00    0.00000E+00
 6.53020E-05    3.36827E-08    0.00000E+00    1.45878E-07
 6.53155E-05    6.25274E-08    0.00000E+00    2.70803E-07
 6.53223E-05    8.48214E-08    0.00000E+00    3.67357E-07
 6.53257E-05    9.86846E-08    0.00000E+00    4.27398E-07
 6.53274E-05    1.06415E-07    0.00000E+00    4.60878E-07
 6.53291E-05    1.14730E-07    0.00000E+00    4.96889E-07
 6.53308E-05    1.23673E-07    0.00000E+00    5.35621E-07
 6.53325E-05    1.33288E-07    0.00000E+00    5.77263E-07
 6.53342E-05    1.43625E-07    0.00000E+00    6.22032E-07
 6.53359E-05    1.54736E-07    0.00000E+00    6.70153E-07
 6.53376E-05    1.66676E-07    0.00000E+00    7.21865E-07
 6.53392E-05    1.79505E-07    0.00000E+00    7.77426E-07
 6.53409E-05    1.93286E-07    0.00000E+00    8.37111E-07
 6.53426E-05    2.08087E-07    0.00000E+00    9.01214E-07
 6.53443E-05    2.23982E-07    0.00000E+00    9.70054E-07
 6.53460E-05    2.41047E-07    0.00000E+00    1.04396E-06
 6.53477E-05    2.59366E-07    0.00000E+00    1.12330E-06
 6.53494E-05    2.79026E-07    0.00000E+00    1.20845E-06
 6.53511E-05    3.00123E-07    0.00000E+00    1.29982E-06
 6.53528E-05    3.22755E-07    0.00000E+00    1.39783E-06
 6.53545E-05    3.47033E-07    0.00000E+00    1.50298E-06
 6.53562E-05    3.73068E-07    0.00000E+00    1.61574E-06
 6.53579E-05    4.00987E-07    0.00000E+00    1.73665E-06
 6.53596E-05    4.30915E-07    0.00000E+00    1.86627E-06
 6.53613E-05    4.62996E-07    0.00000E+00    2.00521E-06
 6.53630E-05    4.97373E-07    0.00000E+00    2.15410E-06
 6.53647E-05    5.34209E-07    0.00000E+00    2.31363E-06
 6.53663E-05    5.73667E-07    0.00000E+00    2.48452E-06
 6.53680E-05    6.15931E-07    0.00000E+00    2.66756E-06
 6.53697E-05    6.61186E-07    0.00000E+00    2.86356E-06
 6.53714E-05    7.09644E-07    0.00000E+00    3.07343E-06
 6.53731E-05    7.61514E-07    0.00000E+00    3.29808E-06
 6.53748E-05    8.17030E-07    0.00000E+00    3.53851E-06
 6.53765E-05    8.76432E-07    0.00000E+00    3.79578E-06
 6.53782E-05    9.39989E-07    0.00000E+00    4.07104E-06
 6.53799E-05    1.00797E-06    0.00000E+00    4.36546E-06
 6.53816E-05    1.08068E-06    0.00000E+00    4.68035E-06
 6.53833E-05    1.15841E-06    0.00000E+00    5.01702E-06
 6.53850E-05    1.24153E-06    0.00000E+00    5.37700E-06
 6.53867E-05    1.33037E-06    0.00000E+00    5.76174E-06
 6.53884E-05    1.42531E-06    0.00000E+00    6.17293E-06
 6.53901E-05    1.52674E-06    0.00000E+00    6.61225E-06
 6.53918E-05    1.63512E-06    0.00000E+00    7.08159E-06
 6.53934E-05    1.75086E-06    0.00000E+00    7.58288E-06
 6.53951E-05    1.87446E-06    0.00000E+00    8.11820E-06
 6.53968E-05    2.00643E-06    0.00000E+00    8.68973E-06
 6.53985E-05    2.14731E-06    0.00000E+00    9.29990E-06
 6.54002E-05    2.29767E-06    0.00000E+00    9.95109E-06
 6.54019E-05    2.45812E-06    0.00000E+00    1.06460E-05
 6.54036E-05    2.62930E-06    0.00000E+00    1.13874E-05
 6.54053E-05    2.81191E-06    0.00000E+00    1.21782E-05
 6.54070E-05    3.00666E-06    0.00000E+00    1.30217E-05
 6.54087E-05    3.21433E-06    0.00000E+00    1.39211E-05
 6.54104E-05    3.43571E-06    0.00000E+00    1.48799E-05
 6.54121E-05    3.67172E-06    0.00000E+00    1.59020E-05
 6.54138E-05    3.92322E-06    0.00000E+00    1.69912E-05
 6.54155E-05    4.19121E-06    0.00000E+00    1.81519E-05
 6.54172E-05    4.47670E-06    0.00000E+00    1.93883E-05
 6.54189E-05    4.78080E-06    0.00000E+00    2.07054E-05
 6.54206E-05    5.10464E-06    0.00000E+00    2.21079E-05
 6.54222E-05    5.44945E-06    0.00000E+00    2.36013E-05
 6.54239E-05    5.81650E-06    0.00000E+00    2.51909E-05
 6.54256E-05    6.20721E-06    0.00000E+00    2.68831E-05
 6.54273E-05    6.62296E-06    0.00000E+00    2.86837E-05
 6.54290E-05    7.06532E-06    0.00000E+00    3.05995E-05
 6.54307E-05    7.53586E-06    0.00000E+00    3.26374E-05
 6.54332E-05    8.29838E-06    0.00000E+00    3.59398E-05
 6.54358E-05    9.13435E-06    0.00000E+00    3.95604E-05
 6.54383E-05    1.00506E-05    0.00000E+00    4.35285E-05
 6.54409E-05    1.10543E-05    0.00000E+00    4.78755E-05
 6.54434E-05    1.21534E-05    0.00000E+00    5.26358E-05
 6.54460E-05    1.33565E-05    0.00000E+00    5.78463E-05
 6.54485E-05    1.46729E-05    0.00000E+00    6.35474E-05
 6.54510E-05    1.61125E-05    0.00000E+00    6.97824E-05
 6.54536E-05    1.76865E-05    0.00000E+00    7.65993E-05
 6.54561E-05    1.94065E-05    0.00000E+00    8.40484E-05
 6.54587E-05    2.12853E-05    0.00000E+00    9.21855E-05
 6.54612E-05    2.33367E-05    0.00000E+00    1.01070E-04
 6.54637E-05    2.55758E-05    0.00000E+00    1.10767E-04
 6.54663E-05    2.80186E-05    0.00000E+00    1.21347E-04
 6.54688E-05    3.06827E-05    0.00000E+00    1.32885E-04
 6.54714E-05    3.35867E-05    0.00000E+00    1.45462E-04
 6.54739E-05    3.67513E-05    0.00000E+00    1.59168E-04
 6.54764E-05    4.01979E-05    0.00000E+00    1.74095E-04
 6.54790E-05    4.39506E-05    0.00000E+00    1.90348E-04
 6.54815E-05    4.80346E-05    0.00000E+00    2.08035E-04
 6.54841E-05    5.24777E-05    0.00000E+00    2.27278E-04
 6.54866E-05    5.73090E-05    0.00000E+00    2.48202E-04
 6.54891E-05    6.25606E-05    0.00000E+00    2.70947E-04
 6.54917E-05    6.82663E-05    0.00000E+00    2.95658E-04
 6.54942E-05    7.44639E-05    0.00000E+00    3.22499E-04
 6.54968E-05    8.11919E-05    0.00000E+00    3.51638E-04
 6.54993E-05    8.84933E-05    0.00000E+00    3.83260E-04
 6.55018E-05    9.64133E-05    0.00000E+00    4.17561E-04
 6.55044E-05    1.05001E-04    0.00000E+00    4.54755E-04
 6.55069E-05    1.14309E-04    0.00000E+00    4.95068E-04
 6.55095E-05    1.24395E-04    0.00000E+00    5.38746E-04
 6.55120E-05    1.35316E-04    0.00000E+00    5.86046E-04
 6.55145E-05    1.47140E-04    0.00000E+00    6.37255E-04
 6.55171E-05    1.59934E-04    0.00000E+00    6.92665E-04
 6.55196E-05    1.73773E-04    0.00000E+00    7.52601E-04
 6.55222E-05    1.88736E-04    0.00000E+00    8.17407E-04
 6.55247E-05    2.04909E-04    0.00000E+00    8.87451E-04
 6.55272E-05    2.22381E-04    0.00000E+00    9.63121E-04
 6.55298E-05    2.41250E-04    0.00000E+00    1.04484E-03
 6.55323E-05    2.61616E-04    0.00000E+00    1.13305E-03
 6.55349E-05    2.83595E-04    0.00000E+00    1.22824E-03
 6.55374E-05    3.07300E-04    0.00000E+00    1.33090E-03
 6.55399E-05    3.32858E-04    0.00000E+00    1.44159E-03
 6.55425E-05    3.60402E-04    0.00000E+00    1.56088E-03
 6.55450E-05    3.90076E-04    0.00000E+00    1.68940E-03
 6.55476E-05    4.22031E-04    0.00000E+00    1.82779E-03
 6.55501E-05    4.56428E-04    0.00000E+00    1.97676E-03
 6.55527E-05    4.93437E-04    0.00000E+00    2.13705E-03
 6.55552E-05    5.33245E-04    0.00000E+00    2.30946E-03
 6.55577E-05    5.76041E-04    0.00000E+00    2.49480E-03
 6.55603E-05    6.22035E-04    0.00000E+00    2.69400E-03
 6.55628E-05    6.71444E-04    0.00000E+00    2.90799E-03
 6.55654E-05    7.24501E-04    0.00000E+00    3.13777E-03
 6.55679E-05    7.81451E-04    0.00000E+00    3.38442E-03
 6.55704E-05    8.42557E-04    0.00000E+00    3.64907E-03
 6.55730E-05    9.08091E-04    0.00000E+00    3.93289E-03
 6.55755E-05    9.78358E-04    0.00000E+00    4.23721E-03
 6.55781E-05    1.05366E-03    0.00000E+00    4.56333E-03
 6.55806E-05    1.13432E-03    0.00000E+00    4.91268E-03
 6.55831E-05    1.22069E-03    0.00000E+00    5.28676E-03
 6.55857E-05    1.31315E-03    0.00000E+00    5.68719E-03
 6.55882E-05    1.41207E-03    0.00000E+00    6.11562E-03
 6.55908E-05    1.51788E-03    0.00000E+00    6.57385E-03
 6.55933E-05    1.63099E-03    0.00000E+00    7.06371E-03
 6.55958E-05    1.75187E-03    0.00000E+00    7.58726E-03
 6.55984E-05    1.88100E-03    0.00000E+00    8.14651E-03
 6.56009E-05    2.01889E-03    0.00000E+00    8.74371E-03
 6.56035E-05    2.16607E-03    0.00000E+00    9.38115E-03
 6.56060E-05    2.32312E-03    0.00000E+00    1.00613E-02
 6.56085E-05    2.49061E-03    0.00000E+00    1.07867E-02
 6.56119E-05    2.73128E-03    0.00000E+00    1.18290E-02
 6.56153E-05    2.99322E-03    0.00000E+00    1.29635E-02
 6.56187E-05    3.27810E-03    0.00000E+00    1.41973E-02
 6.56221E-05    3.58771E-03    0.00000E+00    1.55382E-02
 6.56255E-05    3.92397E-03    0.00000E+00    1.69945E-02
 6.56289E-05    4.28893E-03    0.00000E+00    1.85751E-02
 6.56323E-05    4.68474E-03    0.00000E+00    2.02894E-02
 6.56356E-05    5.11372E-03    0.00000E+00    2.21472E-02
 6.56390E-05    5.57831E-03    0.00000E+00    2.41594E-02
 6.56424E-05    6.08113E-03    0.00000E+00    2.63371E-02
 6.56458E-05    6.62495E-03    0.00000E+00    2.86923E-02
 6.56492E-05    7.21269E-03    0.00000E+00    3.12378E-02
 6.56526E-05    7.84746E-03    0.00000E+00    3.39869E-02
 6.56560E-05    8.53255E-03    0.00000E+00    3.69540E-02
 6.56594E-05    9.27144E-03    0.00000E+00    4.01541E-02
 6.56627E-05    1.00678E-02    0.00000E+00    4.36031E-02
 6.56661E-05    1.09255E-02    0.00000E+00    4.73178E-02
 6.56695E-05    1.18486E-02    0.00000E+00    5.13158E-02
 6.56729E-05    1.28415E-02    0.00000E+00    5.56160E-02
 6.56763E-05    1.39087E-02    0.00000E+00    6.02378E-02
 6.56797E-05    1.50549E-02    0.00000E+00    6.52019E-02
 6.56831E-05    1.62852E-02    0.00000E+00    7.05301E-02
 6.56865E-05    1.76048E-02    0.00000E+00    7.62453E-02
 6.56898E-05    1.90192E-02    0.00000E+00    8.23712E-02
 6.56932E-05    2.05343E-02    0.00000E+00    8.89328E-02
 6.56966E-05    2.21560E-02    0.00000E+00    9.59564E-02
 6.57000E-05    2.38907E-02    0.00000E+00    1.03469E-01
 6.57034E-05    2.57451E-02    0.00000E+00    1.11501E-01
 6.57068E-05    2.77260E-02    0.00000E+00    1.20080E-01
 6.57102E-05    2.98406E-02    0.00000E+00    1.29238E-01
 6.57136E-05    3.20965E-02    0.00000E+00    1.39008E-01
 6.57169E-05    3.45014E-02    0.00000E+00    1.49424E-01
 6.57203E-05    3.70636E-02    0.00000E+00    1.60520E-01
 6.57237E-05    3.97913E-02    0.00000E+00    1.72334E-01
 6.57271E-05    4.26934E-02    0.00000E+00    1.84903E-01
 6.57305E-05    4.57790E-02    0.00000E+00    1.98266E-01
 6.57339E-05    4.90575E-02    0.00000E+00    2.12465E-01
 6.57373E-05    5.25386E-02    0.00000E+00    2.27542E-01
 6.57407E-05    5.62326E-02    0.00000E+00    2.43540E-01
 6.57457E-05    6.21950E-02    0.00000E+00    2.69363E-01
 6.57508E-05    6.86962E-02    0.00000E+00    2.97519E-01
 6.57559E-05    7.57740E-02    0.00000E+00    3.28173E-01
 6.57610E-05    8.34685E-02    0.00000E+00    3.61498E-01
 6.57660E-05    9.18210E-02    0.00000E+00    3.97672E-01
 6.57711E-05    1.00875E-01    0.00000E+00    4.36883E-01
 6.57762E-05    1.10674E-01    0.00000E+00    4.79323E-01
 6.57813E-05    1.21265E-01    0.00000E+00    5.25192E-01
 6.57864E-05    1.32695E-01    0.00000E+00    5.74695E-01
 6.57915E-05    1.45013E-01    0.00000E+00    6.28044E-01
 6.57965E-05    1.58269E-01    0.00000E+00    6.85455E-01
 6.58016E-05    1.72514E-01    0.00000E+00    7.47150E-01
 6.58067E-05    1.87800E-01    0.00000E+00    8.13354E-01
 6.58118E-05    2.04181E-01    0.00000E+00    8.84297E-01
 6.58169E-05    2.21709E-01    0.00000E+00    9.60210E-01
 6.58219E-05    2.40440E-01    0.00000E+00    1.04133E+00
 6.58270E-05    2.60428E-01    0.00000E+00    1.12790E+00
 6.58321E-05    2.81727E-01    0.00000E+00    1.22014E+00
 6.58372E-05    3.04393E-01    0.00000E+00    1.31831E+00
 6.58423E-05    3.28482E-01    0.00000E+00    1.42264E+00
 6.58490E-05    3.62906E-01    0.00000E+00    1.57173E+00
 6.58558E-05    4.00083E-01    0.00000E+00    1.73274E+00
 6.58609E-05    4.29848E-01    0.00000E+00    1.86165E+00
 6.58677E-05    4.72142E-01    0.00000E+00    2.04482E+00
 6.58745E-05    5.17525E-01    0.00000E+00    2.24137E+00
 6.58812E-05    5.66111E-01    0.00000E+00    2.45180E+00
 6.58880E-05    6.18008E-01    0.00000E+00    2.67656E+00
 6.58948E-05    6.73316E-01    0.00000E+00    2.91609E+00
 6.59015E-05    7.32129E-01    0.00000E+00    3.17081E+00
 6.59083E-05    7.94534E-01    0.00000E+00    3.44108E+00
 6.59151E-05    8.60606E-01    0.00000E+00    3.72724E+00
 6.59219E-05    9.30412E-01    0.00000E+00    4.02956E+00
 6.59320E-05    1.04224E+00    0.00000E+00    4.51388E+00
 6.59422E-05    1.16274E+00    0.00000E+00    5.03576E+00
 6.59524E-05    1.29199E+00    0.00000E+00    5.58769E+00
 6.59611E-05    1.41011E+00    0.00000E+00    6.09853E+00
 6.59698E-05    1.53469E+00    0.00000E+00    6.63735E+00
 6.59829E-05    1.73359E+00    0.00000E+00    7.49755E+00
 6.59960E-05    1.94662E+00    0.00000E+00    8.41889E+00
 6.60091E-05    2.17334E+00    0.00000E+00    9.39941E+00
 6.60222E-05    2.41315E+00    0.00000E+00    1.04366E+01
 6.60353E-05    2.66537E+00    0.00000E+00    1.15274E+01
 6.60528E-05    3.01956E+00    0.00000E+00    1.30592E+01
 6.60703E-05    3.39229E+00    0.00000E+00    1.46712E+01
 6.60921E-05    3.88094E+00    0.00000E+00    1.67846E+01
 6.61183E-05    4.49497E+00    0.00000E+00    1.94402E+01
 6.61533E-05    5.34914E+00    0.00000E+00    2.31344E+01
 6.62057E-05    6.67860E+00    0.00000E+00    2.88841E+01
 6.63341E-05    1.00259E+01    0.00000E+00    4.33609E+01
 9.97143E-05    8.86007E+02    0.00000E+00    3.83187E+03
 1.00000E-04    8.91806E+02    0.00000E+00    3.85695E+03
 1.01411E-04    8.89866E+02    0.00000E+00    3.84856E+03
 2.00071E-04    6.32718E+02    0.00000E+00    2.73643E+03
 3.00000E-04    5.17678E+02    0.00000E+00    2.23889E+03
 6.00000E-04    3.68681E+02    0.00000E+00    1.59450E+03
 1.00000E-03    2.88694E+02    0.00000E+00    1.24857E+03
 2.00000E-03    2.10228E+02    0.00000E+00    9.09404E+02
 3.00000E-03    1.76923E+02    0.00000E+00    7.65331E+02
 6.00000E-03    1.36788E+02    0.00000E+00    2.78205E+02
 1.00000E-02    1.18385E+02    0.00000E+00    2.40776E+02
 1.75779E-02    1.07844E+02    0.00000E+00    2.19337E+02
 2.01411E-02    1.05518E+02    0.00000E+00    2.14606E+02
 3.00000E-02    1.03825E+02    4.22056E+01    1.65445E+02
 4.45418E-02    1.06719E+02    4.33817E+01    1.70056E+02
 6.12757E-02    1.09238E+02    4.44059E+01    1.74070E+02
 8.59024E-02    1.13835E+02    4.62745E+01    1.81395E+02
 1.01411E-01    1.16094E+02    4.71928E+01    1.84995E+02
 1.49394E-01    1.18685E+02    4.82462E+01    1.89124E+02
 2.00000E-01    1.20674E+02    2.10318E+01    2.20315E+02
 2.32401E-01    1.16915E+02    2.03767E+01    2.13452E+02
 3.02116E-01    1.10356E+02    1.92336E+01    2.01478E+02
 4.32050E-01    9.16894E+01    1.59803E+01    1.67398E+02
 5.03527E-01    8.12676E+01    1.41639E+01    1.48371E+02
 6.00000E-01    6.85494E+01    1.17708E+01    1.25328E+02
 6.99969E-01    5.74565E+01    9.86597E+00    1.05047E+02
 8.00000E-01    4.84190E+01    8.31412E+00    8.85239E+01
 9.00000E-01    4.11641E+01    7.06837E+00    7.52598E+01
 1.00000E+00    3.52710E+01    5.34180E+00    6.52002E+01
 1.20000E+00    2.63752E+01    3.99452E+00    4.87558E+01
 1.40000E+00    1.94531E+01    2.94618E+00    3.59601E+01
 1.60000E+00    1.36289E+01    2.06411E+00    2.51938E+01
 1.80000E+00    8.96979E+00    1.38183E+00    1.65578E+01
 2.00000E+00    5.60490E+00    8.63456E-01    1.03463E+01
 2.20000E+00    3.38365E+00    5.21264E-01    6.24603E+00
 2.40000E+00    2.00566E+00    3.08979E-01    3.70233E+00
 2.60000E+00    1.18154E+00    2.01546E-01    2.16153E+00
 2.80000E+00    6.97984E-01    1.19062E-01    1.27691E+00
 3.00000E+00    4.15883E-01    7.09412E-02    7.60825E-01
 3.20000E+00    2.50596E-01    4.27465E-02    4.58445E-01
 3.40000E+00    1.52796E-01    2.60639E-02    2.79528E-01
 3.60000E+00    9.41698E-02    1.60635E-02    1.72276E-01
 3.80000E+00    5.86162E-02    9.99874E-03    1.07234E-01
 4.00000E+00    3.68062E-02    6.27839E-03    6.73340E-02
 4.20000E+00    2.32867E-02    3.97224E-03    4.26012E-02
 4.40000E+00    1.48539E-02    2.53377E-03    2.71740E-02
 4.60000E+00    9.55132E-03    1.24148E-03    1.78612E-02
 4.80000E+00    6.19284E-03    8.04945E-04    1.15807E-02
 5.00000E+00    4.05163E-03    5.26631E-04    7.57663E-03
 5.20000E+00    2.67618E-03    3.47850E-04    5.00452E-03
 5.40000E+00    1.78415E-03    2.31904E-04    3.33640E-03
 5.60000E+00    1.20096E-03    1.56101E-04    2.24583E-03
 5.80000E+00    8.16147E-04    1.06083E-04    1.52621E-03
 6.00000E+00    5.59836E-04    7.27675E-05    1.04691E-03
 6.20000E+00    3.87789E-04    5.04048E-05    7.25174E-04
 6.40000E+00    2.70998E-04    3.52243E-05    5.06771E-04
 6.60000E+00    1.91109E-04    2.11509E-05    3.61067E-04
 6.80000E+00    1.35911E-04    1.50419E-05    2.56781E-04
 7.00000E+00    9.73784E-05    1.07773E-05    1.83980E-04
 7.20000E+00    7.03143E-05    7.78199E-06    1.32847E-04
 7.40000E+00    5.10733E-05    5.65250E-06    9.64940E-05
 7.60000E+00    3.73115E-05    4.12943E-06    7.04936E-05
 7.80000E+00    2.73976E-05    3.03222E-06    5.17631E-05
 8.00000E+00    2.02036E-05    2.23603E-06    3.81713E-05
 8.50000E+00    9.59870E-06    1.06233E-06    1.81351E-05
 9.00000E+00    4.65890E-06    4.65890E-06    4.65890E-06
 9.50000E+00    2.30531E-06    2.30531E-06    2.30531E-06
 1.00000E+01    1.16236E-06    1.16236E-06    1.16236E-06
 1.01411E+01    1.00291E-06    1.00291E-06    1.00291E-06
 1.02842E+01    8.41228E-07    8.41228E-07    8.41228E-07
 1.04292E+01    6.77267E-07    6.77267E-07    6.77267E-07
 1.05000E+01    5.97310E-07    5.97310E-07    5.97310E-07
 1.06481E+01    5.13050E-07    5.13050E-07    5.13050E-07
 1.07984E+01    4.27601E-07    4.27601E-07    4.27601E-07
 1.09507E+01    3.40947E-07    3.40947E-07    3.40947E-07
 1.10000E+01    3.12909E-07    3.12909E-07    3.12909E-07
 1.11552E+01    2.67648E-07    2.67648E-07    2.67648E-07
 1.13126E+01    2.21749E-07    2.21749E-07    2.21749E-07
 1.14722E+01    1.75203E-07    1.75203E-07    1.75203E-07
 1.15000E+01    1.67086E-07    1.67086E-07    1.67086E-07
 1.16622E+01    1.42369E-07    1.42369E-07    1.42369E-07
 1.18268E+01    1.17303E-07    1.17303E-07    1.17303E-07
 1.19936E+01    9.18840E-08    9.18840E-08    9.18840E-08
 1.20000E+01    9.09139E-08    9.09139E-08    9.09139E-08
 1.21693E+01    7.71786E-08    7.71786E-08    7.71786E-08
 1.23410E+01    6.32496E-08    6.32496E-08    6.32496E-08
 1.25000E+01    5.03486E-08    5.03486E-08    5.03486E-08
 1.26764E+01    4.25874E-08    4.25874E-08    4.25874E-08
 1.28552E+01    3.47168E-08    3.47168E-08    3.47168E-08
 1.30000E+01    2.83439E-08    2.83439E-08    2.83439E-08
 1.31834E+01    2.38890E-08    2.38890E-08    2.38890E-08
 1.33694E+01    1.93712E-08    1.93712E-08    1.93712E-08
 1.35000E+01    1.61990E-08    1.61990E-08    1.61990E-08
 1.36905E+01    1.36052E-08    1.36052E-08    1.36052E-08
 1.38836E+01    1.09748E-08    1.09748E-08    1.09748E-08
 1.40000E+01    9.38970E-09    9.38970E-09    9.38970E-09
 1.41975E+01    7.85969E-09    7.85969E-09    7.85969E-09
 1.43978E+01    6.30809E-09    6.30809E-09    6.30809E-09
 1.45000E+01    5.51654E-09    5.51654E-09    5.51654E-09
 1.47046E+01    4.60264E-09    4.60264E-09    4.60264E-09
 1.49120E+01    3.67585E-09    3.67585E-09    3.67585E-09
 1.50000E+01    3.28282E-09    3.28282E-09    3.28282E-09
 1.52116E+01    2.84352E-09    2.84352E-09    2.84352E-09
 1.54262E+01    2.39803E-09    2.39803E-09    2.39803E-09
 1.56439E+01    1.94625E-09    1.94625E-09    1.94625E-09
 1.58646E+01    1.48810E-09    1.48810E-09    1.48810E-09
 1.60000E+01    1.20698E-09    1.20698E-09    1.20698E-09
 1.62257E+01    1.03910E-09    1.03910E-09    1.03910E-09
 1.64546E+01    8.68848E-10    8.68848E-10    8.68848E-10
 1.66868E+01    6.96195E-10    6.96195E-10    6.96195E-10
 1.69222E+01    5.21107E-10    5.21107E-10    5.21107E-10
 1.70000E+01    4.63255E-10    4.63255E-10    4.63255E-10
 1.72398E+01    3.97004E-10    3.97004E-10    3.97004E-10
 1.74831E+01    3.29819E-10    3.29819E-10    3.29819E-10
 1.77297E+01    2.61685E-10    2.61685E-10    2.61685E-10
 1.79799E+01    1.92591E-10    1.92591E-10    1.92591E-10
 1.80000E+01    1.87025E-10    1.87025E-10    1.87025E-10
 1.82539E+01    1.59524E-10    1.59524E-10    1.59524E-10
 1.85115E+01    1.31635E-10    1.31635E-10    1.31635E-10
 1.87726E+01    1.03353E-10    1.03353E-10    1.03353E-10
 1.90000E+01    7.87311E-11    7.87311E-11    7.87311E-11
 1.92681E+01    6.68939E-11    6.68939E-11    6.68939E-11
 1.95399E+01    5.48897E-11    5.48897E-11    5.48897E-11
 1.98156E+01    4.27161E-11    4.27161E-11    4.27161E-11
 2.00000E+01    3.45716E-11    3.45716E-11    3.45716E-11
 2.02822E+01    2.92609E-11    2.92609E-11    2.92609E-11
 2.05683E+01    2.38753E-11    2.38753E-11    2.38753E-11
 2.08585E+01    1.84138E-11    1.84138E-11    1.84138E-11
 2.10000E+01    1.57504E-11    1.57504E-11    1.57504E-11
 2.12963E+01    1.32885E-11    1.32885E-11    1.32885E-11
 2.15967E+01    1.07918E-11    1.07918E-11    1.07918E-11
 2.19014E+01    8.25996E-12    8.25996E-12    8.25996E-12
 2.20000E+01    7.44075E-12    7.44075E-12    7.44075E-12
 2.23104E+01    6.25960E-12    6.25960E-12    6.25960E-12
 2.26251E+01    5.06179E-12    5.06179E-12    5.06179E-12
 2.29443E+01    3.84708E-12    3.84708E-12    3.84708E-12
 2.30000E+01    3.63527E-12    3.63527E-12    3.63527E-12
 2.33245E+01    3.04668E-12    3.04668E-12    3.04668E-12
 2.36536E+01    2.44978E-12    2.44978E-12    2.44978E-12
 2.39873E+01    1.84446E-12    1.84446E-12    1.84446E-12
 2.40000E+01    1.82136E-12    1.82136E-12    1.82136E-12
 2.43386E+01    1.52217E-12    1.52217E-12    1.52217E-12
 2.46820E+01    1.21877E-12    1.21877E-12    1.21877E-12
 2.50000E+01    9.37753E-13    9.37753E-13    9.37753E-13
 2.53527E+01    7.81987E-13    7.81987E-13    7.81987E-13
 2.57104E+01    6.24024E-13    6.24024E-13    6.24024E-13
 2.60000E+01    4.96121E-13    4.96121E-13    4.96121E-13
 2.63668E+01    4.12937E-13    4.12937E-13    4.12937E-13
 2.67388E+01    3.28580E-13    3.28580E-13    3.28580E-13
 2.70000E+01    2.69347E-13    2.69347E-13    2.69347E-13
 2.73809E+01    2.23797E-13    2.23797E-13    2.23797E-13
 2.77672E+01    1.77605E-13    1.77605E-13    1.77605E-13
 2.80000E+01    1.49769E-13    1.49769E-13    1.49769E-13
 2.83950E+01    1.24286E-13    1.24286E-13    1.24286E-13
 2.87956E+01    9.84428E-14    9.84428E-14    9.84428E-14
 2.90000E+01    8.52590E-14    8.52590E-14    8.52590E-14
 2.94091E+01    7.06445E-14    7.06445E-14    7.06445E-14
 2.98240E+01    5.58238E-14    5.58238E-14    5.58238E-14
 3.00000E+01    4.95388E-14    4.95388E-14    4.95388E-14
