# n + Ac222m: (n,n'10)  
# tendl.2017 A.J. Koning and D. Rochman        EVAL-NOV17
# uncertainties: n
# # energies =    95
#   E(MeV)       xs(mb) 
 6.39643E-02    0.00000E+00
 8.17899E-02    2.55346E+00
 9.41267E-02    4.32066E+00
 1.00000E-01    5.16199E+00
 1.05238E-01    5.53202E+00
 1.26920E-01    7.13192E+00
 1.38302E-01    8.01279E+00
 1.39704E-01    8.12314E+00
 1.45266E-01    8.56477E+00
 1.49823E-01    8.93112E+00
 1.57043E-01    9.51970E+00
 1.63259E-01    1.00342E+01
 1.75469E-01    1.10652E+01
 1.86672E-01    1.20339E+01
 1.97397E-01    1.29809E+01
 1.98608E-01    1.30890E+01
 2.00000E-01    1.32136E+01
 2.10860E-01    1.37663E+01
 2.14408E-01    1.39455E+01
 2.19536E-01    1.42033E+01
 2.25565E-01    1.45046E+01
 2.27869E-01    1.46193E+01
 2.29168E-01    1.46838E+01
 3.00000E-01    1.80918E+01
 4.00000E-01    2.01882E+01
 5.00000E-01    2.03222E+01
 6.00000E-01    1.93139E+01
 7.00000E-01    1.77847E+01
 8.00000E-01    1.61206E+01
 9.00000E-01    1.45235E+01
 1.00000E+00    1.30525E+01
 1.20000E+00    1.05431E+01
 1.40000E+00    8.31055E+00
 1.60000E+00    6.20819E+00
 1.80000E+00    4.35482E+00
 2.00000E+00    2.90131E+00
 2.20000E+00    1.87000E+00
 2.40000E+00    1.18483E+00
 2.60000E+00    7.46457E-01
 2.80000E+00    4.71465E-01
 3.00000E+00    3.00117E-01
 3.20000E+00    1.93013E-01
 3.40000E+00    1.25491E-01
 3.60000E+00    8.23865E-02
 3.80000E+00    5.45520E-02
 4.00000E+00    3.63703E-02
 4.20000E+00    2.43801E-02
 4.40000E+00    1.64275E-02
 4.60000E+00    1.11302E-02
 4.80000E+00    7.58702E-03
 5.00000E+00    5.20103E-03
 5.20000E+00    3.59206E-03
 5.40000E+00    2.49781E-03
 5.60000E+00    1.74901E-03
 5.80000E+00    1.23429E-03
 6.00000E+00    8.76864E-04
 6.20000E+00    6.27472E-04
 6.40000E+00    4.51856E-04
 6.60000E+00    3.27430E-04
 6.80000E+00    2.38516E-04
 7.00000E+00    1.74587E-04
 7.20000E+00    1.28386E-04
 7.40000E+00    9.47200E-05
 7.60000E+00    7.01364E-05
 7.80000E+00    5.20632E-05
 8.00000E+00    3.87562E-05
 8.50000E+00    1.87462E-05
 9.00000E+00    9.22343E-06
 9.50000E+00    4.61992E-06
 1.00000E+01    2.35834E-06
 1.05000E+01    1.22784E-06
 1.10000E+01    6.52131E-07
 1.15000E+01    3.53198E-07
 1.20000E+01    1.94931E-07
 1.25000E+01    1.09455E-07
 1.30000E+01    6.24247E-08
 1.35000E+01    3.61036E-08
 1.40000E+01    2.11501E-08
 1.45000E+01    1.25414E-08
 1.50000E+01    7.52332E-09
 1.60000E+01    2.80224E-09
 1.70000E+01    1.08665E-09
 1.80000E+01    4.42675E-10
 1.90000E+01    1.87985E-10
 2.00000E+01    8.32750E-11
 2.10000E+01    3.82608E-11
 2.20000E+01    1.82113E-11
 2.30000E+01    8.95379E-12
 2.40000E+01    4.51020E-12
 2.50000E+01    2.33347E-12
 2.60000E+01    1.24035E-12
 2.70000E+01    6.76493E-13
 2.80000E+01    3.77796E-13
 2.90000E+01    2.15902E-13
 3.00000E+01    1.25866E-13
