# n + Ac227 : (n,g)     
# eaf.2010   Manhattan project, site A         EVAL-JUN10
# uncertainties: n
# # energies =  1843
#   E(MeV)       xs(mb) 
 1.00000E-11    4.42631E+07
 1.02191E-11    4.37861E+07
 1.04359E-11    4.33289E+07
 1.06503E-11    4.28906E+07
 1.08622E-11    4.24702E+07
 1.10715E-11    4.20668E+07
 1.12780E-11    4.16798E+07
 1.14819E-11    4.13082E+07
 1.16828E-11    4.09514E+07
 1.18809E-11    4.06086E+07
 1.22740E-11    3.99529E+07
 1.26544E-11    3.93478E+07
 1.30218E-11    3.87889E+07
 1.33758E-11    3.82721E+07
 1.37165E-11    3.77939E+07
 1.40437E-11    3.73509E+07
 1.43576E-11    3.69404E+07
 1.46582E-11    3.65597E+07
 1.49458E-11    3.62063E+07
 1.52205E-11    3.58781E+07
 1.54826E-11    3.55731E+07
 1.59861E-11    3.50083E+07
 1.64402E-11    3.45215E+07
 1.68480E-11    3.41011E+07
 1.72132E-11    3.37375E+07
 1.75392E-11    3.34225E+07
 1.78295E-11    3.31492E+07
 1.83491E-11    3.26766E+07
 1.87486E-11    3.23265E+07
 1.93643E-11    3.18085E+07
 2.00000E-11    3.12989E+07
 2.05963E-11    3.08425E+07
 2.11715E-11    3.04206E+07
 2.17253E-11    3.00304E+07
 2.22576E-11    2.96691E+07
 2.27685E-11    2.93344E+07
 2.32581E-11    2.90239E+07
 2.37267E-11    2.87359E+07
 2.41746E-11    2.84685E+07
 2.46021E-11    2.82201E+07
 2.50098E-11    2.79891E+07
 2.57924E-11    2.75612E+07
 2.64972E-11    2.71922E+07
 2.71297E-11    2.68733E+07
 2.76955E-11    2.65974E+07
 2.82003E-11    2.63583E+07
 2.91057E-11    2.59451E+07
 2.98039E-11    2.56394E+07
 3.03384E-11    2.54125E+07
 3.11582E-11    2.50760E+07
 3.20000E-11    2.47440E+07
 3.27008E-11    2.44774E+07
 3.33943E-11    2.42219E+07
 3.40802E-11    2.39770E+07
 3.47581E-11    2.37420E+07
 3.54276E-11    2.35166E+07
 3.60886E-11    2.33003E+07
 3.67406E-11    2.30926E+07
 3.73834E-11    2.28932E+07
 3.80170E-11    2.27016E+07
 3.92750E-11    2.23351E+07
 4.04922E-11    2.19969E+07
 4.16675E-11    2.16844E+07
 4.28004E-11    2.13955E+07
 4.38904E-11    2.11282E+07
 4.49374E-11    2.08806E+07
 4.59417E-11    2.06511E+07
 4.69036E-11    2.04382E+07
 4.78237E-11    2.02407E+07
 4.87026E-11    2.00572E+07
 4.95413E-11    1.98867E+07
 5.11528E-11    1.95710E+07
 5.26059E-11    1.92988E+07
 5.39111E-11    1.90638E+07
 5.50797E-11    1.88604E+07
 5.61230E-11    1.86843E+07
 5.70521E-11    1.85316E+07
 5.87150E-11    1.82673E+07
 5.99939E-11    1.80715E+07
 6.19647E-11    1.77818E+07
 6.40000E-11    1.74968E+07
 6.58104E-11    1.72545E+07
 6.75541E-11    1.70303E+07
 6.92307E-11    1.68228E+07
 7.08404E-11    1.66306E+07
 7.23834E-11    1.64524E+07
 7.38604E-11    1.62871E+07
 7.52726E-11    1.61336E+07
 7.66209E-11    1.59910E+07
 7.79070E-11    1.58585E+07
 8.03766E-11    1.56129E+07
 8.26017E-11    1.54012E+07
 8.45991E-11    1.52183E+07
 8.63864E-11    1.50601E+07
 8.79813E-11    1.49230E+07
 9.08433E-11    1.46860E+07
 9.30508E-11    1.45108E+07
 9.47415E-11    1.43807E+07
 9.73353E-11    1.41878E+07
 1.00000E-10    1.39975E+07
 1.02191E-10    1.38467E+07
 1.04359E-10    1.37021E+07
 1.06503E-10    1.35635E+07
 1.08622E-10    1.34306E+07
 1.10715E-10    1.33030E+07
 1.12781E-10    1.31806E+07
 1.14819E-10    1.30631E+07
 1.16828E-10    1.29503E+07
 1.18809E-10    1.28419E+07
 1.22740E-10    1.26346E+07
 1.26544E-10    1.24433E+07
 1.30218E-10    1.22665E+07
 1.33758E-10    1.21031E+07
 1.37165E-10    1.19519E+07
 1.40437E-10    1.18118E+07
 1.43576E-10    1.16820E+07
 1.46582E-10    1.15616E+07
 1.49458E-10    1.14499E+07
 1.52205E-10    1.13461E+07
 1.54826E-10    1.12496E+07
 1.59861E-10    1.10711E+07
 1.64402E-10    1.09171E+07
 1.68480E-10    1.07842E+07
 1.72132E-10    1.06692E+07
 1.75392E-10    1.05696E+07
 1.78295E-10    1.04832E+07
 1.83491E-10    1.03337E+07
 1.87486E-10    1.02230E+07
 1.93643E-10    1.00592E+07
 2.00000E-10    9.89809E+06
 2.05963E-10    9.75377E+06
 2.11715E-10    9.62038E+06
 2.17253E-10    9.49698E+06
 2.22576E-10    9.38273E+06
 2.27685E-10    9.27688E+06
 2.32581E-10    9.17872E+06
 2.37267E-10    9.08764E+06
 2.41746E-10    9.00308E+06
 2.46021E-10    8.92452E+06
 2.50098E-10    8.85149E+06
 2.57924E-10    8.71618E+06
 2.64972E-10    8.59949E+06
 2.71297E-10    8.49866E+06
 2.76955E-10    8.41141E+06
 2.82003E-10    8.33580E+06
 2.91058E-10    8.20513E+06
 2.98039E-10    8.10847E+06
 3.03384E-10    8.03673E+06
 3.11582E-10    7.93031E+06
 3.20000E-10    7.82532E+06
 3.27008E-10    7.74104E+06
 3.33943E-10    7.66026E+06
 3.40802E-10    7.58281E+06
 3.47581E-10    7.50853E+06
 3.54276E-10    7.43726E+06
 3.60886E-10    7.36886E+06
 3.67406E-10    7.30321E+06
 3.73835E-10    7.24016E+06
 3.80170E-10    7.17960E+06
 3.92750E-10    7.06372E+06
 4.04922E-10    6.95677E+06
 4.16675E-10    6.85798E+06
 4.28003E-10    6.76665E+06
 4.38903E-10    6.68212E+06
 4.49374E-10    6.60384E+06
 4.59417E-10    6.53128E+06
 4.69036E-10    6.46398E+06
 4.78237E-10    6.40152E+06
 4.87026E-10    6.34351E+06
 4.95413E-10    6.28961E+06
 5.11528E-10    6.18977E+06
 5.26059E-10    6.10372E+06
 5.39111E-10    6.02940E+06
 5.50797E-10    5.96511E+06
 5.61230E-10    5.90943E+06
 5.70521E-10    5.86113E+06
 5.87150E-10    5.77756E+06
 5.99939E-10    5.71566E+06
 6.19647E-10    5.62407E+06
 6.40000E-10    5.53395E+06
 6.58104E-10    5.45732E+06
 6.75541E-10    5.38645E+06
 6.92307E-10    5.32085E+06
 7.08404E-10    5.26007E+06
 7.23834E-10    5.20372E+06
 7.38604E-10    5.15144E+06
 7.52726E-10    5.10291E+06
 7.66209E-10    5.05782E+06
 7.79069E-10    5.01592E+06
 8.03766E-10    4.93828E+06
 8.26017E-10    4.87134E+06
 8.45991E-10    4.81350E+06
 8.63864E-10    4.76346E+06
 8.79813E-10    4.72011E+06
 9.08433E-10    4.64518E+06
 9.30508E-10    4.58977E+06
 9.47415E-10    4.54864E+06
 9.73353E-10    4.48765E+06
 1.00000E-09    4.42747E+06
 1.02190E-09    4.37982E+06
 1.04357E-09    4.33416E+06
 1.06500E-09    4.29037E+06
 1.08618E-09    4.24837E+06
 1.10710E-09    4.20808E+06
 1.12776E-09    4.16941E+06
 1.14813E-09    4.13229E+06
 1.16822E-09    4.09664E+06
 1.18801E-09    4.06240E+06
 1.22732E-09    3.99688E+06
 1.26536E-09    3.93641E+06
 1.30209E-09    3.88056E+06
 1.33749E-09    3.82891E+06
 1.37155E-09    3.78111E+06
 1.40427E-09    3.73685E+06
 1.43565E-09    3.69582E+06
 1.46571E-09    3.65777E+06
 1.49446E-09    3.62245E+06
 1.52193E-09    3.58964E+06
 1.54814E-09    3.55916E+06
 1.59850E-09    3.50270E+06
 1.64391E-09    3.45404E+06
 1.68470E-09    3.41201E+06
 1.72122E-09    3.37566E+06
 1.75382E-09    3.34416E+06
 1.78285E-09    3.31685E+06
 1.83482E-09    3.26959E+06
 1.87479E-09    3.23458E+06
 1.93639E-09    3.18278E+06
 2.00000E-09    3.13180E+06
 2.05962E-09    3.08618E+06
 2.11713E-09    3.04402E+06
 2.17251E-09    3.00502E+06
 2.22573E-09    2.96891E+06
 2.27682E-09    2.93545E+06
 2.32577E-09    2.90442E+06
 2.37262E-09    2.87563E+06
 2.41740E-09    2.84890E+06
 2.46015E-09    2.82406E+06
 2.50091E-09    2.80098E+06
 2.57917E-09    2.75820E+06
 2.64965E-09    2.72130E+06
 2.71290E-09    2.68943E+06
 2.76948E-09    2.66184E+06
 2.81996E-09    2.63793E+06
 2.91051E-09    2.59661E+06
 2.98033E-09    2.56605E+06
 3.03380E-09    2.54336E+06
 3.11579E-09    2.50971E+06
 3.20000E-09    2.47650E+06
 3.27007E-09    2.44991E+06
 3.33942E-09    2.42442E+06
 3.40800E-09    2.39998E+06
 3.47578E-09    2.37654E+06
 3.54272E-09    2.35405E+06
 3.60881E-09    2.33247E+06
 3.67400E-09    2.31175E+06
 3.73828E-09    2.29185E+06
 3.80162E-09    2.27274E+06
 3.92742E-09    2.23616E+06
 4.04913E-09    2.20240E+06
 4.16666E-09    2.17122E+06
 4.27994E-09    2.14239E+06
 4.38894E-09    2.11570E+06
 4.49364E-09    2.09099E+06
 4.59406E-09    2.06808E+06
 4.69025E-09    2.04683E+06
 4.78225E-09    2.02711E+06
 4.87015E-09    2.00880E+06
 4.95401E-09    1.99177E+06
 5.11517E-09    1.96025E+06
 5.26048E-09    1.93307E+06
 5.39100E-09    1.90960E+06
 5.50787E-09    1.88930E+06
 5.61220E-09    1.87171E+06
 5.70511E-09    1.85646E+06
 5.87142E-09    1.83006E+06
 5.99932E-09    1.81051E+06
 6.19642E-09    1.78158E+06
 6.40000E-09    1.75310E+06
 6.58103E-09    1.72890E+06
 6.75539E-09    1.70651E+06
 6.92305E-09    1.68579E+06
 7.08400E-09    1.66659E+06
 7.23830E-09    1.64879E+06
 7.38600E-09    1.63227E+06
 7.52720E-09    1.61694E+06
 7.66204E-09    1.60270E+06
 7.79063E-09    1.58946E+06
 8.03760E-09    1.56493E+06
 8.26010E-09    1.54377E+06
 8.45984E-09    1.52550E+06
 8.63857E-09    1.50968E+06
 8.79806E-09    1.49598E+06
 9.08427E-09    1.47230E+06
 9.30503E-09    1.45479E+06
 9.47411E-09    1.44179E+06
 9.73350E-09    1.42251E+06
 1.00000E-08    1.40349E+06
 1.02190E-08    1.38853E+06
 1.04357E-08    1.37418E+06
 1.06500E-08    1.36043E+06
 1.08618E-08    1.34723E+06
 1.10710E-08    1.33457E+06
 1.12775E-08    1.32242E+06
 1.14812E-08    1.31076E+06
 1.16821E-08    1.29956E+06
 1.18801E-08    1.28880E+06
 1.22732E-08    1.26820E+06
 1.26535E-08    1.24919E+06
 1.30208E-08    1.23163E+06
 1.33748E-08    1.21539E+06
 1.37154E-08    1.20035E+06
 1.40426E-08    1.18643E+06
 1.43564E-08    1.17353E+06
 1.46570E-08    1.16155E+06
 1.49445E-08    1.15044E+06
 1.52192E-08    1.14012E+06
 1.54813E-08    1.13053E+06
 1.59849E-08    1.11276E+06
 1.64390E-08    1.09744E+06
 1.68469E-08    1.08421E+06
 1.72121E-08    1.07276E+06
 1.75381E-08    1.06285E+06
 1.81236E-08    1.04571E+06
 1.85755E-08    1.03305E+06
 1.89218E-08    1.02365E+06
 1.94534E-08    1.00971E+06
 2.00000E-08    9.95955E+05
 2.05964E-08    9.81578E+05
 2.11328E-08    9.69168E+05
 2.16136E-08    9.58438E+05
 2.20433E-08    9.49146E+05
 2.24263E-08    9.41090E+05
 2.31126E-08    9.27157E+05
 2.36410E-08    9.16842E+05
 2.40453E-08    9.09182E+05
 2.46647E-08    8.97810E+05
 2.53000E-08    8.86582E+05
 2.60540E-08    8.73790E+05
 2.67321E-08    8.62750E+05
 2.73400E-08    8.53204E+05
 2.78832E-08    8.44938E+05
 2.83673E-08    8.37770E+05
 2.92349E-08    8.25374E+05
 2.99029E-08    8.16197E+05
 3.04139E-08    8.09381E+05
 3.11969E-08    7.99264E+05
 3.20000E-08    7.89274E+05
 3.27007E-08    7.81048E+05
 3.33942E-08    7.73160E+05
 3.40799E-08    7.65596E+05
 3.47577E-08    7.58338E+05
 3.54272E-08    7.51372E+05
 3.60880E-08    7.44685E+05
 3.67399E-08    7.38264E+05
 3.73827E-08    7.32097E+05
 3.80162E-08    7.26171E+05
 3.92741E-08    7.14826E+05
 4.04912E-08    7.04351E+05
 4.16665E-08    6.94670E+05
 4.27993E-08    6.85715E+05
 4.38893E-08    6.77425E+05
 4.49363E-08    6.69744E+05
 4.59405E-08    6.62622E+05
 4.69024E-08    6.56014E+05
 4.78224E-08    6.49879E+05
 4.87013E-08    6.44179E+05
 4.95400E-08    6.38881E+05
 5.11516E-08    6.29065E+05
 5.26046E-08    6.20599E+05
 5.39099E-08    6.13285E+05
 5.50785E-08    6.06957E+05
 5.61219E-08    6.01472E+05
 5.79955E-08    5.91994E+05
 5.94416E-08    5.84983E+05
 6.05498E-08    5.79780E+05
 6.22510E-08    5.72061E+05
 6.40000E-08    5.64446E+05
 6.58103E-08    5.56882E+05
 6.75539E-08    5.49882E+05
 6.92305E-08    5.43400E+05
 7.08400E-08    5.37393E+05
 7.23829E-08    5.31821E+05
 7.38599E-08    5.26650E+05
 7.52720E-08    5.21848E+05
 7.66203E-08    5.17386E+05
 7.92138E-08    5.09122E+05
 8.15550E-08    5.02000E+05
 8.36603E-08    4.95849E+05
 8.55470E-08    4.90529E+05
 8.72326E-08    4.85921E+05
 8.87348E-08    4.81925E+05
 9.14262E-08    4.75010E+05
 9.34981E-08    4.69889E+05
 9.50828E-08    4.66085E+05
 9.75104E-08    4.60436E+05
 1.00000E-07    4.54855E+05
 1.02190E-07    4.50470E+05
 1.04357E-07    4.46262E+05
 1.06500E-07    4.42223E+05
 1.08618E-07    4.38345E+05
 1.10710E-07    4.34620E+05
 1.12775E-07    4.31043E+05
 1.14812E-07    4.27605E+05
 1.18865E-07    4.21022E+05
 1.22794E-07    4.14942E+05
 1.26595E-07    4.09323E+05
 1.30266E-07    4.04123E+05
 1.33804E-07    3.99309E+05
 1.37208E-07    3.94847E+05
 1.40478E-07    3.90710E+05
 1.43614E-07    3.86871E+05
 1.46617E-07    3.83306E+05
 1.49490E-07    3.79993E+05
 1.52235E-07    3.76914E+05
 1.57517E-07    3.71207E+05
 1.62290E-07    3.66284E+05
 1.66584E-07    3.62031E+05
 1.70435E-07    3.58350E+05
 1.73877E-07    3.55159E+05
 1.80069E-07    3.49644E+05
 1.84857E-07    3.45564E+05
 1.88532E-07    3.42535E+05
 1.94181E-07    3.38041E+05
 2.00000E-07    3.33607E+05
 2.05962E-07    3.29253E+05
 2.11713E-07    3.25222E+05
 2.17250E-07    3.21488E+05
 2.22573E-07    3.18027E+05
 2.27681E-07    3.14815E+05
 2.32577E-07    3.11834E+05
 2.37262E-07    3.09065E+05
 2.41739E-07    3.06491E+05
 2.50365E-07    3.01723E+05
 2.58164E-07    2.97612E+05
 2.65187E-07    2.94060E+05
 2.71489E-07    2.90987E+05
 2.77125E-07    2.88325E+05
 2.82154E-07    2.86016E+05
 2.91173E-07    2.82018E+05
 2.98127E-07    2.79057E+05
 3.03451E-07    2.76857E+05
 3.11616E-07    2.73589E+05
 3.20000E-07    2.70359E+05
 3.30701E-07    2.66800E+05
 3.38961E-07    2.64161E+05
 3.51740E-07    2.60252E+05
 3.65000E-07    2.56401E+05
 3.72992E-07    2.54486E+05
 3.80902E-07    2.52645E+05
 3.96707E-07    2.49116E+05
 4.12120E-07    2.45852E+05
 4.27112E-07    2.42831E+05
 4.41663E-07    2.40033E+05
 4.55754E-07    2.37438E+05
 4.69372E-07    2.35032E+05
 4.82509E-07    2.32798E+05
 4.95158E-07    2.30723E+05
 5.07318E-07    2.28794E+05
 5.18988E-07    2.27000E+05
 5.30174E-07    2.25332E+05
 5.51799E-07    2.22236E+05
 5.71444E-07    2.19562E+05
 5.89206E-07    2.17249E+05
 6.05201E-07    2.15245E+05
 6.19551E-07    2.13507E+05
 6.45489E-07    2.10498E+05
 6.65652E-07    2.08270E+05
 6.81187E-07    2.06614E+05
 7.05171E-07    2.04155E+05
 7.30000E-07    2.01725E+05
 7.67952E-07    1.99465E+05
 8.02776E-07    1.97509E+05
 8.34539E-07    1.95813E+05
 8.63361E-07    1.94341E+05
 8.89396E-07    1.93062E+05
 9.36861E-07    1.90844E+05
 9.74114E-07    1.89197E+05
 1.00302E-06    1.87971E+05
 1.04800E-06    1.86147E+05
 1.09500E-06    1.84341E+05
 1.17665E-06    1.83206E+05
 1.24187E-06    1.82359E+05
 1.34652E-06    1.81096E+05
 1.46000E-06    1.79842E+05
 1.63233E-06    1.81184E+05
 1.82500E-06    1.82536E+05
 1.91011E-06    1.84531E+05
 1.97654E-06    1.86042E+05
 2.08053E-06    1.88331E+05
 2.19000E-06    1.90648E+05
 2.27604E-06    1.93861E+05
 2.34279E-06    1.96307E+05
 2.44660E-06    2.00033E+05
 2.55500E-06    2.03830E+05
 2.64173E-06    2.08351E+05
 2.77738E-06    2.15321E+05
 2.92000E-06    2.22525E+05
 3.09713E-06    2.34845E+05
 3.28500E-06    2.47848E+05
 3.46269E-06    2.64232E+05
 3.65000E-06    2.81699E+05
 3.73802E-06    2.92418E+05
 3.80542E-06    3.00725E+05
 3.90880E-06    3.13628E+05
 4.01500E-06    3.27086E+05
 4.05891E-06    3.34221E+05
 4.13690E-06    3.47085E+05
 4.19638E-06    3.57056E+05
 4.24155E-06    3.64722E+05
 4.31022E-06    3.76531E+05
 4.38000E-06    3.88722E+05
 4.42404E-06    3.98489E+05
 4.46294E-06    4.07236E+05
 4.49726E-06    4.15048E+05
 4.55796E-06    4.29080E+05
 4.60402E-06    4.39914E+05
 4.63886E-06    4.48219E+05
 4.69163E-06    4.60972E+05
 4.74500E-06    4.74087E+05
 4.78916E-06    4.87768E+05
 4.82814E-06    5.00062E+05
 4.86250E-06    5.11073E+05
 4.89277E-06    5.20907E+05
 4.94620E-06    5.38573E+05
 4.98665E-06    5.52214E+05
 5.01720E-06    5.62672E+05
 5.06339E-06    5.78731E+05
 5.11000E-06    5.95248E+05
 5.15426E-06    6.14892E+05
 5.19330E-06    6.32611E+05
 5.22771E-06    6.48534E+05
 5.25800E-06    6.62795E+05
 5.28464E-06    6.75530E+05
 5.30807E-06    6.86874E+05
 5.34932E-06    7.07187E+05
 5.38047E-06    7.22814E+05
 5.42753E-06    7.46905E+05
 5.47500E-06    7.71799E+05
 5.49713E-06    7.86059E+05
 5.51796E-06    7.99667E+05
 5.53755E-06    8.12638E+05
 5.57449E-06    8.37529E+05
 5.60700E-06    8.59933E+05
 5.63561E-06    8.80027E+05
 5.66076E-06    8.97995E+05
 5.68286E-06    9.14017E+05
 5.72175E-06    9.42747E+05
 5.75108E-06    9.64886E+05
 5.77319E-06    9.81830E+05
 5.80650E-06    1.00781E+06
 5.84000E-06    1.03447E+06
 5.86217E-06    1.05532E+06
 5.88303E-06    1.07524E+06
 5.90266E-06    1.09426E+06
 5.92111E-06    1.11240E+06
 5.95588E-06    1.14723E+06
 5.98646E-06    1.17859E+06
 6.01335E-06    1.20674E+06
 6.03698E-06    1.23192E+06
 6.05773E-06    1.25438E+06
 6.07595E-06    1.27437E+06
 6.10796E-06    1.31012E+06
 6.13207E-06    1.33759E+06
 6.16843E-06    1.37988E+06
 6.20500E-06    1.42351E+06
 6.22721E-06    1.45194E+06
 6.24810E-06    1.47911E+06
 6.26775E-06    1.50505E+06
 6.28622E-06    1.52977E+06
 6.32101E-06    1.57724E+06
 6.35161E-06    1.61997E+06
 6.37851E-06    1.65831E+06
 6.40214E-06    1.69261E+06
 6.42288E-06    1.72320E+06
 6.44109E-06    1.75041E+06
 6.47308E-06    1.79908E+06
 6.49717E-06    1.83647E+06
 6.53349E-06    1.89401E+06
 6.57000E-06    1.95336E+06
 6.61455E-06    2.01246E+06
 6.65378E-06    2.06563E+06
 6.68830E-06    2.11331E+06
 6.71865E-06    2.15593E+06
 6.74532E-06    2.19393E+06
 6.79225E-06    2.26204E+06
 6.82766E-06    2.31451E+06
 6.85434E-06    2.35466E+06
 6.89455E-06    2.41620E+06
 6.93500E-06    2.47934E+06
 7.30000E-06    2.60080E+06
 7.34466E-06    2.54120E+06
 7.38396E-06    2.49017E+06
 7.41851E-06    2.44637E+06
 7.44889E-06    2.40867E+06
 7.47556E-06    2.37616E+06
 7.52248E-06    2.32032E+06
 7.55786E-06    2.27930E+06
 7.58450E-06    2.24902E+06
 7.62465E-06    2.20434E+06
 7.66500E-06    2.16055E+06
 7.68732E-06    2.11611E+06
 7.70830E-06    2.07528E+06
 7.72802E-06    2.03772E+06
 7.74656E-06    2.00312E+06
 7.76398E-06    1.97122E+06
 7.78034E-06    1.94177E+06
 7.79572E-06    1.91457E+06
 7.82462E-06    1.86458E+06
 7.85001E-06    1.82191E+06
 7.87228E-06    1.78538E+06
 7.89183E-06    1.75401E+06
 7.90897E-06    1.72702E+06
 7.92400E-06    1.70375E+06
 7.95037E-06    1.66376E+06
 7.97020E-06    1.63439E+06
 7.98511E-06    1.61271E+06
 8.00752E-06    1.58072E+06
 8.03000E-06    1.54936E+06
 8.05234E-06    1.51348E+06
 8.07334E-06    1.48060E+06
 8.09308E-06    1.45042E+06
 8.11163E-06    1.42269E+06
 8.12905E-06    1.39717E+06
 8.14543E-06    1.37366E+06
 8.16080E-06    1.35199E+06
 8.17525E-06    1.33197E+06
 8.18881E-06    1.31348E+06
 8.21431E-06    1.27950E+06
 8.23668E-06    1.25048E+06
 8.25630E-06    1.22563E+06
 8.27352E-06    1.20430E+06
 8.28860E-06    1.18593E+06
 8.30183E-06    1.17009E+06
 8.32502E-06    1.14288E+06
 8.34246E-06    1.12289E+06
 8.36869E-06    1.09356E+06
 8.39500E-06    1.06499E+06
 8.41736E-06    1.04110E+06
 8.43838E-06    1.01919E+06
 8.45813E-06    9.99065E+05
 8.47669E-06    9.80561E+05
 8.49412E-06    9.63524E+05
 8.51050E-06    9.47822E+05
 8.52588E-06    9.33333E+05
 8.54033E-06    9.19951E+05
 8.55390E-06    9.07580E+05
 8.57939E-06    8.84831E+05
 8.60176E-06    8.65393E+05
 8.62139E-06    8.48736E+05
 8.63859E-06    8.34424E+05
 8.65367E-06    8.22100E+05
 8.68013E-06    8.00968E+05
 8.70003E-06    7.85476E+05
 8.71499E-06    7.74054E+05
 8.73746E-06    7.57232E+05
 8.76000E-06    7.40776E+05
 8.78238E-06    7.25491E+05
 8.80341E-06    7.11447E+05
 8.82317E-06    6.98528E+05
 8.84174E-06    6.86630E+05
 8.85919E-06    6.75660E+05
 8.87557E-06    6.65534E+05
 8.89096E-06    6.56180E+05
 8.91988E-06    6.38992E+05
 8.94527E-06    6.24323E+05
 8.96754E-06    6.11764E+05
 8.98707E-06    6.00982E+05
 9.00420E-06    5.91704E+05
 9.01921E-06    5.83703E+05
 9.04554E-06    5.69962E+05
 9.06534E-06    5.59868E+05
 9.08022E-06    5.52415E+05
 9.10258E-06    5.41422E+05
 9.12500E-06    5.30647E+05
 9.14739E-06    5.20729E+05
 9.16844E-06    5.11599E+05
 9.18821E-06    5.03185E+05
 9.20679E-06    4.95422E+05
 9.22424E-06    4.88254E+05
 9.24063E-06    4.81628E+05
 9.27144E-06    4.69445E+05
 9.29848E-06    4.59038E+05
 9.32221E-06    4.50122E+05
 9.34302E-06    4.42462E+05
 9.36127E-06    4.35867E+05
 9.39329E-06    4.24561E+05
 9.41737E-06    4.16274E+05
 9.43548E-06    4.10165E+05
 9.46270E-06    4.01170E+05
 9.49000E-06    3.92372E+05
 9.51241E-06    3.85738E+05
 9.53347E-06    3.79621E+05
 9.55325E-06    3.73974E+05
 9.57184E-06    3.68756E+05
 9.60679E-06    3.59169E+05
 9.63747E-06    3.50984E+05
 9.66439E-06    3.43976E+05
 9.68802E-06    3.37959E+05
 9.70873E-06    3.32780E+05
 9.72690E-06    3.28314E+05
 9.75877E-06    3.20642E+05
 9.78274E-06    3.15005E+05
 9.80075E-06    3.10843E+05
 9.82784E-06    3.04703E+05
 9.85500E-06    2.98684E+05
 9.87743E-06    2.94099E+05
 9.89850E-06    2.89864E+05
 9.91829E-06    2.85950E+05
 9.95551E-06    2.78752E+05
 9.98819E-06    2.72603E+05
 1.00169E-05    2.67333E+05
 1.00420E-05    2.62806E+05
 1.00641E-05    2.58908E+05
 1.01029E-05    2.52225E+05
 1.01320E-05    2.47326E+05
 1.01539E-05    2.43715E+05
 1.01869E-05    2.38396E+05
 1.02200E-05    2.33193E+05
 1.02424E-05    2.29925E+05
 1.02635E-05    2.26902E+05
 1.03032E-05    2.21342E+05
 1.03380E-05    2.16588E+05
 1.03685E-05    2.12513E+05
 1.03954E-05    2.09010E+05
 1.04189E-05    2.05992E+05
 1.04602E-05    2.00815E+05
 1.04912E-05    1.97018E+05
 1.05146E-05    1.94218E+05
 1.05497E-05    1.90092E+05
 1.05850E-05    1.86053E+05
 1.06300E-05    1.81294E+05
 1.06694E-05    1.77230E+05
 1.07041E-05    1.73749E+05
 1.07345E-05    1.70760E+05
 1.07612E-05    1.68186E+05
 1.07847E-05    1.65965E+05
 1.08258E-05    1.62150E+05
 1.08567E-05    1.59347E+05
 1.09032E-05    1.55232E+05
 1.09500E-05    1.51223E+05
 1.09950E-05    1.47649E+05
 1.10345E-05    1.44591E+05
 1.10692E-05    1.41967E+05
 1.10996E-05    1.39711E+05
 1.11263E-05    1.37765E+05
 1.11732E-05    1.34426E+05
 1.12085E-05    1.31975E+05
 1.12350E-05    1.30166E+05
 1.12749E-05    1.27499E+05
 1.13150E-05    1.24887E+05
 1.13600E-05    1.22145E+05
 1.13995E-05    1.19796E+05
 1.14342E-05    1.17777E+05
 1.14646E-05    1.16039E+05
 1.15181E-05    1.13058E+05
 1.15584E-05    1.10873E+05
 1.15887E-05    1.09262E+05
 1.16342E-05    1.06889E+05
 1.16800E-05    1.04568E+05
 1.17250E-05    1.02426E+05
 1.17645E-05    1.00587E+05
 1.17992E-05    9.90059E+04
 1.18297E-05    9.76425E+04
 1.18831E-05    9.53015E+04
 1.19234E-05    9.35827E+04
 1.19537E-05    9.23140E+04
 1.19993E-05    9.04431E+04
 1.20450E-05    8.86101E+04
 1.20900E-05    8.69089E+04
 1.21296E-05    8.54472E+04
 1.21643E-05    8.41884E+04
 1.21947E-05    8.31022E+04
 1.22482E-05    8.12349E+04
 1.22884E-05    7.98620E+04
 1.23491E-05    7.78461E+04
 1.24100E-05    7.58810E+04
 1.24550E-05    7.45105E+04
 1.24946E-05    7.33317E+04
 1.25293E-05    7.23155E+04
 1.25903E-05    7.05710E+04
 1.26362E-05    6.92902E+04
 1.26708E-05    6.83449E+04
 1.27228E-05    6.69512E+04
 1.27750E-05    6.55858E+04
 1.28201E-05    6.44676E+04
 1.28596E-05    6.35049E+04
 1.28943E-05    6.26743E+04
 1.29553E-05    6.12468E+04
 1.30012E-05    6.01975E+04
 1.30358E-05    5.94224E+04
 1.30878E-05    5.82784E+04
 1.31400E-05    5.71564E+04
 1.31851E-05    5.62337E+04
 1.32247E-05    5.54385E+04
 1.32942E-05    5.40740E+04
 1.33466E-05    5.30726E+04
 1.33860E-05    5.23338E+04
 1.34454E-05    5.12448E+04
 1.35050E-05    5.01785E+04
 1.35501E-05    4.94093E+04
 1.35897E-05    4.87459E+04
 1.36592E-05    4.76063E+04
 1.37116E-05    4.67692E+04
 1.37510E-05    4.61510E+04
 1.38104E-05    4.52390E+04
 1.38700E-05    4.43450E+04
 1.39151E-05    4.36978E+04
 1.39547E-05    4.31393E+04
 1.40243E-05    4.21790E+04
 1.40766E-05    4.14728E+04
 1.41556E-05    4.04357E+04
 1.42350E-05    3.94245E+04
 1.42801E-05    3.88755E+04
 1.43594E-05    3.79331E+04
 1.44192E-05    3.72413E+04
 1.44642E-05    3.67307E+04
 1.45319E-05    3.59780E+04
 1.46000E-05    3.52407E+04
 1.46793E-05    3.45665E+04
 1.47584E-05    3.39104E+04
 1.48372E-05    3.32717E+04
 1.49159E-05    3.26499E+04
 1.49944E-05    3.20444E+04
 1.50727E-05    3.14547E+04
 1.51508E-05    3.08804E+04
 1.52286E-05    3.03210E+04
 1.53063E-05    2.97759E+04
 1.53837E-05    2.92447E+04
 1.54609E-05    2.87271E+04
 1.55379E-05    2.82226E+04
 1.56147E-05    2.77308E+04
 1.56912E-05    2.72512E+04
 1.57676E-05    2.67837E+04
 1.58436E-05    2.63277E+04
 1.59195E-05    2.58829E+04
 1.59951E-05    2.54491E+04
 1.60705E-05    2.50258E+04
 1.61457E-05    2.46128E+04
 1.62206E-05    2.42097E+04
 1.62953E-05    2.38164E+04
 1.63697E-05    2.34324E+04
 1.64439E-05    2.30575E+04
 1.65178E-05    2.26915E+04
 1.65915E-05    2.23341E+04
 1.66649E-05    2.19850E+04
 1.67381E-05    2.16441E+04
 1.68110E-05    2.13111E+04
 1.68837E-05    2.09857E+04
 1.69561E-05    2.06678E+04
 1.70283E-05    2.03571E+04
 1.71002E-05    2.00534E+04
 1.71718E-05    1.97566E+04
 1.72432E-05    1.94665E+04
 1.73143E-05    1.91829E+04
 1.73851E-05    1.89055E+04
 1.74557E-05    1.86343E+04
 1.75260E-05    1.83690E+04
 1.75960E-05    1.81096E+04
 1.76658E-05    1.78558E+04
 1.77353E-05    1.76075E+04
 1.78045E-05    1.73645E+04
 1.78735E-05    1.71268E+04
 1.79421E-05    1.68941E+04
 1.80105E-05    1.66664E+04
 1.80787E-05    1.64435E+04
 1.81465E-05    1.62252E+04
 1.82141E-05    1.60116E+04
 1.82813E-05    1.58024E+04
 1.83483E-05    1.55975E+04
 1.84151E-05    1.53969E+04
 1.84815E-05    1.52003E+04
 1.85477E-05    1.50078E+04
 1.86136E-05    1.48192E+04
 1.86791E-05    1.46344E+04
 1.88100E-05    1.42746E+04
 1.89397E-05    1.39289E+04
 1.90682E-05    1.35969E+04
 1.91956E-05    1.32778E+04
 1.93219E-05    1.29710E+04
 1.94469E-05    1.26759E+04
 1.95708E-05    1.23919E+04
 1.96936E-05    1.21186E+04
 1.98152E-05    1.18555E+04
 1.99356E-05    1.16021E+04
 2.00548E-05    1.13579E+04
 2.01729E-05    1.11226E+04
 2.02898E-05    1.08957E+04
 2.04055E-05    1.06768E+04
 2.05201E-05    1.04657E+04
 2.06335E-05    1.02619E+04
 2.07458E-05    1.00652E+04
 2.08569E-05    9.87531E+03
 2.09668E-05    9.69185E+03
 2.10756E-05    9.51458E+03
 2.11833E-05    9.34324E+03
 2.12898E-05    9.17760E+03
 2.13951E-05    9.01741E+03
 2.14993E-05    8.86246E+03
 2.16024E-05    8.71253E+03
 2.17044E-05    8.56742E+03
 2.18052E-05    8.42694E+03
 2.19050E-05    8.29090E+03
 2.20036E-05    8.15913E+03
 2.21011E-05    8.03147E+03
 2.21975E-05    7.90776E+03
 2.22928E-05    7.78783E+03
 2.23870E-05    7.67156E+03
 2.24801E-05    7.55880E+03
 2.25722E-05    7.44943E+03
 2.26631E-05    7.34330E+03
 2.27531E-05    7.24031E+03
 2.28419E-05    7.14034E+03
 2.29297E-05    7.04329E+03
 2.30165E-05    6.94903E+03
 2.31023E-05    6.85748E+03
 2.31870E-05    6.76854E+03
 2.32706E-05    6.68212E+03
 2.33533E-05    6.59812E+03
 2.35170E-05    6.43583E+03
 2.36766E-05    6.28242E+03
 2.38322E-05    6.13729E+03
 2.39840E-05    5.99989E+03
 2.41319E-05    5.86972E+03
 2.42761E-05    5.74631E+03
 2.44166E-05    5.62923E+03
 2.45535E-05    5.51809E+03
 2.46868E-05    5.41251E+03
 2.48167E-05    5.31216E+03
 2.49432E-05    5.21672E+03
 2.50663E-05    5.12590E+03
 2.51862E-05    5.03942E+03
 2.53028E-05    4.95704E+03
 2.54163E-05    4.87851E+03
 2.55268E-05    4.80363E+03
 2.56343E-05    4.73218E+03
 2.57388E-05    4.66398E+03
 2.58405E-05    4.59885E+03
 2.59394E-05    4.53662E+03
 2.60355E-05    4.47714E+03
 2.61290E-05    4.42026E+03
 2.63111E-05    4.31211E+03
 2.64830E-05    4.21312E+03
 2.66452E-05    4.12238E+03
 2.67981E-05    4.03909E+03
 2.69422E-05    3.96253E+03
 2.70781E-05    3.89208E+03
 2.72061E-05    3.82716E+03
 2.73266E-05    3.76729E+03
 2.74401E-05    3.71201E+03
 2.75469E-05    3.66093E+03
 2.76474E-05    3.61367E+03
 2.78369E-05    3.52671E+03
 2.80037E-05    3.45233E+03
 2.81505E-05    3.38854E+03
 2.82796E-05    3.33369E+03
 2.83931E-05    3.28642E+03
 2.85927E-05    3.20532E+03
 2.87433E-05    3.14580E+03
 2.88568E-05    3.10190E+03
 2.90279E-05    3.03718E+03
 2.92000E-05    2.97381E+03
 2.93676E-05    2.91372E+03
 2.95256E-05    2.85849E+03
 2.96745E-05    2.80767E+03
 2.98147E-05    2.76084E+03
 2.99468E-05    2.71764E+03
 3.00712E-05    2.67776E+03
 3.01883E-05    2.64091E+03
 3.02984E-05    2.60682E+03
 3.05061E-05    2.54408E+03
 3.06889E-05    2.49042E+03
 3.08498E-05    2.44440E+03
 3.09913E-05    2.40483E+03
 3.11156E-05    2.37073E+03
 3.13344E-05    2.31222E+03
 3.14995E-05    2.26929E+03
 3.16239E-05    2.23761E+03
 3.18114E-05    2.19092E+03
 3.20000E-05    2.14521E+03
 3.22364E-05    2.09777E+03
 3.24597E-05    2.05424E+03
 3.26704E-05    2.01426E+03
 3.28691E-05    1.97748E+03
 3.30566E-05    1.94361E+03
 3.32333E-05    1.91239E+03
 3.33998E-05    1.88357E+03
 3.35567E-05    1.85695E+03
 3.37044E-05    1.83233E+03
 3.38435E-05    1.80955E+03
 3.41058E-05    1.76759E+03
 3.43370E-05    1.73168E+03
 3.45406E-05    1.70086E+03
 3.47198E-05    1.67434E+03
 3.48773E-05    1.65147E+03
 3.51546E-05    1.61221E+03
 3.53641E-05    1.58337E+03
 3.55220E-05    1.56208E+03
 3.57602E-05    1.53069E+03
 3.60000E-05    1.49992E+03
 3.75939E-05    1.52101E+03
 3.91521E-05    1.54105E+03
 4.06716E-05    1.56008E+03
 4.21497E-05    1.57813E+03
 4.35841E-05    1.59524E+03
 4.49731E-05    1.61145E+03
 4.76980E-05    1.64230E+03
 5.02174E-05    1.66977E+03
 5.25308E-05    1.69418E+03
 5.46423E-05    1.71584E+03
 5.65593E-05    1.73501E+03
 6.00774E-05    1.76909E+03
 6.28589E-05    1.79508E+03
 6.50292E-05    1.81483E+03
 6.84259E-05    1.84485E+03
 7.20000E-05    1.87537E+03
 7.51877E-05    1.90174E+03
 7.83043E-05    1.92680E+03
 8.13432E-05    1.95059E+03
 8.42993E-05    1.97316E+03
 8.71681E-05    1.99456E+03
 8.99462E-05    2.01483E+03
 9.53960E-05    2.05339E+03
 1.00435E-04    2.08774E+03
 1.05062E-04    2.11826E+03
 1.09285E-04    2.14534E+03
 1.13119E-04    2.16931E+03
 1.20155E-04    2.21192E+03
 1.25718E-04    2.24442E+03
 1.30058E-04    2.26911E+03
 1.36852E-04    2.30665E+03
 1.44000E-04    2.34481E+03
 1.50375E-04    2.37778E+03
 1.56609E-04    2.40911E+03
 1.62686E-04    2.43885E+03
 1.68599E-04    2.46707E+03
 1.74336E-04    2.49383E+03
 1.79892E-04    2.51917E+03
 1.90792E-04    2.56739E+03
 2.00870E-04    2.61033E+03
 2.10123E-04    2.64850E+03
 2.18569E-04    2.68235E+03
 2.26237E-04    2.71233E+03
 2.40310E-04    2.76560E+03
 2.51436E-04    2.80623E+03
 2.60117E-04    2.83710E+03
 2.73703E-04    2.88404E+03
 2.88000E-04    2.93176E+03
 3.00751E-04    2.97298E+03
 3.13217E-04    3.01215E+03
 3.25373E-04    3.04934E+03
 3.37197E-04    3.08462E+03
 3.48672E-04    3.11807E+03
 3.59785E-04    3.14976E+03
 3.81584E-04    3.21005E+03
 4.01739E-04    3.26374E+03
 4.20247E-04    3.31146E+03
 4.37138E-04    3.35379E+03
 4.52475E-04    3.39127E+03
 4.80620E-04    3.45787E+03
 5.02871E-04    3.50868E+03
 5.20233E-04    3.54727E+03
 5.47407E-04    3.60596E+03
 5.76000E-04    3.66562E+03
 5.96206E-04    3.70658E+03
 6.15792E-04    3.74540E+03
 6.34738E-04    3.78216E+03
 6.71846E-04    3.85205E+03
 7.06092E-04    3.91427E+03
 7.37486E-04    3.96954E+03
 7.66098E-04    4.01853E+03
 7.92043E-04    4.06190E+03
 8.39579E-04    4.13893E+03
 8.77094E-04    4.19765E+03
 9.06326E-04    4.24224E+03
 9.52012E-04    4.31001E+03
 1.00000E-03    4.37887E+03
 1.02190E-03    4.32856E+03
 1.04357E-03    4.28038E+03
 1.06500E-03    4.23422E+03
 1.08618E-03    4.18997E+03
 1.10710E-03    4.14754E+03
 1.12775E-03    4.10686E+03
 1.14812E-03    4.06782E+03
 1.16821E-03    4.03036E+03
 1.18800E-03    3.99439E+03
 1.20750E-03    3.95986E+03
 1.22669E-03    3.92669E+03
 1.26475E-03    3.86321E+03
 1.30150E-03    3.80464E+03
 1.33692E-03    3.75053E+03
 1.37100E-03    3.70050E+03
 1.40374E-03    3.65420E+03
 1.43515E-03    3.61133E+03
 1.46523E-03    3.57159E+03
 1.49400E-03    3.53473E+03
 1.52148E-03    3.50052E+03
 1.54771E-03    3.46875E+03
 1.57271E-03    3.43923E+03
 1.62068E-03    3.38455E+03
 1.66385E-03    3.33742E+03
 1.70256E-03    3.29672E+03
 1.73718E-03    3.26151E+03
 1.76804E-03    3.23102E+03
 1.82338E-03    3.17833E+03
 1.86601E-03    3.13939E+03
 1.89864E-03    3.11049E+03
 1.94866E-03    3.06764E+03
 2.00000E-03    3.02538E+03
 2.04379E-03    2.99274E+03
 2.08713E-03    2.96145E+03
 2.13000E-03    2.93145E+03
 2.17236E-03    2.90268E+03
 2.21420E-03    2.87507E+03
 2.25550E-03    2.84858E+03
 2.29625E-03    2.82316E+03
 2.33642E-03    2.79874E+03
 2.37601E-03    2.77528E+03
 2.45463E-03    2.73040E+03
 2.53070E-03    2.68898E+03
 2.60416E-03    2.65072E+03
 2.67496E-03    2.61535E+03
 2.74308E-03    2.58261E+03
 2.80852E-03    2.55230E+03
 2.87128E-03    2.52420E+03
 2.93140E-03    2.49814E+03
 2.98890E-03    2.47395E+03
 3.04383E-03    2.45149E+03
 3.09625E-03    2.43061E+03
 3.19697E-03    2.39195E+03
 3.28779E-03    2.35863E+03
 3.36937E-03    2.32985E+03
 3.44241E-03    2.30496E+03
 3.50762E-03    2.28340E+03
 3.56569E-03    2.26470E+03
 3.66963E-03    2.23234E+03
 3.74957E-03    2.20837E+03
 3.87276E-03    2.17291E+03
 4.00000E-03    2.13801E+03
 4.11314E-03    2.10835E+03
 4.21476E-03    2.08273E+03
 4.30574E-03    2.06057E+03
 4.38695E-03    2.04138E+03
 4.45927E-03    2.02473E+03
 4.58871E-03    1.99592E+03
 4.68825E-03    1.97458E+03
 4.84161E-03    1.94300E+03
 5.00000E-03    1.91193E+03
 5.10949E-03    1.89460E+03
 5.21784E-03    1.87797E+03
 5.32499E-03    1.86199E+03
 5.43089E-03    1.84664E+03
 5.53550E-03    1.83189E+03
 5.63875E-03    1.81772E+03
 5.84432E-03    1.79057E+03
 6.04384E-03    1.76548E+03
 6.23708E-03    1.74228E+03
 6.42384E-03    1.72081E+03
 6.60401E-03    1.70092E+03
 6.77750E-03    1.68248E+03
 6.94429E-03    1.66538E+03
 7.10438E-03    1.64950E+03
 7.25781E-03    1.63476E+03
 7.40466E-03    1.62105E+03
 7.54503E-03    1.60831E+03
 7.81544E-03    1.58468E+03
 8.05999E-03    1.56429E+03
 8.28023E-03    1.54667E+03
 8.47788E-03    1.53141E+03
 8.65469E-03    1.51818E+03
 8.97302E-03    1.49531E+03
 9.21943E-03    1.47838E+03
 9.40866E-03    1.46581E+03
 9.69983E-03    1.44715E+03
 1.00000E-02    1.42873E+03
 1.04427E-02    1.40971E+03
 1.08756E-02    1.39210E+03
 1.12977E-02    1.37580E+03
 1.17082E-02    1.36069E+03
 1.21067E-02    1.34668E+03
 1.24925E-02    1.33367E+03
 1.28654E-02    1.32159E+03
 1.32251E-02    1.31036E+03
 1.35715E-02    1.29992E+03
 1.39044E-02    1.29021E+03
 1.42239E-02    1.28117E+03
 1.48430E-02    1.26440E+03
 1.54067E-02    1.24990E+03
 1.59175E-02    1.23735E+03
 1.63783E-02    1.22647E+03
 1.67924E-02    1.21703E+03
 1.75426E-02    1.20069E+03
 1.81271E-02    1.18857E+03
 1.85782E-02    1.17957E+03
 1.92760E-02    1.16619E+03
 2.00000E-02    1.15296E+03
 2.04379E-02    1.14428E+03
 2.08713E-02    1.13594E+03
 2.17374E-02    1.11994E+03
 2.25819E-02    1.10515E+03
 2.34034E-02    1.09147E+03
 2.42007E-02    1.07879E+03
 2.49728E-02    1.06703E+03
 2.57190E-02    1.05613E+03
 2.64388E-02    1.04601E+03
 2.71320E-02    1.03662E+03
 2.77982E-02    1.02788E+03
 2.84377E-02    1.01976E+03
 2.90506E-02    1.01220E+03
 3.02356E-02    9.98187E+02
 3.13120E-02    9.86082E+02
 3.22853E-02    9.75611E+02
 3.31617E-02    9.66539E+02
 3.39480E-02    9.58671E+02
 3.53693E-02    9.45056E+02
 3.64741E-02    9.34971E+02
 3.73253E-02    9.27478E+02
 3.86395E-02    9.16352E+02
 4.00000E-02    9.05358E+02
 4.11314E-02    8.96593E+02
 4.21476E-02    8.88993E+02
 4.30574E-02    8.82396E+02
 4.46970E-02    8.70969E+02
 4.59675E-02    8.62496E+02
 4.69441E-02    8.56195E+02
 4.84480E-02    8.46831E+02
 5.00000E-02    8.37568E+02
 5.10949E-02    8.28868E+02
 5.21784E-02    8.20527E+02
 5.32499E-02    8.12526E+02
 5.43089E-02    8.04849E+02
 5.53550E-02    7.97482E+02
 5.63875E-02    7.90409E+02
 5.74062E-02    7.83617E+02
 5.84105E-02    7.77093E+02
 5.94002E-02    7.70824E+02
 6.13658E-02    7.58823E+02
 6.32676E-02    7.47741E+02
 6.51039E-02    7.37499E+02
 6.68739E-02    7.28025E+02
 6.85770E-02    7.19253E+02
 7.02129E-02    7.11125E+02
 7.17821E-02    7.03589E+02
 7.32850E-02    6.96597E+02
 7.47225E-02    6.90104E+02
 7.60958E-02    6.84073E+02
 7.74062E-02    6.78466E+02
 7.99243E-02    6.68077E+02
 8.21947E-02    6.59117E+02
 8.42342E-02    6.51375E+02
 8.60602E-02    6.44676E+02
 8.76904E-02    6.38871E+02
 9.06179E-02    6.28838E+02
 9.28775E-02    6.21416E+02
 9.46091E-02    6.15908E+02
 9.72672E-02    6.07736E+02
 1.00000E-01    5.99673E+02
 1.02190E-01    5.92939E+02
 1.04357E-01    5.86487E+02
 1.06500E-01    5.80304E+02
 1.08618E-01    5.74376E+02
 1.10710E-01    5.68691E+02
 1.12775E-01    5.63237E+02
 1.14812E-01    5.58004E+02
 1.16821E-01    5.52981E+02
 1.18800E-01    5.48158E+02
 1.20750E-01    5.43525E+02
 1.24619E-01    5.34661E+02
 1.28358E-01    5.26482E+02
 1.31966E-01    5.18928E+02
 1.35440E-01    5.11945E+02
 1.38780E-01    5.05484E+02
 1.41986E-01    4.99500E+02
 1.45059E-01    4.93955E+02
 1.48001E-01    4.88812E+02
 1.50812E-01    4.84039E+02
 1.53496E-01    4.79607E+02
 1.56056E-01    4.75489E+02
 1.60972E-01    4.67862E+02
 1.65400E-01    4.61290E+02
 1.69374E-01    4.55614E+02
 1.72930E-01    4.50706E+02
 1.76102E-01    4.46454E+02
 1.78926E-01    4.42767E+02
 1.83976E-01    4.36387E+02
 1.87858E-01    4.31662E+02
 1.93834E-01    4.24672E+02
 2.00000E-01    4.17794E+02
 2.05133E-01    4.13262E+02
 2.10065E-01    4.09059E+02
 2.14796E-01    4.05156E+02
 2.19328E-01    4.01532E+02
 2.23664E-01    3.98163E+02
 2.27807E-01    3.95031E+02
 2.35782E-01    3.89224E+02
 2.42989E-01    3.84214E+02
 2.49476E-01    3.79882E+02
 2.55294E-01    3.76132E+02
 2.60496E-01    3.72881E+02
 2.69855E-01    3.67259E+02
 2.77095E-01    3.63099E+02
 2.82652E-01    3.60009E+02
 2.91197E-01    3.55425E+02
 3.00000E-01    3.50898E+02
 3.05443E-01    3.46383E+02
 3.10635E-01    3.42202E+02
 3.15583E-01    3.38329E+02
 3.20293E-01    3.34737E+02
 3.24773E-01    3.31405E+02
 3.29030E-01    3.28311E+02
 3.37162E-01    3.22587E+02
 3.44442E-01    3.17661E+02
 3.50941E-01    3.13412E+02
 3.56728E-01    3.09741E+02
 3.61870E-01    3.06565E+02
 3.71047E-01    3.01083E+02
 3.78083E-01    2.97037E+02
 3.83447E-01    2.94038E+02
 3.91636E-01    2.89596E+02
 4.00000E-01    2.85221E+02
 4.05618E-01    2.81463E+02
 4.10956E-01    2.77985E+02
 4.16024E-01    2.74763E+02
 4.20833E-01    2.71777E+02
 4.25391E-01    2.69007E+02
 4.34071E-01    2.63888E+02
 4.41812E-01    2.59490E+02
 4.48697E-01    2.55701E+02
 4.54811E-01    2.52431E+02
 4.60228E-01    2.49605E+02
 4.69864E-01    2.44734E+02
 4.77223E-01    2.41144E+02
 4.82818E-01    2.38485E+02
 4.91334E-01    2.34553E+02
 5.00000E-01    2.30685E+02
 5.05730E-01    2.28062E+02
 5.11162E-01    2.25631E+02
 5.16307E-01    2.23375E+02
 5.26094E-01    2.19205E+02
 5.34810E-01    2.15621E+02
 5.42554E-01    2.12533E+02
 5.49423E-01    2.09867E+02
 5.55504E-01    2.07562E+02
 5.66309E-01    2.03588E+02
 5.74550E-01    2.00658E+02
 5.80809E-01    1.98489E+02
 5.90327E-01    1.95278E+02
 6.00000E-01    1.92119E+02
 6.11673E-01    1.88613E+02
 6.22074E-01    1.85597E+02
 6.31319E-01    1.82998E+02
 6.39521E-01    1.80754E+02
 6.46786E-01    1.78813E+02
 6.59697E-01    1.75466E+02
 6.69550E-01    1.72997E+02
 6.77036E-01    1.71168E+02
 6.88422E-01    1.68460E+02
 7.00000E-01    1.65796E+02
 7.11782E-01    1.63498E+02
 7.22254E-01    1.61513E+02
 7.31543E-01    1.59796E+02
 7.48088E-01    1.56836E+02
 7.60741E-01    1.54651E+02
 7.70371E-01    1.53033E+02
 7.85046E-01    1.50637E+02
 8.00000E-01    1.48279E+02
 8.11865E-01    1.46818E+02
 8.33055E-01    1.44295E+02
 8.49309E-01    1.42431E+02
 8.61708E-01    1.41050E+02
 8.80646E-01    1.39002E+02
 9.00000E-01    1.36984E+02
 9.24021E-01    1.35186E+02
 9.42457E-01    1.33854E+02
 9.70802E-01    1.31879E+02
 1.00000E+00    1.29934E+02
 1.02305E+00    1.29018E+02
 1.06468E+00    1.27431E+02
 1.09701E+00    1.26254E+02
 1.12190E+00    1.25378E+02
 1.16029E+00    1.24075E+02
 1.20000E+00    1.22786E+02
 1.24715E+00    1.21383E+02
 1.28372E+00    1.20341E+02
 1.34060E+00    1.18795E+02
 1.40000E+00    1.17269E+02
 1.42356E+00    1.16086E+02
 1.44451E+00    1.15061E+02
 1.48190E+00    1.13288E+02
 1.51058E+00    1.11977E+02
 1.53246E+00    1.11003E+02
 1.56587E+00    1.09559E+02
 1.60000E+00    1.08133E+02
 1.62373E+00    1.06451E+02
 1.64478E+00    1.05001E+02
 1.66343E+00    1.03748E+02
 1.67992E+00    1.02664E+02
 1.70917E+00    1.00794E+02
 1.73143E+00    9.94146E+01
 1.74833E+00    9.83921E+01
 1.77398E+00    9.68780E+01
 1.80000E+00    9.53873E+01
 1.82386E+00    9.35544E+01
 1.84500E+00    9.19795E+01
 1.86370E+00    9.06233E+01
 1.88022E+00    8.94530E+01
 1.89479E+00    8.84414E+01
 1.92056E+00    8.66985E+01
 1.94012E+00    8.54139E+01
 1.95492E+00    8.44630E+01
 1.97733E+00    8.30565E+01
 2.00000E+00    8.16733E+01
 2.02397E+00    7.99405E+01
 2.04518E+00    7.84544E+01
 2.06392E+00    7.71768E+01
 2.08046E+00    7.60760E+01
 2.09504E+00    7.51256E+01
 2.12080E+00    7.34910E+01
 2.14033E+00    7.22885E+01
 2.15509E+00    7.13995E+01
 2.17743E+00    7.00864E+01
 2.20000E+00    6.87975E+01
 2.22406E+00    6.72805E+01
 2.24533E+00    6.59805E+01
 2.26410E+00    6.48637E+01
 2.28066E+00    6.39020E+01
 2.29525E+00    6.30722E+01
 2.32100E+00    6.16459E+01
 2.34050E+00    6.05974E+01
 2.35524E+00    5.98227E+01
 2.37751E+00    5.86792E+01
 2.40000E+00    5.75576E+01
 2.42413E+00    5.62806E+01
 2.44545E+00    5.51865E+01
 2.46425E+00    5.42466E+01
 2.48083E+00    5.34374E+01
 2.49542E+00    5.27392E+01
 2.52116E+00    5.15392E+01
 2.54065E+00    5.06572E+01
 2.55536E+00    5.00056E+01
 2.57758E+00    4.90439E+01
 2.60000E+00    4.81007E+01
 2.62420E+00    4.70489E+01
 2.64555E+00    4.61474E+01
 2.66438E+00    4.53728E+01
 2.68097E+00    4.47057E+01
 2.69557E+00    4.41300E+01
 2.72130E+00    4.31404E+01
 2.74077E+00    4.24128E+01
 2.75546E+00    4.18751E+01
 2.77764E+00    4.10814E+01
 2.80000E+00    4.03027E+01
 2.82425E+00    3.94375E+01
 2.84564E+00    3.86957E+01
 2.86450E+00    3.80581E+01
 2.88109E+00    3.75088E+01
 2.89570E+00    3.70347E+01
 2.92143E+00    3.62194E+01
 2.94087E+00    3.56197E+01
 2.95555E+00    3.51764E+01
 2.97769E+00    3.45219E+01
 3.00000E+00    3.38795E+01
 3.02430E+00    3.31632E+01
 3.04572E+00    3.25489E+01
 3.06459E+00    3.20207E+01
 3.08120E+00    3.15655E+01
 3.09581E+00    3.11726E+01
 3.12153E+00    3.04967E+01
 3.14097E+00    2.99994E+01
 3.15562E+00    2.96318E+01
 3.17773E+00    2.90888E+01
 3.20000E+00    2.85557E+01
 3.22434E+00    2.79495E+01
 3.24579E+00    2.74297E+01
 3.26468E+00    2.69828E+01
 3.28130E+00    2.65977E+01
 3.29590E+00    2.62653E+01
 3.32163E+00    2.56935E+01
 3.34105E+00    2.52729E+01
 3.35569E+00    2.49619E+01
 3.37777E+00    2.45026E+01
 3.40000E+00    2.40518E+01
 3.42438E+00    2.35294E+01
 3.44585E+00    2.30817E+01
 3.46476E+00    2.26969E+01
 3.48138E+00    2.23655E+01
 3.49599E+00    2.20794E+01
 3.52171E+00    2.15877E+01
 3.54112E+00    2.12260E+01
 3.55575E+00    2.09588E+01
 3.57781E+00    2.05642E+01
 3.60000E+00    2.01771E+01
 3.62441E+00    1.97266E+01
 3.64591E+00    1.93406E+01
 3.66482E+00    1.90091E+01
 3.68145E+00    1.87237E+01
 3.69607E+00    1.84774E+01
 3.72178E+00    1.80543E+01
 3.74118E+00    1.77433E+01
 3.75580E+00    1.75136E+01
 3.77784E+00    1.71746E+01
 3.80000E+00    1.68422E+01
 3.82444E+00    1.64571E+01
 3.84596E+00    1.61273E+01
 3.86488E+00    1.58442E+01
 3.88152E+00    1.56005E+01
 3.89614E+00    1.53904E+01
 3.92185E+00    1.50295E+01
 3.94124E+00    1.47643E+01
 3.95585E+00    1.45686E+01
 3.97786E+00    1.42798E+01
 4.00000E+00    1.39967E+01
 4.02447E+00    1.36708E+01
 4.04600E+00    1.33919E+01
 4.06494E+00    1.31525E+01
 4.08158E+00    1.29465E+01
 4.09620E+00    1.27690E+01
 4.12191E+00    1.24641E+01
 4.14129E+00    1.22402E+01
 4.15589E+00    1.20749E+01
 4.17789E+00    1.18312E+01
 4.20000E+00    1.15924E+01
 4.22449E+00    1.13117E+01
 4.24604E+00    1.10717E+01
 4.26499E+00    1.08658E+01
 4.28164E+00    1.06888E+01
 4.29626E+00    1.05363E+01
 4.32196E+00    1.02747E+01
 4.34134E+00    1.00828E+01
 4.35593E+00    9.94115E+00
 4.37791E+00    9.73245E+00
 4.40000E+00    9.52814E+00
 4.42452E+00    9.29236E+00
 4.44608E+00    9.09085E+00
 4.46503E+00    8.91811E+00
 4.48169E+00    8.76966E+00
 4.49631E+00    8.64180E+00
 4.50914E+00    8.53145E+00
 4.53169E+00    8.34171E+00
 4.54867E+00    8.20218E+00
 4.57426E+00    7.99726E+00
 4.60000E+00    7.79745E+00
 4.62454E+00    7.60700E+00
 4.64611E+00    7.44417E+00
 4.66508E+00    7.30456E+00
 4.68173E+00    7.18456E+00
 4.69635E+00    7.08117E+00
 4.72205E+00    6.90380E+00
 4.74142E+00    6.77370E+00
 4.75600E+00    6.67774E+00
 4.77795E+00    6.53633E+00
 4.80000E+00    6.39792E+00
 4.82456E+00    6.23468E+00
 4.84615E+00    6.09527E+00
 4.86512E+00    5.97584E+00
 4.88177E+00    5.87327E+00
 4.89640E+00    5.78496E+00
 4.90923E+00    5.70878E+00
 4.93177E+00    5.57786E+00
 4.94874E+00    5.48165E+00
 4.96150E+00    5.41059E+00
 4.98071E+00    5.30571E+00
 5.00000E+00    5.20287E+00
 5.02457E+00    5.07370E+00
 5.04617E+00    4.96332E+00
 5.06515E+00    4.86870E+00
 5.08181E+00    4.78739E+00
 5.09644E+00    4.71736E+00
 5.12213E+00    4.59726E+00
 5.14149E+00    4.50920E+00
 5.15606E+00    4.44426E+00
 5.17798E+00    4.34860E+00
 5.20000E+00    4.25500E+00
 5.21228E+00    4.19997E+00
 5.23538E+00    4.09869E+00
 5.25568E+00    4.01208E+00
 5.27351E+00    3.93780E+00
 5.28916E+00    3.87394E+00
 5.30289E+00    3.81890E+00
 5.32700E+00    3.72447E+00
 5.34516E+00    3.65518E+00
 5.35882E+00    3.60406E+00
 5.37937E+00    3.52872E+00
 5.40000E+00    3.45495E+00
 5.42460E+00    3.36760E+00
 5.44622E+00    3.29299E+00
 5.46521E+00    3.22906E+00
 5.48188E+00    3.17414E+00
 5.49651E+00    3.12685E+00
 5.50934E+00    3.08605E+00
 5.53187E+00    3.01593E+00
 5.54882E+00    2.96439E+00
 5.57435E+00    2.88872E+00
 5.60000E+00    2.81498E+00
 5.62462E+00    2.74878E+00
 5.64625E+00    2.69214E+00
 5.66524E+00    2.64353E+00
 5.68191E+00    2.60172E+00
 5.69654E+00    2.56568E+00
 5.72223E+00    2.50380E+00
 5.74158E+00    2.45838E+00
 5.75613E+00    2.42485E+00
 5.77802E+00    2.37542E+00
 5.80000E+00    2.32699E+00
 5.82463E+00    2.26905E+00
 5.84627E+00    2.21954E+00
 5.86527E+00    2.17711E+00
 5.88194E+00    2.14065E+00
 5.89657E+00    2.10924E+00
 5.92226E+00    2.05539E+00
 5.94160E+00    2.01590E+00
 5.95615E+00    1.98679E+00
 5.97803E+00    1.94390E+00
 6.00000E+00    1.90194E+00
 6.02464E+00    1.86390E+00
 6.04629E+00    1.83125E+00
 6.06529E+00    1.80315E+00
 6.08197E+00    1.77891E+00
 6.11126E+00    1.73728E+00
 6.13333E+00    1.70669E+00
 6.14993E+00    1.68411E+00
 6.17491E+00    1.65079E+00
 6.20000E+00    1.61813E+00
 6.22465E+00    1.58407E+00
 6.24631E+00    1.55486E+00
 6.26532E+00    1.52975E+00
 6.28199E+00    1.50810E+00
 6.31129E+00    1.47096E+00
 6.33335E+00    1.44370E+00
 6.34995E+00    1.42359E+00
 6.37493E+00    1.39395E+00
 6.40000E+00    1.36493E+00
 6.42466E+00    1.34227E+00
 6.44632E+00    1.32275E+00
 6.46534E+00    1.30590E+00
 6.49874E+00    1.27693E+00
 6.52391E+00    1.25563E+00
 6.56184E+00    1.22434E+00
 6.60000E+00    1.19383E+00
 6.62467E+00    1.17905E+00
 6.66808E+00    1.15362E+00
 6.70082E+00    1.13492E+00
 6.75023E+00    1.10742E+00
 6.80000E+00    1.08059E+00
 6.82468E+00    1.06214E+00
 6.84636E+00    1.04626E+00
 6.86538E+00    1.03255E+00
 6.89879E+00    1.00900E+00
 6.92395E+00    9.91694E-01
 6.94289E+00    9.78907E-01
 6.97138E+00    9.60034E-01
 7.00000E+00    9.41526E-01
 7.20000E+00    9.38849E-01
 7.24949E+00    9.27717E-01
 7.32436E+00    9.11266E-01
 7.40000E+00    8.95106E-01
 7.60000E+00    9.10506E-01
 7.64951E+00    9.28018E-01
 7.72439E+00    9.54919E-01
 7.80000E+00    9.82599E-01
 7.84953E+00    9.69089E-01
 7.92441E+00    9.49171E-01
 8.00000E+00    9.29663E-01
 8.06085E+00    9.49243E-01
 8.11448E+00    9.66714E-01
 8.20919E+00    9.98065E-01
 8.28095E+00    1.02224E+00
 8.33517E+00    1.04076E+00
 8.41718E+00    1.06917E+00
 8.50000E+00    1.09835E+00
 8.56095E+00    1.12065E+00
 8.66866E+00    1.16078E+00
 8.75033E+00    1.19182E+00
 8.81209E+00    1.21564E+00
 8.90555E+00    1.25227E+00
 9.00000E+00    1.29000E+00
 9.12248E+00    1.33034E+00
 9.21543E+00    1.36142E+00
 9.35663E+00    1.40941E+00
 9.50000E+00    1.45909E+00
 9.74679E+00    1.52449E+00
 1.00000E+01    1.59283E+00
 1.05000E+01    1.69322E+00
 1.10000E+01    1.76202E+00
 1.15000E+01    1.79497E+00
 1.20000E+01    1.78604E+00
 1.22474E+01    1.75136E+00
 1.25000E+01    1.71736E+00
 1.26232E+01    1.68588E+00
 1.27163E+01    1.66265E+00
 1.28574E+01    1.62841E+00
 1.30000E+01    1.59487E+00
 1.30615E+01    1.57271E+00
 1.31155E+01    1.55357E+00
 1.32106E+01    1.52064E+00
 1.32824E+01    1.49640E+00
 1.33907E+01    1.46076E+00
 1.35000E+01    1.42597E+00
 1.35615E+01    1.40260E+00
 1.36156E+01    1.38247E+00
 1.36630E+01    1.36509E+00
 1.37465E+01    1.33521E+00
 1.38094E+01    1.31322E+00
 1.39044E+01    1.28092E+00
 1.40000E+01    1.24941E+00
 1.40615E+01    1.22790E+00
 1.41156E+01    1.20938E+00
 1.41631E+01    1.19341E+00
 1.42466E+01    1.16596E+00
 1.43095E+01    1.14579E+00
 1.43569E+01    1.13089E+00
 1.44283E+01    1.10891E+00
 1.45000E+01    1.08735E+00
 1.45616E+01    1.06882E+00
 1.46157E+01    1.05287E+00
 1.46632E+01    1.03911E+00
 1.47467E+01    1.01545E+00
 1.48096E+01    9.98067E-01
 1.48570E+01    9.85223E-01
 1.49283E+01    9.66266E-01
 1.50000E+01    9.47674E-01
 1.50606E+01    9.32068E-01
 1.51177E+01    9.17671E-01
 1.51714E+01    9.04375E-01
 1.52219E+01    8.92086E-01
 1.52694E+01    8.80716E-01
 1.53589E+01    8.59787E-01
 1.54376E+01    8.41883E-01
 1.55068E+01    8.26522E-01
 1.55676E+01    8.13312E-01
 1.56210E+01    8.01927E-01
 1.57149E+01    7.82384E-01
 1.57857E+01    7.68040E-01
 1.58390E+01    7.57456E-01
 1.59193E+01    7.41851E-01
 1.60000E+01    7.26568E-01
 1.61217E+01    7.09718E-01
 1.62290E+01    6.95295E-01
 1.63234E+01    6.82915E-01
 1.64065E+01    6.72264E-01
 1.64795E+01    6.63081E-01
 1.66081E+01    6.47310E-01
 1.67052E+01    6.35729E-01
 1.67784E+01    6.27180E-01
 1.68889E+01    6.14571E-01
 1.70000E+01    6.02215E-01
 1.71219E+01    5.90730E-01
 1.72293E+01    5.80861E-01
 1.73238E+01    5.72360E-01
 1.74069E+01    5.65024E-01
 1.75533E+01    5.52412E-01
 1.76639E+01    5.43138E-01
 1.77474E+01    5.36285E-01
 1.78732E+01    5.26167E-01
 1.80000E+01    5.16240E-01
 1.81221E+01    5.09079E-01
 1.82295E+01    5.02894E-01
 1.84192E+01    4.92251E-01
 1.85627E+01    4.84416E-01
 1.86711E+01    4.78623E-01
 1.88348E+01    4.70062E-01
 1.90000E+01    4.61654E-01
 1.91222E+01    4.56099E-01
 1.93380E+01    4.46537E-01
 1.95014E+01    4.39498E-01
 1.96249E+01    4.34291E-01
 1.98116E+01    4.26597E-01
 2.00000E+01    4.19039E-01
 2.02454E+01    4.11261E-01
 2.04315E+01    4.05523E-01
 2.07138E+01    3.97065E-01
 2.10000E+01    3.88784E-01
 2.12457E+01    3.81492E-01
 2.14318E+01    3.76114E-01
 2.17140E+01    3.68187E-01
 2.20000E+01    3.60428E-01
 2.22458E+01    3.55178E-01
 2.24320E+01    3.51290E-01
 2.27142E+01    3.45538E-01
 2.30000E+01    3.39881E-01
 2.32460E+01    3.34691E-01
 2.34323E+01    3.30851E-01
 2.37144E+01    3.25173E-01
 2.40000E+01    3.19592E-01
 2.42462E+01    3.15622E-01
 2.46202E+01    3.09759E-01
 2.50000E+01    3.04005E-01
 2.54951E+01    2.98331E-01
 2.60000E+01    2.92762E-01
 2.62465E+01    2.89625E-01
 2.66206E+01    2.84983E-01
 2.70000E+01    2.80415E-01
 2.74955E+01    2.75125E-01
 2.80000E+01    2.69934E-01
 2.84956E+01    2.66149E-01
 2.90000E+01    2.62416E-01
 2.94958E+01    2.58977E-01
 3.00000E+01    2.55582E-01
 3.04880E+01    2.50884E-01
 3.08591E+01    2.47417E-01
 3.11405E+01    2.44849E-01
 3.15673E+01    2.41046E-01
 3.20000E+01    2.37302E-01
 3.24887E+01    2.34659E-01
 3.32358E+01    2.30749E-01
 3.40000E+01    2.26905E-01
 3.44893E+01    2.22250E-01
 3.48610E+01    2.18821E-01
 3.51423E+01    2.16284E-01
 3.55686E+01    2.12534E-01
 3.60000E+01    2.08849E-01
 3.64899E+01    2.06794E-01
 3.72373E+01    2.03750E-01
 3.80000E+01    2.00750E-01
 3.89872E+01    1.97921E-01
 4.00000E+01    1.95132E-01
 4.04909E+01    1.92281E-01
 4.08630E+01    1.90170E-01
 4.14276E+01    1.87047E-01
 4.20000E+01    1.83975E-01
 4.24913E+01    1.82106E-01
 4.32391E+01    1.79337E-01
 4.40000E+01    1.76611E-01
 4.49889E+01    1.75382E-01
 4.60000E+01    1.74162E-01
 4.69894E+01    1.71011E-01
 4.80000E+01    1.67917E-01
 4.84924E+01    1.64873E-01
 4.88650E+01    1.62626E-01
 4.94292E+01    1.59313E-01
 5.00000E+01    1.56068E-01
 5.04927E+01    1.54129E-01
 5.12408E+01    1.51267E-01
 5.20000E+01    1.48457E-01
 5.29906E+01    1.47172E-01
 5.40000E+01    1.45899E-01
 5.60000E+01    1.44248E-01
 5.69912E+01    1.42187E-01
 5.80000E+01    1.40155E-01
 5.84937E+01    1.37991E-01
 5.88667E+01    1.36391E-01
 5.94306E+01    1.34024E-01
 6.00000E+01    1.31699E-01
