# n + Ac227 : (n,t)     
# eaf.2010   Manhattan project, site A         EVAL-JUN10
# uncertainties: n
# # energies =    54
#   E(MeV)       xs(mb) 
 3.03316E+00    0.00000E+00
 6.40000E+00    8.39874E-17
 6.60000E+00    6.47741E-16
 6.80000E+00    4.30403E-15
 7.00000E+00    2.48173E-14
 7.20000E+00    2.38764E-12
 7.40000E+00    7.75491E-12
 7.60000E+00    1.12749E-11
 7.80000E+00    2.03897E-10
 8.00000E+00    3.75731E-10
 8.50000E+00    7.51452E-09
 9.00000E+00    9.60649E-08
 9.50000E+00    8.64935E-07
 1.00000E+01    5.88343E-06
 1.05000E+01    3.18585E-05
 1.10000E+01    1.42777E-04
 1.15000E+01    5.44701E-04
 1.20000E+01    1.80683E-03
 1.25000E+01    5.27873E-03
 1.30000E+01    1.36739E-02
 1.35000E+01    3.15067E-02
 1.40000E+01    6.48880E-02
 1.45000E+01    1.20601E-01
 1.50000E+01    2.04968E-01
 1.60000E+01    4.77676E-01
 1.70000E+01    8.99156E-01
 1.80000E+01    1.44753E+00
 1.90000E+01    2.05658E+00
 2.00000E+01    2.63105E+00
 2.10000E+01    3.09648E+00
 2.20000E+01    3.42861E+00
 2.30000E+01    3.63611E+00
 2.40000E+01    3.73634E+00
 2.50000E+01    3.75887E+00
 2.60000E+01    3.72720E+00
 2.70000E+01    3.63903E+00
 2.80000E+01    3.53107E+00
 2.90000E+01    3.39334E+00
 3.00000E+01    3.25634E+00
 3.20000E+01    2.95072E+00
 3.40000E+01    2.64890E+00
 3.60000E+01    2.36268E+00
 3.80000E+01    2.11486E+00
 4.00000E+01    1.87664E+00
 4.20000E+01    1.68150E+00
 4.40000E+01    1.46529E+00
 4.60000E+01    1.31897E+00
 4.80000E+01    1.15451E+00
 5.00000E+01    1.02847E+00
 5.20000E+01    9.36700E-01
 5.40000E+01    8.28805E-01
 5.60000E+01    7.24355E-01
 5.80000E+01    6.58439E-01
 6.00000E+01    6.04048E-01
