# n + Ac227 : (n,h)     
# eaf.2010   Manhattan project, site A         EVAL-JUN10
# uncertainties: n
# # energies =    35
#   E(MeV)       xs(mb) 
 4.88804E+00    0.00000E+00
 1.35000E+01    2.96047E-17
 1.40000E+01    2.03394E-16
 1.45000E+01    1.94713E-12
 1.50000E+01    1.20460E-11
 1.60000E+01    2.84275E-10
 1.70000E+01    4.06151E-09
 1.80000E+01    4.11586E-08
 1.90000E+01    2.96111E-07
 2.00000E+01    1.68131E-06
 2.10000E+01    7.89150E-06
 2.20000E+01    3.17208E-05
 2.30000E+01    1.12102E-04
 2.40000E+01    3.54755E-04
 2.50000E+01    1.01586E-03
 2.60000E+01    2.54920E-03
 2.70000E+01    6.05392E-03
 2.80000E+01    1.29486E-02
 2.90000E+01    2.46359E-02
 3.00000E+01    4.20748E-02
 3.20000E+01    9.22843E-02
 3.40000E+01    1.49649E-01
 3.60000E+01    2.00902E-01
 3.80000E+01    2.20926E-01
 4.00000E+01    2.26976E-01
 4.20000E+01    2.38688E-01
 4.40000E+01    2.22292E-01
 4.60000E+01    2.21784E-01
 4.80000E+01    2.27780E-01
 5.00000E+01    1.88202E-01
 5.20000E+01    1.87239E-01
 5.40000E+01    1.86407E-01
 5.60000E+01    1.45489E-01
 5.80000E+01    1.40964E-01
 6.00000E+01    1.38081E-01
