# n + Ac227 : (n,a)     
# eaf.2010   Manhattan project, site A         EVAL-JUN10
# uncertainties: n
# # energies =  1576
#   E(MeV)       xs(mb) 
 1.00000E-11    1.29906E+02
 1.02191E-11    1.28506E+02
 1.04359E-11    1.27164E+02
 1.06503E-11    1.25878E+02
 1.08622E-11    1.24644E+02
 1.10715E-11    1.23460E+02
 1.12780E-11    1.22324E+02
 1.14819E-11    1.21234E+02
 1.16828E-11    1.20186E+02
 1.18809E-11    1.19181E+02
 1.22740E-11    1.17256E+02
 1.26544E-11    1.15480E+02
 1.30218E-11    1.13840E+02
 1.33758E-11    1.12323E+02
 1.37165E-11    1.10920E+02
 1.40437E-11    1.09620E+02
 1.43576E-11    1.08415E+02
 1.46582E-11    1.07297E+02
 1.49458E-11    1.06260E+02
 1.52205E-11    1.05297E+02
 1.54826E-11    1.04402E+02
 1.59861E-11    1.02744E+02
 1.64402E-11    1.01316E+02
 1.68480E-11    1.00082E+02
 1.72132E-11    9.90145E+01
 1.75392E-11    9.80900E+01
 1.78295E-11    9.72881E+01
 1.83491E-11    9.59009E+01
 1.87486E-11    9.48735E+01
 1.93643E-11    9.33532E+01
 2.00000E-11    9.18575E+01
 2.04380E-11    9.08678E+01
 2.08715E-11    8.99192E+01
 2.13002E-11    8.90097E+01
 2.17240E-11    8.81374E+01
 2.21425E-11    8.73005E+01
 2.25556E-11    8.64974E+01
 2.29631E-11    8.57264E+01
 2.33649E-11    8.49860E+01
 2.37609E-11    8.42749E+01
 2.45472E-11    8.29142E+01
 2.53080E-11    8.16585E+01
 2.60426E-11    8.04985E+01
 2.67506E-11    7.94260E+01
 2.74319E-11    7.84336E+01
 2.80863E-11    7.75144E+01
 2.87140E-11    7.66625E+01
 2.93152E-11    7.58723E+01
 2.98903E-11    7.51389E+01
 3.04396E-11    7.44578E+01
 3.09638E-11    7.38248E+01
 3.19710E-11    7.26527E+01
 3.28791E-11    7.16423E+01
 3.36949E-11    7.07698E+01
 3.44253E-11    7.00150E+01
 3.50773E-11    6.93612E+01
 3.56579E-11    6.87942E+01
 3.66972E-11    6.78130E+01
 3.74965E-11    6.70864E+01
 3.87281E-11    6.60111E+01
 4.00000E-11    6.49531E+01
 4.08760E-11    6.42533E+01
 4.17429E-11    6.35827E+01
 4.26002E-11    6.29396E+01
 4.34475E-11    6.23228E+01
 4.42844E-11    6.17311E+01
 4.51106E-11    6.11633E+01
 4.59256E-11    6.06181E+01
 4.67291E-11    6.00947E+01
 4.75210E-11    5.95919E+01
 4.90935E-11    5.86297E+01
 5.06150E-11    5.77418E+01
 5.20841E-11    5.69216E+01
 5.35002E-11    5.61632E+01
 5.48627E-11    5.54615E+01
 5.61715E-11    5.48115E+01
 5.74268E-11    5.42091E+01
 5.86292E-11    5.36504E+01
 5.97793E-11    5.31318E+01
 6.08780E-11    5.26502E+01
 6.19263E-11    5.22026E+01
 6.39407E-11    5.13737E+01
 6.57570E-11    5.06593E+01
 6.73886E-11    5.00422E+01
 6.88493E-11    4.95085E+01
 7.01535E-11    4.90462E+01
 7.13148E-11    4.86452E+01
 7.33935E-11    4.79514E+01
 7.49922E-11    4.74375E+01
 7.74557E-11    4.66770E+01
 8.00000E-11    4.59288E+01
 8.17519E-11    4.54340E+01
 8.34856E-11    4.49598E+01
 8.52002E-11    4.45051E+01
 8.68948E-11    4.40690E+01
 8.85686E-11    4.36506E+01
 9.02208E-11    4.32491E+01
 9.18508E-11    4.28636E+01
 9.34579E-11    4.24934E+01
 9.50416E-11    4.21379E+01
 9.81869E-11    4.14575E+01
 1.01231E-10    4.08295E+01
 1.04170E-10    4.02494E+01
 1.07002E-10    3.97130E+01
 1.09728E-10    3.92167E+01
 1.12346E-10    3.87570E+01
 1.14858E-10    3.83310E+01
 1.17263E-10    3.79358E+01
 1.19564E-10    3.75691E+01
 1.21761E-10    3.72285E+01
 1.23859E-10    3.69119E+01
 1.27887E-10    3.63259E+01
 1.31520E-10    3.58207E+01
 1.34783E-10    3.53844E+01
 1.37705E-10    3.50070E+01
 1.40313E-10    3.46801E+01
 1.42636E-10    3.43966E+01
 1.46793E-10    3.39061E+01
 1.49989E-10    3.35429E+01
 1.54914E-10    3.30053E+01
 1.60000E-10    3.24766E+01
 1.63505E-10    3.21266E+01
 1.66973E-10    3.17912E+01
 1.70403E-10    3.14697E+01
 1.73792E-10    3.11612E+01
 1.77140E-10    3.08653E+01
 1.80445E-10    3.05814E+01
 1.83706E-10    3.03088E+01
 1.86921E-10    3.00470E+01
 1.90089E-10    2.97956E+01
 1.96379E-10    2.93145E+01
 2.02466E-10    2.88705E+01
 2.08343E-10    2.84604E+01
 2.14007E-10    2.80812E+01
 2.19457E-10    2.77303E+01
 2.24693E-10    2.74054E+01
 2.29714E-10    2.71042E+01
 2.34524E-10    2.68248E+01
 2.39125E-10    2.65655E+01
 2.43520E-10    2.63247E+01
 2.47713E-10    2.61009E+01
 2.55771E-10    2.56865E+01
 2.63036E-10    2.53293E+01
 2.69562E-10    2.50208E+01
 2.75404E-10    2.47540E+01
 2.80620E-10    2.45228E+01
 2.85266E-10    2.43223E+01
 2.93579E-10    2.39755E+01
 2.99973E-10    2.37186E+01
 3.09825E-10    2.33384E+01
 3.20000E-10    2.29644E+01
 3.27008E-10    2.27170E+01
 3.33943E-10    2.24799E+01
 3.40802E-10    2.22525E+01
 3.47581E-10    2.20344E+01
 3.54276E-10    2.18252E+01
 3.60886E-10    2.16245E+01
 3.67406E-10    2.14317E+01
 3.73835E-10    2.12466E+01
 3.80170E-10    2.10689E+01
 3.92750E-10    2.07287E+01
 4.04922E-10    2.04148E+01
 4.16675E-10    2.01248E+01
 4.28003E-10    1.98567E+01
 4.38903E-10    1.96086E+01
 4.49374E-10    1.93788E+01
 4.59417E-10    1.91658E+01
 4.69036E-10    1.89682E+01
 4.78237E-10    1.87849E+01
 4.87026E-10    1.86146E+01
 4.95413E-10    1.84564E+01
 5.11528E-10    1.81633E+01
 5.26059E-10    1.79107E+01
 5.39111E-10    1.76926E+01
 5.50797E-10    1.75039E+01
 5.61230E-10    1.73404E+01
 5.70521E-10    1.71987E+01
 5.87150E-10    1.69534E+01
 5.99939E-10    1.67717E+01
 6.19647E-10    1.65028E+01
 6.40000E-10    1.62383E+01
 6.54015E-10    1.60634E+01
 6.67885E-10    1.58957E+01
 6.81602E-10    1.57349E+01
 6.95158E-10    1.55808E+01
 7.08548E-10    1.54328E+01
 7.21766E-10    1.52909E+01
 7.34805E-10    1.51546E+01
 7.47662E-10    1.50237E+01
 7.60331E-10    1.48980E+01
 7.85491E-10    1.46575E+01
 8.09834E-10    1.44355E+01
 8.33340E-10    1.42305E+01
 8.55997E-10    1.40409E+01
 8.77796E-10    1.38654E+01
 8.98737E-10    1.37029E+01
 9.18822E-10    1.35523E+01
 9.38060E-10    1.34127E+01
 9.56461E-10    1.32830E+01
 9.74040E-10    1.31626E+01
 9.90813E-10    1.30507E+01
 1.02304E-09    1.28435E+01
 1.05210E-09    1.26649E+01
 1.07821E-09    1.25106E+01
 1.10158E-09    1.23772E+01
 1.12245E-09    1.22616E+01
 1.14103E-09    1.21613E+01
 1.17429E-09    1.19879E+01
 1.19987E-09    1.18594E+01
 1.23929E-09    1.16693E+01
 1.28000E-09    1.14822E+01
 1.30803E-09    1.13585E+01
 1.33577E-09    1.12400E+01
 1.36320E-09    1.11263E+01
 1.39031E-09    1.10173E+01
 1.41709E-09    1.09127E+01
 1.44353E-09    1.08123E+01
 1.46960E-09    1.07159E+01
 1.49532E-09    1.06234E+01
 1.52065E-09    1.05345E+01
 1.57097E-09    1.03644E+01
 1.61966E-09    1.02075E+01
 1.66667E-09    1.00625E+01
 1.71198E-09    9.92843E+00
 1.75558E-09    9.80438E+00
 1.79746E-09    9.68948E+00
 1.83763E-09    9.58299E+00
 1.87611E-09    9.48422E+00
 1.91291E-09    9.39254E+00
 1.94807E-09    9.30740E+00
 1.98161E-09    9.22829E+00
 2.04607E-09    9.08175E+00
 2.10420E-09    8.95545E+00
 2.15641E-09    8.84637E+00
 2.20315E-09    8.75202E+00
 2.24489E-09    8.67028E+00
 2.28205E-09    8.59939E+00
 2.34857E-09    8.47673E+00
 2.39973E-09    8.38588E+00
 2.47857E-09    8.25144E+00
 2.56000E-09    8.11915E+00
 2.61606E-09    8.03169E+00
 2.67153E-09    7.94786E+00
 2.72640E-09    7.86748E+00
 2.78062E-09    7.79040E+00
 2.83418E-09    7.71644E+00
 2.88705E-09    7.64546E+00
 2.93920E-09    7.57732E+00
 2.99063E-09    7.51189E+00
 3.04130E-09    7.44905E+00
 3.14194E-09    7.32878E+00
 3.23931E-09    7.21779E+00
 3.33333E-09    7.11527E+00
 3.42396E-09    7.02047E+00
 3.51115E-09    6.93275E+00
 3.59491E-09    6.85151E+00
 3.67525E-09    6.77621E+00
 3.75220E-09    6.70637E+00
 3.82581E-09    6.64154E+00
 3.89612E-09    6.58134E+00
 3.96321E-09    6.52540E+00
 4.09214E-09    6.42178E+00
 4.20838E-09    6.33247E+00
 4.31280E-09    6.25534E+00
 4.40629E-09    6.18862E+00
 4.48976E-09    6.13083E+00
 4.56409E-09    6.08070E+00
 4.69714E-09    5.99396E+00
 4.79946E-09    5.92972E+00
 4.95714E-09    5.83465E+00
 5.12000E-09    5.74111E+00
 5.23211E-09    5.67926E+00
 5.34307E-09    5.61999E+00
 5.45279E-09    5.56315E+00
 5.56124E-09    5.50865E+00
 5.66835E-09    5.45635E+00
 5.77409E-09    5.40616E+00
 5.87840E-09    5.35798E+00
 5.98124E-09    5.31172E+00
 6.08259E-09    5.26728E+00
 6.28387E-09    5.18224E+00
 6.47861E-09    5.10375E+00
 6.66665E-09    5.03126E+00
 6.84790E-09    4.96423E+00
 7.02229E-09    4.90220E+00
 7.18982E-09    4.84476E+00
 7.35050E-09    4.79151E+00
 7.50440E-09    4.74212E+00
 7.65160E-09    4.69629E+00
 7.79223E-09    4.65372E+00
 7.92641E-09    4.61416E+00
 8.18426E-09    4.54089E+00
 8.41675E-09    4.47774E+00
 8.62559E-09    4.42320E+00
 8.81258E-09    4.37602E+00
 8.97951E-09    4.33515E+00
 9.12817E-09    4.29971E+00
 9.39426E-09    4.23838E+00
 9.59891E-09    4.19295E+00
 9.91428E-09    4.12572E+00
 1.02400E-08    4.05958E+00
 1.04642E-08    4.01585E+00
 1.06861E-08    3.97393E+00
 1.09056E-08    3.93375E+00
 1.11225E-08    3.89520E+00
 1.13367E-08    3.85822E+00
 1.15482E-08    3.82274E+00
 1.17568E-08    3.78867E+00
 1.19625E-08    3.75595E+00
 1.21652E-08    3.72453E+00
 1.25677E-08    3.66440E+00
 1.29572E-08    3.60890E+00
 1.33333E-08    3.55764E+00
 1.36958E-08    3.51024E+00
 1.40446E-08    3.46638E+00
 1.43796E-08    3.42576E+00
 1.47010E-08    3.38811E+00
 1.50088E-08    3.35319E+00
 1.53032E-08    3.32078E+00
 1.55844E-08    3.29068E+00
 1.58528E-08    3.26270E+00
 1.63685E-08    3.21090E+00
 1.68335E-08    3.16624E+00
 1.72512E-08    3.12767E+00
 1.76251E-08    3.09432E+00
 1.79590E-08    3.06542E+00
 1.82563E-08    3.04035E+00
 1.87885E-08    2.99699E+00
 1.91978E-08    2.96486E+00
 1.98285E-08    2.91733E+00
 2.04800E-08    2.87055E+00
 2.10283E-08    2.83288E+00
 2.15201E-08    2.80033E+00
 2.19598E-08    2.77215E+00
 2.23519E-08    2.74773E+00
 2.30551E-08    2.70550E+00
 2.35969E-08    2.67426E+00
 2.40116E-08    2.65106E+00
 2.46474E-08    2.61665E+00
 2.53000E-08    2.58268E+00
 2.58540E-08    2.55486E+00
 2.64022E-08    2.52819E+00
 2.69445E-08    2.50263E+00
 2.74803E-08    2.47811E+00
 2.80096E-08    2.45458E+00
 2.85321E-08    2.43200E+00
 2.90475E-08    2.41033E+00
 2.95557E-08    2.38952E+00
 3.00565E-08    2.36952E+00
 3.10511E-08    2.33127E+00
 3.20134E-08    2.29596E+00
 3.29426E-08    2.26335E+00
 3.38382E-08    2.23320E+00
 3.47000E-08    2.20529E+00
 3.55278E-08    2.17945E+00
 3.63217E-08    2.15550E+00
 3.70822E-08    2.13328E+00
 3.78096E-08    2.11266E+00
 3.85045E-08    2.09351E+00
 3.91676E-08    2.07571E+00
 4.04417E-08    2.04275E+00
 4.15905E-08    2.01434E+00
 4.26225E-08    1.98981E+00
 4.35465E-08    1.96858E+00
 4.43714E-08    1.95020E+00
 4.51059E-08    1.93425E+00
 4.64208E-08    1.90666E+00
 4.74321E-08    1.88623E+00
 4.89905E-08    1.85599E+00
 5.06000E-08    1.82623E+00
 5.17080E-08    1.80656E+00
 5.28045E-08    1.78770E+00
 5.38889E-08    1.76962E+00
 5.49607E-08    1.75228E+00
 5.60192E-08    1.73565E+00
 5.70642E-08    1.71968E+00
 5.80950E-08    1.70436E+00
 5.91115E-08    1.68964E+00
 6.01131E-08    1.67550E+00
 6.21022E-08    1.64845E+00
 6.40268E-08    1.62349E+00
 6.58852E-08    1.60043E+00
 6.76764E-08    1.57911E+00
 6.93999E-08    1.55937E+00
 7.10555E-08    1.54110E+00
 7.26435E-08    1.52416E+00
 7.41644E-08    1.50846E+00
 7.56192E-08    1.49387E+00
 7.70090E-08    1.48033E+00
 7.83351E-08    1.46775E+00
 8.08834E-08    1.44444E+00
 8.31811E-08    1.42435E+00
 8.52450E-08    1.40700E+00
 8.70929E-08    1.39200E+00
 8.87427E-08    1.37900E+00
 9.02119E-08    1.36772E+00
 9.28417E-08    1.34821E+00
 9.48642E-08    1.33376E+00
 9.79809E-08    1.31238E+00
 1.01200E-07    1.29134E+00
 1.04274E-07    1.27216E+00
 1.07241E-07    1.25444E+00
 1.10099E-07    1.23805E+00
 1.12848E-07    1.22288E+00
 1.15487E-07    1.20882E+00
 1.18017E-07    1.19580E+00
 1.20439E-07    1.18371E+00
 1.22755E-07    1.17249E+00
 1.24967E-07    1.16207E+00
 1.27077E-07    1.15238E+00
 1.31129E-07    1.13444E+00
 1.34780E-07    1.11896E+00
 1.38059E-07    1.10560E+00
 1.40993E-07    1.09404E+00
 1.43611E-07    1.08402E+00
 1.48310E-07    1.06670E+00
 1.51936E-07    1.05390E+00
 1.54713E-07    1.04440E+00
 1.58974E-07    1.03031E+00
 1.63352E-07    1.01641E+00
 1.66929E-07    1.00700E+00
 1.70469E-07    9.97966E-01
 1.73970E-07    9.89294E-01
 1.77429E-07    9.80964E-01
 1.80847E-07    9.72962E-01
 1.84220E-07    9.65273E-01
 1.90936E-07    9.50546E-01
 1.97455E-07    9.36944E-01
 2.03768E-07    9.24370E-01
 2.09869E-07    9.12734E-01
 2.15756E-07    9.01959E-01
 2.21424E-07    8.91972E-01
 2.26873E-07    8.82710E-01
 2.32103E-07    8.74115E-01
 2.37116E-07    8.66133E-01
 2.41913E-07    8.58715E-01
 2.46499E-07    8.51820E-01
 2.55334E-07    8.39039E-01
 2.63323E-07    8.28013E-01
 2.70519E-07    8.18484E-01
 2.76976E-07    8.10236E-01
 2.82752E-07    8.03088E-01
 2.87905E-07    7.96885E-01
 2.97150E-07    7.86144E-01
 3.04278E-07    7.78184E-01
 3.15292E-07    7.66394E-01
 3.26704E-07    7.54784E-01
 3.33858E-07    7.47797E-01
 3.40938E-07    7.41090E-01
 3.47939E-07    7.34650E-01
 3.54859E-07    7.28465E-01
 3.61694E-07    7.22522E-01
 3.68441E-07    7.16812E-01
 3.81873E-07    7.05876E-01
 3.94910E-07    6.95775E-01
 4.07536E-07    6.86437E-01
 4.19739E-07    6.77797E-01
 4.31511E-07    6.69795E-01
 4.42847E-07    6.62379E-01
 4.53745E-07    6.55501E-01
 4.64206E-07    6.49118E-01
 4.74231E-07    6.43191E-01
 4.83827E-07    6.37682E-01
 4.92999E-07    6.32562E-01
 5.10667E-07    6.23071E-01
 5.26646E-07    6.14883E-01
 5.41037E-07    6.07807E-01
 5.53951E-07    6.01682E-01
 5.65504E-07    5.96373E-01
 5.75810E-07    5.91767E-01
 5.94300E-07    5.83791E-01
 6.08556E-07    5.77880E-01
 6.30583E-07    5.69125E-01
 6.53408E-07    5.60503E-01
 6.71890E-07    5.53830E-01
 6.88491E-07    5.48057E-01
 7.03352E-07    5.43055E-01
 7.16619E-07    5.38715E-01
 7.40440E-07    5.31205E-01
 7.58824E-07    5.25641E-01
 7.72912E-07    5.21506E-01
 7.94534E-07    5.15364E-01
 8.16762E-07    5.09295E-01
 8.37690E-07    5.02854E-01
 8.56442E-07    4.97285E-01
 8.73194E-07    4.92463E-01
 8.88121E-07    4.88282E-01
 9.14859E-07    4.81050E-01
 9.35439E-07    4.75696E-01
 9.51178E-07    4.71720E-01
 9.75283E-07    4.65819E-01
 1.00000E-06    4.59991E-01
 1.02190E-06    4.54851E-01
 1.04357E-06    4.49927E-01
 1.06500E-06    4.45207E-01
 1.08618E-06    4.40682E-01
 1.10710E-06    4.36343E-01
 1.12775E-06    4.32180E-01
 1.14812E-06    4.28184E-01
 1.16821E-06    4.24349E-01
 1.18800E-06    4.20667E-01
 1.20750E-06    4.17129E-01
 1.24619E-06    4.10361E-01
 1.28358E-06    4.04115E-01
 1.31966E-06    3.98346E-01
 1.35440E-06    3.93013E-01
 1.38780E-06    3.88077E-01
 1.41986E-06    3.83507E-01
 1.45059E-06    3.79270E-01
 1.48001E-06    3.75342E-01
 1.50812E-06    3.71695E-01
 1.53496E-06    3.68309E-01
 1.56056E-06    3.65162E-01
 1.60972E-06    3.59335E-01
 1.65400E-06    3.54312E-01
 1.69374E-06    3.49975E-01
 1.72930E-06    3.46223E-01
 1.76102E-06    3.42974E-01
 1.81795E-06    3.37360E-01
 1.86184E-06    3.33210E-01
 1.89546E-06    3.30132E-01
 1.94703E-06    3.25567E-01
 2.00000E-06    3.21065E-01
 2.04379E-06    3.17477E-01
 2.08713E-06    3.14040E-01
 2.13000E-06    3.10746E-01
 2.17236E-06    3.07588E-01
 2.21420E-06    3.04559E-01
 2.25550E-06    3.01653E-01
 2.29625E-06    2.98865E-01
 2.33642E-06    2.96188E-01
 2.37601E-06    2.93617E-01
 2.41500E-06    2.91148E-01
 2.49238E-06    2.86424E-01
 2.56717E-06    2.82065E-01
 2.63932E-06    2.78038E-01
 2.70880E-06    2.74315E-01
 2.77561E-06    2.70871E-01
 2.83973E-06    2.67680E-01
 2.90119E-06    2.64724E-01
 2.96001E-06    2.61981E-01
 3.01624E-06    2.59436E-01
 3.06993E-06    2.57073E-01
 3.12113E-06    2.54876E-01
 3.21944E-06    2.50809E-01
 3.30800E-06    2.47303E-01
 3.38748E-06    2.44276E-01
 3.45860E-06    2.41657E-01
 3.52204E-06    2.39389E-01
 3.63589E-06    2.35471E-01
 3.72369E-06    2.32575E-01
 3.79092E-06    2.30426E-01
 3.89406E-06    2.27239E-01
 4.00000E-06    2.24097E-01
 4.08759E-06    2.21593E-01
 4.17427E-06    2.19194E-01
 4.25999E-06    2.16895E-01
 4.34472E-06    2.14691E-01
 4.42840E-06    2.12576E-01
 4.51100E-06    2.10548E-01
 4.59249E-06    2.08602E-01
 4.67284E-06    2.06733E-01
 4.75202E-06    2.04939E-01
 4.83000E-06    2.03216E-01
 4.98475E-06    1.99919E-01
 5.13433E-06    1.96876E-01
 5.27864E-06    1.94065E-01
 5.41761E-06    1.91467E-01
 5.55121E-06    1.89063E-01
 5.67945E-06    1.86836E-01
 5.80237E-06    1.84772E-01
 5.92002E-06    1.82858E-01
 6.03248E-06    1.81082E-01
 6.13986E-06    1.79432E-01
 6.24226E-06    1.77899E-01
 6.43888E-06    1.75060E-01
 6.61599E-06    1.72613E-01
 6.77496E-06    1.70500E-01
 6.91719E-06    1.68672E-01
 7.04409E-06    1.67089E-01
 7.27179E-06    1.64354E-01
 7.44738E-06    1.62333E-01
 7.58185E-06    1.60833E-01
 7.78812E-06    1.58609E-01
 8.00000E-06    1.56416E-01
 8.17518E-06    1.54668E-01
 8.34854E-06    1.52993E-01
 8.51998E-06    1.51389E-01
 8.68943E-06    1.49850E-01
 8.85679E-06    1.48374E-01
 9.02200E-06    1.46959E-01
 9.18499E-06    1.45600E-01
 9.34568E-06    1.44296E-01
 9.50404E-06    1.43044E-01
 9.66000E-06    1.41841E-01
 9.96951E-06    1.39539E-01
 1.02687E-05    1.37416E-01
 1.05573E-05    1.35454E-01
 1.08352E-05    1.33640E-01
 1.11024E-05    1.31962E-01
 1.13589E-05    1.30408E-01
 1.16047E-05    1.28967E-01
 1.18400E-05    1.27631E-01
 1.20650E-05    1.26392E-01
 1.22797E-05    1.25240E-01
 1.24845E-05    1.24170E-01
 1.28778E-05    1.22189E-01
 1.32320E-05    1.20481E-01
 1.35499E-05    1.19006E-01
 1.38344E-05    1.17730E-01
 1.40882E-05    1.16625E-01
 1.45436E-05    1.14716E-01
 1.48948E-05    1.13305E-01
 1.51637E-05    1.12258E-01
 1.55762E-05    1.10706E-01
 1.60000E-05    1.09175E-01
 1.63504E-05    1.07955E-01
 1.66971E-05    1.06787E-01
 1.70400E-05    1.05666E-01
 1.73789E-05    1.04592E-01
 1.77136E-05    1.03562E-01
 1.80440E-05    1.02574E-01
 1.83700E-05    1.01626E-01
 1.86914E-05    1.00716E-01
 1.90081E-05    9.98418E-02
 1.93200E-05    9.90023E-02
 1.99390E-05    9.73959E-02
 2.05373E-05    9.59135E-02
 2.11146E-05    9.45443E-02
 2.16704E-05    9.32784E-02
 2.22048E-05    9.21070E-02
 2.27178E-05    9.10222E-02
 2.32095E-05    9.00168E-02
 2.36801E-05    8.90843E-02
 2.41299E-05    8.82189E-02
 2.45594E-05    8.74152E-02
 2.49690E-05    8.66684E-02
 2.57555E-05    8.52853E-02
 2.64640E-05    8.40932E-02
 2.70999E-05    8.30638E-02
 2.76688E-05    8.21733E-02
 2.81764E-05    8.14021E-02
 2.90871E-05    8.00698E-02
 2.97895E-05    7.90848E-02
 3.03274E-05    7.83541E-02
 3.11525E-05    7.72706E-02
 3.20000E-05    7.62022E-02
 3.27007E-05    7.53507E-02
 3.33941E-05    7.45350E-02
 3.40799E-05    7.37531E-02
 3.47577E-05    7.30035E-02
 3.54272E-05    7.22846E-02
 3.60880E-05    7.15949E-02
 3.67399E-05    7.09331E-02
 3.73827E-05    7.02977E-02
 3.80162E-05    6.96877E-02
 3.86400E-05    6.91018E-02
 3.98780E-05    6.79805E-02
 4.10747E-05    6.69458E-02
 4.22291E-05    6.59901E-02
 4.33409E-05    6.51065E-02
 4.44097E-05    6.42889E-02
 4.54356E-05    6.35318E-02
 4.64190E-05    6.28300E-02
 4.73602E-05    6.21792E-02
 4.82599E-05    6.15751E-02
 4.91189E-05    6.10142E-02
 4.99380E-05    6.04929E-02
 5.15110E-05    5.95275E-02
 5.29280E-05    5.86954E-02
 5.41997E-05    5.79769E-02
 5.53375E-05    5.73554E-02
 5.63527E-05    5.68171E-02
 5.81743E-05    5.58872E-02
 5.95790E-05    5.51997E-02
 6.06548E-05    5.46897E-02
 6.23049E-05    5.39334E-02
 6.40000E-05    5.31877E-02
 6.54014E-05    5.25934E-02
 6.67883E-05    5.20240E-02
 6.81599E-05    5.14783E-02
 6.95155E-05    5.09551E-02
 7.08544E-05    5.04533E-02
 7.21760E-05    4.99719E-02
 7.34799E-05    4.95099E-02
 7.47655E-05    4.90665E-02
 7.60323E-05    4.86407E-02
 7.72800E-05    4.82317E-02
 7.97561E-05    4.74491E-02
 8.21493E-05    4.67269E-02
 8.44582E-05    4.60598E-02
 8.66817E-05    4.54431E-02
 8.88194E-05    4.48725E-02
 9.08713E-05    4.43440E-02
 9.28379E-05    4.38542E-02
 9.47203E-05    4.33999E-02
 9.65198E-05    4.29783E-02
 9.82377E-05    4.25867E-02
 9.98761E-05    4.22229E-02
 1.03022E-04    4.15491E-02
 1.05856E-04    4.09683E-02
 1.08399E-04    4.04668E-02
 1.10675E-04    4.00330E-02
 1.12705E-04    3.96573E-02
 1.16349E-04    3.90082E-02
 1.19158E-04    3.85283E-02
 1.21310E-04    3.81724E-02
 1.24610E-04    3.76445E-02
 1.28000E-04    3.71240E-02
 1.30803E-04    3.67092E-02
 1.33577E-04    3.63118E-02
 1.36320E-04    3.59309E-02
 1.39031E-04    3.55657E-02
 1.41709E-04    3.52154E-02
 1.44352E-04    3.48794E-02
 1.46960E-04    3.45570E-02
 1.49531E-04    3.42475E-02
 1.52065E-04    3.39503E-02
 1.54560E-04    3.36648E-02
 1.59512E-04    3.31186E-02
 1.64299E-04    3.26145E-02
 1.68916E-04    3.21489E-02
 1.73363E-04    3.17184E-02
 1.77639E-04    3.13201E-02
 1.81743E-04    3.09513E-02
 1.85676E-04    3.06094E-02
 1.89441E-04    3.02923E-02
 1.93040E-04    2.99980E-02
 1.96475E-04    2.97247E-02
 1.99752E-04    2.94708E-02
 2.06044E-04    2.90005E-02
 2.11712E-04    2.85951E-02
 2.16799E-04    2.82451E-02
 2.21350E-04    2.79423E-02
 2.25411E-04    2.76800E-02
 2.32697E-04    2.72270E-02
 2.38316E-04    2.68921E-02
 2.42619E-04    2.66436E-02
 2.49220E-04    2.62752E-02
 2.56000E-04    2.59118E-02
 2.61606E-04    2.56223E-02
 2.67153E-04    2.53449E-02
 2.72640E-04    2.50791E-02
 2.78062E-04    2.48242E-02
 2.83417E-04    2.45797E-02
 2.88704E-04    2.43452E-02
 2.93920E-04    2.41201E-02
 2.99062E-04    2.39041E-02
 3.04129E-04    2.36966E-02
 3.09120E-04    2.34974E-02
 3.19024E-04    2.31161E-02
 3.28597E-04    2.27643E-02
 3.37833E-04    2.24393E-02
 3.46727E-04    2.21389E-02
 3.55277E-04    2.18608E-02
 3.63485E-04    2.16034E-02
 3.71352E-04    2.13648E-02
 3.78881E-04    2.11435E-02
 3.86079E-04    2.09381E-02
 3.92951E-04    2.07473E-02
 3.99504E-04    2.05701E-02
 4.12088E-04    2.02418E-02
 4.23424E-04    1.99588E-02
 4.33598E-04    1.97145E-02
 4.42700E-04    1.95032E-02
 4.50822E-04    1.93201E-02
 4.65394E-04    1.90039E-02
 4.76632E-04    1.87701E-02
 4.85238E-04    1.85967E-02
 4.98440E-04    1.83396E-02
 5.12000E-04    1.80860E-02
 5.22824E-04    1.78908E-02
 5.33527E-04    1.77037E-02
 5.44105E-04    1.75243E-02
 5.54553E-04    1.73522E-02
 5.64865E-04    1.71872E-02
 5.75038E-04    1.70288E-02
 5.85067E-04    1.68767E-02
 5.94950E-04    1.67307E-02
 6.04684E-04    1.65905E-02
 6.23997E-04    1.63221E-02
 6.42664E-04    1.60744E-02
 6.60670E-04    1.58456E-02
 6.78009E-04    1.56341E-02
 6.94678E-04    1.54384E-02
 7.10677E-04    1.52571E-02
 7.26010E-04    1.50891E-02
 7.40685E-04    1.49333E-02
 7.54712E-04    1.47886E-02
 7.68104E-04    1.46543E-02
 7.80875E-04    1.45295E-02
 8.05395E-04    1.42983E-02
 8.27480E-04    1.40991E-02
 8.47301E-04    1.39270E-02
 8.65034E-04    1.37782E-02
 8.80854E-04    1.36493E-02
 9.09239E-04    1.34265E-02
 9.31126E-04    1.32619E-02
 9.47887E-04    1.31397E-02
 9.73595E-04    1.29586E-02
 1.00000E-03    1.27799E-02
 1.02190E-03    1.26328E-02
 1.04357E-03    1.24919E-02
 1.06500E-03    1.23569E-02
 1.08618E-03    1.22275E-02
 1.10710E-03    1.21034E-02
 1.12775E-03    1.19844E-02
 1.14812E-03    1.18703E-02
 1.16821E-03    1.17607E-02
 1.18800E-03    1.16556E-02
 1.20750E-03    1.15546E-02
 1.22669E-03    1.14576E-02
 1.26475E-03    1.12720E-02
 1.30150E-03    1.11008E-02
 1.33692E-03    1.09426E-02
 1.37100E-03    1.07963E-02
 1.40374E-03    1.06609E-02
 1.43515E-03    1.05356E-02
 1.46523E-03    1.04194E-02
 1.49400E-03    1.03117E-02
 1.52148E-03    1.02117E-02
 1.54771E-03    1.01188E-02
 1.57271E-03    1.00325E-02
 1.62068E-03    9.87267E-03
 1.66385E-03    9.73491E-03
 1.70256E-03    9.61594E-03
 1.73718E-03    9.51304E-03
 1.76804E-03    9.42391E-03
 1.82338E-03    9.26992E-03
 1.86601E-03    9.15609E-03
 1.89864E-03    9.07164E-03
 1.94866E-03    8.94641E-03
 2.00000E-03    8.82291E-03
 2.04379E-03    8.72781E-03
 2.08713E-03    8.63665E-03
 2.13000E-03    8.54925E-03
 2.17236E-03    8.46543E-03
 2.21420E-03    8.38501E-03
 2.25550E-03    8.30783E-03
 2.29625E-03    8.23374E-03
 2.33642E-03    8.16260E-03
 2.37601E-03    8.09426E-03
 2.45463E-03    7.96349E-03
 2.53070E-03    7.84280E-03
 2.60416E-03    7.73133E-03
 2.67496E-03    7.62826E-03
 2.74308E-03    7.53288E-03
 2.80852E-03    7.44454E-03
 2.87128E-03    7.36267E-03
 2.93140E-03    7.28673E-03
 2.98890E-03    7.21625E-03
 3.04383E-03    7.15079E-03
 3.09625E-03    7.08996E-03
 3.19697E-03    6.97730E-03
 3.28779E-03    6.88020E-03
 3.36937E-03    6.79634E-03
 3.44241E-03    6.72380E-03
 3.50762E-03    6.66096E-03
 3.56569E-03    6.60647E-03
 3.66963E-03    6.51216E-03
 3.74957E-03    6.44232E-03
 3.87276E-03    6.33896E-03
 4.00000E-03    6.23726E-03
 4.11314E-03    6.15081E-03
 4.21476E-03    6.07616E-03
 4.30574E-03    6.01158E-03
 4.38695E-03    5.95564E-03
 4.45927E-03    5.90712E-03
 4.58871E-03    5.82315E-03
 4.68825E-03    5.76096E-03
 4.84161E-03    5.66892E-03
 5.00000E-03    5.57834E-03
 5.10949E-03    5.52833E-03
 5.21784E-03    5.48031E-03
 5.32499E-03    5.43418E-03
 5.43089E-03    5.38987E-03
 5.53550E-03    5.34728E-03
 5.63875E-03    5.30635E-03
 5.84432E-03    5.22793E-03
 6.04384E-03    5.15547E-03
 6.23708E-03    5.08845E-03
 6.42384E-03    5.02641E-03
 6.60401E-03    4.96893E-03
 6.77750E-03    4.91564E-03
 6.94429E-03    4.86620E-03
 7.10438E-03    4.82031E-03
 7.25781E-03    4.77767E-03
 7.40466E-03    4.73804E-03
 7.54503E-03    4.70119E-03
 7.81544E-03    4.63287E-03
 8.05999E-03    4.57389E-03
 8.28023E-03    4.52291E-03
 8.47788E-03    4.47877E-03
 8.65469E-03    4.44050E-03
 8.97302E-03    4.37430E-03
 9.21943E-03    4.32531E-03
 9.40866E-03    4.28892E-03
 9.69983E-03    4.23492E-03
 1.00000E-02    4.18159E-03
 1.04427E-02    4.12810E-03
 1.08756E-02    4.07858E-03
 1.12977E-02    4.03269E-03
 1.17082E-02    3.99014E-03
 1.21067E-02    3.95065E-03
 1.24925E-02    3.91399E-03
 1.28654E-02    3.87993E-03
 1.32251E-02    3.84827E-03
 1.35715E-02    3.81882E-03
 1.39044E-02    3.79142E-03
 1.45508E-02    3.74056E-03
 1.51410E-02    3.69662E-03
 1.56770E-02    3.65860E-03
 1.61616E-02    3.62565E-03
 1.65979E-02    3.59707E-03
 1.69893E-02    3.57224E-03
 1.76966E-02    3.52920E-03
 1.82463E-02    3.49727E-03
 1.86697E-02    3.47351E-03
 1.93234E-02    3.43816E-03
 2.00000E-02    3.40318E-03
 2.08855E-02    3.35622E-03
 2.17512E-02    3.31277E-03
 2.25953E-02    3.27256E-03
 2.34165E-02    3.23530E-03
 2.42134E-02    3.20075E-03
 2.49851E-02    3.16870E-03
 2.57309E-02    3.13894E-03
 2.64502E-02    3.11130E-03
 2.71429E-02    3.08561E-03
 2.78088E-02    3.06171E-03
 2.84478E-02    3.03948E-03
 2.96859E-02    2.99822E-03
 3.08134E-02    2.96259E-03
 3.18350E-02    2.93175E-03
 3.27566E-02    2.90503E-03
 3.35849E-02    2.88186E-03
 3.43268E-02    2.86173E-03
 3.56648E-02    2.82684E-03
 3.67025E-02    2.80095E-03
 3.83158E-02    2.76257E-03
 4.00000E-02    2.72471E-03
 4.11314E-02    2.70044E-03
 4.21476E-02    2.67938E-03
 4.39868E-02    2.64292E-03
 4.54187E-02    2.61590E-03
 4.65231E-02    2.59582E-03
 4.82302E-02    2.56598E-03
 5.00000E-02    2.53649E-03
 5.10949E-02    2.51563E-03
 5.21784E-02    2.49559E-03
 5.32499E-02    2.47633E-03
 5.43089E-02    2.45780E-03
 5.64211E-02    2.42232E-03
 5.84759E-02    2.38951E-03
 6.04701E-02    2.35916E-03
 6.24014E-02    2.33106E-03
 6.42680E-02    2.30501E-03
 6.60686E-02    2.28086E-03
 6.78025E-02    2.25845E-03
 6.94693E-02    2.23764E-03
 7.10691E-02    2.21830E-03
 7.26023E-02    2.20032E-03
 7.40698E-02    2.18360E-03
 7.69017E-02    2.15259E-03
 7.94683E-02    2.12582E-03
 8.17843E-02    2.10267E-03
 8.38660E-02    2.08262E-03
 8.57310E-02    2.06523E-03
 8.90950E-02    2.03515E-03
 9.17044E-02    2.01288E-03
 9.37114E-02    1.99634E-03
 9.68047E-02    1.97178E-03
 1.00000E-01    1.94752E-03
 1.02190E-01    1.93297E-03
 1.04357E-01    1.91898E-03
 1.08687E-01    1.89217E-03
 1.12910E-01    1.86737E-03
 1.17017E-01    1.84442E-03
 1.21004E-01    1.82315E-03
 1.24864E-01    1.80344E-03
 1.28595E-01    1.78516E-03
 1.32194E-01    1.76818E-03
 1.35660E-01    1.75242E-03
 1.38991E-01    1.73776E-03
 1.42189E-01    1.72414E-03
 1.45253E-01    1.71146E-03
 1.51178E-01    1.68794E-03
 1.56560E-01    1.66763E-03
 1.61426E-01    1.65005E-03
 1.65808E-01    1.63483E-03
 1.69740E-01    1.62162E-03
 1.76846E-01    1.59876E-03
 1.82370E-01    1.58183E-03
 1.86626E-01    1.56925E-03
 1.93198E-01    1.55057E-03
 2.00000E-01    1.53211E-03
 2.21336E-01    1.52170E-03
 2.38820E-01    1.51395E-03
 2.52832E-01    1.50815E-03
 2.75408E-01    1.49951E-03
 3.00000E-01    1.49091E-03
 3.10984E-01    1.47830E-03
 3.20925E-01    1.46736E-03
 3.29884E-01    1.45784E-03
 3.46167E-01    1.44135E-03
 3.58905E-01    1.42910E-03
 3.68765E-01    1.41998E-03
 3.84065E-01    1.40641E-03
 4.00000E-01    1.39297E-03
 4.22949E-01    1.37852E-03
 4.41020E-01    1.36777E-03
 4.55078E-01    1.35977E-03
 4.77011E-01    1.34786E-03
 5.00000E-01    1.33604E-03
 5.23318E-01    1.32248E-03
 5.41517E-01    1.31239E-03
 5.70009E-01    1.29740E-03
 6.00000E-01    1.28259E-03
 7.00000E-01    1.28024E-03
 7.48331E-01    1.29957E-03
 8.00000E-01    1.31920E-03
 8.23907E-01    1.34137E-03
 8.61113E-01    1.37532E-03
 9.00000E-01    1.41013E-03
 9.48683E-01    1.47244E-03
 1.00000E+00    1.53750E-03
 1.09545E+00    1.69261E-03
 1.20000E+00    1.86336E-03
 1.24715E+00    1.96543E-03
 1.28372E+00    2.04564E-03
 1.31185E+00    2.10793E-03
 1.35521E+00    2.20495E-03
 1.40000E+00    2.30643E-03
 1.44752E+00    2.41163E-03
 1.48422E+00    2.49367E-03
 1.54103E+00    2.62199E-03
 1.60000E+00    2.75692E-03
 1.69706E+00    2.93611E-03
 1.80000E+00    3.12695E-03
 2.00000E+00    3.46818E-03
 2.09762E+00    3.59142E-03
 2.20000E+00    3.71905E-03
 2.29783E+00    3.83167E-03
 2.40000E+00    3.94769E-03
 2.49800E+00    4.04713E-03
 2.60000E+00    4.14908E-03
 2.69815E+00    4.22641E-03
 2.80000E+00    4.30517E-03
 2.89828E+00    4.38341E-03
 3.00000E+00    4.46306E-03
 3.09839E+00    4.52087E-03
 3.20000E+00    4.57942E-03
 3.29848E+00    4.62806E-03
 3.40000E+00    4.67723E-03
 3.60000E+00    4.73098E-03
 3.80000E+00    4.72643E-03
 4.00000E+00    4.69973E-03
 4.20000E+00    4.64461E-03
 4.40000E+00    4.59366E-03
 4.60000E+00    4.54282E-03
 4.80000E+00    4.49505E-03
 5.00000E+00    4.45742E-03
 5.20000E+00    4.48205E-03
 5.40000E+00    4.49497E-03
 5.60000E+00    4.51289E-03
 5.80000E+00    4.63533E-03
 6.00000E+00    4.76771E-03
 6.20000E+00    4.90910E-03
 6.29921E+00    5.03782E-03
 6.40000E+00    5.16991E-03
 6.60000E+00    5.39679E-03
 6.69925E+00    5.56699E-03
 6.80000E+00    5.74256E-03
 6.89928E+00    5.95364E-03
 7.00000E+00    6.17248E-03
 7.09930E+00    6.32335E-03
 7.20000E+00    6.47790E-03
 7.24949E+00    6.63917E-03
 7.28683E+00    6.76276E-03
 7.34319E+00    6.95246E-03
 7.40000E+00    7.14748E-03
 7.44950E+00    7.28428E-03
 7.52437E+00    7.49439E-03
 7.60000E+00    7.71057E-03
 7.64951E+00    7.86903E-03
 7.72439E+00    8.11286E-03
 7.80000E+00    8.36423E-03
 7.84953E+00    8.60280E-03
 7.88688E+00    8.78618E-03
 7.94324E+00    9.06861E-03
 8.00000E+00    9.36012E-03
 8.06085E+00    9.66018E-03
 8.11448E+00    9.93062E-03
 8.16170E+00    1.01735E-02
 8.20324E+00    1.03908E-02
 8.23976E+00    1.05848E-02
 8.30406E+00    1.09330E-02
 8.35262E+00    1.12017E-02
 8.38922E+00    1.14075E-02
 8.44443E+00    1.17234E-02
 8.50000E+00    1.20480E-02
 8.53042E+00    1.22592E-02
 8.55904E+00    1.24606E-02
 8.61295E+00    1.28472E-02
 8.66041E+00    1.31953E-02
 8.70215E+00    1.35076E-02
 8.73883E+00    1.37869E-02
 8.77106E+00    1.40360E-02
 8.82774E+00    1.44829E-02
 8.87050E+00    1.48274E-02
 8.90270E+00    1.50911E-02
 8.95122E+00    1.54955E-02
 9.00000E+00    1.59108E-02
 9.03046E+00    1.62102E-02
 9.05912E+00    1.64961E-02
 9.08606E+00    1.67687E-02
 9.13680E+00    1.72919E-02
 9.18143E+00    1.77632E-02
 9.22066E+00    1.81860E-02
 9.25513E+00    1.85643E-02
 9.28539E+00    1.89017E-02
 9.31194E+00    1.92020E-02
 9.35861E+00    1.97390E-02
 9.39376E+00    2.01515E-02
 9.44673E+00    2.07866E-02
 9.50000E+00    2.14417E-02
 9.53050E+00    2.18743E-02
 9.55919E+00    2.22878E-02
 9.58616E+00    2.26825E-02
 9.61152E+00    2.30588E-02
 9.65924E+00    2.37815E-02
 9.70119E+00    2.44323E-02
 9.73805E+00    2.50164E-02
 9.77042E+00    2.55390E-02
 9.79882E+00    2.60051E-02
 9.82375E+00    2.64200E-02
 9.86752E+00    2.71620E-02
 9.90047E+00    2.77321E-02
 9.92526E+00    2.81676E-02
 9.96256E+00    2.88336E-02
 1.00000E+01    2.95154E-02
 1.00612E+01    3.04138E-02
 1.01150E+01    3.12223E-02
 1.01623E+01    3.19474E-02
 1.02040E+01    3.25957E-02
 1.02405E+01    3.31737E-02
 1.03048E+01    3.42099E-02
 1.03532E+01    3.50083E-02
 1.03897E+01    3.56193E-02
 1.04447E+01    3.65558E-02
 1.05000E+01    3.75170E-02
 1.05306E+01    3.86013E-02
 1.05593E+01    3.96463E-02
 1.05863E+01    4.06517E-02
 1.06117E+01    4.16173E-02
 1.06356E+01    4.25435E-02
 1.06580E+01    4.34304E-02
 1.06791E+01    4.42787E-02
 1.06988E+01    4.50891E-02
 1.07174E+01    4.58622E-02
 1.07349E+01    4.65991E-02
 1.07513E+01    4.73007E-02
 1.07820E+01    4.86447E-02
 1.08090E+01    4.98520E-02
 1.08327E+01    5.09329E-02
 1.08535E+01    5.18980E-02
 1.08717E+01    5.27573E-02
 1.09036E+01    5.42957E-02
 1.09276E+01    5.54788E-02
 1.09457E+01    5.63830E-02
 1.09728E+01    5.77670E-02
 1.10000E+01    5.91850E-02
 1.10306E+01    6.01291E-02
 1.10882E+01    6.19399E-02
 1.11389E+01    6.35691E-02
 1.11834E+01    6.50298E-02
 1.12225E+01    6.63354E-02
 1.12568E+01    6.74992E-02
 1.13171E+01    6.95853E-02
 1.13626E+01    7.11921E-02
 1.13968E+01    7.24215E-02
 1.14483E+01    7.43055E-02
 1.15000E+01    7.62385E-02
 1.15306E+01    7.83454E-02
 1.15594E+01    8.03735E-02
 1.15865E+01    8.23225E-02
 1.16119E+01    8.41926E-02
 1.16358E+01    8.59844E-02
 1.16582E+01    8.76988E-02
 1.16793E+01    8.93371E-02
 1.16991E+01    9.09007E-02
 1.17177E+01    9.23915E-02
 1.17351E+01    9.38113E-02
 1.17679E+01    9.65325E-02
 1.17967E+01    9.89783E-02
 1.18219E+01    1.01169E-01
 1.18440E+01    1.03126E-01
 1.18634E+01    1.04869E-01
 1.18974E+01    1.07990E-01
 1.19230E+01    1.10393E-01
 1.19422E+01    1.12229E-01
 1.19711E+01    1.15041E-01
 1.20000E+01    1.17924E-01
 1.20307E+01    1.20002E-01
 1.20595E+01    1.21983E-01
 1.20865E+01    1.23871E-01
 1.21375E+01    1.27488E-01
 1.21822E+01    1.30740E-01
 1.22215E+01    1.33653E-01
 1.22560E+01    1.36256E-01
 1.22862E+01    1.38574E-01
 1.23393E+01    1.42727E-01
 1.23793E+01    1.45924E-01
 1.24094E+01    1.48368E-01
 1.24546E+01    1.52111E-01
 1.25000E+01    1.55948E-01
 1.25307E+01    1.59916E-01
 1.25595E+01    1.63727E-01
 1.25866E+01    1.67382E-01
 1.26120E+01    1.70883E-01
 1.26360E+01    1.74231E-01
 1.26584E+01    1.77430E-01
 1.26795E+01    1.80483E-01
 1.26993E+01    1.83392E-01
 1.27179E+01    1.86162E-01
 1.27528E+01    1.91468E-01
 1.27834E+01    1.96236E-01
 1.28103E+01    2.00504E-01
 1.28339E+01    2.04316E-01
 1.28545E+01    2.07710E-01
 1.28907E+01    2.13786E-01
 1.29180E+01    2.18460E-01
 1.29384E+01    2.22032E-01
 1.29692E+01    2.27499E-01
 1.30000E+01    2.33102E-01
 1.30307E+01    2.37093E-01
 1.30595E+01    2.40897E-01
 1.31138E+01    2.48194E-01
 1.31615E+01    2.54760E-01
 1.32033E+01    2.60648E-01
 1.32400E+01    2.65911E-01
 1.32723E+01    2.70603E-01
 1.33005E+01    2.74777E-01
 1.33501E+01    2.82236E-01
 1.33874E+01    2.87964E-01
 1.34436E+01    2.96773E-01
 1.35000E+01    3.05852E-01
 1.35307E+01    3.12520E-01
 1.35596E+01    3.18903E-01
 1.35867E+01    3.25006E-01
 1.36122E+01    3.30833E-01
 1.36361E+01    3.36391E-01
 1.36586E+01    3.41686E-01
 1.37008E+01    3.51841E-01
 1.37378E+01    3.60973E-01
 1.37703E+01    3.69158E-01
 1.37988E+01    3.76472E-01
 1.38238E+01    3.82990E-01
 1.38457E+01    3.88786E-01
 1.38841E+01    3.99142E-01
 1.39130E+01    4.07088E-01
 1.39564E+01    4.19307E-01
 1.40000E+01    4.31891E-01
 1.40615E+01    4.45143E-01
 1.41156E+01    4.57071E-01
 1.41631E+01    4.67770E-01
 1.42048E+01    4.77336E-01
 1.42414E+01    4.85868E-01
 1.42734E+01    4.93458E-01
 1.43297E+01    5.07026E-01
 1.43721E+01    5.17447E-01
 1.44359E+01    5.33481E-01
 1.45000E+01    5.50012E-01
 1.45308E+01    5.60230E-01
 1.45596E+01    5.69982E-01
 1.45868E+01    5.79278E-01
 1.46123E+01    5.88131E-01
 1.46602E+01    6.05097E-01
 1.47022E+01    6.20343E-01
 1.47391E+01    6.33998E-01
 1.47715E+01    6.46192E-01
 1.47999E+01    6.57055E-01
 1.48496E+01    6.76505E-01
 1.48871E+01    6.91470E-01
 1.49152E+01    7.02910E-01
 1.49576E+01    7.20426E-01
 1.50000E+01    7.38379E-01
 1.50606E+01    7.58596E-01
 1.51177E+01    7.78052E-01
 1.51714E+01    7.96745E-01
 1.52219E+01    8.14678E-01
 1.52694E+01    8.31855E-01
 1.53141E+01    8.48288E-01
 1.53561E+01    8.63989E-01
 1.53955E+01    8.78973E-01
 1.54326E+01    8.93255E-01
 1.55024E+01    9.20664E-01
 1.55638E+01    9.45335E-01
 1.56176E+01    9.67465E-01
 1.56649E+01    9.87252E-01
 1.57064E+01    1.00490E+00
 1.57428E+01    1.02060E+00
 1.58067E+01    1.04866E+00
 1.58548E+01    1.07022E+00
 1.59272E+01    1.10338E+00
 1.60000E+01    1.13757E+00
 1.60607E+01    1.16368E+00
 1.61179E+01    1.18869E+00
 1.61717E+01    1.21263E+00
 1.62222E+01    1.23552E+00
 1.62698E+01    1.25736E+00
 1.63145E+01    1.27819E+00
 1.63986E+01    1.31818E+00
 1.64726E+01    1.35420E+00
 1.65376E+01    1.38652E+00
 1.65947E+01    1.41543E+00
 1.66449E+01    1.44123E+00
 1.66889E+01    1.46418E+00
 1.67661E+01    1.50523E+00
 1.68243E+01    1.53678E+00
 1.68680E+01    1.56087E+00
 1.69339E+01    1.59771E+00
 1.70000E+01    1.63543E+00
 1.70608E+01    1.66562E+00
 1.71181E+01    1.69444E+00
 1.71719E+01    1.72190E+00
 1.72733E+01    1.77461E+00
 1.73625E+01    1.82205E+00
 1.74409E+01    1.86460E+00
 1.75099E+01    1.90264E+00
 1.75704E+01    1.93656E+00
 1.76768E+01    1.99739E+00
 1.77571E+01    2.04426E+00
 1.78175E+01    2.08014E+00
 1.79085E+01    2.13513E+00
 1.80000E+01    2.19159E+00
 1.81221E+01    2.25955E+00
 1.82295E+01    2.32075E+00
 1.83241E+01    2.37565E+00
 1.84073E+01    2.42476E+00
 1.84803E+01    2.46856E+00
 1.86089E+01    2.54713E+00
 1.87059E+01    2.60768E+00
 1.87790E+01    2.65405E+00
 1.88892E+01    2.72514E+00
 1.90000E+01    2.79814E+00
 1.90610E+01    2.84342E+00
 1.91759E+01    2.93030E+00
 1.92771E+01    3.00850E+00
 1.93660E+01    3.07863E+00
 1.94441E+01    3.14134E+00
 1.95127E+01    3.19725E+00
 1.96334E+01    3.29751E+00
 1.97244E+01    3.37476E+00
 1.97930E+01    3.43388E+00
 1.98962E+01    3.52451E+00
 2.00000E+01    3.61754E+00
 2.01223E+01    3.71443E+00
 2.02300E+01    3.80133E+00
 2.03247E+01    3.87904E+00
 2.04079E+01    3.94834E+00
 2.05543E+01    4.07260E+00
 2.06649E+01    4.16836E+00
 2.07481E+01    4.24165E+00
 2.08737E+01    4.35401E+00
 2.10000E+01    4.46935E+00
 2.11225E+01    4.57120E+00
 2.12302E+01    4.66222E+00
 2.13249E+01    4.74335E+00
 2.14917E+01    4.88874E+00
 2.16177E+01    5.00070E+00
 2.17126E+01    5.08634E+00
 2.18559E+01    5.21758E+00
 2.20000E+01    5.35219E+00
 2.21226E+01    5.45135E+00
 2.23387E+01    5.62931E+00
 2.25023E+01    5.76658E+00
 2.26257E+01    5.87173E+00
 2.28121E+01    6.03306E+00
 2.30000E+01    6.19882E+00
 2.40000E+01    6.37275E+00
 2.41228E+01    6.28297E+00
 2.42307E+01    6.20544E+00
 2.44208E+01    6.07207E+00
 2.45643E+01    5.97392E+00
 2.46725E+01    5.90135E+00
 2.48357E+01    5.79415E+00
 2.50000E+01    5.68890E+00
 2.51229E+01    5.55868E+00
 2.52309E+01    5.44719E+00
 2.53258E+01    5.35147E+00
 2.54091E+01    5.26910E+00
 2.54822E+01    5.19806E+00
 2.56107E+01    5.07605E+00
 2.57075E+01    4.98642E+00
 2.57803E+01    4.92023E+00
 2.58899E+01    4.82260E+00
 2.60000E+01    4.72691E+00
 2.61229E+01    4.64552E+00
 2.62310E+01    4.57545E+00
 2.63259E+01    4.51500E+00
 2.64928E+01    4.41114E+00
 2.66187E+01    4.33482E+00
 2.67135E+01    4.27844E+00
 2.68564E+01    4.19525E+00
 2.70000E+01    4.11367E+00
 2.71230E+01    4.04119E+00
 2.72311E+01    3.97881E+00
 2.73261E+01    3.92502E+00
 2.74930E+01    3.83263E+00
 2.76189E+01    3.76477E+00
 2.77137E+01    3.71467E+00
 2.78565E+01    3.64076E+00
 2.80000E+01    3.56832E+00
 2.81231E+01    3.47727E+00
 2.82312E+01    3.39951E+00
 2.83262E+01    3.33290E+00
 2.84096E+01    3.27568E+00
 2.84827E+01    3.22643E+00
 2.85469E+01    3.18394E+00
 2.86595E+01    3.11092E+00
 2.87442E+01    3.05726E+00
 2.88718E+01    2.97849E+00
 2.90000E+01    2.90176E+00
 2.90615E+01    2.86384E+00
 2.91772E+01    2.79407E+00
 2.92788E+01    2.73442E+00
 2.93680E+01    2.68327E+00
 2.94463E+01    2.63930E+00
 2.95149E+01    2.60142E+00
 2.96354E+01    2.53643E+00
 2.97262E+01    2.48876E+00
 2.97944E+01    2.45359E+00
 2.98970E+01    2.40177E+00
 3.00000E+01    2.35104E+00
 3.01213E+01    2.31858E+00
 3.02354E+01    2.28856E+00
 3.04505E+01    2.23331E+00
 3.06400E+01    2.18606E+00
 3.08068E+01    2.14553E+00
 3.09535E+01    2.11069E+00
 3.10824E+01    2.08067E+00
 3.11957E+01    2.05476E+00
 3.13948E+01    2.01017E+00
 3.15450E+01    1.97737E+00
 3.17717E+01    1.92917E+00
 3.20000E+01    1.88215E+00
 3.21215E+01    1.85594E+00
 3.22358E+01    1.83171E+00
 3.24512E+01    1.78712E+00
 3.26409E+01    1.74899E+00
 3.28078E+01    1.71630E+00
 3.29545E+01    1.68820E+00
 3.30834E+01    1.66399E+00
 3.31966E+01    1.64309E+00
 3.33956E+01    1.60714E+00
 3.35457E+01    1.58069E+00
 3.37721E+01    1.54184E+00
 3.40000E+01    1.50395E+00
 3.41217E+01    1.47604E+00
 3.42361E+01    1.45034E+00
 3.43438E+01    1.42666E+00
 3.44451E+01    1.40481E+00
 3.45402E+01    1.38463E+00
 3.46297E+01    1.36597E+00
 3.47981E+01    1.33166E+00
 3.49461E+01    1.30235E+00
 3.50762E+01    1.27724E+00
 3.51903E+01    1.25565E+00
 3.52905E+01    1.23707E+00
 3.53784E+01    1.22104E+00
 3.55328E+01    1.19348E+00
 3.56490E+01    1.17321E+00
 3.58241E+01    1.14346E+00
 3.60000E+01    1.11447E+00
 3.62441E+01    1.09075E+00
 3.64591E+01    1.07041E+00
 3.66482E+01    1.05293E+00
 3.68145E+01    1.03786E+00
 3.69607E+01    1.02486E+00
 3.72178E+01    1.00249E+00
 3.74118E+01    9.86038E-01
 3.75580E+01    9.73875E-01
 3.77784E+01    9.55910E-01
 3.80000E+01    9.38278E-01
 3.82444E+01    9.22774E-01
 3.84596E+01    9.09418E-01
 3.86488E+01    8.97891E-01
 3.89823E+01    8.78068E-01
 3.92343E+01    8.63489E-01
 3.94243E+01    8.52713E-01
 3.97111E+01    8.36802E-01
 4.00000E+01    8.21187E-01
 4.01222E+01    8.06534E-01
 4.02370E+01    7.93034E-01
 4.03450E+01    7.80583E-01
 4.04465E+01    7.69088E-01
 4.05419E+01    7.58466E-01
 4.07214E+01    7.38942E-01
 4.08790E+01    7.22271E-01
 4.10175E+01    7.07993E-01
 4.11390E+01    6.95732E-01
 4.12457E+01    6.85177E-01
 4.13392E+01    6.76073E-01
 4.15034E+01    6.60432E-01
 4.16270E+01    6.48939E-01
 4.17200E+01    6.40450E-01
 4.18597E+01    6.27925E-01
 4.20000E+01    6.15645E-01
 4.21223E+01    6.06719E-01
 4.22373E+01    5.98468E-01
 4.24537E+01    5.83298E-01
 4.26440E+01    5.70341E-01
 4.28112E+01    5.59239E-01
 4.29580E+01    5.49703E-01
 4.30869E+01    5.41492E-01
 4.32000E+01    5.34408E-01
 4.33986E+01    5.22233E-01
 4.35482E+01    5.13285E-01
 4.36607E+01    5.06674E-01
 4.38300E+01    4.96918E-01
 4.40000E+01    4.87349E-01
 4.42452E+01    4.79604E-01
 4.44608E+01    4.72929E-01
 4.46504E+01    4.67164E-01
 4.49840E+01    4.57244E-01
 4.52359E+01    4.49943E-01
 4.56163E+01    4.39209E-01
 4.60000E+01    4.28731E-01
 4.62454E+01    4.22942E-01
 4.66779E+01    4.13000E-01
 4.70050E+01    4.05697E-01
 4.72518E+01    4.00304E-01
 4.76244E+01    3.92349E-01
 4.80000E+01    3.84553E-01
 4.84924E+01    3.77050E-01
 4.88650E+01    3.71518E-01
 4.94292E+01    3.63373E-01
 5.00000E+01    3.55407E-01
 5.01227E+01    3.50558E-01
 5.03536E+01    3.41644E-01
 5.05565E+01    3.34031E-01
 5.07348E+01    3.27509E-01
 5.08912E+01    3.21906E-01
 5.10285E+01    3.17083E-01
 5.11489E+01    3.12922E-01
 5.13604E+01    3.05770E-01
 5.15196E+01    3.00515E-01
 5.17592E+01    2.92800E-01
 5.20000E+01    2.85283E-01
 5.21228E+01    2.80807E-01
 5.22382E+01    2.76674E-01
 5.23466E+01    2.72856E-01
 5.25505E+01    2.65837E-01
 5.27295E+01    2.59844E-01
 5.28867E+01    2.54711E-01
 5.30246E+01    2.50302E-01
 5.31455E+01    2.46508E-01
 5.32516E+01    2.43235E-01
 5.34377E+01    2.37611E-01
 5.35777E+01    2.33479E-01
 5.37885E+01    2.27415E-01
 5.40000E+01    2.21509E-01
 5.42460E+01    2.18435E-01
 5.46793E+01    2.13158E-01
 5.50065E+01    2.09284E-01
 5.52532E+01    2.06425E-01
 5.56254E+01    2.02209E-01
 5.60000E+01    1.98080E-01
 5.64934E+01    1.94260E-01
 5.68664E+01    1.91444E-01
 5.74304E+01    1.87295E-01
 5.80000E+01    1.83237E-01
 5.84937E+01    1.81282E-01
 5.92420E+01    1.78390E-01
 6.00000E+01    1.75543E-01
