# n + Ac227 : (n,2nd)   
# eaf.2010   Manhattan project, site A         EVAL-JUN10
# uncertainties: n
# # energies =    30
#   E(MeV)       xs(mb) 
 1.42419E+01    0.00000E+00
 1.70000E+01    2.55401E-17
 1.80000E+01    1.06837E-12
 1.90000E+01    1.25594E-09
 2.00000E+01    1.22928E-07
 2.10000E+01    4.66331E-06
 2.20000E+01    8.51980E-05
 2.30000E+01    8.66399E-04
 2.40000E+01    5.91783E-03
 2.50000E+01    2.71574E-02
 2.60000E+01    9.56608E-02
 2.70000E+01    2.64812E-01
 2.80000E+01    5.77497E-01
 2.90000E+01    1.10734E+00
 3.00000E+01    1.82110E+00
 3.20000E+01    3.86526E+00
 3.40000E+01    6.43179E+00
 3.60000E+01    9.12601E+00
 3.80000E+01    1.13941E+01
 4.00000E+01    1.30939E+01
 4.20000E+01    1.42117E+01
 4.40000E+01    1.51813E+01
 4.60000E+01    1.54667E+01
 4.80000E+01    1.60119E+01
 5.00000E+01    1.58262E+01
 5.20000E+01    1.59875E+01
 5.40000E+01    1.56359E+01
 5.60000E+01    1.54013E+01
 5.80000E+01    1.53429E+01
 6.00000E+01    1.47294E+01
