# n + Ac227 :  n        
# eaf.2010   Manhattan project, site A         EVAL-JUN10
# uncertainties: n
# # energies =    29
#   E(MeV)       xs(mb) 
 1.44689E+01    0.00000E+00
 1.80000E+01    3.50909E-16
 1.90000E+01    1.60750E-11
 2.00000E+01    5.87451E-09
 2.10000E+01    4.32789E-07
 2.20000E+01    1.40948E-05
 2.30000E+01    2.35820E-04
 2.40000E+01    2.44024E-03
 2.50000E+01    1.58685E-02
 2.60000E+01    6.88788E-02
 2.70000E+01    2.08111E-01
 2.80000E+01    4.74146E-01
 2.90000E+01    8.90186E-01
 3.00000E+01    1.43892E+00
 3.20000E+01    2.83018E+00
 3.40000E+01    4.36642E+00
 3.60000E+01    5.71457E+00
 3.80000E+01    6.68085E+00
 4.00000E+01    7.25984E+00
 4.20000E+01    7.52201E+00
 4.40000E+01    7.40569E+00
 4.60000E+01    7.25990E+00
 4.80000E+01    6.87312E+00
 5.00000E+01    6.60648E+00
 5.20000E+01    6.11569E+00
 5.40000E+01    5.74017E+00
 5.60000E+01    5.43142E+00
 5.80000E+01    4.83663E+00
 6.00000E+01    4.55444E+00
