# n + Ac227 : (n,f)     
# eaf.2010   Manhattan project, site A         EVAL-JUN10
# uncertainties: n
# # energies =   324
#   E(MeV)       xs(mb) 
 1.00000E-11    1.45934E+01
 1.09736E-11    1.39310E+01
 1.19471E-11    1.33513E+01
 1.30049E-11    1.27968E+01
 1.42311E-11    1.22331E+01
 1.54574E-11    1.17378E+01
 1.68959E-11    1.12270E+01
 1.84406E-11    1.07465E+01
 1.99852E-11    1.03229E+01
 2.19309E-11    9.85434E+00
 2.38765E-11    9.44431E+00
 2.59905E-11    9.05208E+00
 2.84412E-11    8.65329E+00
 3.08919E-11    8.30296E+00
 3.37668E-11    7.94165E+00
 3.68538E-11    7.60175E+00
 3.99408E-11    7.30208E+00
 4.38292E-11    6.97065E+00
 4.77176E-11    6.68062E+00
 5.19425E-11    6.40317E+00
 5.68403E-11    6.12109E+00
 6.17381E-11    5.87327E+00
 6.74837E-11    5.61769E+00
 7.36531E-11    5.37727E+00
 7.98224E-11    5.16529E+00
 8.75935E-11    4.93085E+00
 9.53645E-11    4.72569E+00
 1.03808E-10    4.52943E+00
 1.13596E-10    4.32990E+00
 1.23385E-10    4.15460E+00
 1.34867E-10    3.97382E+00
 1.47197E-10    3.80375E+00
 1.59527E-10    3.65381E+00
 1.75057E-10    3.48798E+00
 1.90588E-10    3.34285E+00
 2.07462E-10    3.20403E+00
 2.27025E-10    3.06287E+00
 2.46587E-10    2.93886E+00
 2.69535E-10    2.81099E+00
 2.94176E-10    2.69069E+00
 3.18817E-10    2.58461E+00
 3.49855E-10    2.46729E+00
 3.80893E-10    2.36462E+00
 4.14617E-10    2.26641E+00
 4.53713E-10    2.16656E+00
 4.92809E-10    2.07884E+00
 5.38671E-10    1.98837E+00
 5.87916E-10    1.90326E+00
 6.37162E-10    1.82823E+00
 6.99192E-10    1.74524E+00
 7.61222E-10    1.67261E+00
 8.28620E-10    1.60315E+00
 9.06754E-10    1.53252E+00
 9.84888E-10    1.47046E+00
 1.07655E-09    1.40647E+00
 1.17497E-09    1.34628E+00
 1.27338E-09    1.29321E+00
 1.39735E-09    1.23450E+00
 1.52132E-09    1.18311E+00
 1.65601E-09    1.13395E+00
 1.81216E-09    1.08420E+00
 1.96831E-09    1.04031E+00
 2.15149E-09    9.95044E-01
 2.34819E-09    9.52466E-01
 2.54487E-09    9.14926E-01
 2.79263E-09    8.73403E-01
 3.04038E-09    8.37060E-01
 3.30957E-09    8.02289E-01
 3.62165E-09    7.66932E-01
 3.93372E-09    7.35871E-01
 4.29980E-09    7.03838E-01
 4.69289E-09    6.73711E-01
 5.08598E-09    6.47150E-01
 5.58113E-09    6.17776E-01
 6.07626E-09    5.92070E-01
 6.61425E-09    5.67481E-01
 7.23793E-09    5.42485E-01
 7.86161E-09    5.20528E-01
 8.59324E-09    4.97880E-01
 9.37884E-09    4.76567E-01
 1.01644E-08    4.57771E-01
 1.11540E-08    4.36987E-01
 1.21435E-08    4.18802E-01
 1.32187E-08    4.01407E-01
 1.44651E-08    3.83721E-01
 1.57116E-08    3.68183E-01
 1.71737E-08    3.52157E-01
 1.87438E-08    3.37085E-01
 2.03138E-08    3.23807E-01
 2.22914E-08    3.09128E-01
 2.42691E-08    2.96263E-01
 2.53000E-08    2.90352E-01
 2.64178E-08    2.83942E-01
 2.89089E-08    2.71419E-01
 3.13999E-08    2.60426E-01
 3.43221E-08    2.49091E-01
 3.74598E-08    2.38429E-01
 4.05975E-08    2.29029E-01
 4.45499E-08    2.18638E-01
 4.85022E-08    2.09564E-01
 5.27965E-08    2.00883E-01
 5.77749E-08    1.92035E-01
 6.27533E-08    1.84258E-01
 6.85933E-08    1.76237E-01
 7.48641E-08    1.68692E-01
 8.11349E-08    1.62041E-01
 8.90337E-08    1.54684E-01
 9.69325E-08    1.48245E-01
 1.05515E-07    1.42086E-01
 1.15464E-07    1.35825E-01
 1.25414E-07    1.30325E-01
 1.37085E-07    1.24652E-01
 1.49617E-07    1.19315E-01
 1.62150E-07    1.14611E-01
 1.77936E-07    1.09407E-01
 1.93722E-07    1.04854E-01
 2.10873E-07    1.00498E-01
 2.30758E-07    9.60691E-02
 2.50642E-07    9.21789E-02
 2.73967E-07    8.81677E-02
 2.99013E-07    8.43945E-02
 3.24059E-07    8.10681E-02
 3.55608E-07    7.74293E-02
 3.87156E-07    7.41977E-02
 4.21435E-07    7.11016E-02
 4.61173E-07    6.79661E-02
 5.14158E-07    6.43668E-02
 5.64213E-07    6.14440E-02
 6.30954E-07    5.81042E-02
 6.89672E-07    5.55728E-02
 7.52722E-07    5.31929E-02
 8.15772E-07    5.10969E-02
 8.95191E-07    4.87755E-02
 1.00108E-06    4.61297E-02
 1.09425E-06    4.41237E-02
 1.16094E-06    4.28286E-02
 1.29432E-06    4.05593E-02
 1.46233E-06    3.81631E-02
 1.63034E-06    3.61435E-02
 1.78906E-06    3.45014E-02
 1.94777E-06    3.30665E-02
 2.12023E-06    3.16956E-02
 2.32015E-06    3.02978E-02
 2.58672E-06    2.86947E-02
 2.83855E-06    2.73961E-02
 3.09037E-06    2.62570E-02
 3.36399E-06    2.51669E-02
 3.57546E-06    2.44151E-02
 3.89267E-06    2.33893E-02
 4.37050E-06    2.20761E-02
 4.77006E-06    2.11281E-02
 5.33737E-06    1.99792E-02
 5.84065E-06    1.90990E-02
 6.34393E-06    1.83243E-02
 6.93432E-06    1.75286E-02
 7.35694E-06    1.70131E-02
 8.20219E-06    1.61160E-02
 9.00071E-06    1.53840E-02
 9.79922E-06    1.47428E-02
 1.06668E-05    1.41311E-02
 1.13374E-05    1.37042E-02
 1.26785E-05    1.29594E-02
 1.38584E-05    1.23959E-02
 1.55476E-05    1.17043E-02
 1.69242E-05    1.12260E-02
 1.79881E-05    1.08826E-02
 1.95839E-05    1.04285E-02
 2.06478E-05    1.01573E-02
 2.33280E-05    9.55535E-03
 2.53382E-05    9.16912E-03
 2.76962E-05    8.76907E-03
 2.93842E-05    8.51237E-03
 3.27602E-05    8.06338E-03
 3.59495E-05    7.69766E-03
 7.34556E-01    7.69000E-03
 8.00000E-01    7.69233E-03
 8.01569E-01    8.37653E-03
 8.03137E-01    9.12280E-03
 8.04706E-01    9.93361E-03
 8.05883E-01    1.05827E-02
 8.07451E-01    1.15210E-02
 8.08628E-01    1.22718E-02
 8.10196E-01    1.33565E-02
 8.10981E-01    1.39305E-02
 8.12549E-01    1.51483E-02
 8.14353E-01    1.66931E-02
 8.15706E-01    1.79446E-02
 8.17058E-01    1.92872E-02
 8.18862E-01    2.12205E-02
 8.19764E-01    2.22706E-02
 8.21567E-01    2.45126E-02
 8.23371E-01    2.69665E-02
 8.25175E-01    2.96573E-02
 8.26978E-01    3.26081E-02
 8.28667E-01    3.56413E-02
 8.30356E-01    3.89521E-02
 8.32044E-01    4.25639E-02
 8.33733E-01    4.65006E-02
 8.34999E-01    4.96650E-02
 8.36266E-01    5.30383E-02
 8.37955E-01    5.79298E-02
 8.39643E-01    6.32520E-02
 8.40488E-01    6.60450E-02
 8.42243E-01    7.23799E-02
 8.43999E-01    7.92505E-02
 8.45316E-01    8.47632E-02
 8.47071E-01    9.27969E-02
 8.48827E-01    1.01576E-01
 8.50143E-01    1.08626E-01
 8.51899E-01    1.18881E-01
 8.52777E-01    1.24343E-01
 8.54532E-01    1.35934E-01
 8.56422E-01    1.49735E-01
 8.57838E-01    1.60911E-01
 8.59255E-01    1.72898E-01
 8.60200E-01    1.81407E-01
 8.62089E-01    1.99598E-01
 8.63505E-01    2.14289E-01
 8.65394E-01    2.35759E-01
 8.66811E-01    2.53105E-01
 8.68700E-01    2.78374E-01
 8.69645E-01    2.91701E-01
 8.71463E-01    3.19695E-01
 8.73280E-01    3.50056E-01
 8.74644E-01    3.74506E-01
 8.76007E-01    4.00731E-01
 8.77824E-01    4.38713E-01
 8.78733E-01    4.58893E-01
 8.80551E-01    5.02251E-01
 8.82369E-01    5.49374E-01
 8.84186E-01    6.00652E-01
 8.85967E-01    6.56039E-01
 8.87748E-01    7.15947E-01
 8.89530E-01    7.81298E-01
 8.90866E-01    8.34240E-01
 8.92201E-01    8.90019E-01
 8.93982E-01    9.71205E-01
 8.94873E-01    1.01404E+00
 8.96654E-01    1.10574E+00
 8.98435E-01    1.20513E+00
 8.99928E-01    1.29566E+00
 9.00043E-01    1.30006E+00
 1.60000E+00    2.30005E+00
 1.62373E+00    2.47981E+00
 1.65408E+00    2.72606E+00
 1.67992E+00    2.95087E+00
 1.70916E+00    3.22311E+00
 1.73143E+00    3.44366E+00
 1.76539E+00    3.80308E+00
 1.80000E+00    4.20008E+00
 1.81743E+00    4.56620E+00
 1.83392E+00    4.93844E+00
 1.84951E+00    5.31494E+00
 1.86425E+00    5.69394E+00
 1.88474E+00    6.26041E+00
 1.90374E+00    6.82962E+00
 1.92096E+00    7.38475E+00
 1.93691E+00    7.93373E+00
 1.95658E+00    8.66079E+00
 1.97396E+00    9.35143E+00
 1.98929E+00    1.00007E+01
 2.00914E+00    1.09006E+01
 2.03008E+00    1.19265E+01
 2.04733E+00    1.28355E+01
 2.06599E+00    1.38866E+01
 2.08860E+00    1.52620E+01
 2.10000E+00    1.59997E+01
 2.16671E+00    1.78510E+01
 2.21340E+00    1.92343E+01
 2.28538E+00    2.15182E+01
 2.30000E+00    2.19999E+01
 2.47421E+00    2.54683E+01
 2.70000E+00    2.99999E+01
 2.90000E+00    3.19999E+01
 4.10000E+00    3.30000E+01
 4.55000E+00    3.19379E+01
 5.00000E+00    3.10001E+01
 6.00000E+00    3.40000E+01
 6.90000E+00    3.70002E+01
 7.11445E+00    4.06977E+01
 7.35178E+00    4.50800E+01
 7.40000E+00    4.59999E+01
 7.90000E+00    5.29997E+01
 8.60000E+00    5.20002E+01
 9.50000E+00    6.00001E+01
 1.01855E+01    6.83599E+01
 1.07972E+01    7.62457E+01
 1.15217E+01    8.61027E+01
 1.23197E+01    9.76042E+01
 1.28953E+01    1.06315E+02
 1.38108E+01    1.20900E+02
 1.40000E+01    1.24000E+02
 1.49000E+01    1.26000E+02
 1.64000E+01    1.26001E+02
 1.68926E+01    1.37935E+02
 1.74000E+01    1.50999E+02
 1.86000E+01    1.40000E+02
 1.93000E+01    1.40000E+02
 2.00000E+01    1.40000E+02
 2.11474E+01    1.38912E+02
 2.20510E+01    1.38102E+02
 2.34792E+01    1.36895E+02
 2.50000E+01    1.35699E+02
 2.61659E+01    1.34894E+02
 2.80174E+01    1.33697E+02
 3.00000E+01    1.32510E+02
 3.11787E+01    1.31447E+02
 3.20930E+01    1.30656E+02
 3.35150E+01    1.29478E+02
 3.50000E+01    1.28310E+02
 3.61881E+01    1.27194E+02
 3.71056E+01    1.26362E+02
 3.85256E+01    1.25126E+02
 4.00000E+01    1.23901E+02
 4.14223E+01    1.22898E+02
 4.36512E+01    1.21407E+02
 4.60000E+01    1.19935E+02
 4.79583E+01    1.18603E+02
 5.00000E+01    1.17285E+02
 5.14369E+01    1.16464E+02
 5.36700E+01    1.15244E+02
 5.60000E+01    1.14036E+02
 5.79655E+01    1.13126E+02
 6.00000E+01    1.12224E+02
