# n + Ac227 :  n        
# eaf.2010   Manhattan project, site A         EVAL-JUN10
# uncertainties: n
# # energies =   711
#   E(MeV)       xs(mb) 
 1.00000E-11    1.00000E-17
 2.00000E-11    1.00000E-17
 4.00000E-11    1.00000E-17
 8.00000E-11    1.00000E-17
 1.60000E-10    1.00000E-17
 3.20000E-10    1.00000E-17
 6.40000E-10    1.00000E-17
 1.28000E-09    1.00000E-17
 2.56000E-09    1.00000E-17
 5.12000E-09    1.00000E-17
 1.02400E-08    1.00000E-17
 2.04800E-08    1.00000E-17
 2.53000E-08    1.00000E-17
 5.06000E-08    1.00000E-17
 1.01200E-07    1.00000E-17
 1.63352E-07    1.00000E-17
 3.26704E-07    1.00000E-17
 6.53408E-07    1.00000E-17
 8.16762E-07    1.00000E-17
 1.00000E-06    1.00000E-17
 2.00000E-06    1.00000E-17
 4.00000E-06    1.00000E-17
 8.00000E-06    1.00000E-17
 1.60000E-05    1.00000E-17
 3.20000E-05    1.00000E-17
 6.40000E-05    1.00000E-17
 1.28000E-04    1.00000E-17
 2.56000E-04    1.00000E-17
 5.12000E-04    1.00000E-17
 1.00000E-03    1.00000E-17
 2.00000E-03    1.00000E-17
 4.00000E-03    1.00000E-17
 5.00000E-03    1.00000E-17
 1.00000E-02    1.00000E-17
 2.00000E-02    1.00000E-17
 4.00000E-02    1.00000E-17
 5.00000E-02    1.00000E-17
 1.00000E-01    1.00000E-17
 2.00000E-01    1.00000E-17
 3.00000E-01    1.00000E-17
 4.00000E-01    1.00000E-17
 5.00000E-01    1.00000E-17
 6.00000E-01    1.00000E-17
 7.00000E-01    1.00000E-17
 8.00000E-01    1.00000E-17
 9.00000E-01    1.00000E-17
 1.00000E+00    1.00000E-17
 1.20000E+00    1.00000E-17
 1.40000E+00    1.00000E-17
 1.60000E+00    1.00000E-17
 1.80000E+00    1.00000E-17
 2.00000E+00    1.00000E-17
 2.20000E+00    1.00000E-17
 2.40000E+00    1.00000E-17
 2.60000E+00    1.00000E-17
 2.80000E+00    1.00000E-17
 3.00000E+00    1.00000E-17
 3.20000E+00    1.00000E-17
 3.40000E+00    1.00000E-17
 3.60000E+00    1.00000E-17
 3.80000E+00    1.00000E-17
 4.00000E+00    1.00000E-17
 4.20000E+00    1.00000E-17
 4.40000E+00    1.00000E-17
 4.60000E+00    1.00000E-17
 4.80000E+00    1.00000E-17
 5.00000E+00    1.00000E-17
 5.20000E+00    1.00000E-17
 5.40000E+00    1.00000E-17
 5.60000E+00    1.00000E-17
 5.80000E+00    1.00000E-17
 6.00000E+00    1.00000E-17
 6.20000E+00    1.00000E-17
 6.40000E+00    1.00000E-17
 6.60000E+00    1.00000E-17
 6.80000E+00    1.00000E-17
 7.00000E+00    1.00000E-17
 7.20000E+00    1.00000E-17
 7.40000E+00    1.00000E-17
 7.60000E+00    1.00000E-17
 7.80000E+00    1.00000E-17
 8.00000E+00    1.00000E-17
 8.50000E+00    1.00000E-17
 9.00000E+00    1.00000E-17
 9.50000E+00    1.00000E-17
 1.00000E+01    1.00000E-17
 1.05000E+01    1.00000E-17
 1.10000E+01    1.00000E-17
 1.15000E+01    1.00000E-17
 1.20000E+01    1.00000E-17
 1.25000E+01    1.03019E-16
 1.30000E+01    9.15674E-14
 1.35000E+01    3.73352E-12
 1.40000E+01    9.48164E-11
 1.45000E+01    3.42639E-10
 1.50000E+01    1.28767E-09
 1.60000E+01    1.24275E-08
 1.64924E+01    3.53765E-08
 1.67443E+01    5.96872E-08
 1.68717E+01    7.75290E-08
 1.69357E+01    8.83599E-08
 1.69678E+01    9.43303E-08
 1.69839E+01    9.74651E-08
 1.69919E+01    9.90713E-08
 1.70000E+01    1.00704E-07
 1.70152E+01    1.03247E-07
 1.70302E+01    1.05812E-07
 1.70449E+01    1.08400E-07
 1.70594E+01    1.11010E-07
 1.70737E+01    1.13639E-07
 1.70878E+01    1.16289E-07
 1.71017E+01    1.18957E-07
 1.71154E+01    1.21644E-07
 1.71289E+01    1.24348E-07
 1.71422E+01    1.27068E-07
 1.71553E+01    1.29804E-07
 1.71681E+01    1.32555E-07
 1.71808E+01    1.35320E-07
 1.71934E+01    1.38097E-07
 1.72057E+01    1.40887E-07
 1.72178E+01    1.43689E-07
 1.72298E+01    1.46501E-07
 1.72415E+01    1.49323E-07
 1.72531E+01    1.52154E-07
 1.72646E+01    1.54993E-07
 1.72758E+01    1.57839E-07
 1.72869E+01    1.60693E-07
 1.72978E+01    1.63551E-07
 1.73086E+01    1.66415E-07
 1.73192E+01    1.69283E-07
 1.73296E+01    1.72155E-07
 1.73399E+01    1.75029E-07
 1.73500E+01    1.77905E-07
 1.73600E+01    1.80783E-07
 1.73698E+01    1.83661E-07
 1.73795E+01    1.86538E-07
 1.73890E+01    1.89415E-07
 1.73984E+01    1.92290E-07
 1.74077E+01    1.95163E-07
 1.74168E+01    1.98033E-07
 1.74347E+01    2.03807E-07
 1.74521E+01    2.09561E-07
 1.74690E+01    2.15290E-07
 1.74853E+01    2.20989E-07
 1.75012E+01    2.26654E-07
 1.75166E+01    2.32280E-07
 1.75315E+01    2.37864E-07
 1.75459E+01    2.43401E-07
 1.75599E+01    2.48888E-07
 1.75735E+01    2.54322E-07
 1.75867E+01    2.59699E-07
 1.75995E+01    2.65016E-07
 1.76119E+01    2.70271E-07
 1.76239E+01    2.75461E-07
 1.76355E+01    2.80584E-07
 1.76468E+01    2.85637E-07
 1.76577E+01    2.90620E-07
 1.76683E+01    2.95529E-07
 1.76786E+01    3.00364E-07
 1.76885E+01    3.05124E-07
 1.76982E+01    3.09807E-07
 1.77075E+01    3.14412E-07
 1.77257E+01    3.23529E-07
 1.77427E+01    3.32317E-07
 1.77587E+01    3.40772E-07
 1.77737E+01    3.48894E-07
 1.77877E+01    3.56684E-07
 1.78009E+01    3.64145E-07
 1.78133E+01    3.71282E-07
 1.78249E+01    3.78099E-07
 1.78358E+01    3.84604E-07
 1.78460E+01    3.90804E-07
 1.78556E+01    3.96708E-07
 1.78736E+01    4.08018E-07
 1.78893E+01    4.18178E-07
 1.79031E+01    4.27276E-07
 1.79152E+01    4.35399E-07
 1.79258E+01    4.42632E-07
 1.79351E+01    4.49061E-07
 1.79513E+01    4.60535E-07
 1.79634E+01    4.69334E-07
 1.79817E+01    4.82847E-07
 1.80000E+01    4.96749E-07
 1.80152E+01    5.07075E-07
 1.80302E+01    5.17449E-07
 1.80450E+01    5.27868E-07
 1.80595E+01    5.38330E-07
 1.80738E+01    5.48830E-07
 1.80880E+01    5.59366E-07
 1.81019E+01    5.69935E-07
 1.81156E+01    5.80535E-07
 1.81291E+01    5.91161E-07
 1.81424E+01    6.01810E-07
 1.81555E+01    6.12481E-07
 1.81684E+01    6.23170E-07
 1.81811E+01    6.33874E-07
 1.81936E+01    6.44591E-07
 1.82059E+01    6.55317E-07
 1.82181E+01    6.66049E-07
 1.82300E+01    6.76786E-07
 1.82418E+01    6.87524E-07
 1.82534E+01    6.98260E-07
 1.82649E+01    7.08992E-07
 1.82761E+01    7.19718E-07
 1.82872E+01    7.30435E-07
 1.82982E+01    7.41140E-07
 1.83197E+01    7.62676E-07
 1.83406E+01    7.84136E-07
 1.83608E+01    8.05501E-07
 1.83805E+01    8.26753E-07
 1.83995E+01    8.47875E-07
 1.84180E+01    8.68852E-07
 1.84359E+01    8.89668E-07
 1.84533E+01    9.10310E-07
 1.84701E+01    9.30762E-07
 1.84865E+01    9.51014E-07
 1.85023E+01    9.71053E-07
 1.85177E+01    9.90868E-07
 1.85326E+01    1.01045E-06
 1.85470E+01    1.02979E-06
 1.85610E+01    1.04887E-06
 1.85745E+01    1.06770E-06
 1.85877E+01    1.08627E-06
 1.86004E+01    1.10455E-06
 1.86128E+01    1.12257E-06
 1.86248E+01    1.14029E-06
 1.86364E+01    1.15774E-06
 1.86476E+01    1.17489E-06
 1.86695E+01    1.20884E-06
 1.86900E+01    1.24157E-06
 1.87092E+01    1.27305E-06
 1.87272E+01    1.30329E-06
 1.87442E+01    1.33229E-06
 1.87601E+01    1.36007E-06
 1.87750E+01    1.38663E-06
 1.87890E+01    1.41201E-06
 1.88021E+01    1.43622E-06
 1.88144E+01    1.45930E-06
 1.88259E+01    1.48127E-06
 1.88476E+01    1.52336E-06
 1.88666E+01    1.56116E-06
 1.88832E+01    1.59501E-06
 1.88978E+01    1.62523E-06
 1.89105E+01    1.65215E-06
 1.89328E+01    1.70032E-06
 1.89496E+01    1.73737E-06
 1.89622E+01    1.76568E-06
 1.89811E+01    1.80903E-06
 1.90000E+01    1.85343E-06
 1.90152E+01    1.88720E-06
 1.90302E+01    1.92104E-06
 1.90450E+01    1.95494E-06
 1.90596E+01    1.98890E-06
 1.90739E+01    2.02290E-06
 1.90881E+01    2.05694E-06
 1.91020E+01    2.09101E-06
 1.91157E+01    2.12510E-06
 1.91292E+01    2.15919E-06
 1.91425E+01    2.19329E-06
 1.91556E+01    2.22739E-06
 1.91686E+01    2.26146E-06
 1.91813E+01    2.29551E-06
 1.91938E+01    2.32953E-06
 1.92062E+01    2.36352E-06
 1.92305E+01    2.43188E-06
 1.92541E+01    2.49998E-06
 1.92770E+01    2.56778E-06
 1.92992E+01    2.63521E-06
 1.93207E+01    2.70222E-06
 1.93416E+01    2.76876E-06
 1.93618E+01    2.83479E-06
 1.93814E+01    2.90025E-06
 1.94005E+01    2.96511E-06
 1.94189E+01    3.02932E-06
 1.94368E+01    3.09286E-06
 1.94542E+01    3.15568E-06
 1.94710E+01    3.21775E-06
 1.94873E+01    3.27904E-06
 1.95032E+01    3.33954E-06
 1.95185E+01    3.39921E-06
 1.95334E+01    3.45803E-06
 1.95478E+01    3.51598E-06
 1.95618E+01    3.57304E-06
 1.95753E+01    3.62921E-06
 1.95884E+01    3.68446E-06
 1.96012E+01    3.73879E-06
 1.96259E+01    3.84634E-06
 1.96490E+01    3.94998E-06
 1.96708E+01    4.04967E-06
 1.96912E+01    4.14542E-06
 1.97104E+01    4.23724E-06
 1.97283E+01    4.32517E-06
 1.97452E+01    4.40926E-06
 1.97610E+01    4.48957E-06
 1.97759E+01    4.56620E-06
 1.97898E+01    4.63922E-06
 1.98029E+01    4.70874E-06
 1.98274E+01    4.84190E-06
 1.98489E+01    4.96151E-06
 1.98677E+01    5.06859E-06
 1.98842E+01    5.16418E-06
 1.98987E+01    5.24929E-06
 1.99239E+01    5.40163E-06
 1.99429E+01    5.51878E-06
 1.99572E+01    5.60831E-06
 1.99786E+01    5.74533E-06
 2.00000E+01    5.88570E-06
 2.00611E+01    6.04499E-06
 2.01185E+01    6.19823E-06
 2.01725E+01    6.34542E-06
 2.02233E+01    6.48659E-06
 2.02710E+01    6.62178E-06
 2.03158E+01    6.75108E-06
 2.03579E+01    6.87459E-06
 2.03974E+01    6.99244E-06
 2.04346E+01    7.10475E-06
 2.05044E+01    7.32022E-06
 2.05657E+01    7.51412E-06
 2.06195E+01    7.68798E-06
 2.06667E+01    7.84341E-06
 2.07081E+01    7.98198E-06
 2.07443E+01    8.10524E-06
 2.08080E+01    8.32554E-06
 2.08558E+01    8.49469E-06
 2.08918E+01    8.62380E-06
 2.09458E+01    8.82116E-06
 2.10000E+01    9.02303E-06
 2.10306E+01    9.18385E-06
 2.10602E+01    9.34237E-06
 2.10889E+01    9.49855E-06
 2.11168E+01    9.65234E-06
 2.11439E+01    9.80370E-06
 2.11701E+01    9.95259E-06
 2.12211E+01    1.02475E-05
 2.12689E+01    1.05320E-05
 2.13139E+01    1.08058E-05
 2.13562E+01    1.10690E-05
 2.13958E+01    1.13215E-05
 2.14331E+01    1.15635E-05
 2.14681E+01    1.17951E-05
 2.15010E+01    1.20164E-05
 2.15318E+01    1.22276E-05
 2.15608E+01    1.24290E-05
 2.15880E+01    1.26208E-05
 2.16391E+01    1.29885E-05
 2.16838E+01    1.33190E-05
 2.17231E+01    1.36151E-05
 2.17575E+01    1.38796E-05
 2.17877E+01    1.41152E-05
 2.18406E+01    1.45372E-05
 2.18803E+01    1.48620E-05
 2.19102E+01    1.51104E-05
 2.19550E+01    1.54906E-05
 2.20000E+01    1.58805E-05
 2.20612E+01    1.62569E-05
 2.21187E+01    1.66179E-05
 2.21728E+01    1.69636E-05
 2.22236E+01    1.72942E-05
 2.22714E+01    1.76100E-05
 2.23162E+01    1.79113E-05
 2.23584E+01    1.81985E-05
 2.24376E+01    1.87494E-05
 2.25071E+01    1.92450E-05
 2.25682E+01    1.96895E-05
 2.26217E+01    2.00868E-05
 2.26686E+01    2.04410E-05
 2.27098E+01    2.07561E-05
 2.27820E+01    2.13192E-05
 2.28363E+01    2.17515E-05
 2.29180E+01    2.24165E-05
 2.30000E+01    2.31018E-05
 2.30613E+01    2.35272E-05
 2.31188E+01    2.39331E-05
 2.31730E+01    2.43200E-05
 2.32748E+01    2.50624E-05
 2.33642E+01    2.57306E-05
 2.34427E+01    2.63298E-05
 2.35117E+01    2.68656E-05
 2.35722E+01    2.73433E-05
 2.36252E+01    2.77683E-05
 2.37184E+01    2.85280E-05
 2.37885E+01    2.91114E-05
 2.38940E+01    3.00088E-05
 2.40000E+01    3.09340E-05
 2.40613E+01    3.04313E-05
 2.41189E+01    2.99674E-05
 2.41731E+01    2.95389E-05
 2.42239E+01    2.91428E-05
 2.43196E+01    2.84143E-05
 2.44036E+01    2.77919E-05
 2.44774E+01    2.72584E-05
 2.45421E+01    2.68000E-05
 2.45989E+01    2.64053E-05
 2.46986E+01    2.57285E-05
 2.47736E+01    2.52322E-05
 2.48300E+01    2.48663E-05
 2.49149E+01    2.43274E-05
 2.50000E+01    2.38002E-05
 2.50614E+01    2.42796E-05
 2.51190E+01    2.47378E-05
 2.51732E+01    2.51752E-05
 2.52241E+01    2.55923E-05
 2.52719E+01    2.59896E-05
 2.53618E+01    2.67512E-05
 2.54407E+01    2.74359E-05
 2.55099E+01    2.80494E-05
 2.55707E+01    2.85975E-05
 2.56240E+01    2.90858E-05
 2.57175E+01    2.99605E-05
 2.57878E+01    3.06337E-05
 2.58407E+01    3.11486E-05
 2.59202E+01    3.19371E-05
 2.60000E+01    3.27456E-05
 2.60307E+01    3.32326E-05
 2.60902E+01    3.41968E-05
 2.61462E+01    3.51262E-05
 2.61987E+01    3.60203E-05
 2.62481E+01    3.68793E-05
 2.62945E+01    3.77032E-05
 2.63380E+01    3.84923E-05
 2.63789E+01    3.92471E-05
 2.64173E+01    3.99681E-05
 2.64534E+01    4.06561E-05
 2.64872E+01    4.13118E-05
 2.65190E+01    4.19362E-05
 2.65786E+01    4.31324E-05
 2.66309E+01    4.42071E-05
 2.66768E+01    4.51693E-05
 2.67170E+01    4.60285E-05
 2.67522E+01    4.67936E-05
 2.68139E+01    4.81634E-05
 2.68603E+01    4.92169E-05
 2.68952E+01    5.00222E-05
 2.69475E+01    5.12549E-05
 2.70000E+01    5.25179E-05
 2.70307E+01    5.33556E-05
 2.70605E+01    5.41798E-05
 2.70894E+01    5.49905E-05
 2.71454E+01    5.65957E-05
 2.71980E+01    5.81432E-05
 2.72475E+01    5.96324E-05
 2.72939E+01    6.10631E-05
 2.73375E+01    6.24356E-05
 2.73785E+01    6.37502E-05
 2.74169E+01    6.50079E-05
 2.74530E+01    6.62094E-05
 2.74869E+01    6.73561E-05
 2.75187E+01    6.84491E-05
 2.75485E+01    6.94898E-05
 2.76045E+01    7.14842E-05
 2.76537E+01    7.32761E-05
 2.76967E+01    7.48808E-05
 2.77344E+01    7.63137E-05
 2.77675E+01    7.75900E-05
 2.78254E+01    7.98751E-05
 2.78690E+01    8.16330E-05
 2.79017E+01    8.29768E-05
 2.79508E+01    8.50340E-05
 2.80000E+01    8.71422E-05
 2.80615E+01    8.92547E-05
 2.81192E+01    9.12817E-05
 2.81735E+01    9.32237E-05
 2.82244E+01    9.50819E-05
 2.82723E+01    9.68576E-05
 2.83172E+01    9.85524E-05
 2.83594E+01    1.00168E-04
 2.83991E+01    1.01707E-04
 2.84735E+01    1.04657E-04
 2.85388E+01    1.07307E-04
 2.85960E+01    1.09682E-04
 2.86462E+01    1.11802E-04
 2.86902E+01    1.13692E-04
 2.87673E+01    1.17075E-04
 2.88253E+01    1.19678E-04
 2.88689E+01    1.21669E-04
 2.89344E+01    1.24717E-04
 2.90000E+01    1.27841E-04
 2.90307E+01    1.30063E-04
 2.90606E+01    1.32252E-04
 2.90895E+01    1.34407E-04
 2.91175E+01    1.36529E-04
 2.91447E+01    1.38617E-04
 2.91710E+01    1.40669E-04
 2.92222E+01    1.44733E-04
 2.92702E+01    1.48650E-04
 2.93153E+01    1.52418E-04
 2.93576E+01    1.56037E-04
 2.93973E+01    1.59508E-04
 2.94347E+01    1.62832E-04
 2.94697E+01    1.66011E-04
 2.95025E+01    1.69048E-04
 2.95334E+01    1.71946E-04
 2.95623E+01    1.74707E-04
 2.95895E+01    1.77336E-04
 2.96405E+01    1.82373E-04
 2.96852E+01    1.86897E-04
 2.97244E+01    1.90948E-04
 2.97587E+01    1.94565E-04
 2.97887E+01    1.97785E-04
 2.98414E+01    2.03550E-04
 2.98810E+01    2.07984E-04
 2.99107E+01    2.11372E-04
 2.99553E+01    2.16558E-04
 3.00000E+01    2.21872E-04
 3.00606E+01    2.27097E-04
 3.01194E+01    2.32276E-04
 3.01764E+01    2.37405E-04
 3.02318E+01    2.42483E-04
 3.02855E+01    2.47505E-04
 3.03377E+01    2.52469E-04
 3.03883E+01    2.57373E-04
 3.04374E+01    2.62215E-04
 3.04851E+01    2.66992E-04
 3.05313E+01    2.71703E-04
 3.05762E+01    2.76346E-04
 3.06197E+01    2.80920E-04
 3.06619E+01    2.85423E-04
 3.07029E+01    2.89854E-04
 3.07426E+01    2.94212E-04
 3.08197E+01    3.02843E-04
 3.08922E+01    3.11165E-04
 3.09603E+01    3.19173E-04
 3.10243E+01    3.26869E-04
 3.10844E+01    3.34252E-04
 3.11408E+01    3.41325E-04
 3.11939E+01    3.48091E-04
 3.12436E+01    3.54557E-04
 3.12904E+01    3.60727E-04
 3.13343E+01    3.66610E-04
 3.13755E+01    3.72211E-04
 3.14529E+01    3.82946E-04
 3.15207E+01    3.92593E-04
 3.15803E+01    4.01233E-04
 3.16324E+01    4.08949E-04
 3.16781E+01    4.15822E-04
 3.17583E+01    4.28129E-04
 3.18186E+01    4.37598E-04
 3.18638E+01    4.44837E-04
 3.19318E+01    4.55920E-04
 3.20000E+01    4.67279E-04
 3.20607E+01    4.76284E-04
 3.21196E+01    4.85173E-04
 3.21767E+01    4.93943E-04
 3.22322E+01    5.02590E-04
 3.22860E+01    5.11111E-04
 3.23383E+01    5.19503E-04
 3.23889E+01    5.27765E-04
 3.24381E+01    5.35893E-04
 3.25336E+01    5.52000E-04
 3.26234E+01    5.67540E-04
 3.27077E+01    5.82506E-04
 3.27871E+01    5.96894E-04
 3.28616E+01    6.10706E-04
 3.29316E+01    6.23945E-04
 3.29974E+01    6.36616E-04
 3.30592E+01    6.48730E-04
 3.31172E+01    6.60295E-04
 3.31717E+01    6.71325E-04
 3.32229E+01    6.81833E-04
 3.33190E+01    7.01981E-04
 3.34034E+01    7.20098E-04
 3.34774E+01    7.36333E-04
 3.35423E+01    7.50839E-04
 3.35992E+01    7.63766E-04
 3.36490E+01    7.75259E-04
 3.37364E+01    7.95791E-04
 3.38021E+01    8.11545E-04
 3.39009E+01    8.35764E-04
 3.40000E+01    8.60705E-04
 3.41217E+01    8.79706E-04
 3.42361E+01    8.97901E-04
 3.43438E+01    9.15300E-04
 3.44451E+01    9.31917E-04
 3.45402E+01    9.47770E-04
 3.46297E+01    9.62877E-04
 3.47981E+01    9.91854E-04
 3.49461E+01    1.01792E-03
 3.50762E+01    1.04130E-03
 3.51903E+01    1.06219E-03
 3.52905E+01    1.08081E-03
 3.54666E+01    1.11419E-03
 3.55992E+01    1.13990E-03
 3.56990E+01    1.15957E-03
 3.58492E+01    1.18971E-03
 3.60000E+01    1.22064E-03
 3.61219E+01    1.24815E-03
 3.62365E+01    1.27451E-03
 3.63443E+01    1.29972E-03
 3.64456E+01    1.32381E-03
 3.65409E+01    1.34680E-03
 3.66304E+01    1.36872E-03
 3.67989E+01    1.41078E-03
 3.69469E+01    1.44864E-03
 3.70769E+01    1.48260E-03
 3.71911E+01    1.51296E-03
 3.72912E+01    1.54004E-03
 3.73791E+01    1.56414E-03
 3.75334E+01    1.60721E-03
 3.76495E+01    1.64029E-03
 3.78243E+01    1.69120E-03
 3.80000E+01    1.74368E-03
 3.84904E+01    1.78387E-03
 3.92380E+01    1.84591E-03
 4.00000E+01    1.91010E-03
 4.02447E+01    1.96539E-03
 4.04600E+01    2.01508E-03
 4.06494E+01    2.05959E-03
 4.08158E+01    2.09934E-03
 4.09620E+01    2.13475E-03
 4.12191E+01    2.19817E-03
 4.14129E+01    2.24696E-03
 4.15589E+01    2.28426E-03
 4.17789E+01    2.34138E-03
 4.20000E+01    2.39993E-03
 4.24913E+01    2.47583E-03
 4.28636E+01    2.53434E-03
 4.34281E+01    2.62469E-03
 4.40000E+01    2.71826E-03
 4.41224E+01    2.78300E-03
 4.42375E+01    2.84510E-03
 4.43456E+01    2.90457E-03
 4.44473E+01    2.96146E-03
 4.45428E+01    3.01580E-03
 4.46325E+01    3.06765E-03
 4.47167E+01    3.11707E-03
 4.48752E+01    3.21188E-03
 4.50143E+01    3.29721E-03
 4.51363E+01    3.37373E-03
 4.52434E+01    3.44214E-03
 4.53373E+01    3.50313E-03
 4.54196E+01    3.55739E-03
 4.55640E+01    3.65436E-03
 4.56726E+01    3.72883E-03
 4.57542E+01    3.78567E-03
 4.58770E+01    3.87256E-03
 4.60000E+01    3.96145E-03
 4.61225E+01    4.02728E-03
 4.62377E+01    4.09000E-03
 4.64544E+01    4.21023E-03
 4.66448E+01    4.31833E-03
 4.68121E+01    4.41519E-03
 4.69590E+01    4.50173E-03
 4.70879E+01    4.57883E-03
 4.73143E+01    4.71696E-03
 4.74848E+01    4.82329E-03
 4.76131E+01    4.90460E-03
 4.78061E+01    5.02915E-03
 4.80000E+01    5.15686E-03
 4.81226E+01    5.23785E-03
 4.83534E+01    5.39316E-03
 4.85562E+01    5.53283E-03
 4.87344E+01    5.65800E-03
 4.88908E+01    5.76984E-03
 4.90281E+01    5.86952E-03
 4.92693E+01    6.04812E-03
 4.94510E+01    6.18562E-03
 4.95877E+01    6.29080E-03
 4.97934E+01    6.45193E-03
 5.00000E+01    6.61718E-03
 5.02457E+01    6.80471E-03
 5.04617E+01    6.97314E-03
 5.06515E+01    7.12394E-03
 5.08181E+01    7.25856E-03
 5.09644E+01    7.37845E-03
 5.12213E+01    7.59302E-03
 5.14149E+01    7.75803E-03
 5.15606E+01    7.88414E-03
 5.17798E+01    8.07716E-03
 5.20000E+01    8.27491E-03
 5.22459E+01    8.42061E-03
 5.26790E+01    8.68178E-03
 5.30062E+01    8.88296E-03
 5.32529E+01    9.03690E-03
 5.36252E+01    9.27283E-03
 5.40000E+01    9.51491E-03
 5.44932E+01    9.70678E-03
 5.52415E+01    1.00018E-02
 5.60000E+01    1.03059E-02
 5.60614E+01    1.01382E-02
 5.61210E+01    9.97845E-03
 5.61788E+01    9.82604E-03
 5.62349E+01    9.68061E-03
 5.62892E+01    9.54178E-03
 5.63419E+01    9.40919E-03
 5.64441E+01    9.15752E-03
 5.65401E+01    8.92769E-03
 5.66303E+01    8.71746E-03
 5.67149E+01    8.52488E-03
 5.67944E+01    8.34819E-03
 5.68690E+01    8.18588E-03
 5.69391E+01    8.03658E-03
 5.70048E+01    7.89908E-03
 5.70665E+01    7.77232E-03
 5.71244E+01    7.65532E-03
 5.71787E+01    7.54724E-03
 5.72807E+01    7.34868E-03
 5.73702E+01    7.17923E-03
 5.74485E+01    7.03417E-03
 5.75172E+01    6.90965E-03
 5.75773E+01    6.80251E-03
 5.76827E+01    6.61898E-03
 5.77619E+01    6.48460E-03
 5.78213E+01    6.38560E-03
 5.79106E+01    6.23993E-03
 5.80000E+01    6.09759E-03
 5.82463E+01    6.02038E-03
 5.86799E+01    5.88761E-03
 5.90072E+01    5.78995E-03
 5.92538E+01    5.71778E-03
 5.96257E+01    5.61119E-03
 6.00000E+01    5.50660E-03
