# n + Ac227 : (n,np)    
# eaf.2010   Manhattan project, site A         EVAL-JUN10
# uncertainties: n
# # energies =    52
#   E(MeV)       xs(mb) 
 5.12783E+00    0.00000E+00
 6.80000E+00    5.22870E-17
 7.00000E+00    1.53794E-15
 7.20000E+00    3.76660E-14
 7.40000E+00    5.61910E-13
 7.60000E+00    4.78376E-12
 7.80000E+00    3.20486E-11
 8.00000E+00    1.85870E-10
 8.50000E+00    7.51739E-09
 9.00000E+00    1.30344E-07
 9.50000E+00    1.61498E-06
 1.00000E+01    1.11481E-05
 1.05000E+01    6.31394E-05
 1.10000E+01    2.51852E-04
 1.15000E+01    9.03110E-04
 1.20000E+01    2.81497E-03
 1.25000E+01    7.58820E-03
 1.30000E+01    1.81093E-02
 1.35000E+01    3.91097E-02
 1.40000E+01    7.77166E-02
 1.45000E+01    1.47018E-01
 1.50000E+01    2.62551E-01
 1.60000E+01    6.88798E-01
 1.70000E+01    1.57150E+00
 1.80000E+01    3.03517E+00
 1.90000E+01    5.17284E+00
 2.00000E+01    8.08259E+00
 2.10000E+01    1.15683E+01
 2.20000E+01    1.54341E+01
 2.30000E+01    1.94223E+01
 2.40000E+01    2.35599E+01
 2.50000E+01    2.73176E+01
 2.60000E+01    3.08992E+01
 2.70000E+01    3.37425E+01
 2.80000E+01    3.66454E+01
 2.90000E+01    3.88240E+01
 3.00000E+01    4.05238E+01
 3.20000E+01    4.36810E+01
 3.40000E+01    4.54611E+01
 3.60000E+01    4.61401E+01
 3.80000E+01    4.61728E+01
 4.00000E+01    4.74808E+01
 4.20000E+01    4.61254E+01
 4.40000E+01    4.76977E+01
 4.60000E+01    4.58711E+01
 4.80000E+01    4.65251E+01
 5.00000E+01    4.53165E+01
 5.20000E+01    4.46161E+01
 5.40000E+01    4.55405E+01
 5.60000E+01    4.57014E+01
 5.80000E+01    4.27318E+01
 6.00000E+01    4.28108E+01
