# n + Ac227 : (n,nt)    
# eaf.2010   Manhattan project, site A         EVAL-JUN10
# uncertainties: n
# # energies =    39
#   E(MeV)       xs(mb) 
 7.95689E+00    0.00000E+00
 1.15000E+01    5.77179E-15
 1.20000E+01    2.06470E-12
 1.25000E+01    1.40620E-10
 1.30000E+01    2.84734E-09
 1.35000E+01    3.95094E-08
 1.40000E+01    3.81026E-07
 1.45000E+01    2.69668E-06
 1.50000E+01    1.62339E-05
 1.60000E+01    3.23872E-04
 1.70000E+01    3.66639E-03
 1.80000E+01    2.62667E-02
 1.90000E+01    1.13553E-01
 2.00000E+01    3.34344E-01
 2.10000E+01    7.37220E-01
 2.20000E+01    1.32439E+00
 2.30000E+01    2.06965E+00
 2.40000E+01    2.94574E+00
 2.50000E+01    3.89193E+00
 2.60000E+01    4.85564E+00
 2.70000E+01    5.77977E+00
 2.80000E+01    6.57020E+00
 2.90000E+01    7.19791E+00
 3.00000E+01    7.63907E+00
 3.20000E+01    8.07506E+00
 3.40000E+01    8.05535E+00
 3.60000E+01    7.76581E+00
 3.80000E+01    7.31872E+00
 4.00000E+01    6.78248E+00
 4.20000E+01    6.16595E+00
 4.40000E+01    5.74176E+00
 4.60000E+01    5.13613E+00
 4.80000E+01    4.76404E+00
 5.00000E+01    4.22955E+00
 5.20000E+01    3.91496E+00
 5.40000E+01    3.49156E+00
 5.60000E+01    3.14075E+00
 5.80000E+01    2.92187E+00
 6.00000E+01    2.60362E+00
