# n + Ac227 : (n,2np)   
# eaf.2010   Manhattan project, site A         EVAL-JUN10
# uncertainties: n
# # energies =    35
#   E(MeV)       xs(mb) 
 1.15527E+01    0.00000E+00
 1.35000E+01    6.03971E-16
 1.40000E+01    4.15669E-13
 1.45000E+01    6.49877E-11
 1.50000E+01    2.44547E-09
 1.60000E+01    7.22756E-07
 1.70000E+01    3.35350E-05
 1.80000E+01    4.91308E-04
 1.90000E+01    4.19894E-03
 2.00000E+01    2.06954E-02
 2.10000E+01    8.51551E-02
 2.20000E+01    2.64183E-01
 2.30000E+01    6.83379E-01
 2.40000E+01    1.48923E+00
 2.50000E+01    2.80135E+00
 2.60000E+01    4.84646E+00
 2.70000E+01    7.65980E+00
 2.80000E+01    1.07720E+01
 2.90000E+01    1.44635E+01
 3.00000E+01    1.83401E+01
 3.20000E+01    2.58522E+01
 3.40000E+01    3.15927E+01
 3.60000E+01    3.60513E+01
 3.80000E+01    3.97257E+01
 4.00000E+01    4.07934E+01
 4.20000E+01    4.33197E+01
 4.40000E+01    4.24639E+01
 4.60000E+01    4.45067E+01
 4.80000E+01    4.31339E+01
 5.00000E+01    4.43314E+01
 5.20000E+01    4.49340E+01
 5.40000E+01    4.29805E+01
 5.60000E+01    4.17884E+01
 5.80000E+01    4.39496E+01
 6.00000E+01    4.33021E+01
