# n + Ac234 : (n,d)     
# tendl.2017 A.J. Koning and D. Rochman        EVAL-NOV17
# uncertainties: y
# # energies =    35
#   E(MeV)       xs(mb)       xslow(mb)      xsupp(mb)
 4.57691E+00    0.00000E+00    0.00000E+00    0.00000E+00
 7.20000E+00    1.57739E-17    1.57739E-17    1.57739E-17
 7.40000E+00    2.13545E-16    2.13545E-16    2.13545E-16
 7.60000E+00    2.19593E-15    2.19593E-15    2.19593E-15
 7.80000E+00    1.78876E-14    1.78876E-14    1.78876E-14
 8.00000E+00    1.19592E-13    1.19592E-13    1.19592E-13
 8.50000E+00    1.73905E-11    1.73905E-11    1.73905E-11
 9.00000E+00    1.95168E-10    8.11575E-11    3.09179E-10
 9.50000E+00    5.42121E-09    2.25432E-09    8.58810E-09
 1.00000E+01    7.44422E-08    3.09556E-08    1.17929E-07
 1.05000E+01    6.97652E-07    2.90107E-07    1.10520E-06
 1.10000E+01    4.80315E-06    1.99731E-06    7.60899E-06
 1.15000E+01    2.58384E-05    1.07445E-05    4.09323E-05
 1.20000E+01    1.13426E-04    4.71664E-05    1.79686E-04
 1.25000E+01    4.19982E-04    1.74643E-04    6.65321E-04
 1.30000E+01    1.34552E-03    3.23015E-04    2.36803E-03
 1.35000E+01    3.80337E-03    9.13064E-04    6.69368E-03
 1.40000E+01    9.64448E-03    2.31532E-03    1.69736E-02
 1.45000E+01    2.22122E-02    5.33242E-03    3.90920E-02
 1.50000E+01    4.69147E-02    1.12627E-02    8.25667E-02
 1.60000E+01    1.72184E-01    1.36099E-02    3.30758E-01
 1.70000E+01    4.58997E-01    3.62805E-02    8.81714E-01
 1.80000E+01    9.61434E-01    7.59945E-02    1.84687E+00
 1.90000E+01    1.65658E+00    1.30941E-01    3.18222E+00
 2.00000E+01    2.44767E+00    1.13369E-01    4.78197E+00
 2.10000E+01    3.24477E+00    1.50288E-01    6.33925E+00
 2.20000E+01    3.97283E+00    1.84010E-01    7.76165E+00
 2.30000E+01    4.59017E+00    2.12603E-01    8.96774E+00
 2.40000E+01    5.09598E+00    1.64409E-01    1.00276E+01
 2.50000E+01    5.46656E+00    1.76365E-01    1.07568E+01
 2.60000E+01    6.10695E+00    1.97025E-01    1.20169E+01
 2.70000E+01    6.34765E+00    2.04791E-01    1.24905E+01
 2.80000E+01    6.50999E+00    2.10028E-01    1.28100E+01
 2.90000E+01    6.62492E+00    2.13736E-01    1.30361E+01
 3.00000E+01    6.67427E+00    2.15328E-01    1.31332E+01
