# n + Ac234 : (n,t)     
# tendl.2017 A.J. Koning and D. Rochman        EVAL-NOV17
# uncertainties: y
# # energies =    42
#   E(MeV)       xs(mb)       xslow(mb)      xsupp(mb)
 2.54516E+00    0.00000E+00    0.00000E+00    0.00000E+00
 5.80000E+00    1.36430E-17    1.36430E-17    1.36430E-17
 6.00000E+00    1.12601E-16    1.12601E-16    1.12601E-16
 6.20000E+00    7.72264E-16    7.72264E-16    7.72264E-16
 6.40000E+00    4.48592E-15    4.48592E-15    4.48592E-15
 6.60000E+00    2.27656E-14    0.00000E+00    6.18158E-14
 6.80000E+00    2.26584E-14    0.00000E+00    6.15247E-14
 7.00000E+00    2.25985E-14    0.00000E+00    6.13621E-14
 7.20000E+00    5.51796E-12    0.00000E+00    1.49830E-11
 7.40000E+00    1.08594E-11    0.00000E+00    2.94867E-11
 7.60000E+00    4.49447E-11    0.00000E+00    1.22039E-10
 7.80000E+00    1.01474E-10    0.00000E+00    2.75534E-10
 8.00000E+00    1.96294E-10    0.00000E+00    5.33000E-10
 8.50000E+00    2.34456E-09    0.00000E+00    6.36622E-09
 9.00000E+00    1.98946E-08    0.00000E+00    7.12027E-08
 9.50000E+00    1.29684E-07    0.00000E+00    4.64138E-07
 1.00000E+01    6.93097E-07    0.00000E+00    2.48059E-06
 1.05000E+01    3.20075E-06    0.00000E+00    1.14555E-05
 1.10000E+01    1.32697E-05    0.00000E+00    4.74922E-05
 1.15000E+01    5.04788E-05    0.00000E+00    1.80663E-04
 1.20000E+01    1.77505E-04    0.00000E+00    6.35289E-04
 1.25000E+01    5.75361E-04    0.00000E+00    2.05921E-03
 1.30000E+01    1.70828E-03    0.00000E+00    3.70481E-03
 1.35000E+01    4.61926E-03    0.00000E+00    1.00179E-02
 1.40000E+01    1.13284E-02    0.00000E+00    2.45683E-02
 1.45000E+01    2.51801E-02    0.00000E+00    5.46089E-02
 1.50000E+01    5.08908E-02    0.00000E+00    1.10369E-01
 1.60000E+01    1.60452E-01    1.27435E-01    1.93469E-01
 1.70000E+01    3.79528E-01    3.01430E-01    4.57626E-01
 1.80000E+01    7.21255E-01    5.72838E-01    8.69672E-01
 1.90000E+01    1.15958E+00    9.20966E-01    1.39819E+00
 2.00000E+01    1.63457E+00    1.36454E+00    1.90460E+00
 2.10000E+01    2.06690E+00    1.72545E+00    2.40835E+00
 2.20000E+01    2.40445E+00    2.00723E+00    2.80167E+00
 2.30000E+01    2.65500E+00    2.21639E+00    3.09361E+00
 2.40000E+01    2.79369E+00    2.03861E+00    3.54877E+00
 2.50000E+01    2.87904E+00    2.10089E+00    3.65719E+00
 2.60000E+01    2.88558E+00    2.10567E+00    3.66549E+00
 2.70000E+01    2.86772E+00    2.09263E+00    3.64281E+00
 2.80000E+01    2.79292E+00    2.03805E+00    3.54779E+00
 2.90000E+01    2.71413E+00    1.98056E+00    3.44771E+00
 3.00000E+01    2.61340E+00    1.90705E+00    3.31975E+00
