# n + Ac234 : (n,2n)    
# tendl.2017 A.J. Koning and D. Rochman        EVAL-NOV17
# uncertainties: y
# # energies =    78
#   E(MeV)       xs(mb)       xslow(mb)      xsupp(mb)
 4.55772E+00    0.00000E+00    0.00000E+00    0.00000E+00
 4.60000E+00    2.35193E+00    1.58033E-01    4.54583E+00
 4.80000E+00    3.81614E+01    2.56418E+00    7.37586E+01
 5.00000E+00    1.24322E+02    8.35356E+00    2.40290E+02
 5.20000E+00    2.61450E+02    1.75676E+01    5.05332E+02
 5.40000E+00    4.18825E+02    2.81421E+01    8.09508E+02
 5.60000E+00    5.82109E+02    3.91136E+01    1.12510E+03
 5.80000E+00    7.38279E+02    4.96072E+01    1.42695E+03
 6.00000E+00    8.94695E+02    6.01172E+01    1.72927E+03
 6.20000E+00    1.04399E+03    7.01488E+01    2.01783E+03
 6.40000E+00    1.18742E+03    7.97863E+01    2.29505E+03
 6.60000E+00    1.32254E+03    4.43760E+02    2.20132E+03
 6.80000E+00    1.44509E+03    4.84880E+02    2.40530E+03
 7.00000E+00    1.55758E+03    5.22625E+02    2.59254E+03
 7.20000E+00    1.65592E+03    5.55621E+02    2.75622E+03
 7.40000E+00    1.74235E+03    5.84622E+02    2.90008E+03
 7.60000E+00    1.81899E+03    6.10337E+02    3.02764E+03
 7.80000E+00    1.88268E+03    6.31708E+02    3.13365E+03
 8.00000E+00    1.93706E+03    6.49954E+02    3.22417E+03
 8.50000E+00    2.03691E+03    6.83457E+02    3.39036E+03
 9.00000E+00    2.09713E+03    1.54462E+03    2.64964E+03
 9.50000E+00    2.13163E+03    1.57003E+03    2.69323E+03
 1.00000E+01    2.15303E+03    1.58579E+03    2.72027E+03
 1.05000E+01    2.16893E+03    1.59750E+03    2.74036E+03
 1.10000E+01    2.17932E+03    1.60515E+03    2.75349E+03
 1.15000E+01    2.15064E+03    1.58403E+03    2.71725E+03
 1.20000E+01    2.04735E+03    1.50795E+03    2.58675E+03
 1.25000E+01    1.87275E+03    1.37935E+03    2.36615E+03
 1.30000E+01    1.64079E+03    1.12083E+03    2.16075E+03
 1.35000E+01    1.41535E+03    9.66827E+02    1.86387E+03
 1.40000E+01    1.18165E+03    8.07186E+02    1.55611E+03
 1.45000E+01    9.71295E+02    6.63493E+02    1.27910E+03
 1.50000E+01    8.32573E+02    5.68732E+02    1.09641E+03
 1.60000E+01    6.19154E+02    2.54143E+02    9.84165E+02
 1.70000E+01    4.99928E+02    2.05205E+02    7.94651E+02
 1.80000E+01    4.35305E+02    1.78679E+02    6.91931E+02
 1.90000E+01    3.92640E+02    1.61166E+02    6.24114E+02
 2.00000E+01    3.66130E+02    1.42464E+02    5.89797E+02
 2.10000E+01    3.47017E+02    1.35027E+02    5.59007E+02
 2.20000E+01    3.25027E+02    1.26470E+02    5.23584E+02
 2.30000E+01    3.13083E+02    1.21823E+02    5.04343E+02
 2.40000E+01    2.97213E+02    1.47984E+02    4.46442E+02
 2.50000E+01    2.88507E+02    1.43649E+02    4.33365E+02
 2.60000E+01    2.77364E+02    1.38101E+02    4.16627E+02
 2.70000E+01    2.71146E+02    1.35005E+02    4.07287E+02
 2.80000E+01    2.63217E+02    1.31057E+02    3.95377E+02
 2.90000E+01    2.54843E+02    1.26888E+02    3.82798E+02
 3.00000E+01    2.50271E+02    1.24611E+02    3.75931E+02
 3.00000E+01    2.18165E+02    1.08626E+02    3.27705E+02
 3.20000E+01    2.07380E+02    1.03256E+02    3.11505E+02
 3.40000E+01    1.95310E+02    9.72457E+01    2.93374E+02
 3.60000E+01    1.79398E+02    8.93234E+01    2.69473E+02
 3.80000E+01    1.68206E+02    8.37508E+01    2.52662E+02
 4.00000E+01    1.54625E+02    7.69887E+01    2.32262E+02
 4.20000E+01    1.45195E+02    7.22931E+01    2.18096E+02
 4.40000E+01    1.36234E+02    6.78314E+01    2.04636E+02
 4.60000E+01    1.28895E+02    6.41774E+01    1.93612E+02
 4.80000E+01    1.24739E+02    6.21080E+01    1.87369E+02
 5.00000E+01    1.21069E+02    6.02811E+01    1.81858E+02
 5.20000E+01    1.19824E+02    5.96613E+01    1.79988E+02
 5.40000E+01    1.17894E+02    5.86999E+01    1.77088E+02
 5.60000E+01    1.15722E+02    5.76187E+01    1.73826E+02
 5.80000E+01    1.12900E+02    5.62133E+01    1.69586E+02
 6.00000E+01    1.10674E+02    5.51049E+01    1.66242E+02
 6.50000E+01    1.09988E+02    5.47636E+01    1.65212E+02
 7.00000E+01    1.08414E+02    5.39801E+01    1.62849E+02
 7.50000E+01    1.11011E+02    5.52732E+01    1.66750E+02
 8.00000E+01    1.08703E+02    5.41237E+01    1.63282E+02
 9.00000E+01    1.04012E+02    5.17882E+01    1.56236E+02
 1.00000E+02    9.58533E+01    4.77259E+01    1.43981E+02
 1.10000E+02    8.89920E+01    4.43096E+01    1.33674E+02
 1.20000E+02    8.27064E+01    4.11799E+01    1.24233E+02
 1.30000E+02    7.76753E+01    3.86749E+01    1.16676E+02
 1.40000E+02    7.19986E+01    3.58485E+01    1.08149E+02
 1.50000E+02    6.80994E+01    3.39071E+01    1.02292E+02
 1.60000E+02    6.35046E+01    3.16193E+01    9.53900E+01
 1.80000E+02    5.66134E+01    2.81881E+01    8.50387E+01
 2.00000E+02    5.21001E+01    2.59409E+01    7.82593E+01
