# n + Ac234 : (n,3n)    
# tendl.2017 A.J. Koning and D. Rochman        EVAL-NOV17
# uncertainties: y
# # energies =    55
#   E(MeV)       xs(mb)       xslow(mb)      xsupp(mb)
 1.05009E+01    0.00000E+00    0.00000E+00    0.00000E+00
 1.10000E+01    3.93976E+00    2.97475E+00    4.90477E+00
 1.15000E+01    4.63488E+01    3.49961E+01    5.77015E+01
 1.20000E+01    1.61647E+02    1.22053E+02    2.01241E+02
 1.25000E+01    3.44871E+02    2.60398E+02    4.29344E+02
 1.30000E+01    5.81586E+02    5.21425E+02    6.41747E+02
 1.35000E+01    8.07297E+02    7.23788E+02    8.90806E+02
 1.40000E+01    1.03816E+03    9.30770E+02    1.14555E+03
 1.45000E+01    1.24382E+03    1.11516E+03    1.37248E+03
 1.50000E+01    1.37697E+03    1.23453E+03    1.51941E+03
 1.60000E+01    1.57261E+03    1.40280E+03    1.74242E+03
 1.70000E+01    1.63289E+03    1.45657E+03    1.80921E+03
 1.80000E+01    1.55982E+03    1.39139E+03    1.72825E+03
 1.90000E+01    1.38495E+03    1.23540E+03    1.53450E+03
 2.00000E+01    1.16273E+03    7.02243E+02    1.62322E+03
 2.10000E+01    9.41573E+02    5.68673E+02    1.31447E+03
 2.20000E+01    7.63254E+02    4.60976E+02    1.06553E+03
 2.30000E+01    6.19344E+02    3.74060E+02    8.64628E+02
 2.40000E+01    5.19993E+02    1.65119E+02    8.74867E+02
 2.50000E+01    4.44791E+02    1.41239E+02    7.48343E+02
 2.60000E+01    3.93934E+02    1.25090E+02    6.62778E+02
 2.70000E+01    3.53430E+02    1.12229E+02    5.94631E+02
 2.80000E+01    3.25346E+02    1.03311E+02    5.47381E+02
 2.90000E+01    3.03616E+02    9.64106E+01    5.10821E+02
 3.00000E+01    2.83488E+02    9.00191E+01    4.76957E+02
 3.00000E+01    2.47888E+02    7.87145E+01    4.17061E+02
 3.20000E+01    2.25743E+02    7.16827E+01    3.79804E+02
 3.40000E+01    2.02727E+02    6.43741E+01    3.41079E+02
 3.60000E+01    1.87383E+02    5.95019E+01    3.15264E+02
 3.80000E+01    1.70344E+02    5.40913E+01    2.86597E+02
 4.00000E+01    1.58941E+02    5.04703E+01    2.67412E+02
 4.20000E+01    1.45894E+02    4.63273E+01    2.45460E+02
 4.40000E+01    1.36606E+02    4.33781E+01    2.29834E+02
 4.60000E+01    1.28500E+02    4.08041E+01    2.16196E+02
 4.80000E+01    1.20064E+02    3.81252E+01    2.02003E+02
 5.00000E+01    1.15120E+02    3.65552E+01    1.93684E+02
 5.20000E+01    1.11463E+02    3.53942E+01    1.87533E+02
 5.40000E+01    1.07770E+02    3.42214E+01    1.81319E+02
 5.60000E+01    1.04880E+02    3.33037E+01    1.76456E+02
 5.80000E+01    1.03349E+02    3.28175E+01    1.73880E+02
 6.00000E+01    1.02128E+02    3.24300E+01    1.71827E+02
 6.50000E+01    9.90844E+01    3.14634E+01    1.66705E+02
 7.00000E+01    9.95734E+01    3.16187E+01    1.67528E+02
 7.50000E+01    9.87281E+01    3.13502E+01    1.66106E+02
 8.00000E+01    9.91487E+01    3.14838E+01    1.66814E+02
 9.00000E+01    9.24151E+01    2.93456E+01    1.55485E+02
 1.00000E+02    8.68156E+01    2.75675E+01    1.46064E+02
 1.10000E+02    7.99198E+01    2.53778E+01    1.34462E+02
 1.20000E+02    7.47865E+01    2.37478E+01    1.25825E+02
 1.30000E+02    6.92360E+01    2.19853E+01    1.16487E+02
 1.40000E+02    6.62879E+01    2.10491E+01    1.11527E+02
 1.50000E+02    6.09751E+01    1.93621E+01    1.02588E+02
 1.60000E+02    5.70775E+01    1.81245E+01    9.60305E+01
 1.80000E+02    5.13971E+01    1.63207E+01    8.64736E+01
 2.00000E+02    4.71287E+01    1.49653E+01    7.92921E+01
