# n + Ac234 : (n,el)    
# tendl.2017 A.J. Koning and D. Rochman        EVAL-NOV17
# uncertainties: y
# # energies =  1157
#   E(MeV)       xs(mb)       xslow(mb)      xsupp(mb)
 1.00000E-11    3.20198E+04    2.38418E+04    4.01979E+04
 1.03223E-11    3.15454E+04    2.34885E+04    3.96023E+04
 1.06549E-11    3.10791E+04    2.31413E+04    3.90169E+04
 1.09984E-11    3.06204E+04    2.27998E+04    3.84411E+04
 1.13527E-11    3.01696E+04    2.24641E+04    3.78751E+04
 1.17186E-11    2.97262E+04    2.21339E+04    3.73184E+04
 1.20962E-11    2.92904E+04    2.18094E+04    3.67713E+04
 1.24861E-11    2.88617E+04    2.14903E+04    3.62332E+04
 1.28884E-11    2.84405E+04    2.11766E+04    3.57044E+04
 1.33038E-11    2.80262E+04    2.08682E+04    3.51843E+04
 1.37325E-11    2.76192E+04    2.05651E+04    3.46733E+04
 1.41751E-11    2.72189E+04    2.02670E+04    3.41707E+04
 1.46318E-11    2.68255E+04    1.99741E+04    3.36769E+04
 1.51034E-11    2.64387E+04    1.96861E+04    3.31914E+04
 1.55901E-11    2.60587E+04    1.94032E+04    3.27143E+04
 1.60926E-11    2.56851E+04    1.91250E+04    3.22452E+04
 1.66111E-11    2.53180E+04    1.88517E+04    3.17844E+04
 1.71465E-11    2.49572E+04    1.85830E+04    3.13314E+04
 1.76990E-11    2.46027E+04    1.83190E+04    3.08864E+04
 1.83080E-11    2.42313E+04    1.80425E+04    3.04201E+04
 1.89380E-11    2.38667E+04    1.77710E+04    2.99624E+04
 1.95897E-11    2.35090E+04    1.75047E+04    2.95133E+04
 2.02638E-11    2.31579E+04    1.72432E+04    2.90726E+04
 2.09611E-11    2.28134E+04    1.69867E+04    2.86401E+04
 2.16824E-11    2.24754E+04    1.67350E+04    2.82157E+04
 2.24285E-11    2.21438E+04    1.64881E+04    2.77994E+04
 2.32003E-11    2.18184E+04    1.62458E+04    2.73909E+04
 2.39986E-11    2.14992E+04    1.60082E+04    2.69902E+04
 2.48245E-11    2.11861E+04    1.57750E+04    2.65971E+04
 2.56787E-11    2.08790E+04    1.55464E+04    2.62116E+04
 2.65623E-11    2.05778E+04    1.53221E+04    2.58334E+04
 2.74764E-11    2.02824E+04    1.51021E+04    2.54626E+04
 2.84219E-11    1.99927E+04    1.48864E+04    2.50989E+04
 2.93999E-11    1.97086E+04    1.46749E+04    2.47423E+04
 3.04116E-11    1.94302E+04    1.44676E+04    2.43927E+04
 3.14581E-11    1.91571E+04    1.42643E+04    2.40500E+04
 3.25406E-11    1.88895E+04    1.40650E+04    2.37140E+04
 3.36604E-11    1.86272E+04    1.38697E+04    2.33847E+04
 3.48187E-11    1.83701E+04    1.36782E+04    2.30619E+04
 3.60168E-11    1.81181E+04    1.34906E+04    2.27456E+04
 3.72562E-11    1.78712E+04    1.33068E+04    2.24356E+04
 3.85382E-11    1.76293E+04    1.31267E+04    2.21319E+04
 3.98644E-11    1.73923E+04    1.29502E+04    2.18344E+04
 4.12361E-11    1.71602E+04    1.27774E+04    2.15430E+04
 4.26551E-11    1.69328E+04    1.26081E+04    2.12575E+04
 4.41229E-11    1.67101E+04    1.24423E+04    2.09780E+04
 4.56413E-11    1.64921E+04    1.22799E+04    2.07042E+04
 4.72118E-11    1.62786E+04    1.21209E+04    2.04362E+04
 4.88364E-11    1.60696E+04    1.19653E+04    2.01739E+04
 5.06241E-11    1.58524E+04    1.18036E+04    1.99011E+04
 5.24768E-11    1.56401E+04    1.16455E+04    1.96346E+04
 5.43976E-11    1.54326E+04    1.14910E+04    1.93741E+04
 5.63885E-11    1.52299E+04    1.13401E+04    1.91197E+04
 5.84525E-11    1.50318E+04    1.11926E+04    1.88710E+04
 6.05917E-11    1.48384E+04    1.10486E+04    1.86282E+04
 6.28096E-11    1.46495E+04    1.09079E+04    1.83911E+04
 6.51083E-11    1.44651E+04    1.07706E+04    1.81595E+04
 6.74915E-11    1.42850E+04    1.06365E+04    1.79335E+04
 6.99616E-11    1.41093E+04    1.05057E+04    1.77129E+04
 7.25224E-11    1.39377E+04    1.03780E+04    1.74975E+04
 7.51766E-11    1.37704E+04    1.02534E+04    1.72875E+04
 7.79283E-11    1.36072E+04    1.01318E+04    1.70825E+04
 8.07803E-11    1.34480E+04    1.00133E+04    1.68827E+04
 8.39142E-11    1.32838E+04    9.89101E+03    1.66765E+04
 8.71696E-11    1.31239E+04    9.77197E+03    1.64758E+04
 9.05514E-11    1.29683E+04    9.65612E+03    1.62805E+04
 9.40643E-11    1.28169E+04    9.54341E+03    1.60905E+04
 9.77136E-11    1.26697E+04    9.43378E+03    1.59056E+04
 1.01504E-10    1.25265E+04    9.32717E+03    1.57259E+04
 1.05442E-10    1.23873E+04    9.22352E+03    1.55511E+04
 1.09533E-10    1.22520E+04    9.12279E+03    1.53813E+04
 1.13782E-10    1.21206E+04    9.02490E+03    1.52162E+04
 1.18447E-10    1.19859E+04    8.92460E+03    1.50471E+04
 1.23302E-10    1.18553E+04    8.82738E+03    1.48832E+04
 1.28358E-10    1.17287E+04    8.73312E+03    1.47243E+04
 1.33619E-10    1.16061E+04    8.64182E+03    1.45703E+04
 1.39097E-10    1.14873E+04    8.55335E+03    1.44212E+04
 1.44798E-10    1.13722E+04    8.46771E+03    1.42768E+04
 1.51053E-10    1.12551E+04    8.38050E+03    1.41298E+04
 1.57578E-10    1.11420E+04    8.29626E+03    1.39877E+04
 1.64385E-10    1.10327E+04    8.21490E+03    1.38506E+04
 1.71486E-10    1.09273E+04    8.13637E+03    1.37181E+04
 1.78894E-10    1.08255E+04    8.06058E+03    1.35904E+04
 1.87018E-10    1.07224E+04    7.98387E+03    1.34610E+04
 1.95508E-10    1.06233E+04    7.91005E+03    1.33366E+04
 2.04387E-10    1.05279E+04    7.83901E+03    1.32168E+04
 2.13666E-10    1.04361E+04    7.77069E+03    1.31016E+04
 2.23840E-10    1.03438E+04    7.70193E+03    1.29857E+04
 2.34499E-10    1.02552E+04    7.63597E+03    1.28745E+04
 2.45666E-10    1.01703E+04    7.57272E+03    1.27678E+04
 2.57910E-10    1.00852E+04    7.50223E+03    1.26682E+04
 2.70762E-10    1.00039E+04    7.44173E+03    1.25660E+04
 2.84857E-10    9.92281E+03    7.38143E+03    1.24642E+04
 2.99687E-10    9.84550E+03    7.32392E+03    1.23671E+04
 3.15288E-10    9.77179E+03    7.26909E+03    1.22745E+04
 3.32405E-10    9.69868E+03    7.21471E+03    1.21827E+04
 3.50448E-10    9.62918E+03    7.16301E+03    1.20954E+04
 3.70254E-10    9.56054E+03    7.11195E+03    1.20091E+04
 3.92009E-10    9.49302E+03    7.06172E+03    1.19243E+04
 4.15040E-10    9.42914E+03    7.01420E+03    1.18441E+04
 4.40355E-10    9.36655E+03    6.96764E+03    1.17655E+04
 4.68204E-10    9.30545E+03    6.92218E+03    1.16887E+04
 4.97812E-10    9.24793E+03    6.87940E+03    1.16165E+04
 5.30414E-10    9.19198E+03    6.83778E+03    1.15462E+04
 5.66350E-10    9.13774E+03    6.79743E+03    1.14780E+04
 6.05998E-10    9.08534E+03    6.75845E+03    1.14122E+04
 6.49792E-10    9.03487E+03    6.72090E+03    1.13488E+04
 6.98228E-10    8.98641E+03    6.68486E+03    1.12880E+04
 7.51866E-10    8.94003E+03    6.65035E+03    1.12297E+04
 8.13049E-10    8.89458E+03    6.59915E+03    1.11900E+04
 8.81076E-10    8.85145E+03    6.56716E+03    1.11357E+04
 9.56818E-10    8.81064E+03    6.53688E+03    1.10844E+04
 1.04347E-09    8.77122E+03    6.50763E+03    1.10348E+04
 1.14280E-09    8.73337E+03    6.47955E+03    1.09872E+04
 1.25687E-09    8.69727E+03    6.45277E+03    1.09418E+04
 1.38821E-09    8.66305E+03    6.42738E+03    1.08987E+04
 1.53975E-09    8.63080E+03    6.40345E+03    1.08582E+04
 1.71872E-09    8.60003E+03    6.38062E+03    1.08194E+04
 1.93069E-09    8.57094E+03    6.35904E+03    1.07828E+04
 2.18261E-09    8.54369E+03    6.33882E+03    1.07486E+04
 2.48835E-09    8.51800E+03    6.27377E+03    1.07622E+04
 2.86102E-09    8.49407E+03    6.25615E+03    1.07320E+04
 3.32446E-09    8.47174E+03    6.23970E+03    1.07038E+04
 3.91231E-09    8.45096E+03    6.22440E+03    1.06775E+04
 4.67276E-09    8.43173E+03    6.21023E+03    1.06532E+04
 5.67622E-09    8.41409E+03    6.19724E+03    1.06309E+04
 7.04252E-09    8.39795E+03    6.10306E+03    1.06928E+04
 8.96225E-09    8.38326E+03    6.09238E+03    1.06741E+04
 1.17978E-08    8.36979E+03    6.08259E+03    1.06570E+04
 1.62012E-08    8.35731E+03    5.95288E+03    1.07617E+04
 2.36053E-08    8.34514E+03    5.80887E+03    1.08814E+04
 2.52522E-08    8.34314E+03    5.77597E+03    1.09103E+04
 2.53000E-08    8.34308E+03    5.77594E+03    1.09102E+04
 4.09731E-08    8.32913E+03    5.45692E+03    1.12013E+04
 7.62933E-08    8.30828E+03    5.53311E+03    1.10835E+04
 1.80785E-07    8.25934E+03    5.35174E+03    1.11669E+04
 3.54153E-07    8.17999E+03    6.88868E+03    9.47130E+03
 4.51647E-07    8.12984E+03    6.83812E+03    9.42156E+03
 5.20386E-07    8.09315E+03    6.76200E+03    9.42429E+03
 5.44016E-07    8.08516E+03    6.75533E+03    9.41499E+03
 5.53297E-07    8.08426E+03    6.75457E+03    9.41394E+03
 5.66850E-07    8.08686E+03    6.75675E+03    9.41697E+03
 5.78964E-07    8.09485E+03    6.76343E+03    9.42628E+03
 5.88841E-07    8.10669E+03    6.77332E+03    9.44007E+03
 5.98887E-07    8.12465E+03    6.78832E+03    9.46098E+03
 6.07818E-07    8.14602E+03    5.47775E+03    1.08143E+04
 6.18098E-07    8.17659E+03    5.49831E+03    1.08549E+04
 6.32264E-07    8.22635E+03    5.53177E+03    1.09209E+04
 6.50931E-07    8.29404E+03    5.57729E+03    1.10108E+04
 6.61590E-07    8.32757E+03    5.59984E+03    1.10553E+04
 6.71454E-07    8.35285E+03    5.61683E+03    1.10889E+04
 6.81092E-07    8.37168E+03    5.62950E+03    1.11139E+04
 6.91949E-07    8.38635E+03    5.63936E+03    1.11333E+04
 7.03808E-07    8.39573E+03    5.64567E+03    1.11458E+04
 7.18374E-07    8.40029E+03    5.64874E+03    1.11519E+04
 7.24067E-07    8.40060E+03    5.64894E+03    1.11523E+04
 7.47403E-07    8.39669E+03    5.64631E+03    1.11471E+04
 8.20278E-07    8.36926E+03    2.78485E+03    1.39537E+04
 1.01495E-06    8.29254E+03    6.83749E+03    9.74759E+03
 1.22587E-06    8.19827E+03    6.83771E+03    9.55883E+03
 1.39060E-06    8.12479E+03    6.77643E+03    9.47316E+03
 1.48859E-06    8.10826E+03    6.76264E+03    9.45388E+03
 1.57797E-06    8.09547E+03    6.75197E+03    9.43896E+03
 1.65732E-06    8.04914E+03    6.71333E+03    9.38495E+03
 1.75284E-06    7.95300E+03    6.63315E+03    9.27286E+03
 1.82808E-06    7.84325E+03    6.54161E+03    9.14489E+03
 1.89320E-06    7.70653E+03    6.42758E+03    8.98548E+03
 1.93345E-06    7.58774E+03    6.32850E+03    8.84698E+03
 1.97446E-06    7.41970E+03    6.18835E+03    8.65105E+03
 2.00232E-06    7.26206E+03    6.01189E+03    8.51222E+03
 2.02350E-06    7.10678E+03    5.88335E+03    8.33022E+03
 2.04403E-06    6.91841E+03    5.72741E+03    8.10942E+03
 2.07329E-06    6.60502E+03    5.46796E+03    7.74208E+03
 2.08329E-06    6.52472E+03    5.40148E+03    7.64795E+03
 2.09040E-06    6.50346E+03    5.38389E+03    7.62303E+03
 2.09514E-06    6.51661E+03    5.39477E+03    7.63845E+03
 2.10015E-06    6.56304E+03    5.43321E+03    7.69287E+03
 2.10541E-06    6.65731E+03    5.51125E+03    7.80336E+03
 2.10968E-06    6.77425E+03    5.60806E+03    7.94044E+03
 2.11457E-06    6.95910E+03    5.76109E+03    8.15711E+03
 2.11947E-06    7.20161E+03    5.96185E+03    8.44137E+03
 2.12469E-06    7.52324E+03    6.22811E+03    8.81837E+03
 2.12974E-06    7.89251E+03    6.53381E+03    9.25121E+03
 2.13627E-06    8.43504E+03    6.98294E+03    9.88713E+03
 2.15076E-06    9.71912E+03    8.04597E+03    1.13923E+04
 2.15666E-06    1.01862E+04    8.43265E+03    1.19398E+04
 2.16172E-06    1.05275E+04    8.71516E+03    1.23398E+04
 2.16677E-06    1.08018E+04    8.94229E+03    1.26614E+04
 2.17082E-06    1.09693E+04    9.08095E+03    1.28577E+04
 2.17650E-06    1.11268E+04    9.21130E+03    1.30423E+04
 2.18261E-06    1.12020E+04    9.27361E+03    1.31305E+04
 2.18472E-06    1.12081E+04    9.27866E+03    1.31376E+04
 2.19104E-06    1.11762E+04    9.25217E+03    1.31001E+04
 2.19978E-06    1.10409E+04    9.14020E+03    1.29416E+04
 2.22916E-06    1.03649E+04    8.58059E+03    1.21492E+04
 2.24602E-06    1.00397E+04    8.31135E+03    1.17680E+04
 2.25760E-06    9.85981E+03    8.16244E+03    1.15572E+04
 2.27353E-06    9.65977E+03    7.99683E+03    1.13227E+04
 2.29753E-06    9.43328E+03    7.80933E+03    1.10572E+04
 2.32175E-06    9.26567E+03    7.67058E+03    1.08608E+04
 2.35451E-06    9.09999E+03    7.53342E+03    1.06666E+04
 2.40457E-06    8.92656E+03    7.38985E+03    1.04633E+04
 2.47290E-06    8.77314E+03    7.26284E+03    1.02834E+04
 2.56098E-06    8.64613E+03    7.15769E+03    1.01346E+04
 2.70859E-06    8.51426E+03    7.20258E+03    9.82594E+03
 2.94611E-06    8.38656E+03    7.09455E+03    9.67856E+03
 3.31876E-06    8.26051E+03    6.92645E+03    9.59457E+03
 3.50568E-06    8.23375E+03    6.91573E+03    9.55177E+03
 3.83605E-06    8.28516E+03    6.95891E+03    9.61140E+03
 4.05715E-06    8.24913E+03    6.82810E+03    9.67017E+03
 4.43959E-06    8.11690E+03    6.71865E+03    9.51516E+03
 4.61117E-06    8.01501E+03    6.62288E+03    9.40714E+03
 4.76359E-06    7.87192E+03    6.50465E+03    9.23920E+03
 4.77584E-06    7.86804E+03    6.50144E+03    9.23464E+03
 4.79644E-06    7.87623E+03    6.50821E+03    9.24425E+03
 4.82159E-06    7.92381E+03    6.54752E+03    9.30010E+03
 4.84423E-06    8.01045E+03    6.61912E+03    9.40179E+03
 4.90793E-06    8.35560E+03    6.90432E+03    9.80688E+03
 4.93057E-06    8.43443E+03    6.96946E+03    9.89941E+03
 4.95991E-06    8.47496E+03    7.00295E+03    9.94698E+03
 4.96829E-06    8.47633E+03    7.00408E+03    9.94859E+03
 5.02697E-06    8.42734E+03    6.40108E+03    1.04536E+04
 5.15271E-06    8.29613E+03    6.30142E+03    1.02908E+04
 5.30724E-06    8.19858E+03    6.22732E+03    1.01698E+04
 5.55938E-06    8.10898E+03    5.95503E+03    1.02629E+04
 5.79664E-06    8.08122E+03    5.93464E+03    1.02278E+04
 5.93230E-06    8.09670E+03    5.94601E+03    1.02474E+04
 6.04229E-06    8.15235E+03    5.98687E+03    1.03178E+04
 6.15603E-06    8.27354E+03    6.07587E+03    1.04712E+04
 6.29729E-06    8.44194E+03    6.19954E+03    1.06843E+04
 6.39072E-06    8.49461E+03    6.23822E+03    1.07510E+04
 6.43242E-06    8.49988E+03    6.52724E+03    1.04725E+04
 6.57423E-06    8.46292E+03    6.49885E+03    1.04270E+04
 6.80888E-06    8.35122E+03    6.82512E+03    9.87731E+03
 6.87180E-06    8.34181E+03    6.81743E+03    9.86618E+03
 6.98086E-06    8.37782E+03    6.84686E+03    9.90877E+03
 7.08168E-06    8.46793E+03    6.92051E+03    1.00154E+04
 7.19308E-06    8.59835E+03    7.02710E+03    1.01696E+04
 7.28956E-06    8.64085E+03    7.06183E+03    1.02199E+04
 7.29757E-06    8.64109E+03    7.06202E+03    1.02201E+04
 7.40308E-06    8.59828E+03    7.23266E+03    9.96389E+03
 7.63872E-06    8.47929E+03    7.13257E+03    9.82601E+03
 8.04940E-06    8.35205E+03    7.01911E+03    9.68498E+03
 8.77708E-06    8.19779E+03    6.88948E+03    9.50611E+03
 9.15926E-06    8.13722E+03    6.79391E+03    9.48054E+03
 9.21891E-06    8.14168E+03    6.79762E+03    9.48573E+03
 9.72210E-06    8.04301E+03    6.71525E+03    9.37078E+03
 9.87338E-06    8.03197E+03    6.70603E+03    9.35792E+03
 1.03084E-05    8.07429E+03    6.72799E+03    9.42060E+03
 1.05628E-05    8.04336E+03    6.70221E+03    9.38451E+03
 1.08783E-05    7.98914E+03    6.65703E+03    9.32124E+03
 1.09126E-05    7.98837E+03    6.65639E+03    9.32035E+03
 1.10904E-05    8.01796E+03    6.68104E+03    9.35487E+03
 1.13861E-05    8.13730E+03    6.78048E+03    9.49411E+03
 1.14954E-05    8.15250E+03    6.79315E+03    9.51185E+03
 1.16675E-05    8.12413E+03    6.76951E+03    9.47875E+03
 1.19594E-05    8.03176E+03    6.69254E+03    9.37097E+03
 1.21108E-05    7.98794E+03    6.27330E+03    9.70259E+03
 1.22153E-05    7.90835E+03    6.21079E+03    9.60592E+03
 1.22923E-05    7.81436E+03    6.13697E+03    9.49174E+03
 1.23603E-05    7.68613E+03    6.03627E+03    9.33599E+03
 1.24209E-05    7.54110E+03    5.92237E+03    9.15983E+03
 1.24389E-05    7.51996E+03    5.90577E+03    9.13415E+03
 1.24602E-05    7.53735E+03    5.91942E+03    9.15527E+03
 1.24793E-05    7.60779E+03    5.97474E+03    9.24083E+03
 1.24980E-05    7.73077E+03    6.07133E+03    9.39022E+03
 1.25530E-05    8.22350E+03    6.45829E+03    9.98871E+03
 1.25728E-05    8.34443E+03    6.55326E+03    1.01356E+04
 1.25908E-05    8.39884E+03    6.59599E+03    1.02017E+04
 1.26004E-05    8.40676E+03    6.60221E+03    1.02113E+04
 1.26216E-05    8.38386E+03    6.58423E+03    1.01835E+04
 1.27119E-05    8.12537E+03    6.38123E+03    9.86952E+03
 1.27597E-05    8.03803E+03    6.31263E+03    9.76343E+03
 1.28434E-05    7.95098E+03    6.24426E+03    9.65769E+03
 1.30058E-05    7.87771E+03    6.46311E+03    9.29232E+03
 1.31285E-05    7.84843E+03    6.43909E+03    9.25778E+03
 1.31853E-05    7.87990E+03    6.46490E+03    9.29489E+03
 1.32673E-05    8.01167E+03    6.57301E+03    9.45032E+03
 1.33173E-05    8.07566E+03    6.62551E+03    9.52581E+03
 1.33456E-05    8.08461E+03    6.63285E+03    9.53637E+03
 1.33721E-05    8.07389E+03    6.62406E+03    9.52372E+03
 1.34358E-05    7.99196E+03    6.55685E+03    9.42708E+03
 1.35381E-05    7.77591E+03    6.37959E+03    9.17223E+03
 1.35891E-05    7.66956E+03    6.29234E+03    9.04679E+03
 1.36157E-05    7.64720E+03    6.27399E+03    9.02040E+03
 1.36401E-05    7.67448E+03    6.29637E+03    9.05259E+03
 1.36592E-05    7.74275E+03    6.35238E+03    9.13312E+03
 1.36771E-05    7.85055E+03    6.44083E+03    9.26028E+03
 1.37001E-05    8.05034E+03    6.60474E+03    9.49595E+03
 1.37629E-05    8.74244E+03    7.17256E+03    1.03123E+04
 1.37861E-05    8.93553E+03    7.33098E+03    1.05401E+04
 1.38058E-05    9.04221E+03    7.41850E+03    1.06659E+04
 1.38300E-05    9.10239E+03    7.46787E+03    1.07369E+04
 1.38414E-05    9.10826E+03    7.47269E+03    1.07438E+04
 1.38781E-05    9.06624E+03    7.43821E+03    1.06943E+04
 1.39735E-05    8.86591E+03    7.27386E+03    1.04580E+04
 1.40771E-05    8.72046E+03    7.15453E+03    1.02864E+04
 1.44770E-05    8.29303E+03    6.80385E+03    9.78222E+03
 1.46878E-05    8.01768E+03    6.57794E+03    9.45741E+03
 1.48185E-05    7.84976E+03    6.44017E+03    9.25934E+03
 1.48750E-05    7.81979E+03    6.41559E+03    9.22399E+03
 1.49193E-05    7.84808E+03    6.43880E+03    9.25736E+03
 1.49542E-05    7.92247E+03    6.49983E+03    9.34511E+03
 1.49871E-05    8.04680E+03    6.60183E+03    9.49177E+03
 1.50152E-05    8.19745E+03    6.75762E+03    9.63728E+03
 1.50604E-05    8.50823E+03    7.01381E+03    1.00027E+04
 1.51225E-05    8.96144E+03    7.38742E+03    1.05355E+04
 1.51579E-05    9.16388E+03    7.55430E+03    1.07735E+04
 1.51868E-05    9.27813E+03    7.64848E+03    1.09078E+04
 1.52195E-05    9.35165E+03    7.70909E+03    1.09942E+04
 1.52545E-05    9.37461E+03    7.72802E+03    1.10212E+04
 1.52982E-05    9.34839E+03    7.70640E+03    1.09904E+04
 1.55305E-05    8.99268E+03    7.41317E+03    1.05722E+04
 1.56923E-05    8.80848E+03    7.26132E+03    1.03556E+04
 1.59110E-05    8.64107E+03    7.12332E+03    1.01588E+04
 1.64196E-05    8.37508E+03    6.90405E+03    9.84611E+03
 1.69681E-05    8.13136E+03    6.70314E+03    9.55958E+03
 1.70455E-05    8.11784E+03    6.79003E+03    9.44564E+03
 1.71267E-05    8.13936E+03    6.80803E+03    9.47068E+03
 1.72207E-05    8.22629E+03    6.88074E+03    9.57183E+03
 1.73487E-05    8.38384E+03    7.01252E+03    9.75515E+03
 1.74341E-05    8.43617E+03    7.05629E+03    9.81604E+03
 1.74514E-05    8.43936E+03    7.05896E+03    9.81976E+03
 1.75293E-05    8.42897E+03    7.05027E+03    9.80767E+03
 1.77097E-05    8.32379E+03    6.96229E+03    9.68528E+03
 1.79154E-05    8.18458E+03    6.84586E+03    9.52330E+03
 1.79741E-05    8.17024E+03    6.83387E+03    9.50662E+03
 1.80442E-05    8.19879E+03    6.85774E+03    9.53983E+03
 1.81342E-05    8.31372E+03    6.95387E+03    9.67356E+03
 1.82163E-05    8.42219E+03    7.04460E+03    9.79978E+03
 1.82870E-05    8.45611E+03    7.07298E+03    9.83925E+03
 1.82934E-05    8.45611E+03    7.07298E+03    9.83925E+03
 1.83675E-05    8.42879E+03    7.05012E+03    9.80746E+03
 1.85208E-05    8.29473E+03    6.93799E+03    9.65146E+03
 1.86815E-05    8.10424E+03    6.77865E+03    9.42982E+03
 1.87238E-05    8.08499E+03    6.76256E+03    9.40742E+03
 1.87661E-05    8.12346E+03    6.79473E+03    9.45218E+03
 1.88558E-05    8.30511E+03    6.94668E+03    9.66355E+03
 1.88888E-05    8.32869E+03    6.96640E+03    9.69099E+03
 1.89356E-05    8.30314E+03    6.94503E+03    9.66126E+03
 1.90852E-05    8.13547E+03    6.80478E+03    9.46616E+03
 1.94703E-05    7.83087E+03    6.55001E+03    9.11174E+03
 1.97141E-05    7.67824E+03    6.42234E+03    8.93414E+03
 1.98333E-05    7.63991E+03    6.39028E+03    8.88954E+03
 1.98738E-05    7.63718E+03    6.38799E+03    8.88637E+03
 1.99876E-05    7.66788E+03    6.41367E+03    8.92208E+03
 2.01058E-05    7.76362E+03    6.50692E+03    9.02032E+03
 2.02595E-05    7.91223E+03    6.63147E+03    9.19298E+03
 2.03430E-05    7.94110E+03    6.65567E+03    9.22653E+03
 2.04089E-05    7.92057E+03    6.63846E+03    9.20267E+03
 2.05011E-05    7.83448E+03    6.56631E+03    9.10265E+03
 2.05849E-05    7.73475E+03    6.48272E+03    8.98677E+03
 2.06436E-05    7.70204E+03    6.45531E+03    8.94877E+03
 2.06856E-05    7.72892E+03    6.47784E+03    8.98000E+03
 2.07275E-05    7.81363E+03    6.54884E+03    9.07843E+03
 2.07703E-05    7.96212E+03    6.67329E+03    9.25095E+03
 2.08071E-05    8.13558E+03    6.81867E+03    9.45249E+03
 2.08449E-05    8.35408E+03    7.00181E+03    9.70636E+03
 2.08983E-05    8.72750E+03    7.31478E+03    1.01402E+04
 2.09931E-05    9.45422E+03    7.92387E+03    1.09846E+04
 2.10293E-05    9.68563E+03    8.11781E+03    1.12534E+04
 2.10702E-05    9.87953E+03    8.28033E+03    1.14787E+04
 2.11050E-05    9.98255E+03    8.36667E+03    1.15984E+04
 2.11399E-05    1.00320E+04    8.40810E+03    1.16559E+04
 2.11608E-05    1.00395E+04    8.41443E+03    1.16646E+04
 2.12026E-05    1.00158E+04    8.39456E+03    1.16371E+04
 2.12699E-05    9.90717E+03    8.30349E+03    1.15108E+04
 2.14835E-05    9.42924E+03    7.90292E+03    1.09555E+04
 2.15692E-05    9.27361E+03    7.77249E+03    1.07747E+04
 2.16334E-05    9.20510E+03    7.71507E+03    1.06951E+04
 2.16720E-05    9.19293E+03    7.70487E+03    1.06810E+04
 2.18305E-05    9.25974E+03    7.76086E+03    1.07586E+04
 2.18969E-05    9.23670E+03    7.74155E+03    1.07318E+04
 2.20147E-05    9.10780E+03    7.59474E+03    1.06209E+04
 2.22155E-05    8.86895E+03    7.39558E+03    1.03423E+04
 2.23346E-05    8.77694E+03    7.31885E+03    1.02350E+04
 2.24804E-05    8.75013E+03    7.29650E+03    1.02038E+04
 2.25855E-05    8.72032E+03    7.27164E+03    1.01690E+04
 2.26989E-05    8.61981E+03    7.18782E+03    1.00518E+04
 2.28070E-05    8.51161E+03    7.09760E+03    9.92562E+03
 2.28264E-05    8.50578E+03    7.09274E+03    9.91883E+03
 2.28715E-05    8.53212E+03    7.11470E+03    9.94954E+03
 2.29131E-05    8.61865E+03    7.18685E+03    1.00504E+04
 2.29858E-05    8.87279E+03    7.39878E+03    1.03468E+04
 2.30326E-05    9.01980E+03    7.52137E+03    1.05182E+04
 2.30631E-05    9.07881E+03    7.57057E+03    1.05870E+04
 2.31013E-05    9.10753E+03    7.59452E+03    1.06205E+04
 2.31556E-05    9.08639E+03    7.57689E+03    1.05959E+04
 2.33524E-05    8.90511E+03    7.42573E+03    1.03845E+04
 2.36432E-05    8.73877E+03    7.28702E+03    1.01905E+04
 2.40897E-05    8.49648E+03    7.08498E+03    9.90798E+03
 2.43887E-05    8.26887E+03    6.89519E+03    9.64256E+03
 2.45368E-05    8.16436E+03    6.80803E+03    9.52068E+03
 2.45842E-05    8.15378E+03    6.79921E+03    9.50835E+03
 2.46476E-05    8.17905E+03    6.82029E+03    9.53782E+03
 2.46838E-05    8.22259E+03    6.85659E+03    9.58859E+03
 2.47291E-05    8.31689E+03    6.93523E+03    9.69856E+03
 2.47816E-05    8.48781E+03    7.07775E+03    9.89787E+03
 2.48781E-05    8.86645E+03    7.39349E+03    1.03394E+04
 2.49240E-05    8.98690E+03    7.49393E+03    1.04799E+04
 2.49769E-05    9.05104E+03    7.54741E+03    1.05547E+04
 2.50138E-05    9.06069E+03    7.65213E+03    1.04692E+04
 2.51221E-05    9.01289E+03    7.61176E+03    1.04140E+04
 2.52712E-05    8.87557E+03    7.49579E+03    1.02554E+04
 2.55454E-05    8.53124E+03    7.20499E+03    9.85749E+03
 2.57068E-05    8.28837E+03    6.99988E+03    9.57687E+03
 2.58361E-05    8.08734E+03    6.83009E+03    9.34458E+03
 2.58851E-05    8.05544E+03    6.80315E+03    9.30772E+03
 2.59266E-05    8.08217E+03    6.82573E+03    9.33861E+03
 2.59611E-05    8.15442E+03    6.88674E+03    9.42209E+03
 2.60085E-05    8.32428E+03    7.03020E+03    9.61836E+03
 2.60879E-05    8.66184E+03    7.31528E+03    1.00084E+04
 2.61249E-05    8.76817E+03    7.40508E+03    1.01312E+04
 2.61573E-05    8.81323E+03    7.44314E+03    1.01833E+04
 2.61723E-05    8.81914E+03    7.44813E+03    1.01902E+04
 2.62111E-05    8.79709E+03    7.42951E+03    1.01647E+04
 2.62499E-05    8.73669E+03    7.37850E+03    1.00949E+04
 2.63668E-05    8.48947E+03    7.16971E+03    9.80923E+03
 2.64279E-05    8.39250E+03    7.08782E+03    9.69719E+03
 2.64826E-05    8.36042E+03    7.06072E+03    9.66012E+03
 2.65241E-05    8.38426E+03    7.08085E+03    9.68766E+03
 2.65656E-05    8.45271E+03    7.13866E+03    9.76675E+03
 2.66822E-05    8.74911E+03    7.38899E+03    1.01092E+04
 2.67382E-05    8.82442E+03    7.45259E+03    1.01963E+04
 2.67969E-05    8.86551E+03    7.48730E+03    1.02437E+04
 2.68264E-05    8.92264E+03    7.53554E+03    1.03097E+04
 2.68515E-05    9.01372E+03    7.61247E+03    1.04150E+04
 2.68810E-05    9.17417E+03    7.74797E+03    1.06004E+04
 2.69433E-05    9.57989E+03    8.09062E+03    1.10692E+04
 2.69724E-05    9.70893E+03    8.19960E+03    1.12183E+04
 2.69918E-05    9.75232E+03    8.23624E+03    1.12684E+04
 2.70025E-05    9.76096E+03    8.24353E+03    1.12784E+04
 2.70284E-05    9.74133E+03    8.22696E+03    1.12557E+04
 2.70586E-05    9.66502E+03    8.16251E+03    1.11675E+04
 2.71649E-05    9.30347E+03    7.85717E+03    1.07498E+04
 2.72253E-05    9.15373E+03    7.73071E+03    1.05768E+04
 2.73203E-05    8.98641E+03    7.58940E+03    1.03834E+04
 2.74368E-05    8.84808E+03    7.47257E+03    1.02236E+04
 2.75486E-05    8.77412E+03    7.41011E+03    1.01381E+04
 2.77148E-05    8.75041E+03    7.39009E+03    1.01107E+04
 2.79464E-05    8.73540E+03    7.37741E+03    1.00934E+04
 2.80651E-05    8.76521E+03    7.40258E+03    1.01278E+04
 2.81691E-05    8.85813E+03    7.48106E+03    1.02352E+04
 2.84154E-05    9.22425E+03    7.79026E+03    1.06582E+04
 2.84814E-05    9.28981E+03    7.84563E+03    1.07340E+04
 2.85832E-05    9.33017E+03    7.87972E+03    1.07806E+04
 2.87041E-05    9.29682E+03    7.85155E+03    1.07421E+04
 2.89124E-05    9.16798E+03    7.74275E+03    1.05932E+04
 2.89386E-05    9.16456E+03    7.73985E+03    1.05893E+04
 2.90180E-05    9.20164E+03    7.76977E+03    1.06335E+04
 2.91508E-05    9.34037E+03    7.88692E+03    1.07938E+04
 2.92099E-05    9.36110E+03    7.90442E+03    1.08178E+04
 2.92945E-05    9.33009E+03    7.87823E+03    1.07819E+04
 2.95687E-05    9.12257E+03    7.70300E+03    1.05421E+04
 2.96556E-05    9.10749E+03    7.69027E+03    1.05247E+04
 2.96655E-05    9.10750E+03    7.69028E+03    1.05247E+04
 2.97857E-05    9.07935E+03    7.66651E+03    1.04922E+04
 3.00710E-05    8.93971E+03    7.54860E+03    1.03308E+04
 3.07207E-05    8.71136E+03    7.35578E+03    1.00669E+04
 3.09734E-05    8.67967E+03    7.32903E+03    1.00303E+04
 3.14446E-05    8.51058E+03    7.18625E+03    9.83491E+03
 3.16263E-05    8.48583E+03    7.16535E+03    9.80632E+03
 3.19091E-05    8.51782E+03    7.19236E+03    9.84327E+03
 3.20472E-05    8.48356E+03    7.16343E+03    9.80368E+03
 3.21830E-05    8.38157E+03    7.07731E+03    9.68583E+03
 3.22826E-05    8.25253E+03    6.96835E+03    9.53671E+03
 3.23668E-05    8.08071E+03    6.82327E+03    9.33815E+03
 3.24197E-05    7.97092E+03    6.73057E+03    9.21128E+03
 3.24448E-05    7.95040E+03    6.71324E+03    9.18756E+03
 3.24706E-05    7.97613E+03    6.73496E+03    9.21729E+03
 3.24880E-05    8.03008E+03    6.78051E+03    9.27964E+03
 3.25098E-05    8.14552E+03    6.87800E+03    9.41305E+03
 3.25315E-05    8.31371E+03    7.02001E+03    9.60741E+03
 3.25638E-05    8.63478E+03    7.29112E+03    9.97844E+03
 3.26064E-05    9.07783E+03    7.66523E+03    1.04904E+04
 3.26308E-05    9.27171E+03    7.82894E+03    1.07145E+04
 3.26482E-05    9.36489E+03    7.90762E+03    1.08222E+04
 3.26719E-05    9.42504E+03    7.95841E+03    1.08917E+04
 3.26774E-05    9.42838E+03    7.96123E+03    1.08955E+04
 3.27035E-05    9.39834E+03    7.93587E+03    1.08608E+04
 3.27405E-05    9.26698E+03    7.82494E+03    1.07090E+04
 3.28036E-05    8.99397E+03    7.59442E+03    1.03935E+04
 3.28417E-05    8.86731E+03    7.48747E+03    1.02472E+04
 3.28798E-05    8.77698E+03    7.41120E+03    1.01428E+04
 3.29478E-05    8.68071E+03    7.32991E+03    1.00315E+04
 3.30396E-05    8.62931E+03    7.15129E+03    1.01073E+04
 3.30834E-05    8.62471E+03    7.14747E+03    1.01019E+04
 3.32698E-05    8.64850E+03    7.16719E+03    1.01298E+04
 3.34077E-05    8.61802E+03    7.14193E+03    1.00941E+04
 3.35775E-05    8.50714E+03    7.05004E+03    9.96424E+03
 3.38084E-05    8.28818E+03    6.86858E+03    9.70777E+03
 3.40418E-05    8.02306E+03    6.64888E+03    9.39725E+03
 3.41025E-05    7.99703E+03    6.62731E+03    9.36676E+03
 3.41504E-05    8.02409E+03    6.64973E+03    9.39846E+03
 3.41960E-05    8.10734E+03    6.71872E+03    9.49596E+03
 3.42384E-05    8.24287E+03    6.83104E+03    9.65471E+03
 3.42935E-05    8.48992E+03    7.03577E+03    9.94407E+03
 3.43686E-05    8.85786E+03    7.34069E+03    1.03750E+04
 3.44061E-05    9.00261E+03    7.46064E+03    1.05446E+04
 3.44491E-05    9.10940E+03    7.54914E+03    1.06696E+04
 3.44898E-05    9.15066E+03    7.58334E+03    1.07180E+04
 3.45056E-05    9.15300E+03    7.58528E+03    1.07207E+04
 3.45667E-05    9.11129E+03    7.55071E+03    1.06719E+04
 3.47928E-05    8.78433E+03    7.27976E+03    1.02889E+04
 3.49104E-05    8.64389E+03    7.16337E+03    1.01244E+04
 3.54939E-05    8.07434E+03    6.69137E+03    9.45731E+03
 3.55710E-05    8.03001E+03    6.65463E+03    9.40538E+03
 3.56053E-05    8.02789E+03    6.65288E+03    9.40291E+03
 3.56808E-05    8.07159E+03    6.68909E+03    9.45408E+03
 3.58069E-05    8.20652E+03    6.80091E+03    9.61212E+03
 3.58935E-05    8.24298E+03    6.83113E+03    9.65484E+03
 3.59082E-05    8.24371E+03    6.83173E+03    9.65569E+03
 3.61266E-05    8.20419E+03    6.79898E+03    9.60940E+03
 3.61672E-05    8.21755E+03    6.81005E+03    9.62505E+03
 3.62033E-05    8.27825E+03    6.86036E+03    9.69615E+03
 3.62336E-05    8.39001E+03    6.95297E+03    9.82705E+03
 3.62638E-05    8.56837E+03    7.10079E+03    1.00360E+04
 3.63010E-05    8.86442E+03    7.34613E+03    1.03827E+04
 3.63509E-05    9.27996E+03    7.69050E+03    1.08694E+04
 3.63766E-05    9.44217E+03    7.82492E+03    1.10594E+04
 3.64028E-05    9.54361E+03    7.90898E+03    1.11782E+04
 3.64243E-05    9.57673E+03    7.93643E+03    1.12170E+04
 3.64523E-05    9.56265E+03    7.92477E+03    1.12005E+04
 3.64920E-05    9.47359E+03    7.85096E+03    1.10962E+04
 3.65748E-05    9.25951E+03    7.67355E+03    1.08455E+04
 3.66392E-05    9.15628E+03    7.58799E+03    1.07246E+04
 3.67972E-05    9.01150E+03    7.46801E+03    1.05550E+04
 3.69579E-05    8.92230E+03    7.39409E+03    1.04505E+04
 3.70364E-05    8.91338E+03    7.49715E+03    1.03296E+04
 3.71274E-05    8.95180E+03    7.52947E+03    1.03741E+04
 3.72017E-05    9.03171E+03    7.59669E+03    1.04667E+04
 3.72924E-05    9.19191E+03    7.73142E+03    1.06524E+04
 3.74554E-05    9.55911E+03    8.04028E+03    1.10779E+04
 3.75314E-05    9.66336E+03    8.12797E+03    1.11987E+04
 3.76236E-05    9.70295E+03    8.16127E+03    1.12446E+04
 3.76342E-05    9.70309E+03    8.16139E+03    1.12448E+04
 3.77779E-05    9.65765E+03    8.12317E+03    1.11921E+04
 3.86980E-05    9.07212E+03    7.63067E+03    1.05136E+04
 3.91561E-05    8.77802E+03    7.38330E+03    1.01727E+04
 3.93646E-05    8.59753E+03    7.23149E+03    9.96358E+03
 3.94872E-05    8.45254E+03    7.10954E+03    9.79555E+03
 3.95685E-05    8.32566E+03    7.00281E+03    9.64850E+03
 3.96526E-05    8.14941E+03    6.85457E+03    9.44425E+03
 3.96947E-05    8.03609E+03    6.75925E+03    9.31293E+03
 3.98103E-05    7.65289E+03    6.43694E+03    8.86884E+03
 3.98419E-05    7.57414E+03    6.37070E+03    8.77757E+03
 3.98629E-05    7.54992E+03    6.35033E+03    8.74950E+03
 3.98839E-05    7.55972E+03    6.35858E+03    8.76087E+03
 3.99022E-05    7.60340E+03    6.39531E+03    8.81148E+03
 3.99252E-05    7.71242E+03    6.48701E+03    8.93783E+03
 3.99474E-05    7.88045E+03    6.62834E+03    9.13256E+03
 3.99701E-05    8.11482E+03    6.82548E+03    9.40417E+03
 3.99961E-05    8.45047E+03    7.10779E+03    9.79314E+03
 4.00471E-05    9.21518E+03    7.75100E+03    1.06794E+04
 4.00795E-05    9.68447E+03    8.14573E+03    1.12232E+04
 4.01063E-05    1.00119E+04    8.42113E+03    1.16027E+04
 4.01324E-05    1.02580E+04    8.62814E+03    1.18879E+04
 4.01586E-05    1.04242E+04    8.76790E+03    1.20804E+04
 4.01789E-05    1.04984E+04    8.83030E+03    1.21664E+04
 4.02089E-05    1.05296E+04    8.85660E+03    1.22027E+04
 4.02415E-05    1.04797E+04    8.81459E+03    1.21448E+04
 4.02913E-05    1.03019E+04    8.66503E+03    1.19387E+04
 4.03934E-05    9.87154E+03    8.30307E+03    1.14400E+04
 4.04571E-05    9.66628E+03    8.13043E+03    1.12021E+04
 4.05180E-05    9.51468E+03    8.00291E+03    1.10264E+04
 4.06775E-05    9.20706E+03    7.74417E+03    1.06700E+04
 4.09097E-05    8.77173E+03    7.37801E+03    1.01655E+04
 4.09585E-05    8.72906E+03    7.34212E+03    1.01160E+04
 4.09966E-05    8.75725E+03    7.36583E+03    1.01487E+04
 4.10285E-05    8.83917E+03    7.43473E+03    1.02436E+04
 4.10596E-05    8.97530E+03    7.54923E+03    1.04014E+04
 4.11042E-05    9.24718E+03    7.77792E+03    1.07164E+04
 4.11622E-05    9.63410E+03    8.10336E+03    1.11648E+04
 4.11947E-05    9.80690E+03    8.24870E+03    1.13651E+04
 4.12236E-05    9.91175E+03    8.33689E+03    1.14866E+04
 4.12569E-05    9.97072E+03    8.38650E+03    1.15549E+04
 4.12681E-05    9.97678E+03    8.39159E+03    1.15620E+04
 4.13068E-05    9.95611E+03    8.37420E+03    1.15380E+04
 4.13914E-05    9.79766E+03    8.24093E+03    1.13544E+04
 4.15069E-05    9.58589E+03    8.06281E+03    1.11090E+04
 4.16301E-05    9.43362E+03    7.93473E+03    1.09325E+04
 4.20559E-05    9.05225E+03    7.71234E+03    1.03922E+04
 4.21101E-05    9.03327E+03    7.69617E+03    1.03704E+04
 4.21727E-05    9.06293E+03    7.72144E+03    1.04044E+04
 4.22425E-05    9.17174E+03    7.81414E+03    1.05293E+04
 4.23452E-05    9.37043E+03    7.98342E+03    1.07574E+04
 4.24100E-05    9.43199E+03    8.03587E+03    1.08281E+04
 4.24451E-05    9.43793E+03    8.04093E+03    1.08349E+04
 4.25731E-05    9.37574E+03    7.98795E+03    1.07635E+04
 4.29033E-05    9.18630E+03    7.82655E+03    1.05461E+04
 4.30612E-05    9.15446E+03    7.79942E+03    1.05095E+04
 4.32269E-05    9.12243E+03    7.77213E+03    1.04727E+04
 4.36450E-05    8.93390E+03    7.61151E+03    1.02563E+04
 4.36873E-05    8.92959E+03    7.60783E+03    1.02513E+04
 4.37922E-05    8.97481E+03    7.64636E+03    1.03033E+04
 4.39010E-05    9.02989E+03    7.69329E+03    1.03665E+04
 4.39221E-05    9.03126E+03    7.69446E+03    1.03681E+04
 4.40300E-05    8.99718E+03    7.66542E+03    1.03289E+04
 4.43898E-05    8.84088E+03    7.53226E+03    1.01495E+04
 4.46088E-05    8.79811E+03    7.49582E+03    1.01004E+04
 4.46533E-05    8.79724E+03    7.49507E+03    1.00994E+04
 4.48488E-05    8.81872E+03    7.51337E+03    1.01241E+04
 4.50026E-05    8.90237E+03    7.58465E+03    1.02201E+04
 4.51766E-05    9.01006E+03    7.67640E+03    1.03437E+04
 4.52733E-05    9.02724E+03    7.69103E+03    1.03635E+04
 4.56226E-05    8.95997E+03    7.63372E+03    1.02862E+04
 4.66306E-05    8.64380E+03    7.36434E+03    9.92325E+03
 4.68598E-05    8.54998E+03    7.28442E+03    9.81555E+03
 4.68746E-05    8.54893E+03    7.28352E+03    9.81434E+03
 4.69614E-05    8.57938E+03    7.30946E+03    9.84930E+03
 4.70991E-05    8.68338E+03    7.39807E+03    9.96869E+03
 4.71276E-05    8.68740E+03    7.40149E+03    9.97330E+03
 4.71938E-05    8.65859E+03    7.37695E+03    9.94024E+03
 4.72810E-05    8.60620E+03    7.33231E+03    9.88009E+03
 4.73337E-05    8.63464E+03    7.35655E+03    9.91274E+03
 4.73994E-05    8.75521E+03    7.45926E+03    1.00511E+04
 4.74628E-05    8.87830E+03    7.56413E+03    1.01925E+04
 4.75133E-05    8.91414E+03    7.59467E+03    1.02336E+04
 4.75680E-05    8.88213E+03    7.56740E+03    1.01969E+04
 4.77488E-05    8.66169E+03    7.37959E+03    9.94380E+03
 4.79827E-05    8.44420E+03    7.19429E+03    9.69411E+03
 4.80668E-05    8.33618E+03    7.08140E+03    9.59095E+03
 4.81510E-05    8.18389E+03    6.95204E+03    9.41573E+03
 4.82183E-05    8.05045E+03    6.83868E+03    9.26221E+03
 4.82541E-05    8.01162E+03    6.80570E+03    9.21754E+03
 4.82646E-05    8.00984E+03    6.80419E+03    9.21550E+03
 4.82941E-05    8.03800E+03    6.82811E+03    9.24789E+03
 4.83212E-05    8.11603E+03    6.89439E+03    9.33766E+03
 4.83506E-05    8.26188E+03    7.01829E+03    9.50547E+03
 4.83864E-05    8.51280E+03    7.23144E+03    9.79416E+03
 4.84514E-05    9.02626E+03    7.66762E+03    1.03849E+04
 4.84807E-05    9.20420E+03    7.81877E+03    1.05896E+04
 4.85109E-05    9.31775E+03    7.91523E+03    1.07203E+04
 4.85391E-05    9.35491E+03    7.94680E+03    1.07630E+04
 4.85433E-05    9.35514E+03    7.94699E+03    1.07633E+04
 4.85783E-05    9.31315E+03    7.91132E+03    1.07150E+04
 4.86333E-05    9.14906E+03    7.77193E+03    1.05262E+04
 4.87192E-05    8.86532E+03    7.53090E+03    1.01997E+04
 4.88011E-05    8.66423E+03    7.36008E+03    9.96838E+03
 4.88653E-05    8.55463E+03    7.26697E+03    9.84228E+03
 4.89287E-05    8.49808E+03    7.21894E+03    9.77722E+03
 4.89575E-05    8.49215E+03    7.21390E+03    9.77040E+03
 4.90797E-05    8.52810E+03    7.24444E+03    9.81175E+03
 4.91358E-05    8.50128E+03    7.22165E+03    9.78090E+03
 4.91934E-05    8.41230E+03    7.14607E+03    9.67852E+03
 4.93092E-05    8.14304E+03    6.91734E+03    9.36874E+03
 4.93374E-05    8.10478E+03    6.88484E+03    9.32472E+03
 4.93515E-05    8.09803E+03    6.87910E+03    9.31695E+03
 4.93853E-05    8.12788E+03    6.90446E+03    9.35130E+03
 4.94067E-05    8.18710E+03    6.95477E+03    9.41943E+03
 4.94371E-05    8.33034E+03    7.07645E+03    9.58423E+03
 4.94704E-05    8.56040E+03    7.27188E+03    9.84892E+03
 4.95523E-05    9.24776E+03    7.85578E+03    1.06397E+04
 4.95849E-05    9.45823E+03    8.03456E+03    1.08819E+04
 4.96126E-05    9.57206E+03    8.13126E+03    1.10129E+04
 4.96374E-05    9.61943E+03    8.17151E+03    1.10674E+04
 4.96458E-05    9.62430E+03    8.17564E+03    1.10730E+04
 4.96775E-05    9.59953E+03    8.15460E+03    1.10445E+04
 4.97192E-05    9.49269E+03    8.06384E+03    1.09215E+04
 4.98185E-05    9.15657E+03    7.77831E+03    1.05348E+04
 4.98896E-05    8.97075E+03    7.62046E+03    1.03210E+04
 4.99915E-05    8.78413E+03    7.46193E+03    1.01063E+04
 5.01891E-05    8.48012E+03    7.20368E+03    9.75655E+03
 5.03499E-05    8.17814E+03    6.94716E+03    9.40912E+03
 5.03917E-05    8.14155E+03    6.91607E+03    9.36702E+03
 5.04002E-05    8.14007E+03    6.91482E+03    9.36532E+03
 5.04433E-05    8.16812E+03    6.93865E+03    9.39759E+03
 5.04988E-05    8.27985E+03    7.03356E+03    9.52615E+03
 5.05864E-05    8.48655E+03    7.20915E+03    9.76396E+03
 5.06970E-05    8.66133E+03    7.35762E+03    9.96505E+03
 5.07494E-05    8.79770E+03    7.47346E+03    1.01219E+04
 5.08050E-05    9.01819E+03    7.66076E+03    1.03756E+04
 5.08984E-05    9.44674E+03    8.02481E+03    1.08687E+04
 5.09409E-05    9.57890E+03    8.13707E+03    1.10207E+04
 5.09808E-05    9.63034E+03    8.18077E+03    1.10799E+04
 5.09883E-05    9.63170E+03    8.18192E+03    1.10815E+04
 5.10327E-05    9.59236E+03    8.14851E+03    1.10362E+04
 5.11025E-05    9.42734E+03    8.00832E+03    1.08464E+04
 5.12179E-05    9.13394E+03    7.75909E+03    1.05088E+04
 5.13948E-05    8.79702E+03    7.47288E+03    1.01212E+04
 5.14810E-05    8.67204E+03    7.36671E+03    9.97736E+03
 5.15153E-05    8.65065E+03    7.34854E+03    9.95275E+03
 5.15569E-05    8.66363E+03    7.35957E+03    9.96770E+03
 5.16058E-05    8.74259E+03    7.42665E+03    1.00585E+04
 5.17283E-05    9.08566E+03    7.71807E+03    1.04532E+04
 5.17614E-05    9.14514E+03    7.76860E+03    1.05217E+04
 5.18049E-05    9.17383E+03    7.79297E+03    1.05547E+04
 5.18484E-05    9.15153E+03    7.77403E+03    1.05290E+04
 5.20260E-05    8.90064E+03    7.56091E+03    1.02404E+04
 5.21032E-05    8.85034E+03    7.51818E+03    1.01825E+04
 5.21306E-05    8.84750E+03    7.51577E+03    1.01792E+04
 5.22987E-05    8.89496E+03    7.55608E+03    1.02338E+04
 5.23900E-05    8.86600E+03    7.53148E+03    1.02005E+04
 5.25350E-05    8.73279E+03    7.41832E+03    1.00473E+04
 5.27979E-05    8.40801E+03    7.14242E+03    9.67359E+03
 5.28559E-05    8.38118E+03    7.11963E+03    9.64272E+03
 5.29031E-05    8.41315E+03    7.14679E+03    9.67950E+03
 5.29325E-05    8.46517E+03    7.19098E+03    9.73936E+03
 5.29733E-05    8.58026E+03    7.28875E+03    9.87177E+03
 5.30424E-05    8.85742E+03    7.52419E+03    1.01907E+04
 5.31083E-05    9.12260E+03    7.74946E+03    1.04957E+04
 5.31553E-05    9.24902E+03    7.85685E+03    1.06412E+04
 5.32005E-05    9.29781E+03    7.89829E+03    1.06973E+04
 5.32067E-05    9.29885E+03    7.89918E+03    1.06985E+04
 5.32576E-05    9.26139E+03    7.86736E+03    1.06554E+04
 5.32993E-05    9.18097E+03    7.79904E+03    1.05629E+04
 5.33644E-05    8.99679E+03    7.64258E+03    1.03510E+04
 5.34916E-05    8.56900E+03    7.27919E+03    9.85882E+03
 5.35280E-05    8.49412E+03    7.21558E+03    9.77267E+03
 5.35478E-05    8.48098E+03    7.20441E+03    9.75755E+03
 5.35717E-05    8.50074E+03    7.22120E+03    9.78028E+03
 5.35956E-05    8.56624E+03    7.27684E+03    9.85565E+03
 5.36203E-05    8.68524E+03    7.37793E+03    9.99255E+03
 5.36493E-05    8.88851E+03    7.55060E+03    1.02264E+04
 5.36945E-05    9.29731E+03    7.89787E+03    1.06968E+04
 5.37389E-05    9.70312E+03    8.24260E+03    1.11636E+04
 5.37653E-05    9.89454E+03    8.40520E+03    1.13839E+04
 5.37951E-05    1.00385E+04    8.52752E+03    1.15495E+04
 5.38203E-05    1.00927E+04    8.57355E+03    1.16119E+04
 5.38346E-05    1.00968E+04    8.57705E+03    1.16166E+04
 5.38675E-05    1.00440E+04    8.53213E+03    1.15558E+04
 5.38996E-05    9.93107E+03    8.43624E+03    1.14259E+04
 5.40421E-05    9.27234E+03    8.95621E+03    9.58847E+03
 5.41499E-05    8.85422E+03    8.55234E+03    9.15609E+03
 5.42000E-05    8.71169E+03    8.41468E+03    9.00871E+03
 5.42308E-05    8.67375E+03    8.37803E+03    8.96947E+03
 5.42621E-05    8.69991E+03    8.40329E+03    8.99652E+03
 5.42824E-05    8.76109E+03    8.46239E+03    9.05979E+03
 5.43057E-05    8.87795E+03    8.57527E+03    9.18064E+03
 5.43297E-05    9.04934E+03    8.74081E+03    9.35786E+03
 5.43668E-05    9.39286E+03    9.07262E+03    9.71309E+03
 5.44239E-05    9.96289E+03    9.62322E+03    1.03026E+04
 5.44528E-05    1.01899E+04    9.84252E+03    1.05373E+04
 5.44780E-05    1.03239E+04    9.97188E+03    1.06758E+04
 5.45058E-05    1.03958E+04    1.00414E+04    1.07502E+04
 5.45187E-05    1.04032E+04    1.00485E+04    1.07578E+04
 5.45480E-05    1.03693E+04    1.00158E+04    1.07228E+04
 5.45893E-05    1.02450E+04    9.89572E+03    1.05943E+04
 5.46489E-05    1.00403E+04    9.69802E+03    1.03826E+04
 5.46992E-05    9.92904E+03    9.59052E+03    1.02676E+04
 5.47592E-05    9.88473E+03    9.54772E+03    1.02217E+04
 5.47720E-05    9.88372E+03    9.54674E+03    1.02207E+04
 5.48617E-05    9.89576E+03    9.55838E+03    1.02331E+04
 5.49517E-05    9.86238E+03    9.52613E+03    1.01986E+04
 5.50698E-05    9.72525E+03    9.39368E+03    1.00568E+04
 5.52790E-05    9.38894E+03    9.06884E+03    9.70905E+03
 5.54204E-05    9.14527E+03    8.83348E+03    9.45707E+03
 5.54826E-05    9.08885E+03    8.77898E+03    9.39872E+03
 5.54919E-05    9.08771E+03    8.77787E+03    9.39754E+03
 5.55348E-05    9.11723E+03    8.80639E+03    9.42807E+03
 5.55668E-05    9.18223E+03    8.86917E+03    9.49529E+03
 5.56100E-05    9.32846E+03    9.01042E+03    9.64651E+03
 5.57327E-05    9.90101E+03    9.56345E+03    1.02386E+04
 5.57794E-05    1.00510E+04    9.70829E+03    1.03936E+04
 5.58242E-05    1.01187E+04    9.77372E+03    1.04637E+04
 5.58497E-05    1.01263E+04    9.78103E+03    1.04715E+04
 5.59118E-05    1.00776E+04    9.73405E+03    1.04212E+04
 5.60894E-05    9.80880E+03    9.47438E+03    1.01432E+04
 5.62133E-05    9.67371E+03    9.34390E+03    1.00035E+04
 5.64151E-05    9.52488E+03    9.20014E+03    9.84961E+03
 5.72130E-05    9.10723E+03    8.79673E+03    9.41773E+03
 5.72697E-05    9.09784E+03    8.78767E+03    9.40802E+03
 5.74644E-05    9.14702E+03    8.83517E+03    9.45888E+03
 5.75498E-05    9.11895E+03    8.80805E+03    9.42984E+03
 5.77626E-05    8.92863E+03    8.62422E+03    9.23304E+03
 5.78050E-05    8.91757E+03    8.61353E+03    9.22160E+03
 5.78748E-05    8.95484E+03    8.64953E+03    9.26014E+03
 5.80153E-05    9.13352E+03    8.82212E+03    9.44491E+03
 5.80604E-05    9.15273E+03    8.84068E+03    9.46478E+03
 5.81177E-05    9.12177E+03    8.81077E+03    9.43276E+03
 5.81871E-05    9.01215E+03    8.70489E+03    9.31941E+03
 5.82828E-05    8.81753E+03    8.51691E+03    9.11815E+03
 5.83254E-05    8.77039E+03    8.47137E+03    9.06940E+03
 5.83449E-05    8.76880E+03    8.46983E+03    9.06776E+03
 5.83776E-05    8.80309E+03    8.50296E+03    9.10322E+03
 5.84102E-05    8.88803E+03    8.58501E+03    9.19106E+03
 5.84467E-05    9.03870E+03    8.73054E+03    9.34687E+03
 5.85549E-05    9.60619E+03    9.27868E+03    9.93370E+03
 5.86044E-05    9.79596E+03    9.46198E+03    1.01299E+04
 5.86558E-05    9.91115E+03    9.57324E+03    1.02491E+04
 5.87140E-05    9.96474E+03    9.62500E+03    1.03045E+04
 5.87442E-05    9.97133E+03    9.63137E+03    1.03113E+04
 5.88464E-05    9.93496E+03    9.59625E+03    1.02737E+04
 5.89668E-05    9.86448E+03    9.52816E+03    1.02008E+04
 5.89668E-05    9.86448E+03    9.56544E+03    1.01635E+04
 5.89668E-05    1.12450E+04    1.09041E+04    1.15859E+04
 7.07601E-05    1.12425E+04    1.09017E+04    1.15833E+04
 7.07601E-05    1.12464E+04    1.09055E+04    1.15874E+04
 8.22353E-04    1.11811E+04    1.08421E+04    1.15200E+04
 4.73229E-03    1.10374E+04    1.07384E+04    1.13364E+04
 1.30497E-02    1.08404E+04    1.04810E+04    1.11997E+04
 2.55574E-02    1.06075E+04    1.02559E+04    1.09591E+04
 5.28819E-02    1.02121E+04    5.24624E+03    1.51780E+04
 9.12697E-02    9.74549E+03    5.00653E+03    1.44845E+04
 1.58646E-01    8.93864E+03    4.59202E+03    1.32853E+04
 2.08585E-01    8.38069E+03    1.93548E+03    1.48259E+04
 2.58918E-01    7.77694E+03    1.79604E+03    1.37578E+04
 3.19530E-01    7.10644E+03    1.64120E+03    1.25717E+04
 3.62468E-01    6.65612E+03    1.53720E+03    1.17750E+04
 4.05643E-01    6.23159E+03    1.43915E+03    1.10240E+04
 4.59568E-01    5.75365E+03    1.32877E+03    1.01785E+04
 5.03527E-01    5.39050E+03    1.24491E+03    9.53610E+03
 5.57760E-01    4.99325E+03    1.15317E+03    8.83334E+03
 6.04232E-01    4.67917E+03    9.99851E+02    8.35849E+03
 6.59170E-01    4.35215E+03    9.29972E+02    7.77432E+03
 7.04938E-01    4.10342E+03    8.76825E+02    7.33002E+03
 7.55291E-01    3.86277E+03    8.25402E+02    6.90014E+03
 8.05643E-01    3.64808E+03    7.79526E+02    6.51663E+03
 8.55996E-01    3.46293E+03    7.39963E+02    6.18589E+03
 9.06349E-01    3.30243E+03    7.05667E+02    5.89918E+03
 9.56701E-01    3.16883E+03    6.77120E+02    5.66054E+03
 1.00000E+00    3.07126E+03    2.24734E+03    3.89518E+03
 1.10000E+00    2.91954E+03    2.13632E+03    3.70275E+03
 1.20000E+00    2.85285E+03    2.08752E+03    3.61817E+03
 1.30636E+00    2.86806E+03    2.09865E+03    3.63747E+03
 1.34776E+00    2.89600E+03    2.11910E+03    3.67290E+03
 1.40988E+00    2.94907E+03    2.15793E+03    3.74021E+03
 1.51058E+00    3.07387E+03    2.24925E+03    3.89848E+03
 1.62257E+00    3.24381E+03    2.37360E+03    4.11402E+03
 1.81270E+00    3.56565E+03    3.06294E+03    4.06835E+03
 2.08754E+00    4.03188E+03    3.46344E+03    4.60032E+03
 2.26251E+00    4.30184E+03    3.69534E+03    4.90834E+03
 2.43386E+00    4.53899E+03    3.89906E+03    5.17893E+03
 2.60000E+00    4.74131E+03    3.71467E+03    5.76795E+03
 2.78179E+00    4.92821E+03    3.86110E+03    5.99532E+03
 2.96390E+00    5.08311E+03    3.98246E+03    6.18376E+03
 3.14374E+00    5.20455E+03    4.07760E+03    6.33149E+03
 3.34656E+00    5.30821E+03    4.15882E+03    6.45760E+03
 3.54938E+00    5.37780E+03    4.21334E+03    6.54226E+03
 3.77610E+00    5.41844E+03    4.24518E+03    6.59170E+03
 3.90000E+00    5.42562E+03    4.25081E+03    6.60043E+03
 4.11366E+00    5.41043E+03    4.23891E+03    6.58196E+03
 4.31335E+00    5.37614E+03    4.21204E+03    6.54023E+03
 4.60000E+00    5.29062E+03    3.81643E+03    6.76481E+03
 4.90206E+00    5.16087E+03    3.72283E+03    6.59891E+03
 5.30167E+00    4.95091E+03    3.57137E+03    6.33045E+03
 5.92332E+00    4.57131E+03    3.29754E+03    5.84507E+03
 6.64656E+00    4.12493E+03    2.83601E+03    5.41385E+03
 7.17062E+00    3.82902E+03    2.63256E+03    5.02548E+03
 7.64179E+00    3.59061E+03    2.46865E+03    4.71258E+03
 8.12640E+00    3.37329E+03    2.31924E+03    4.42735E+03
 8.50000E+00    3.22562E+03    2.21771E+03    4.23353E+03
 8.97587E+00    3.06293E+03    2.10585E+03    4.02000E+03
 9.39233E+00    2.94384E+03    1.65316E+03    4.23453E+03
 9.76995E+00    2.85826E+03    1.60509E+03    4.11142E+03
 1.00410E+01    2.80103E+03    1.57296E+03    4.02910E+03
 1.01827E+01    2.77919E+03    1.56069E+03    3.99768E+03
 1.03263E+01    2.75703E+03    1.54825E+03    3.96581E+03
 1.04720E+01    2.73457E+03    1.53563E+03    3.93350E+03
 1.05000E+01    2.73025E+03    1.53321E+03    3.92729E+03
 1.05009E+01    2.73013E+03    1.53314E+03    3.92712E+03
 1.06311E+01    2.71446E+03    1.52434E+03    3.90458E+03
 1.07811E+01    2.70049E+03    1.51650E+03    3.88448E+03
 1.09332E+01    2.68632E+03    1.50854E+03    3.86410E+03
 1.10000E+01    2.68010E+03    1.50505E+03    3.85515E+03
 1.10635E+01    2.67564E+03    1.50254E+03    3.84874E+03
 1.12196E+01    2.66825E+03    1.49839E+03    3.83811E+03
 1.13779E+01    2.66076E+03    1.49419E+03    3.82733E+03
 1.14560E+01    2.65706E+03    1.49211E+03    3.82201E+03
 1.15000E+01    2.65590E+03    1.49146E+03    3.82034E+03
 1.15296E+01    2.65522E+03    1.49108E+03    3.81936E+03
 1.16712E+01    2.65308E+03    1.48987E+03    3.81629E+03
 1.17269E+01    2.65273E+03    1.48968E+03    3.81578E+03
 1.18923E+01    2.65397E+03    1.49038E+03    3.81757E+03
 1.20000E+01    2.65478E+03    1.49083E+03    3.81873E+03
 1.21693E+01    2.65937E+03    1.49341E+03    3.82534E+03
 1.22230E+01    2.66083E+03    1.49423E+03    3.82743E+03
 1.22645E+01    2.66236E+03    1.49509E+03    3.82963E+03
 1.24375E+01    2.67039E+03    1.49960E+03    3.84119E+03
 1.25000E+01    2.67329E+03    1.50122E+03    3.84536E+03
 1.26764E+01    2.68421E+03    1.50735E+03    3.86106E+03
 1.27509E+01    2.68882E+03    1.50994E+03    3.86769E+03
 1.29308E+01    2.70248E+03    1.51762E+03    3.88735E+03
 1.30000E+01    2.70774E+03    1.60585E+03    3.80963E+03
 1.31834E+01    2.72414E+03    1.61557E+03    3.83271E+03
 1.33040E+01    2.73493E+03    1.62197E+03    3.84789E+03
 1.33240E+01    2.73686E+03    1.62312E+03    3.85060E+03
 1.35000E+01    2.75451E+03    1.63358E+03    3.87544E+03
 1.36436E+01    2.76974E+03    1.64262E+03    3.89686E+03
 1.38361E+01    2.79140E+03    1.65546E+03    3.92734E+03
 1.39053E+01    2.79919E+03    1.66008E+03    3.93830E+03
 1.39611E+01    2.80571E+03    1.66395E+03    3.94747E+03
 1.40000E+01    2.81031E+03    1.66668E+03    3.95394E+03
 1.41975E+01    2.83478E+03    1.68119E+03    3.98838E+03
 1.43978E+01    2.85960E+03    1.69591E+03    4.02329E+03
 1.44987E+01    2.87210E+03    1.70332E+03    4.04088E+03
 1.45000E+01    2.87227E+03    1.70342E+03    4.04112E+03
 1.46452E+01    2.89106E+03    1.71457E+03    4.06755E+03
 1.47229E+01    2.90124E+03    1.72060E+03    4.08188E+03
 1.49306E+01    2.92880E+03    1.73694E+03    4.12065E+03
 1.50000E+01    2.93800E+03    1.74240E+03    4.13360E+03
 1.52009E+01    2.96501E+03    1.75842E+03    4.17160E+03
 1.52658E+01    2.97378E+03    1.76362E+03    4.18394E+03
 1.52759E+01    2.97514E+03    1.76443E+03    4.18585E+03
 1.54914E+01    3.00438E+03    1.78177E+03    4.22698E+03
 1.55000E+01    3.00554E+03    1.78246E+03    4.22862E+03
 1.55060E+01    3.00636E+03    1.78295E+03    4.22977E+03
 1.55582E+01    3.01343E+03    1.78714E+03    4.23972E+03
 1.56765E+01    3.02950E+03    1.79667E+03    4.26233E+03
 1.58296E+01    3.05026E+03    1.80898E+03    4.29154E+03
 1.58777E+01    3.05677E+03    1.81284E+03    4.30070E+03
 1.60000E+01    3.07328E+03    2.03781E+03    4.10875E+03
 1.61335E+01    3.09123E+03    2.04971E+03    4.13275E+03
 1.63611E+01    3.12155E+03    2.06981E+03    4.17328E+03
 1.64013E+01    3.12690E+03    2.07336E+03    4.18044E+03
 1.65000E+01    3.13992E+03    2.08200E+03    4.19784E+03
 1.67328E+01    3.17007E+03    2.10198E+03    4.23815E+03
 1.68793E+01    3.18904E+03    2.11457E+03    4.26351E+03
 1.69571E+01    3.19892E+03    2.12112E+03    4.27672E+03
 1.70000E+01    3.20433E+03    2.12470E+03    4.28396E+03
 1.72219E+01    3.23195E+03    2.14302E+03    4.32088E+03
 1.72765E+01    3.23866E+03    2.14747E+03    4.32985E+03
 1.74645E+01    3.26135E+03    2.16251E+03    4.36019E+03
 1.75000E+01    3.26557E+03    2.16531E+03    4.36583E+03
 1.77242E+01    3.29176E+03    2.18268E+03    4.40084E+03
 1.77402E+01    3.29360E+03    2.18390E+03    4.40330E+03
 1.77923E+01    3.29955E+03    2.18784E+03    4.41126E+03
 1.79107E+01    3.31288E+03    2.19668E+03    4.42908E+03
 1.80000E+01    3.32276E+03    2.20323E+03    4.44229E+03
 1.82539E+01    3.34970E+03    2.22110E+03    4.47831E+03
 1.83676E+01    3.36176E+03    2.22909E+03    4.49443E+03
 1.85000E+01    3.37511E+03    2.23794E+03    4.51228E+03
 1.85079E+01    3.37589E+03    2.23846E+03    4.51332E+03
 1.87437E+01    3.39864E+03    2.25355E+03    4.54373E+03
 1.88943E+01    3.41249E+03    2.26273E+03    4.56225E+03
 1.89941E+01    3.42137E+03    2.26862E+03    4.57412E+03
 1.90000E+01    3.42188E+03    2.26896E+03    4.57481E+03
 1.90352E+01    3.42495E+03    2.27099E+03    4.57891E+03
 1.91347E+01    3.43344E+03    2.27662E+03    4.59026E+03
 1.92753E+01    3.44502E+03    2.28430E+03    4.60574E+03
 1.95000E+01    3.46243E+03    2.29584E+03    4.62902E+03
 1.95107E+01    3.46323E+03    2.29637E+03    4.63009E+03
 1.97860E+01    3.48189E+03    2.30875E+03    4.65504E+03
 1.99744E+01    3.49467E+03    2.31722E+03    4.67212E+03
 2.00000E+01    3.49624E+03    2.50565E+03    4.48683E+03
 2.02822E+01    3.50919E+03    2.51493E+03    4.50345E+03
 2.05683E+01    3.52232E+03    2.52434E+03    4.52030E+03
 2.08585E+01    3.53564E+03    2.53388E+03    4.53739E+03
 2.10000E+01    3.54213E+03    2.53853E+03    4.54573E+03
 2.12963E+01    3.54699E+03    2.54202E+03    4.55196E+03
 2.15967E+01    3.55192E+03    2.54555E+03    4.55829E+03
 2.19014E+01    3.55691E+03    2.54913E+03    4.56470E+03
 2.20000E+01    3.55853E+03    2.55029E+03    4.56677E+03
 2.23104E+01    3.55501E+03    2.54776E+03    4.56226E+03
 2.26251E+01    3.55144E+03    2.54521E+03    4.55768E+03
 2.29443E+01    3.54782E+03    2.54261E+03    4.55303E+03
 2.30000E+01    3.54719E+03    2.54216E+03    4.55222E+03
 2.33245E+01    3.53574E+03    2.53395E+03    4.53752E+03
 2.36536E+01    3.52412E+03    2.52563E+03    4.52261E+03
 2.39873E+01    3.51234E+03    2.51718E+03    4.50750E+03
 2.40000E+01    3.51189E+03    2.55236E+03    4.47142E+03
 2.43386E+01    3.49337E+03    2.53889E+03    4.44784E+03
 2.46820E+01    3.47458E+03    2.52524E+03    4.42392E+03
 2.50000E+01    3.45718E+03    2.51260E+03    4.40176E+03
 2.53527E+01    3.43261E+03    2.49474E+03    4.37048E+03
 2.57104E+01    3.40769E+03    2.47663E+03    4.33876E+03
 2.60000E+01    3.38752E+03    2.46197E+03    4.31307E+03
 2.63668E+01    3.35786E+03    2.44041E+03    4.27531E+03
 2.67388E+01    3.32778E+03    2.41855E+03    4.23701E+03
 2.70000E+01    3.30666E+03    2.40320E+03    4.21012E+03
 2.73809E+01    3.27267E+03    2.37850E+03    4.16685E+03
 2.77672E+01    3.23821E+03    2.35345E+03    4.12296E+03
 2.80000E+01    3.21744E+03    2.28817E+03    4.14671E+03
 2.83950E+01    3.17974E+03    2.26136E+03    4.09812E+03
 2.87956E+01    3.14150E+03    2.23417E+03    4.04884E+03
 2.90000E+01    3.12200E+03    2.22030E+03    4.02370E+03
 2.94091E+01    3.08118E+03    2.19126E+03    3.97109E+03
 2.98240E+01    3.03978E+03    2.16182E+03    3.91773E+03
 3.00000E+01    3.02222E+03    2.14934E+03    3.89510E+03
 3.04232E+01    2.97907E+03    2.11865E+03    3.83950E+03
 3.08525E+01    2.93532E+03    2.08753E+03    3.78310E+03
 3.10000E+01    2.92028E+03    2.07684E+03    3.76372E+03
 3.14374E+01    2.87584E+03    2.04524E+03    3.70645E+03
 3.18809E+01    2.83078E+03    2.01319E+03    3.64838E+03
 3.20000E+01    2.81868E+03    2.00458E+03    3.63278E+03
 3.24515E+01    2.77414E+03    1.97291E+03    3.57538E+03
 3.29093E+01    2.72898E+03    1.94079E+03    3.51717E+03
 3.30000E+01    2.72003E+03    1.93443E+03    3.50563E+03
 3.34656E+01    2.67655E+03    1.90350E+03    3.44960E+03
 3.39377E+01    2.63246E+03    1.87215E+03    3.39277E+03
 3.40000E+01    2.62664E+03    1.86801E+03    3.38527E+03
 3.44797E+01    2.58517E+03    1.83852E+03    3.33183E+03
 3.49661E+01    2.54312E+03    1.80861E+03    3.27763E+03
 3.50000E+01    2.54019E+03    1.80653E+03    3.27385E+03
 3.54938E+01    2.50147E+03    1.77899E+03    3.22395E+03
 3.59945E+01    2.46221E+03    1.75107E+03    3.17335E+03
 3.60000E+01    2.46178E+03    1.75076E+03    3.17280E+03
 3.65079E+01    2.42624E+03    1.72549E+03    3.12699E+03
 3.70000E+01    2.39180E+03    1.70100E+03    3.08260E+03
 3.75220E+01    2.35968E+03    1.67815E+03    3.04120E+03
 3.80000E+01    2.33026E+03    1.65723E+03    3.00329E+03
 3.85361E+01    2.30172E+03    1.63693E+03    2.96651E+03
 3.90000E+01    2.27703E+03    1.61937E+03    2.93469E+03
 3.95502E+01    2.25223E+03    1.60174E+03    2.90273E+03
 4.00000E+01    2.23196E+03    1.58732E+03    2.87660E+03
 4.05643E+01    2.21109E+03    1.57248E+03    2.84970E+03
 4.10000E+01    2.19498E+03    1.56102E+03    2.82894E+03
 4.15784E+01    2.17824E+03    1.54912E+03    2.80736E+03
 4.20000E+01    2.16604E+03    1.54044E+03    2.79164E+03
 4.25925E+01    2.15357E+03    1.53157E+03    2.77557E+03
 4.30000E+01    2.14500E+03    1.52548E+03    2.76452E+03
 4.36067E+01    2.13688E+03    1.51970E+03    2.75406E+03
 4.40000E+01    2.13162E+03    1.51596E+03    2.74728E+03
 4.46208E+01    2.12780E+03    1.51325E+03    2.74236E+03
 4.50000E+01    2.12547E+03    1.51159E+03    2.73935E+03
 4.56349E+01    2.12582E+03    1.51184E+03    2.73980E+03
 4.60000E+01    2.12602E+03    1.51198E+03    2.74006E+03
 4.66490E+01    2.13030E+03    1.51502E+03    2.74558E+03
 4.70000E+01    2.13262E+03    1.51667E+03    2.74857E+03
 4.76631E+01    2.14056E+03    1.52232E+03    2.75880E+03
 4.80000E+01    2.14459E+03    1.52518E+03    2.76400E+03
 4.86772E+01    2.15589E+03    1.53322E+03    2.77856E+03
 4.90000E+01    2.16128E+03    1.53705E+03    2.78551E+03
 4.96913E+01    2.17567E+03    1.54729E+03    2.80405E+03
 5.00000E+01    2.18209E+03    1.55185E+03    2.81233E+03
 5.07054E+01    2.19929E+03    1.56408E+03    2.83449E+03
 5.10000E+01    2.20647E+03    1.56919E+03    2.84375E+03
 5.17195E+01    2.22621E+03    1.58323E+03    2.86918E+03
 5.20000E+01    2.23390E+03    1.58870E+03    2.87910E+03
 5.27336E+01    2.25591E+03    1.60435E+03    2.90746E+03
 5.30000E+01    2.26390E+03    1.61004E+03    2.91776E+03
 5.37477E+01    2.28793E+03    1.62713E+03    2.94874E+03
 5.40000E+01    2.29604E+03    1.63289E+03    2.95919E+03
 5.47618E+01    2.32180E+03    1.65121E+03    2.99238E+03
 5.50000E+01    2.32985E+03    1.65694E+03    3.00276E+03
 5.57760E+01    2.35708E+03    1.67630E+03    3.03785E+03
 5.60000E+01    2.36494E+03    1.68189E+03    3.04799E+03
 5.67901E+01    2.39333E+03    1.70208E+03    3.08457E+03
 5.70000E+01    2.40087E+03    1.70745E+03    3.09429E+03
 5.78042E+01    2.43014E+03    1.72826E+03    3.13202E+03
 5.80000E+01    2.43727E+03    1.73333E+03    3.14121E+03
 5.88183E+01    2.46716E+03    1.75459E+03    3.17973E+03
 5.90000E+01    2.47380E+03    1.75931E+03    3.18829E+03
 5.98324E+01    2.50407E+03    1.78084E+03    3.22729E+03
 6.00000E+01    2.51016E+03    1.78517E+03    3.23515E+03
 6.08465E+01    2.54056E+03    1.80679E+03    3.27433E+03
 6.10000E+01    2.54607E+03    1.81071E+03    3.28143E+03
 6.18606E+01    2.57640E+03    1.83228E+03    3.32052E+03
 6.20000E+01    2.58131E+03    1.83577E+03    3.32685E+03
 6.28747E+01    2.61136E+03    1.85714E+03    3.36557E+03
 6.30000E+01    2.61566E+03    1.86020E+03    3.37112E+03
 6.38888E+01    2.64524E+03    1.88124E+03    3.40924E+03
 6.40000E+01    2.64894E+03    1.88387E+03    3.41401E+03
 6.49029E+01    2.67790E+03    1.90446E+03    3.45133E+03
 6.50000E+01    2.68101E+03    1.90668E+03    3.45534E+03
 6.59170E+01    2.70918E+03    1.92671E+03    3.49165E+03
 6.60000E+01    2.71173E+03    1.92852E+03    3.49494E+03
 6.69311E+01    2.73898E+03    1.94790E+03    3.53005E+03
 6.70000E+01    2.74099E+03    1.94933E+03    3.53265E+03
 6.79453E+01    2.76717E+03    1.96795E+03    3.56639E+03
 6.80000E+01    2.76869E+03    1.96903E+03    3.56835E+03
 6.89594E+01    2.79371E+03    1.98682E+03    3.60059E+03
 6.90000E+01    2.79477E+03    1.98758E+03    3.60196E+03
 6.99735E+01    2.81850E+03    2.00446E+03    3.63255E+03
 7.00000E+01    2.81915E+03    2.00492E+03    3.63338E+03
 7.09876E+01    2.84152E+03    2.02083E+03    3.66221E+03
 7.10000E+01    2.84180E+03    2.02103E+03    3.66257E+03
 7.20000E+01    2.86268E+03    2.03587E+03    3.68949E+03
 7.30000E+01    2.88179E+03    2.04947E+03    3.71411E+03
 7.40000E+01    2.89912E+03    2.06179E+03    3.73645E+03
 7.50000E+01    2.91466E+03    2.07284E+03    3.75648E+03
 7.60000E+01    2.92844E+03    2.08264E+03    3.77424E+03
 7.70000E+01    2.94048E+03    2.09120E+03    3.78976E+03
 7.80000E+01    2.95081E+03    2.09855E+03    3.80307E+03
 7.90000E+01    2.95945E+03    2.10470E+03    3.81420E+03
 8.00000E+01    2.96645E+03    2.10967E+03    3.82323E+03
 8.10000E+01    2.97180E+03    2.11348E+03    3.83012E+03
 8.20000E+01    2.97562E+03    2.11620E+03    3.83504E+03
 8.30000E+01    2.97796E+03    2.11786E+03    3.83806E+03
 8.40000E+01    2.97882E+03    2.11847E+03    3.83917E+03
 8.50000E+01    2.97831E+03    2.11811E+03    3.83851E+03
 8.60000E+01    2.97644E+03    2.11678E+03    3.83610E+03
 8.70000E+01    2.97330E+03    2.11455E+03    3.83205E+03
 8.80000E+01    2.96891E+03    2.11142E+03    3.82640E+03
 8.90000E+01    2.96334E+03    2.10746E+03    3.81922E+03
 9.00000E+01    2.95667E+03    2.10272E+03    3.81062E+03
 9.10000E+01    2.94891E+03    2.09720E+03    3.80062E+03
 9.20000E+01    2.94015E+03    2.09097E+03    3.78933E+03
 9.30000E+01    2.93042E+03    2.08405E+03    3.77679E+03
 9.40000E+01    2.91981E+03    2.07650E+03    3.76312E+03
 9.50000E+01    2.90831E+03    2.06833E+03    3.74829E+03
 9.60000E+01    2.89604E+03    2.05960E+03    3.73248E+03
 9.70000E+01    2.88298E+03    2.05031E+03    3.71565E+03
 9.80000E+01    2.86926E+03    2.04055E+03    3.69797E+03
 9.90000E+01    2.85483E+03    2.03029E+03    3.67937E+03
 1.00000E+02    2.83984E+03    2.01963E+03    3.66005E+03
 1.01411E+02    2.81747E+03    2.00372E+03    3.63122E+03
 1.02000E+02    2.80813E+03    1.99708E+03    3.61918E+03
 1.03439E+02    2.78385E+03    1.97982E+03    3.58789E+03
 1.04000E+02    2.77439E+03    1.97308E+03    3.57569E+03
 1.05467E+02    2.74848E+03    1.95466E+03    3.54230E+03
 1.06000E+02    2.73907E+03    1.94797E+03    3.53017E+03
 1.07495E+02    2.71164E+03    1.92846E+03    3.49483E+03
 1.08000E+02    2.70239E+03    1.92188E+03    3.48290E+03
 1.09524E+02    2.67360E+03    1.90141E+03    3.44579E+03
 1.10000E+02    2.66460E+03    1.89500E+03    3.43420E+03
 1.11552E+02    2.63460E+03    1.87367E+03    3.39553E+03
 1.12000E+02    2.62594E+03    1.86751E+03    3.38437E+03
 1.13580E+02    2.59488E+03    1.84542E+03    3.34434E+03
 1.14000E+02    2.58663E+03    1.83955E+03    3.33371E+03
 1.15608E+02    2.55465E+03    1.81681E+03    3.29249E+03
 1.16000E+02    2.54686E+03    1.81127E+03    3.28245E+03
 1.17637E+02    2.51409E+03    1.78796E+03    3.24021E+03
 1.18000E+02    2.50681E+03    1.78279E+03    3.23083E+03
 1.19665E+02    2.47336E+03    1.75900E+03    3.18773E+03
 1.20000E+02    2.46663E+03    1.75421E+03    3.17905E+03
 1.21693E+02    2.43263E+03    1.73004E+03    3.13523E+03
 1.22000E+02    2.42647E+03    1.72565E+03    3.12729E+03
 1.23721E+02    2.39191E+03    1.70107E+03    3.08274E+03
 1.24000E+02    2.38631E+03    1.69709E+03    3.07553E+03
 1.25749E+02    2.35151E+03    1.67234E+03    3.03068E+03
 1.26000E+02    2.34653E+03    1.66880E+03    3.02426E+03
 1.27778E+02    2.31148E+03    1.64388E+03    2.97909E+03
 1.28000E+02    2.30710E+03    1.64076E+03    2.97344E+03
 1.29806E+02    2.27190E+03    1.61572E+03    2.92807E+03
 1.30000E+02    2.26811E+03    1.61303E+03    2.92319E+03
 1.31834E+02    2.23282E+03    1.58793E+03    2.87771E+03
 1.32000E+02    2.22963E+03    1.58566E+03    2.87360E+03
 1.33862E+02    2.19433E+03    1.56056E+03    2.82810E+03
 1.34000E+02    2.19172E+03    1.55870E+03    2.82474E+03
 1.35891E+02    2.15633E+03    1.53353E+03    2.77913E+03
 1.36000E+02    2.15428E+03    1.53208E+03    2.77648E+03
 1.37919E+02    2.11916E+03    1.50710E+03    2.73122E+03
 1.38000E+02    2.11767E+03    1.50604E+03    2.72930E+03
 1.39947E+02    2.08273E+03    1.48119E+03    2.68427E+03
 1.40000E+02    2.08178E+03    1.48052E+03    2.68304E+03
 1.41975E+02    2.04707E+03    1.45583E+03    2.63830E+03
 1.42000E+02    2.04663E+03    1.45552E+03    2.63774E+03
 1.44000E+02    2.01225E+03    1.43107E+03    2.59343E+03
 1.46000E+02    1.97851E+03    1.40707E+03    2.54995E+03
 1.48000E+02    1.94573E+03    1.38376E+03    2.50770E+03
 1.50000E+02    1.91378E+03    1.36104E+03    2.46652E+03
 1.52000E+02    1.88265E+03    1.33890E+03    2.42640E+03
 1.54000E+02    1.85220E+03    1.31724E+03    2.38716E+03
 1.56000E+02    1.82273E+03    1.29629E+03    2.34917E+03
 1.58000E+02    1.79410E+03    1.27592E+03    2.31228E+03
 1.60000E+02    1.76627E+03    1.25613E+03    2.27641E+03
 1.62000E+02    1.73911E+03    1.23682E+03    2.24140E+03
 1.64000E+02    1.71290E+03    1.21818E+03    2.20762E+03
 1.66000E+02    1.68750E+03    1.20011E+03    2.17489E+03
 1.68000E+02    1.66289E+03    1.18261E+03    2.14317E+03
 1.70000E+02    1.63905E+03    1.16566E+03    2.11244E+03
 1.72000E+02    1.61597E+03    1.14924E+03    2.08270E+03
 1.74000E+02    1.59349E+03    1.13325E+03    2.05373E+03
 1.76000E+02    1.57190E+03    1.11790E+03    2.02590E+03
 1.78000E+02    1.55102E+03    1.10305E+03    1.99899E+03
 1.80000E+02    1.53084E+03    1.08870E+03    1.97298E+03
 1.82000E+02    1.51134E+03    1.07483E+03    1.94785E+03
 1.84000E+02    1.49237E+03    1.06134E+03    1.92340E+03
 1.86000E+02    1.47419E+03    1.04841E+03    1.89997E+03
 1.88000E+02    1.45664E+03    1.03593E+03    1.87735E+03
 1.90000E+02    1.43971E+03    1.02389E+03    1.85553E+03
 1.92000E+02    1.42324E+03    1.01218E+03    1.83430E+03
 1.94000E+02    1.40749E+03    1.00098E+03    1.81400E+03
 1.96000E+02    1.39230E+03    9.90173E+02    1.79443E+03
 1.98000E+02    1.37767E+03    9.79769E+02    1.77557E+03
 2.00000E+02    1.36356E+03    9.69734E+02    1.75739E+03
