# n + Ac234 :  n        
# tendl.2017 A.J. Koning and D. Rochman        EVAL-NOV17
# uncertainties: n
# # energies =    58
#   E(MeV)       xs(mb) 
 8.50000E+00    0.00000E+00
 9.00000E+00    5.86647E-17
 9.50000E+00    7.40612E-15
 1.00000E+01    3.34391E-13
 1.05000E+01    1.56495E-11
 1.10000E+01    5.70625E-10
 1.15000E+01    1.03691E-08
 1.20000E+01    2.27802E-07
 1.25000E+01    8.24584E-06
 1.30000E+01    2.97173E-04
 1.35000E+01    1.49962E-03
 1.40000E+01    3.43003E-03
 1.45000E+01    5.76147E-03
 1.50000E+01    8.72040E-03
 1.60000E+01    1.44036E-02
 1.70000E+01    2.34066E-02
 1.80000E+01    3.75805E-02
 1.90000E+01    5.80748E-02
 2.00000E+01    8.47360E-02
 2.10000E+01    1.16732E-01
 2.20000E+01    1.53356E-01
 2.30000E+01    1.93204E-01
 2.40000E+01    2.36214E-01
 2.50000E+01    2.83159E-01
 2.60000E+01    3.33082E-01
 2.70000E+01    3.87851E-01
 2.80000E+01    4.45900E-01
 2.90000E+01    5.06962E-01
 3.00000E+01    5.68842E-01
 3.20000E+01    6.88507E-01
 3.40000E+01    8.10921E-01
 3.60000E+01    9.35396E-01
 3.80000E+01    1.06098E+00
 4.00000E+01    1.18635E+00
 4.20000E+01    1.30860E+00
 4.40000E+01    1.44131E+00
 4.60000E+01    1.59780E+00
 4.80000E+01    1.79063E+00
 5.00000E+01    2.03124E+00
 5.20000E+01    2.33375E+00
 5.40000E+01    2.72892E+00
 5.60000E+01    3.23952E+00
 5.80000E+01    3.89102E+00
 6.00000E+01    4.71992E+00
 6.50000E+01    7.93722E+00
 7.00000E+01    1.30321E+01
 7.50000E+01    1.82233E+01
 8.00000E+01    1.97270E+01
 9.00000E+01    1.36743E+01
 1.00000E+02    9.21339E+00
 1.10000E+02    7.38614E+00
 1.20000E+02    6.35466E+00
 1.30000E+02    5.65699E+00
 1.40000E+02    5.15932E+00
 1.50000E+02    4.75792E+00
 1.60000E+02    4.41777E+00
 1.80000E+02    3.93903E+00
 2.00000E+02    3.58859E+00
