# n + Ac234 : (n,2na)   
# tendl.2017 A.J. Koning and D. Rochman        EVAL-NOV17
# uncertainties: y
# # energies =    29
#   E(MeV)       xs(mb)       xslow(mb)      xsupp(mb)
 1.32901E+00    0.00000E+00    0.00000E+00    0.00000E+00
 9.00000E+00    2.55942E-16    0.00000E+00    2.54896E-15
 9.50000E+00    9.33903E-15    0.00000E+00    9.30085E-14
 1.00000E+01    8.20239E-14    0.00000E+00    8.16886E-13
 1.05000E+01    2.58642E-12    0.00000E+00    2.57585E-11
 1.10000E+01    1.53035E-11    0.00000E+00    1.52409E-10
 1.15000E+01    5.82687E-11    0.00000E+00    5.80305E-10
 1.20000E+01    2.65103E-10    0.00000E+00    2.64019E-09
 1.25000E+01    9.63812E-10    0.00000E+00    9.59872E-09
 1.30000E+01    3.84682E-09    0.00000E+00    3.83215E-08
 1.35000E+01    1.10340E-08    0.00000E+00    1.09919E-07
 1.40000E+01    4.03297E-08    0.00000E+00    4.01759E-07
 1.45000E+01    1.25957E-07    0.00000E+00    1.25477E-06
 1.50000E+01    4.55954E-07    0.00000E+00    4.54215E-06
 1.60000E+01    4.20942E-06    0.00000E+00    4.20203E-05
 1.70000E+01    3.50048E-05    0.00000E+00    3.49434E-04
 1.80000E+01    2.45137E-04    0.00000E+00    2.44707E-03
 1.90000E+01    1.30249E-03    0.00000E+00    1.30020E-02
 2.00000E+01    5.90949E-03    0.00000E+00    5.88596E-02
 2.10000E+01    2.56935E-02    0.00000E+00    2.55912E-01
 2.20000E+01    9.54170E-02    0.00000E+00    9.50371E-01
 2.30000E+01    3.05423E-01    0.00000E+00    3.04207E+00
 2.40000E+01    8.13773E-01    0.00000E+00    8.10463E+00
 2.50000E+01    1.61033E+00    0.00000E+00    1.60378E+01
 2.60000E+01    2.70621E+00    0.00000E+00    2.69520E+01
 2.70000E+01    3.37351E+00    0.00000E+00    3.35979E+01
 2.80000E+01    4.06697E+00    0.00000E+00    4.05043E+01
 2.90000E+01    4.69682E+00    0.00000E+00    4.67772E+01
 3.00000E+01    5.19076E+00    0.00000E+00    5.16965E+01
