# n + Sn119 : (n,h)     
# jeff3.3    N.Iwamoto,K.Shibata               EVAL-Dec09
# uncertainties: n
# # energies =    30
#   E(MeV)       xs(mb) 
 1.05921E+01    0.00000E+00
 1.07286E+01    1.02807E-25
 1.07296E+01    1.03639E-25
 1.08728E+01    2.37532E-25
 1.08865E+01    2.50399E-25
 1.08880E+01    2.51811E-25
 1.09326E+01    2.93921E-25
 1.10219E+01    3.78294E-25
 1.10384E+01    4.41821E-25
 1.10943E+01    7.75822E-25
 1.11054E+01    8.53627E-25
 1.11186E+01    9.53766E-25
 1.12029E+01    1.64110E-24
 1.12369E+01    1.92169E-24
 1.12629E+01    2.13704E-24
 1.30000E+01    1.65716E-23
 1.35000E+01    8.91051E-21
 1.40000E+01    4.20288E-18
 1.45000E+01    4.70878E-16
 1.50000E+01    1.88540E-14
 1.55000E+01    3.55502E-13
 1.60000E+01    3.86689E-12
 1.65000E+01    3.28179E-11
 1.70000E+01    2.71919E-10
 1.75000E+01    2.16874E-09
 1.80000E+01    1.45786E-08
 1.85000E+01    7.84225E-08
 1.90000E+01    3.41204E-07
 1.95000E+01    1.08718E-06
 2.00000E+01    3.46437E-06
