# n + Sn113 : (n,a)     
# jeff3.3    Herman,Oblozinsky,Mughabghab      EVAL-MAR06
# uncertainties: n
# # energies =   338
#   E(MeV)       xs(mb) 
 9.85033E-05    0.00000E+00
 9.86904E-05    1.63290E-09
 9.87840E-05    2.46404E-08
 9.88307E-05    8.89580E-08
 9.88337E-05    9.62362E-08
 9.88366E-05    1.04090E-07
 9.88395E-05    1.12564E-07
 9.88424E-05    1.21704E-07
 9.88454E-05    1.31562E-07
 9.88483E-05    1.42192E-07
 9.88512E-05    1.53653E-07
 9.88541E-05    1.66005E-07
 9.88570E-05    1.79317E-07
 9.88600E-05    1.93661E-07
 9.88629E-05    2.09112E-07
 9.88658E-05    2.25754E-07
 9.88687E-05    2.43676E-07
 9.88717E-05    2.62970E-07
 9.88746E-05    2.83739E-07
 9.88775E-05    3.06090E-07
 9.88804E-05    3.30142E-07
 9.88834E-05    3.56017E-07
 9.88863E-05    3.83848E-07
 9.88892E-05    4.13777E-07
 9.88921E-05    4.45957E-07
 9.88950E-05    4.80549E-07
 9.88980E-05    5.17728E-07
 9.89009E-05    5.57678E-07
 9.89038E-05    6.00601E-07
 9.89067E-05    6.46705E-07
 9.89097E-05    6.96219E-07
 9.89126E-05    7.49383E-07
 9.89155E-05    8.06459E-07
 9.89184E-05    8.67717E-07
 9.89214E-05    9.33456E-07
 9.89243E-05    1.00399E-06
 9.89272E-05    1.07965E-06
 9.89301E-05    1.16079E-06
 9.89330E-05    1.24781E-06
 9.89360E-05    1.34109E-06
 9.89389E-05    1.44108E-06
 9.89418E-05    1.54824E-06
 9.89447E-05    1.66305E-06
 9.89477E-05    1.78605E-06
 9.89506E-05    1.91779E-06
 9.89535E-05    2.05886E-06
 9.89564E-05    2.20990E-06
 9.89594E-05    2.37157E-06
 9.89623E-05    2.54460E-06
 9.89652E-05    2.72975E-06
 9.89681E-05    2.92783E-06
 9.89710E-05    3.13968E-06
 9.89740E-05    3.36626E-06
 9.89769E-05    3.60851E-06
 9.89798E-05    3.86748E-06
 9.89827E-05    4.14426E-06
 9.89857E-05    4.44003E-06
 9.89886E-05    4.75602E-06
 9.89915E-05    5.09356E-06
 9.89944E-05    5.45403E-06
 9.89974E-05    5.83895E-06
 9.90003E-05    6.24986E-06
 9.90032E-05    6.68845E-06
 9.90061E-05    7.15649E-06
 9.90090E-05    7.65587E-06
 9.90120E-05    8.18857E-06
 9.90149E-05    8.75673E-06
 9.90178E-05    9.36255E-06
 9.90207E-05    1.00085E-05
 9.90237E-05    1.06970E-05
 9.90266E-05    1.14307E-05
 9.90295E-05    1.22125E-05
 9.90324E-05    1.30453E-05
 9.90354E-05    1.39324E-05
 9.90383E-05    1.48771E-05
 9.90412E-05    1.58828E-05
 9.90441E-05    1.69534E-05
 9.90471E-05    1.80929E-05
 9.90500E-05    1.93054E-05
 9.90529E-05    2.05952E-05
 9.90558E-05    2.19673E-05
 9.90602E-05    2.41903E-05
 9.90646E-05    2.66271E-05
 9.90690E-05    2.92974E-05
 9.90734E-05    3.22220E-05
 9.90777E-05    3.54239E-05
 9.90821E-05    3.89278E-05
 9.90865E-05    4.27606E-05
 9.90909E-05    4.69513E-05
 9.90953E-05    5.15314E-05
 9.90997E-05    5.65348E-05
 9.91041E-05    6.19985E-05
 9.91084E-05    6.79620E-05
 9.91128E-05    7.44684E-05
 9.91172E-05    8.15640E-05
 9.91216E-05    8.92989E-05
 9.91260E-05    9.77269E-05
 9.91304E-05    1.06906E-04
 9.91347E-05    1.16899E-04
 9.91391E-05    1.27774E-04
 9.91435E-05    1.39603E-04
 9.91479E-05    1.52464E-04
 9.91523E-05    1.66441E-04
 9.91567E-05    1.81625E-04
 9.91611E-05    1.98113E-04
 9.91654E-05    2.16009E-04
 9.91698E-05    2.35425E-04
 9.91742E-05    2.56481E-04
 9.91786E-05    2.79304E-04
 9.91830E-05    3.04034E-04
 9.91874E-05    3.30818E-04
 9.91917E-05    3.59814E-04
 9.91961E-05    3.91191E-04
 9.92005E-05    4.25131E-04
 9.92049E-05    4.61825E-04
 9.92093E-05    5.01482E-04
 9.92137E-05    5.44322E-04
 9.92181E-05    5.90580E-04
 9.92224E-05    6.40507E-04
 9.92268E-05    6.94372E-04
 9.92312E-05    7.52459E-04
 9.92356E-05    8.15074E-04
 9.92400E-05    8.82537E-04
 9.92444E-05    9.55198E-04
 9.92487E-05    1.03342E-03
 9.92531E-05    1.11759E-03
 9.92575E-05    1.20813E-03
 9.92619E-05    1.30547E-03
 9.92663E-05    1.41008E-03
 9.92707E-05    1.52245E-03
 9.92751E-05    1.64311E-03
 9.92794E-05    1.77262E-03
 9.92838E-05    1.91157E-03
 9.92882E-05    2.06056E-03
 9.92926E-05    2.22027E-03
 9.92970E-05    2.39139E-03
 9.93014E-05    2.57467E-03
 9.93057E-05    2.77086E-03
 9.93101E-05    2.98081E-03
 9.93145E-05    3.20537E-03
 9.93189E-05    3.44545E-03
 9.93233E-05    3.70203E-03
 9.93277E-05    3.97611E-03
 9.93321E-05    4.26877E-03
 9.93364E-05    4.58113E-03
 9.93394E-05    4.80089E-03
 9.93452E-05    5.26971E-03
 9.93511E-05    5.78022E-03
 9.93569E-05    6.33565E-03
 9.93627E-05    6.93953E-03
 9.93686E-05    7.59554E-03
 9.93744E-05    8.30768E-03
 9.93803E-05    9.08013E-03
 9.93861E-05    9.91738E-03
 9.93920E-05    1.08242E-02
 9.93978E-05    1.18055E-02
 9.94037E-05    1.28667E-02
 9.94095E-05    1.40134E-02
 9.94154E-05    1.52516E-02
 9.94212E-05    1.65875E-02
 9.94271E-05    1.80277E-02
 9.94329E-05    1.95791E-02
 9.94388E-05    2.12492E-02
 9.94446E-05    2.30456E-02
 9.94504E-05    2.49764E-02
 9.94563E-05    2.70501E-02
 9.94621E-05    2.92755E-02
 9.94680E-05    3.16619E-02
 9.94738E-05    3.42189E-02
 9.94797E-05    3.69568E-02
 9.94855E-05    3.98860E-02
 9.94914E-05    4.30177E-02
 9.94972E-05    4.63631E-02
 9.95031E-05    4.99341E-02
 9.95089E-05    5.37431E-02
 9.95148E-05    5.78028E-02
 9.95206E-05    6.21264E-02
 9.95264E-05    6.67276E-02
 9.95323E-05    7.16204E-02
 9.95381E-05    7.68195E-02
 9.95440E-05    8.23396E-02
 9.95498E-05    8.81963E-02
 9.95586E-05    9.76468E-02
 9.95674E-05    1.07945E-01
 9.95761E-05    1.19147E-01
 9.95849E-05    1.31312E-01
 9.95937E-05    1.44501E-01
 9.96024E-05    1.58774E-01
 9.96112E-05    1.74194E-01
 9.96200E-05    1.90826E-01
 9.96288E-05    2.08733E-01
 9.96375E-05    2.27980E-01
 9.96463E-05    2.48632E-01
 9.96551E-05    2.70754E-01
 9.96638E-05    2.94410E-01
 9.96726E-05    3.19663E-01
 9.96814E-05    3.46575E-01
 9.96901E-05    3.75205E-01
 9.96989E-05    4.05611E-01
 9.97106E-05    4.49011E-01
 9.97223E-05    4.95786E-01
 9.97311E-05    5.33150E-01
 9.97428E-05    5.86090E-01
 9.97545E-05    6.42674E-01
 9.97661E-05    7.02968E-01
 9.97778E-05    7.67021E-01
 9.97895E-05    8.34861E-01
 9.98012E-05    9.06494E-01
 9.98188E-05    1.02101E+00
 9.98363E-05    1.14385E+00
 9.98538E-05    1.27473E+00
 9.98714E-05    1.41322E+00
 9.98948E-05    1.60873E+00
 9.99182E-05    1.81511E+00
 9.99474E-05    2.08527E+00
 1.00011E-04    2.69832E+00
 1.00055E-04    3.12032E+00
 1.00088E-04    3.42299E+00
 1.00121E-04    3.70659E+00
 1.00154E-04    3.96594E+00
 1.00187E-04    4.19745E+00
 1.00220E-04    4.39917E+00
 1.00254E-04    4.57072E+00
 1.00287E-04    4.71311E+00
 1.00320E-04    4.82845E+00
 1.00353E-04    4.91961E+00
 1.00397E-04    5.00932E+00
 1.00441E-04    5.07002E+00
 1.00507E-04    5.12289E+00
 1.00573E-04    5.14754E+00
 1.00705E-04    5.16068E+00
 2.00071E-04    3.15541E+00
 5.00000E-04    1.60458E+00
 6.99831E-04    1.25032E+00
 9.00000E-04    1.03998E+00
 1.00000E-03    9.63880E-01
 2.00000E-03    6.01522E-01
 5.00000E-03    3.67515E-01
 6.99831E-03    3.18813E-01
 1.00000E-02    2.76954E-01
 2.00000E-02    2.07762E-01
 5.00000E-02    1.33491E-01
 6.99831E-02    1.12302E-01
 1.00000E-01    9.36214E-02
 2.00000E-01    7.41917E-02
 2.60000E-01    7.32704E-02
 5.00000E-01    7.76368E-02
 6.99915E-01    7.57288E-02
 1.00000E+00    1.13712E-01
 1.02000E+00    1.17394E-01
 1.03000E+00    1.18697E-01
 1.05000E+00    1.19941E-01
 1.07000E+00    1.20455E-01
 1.09500E+00    1.22018E-01
 1.11000E+00    1.23080E-01
 1.14500E+00    1.26430E-01
 1.20000E+00    1.33015E-01
 1.30000E+00    1.47490E-01
 1.50000E+00    1.61873E-01
 1.56093E+00    1.70868E-01
 1.64000E+00    1.83728E-01
 1.65000E+00    1.85493E-01
 1.72398E+00    1.96153E-01
 1.76234E+00    2.01658E-01
 1.80000E+00    2.06465E-01
 1.87610E+00    2.17717E-01
 1.90000E+00    2.21092E-01
 1.95000E+00    2.29712E-01
 2.02000E+00    2.43987E-01
 2.06000E+00    2.54089E-01
 2.08000E+00    2.56314E-01
 2.10000E+00    2.61999E-01
 2.55315E+00    3.73516E-01
 2.80000E+00    4.36330E-01
 2.90000E+00    4.84881E-01
 3.00000E+00    5.09199E-01
 3.50000E+00    6.48974E-01
 4.00000E+00    7.73313E-01
 5.00000E+00    9.54498E-01
 6.00000E+00    1.09199E+00
 7.00000E+00    1.54854E+00
 8.00000E+00    2.53107E+00
 9.00000E+00    4.43434E+00
 1.00000E+01    7.92427E+00
 1.01411E+01    8.70588E+00
 1.02842E+01    9.49859E+00
 1.04292E+01    1.03025E+01
 1.05764E+01    1.11177E+01
 1.07256E+01    1.19444E+01
 1.08769E+01    1.27828E+01
 1.10000E+01    1.34648E+01
 1.11552E+01    1.46802E+01
 1.13126E+01    1.59128E+01
 1.14722E+01    1.71628E+01
 1.16340E+01    1.84305E+01
 1.17982E+01    1.97160E+01
 1.19646E+01    2.10197E+01
 1.20000E+01    2.12969E+01
 1.21693E+01    2.29734E+01
 1.23410E+01    2.46735E+01
 1.25151E+01    2.63977E+01
 1.26917E+01    2.81462E+01
 1.28707E+01    2.99193E+01
 1.30000E+01    3.11996E+01
 1.31834E+01    3.30163E+01
 1.33694E+01    3.48587E+01
 1.35580E+01    3.67271E+01
 1.37493E+01    3.86219E+01
 1.39433E+01    4.05434E+01
 1.40000E+01    4.11053E+01
 1.41975E+01    4.26626E+01
 1.43978E+01    4.42420E+01
 1.46009E+01    4.58436E+01
 1.48069E+01    4.74679E+01
 1.50000E+01    4.89902E+01
 1.52116E+01    4.92685E+01
 1.54262E+01    4.95508E+01
 1.56439E+01    4.98371E+01
 1.58646E+01    5.01274E+01
 1.60000E+01    5.03056E+01
 1.62257E+01    4.97080E+01
 1.64546E+01    4.91020E+01
 1.66868E+01    4.84875E+01
 1.69222E+01    4.78643E+01
 1.70000E+01    4.76584E+01
 1.72398E+01    4.62412E+01
 1.74831E+01    4.48041E+01
 1.77297E+01    4.33467E+01
 1.79799E+01    4.18687E+01
 1.80000E+01    4.17496E+01
 1.82539E+01    4.01525E+01
 1.85115E+01    3.85328E+01
 1.87726E+01    3.68902E+01
 1.90000E+01    3.54603E+01
 1.92681E+01    3.41071E+01
 1.95399E+01    3.27348E+01
 1.98156E+01    3.13431E+01
 2.00000E+01    3.04120E+01
