# n + Sn113 : (n,el)    
# jeff3.3    Herman,Oblozinsky,Mughabghab      EVAL-MAR06
# uncertainties: n
# # energies =  2110
#   E(MeV)       xs(mb) 
 1.00000E-11    2.33813E+04
 1.03223E-11    2.30240E+04
 1.06549E-11    2.26727E+04
 1.09984E-11    2.23269E+04
 1.13527E-11    2.19869E+04
 1.17186E-11    2.16522E+04
 1.20962E-11    2.13232E+04
 1.24861E-11    2.09993E+04
 1.28884E-11    2.06809E+04
 1.33038E-11    2.03676E+04
 1.37325E-11    2.00595E+04
 1.41751E-11    1.97563E+04
 1.46318E-11    1.94582E+04
 1.51034E-11    1.91648E+04
 1.55901E-11    1.88764E+04
 1.60926E-11    1.85926E+04
 1.66111E-11    1.83136E+04
 1.71465E-11    1.80391E+04
 1.76990E-11    1.77693E+04
 1.82694E-11    1.75038E+04
 1.88581E-11    1.72427E+04
 1.94659E-11    1.69860E+04
 2.00931E-11    1.67335E+04
 2.07407E-11    1.64852E+04
 2.14090E-11    1.62411E+04
 2.20991E-11    1.60010E+04
 2.28111E-11    1.57650E+04
 2.35464E-11    1.55329E+04
 2.43051E-11    1.53048E+04
 2.50884E-11    1.50804E+04
 2.58968E-11    1.48598E+04
 2.67315E-11    1.46430E+04
 2.75928E-11    1.44298E+04
 2.84822E-11    1.42202E+04
 2.93999E-11    1.40143E+04
 3.03475E-11    1.38117E+04
 3.13253E-11    1.36127E+04
 3.23350E-11    1.34171E+04
 3.33769E-11    1.32249E+04
 3.44526E-11    1.30359E+04
 3.55627E-11    1.28502E+04
 3.67089E-11    1.26677E+04
 3.79721E-11    1.24766E+04
 3.92788E-11    1.22890E+04
 4.06304E-11    1.21048E+04
 4.20286E-11    1.19242E+04
 4.34748E-11    1.17469E+04
 4.49708E-11    1.15729E+04
 4.65183E-11    1.14022E+04
 4.81191E-11    1.12348E+04
 4.97749E-11    1.10705E+04
 5.14877E-11    1.09094E+04
 5.32595E-11    1.07513E+04
 5.50922E-11    1.05963E+04
 5.69880E-11    1.04443E+04
 5.89490E-11    1.02952E+04
 6.09775E-11    1.01491E+04
 6.30758E-11    1.00058E+04
 6.52463E-11    9.86526E+03
 6.74915E-11    9.72753E+03
 6.98140E-11    9.59254E+03
 7.22164E-11    9.46024E+03
 7.47014E-11    9.33058E+03
 7.72720E-11    9.20354E+03
 7.99310E-11    9.07906E+03
 8.26815E-11    8.95712E+03
 8.55267E-11    8.83767E+03
 8.84697E-11    8.72067E+03
 9.15141E-11    8.60609E+03
 9.46632E-11    8.49390E+03
 9.79207E-11    8.38405E+03
 1.01291E-10    8.27650E+03
 1.04997E-10    8.16476E+03
 1.08841E-10    8.05550E+03
 1.12824E-10    7.94877E+03
 1.16954E-10    7.84446E+03
 1.21234E-10    7.74258E+03
 1.25672E-10    7.64305E+03
 1.30271E-10    7.54587E+03
 1.35040E-10    7.45096E+03
 1.39981E-10    7.35834E+03
 1.45106E-10    7.26791E+03
 1.50416E-10    7.17969E+03
 1.55922E-10    7.09358E+03
 1.61628E-10    7.00962E+03
 1.67544E-10    6.92771E+03
 1.74044E-10    6.84321E+03
 1.80796E-10    6.76097E+03
 1.87810E-10    6.68093E+03
 1.95096E-10    6.60306E+03
 2.02665E-10    6.52731E+03
 2.10528E-10    6.45365E+03
 2.18695E-10    6.38204E+03
 2.27179E-10    6.31245E+03
 2.35993E-10    6.24482E+03
 2.45666E-10    6.17554E+03
 2.55738E-10    6.10835E+03
 2.66220E-10    6.04324E+03
 2.77135E-10    5.98014E+03
 2.88494E-10    5.91903E+03
 3.00322E-10    5.85985E+03
 3.13295E-10    5.79959E+03
 3.26829E-10    5.74139E+03
 3.40947E-10    5.68517E+03
 3.55675E-10    5.63091E+03
 3.71039E-10    5.57854E+03
 3.87885E-10    5.52555E+03
 4.05499E-10    5.47453E+03
 4.23909E-10    5.42544E+03
 4.43158E-10    5.37822E+03
 4.64261E-10    5.33071E+03
 4.86368E-10    5.28512E+03
 5.09528E-10    5.24140E+03
 5.34920E-10    5.19764E+03
 5.61580E-10    5.15577E+03
 5.90815E-10    5.11405E+03
 6.21571E-10    5.07426E+03
 6.53929E-10    5.03632E+03
 6.89426E-10    4.99869E+03
 7.26854E-10    4.96291E+03
 7.67933E-10    4.92757E+03
 8.13049E-10    4.89281E+03
 8.60821E-10    4.85992E+03
 9.13327E-10    4.82769E+03
 9.71083E-10    4.79623E+03
 1.03250E-09    4.76661E+03
 1.10012E-09    4.73779E+03
 1.17464E-09    4.70986E+03
 1.25687E-09    4.68288E+03
 1.34771E-09    4.65688E+03
 1.44817E-09    4.63193E+03
 1.55941E-09    4.60804E+03
 1.68632E-09    4.58463E+03
 1.82741E-09    4.56242E+03
 1.98870E-09    4.54089E+03
 2.16880E-09    4.52064E+03
 2.37525E-09    4.50119E+03
 2.61236E-09    4.48265E+03
 2.88533E-09    4.46507E+03
 3.20709E-09    4.44819E+03
 3.57984E-09    4.43242E+03
 4.02134E-09    4.41752E+03
 4.55568E-09    4.40335E+03
 5.19385E-09    4.39023E+03
 5.98434E-09    4.37785E+03
 6.96844E-09    4.36635E+03
 8.21798E-09    4.35569E+03
 9.81532E-09    4.34600E+03
 1.19484E-08    4.33705E+03
 1.48558E-08    4.32893E+03
 1.89454E-08    4.32164E+03
 2.49922E-08    4.31509E+03
 2.52522E-08    4.31487E+03
 2.53000E-08    4.31484E+03
 3.49643E-08    4.30896E+03
 5.14847E-08    4.30352E+03
 8.32029E-08    4.29802E+03
 1.57903E-07    4.29070E+03
 9.24933E-07    4.23642E+03
 1.53240E-06    4.18755E+03
 2.57330E-06    4.08216E+03
 3.38178E-06    3.97235E+03
 4.02892E-06    3.85737E+03
 4.57033E-06    3.73372E+03
 5.00617E-06    3.60797E+03
 5.36942E-06    3.47847E+03
 5.67890E-06    3.34366E+03
 5.92267E-06    3.21669E+03
 6.13363E-06    3.08785E+03
 6.30792E-06    2.96490E+03
 6.48716E-06    2.81933E+03
 6.62509E-06    2.69149E+03
 6.76562E-06    2.54452E+03
 6.86107E-06    2.43347E+03
 6.95787E-06    2.31054E+03
 7.05603E-06    2.17435E+03
 7.15558E-06    2.02372E+03
 7.25653E-06    1.85820E+03
 7.38486E-06    1.63297E+03
 7.48905E-06    1.44825E+03
 7.54169E-06    1.36149E+03
 7.58136E-06    1.30337E+03
 7.60805E-06    1.26986E+03
 7.63474E-06    1.24269E+03
 7.66144E-06    1.22398E+03
 7.68293E-06    1.21691E+03
 7.69107E-06    1.21649E+03
 7.70736E-06    1.22002E+03
 7.72095E-06    1.22805E+03
 7.73454E-06    1.24147E+03
 7.74813E-06    1.26110E+03
 7.76173E-06    1.28792E+03
 7.77532E-06    1.32305E+03
 7.78891E-06    1.36781E+03
 7.79910E-06    1.40863E+03
 7.80930E-06    1.45651E+03
 7.82053E-06    1.51848E+03
 7.82941E-06    1.57511E+03
 7.83829E-06    1.63932E+03
 7.84716E-06    1.71194E+03
 7.85604E-06    1.79392E+03
 7.86492E-06    1.88633E+03
 7.87379E-06    1.99038E+03
 7.88267E-06    2.10745E+03
 7.89098E-06    2.23027E+03
 7.89873E-06    2.35756E+03
 7.90648E-06    2.49857E+03
 7.91423E-06    2.65483E+03
 7.92197E-06    2.82806E+03
 7.92972E-06    3.02021E+03
 7.93747E-06    3.23351E+03
 7.94522E-06    3.47050E+03
 7.95219E-06    3.70645E+03
 7.95839E-06    3.93622E+03
 7.96459E-06    4.18684E+03
 7.97079E-06    4.46047E+03
 7.97698E-06    4.75954E+03
 7.98318E-06    5.08677E+03
 7.98938E-06    5.44525E+03
 7.99558E-06    5.83845E+03
 8.00124E-06    6.23087E+03
 8.00635E-06    6.61616E+03
 8.01146E-06    7.03327E+03
 8.01658E-06    7.48529E+03
 8.02169E-06    7.97562E+03
 8.02680E-06    8.50803E+03
 8.03192E-06    9.08670E+03
 8.03703E-06    9.71627E+03
 8.04269E-06    1.04781E+04
 8.04734E-06    1.11609E+04
 8.05198E-06    1.18999E+04
 8.05663E-06    1.27001E+04
 8.06128E-06    1.35672E+04
 8.06593E-06    1.45071E+04
 8.07058E-06    1.55264E+04
 8.07523E-06    1.66321E+04
 8.07988E-06    1.78316E+04
 8.08452E-06    1.91329E+04
 8.08917E-06    2.05447E+04
 8.09382E-06    2.20758E+04
 8.09847E-06    2.37358E+04
 8.10312E-06    2.55345E+04
 8.10777E-06    2.74820E+04
 8.11242E-06    2.95888E+04
 8.11707E-06    3.18655E+04
 8.12172E-06    3.43228E+04
 8.12636E-06    3.69711E+04
 8.13101E-06    3.98209E+04
 8.13566E-06    4.28818E+04
 8.14031E-06    4.61630E+04
 8.14496E-06    4.96727E+04
 8.14961E-06    5.34181E+04
 8.15581E-06    5.87879E+04
 8.16045E-06    6.31020E+04
 8.16665E-06    6.92388E+04
 8.17285E-06    7.58114E+04
 8.17905E-06    8.28075E+04
 8.18525E-06    9.02053E+04
 8.19393E-06    1.01174E+05
 8.20508E-06    1.16130E+05
 8.23298E-06    1.55123E+05
 8.24413E-06    1.69931E+05
 8.25250E-06    1.80167E+05
 8.26211E-06    1.90623E+05
 8.26893E-06    1.97012E+05
 8.27512E-06    2.01968E+05
 8.28132E-06    2.06037E+05
 8.28926E-06    2.09864E+05
 8.29651E-06    2.11946E+05
 8.30255E-06    2.12628E+05
 8.30859E-06    2.12357E+05
 8.31479E-06    2.11109E+05
 8.32099E-06    2.08920E+05
 8.32982E-06    2.04281E+05
 8.33866E-06    1.98046E+05
 8.34765E-06    1.90316E+05
 8.35694E-06    1.81153E+05
 8.36934E-06    1.67657E+05
 8.40033E-06    1.32004E+05
 8.41273E-06    1.18499E+05
 8.42202E-06    1.09020E+05
 8.43132E-06    1.00198E+05
 8.44062E-06    9.20800E+04
 8.44992E-06    8.46806E+04
 8.45921E-06    7.79877E+04
 8.46851E-06    7.19705E+04
 8.47781E-06    6.65848E+04
 8.48711E-06    6.17790E+04
 8.49640E-06    5.74978E+04
 8.50570E-06    5.36861E+04
 8.51500E-06    5.02905E+04
 8.52492E-06    4.70715E+04
 8.53514E-06    4.41311E+04
 8.54537E-06    4.15231E+04
 8.55444E-06    3.94523E+04
 8.56350E-06    3.75786E+04
 8.57559E-06    3.53456E+04
 8.58768E-06    3.33718E+04
 8.60030E-06    3.15432E+04
 8.61348E-06    2.98512E+04
 8.62665E-06    2.83451E+04
 8.63982E-06    2.69969E+04
 8.65299E-06    2.57841E+04
 8.66616E-06    2.46878E+04
 8.68592E-06    2.32288E+04
 8.70676E-06    2.18906E+04
 8.72977E-06    2.06086E+04
 8.75278E-06    1.94943E+04
 8.77580E-06    1.85177E+04
 8.79881E-06    1.76556E+04
 8.82182E-06    1.68894E+04
 8.84515E-06    1.61954E+04
 8.86849E-06    1.55726E+04
 8.89961E-06    1.48357E+04
 8.93072E-06    1.41885E+04
 8.96206E-06    1.36120E+04
 8.99361E-06    1.30956E+04
 9.04094E-06    1.24203E+04
 9.08849E-06    1.18395E+04
 9.13649E-06    1.13332E+04
 9.18449E-06    1.08920E+04
 9.23294E-06    1.05010E+04
 9.29784E-06    1.00466E+04
 9.36320E-06    9.65422E+03
 9.42902E-06    9.31216E+03
 9.49530E-06    9.01150E+03
 9.59542E-06    8.62393E+03
 9.69695E-06    8.29520E+03
 9.79943E-06    8.01425E+03
 9.86808E-06    7.84914E+03
 1.00073E-05    7.55987E+03
 1.01485E-05    7.31582E+03
 1.02917E-05    7.10690E+03
 1.05105E-05    6.84459E+03
 1.07334E-05    6.62980E+03
 1.09616E-05    6.44995E+03
 1.12731E-05    6.25186E+03
 1.15934E-05    6.08931E+03
 1.20064E-05    5.92313E+03
 1.25218E-05    5.76233E+03
 1.31514E-05    5.61264E+03
 1.39094E-05    5.47617E+03
 1.49187E-05    5.34001E+03
 1.63406E-05    5.19792E+03
 2.04464E-05    4.87741E+03
 2.14744E-05    4.76906E+03
 2.20846E-05    4.68057E+03
 2.25531E-05    4.58885E+03
 2.28713E-05    4.50654E+03
 2.31939E-05    4.39605E+03
 2.34394E-05    4.28318E+03
 2.36348E-05    4.16530E+03
 2.37485E-05    4.08013E+03
 2.38736E-05    3.96661E+03
 2.39675E-05    3.86346E+03
 2.40576E-05    3.74510E+03
 2.41459E-05    3.60501E+03
 2.42047E-05    3.49440E+03
 2.42729E-05    3.34403E+03
 2.43311E-05    3.19237E+03
 2.43699E-05    3.07696E+03
 2.44144E-05    2.92919E+03
 2.44644E-05    2.74438E+03
 2.45145E-05    2.55626E+03
 2.45395E-05    2.47696E+03
 2.45583E-05    2.43517E+03
 2.45708E-05    2.42094E+03
 2.45771E-05    2.41927E+03
 2.45865E-05    2.42511E+03
 2.45943E-05    2.43892E+03
 2.46037E-05    2.46825E+03
 2.46131E-05    2.51391E+03
 2.46201E-05    2.56057E+03
 2.46271E-05    2.61929E+03
 2.46342E-05    2.69145E+03
 2.46412E-05    2.77848E+03
 2.46483E-05    2.88187E+03
 2.46553E-05    3.00316E+03
 2.46623E-05    3.14393E+03
 2.46691E-05    3.29809E+03
 2.46756E-05    3.46854E+03
 2.46822E-05    3.65990E+03
 2.46888E-05    3.87336E+03
 2.46954E-05    4.11008E+03
 2.47022E-05    4.38416E+03
 2.47097E-05    4.71485E+03
 2.47173E-05    5.07976E+03
 2.47233E-05    5.39695E+03
 2.47303E-05    5.79582E+03
 2.47383E-05    6.28997E+03
 2.47473E-05    6.89452E+03
 2.47568E-05    7.58734E+03
 2.47668E-05    8.37462E+03
 2.47768E-05    9.21700E+03
 2.47869E-05    1.01084E+04
 2.48019E-05    1.15199E+04
 2.48419E-05    1.54658E+04
 2.48559E-05    1.67983E+04
 2.48700E-05    1.80443E+04
 2.48820E-05    1.90161E+04
 2.48956E-05    1.99856E+04
 2.49040E-05    2.04969E+04
 2.49150E-05    2.10659E+04
 2.49250E-05    2.14740E+04
 2.49345E-05    2.17618E+04
 2.49441E-05    2.19508E+04
 2.49566E-05    2.20505E+04
 2.49591E-05    2.20505E+04
 2.49691E-05    2.19865E+04
 2.49791E-05    2.18245E+04
 2.49941E-05    2.14145E+04
 2.50091E-05    2.08317E+04
 2.50242E-05    2.01110E+04
 2.50442E-05    1.89988E+04
 2.50953E-05    1.58986E+04
 2.51160E-05    1.47065E+04
 2.51356E-05    1.36815E+04
 2.51506E-05    1.29640E+04
 2.51666E-05    1.22783E+04
 2.51826E-05    1.16674E+04
 2.51985E-05    1.11274E+04
 2.52145E-05    1.06528E+04
 2.52304E-05    1.02368E+04
 2.52492E-05    9.81306E+03
 2.52680E-05    9.45000E+03
 2.52805E-05    9.23668E+03
 2.53055E-05    8.86721E+03
 2.53306E-05    8.55952E+03
 2.53556E-05    8.29975E+03
 2.53932E-05    7.97788E+03
 2.54307E-05    7.71622E+03
 2.54733E-05    7.47239E+03
 2.55158E-05    7.27008E+03
 2.55797E-05    7.02323E+03
 2.56322E-05    6.85758E+03
 2.56948E-05    6.69298E+03
 2.57887E-05    6.49463E+03
 2.58513E-05    6.38637E+03
 2.59764E-05    6.21079E+03
 2.61016E-05    6.07431E+03
 2.62768E-05    5.92716E+03
 2.64521E-05    5.81449E+03
 2.67320E-05    5.68015E+03
 2.70145E-05    5.58086E+03
 2.73956E-05    5.48216E+03
 2.79767E-05    5.37727E+03
 2.87717E-05    5.28165E+03
 2.97980E-05    5.19954E+03
 3.15155E-05    5.11022E+03
 3.42791E-05    5.01759E+03
 4.22955E-05    4.81300E+03
 4.47333E-05    4.72450E+03
 4.63267E-05    4.64109E+03
 4.73117E-05    4.57030E+03
 4.83153E-05    4.47208E+03
 4.89969E-05    4.38151E+03
 4.95634E-05    4.28362E+03
 5.00860E-05    4.16769E+03
 5.04913E-05    4.05672E+03
 5.10683E-05    3.88021E+03
 5.12451E-05    3.84208E+03
 5.13334E-05    3.83543E+03
 5.14386E-05    3.84883E+03
 5.15075E-05    3.87834E+03
 5.15593E-05    3.91718E+03
 5.16109E-05    3.97652E+03
 5.16626E-05    4.06485E+03
 5.17011E-05    4.15682E+03
 5.17329E-05    4.25600E+03
 5.17647E-05    4.38278E+03
 5.17859E-05    4.48689E+03
 5.18071E-05    4.61066E+03
 5.18283E-05    4.75855E+03
 5.18496E-05    4.93627E+03
 5.18672E-05    5.11240E+03
 5.18849E-05    5.31963E+03
 5.19026E-05    5.56452E+03
 5.19158E-05    5.77767E+03
 5.19291E-05    6.02054E+03
 5.19424E-05    6.29779E+03
 5.19556E-05    6.61483E+03
 5.19689E-05    6.97785E+03
 5.19821E-05    7.39394E+03
 5.19954E-05    7.87114E+03
 5.20042E-05    8.22766E+03
 5.20131E-05    8.61829E+03
 5.20219E-05    9.04621E+03
 5.20307E-05    9.51481E+03
 5.20396E-05    1.00277E+04
 5.20484E-05    1.05887E+04
 5.20572E-05    1.12019E+04
 5.20661E-05    1.18716E+04
 5.20749E-05    1.26020E+04
 5.20838E-05    1.33980E+04
 5.20926E-05    1.42642E+04
 5.21014E-05    1.52054E+04
 5.21103E-05    1.62266E+04
 5.21191E-05    1.73329E+04
 5.21279E-05    1.85290E+04
 5.21361E-05    1.97131E+04
 5.21472E-05    2.14718E+04
 5.21583E-05    2.33969E+04
 5.21695E-05    2.54969E+04
 5.21806E-05    2.77789E+04
 5.21918E-05    3.02491E+04
 5.22016E-05    3.26064E+04
 5.22115E-05    3.51179E+04
 5.22214E-05    3.77841E+04
 5.22349E-05    4.16482E+04
 5.22490E-05    4.60139E+04
 5.22596E-05    4.94799E+04
 5.22738E-05    5.43388E+04
 5.22950E-05    6.20716E+04
 5.23232E-05    7.29858E+04
 5.23657E-05    8.97029E+04
 5.23869E-05    9.76962E+04
 5.24081E-05    1.05092E+05
 5.24222E-05    1.09560E+05
 5.24364E-05    1.13569E+05
 5.24505E-05    1.17053E+05
 5.24661E-05    1.20206E+05
 5.24816E-05    1.22586E+05
 5.24939E-05    1.23883E+05
 5.25106E-05    1.24809E+05
 5.25170E-05    1.24900E+05
 5.25311E-05    1.24590E+05
 5.25481E-05    1.23303E+05
 5.25608E-05    1.21710E+05
 5.25749E-05    1.19347E+05
 5.25891E-05    1.16410E+05
 5.26032E-05    1.12959E+05
 5.26244E-05    1.06965E+05
 5.26456E-05    1.00211E+05
 5.26739E-05    9.04626E+04
 5.27234E-05    7.29394E+04
 5.27446E-05    6.57669E+04
 5.27658E-05    5.90118E+04
 5.27856E-05    5.31690E+04
 5.28026E-05    4.85545E+04
 5.28196E-05    4.43202E+04
 5.28314E-05    4.15925E+04
 5.28438E-05    3.89402E+04
 5.28562E-05    3.64855E+04
 5.28685E-05    3.42217E+04
 5.28809E-05    3.21407E+04
 5.28933E-05    3.02333E+04
 5.29056E-05    2.84893E+04
 5.29180E-05    2.68980E+04
 5.29330E-05    2.51553E+04
 5.29463E-05    2.37756E+04
 5.29595E-05    2.25305E+04
 5.29728E-05    2.14071E+04
 5.29861E-05    2.03936E+04
 5.29949E-05    1.97735E+04
 5.30126E-05    1.86524E+04
 5.30302E-05    1.76715E+04
 5.30479E-05    1.68107E+04
 5.30656E-05    1.60524E+04
 5.30833E-05    1.53816E+04
 5.31009E-05    1.47853E+04
 5.31275E-05    1.40074E+04
 5.31540E-05    1.33434E+04
 5.31805E-05    1.27703E+04
 5.32070E-05    1.22707E+04
 5.32335E-05    1.18312E+04
 5.32733E-05    1.12622E+04
 5.33130E-05    1.07792E+04
 5.33528E-05    1.03637E+04
 5.33926E-05    1.00024E+04
 5.34390E-05    9.63611E+03
 5.34986E-05    9.23478E+03
 5.35583E-05    8.89514E+03
 5.36179E-05    8.60410E+03
 5.36975E-05    8.27535E+03
 5.37814E-05    7.98556E+03
 5.38698E-05    7.72942E+03
 5.39582E-05    7.51234E+03
 5.40908E-05    7.24268E+03
 5.42366E-05    7.00402E+03
 5.43824E-05    6.80993E+03
 5.45680E-05    6.60987E+03
 5.47447E-05    6.45533E+03
 5.50098E-05    6.27065E+03
 5.51866E-05    6.17076E+03
 5.55401E-05    6.01040E+03
 5.58936E-05    5.88735E+03
 5.62879E-05    5.78008E+03
 5.68821E-05    5.65808E+03
 5.74818E-05    5.56656E+03
 5.82928E-05    5.47472E+03
 5.95322E-05    5.37695E+03
 6.12239E-05    5.28930E+03
 6.34046E-05    5.21626E+03
 6.70591E-05    5.14142E+03
 7.29396E-05    5.07359E+03
 8.27413E-05    5.01274E+03
 1.01381E-04    4.95279E+03
 1.44888E-04    4.87832E+03
 2.07739E-04    4.78032E+03
 2.36739E-04    4.70725E+03
 2.52864E-04    4.64071E+03
 2.63133E-04    4.57358E+03
 2.70115E-04    4.50240E+03
 2.74339E-04    4.43793E+03
 2.77067E-04    4.37994E+03
 2.79707E-04    4.30198E+03
 2.81577E-04    4.22442E+03
 2.83227E-04    4.12918E+03
 2.84327E-04    4.04253E+03
 2.85060E-04    3.96880E+03
 2.85793E-04    3.87636E+03
 2.86453E-04    3.77021E+03
 2.86893E-04    3.68237E+03
 2.87333E-04    3.57560E+03
 2.87700E-04    3.46713E+03
 2.87975E-04    3.37042E+03
 2.88250E-04    3.25667E+03
 2.88525E-04    3.12103E+03
 2.88708E-04    3.01520E+03
 2.88919E-04    2.87448E+03
 2.89098E-04    2.73594E+03
 2.89277E-04    2.57727E+03
 2.89552E-04    2.30801E+03
 2.89620E-04    2.24968E+03
 2.89666E-04    2.21973E+03
 2.89711E-04    2.20112E+03
 2.89739E-04    2.19731E+03
 2.89778E-04    2.20564E+03
 2.89812E-04    2.22916E+03
 2.89834E-04    2.25539E+03
 2.89857E-04    2.29170E+03
 2.89879E-04    2.33971E+03
 2.89902E-04    2.40122E+03
 2.89924E-04    2.47824E+03
 2.89947E-04    2.57297E+03
 2.89963E-04    2.65709E+03
 2.89980E-04    2.75363E+03
 2.89997E-04    2.86377E+03
 2.90017E-04    3.01620E+03
 2.90032E-04    3.14112E+03
 2.90047E-04    3.27940E+03
 2.90061E-04    3.43198E+03
 2.90076E-04    3.59987E+03
 2.90091E-04    3.78404E+03
 2.90105E-04    3.98557E+03
 2.90120E-04    4.20548E+03
 2.90135E-04    4.44492E+03
 2.90149E-04    4.70493E+03
 2.90164E-04    4.98666E+03
 2.90179E-04    5.29120E+03
 2.90193E-04    5.61970E+03
 2.90208E-04    5.97322E+03
 2.90223E-04    6.35290E+03
 2.90237E-04    6.75974E+03
 2.90256E-04    7.30818E+03
 2.90274E-04    7.90263E+03
 2.90292E-04    8.54493E+03
 2.90311E-04    9.23665E+03
 2.90329E-04    9.97931E+03
 2.90347E-04    1.07740E+04
 2.90366E-04    1.16218E+04
 2.90384E-04    1.25232E+04
 2.90409E-04    1.38386E+04
 2.90436E-04    1.53481E+04
 2.90462E-04    1.69688E+04
 2.90482E-04    1.82551E+04
 2.90509E-04    2.00598E+04
 2.90545E-04    2.27041E+04
 2.90582E-04    2.55032E+04
 2.90631E-04    2.94656E+04
 2.90745E-04    3.87535E+04
 2.90789E-04    4.21770E+04
 2.90833E-04    4.53422E+04
 2.90877E-04    4.81491E+04
 2.90916E-04    5.02941E+04
 2.90956E-04    5.20191E+04
 2.90988E-04    5.30835E+04
 2.91021E-04    5.38358E+04
 2.91055E-04    5.42427E+04
 2.91076E-04    5.43095E+04
 2.91107E-04    5.41486E+04
 2.91144E-04    5.35706E+04
 2.91170E-04    5.29069E+04
 2.91199E-04    5.19425E+04
 2.91243E-04    5.00914E+04
 2.91287E-04    4.78264E+04
 2.91329E-04    4.53945E+04
 2.91388E-04    4.15669E+04
 2.91513E-04    3.30625E+04
 2.91568E-04    2.94915E+04
 2.91605E-04    2.72486E+04
 2.91642E-04    2.51410E+04
 2.91680E-04    2.30892E+04
 2.91710E-04    2.15991E+04
 2.91741E-04    2.02188E+04
 2.91771E-04    1.89476E+04
 2.91801E-04    1.77837E+04
 2.91821E-04    1.70656E+04
 2.91856E-04    1.59297E+04
 2.91891E-04    1.49187E+04
 2.91926E-04    1.40233E+04
 2.91961E-04    1.32334E+04
 2.91996E-04    1.25387E+04
 2.92030E-04    1.19289E+04
 2.92065E-04    1.13944E+04
 2.92100E-04    1.09259E+04
 2.92134E-04    1.05200E+04
 2.92169E-04    1.01628E+04
 2.92215E-04    9.75088E+03
 2.92260E-04    9.40013E+03
 2.92306E-04    9.09925E+03
 2.92375E-04    8.72157E+03
 2.92444E-04    8.41136E+03
 2.92513E-04    8.15134E+03
 2.92604E-04    7.86209E+03
 2.92696E-04    7.62117E+03
 2.92833E-04    7.32426E+03
 2.92980E-04    7.06834E+03
 2.93127E-04    6.85737E+03
 2.93273E-04    6.67991E+03
 2.93420E-04    6.52826E+03
 2.93603E-04    6.36687E+03
 2.93878E-04    6.16890E+03
 2.94153E-04    6.00963E+03
 2.94530E-04    5.83563E+03
 2.94907E-04    5.69775E+03
 2.95398E-04    5.55540E+03
 2.95889E-04    5.44262E+03
 2.96606E-04    5.31385E+03
 2.97323E-04    5.21388E+03
 2.98375E-04    5.10140E+03
 2.98968E-04    5.05563E+03
 2.99216E-04    5.04885E+03
 2.99586E-04    5.06971E+03
 2.99908E-04    5.09007E+03
 3.00138E-04    5.07085E+03
 3.00669E-04    4.95957E+03
 3.00956E-04    4.92072E+03
 3.01816E-04    4.86306E+03
 3.04971E-04    4.71210E+03
 3.08606E-04    4.55387E+03
 3.08710E-04    4.55216E+03
 3.08975E-04    4.56057E+03
 3.09149E-04    4.58786E+03
 3.09294E-04    4.63396E+03
 3.09435E-04    4.70278E+03
 3.09745E-04    4.89800E+03
 3.09861E-04    4.95005E+03
 3.09983E-04    4.96936E+03
 3.10069E-04    4.95704E+03
 3.10178E-04    4.91185E+03
 3.10333E-04    4.80723E+03
 3.10561E-04    4.63222E+03
 3.10706E-04    4.54234E+03
 3.10851E-04    4.47784E+03
 3.11025E-04    4.42817E+03
 3.11257E-04    4.38915E+03
 3.12803E-04    4.22253E+03
 3.13528E-04    4.12255E+03
 3.14012E-04    4.03926E+03
 3.14420E-04    3.95384E+03
 3.14753E-04    3.87009E+03
 3.15095E-04    3.76647E+03
 3.15358E-04    3.67045E+03
 3.15620E-04    3.55525E+03
 3.15843E-04    3.43732E+03
 3.16066E-04    3.29491E+03
 3.16215E-04    3.18272E+03
 3.16390E-04    3.03044E+03
 3.16609E-04    2.82161E+03
 3.16696E-04    2.74995E+03
 3.16762E-04    2.71442E+03
 3.16806E-04    2.70594E+03
 3.16849E-04    2.71534E+03
 3.16882E-04    2.73785E+03
 3.16915E-04    2.77707E+03
 3.16941E-04    2.82159E+03
 3.16966E-04    2.88040E+03
 3.16992E-04    2.95562E+03
 3.17017E-04    3.04953E+03
 3.17043E-04    3.16459E+03
 3.17069E-04    3.30342E+03
 3.17094E-04    3.46878E+03
 3.17120E-04    3.66352E+03
 3.17137E-04    3.81114E+03
 3.17154E-04    3.97402E+03
 3.17171E-04    4.15305E+03
 3.17188E-04    4.34911E+03
 3.17209E-04    4.61512E+03
 3.17230E-04    4.90985E+03
 3.17251E-04    5.23485E+03
 3.17272E-04    5.59150E+03
 3.17293E-04    5.98118E+03
 3.17314E-04    6.40500E+03
 3.17335E-04    6.86398E+03
 3.17356E-04    7.35886E+03
 3.17382E-04    8.02885E+03
 3.17408E-04    8.75625E+03
 3.17435E-04    9.54086E+03
 3.17461E-04    1.03816E+04
 3.17487E-04    1.12765E+04
 3.17517E-04    1.23526E+04
 3.17548E-04    1.35576E+04
 3.17589E-04    1.51906E+04
 3.17652E-04    1.78601E+04
 3.17754E-04    2.22744E+04
 3.17803E-04    2.42911E+04
 3.17846E-04    2.59437E+04
 3.17884E-04    2.72433E+04
 3.17919E-04    2.83051E+04
 3.17953E-04    2.91944E+04
 3.17993E-04    3.00203E+04
 3.18029E-04    3.05640E+04
 3.18066E-04    3.09008E+04
 3.18101E-04    3.10203E+04
 3.18137E-04    3.09411E+04
 3.18179E-04    3.05983E+04
 3.18221E-04    3.00044E+04
 3.18267E-04    2.90924E+04
 3.18300E-04    2.83182E+04
 3.18346E-04    2.70445E+04
 3.18392E-04    2.56241E+04
 3.18479E-04    2.27104E+04
 3.18567E-04    1.97645E+04
 3.18620E-04    1.80864E+04
 3.18672E-04    1.65227E+04
 3.18716E-04    1.53218E+04
 3.18760E-04    1.42261E+04
 3.18804E-04    1.32387E+04
 3.18836E-04    1.25689E+04
 3.18873E-04    1.19027E+04
 3.18910E-04    1.12794E+04
 3.18948E-04    1.07248E+04
 3.18985E-04    1.02337E+04
 3.19023E-04    9.80029E+03
 3.19048E-04    9.54060E+03
 3.19096E-04    9.10493E+03
 3.19143E-04    8.73521E+03
 3.19191E-04    8.42113E+03
 3.19238E-04    8.15353E+03
 3.19286E-04    7.92440E+03
 3.19357E-04    7.63833E+03
 3.19429E-04    7.40556E+03
 3.19518E-04    7.16867E+03
 3.19608E-04    6.97576E+03
 3.19726E-04    6.76827E+03
 3.19878E-04    6.55449E+03
 3.20053E-04    6.35881E+03
 3.20282E-04    6.15684E+03
 3.20481E-04    6.01521E+03
 3.20724E-04    5.87380E+03
 3.21009E-04    5.74011E+03
 3.21304E-04    5.62854E+03
 3.21704E-04    5.50725E+03
 3.22142E-04    5.40175E+03
 3.22856E-04    5.26988E+03
 3.23713E-04    5.15264E+03
 3.24976E-04    5.02603E+03
 3.26197E-04    4.93326E+03
 3.28669E-04    4.78782E+03
 3.33803E-04    4.52422E+03
 3.35857E-04    4.39386E+03
 3.37244E-04    4.28153E+03
 3.38194E-04    4.18532E+03
 3.39031E-04    4.08080E+03
 3.39848E-04    3.95179E+03
 3.40494E-04    3.82174E+03
 3.40950E-04    3.70855E+03
 3.41326E-04    3.59721E+03
 3.41661E-04    3.47960E+03
 3.41996E-04    3.33948E+03
 3.42265E-04    3.20562E+03
 3.42534E-04    3.04733E+03
 3.42714E-04    2.92492E+03
 3.42881E-04    2.79636E+03
 3.43049E-04    2.65189E+03
 3.43256E-04    2.45143E+03
 3.43400E-04    2.30846E+03
 3.43471E-04    2.24443E+03
 3.43519E-04    2.20908E+03
 3.43567E-04    2.18353E+03
 3.43603E-04    2.17361E+03
 3.43615E-04    2.17255E+03
 3.43651E-04    2.17764E+03
 3.43687E-04    2.19788E+03
 3.43711E-04    2.22182E+03
 3.43735E-04    2.25574E+03
 3.43759E-04    2.30127E+03
 3.43783E-04    2.36021E+03
 3.43807E-04    2.43457E+03
 3.43831E-04    2.52656E+03
 3.43849E-04    2.60860E+03
 3.43867E-04    2.70305E+03
 3.43885E-04    2.81109E+03
 3.43903E-04    2.93400E+03
 3.43921E-04    3.07312E+03
 3.43935E-04    3.19486E+03
 3.43951E-04    3.34965E+03
 3.43967E-04    3.52101E+03
 3.43984E-04    3.71013E+03
 3.44000E-04    3.91826E+03
 3.44016E-04    4.14665E+03
 3.44033E-04    4.39660E+03
 3.44049E-04    4.66944E+03
 3.44065E-04    4.96653E+03
 3.44081E-04    5.28924E+03
 3.44098E-04    5.63895E+03
 3.44114E-04    6.01702E+03
 3.44130E-04    6.42486E+03
 3.44147E-04    6.86380E+03
 3.44163E-04    7.33518E+03
 3.44179E-04    7.84029E+03
 3.44197E-04    8.42977E+03
 3.44216E-04    9.11542E+03
 3.44235E-04    9.85303E+03
 3.44254E-04    1.06442E+04
 3.44274E-04    1.14904E+04
 3.44293E-04    1.23928E+04
 3.44312E-04    1.33522E+04
 3.44331E-04    1.43693E+04
 3.44352E-04    1.55412E+04
 3.44374E-04    1.68695E+04
 3.44404E-04    1.87606E+04
 3.44434E-04    2.07850E+04
 3.44463E-04    2.29358E+04
 3.44502E-04    2.58825E+04
 3.44540E-04    2.89964E+04
 3.44586E-04    3.29043E+04
 3.44721E-04    4.46959E+04
 3.44779E-04    4.94888E+04
 3.44816E-04    5.22776E+04
 3.44862E-04    5.54096E+04
 3.44905E-04    5.79006E+04
 3.44947E-04    5.98761E+04
 3.44977E-04    6.09664E+04
 3.45009E-04    6.18354E+04
 3.45046E-04    6.24320E+04
 3.45080E-04    6.25911E+04
 3.45112E-04    6.24095E+04
 3.45150E-04    6.17758E+04
 3.45193E-04    6.05562E+04
 3.45239E-04    5.87053E+04
 3.45285E-04    5.63657E+04
 3.45322E-04    5.41893E+04
 3.45366E-04    5.13776E+04
 3.45425E-04    4.72296E+04
 3.45556E-04    3.76164E+04
 3.45613E-04    3.35975E+04
 3.45652E-04    3.10674E+04
 3.45690E-04    2.86833E+04
 3.45732E-04    2.62476E+04
 3.45764E-04    2.45566E+04
 3.45795E-04    2.29848E+04
 3.45827E-04    2.15320E+04
 3.45859E-04    2.01967E+04
 3.45895E-04    1.87997E+04
 3.45931E-04    1.75464E+04
 3.45968E-04    1.64280E+04
 3.46004E-04    1.54344E+04
 3.46041E-04    1.45549E+04
 3.46077E-04    1.37789E+04
 3.46114E-04    1.30955E+04
 3.46150E-04    1.24946E+04
 3.46186E-04    1.19727E+04
 3.46222E-04    1.15130E+04
 3.46270E-04    1.09831E+04
 3.46318E-04    1.05330E+04
 3.46366E-04    1.01485E+04
 3.46414E-04    9.81770E+03
 3.46485E-04    9.40144E+03
 3.46557E-04    9.05875E+03
 3.46629E-04    8.77106E+03
 3.46725E-04    8.45067E+03
 3.46821E-04    8.18349E+03
 3.46917E-04    7.95577E+03
 3.47033E-04    7.72030E+03
 3.47206E-04    7.42795E+03
 3.47380E-04    7.18919E+03
 3.47559E-04    6.98482E+03
 3.47827E-04    6.73512E+03
 3.48095E-04    6.53487E+03
 3.48380E-04    6.36039E+03
 3.48666E-04    6.21582E+03
 3.49019E-04    6.06865E+03
 3.49493E-04    5.91275E+03
 3.50358E-04    5.69802E+03
 3.50953E-04    5.57859E+03
 3.51786E-04    5.45129E+03
 3.53001E-04    5.31106E+03
 3.54623E-04    5.17151E+03
 3.56291E-04    5.05991E+03
 3.59570E-04    4.88448E+03
 3.63233E-04    4.69189E+03
 3.64992E-04    4.57982E+03
 3.66315E-04    4.47309E+03
 3.67281E-04    4.37379E+03
 3.68044E-04    4.27518E+03
 3.68760E-04    4.15993E+03
 3.69979E-04    3.92545E+03
 3.70145E-04    3.90862E+03
 3.70183E-04    3.90816E+03
 3.70298E-04    3.92100E+03
 3.70380E-04    3.95134E+03
 3.70442E-04    3.99393E+03
 3.70498E-04    4.05291E+03
 3.70554E-04    4.13939E+03
 3.70596E-04    4.22965E+03
 3.70632E-04    4.32661E+03
 3.70668E-04    4.44689E+03
 3.70704E-04    4.59521E+03
 3.70739E-04    4.77699E+03
 3.70775E-04    4.99848E+03
 3.70799E-04    5.17167E+03
 3.70823E-04    5.36795E+03
 3.70847E-04    5.58982E+03
 3.70871E-04    5.83993E+03
 3.70894E-04    6.12111E+03
 3.70918E-04    6.43634E+03
 3.70942E-04    6.78872E+03
 3.70967E-04    7.20242E+03
 3.70993E-04    7.68801E+03
 3.71020E-04    8.23138E+03
 3.71046E-04    8.83716E+03
 3.71072E-04    9.50996E+03
 3.71098E-04    1.02543E+04
 3.71125E-04    1.10746E+04
 3.71151E-04    1.19748E+04
 3.71176E-04    1.29101E+04
 3.71200E-04    1.38715E+04
 3.71223E-04    1.49062E+04
 3.71247E-04    1.60157E+04
 3.71271E-04    1.72011E+04
 3.71295E-04    1.84629E+04
 3.71330E-04    2.04984E+04
 3.71365E-04    2.26638E+04
 3.71399E-04    2.49032E+04
 3.71433E-04    2.72773E+04
 3.71478E-04    3.06277E+04
 3.71535E-04    3.50496E+04
 3.71673E-04    4.62971E+04
 3.71726E-04    5.04006E+04
 3.71772E-04    5.36606E+04
 3.71812E-04    5.62457E+04
 3.71846E-04    5.82186E+04
 3.71888E-04    6.02777E+04
 3.71928E-04    6.18393E+04
 3.71967E-04    6.29504E+04
 3.72006E-04    6.36309E+04
 3.72044E-04    6.38685E+04
 3.72085E-04    6.36476E+04
 3.72125E-04    6.29602E+04
 3.72167E-04    6.17812E+04
 3.72213E-04    5.99959E+04
 3.72251E-04    5.81531E+04
 3.72289E-04    5.60318E+04
 3.72346E-04    5.24283E+04
 3.72415E-04    4.75745E+04
 3.72556E-04    3.72715E+04
 3.72601E-04    3.40963E+04
 3.72646E-04    3.10743E+04
 3.72694E-04    2.80978E+04
 3.72729E-04    2.60206E+04
 3.72765E-04    2.40852E+04
 3.72800E-04    2.22954E+04
 3.72836E-04    2.06522E+04
 3.72872E-04    1.91532E+04
 3.72907E-04    1.77944E+04
 3.72943E-04    1.65695E+04
 3.72979E-04    1.54710E+04
 3.73014E-04    1.44904E+04
 3.73048E-04    1.36596E+04
 3.73081E-04    1.29373E+04
 3.73114E-04    1.22930E+04
 3.73147E-04    1.17194E+04
 3.73180E-04    1.12093E+04
 3.73213E-04    1.07562E+04
 3.73246E-04    1.03538E+04
 3.73290E-04    9.88618E+03
 3.73334E-04    9.48605E+03
 3.73377E-04    9.14265E+03
 3.73422E-04    8.84295E+03
 3.73467E-04    8.58375E+03
 3.73526E-04    8.28940E+03
 3.73585E-04    8.04177E+03
 3.73674E-04    7.73636E+03
 3.73763E-04    7.48914E+03
 3.73852E-04    7.28383E+03
 3.73971E-04    7.05716E+03
 3.74090E-04    6.86975E+03
 3.74268E-04    6.64093E+03
 3.74428E-04    6.47383E+03
 3.74630E-04    6.30096E+03
 3.74832E-04    6.15898E+03
 3.75135E-04    5.98749E+03
 3.75512E-04    5.82248E+03
 3.75888E-04    5.69374E+03
 3.76387E-04    5.56067E+03
 3.76882E-04    5.45738E+03
 3.77574E-04    5.34550E+03
 3.78267E-04    5.26296E+03
 3.78619E-04    5.23759E+03
 3.78723E-04    5.23562E+03
 3.78931E-04    5.24860E+03
 3.79079E-04    5.28070E+03
 3.79208E-04    5.33090E+03
 3.79287E-04    5.37363E+03
 3.79485E-04    5.51595E+03
 3.79731E-04    5.70936E+03
 3.79850E-04    5.77249E+03
 3.79953E-04    5.79499E+03
 3.79978E-04    5.79510E+03
 3.80095E-04    5.76755E+03
 3.80214E-04    5.69611E+03
 3.80378E-04    5.54872E+03
 3.80624E-04    5.31104E+03
 3.80772E-04    5.19711E+03
 3.80921E-04    5.11532E+03
 3.81062E-04    5.06342E+03
 3.81245E-04    5.02171E+03
 3.81584E-04    4.98071E+03
 3.82970E-04    4.88956E+03
 3.87929E-04    4.63276E+03
 3.88435E-04    4.61971E+03
 3.88687E-04    4.63330E+03
 3.88854E-04    4.66741E+03
 3.88985E-04    4.72215E+03
 3.89101E-04    4.80131E+03
 3.89202E-04    4.89987E+03
 3.89303E-04    5.02902E+03
 3.89404E-04    5.18733E+03
 3.89709E-04    5.73678E+03
 3.89790E-04    5.85558E+03
 3.89871E-04    5.94256E+03
 3.89940E-04    5.98550E+03
 3.89999E-04    5.99592E+03
 3.90081E-04    5.96997E+03
 3.90162E-04    5.90011E+03
 3.90242E-04    5.79243E+03
 3.90364E-04    5.58064E+03
 3.90576E-04    5.16506E+03
 3.90677E-04    4.98688E+03
 3.90778E-04    4.83586E+03
 3.90879E-04    4.71482E+03
 3.91000E-04    4.60653E+03
 3.91071E-04    4.55912E+03
 3.91212E-04    4.49047E+03
 3.91382E-04    4.43819E+03
 3.91667E-04    4.38506E+03
 3.93384E-04    4.15705E+03
 3.94141E-04    4.03057E+03
 3.94692E-04    3.91645E+03
 3.95106E-04    3.81328E+03
 3.95442E-04    3.71453E+03
 3.95838E-04    3.57499E+03
 3.96131E-04    3.45041E+03
 3.96416E-04    3.30602E+03
 3.96606E-04    3.19355E+03
 3.96796E-04    3.06503E+03
 3.96967E-04    2.93335E+03
 3.97138E-04    2.78596E+03
 3.97347E-04    2.59638E+03
 3.97442E-04    2.52177E+03
 3.97513E-04    2.48268E+03
 3.97561E-04    2.47075E+03
 3.97584E-04    2.47072E+03
 3.97620E-04    2.48009E+03
 3.97655E-04    2.50227E+03
 3.97688E-04    2.53958E+03
 3.97722E-04    2.59558E+03
 3.97745E-04    2.64516E+03
 3.97767E-04    2.70600E+03
 3.97790E-04    2.77944E+03
 3.97812E-04    2.86697E+03
 3.97835E-04    2.97017E+03
 3.97858E-04    3.09073E+03
 3.97880E-04    3.23045E+03
 3.97903E-04    3.39122E+03
 3.97925E-04    3.57506E+03
 3.97948E-04    3.78403E+03
 3.97970E-04    4.02031E+03
 3.97993E-04    4.28612E+03
 3.98015E-04    4.57222E+03
 3.98036E-04    4.88989E+03
 3.98058E-04    5.24121E+03
 3.98080E-04    5.62824E+03
 3.98102E-04    6.05303E+03
 3.98123E-04    6.51753E+03
 3.98145E-04    7.02367E+03
 3.98167E-04    7.57316E+03
 3.98189E-04    8.16773E+03
 3.98210E-04    8.80877E+03
 3.98234E-04    9.57191E+03
 3.98263E-04    1.05561E+04
 3.98291E-04    1.16260E+04
 3.98320E-04    1.27822E+04
 3.98348E-04    1.40243E+04
 3.98377E-04    1.53506E+04
 3.98407E-04    1.68553E+04
 3.98447E-04    1.89625E+04
 3.98487E-04    2.12046E+04
 3.98533E-04    2.39048E+04
 3.98605E-04    2.83701E+04
 3.98696E-04    3.41042E+04
 3.98757E-04    3.77396E+04
 3.98812E-04    4.07405E+04
 3.98857E-04    4.29640E+04
 3.98900E-04    4.47579E+04
 3.98938E-04    4.60965E+04
 3.98983E-04    4.73411E+04
 3.99021E-04    4.80515E+04
 3.99055E-04    4.84426E+04
 3.99090E-04    4.85797E+04
 3.99122E-04    4.84850E+04
 3.99163E-04    4.80554E+04
 3.99207E-04    4.72275E+04
 3.99252E-04    4.60044E+04
 3.99298E-04    4.44524E+04
 3.99341E-04    4.27364E+04
 3.99402E-04    3.99461E+04
 3.99476E-04    3.62440E+04
 3.99608E-04    2.94566E+04
 3.99665E-04    2.66591E+04
 3.99705E-04    2.48057E+04
 3.99747E-04    2.29760E+04
 3.99789E-04    2.12727E+04
 3.99830E-04    1.97033E+04
 3.99869E-04    1.83639E+04
 3.99905E-04    1.72282E+04
 3.99941E-04    1.61919E+04
 3.99978E-04    1.52513E+04
 4.00014E-04    1.44017E+04
 4.00050E-04    1.36375E+04
 4.00086E-04    1.29527E+04
 4.00122E-04    1.23409E+04
 4.00164E-04    1.17152E+04
 4.00188E-04    1.13956E+04
 4.00235E-04    1.08262E+04
 4.00283E-04    1.03388E+04
 4.00330E-04    9.92122E+03
 4.00377E-04    9.56253E+03
 4.00425E-04    9.25321E+03
 4.00496E-04    8.86424E+03
 4.00568E-04    8.54574E+03
 4.00639E-04    8.28062E+03
 4.00710E-04    8.05617E+03
 4.00805E-04    7.80438E+03
 4.00938E-04    7.51738E+03
 4.01052E-04    7.31472E+03
 4.01204E-04    7.08877E+03
 4.01356E-04    6.90029E+03
 4.01508E-04    6.73998E+03
 4.01698E-04    6.56986E+03
 4.01983E-04    6.36147E+03
 4.02268E-04    6.19374E+03
 4.02581E-04    6.04280E+03
 4.02895E-04    5.91770E+03
 4.03448E-04    5.74138E+03
 4.03792E-04    5.65229E+03
 4.04480E-04    5.50658E+03
 4.05193E-04    5.38719E+03
 4.06383E-04    5.23306E+03
 4.07906E-04    5.08331E+03
 4.09553E-04    4.95734E+03
 4.13046E-04    4.71556E+03
 4.15538E-04    4.53860E+03
 4.17147E-04    4.40301E+03
 4.18478E-04    4.26544E+03
 4.19592E-04    4.12194E+03
 4.20363E-04    3.99668E+03
 4.20875E-04    3.89611E+03
 4.21427E-04    3.76841E+03
 4.21902E-04    3.63596E+03
 4.22259E-04    3.51824E+03
 4.22598E-04    3.38709E+03
 4.22928E-04    3.23601E+03
 4.23149E-04    3.11910E+03
 4.23346E-04    3.00049E+03
 4.23522E-04    2.88257E+03
 4.23697E-04    2.75063E+03
 4.23872E-04    2.60299E+03
 4.24060E-04    2.42804E+03
 4.24260E-04    2.23663E+03
 4.24335E-04    2.17433E+03
 4.24385E-04    2.14089E+03
 4.24435E-04    2.11782E+03
 4.24472E-04    2.11004E+03
 4.24485E-04    2.10973E+03
 4.24522E-04    2.11704E+03
 4.24560E-04    2.13931E+03
 4.24585E-04    2.16430E+03
 4.24610E-04    2.19891E+03
 4.24635E-04    2.24457E+03
 4.24660E-04    2.30290E+03
 4.24685E-04    2.37566E+03
 4.24710E-04    2.46480E+03
 4.24735E-04    2.57245E+03
 4.24754E-04    2.66673E+03
 4.24770E-04    2.75722E+03
 4.24789E-04    2.88106E+03
 4.24809E-04    3.02101E+03
 4.24828E-04    3.17846E+03
 4.24848E-04    3.35482E+03
 4.24867E-04    3.55162E+03
 4.24887E-04    3.77040E+03
 4.24906E-04    4.01277E+03
 4.24926E-04    4.28041E+03
 4.24945E-04    4.57502E+03
 4.24965E-04    4.89834E+03
 4.24984E-04    5.25211E+03
 4.25004E-04    5.63814E+03
 4.25023E-04    6.05818E+03
 4.25043E-04    6.51400E+03
 4.25062E-04    7.00733E+03
 4.25084E-04    7.60394E+03
 4.25108E-04    8.32161E+03
 4.25132E-04    9.10431E+03
 4.25156E-04    9.95465E+03
 4.25180E-04    1.08750E+04
 4.25204E-04    1.18674E+04
 4.25228E-04    1.29333E+04
 4.25252E-04    1.40739E+04
 4.25276E-04    1.52899E+04
 4.25300E-04    1.65812E+04
 4.25325E-04    1.80057E+04
 4.25351E-04    1.95717E+04
 4.25390E-04    2.20758E+04
 4.25426E-04    2.45422E+04
 4.25466E-04    2.74385E+04
 4.25512E-04    3.09386E+04
 4.25588E-04    3.69844E+04
 4.25685E-04    4.47523E+04
 4.25744E-04    4.92649E+04
 4.25802E-04    5.32866E+04
 4.25853E-04    5.64323E+04
 4.25896E-04    5.86982E+04
 4.25942E-04    6.06761E+04
 4.25988E-04    6.21063E+04
 4.26025E-04    6.28879E+04
 4.26065E-04    6.33240E+04
 4.26090E-04    6.33813E+04
 4.26123E-04    6.32012E+04
 4.26163E-04    6.26097E+04
 4.26208E-04    6.14846E+04
 4.26256E-04    5.97813E+04
 4.26304E-04    5.76241E+04
 4.26344E-04    5.55324E+04
 4.26392E-04    5.27384E+04
 4.26456E-04    4.86669E+04
 4.26616E-04    3.79206E+04
 4.26676E-04    3.40640E+04
 4.26716E-04    3.16263E+04
 4.26760E-04    2.90955E+04
 4.26808E-04    2.65352E+04
 4.26844E-04    2.47610E+04
 4.26880E-04    2.31150E+04
 4.26916E-04    2.15974E+04
 4.26948E-04    2.03733E+04
 4.26987E-04    1.89880E+04
 4.27026E-04    1.77406E+04
 4.27065E-04    1.66231E+04
 4.27104E-04    1.56264E+04
 4.27143E-04    1.47407E+04
 4.27181E-04    1.39560E+04
 4.27220E-04    1.32624E+04
 4.27265E-04    1.25700E+04
 4.27302E-04    1.20587E+04
 4.27340E-04    1.16056E+04
 4.27390E-04    1.10798E+04
 4.27440E-04    1.06302E+04
 4.27490E-04    1.02440E+04
 4.27540E-04    9.91023E+03
 4.27615E-04    9.48854E+03
 4.27690E-04    9.14041E+03
 4.27740E-04    8.94004E+03
 4.27840E-04    8.59746E+03
 4.27940E-04    8.31352E+03
 4.28040E-04    8.07258E+03
 4.28168E-04    7.81172E+03
 4.28295E-04    7.59013E+03
 4.28465E-04    7.34047E+03
 4.28635E-04    7.13052E+03
 4.28820E-04    6.93634E+03
 4.29120E-04    6.67780E+03
 4.29420E-04    6.46995E+03
 4.29760E-04    6.27790E+03
 4.30000E-04    6.16318E+03
 4.30480E-04    5.97170E+03
 4.31080E-04    5.78297E+03
 4.31680E-04    5.63232E+03
 4.32527E-04    5.46237E+03
 4.33422E-04    5.31860E+03
 4.34827E-04    5.13755E+03
 4.36551E-04    4.95764E+03
 4.38611E-04    4.77621E+03
 4.39109E-04    4.75366E+03
 4.39617E-04    4.77416E+03
 4.39808E-04    4.78085E+03
 4.40062E-04    4.76725E+03
 4.40366E-04    4.71298E+03
 4.40853E-04    4.60979E+03
 4.41341E-04    4.54686E+03
 4.43592E-04    4.35829E+03
 4.45205E-04    4.24528E+03
 4.46002E-04    4.21019E+03
 4.46574E-04    4.20397E+03
 4.47073E-04    4.22056E+03
 4.47406E-04    4.24888E+03
 4.47739E-04    4.29702E+03
 4.48020E-04    4.35850E+03
 4.48249E-04    4.42721E+03
 4.48477E-04    4.51759E+03
 4.48706E-04    4.63579E+03
 4.48886E-04    4.75450E+03
 4.49086E-04    4.91860E+03
 4.49220E-04    5.05171E+03
 4.49353E-04    5.20788E+03
 4.49480E-04    5.38301E+03
 4.49608E-04    5.58800E+03
 4.49726E-04    5.80932E+03
 4.49840E-04    6.05799E+03
 4.49944E-04    6.31873E+03
 4.50053E-04    6.63667E+03
 4.50129E-04    6.88834E+03
 4.50206E-04    7.16911E+03
 4.50282E-04    7.48326E+03
 4.50350E-04    7.79877E+03
 4.50437E-04    8.25176E+03
 4.50508E-04    8.66919E+03
 4.50570E-04    9.08147E+03
 4.50633E-04    9.54061E+03
 4.50695E-04    1.00538E+04
 4.50758E-04    1.06295E+04
 4.50800E-04    1.10531E+04
 4.50854E-04    1.16575E+04
 4.50908E-04    1.23318E+04
 4.50962E-04    1.30874E+04
 4.51016E-04    1.39374E+04
 4.51056E-04    1.46466E+04
 4.51097E-04    1.54259E+04
 4.51137E-04    1.62846E+04
 4.51178E-04    1.72333E+04
 4.51218E-04    1.82842E+04
 4.51253E-04    1.92735E+04
 4.51295E-04    2.06094E+04
 4.51327E-04    2.17161E+04
 4.51359E-04    2.29233E+04
 4.51390E-04    2.42417E+04
 4.51422E-04    2.56831E+04
 4.51454E-04    2.72606E+04
 4.51486E-04    2.89882E+04
 4.51517E-04    3.08816E+04
 4.51549E-04    3.29574E+04
 4.51570E-04    3.44514E+04
 4.51604E-04    3.70939E+04
 4.51639E-04    4.00145E+04
 4.51673E-04    4.32411E+04
 4.51708E-04    4.68031E+04
 4.51742E-04    5.07313E+04
 4.51777E-04    5.50574E+04
 4.51811E-04    5.98143E+04
 4.51846E-04    6.50347E+04
 4.51873E-04    6.95227E+04
 4.51900E-04    7.43381E+04
 4.51927E-04    7.94964E+04
 4.51955E-04    8.50120E+04
 4.51982E-04    9.08985E+04
 4.52009E-04    9.71676E+04
 4.52050E-04    1.07311E+05
 4.52087E-04    1.17272E+05
 4.52123E-04    1.27407E+05
 4.52158E-04    1.38219E+05
 4.52193E-04    1.49703E+05
 4.52240E-04    1.66023E+05
 4.52288E-04    1.83923E+05
 4.52342E-04    2.05468E+05
 4.52415E-04    2.35786E+05
 4.52571E-04    3.03041E+05
 4.52628E-04    3.26813E+05
 4.52685E-04    3.49146E+05
 4.52743E-04    3.69408E+05
 4.52799E-04    3.86631E+05
 4.52853E-04    4.00500E+05
 4.52893E-04    4.08626E+05
 4.52932E-04    4.14644E+05
 4.52971E-04    4.18759E+05
 4.53021E-04    4.21164E+05
 4.53032E-04    4.21254E+05
 4.53077E-04    4.20023E+05
 4.53118E-04    4.16643E+05
 4.53155E-04    4.11691E+05
 4.53212E-04    4.01145E+05
 4.53265E-04    3.88089E+05
 4.53312E-04    3.74450E+05
 4.53374E-04    3.53645E+05
 4.53447E-04    3.26548E+05
 4.53562E-04    2.80703E+05
 4.53666E-04    2.38832E+05
 4.53738E-04    2.10930E+05
 4.53790E-04    1.92153E+05
 4.53842E-04    1.74531E+05
 4.53894E-04    1.58176E+05
 4.53943E-04    1.44049E+05
 4.53992E-04    1.31104E+05
 4.54024E-04    1.23126E+05
 4.54057E-04    1.15656E+05
 4.54089E-04    1.08683E+05
 4.54122E-04    1.02188E+05
 4.54165E-04    9.41994E+04
 4.54199E-04    8.86384E+04
 4.54232E-04    8.34993E+04
 4.54265E-04    7.87568E+04
 4.54298E-04    7.43851E+04
 4.54331E-04    7.03588E+04
 4.54375E-04    6.54840E+04
 4.54420E-04    6.11213E+04
 4.54464E-04    5.72167E+04
 4.54508E-04    5.37200E+04
 4.54557E-04    5.02810E+04
 4.54605E-04    4.72263E+04
 4.54654E-04    4.45061E+04
 4.54703E-04    4.20768E+04
 4.54752E-04    3.99001E+04
 4.54800E-04    3.79429E+04
 4.54833E-04    3.67459E+04
 4.54898E-04    3.45770E+04
 4.54963E-04    3.26669E+04
 4.55028E-04    3.09739E+04
 4.55093E-04    2.94641E+04
 4.55158E-04    2.81099E+04
 4.55223E-04    2.68890E+04
 4.55320E-04    2.52677E+04
 4.55418E-04    2.38560E+04
 4.55515E-04    2.26162E+04
 4.55595E-04    2.17108E+04
 4.55689E-04    2.07448E+04
 4.55784E-04    1.98772E+04
 4.55925E-04    1.87307E+04
 4.56066E-04    1.77377E+04
 4.56208E-04    1.68704E+04
 4.56372E-04    1.59925E+04
 4.56512E-04    1.53357E+04
 4.56651E-04    1.47488E+04
 4.56861E-04    1.39777E+04
 4.57071E-04    1.33141E+04
 4.57280E-04    1.27378E+04
 4.57539E-04    1.21241E+04
 4.57777E-04    1.16371E+04
 4.58015E-04    1.12105E+04
 4.58252E-04    1.08345E+04
 4.58501E-04    1.04876E+04
 4.58759E-04    1.01696E+04
 4.59052E-04    9.86042E+03
 4.59406E-04    9.55505E+03
 4.60322E-04    8.90046E+03
 4.60747E-04    8.59340E+03
 4.60996E-04    8.43967E+03
 4.61437E-04    8.21347E+03
 4.62108E-04    7.93377E+03
 4.62970E-04    7.64178E+03
 4.63692E-04    7.43967E+03
 4.64560E-04    7.23477E+03
 4.65769E-04    7.00184E+03
 4.67120E-04    6.79355E+03
 4.68589E-04    6.61400E+03
 4.69117E-04    6.57578E+03
 4.69309E-04    6.57286E+03
 4.69724E-04    6.57808E+03
 4.70074E-04    6.55680E+03
 4.70998E-04    6.38751E+03
 4.71872E-04    6.29992E+03
 4.75924E-04    5.98158E+03
 4.76992E-04    5.87243E+03
 4.77556E-04    5.79299E+03
 4.78057E-04    5.69154E+03
 4.78371E-04    5.59798E+03
 4.78950E-04    5.36342E+03
 4.79090E-04    5.34162E+03
 4.79181E-04    5.35620E+03
 4.79273E-04    5.40363E+03
 4.79348E-04    5.47255E+03
 4.79423E-04    5.57193E+03
 4.79517E-04    5.74104E+03
 4.79611E-04    5.95776E+03
 4.79712E-04    6.23182E+03
 4.79965E-04    6.98714E+03
 4.80057E-04    7.22519E+03
 4.80130E-04    7.38123E+03
 4.80206E-04    7.50289E+03
 4.80295E-04    7.59217E+03
 4.80374E-04    7.62166E+03
 4.80388E-04    7.62213E+03
 4.80464E-04    7.60257E+03
 4.80526E-04    7.56113E+03
 4.80652E-04    7.42704E+03
 4.81003E-04    6.93462E+03
 4.81159E-04    6.75068E+03
 4.81316E-04    6.60831E+03
 4.81473E-04    6.50237E+03
 4.81708E-04    6.39188E+03
 4.81943E-04    6.31668E+03
 4.82413E-04    6.21754E+03
 4.83039E-04    6.13350E+03
 4.83888E-04    6.05793E+03
 4.85025E-04    5.98825E+03
 4.87608E-04    5.88484E+03
 4.89043E-04    5.85109E+03
 4.89832E-04    5.86267E+03
 4.90394E-04    5.83892E+03
 4.91186E-04    5.79287E+03
 4.95717E-04    5.70523E+03
 4.98053E-04    5.67538E+03
 4.98679E-04    5.68937E+03
 4.98949E-04    5.72817E+03
 4.99143E-04    5.78569E+03
 4.99338E-04    5.87308E+03
 4.99743E-04    6.08811E+03
 4.99899E-04    6.13621E+03
 5.00000E-04    6.14533E+03
 5.00156E-04    6.12219E+03
 5.00350E-04    6.04029E+03
 5.00701E-04    5.84236E+03
 5.00895E-04    5.75541E+03
 5.01129E-04    5.68957E+03
 5.01414E-04    5.65141E+03
 5.01995E-04    5.62731E+03
 5.07981E-04    5.55820E+03
 5.08991E-04    5.54912E+03
 5.10000E-04    5.54195E+03
 5.10000E-04    6.13329E+03
 5.17195E-04    6.12968E+03
 5.24492E-04    6.12603E+03
 5.31892E-04    6.12232E+03
 5.39396E-04    6.11855E+03
 5.40625E-04    6.11794E+03
 5.48252E-04    6.11432E+03
 5.55987E-04    6.11066E+03
 5.63831E-04    6.10694E+03
 5.71250E-04    6.10343E+03
 5.79309E-04    6.09981E+03
 5.87482E-04    6.09614E+03
 5.95771E-04    6.09242E+03
 6.01875E-04    6.08969E+03
 6.10366E-04    6.08607E+03
 6.18978E-04    6.08239E+03
 6.27710E-04    6.07867E+03
 6.32500E-04    6.07663E+03
 6.41423E-04    6.07309E+03
 6.50473E-04    6.06951E+03
 6.59650E-04    6.06587E+03
 6.68956E-04    6.06218E+03
 6.78394E-04    6.05844E+03
 6.87965E-04    6.05465E+03
 6.93750E-04    6.05235E+03
 7.00000E-04    6.05009E+03
 7.09876E-04    6.04652E+03
 7.19891E-04    6.04289E+03
 7.30047E-04    6.03922E+03
 7.40347E-04    6.03549E+03
 7.50792E-04    6.03171E+03
 7.55000E-04    6.03019E+03
 7.65652E-04    6.02665E+03
 7.76454E-04    6.02305E+03
 7.87408E-04    6.01941E+03
 7.98517E-04    6.01572E+03
 8.09783E-04    6.01197E+03
 8.16250E-04    6.00982E+03
 8.27766E-04    6.00628E+03
 8.39444E-04    6.00269E+03
 8.51287E-04    5.99905E+03
 8.63297E-04    5.99536E+03
 8.75477E-04    5.99162E+03
 8.77500E-04    5.99099E+03
 8.89880E-04    5.98746E+03
 9.00000E-04    5.98457E+03
 9.12697E-04    5.98095E+03
 9.25574E-04    5.97727E+03
 9.38632E-04    5.97355E+03
 9.38750E-04    5.97351E+03
 9.51994E-04    5.96999E+03
 9.65425E-04    5.96642E+03
 9.79045E-04    5.96279E+03
 9.92858E-04    5.95912E+03
 1.00000E-03    5.95722E+03
 1.01411E-03    5.95370E+03
 1.02842E-03    5.95014E+03
 1.04292E-03    5.94653E+03
 1.05764E-03    5.94287E+03
 1.06250E-03    5.94166E+03
 1.07749E-03    5.93816E+03
 1.09269E-03    5.93462E+03
 1.10811E-03    5.93102E+03
 1.12374E-03    5.92737E+03
 1.12500E-03    5.92708E+03
 1.14087E-03    5.92359E+03
 1.15697E-03    5.92006E+03
 1.17329E-03    5.91648E+03
 1.18750E-03    5.91336E+03
 1.20425E-03    5.90989E+03
 1.22124E-03    5.90637E+03
 1.23847E-03    5.90281E+03
 1.25000E-03    5.90042E+03
 1.26764E-03    5.89706E+03
 1.28552E-03    5.89366E+03
 1.30366E-03    5.89020E+03
 1.32205E-03    5.88670E+03
 1.34070E-03    5.88315E+03
 1.35961E-03    5.87954E+03
 1.37500E-03    5.87661E+03
 1.39440E-03    5.87328E+03
 1.41407E-03    5.86991E+03
 1.43402E-03    5.86648E+03
 1.45425E-03    5.86301E+03
 1.47477E-03    5.85949E+03
 1.49558E-03    5.85592E+03
 1.50000E-03    5.85516E+03
 1.52116E-03    5.85187E+03
 1.54262E-03    5.84853E+03
 1.56439E-03    5.84515E+03
 1.58646E-03    5.84171E+03
 1.60884E-03    5.83823E+03
 1.62500E-03    5.83572E+03
 1.64793E-03    5.83246E+03
 1.67118E-03    5.82917E+03
 1.69475E-03    5.82582E+03
 1.71866E-03    5.82243E+03
 1.74291E-03    5.81899E+03
 1.75000E-03    5.81798E+03
 1.77469E-03    5.81477E+03
 1.79973E-03    5.81152E+03
 1.82512E-03    5.80822E+03
 1.85087E-03    5.80487E+03
 1.87500E-03    5.80173E+03
 1.90145E-03    5.79857E+03
 1.92828E-03    5.79536E+03
 1.95548E-03    5.79211E+03
 1.98307E-03    5.78881E+03
 2.00000E-03    5.78678E+03
 2.02822E-03    5.78367E+03
 2.05683E-03    5.78051E+03
 2.08585E-03    5.77731E+03
 2.11528E-03    5.77406E+03
 2.12500E-03    5.77299E+03
 2.15498E-03    5.76992E+03
 2.18538E-03    5.76681E+03
 2.21621E-03    5.76366E+03
 2.24748E-03    5.76047E+03
 2.25000E-03    5.76021E+03
 2.28174E-03    5.75730E+03
 2.31393E-03    5.75436E+03
 2.34658E-03    5.75137E+03
 2.37969E-03    5.74834E+03
 2.41326E-03    5.74527E+03
 2.44731E-03    5.74215E+03
 2.48183E-03    5.73899E+03
 2.50000E-03    5.73733E+03
 2.53527E-03    5.73452E+03
 2.57104E-03    5.73168E+03
 2.60731E-03    5.72880E+03
 2.64410E-03    5.72587E+03
 2.68140E-03    5.72291E+03
 2.71923E-03    5.71990E+03
 2.75000E-03    5.71746E+03
 2.78880E-03    5.71476E+03
 2.82814E-03    5.71203E+03
 2.86804E-03    5.70926E+03
 2.90851E-03    5.70645E+03
 2.94954E-03    5.70360E+03
 2.99115E-03    5.70071E+03
 3.00000E-03    5.70010E+03
 3.04232E-03    5.69752E+03
 3.08525E-03    5.69490E+03
 3.12877E-03    5.69225E+03
 3.17291E-03    5.68956E+03
 3.21768E-03    5.68684E+03
 3.25000E-03    5.68487E+03
 3.29585E-03    5.68241E+03
 3.34235E-03    5.67992E+03
 3.38950E-03    5.67739E+03
 3.43732E-03    5.67483E+03
 3.48582E-03    5.67223E+03
 3.50000E-03    5.67147E+03
 3.54938E-03    5.66914E+03
 3.59945E-03    5.66677E+03
 3.65024E-03    5.66437E+03
 3.70173E-03    5.66194E+03
 3.75000E-03    5.65966E+03
 3.80291E-03    5.65745E+03
 3.85656E-03    5.65521E+03
 3.91097E-03    5.65295E+03
 3.96614E-03    5.65065E+03
 4.00000E-03    5.64923E+03
 4.05643E-03    5.64728E+03
 4.11366E-03    5.64530E+03
 4.17170E-03    5.64330E+03
 4.23055E-03    5.64126E+03
 4.29024E-03    5.63920E+03
 4.35077E-03    5.63710E+03
 4.41215E-03    5.63498E+03
 4.47439E-03    5.63283E+03
 4.50000E-03    5.63194E+03
 4.56349E-03    5.63025E+03
 4.62787E-03    5.62853E+03
 4.69316E-03    5.62678E+03
 4.74199E-03    5.62548E+03
 4.80889E-03    5.62369E+03
 4.87674E-03    5.62188E+03
 4.94554E-03    5.62004E+03
 5.00000E-03    5.61859E+03
 5.07054E-03    5.61715E+03
 5.14208E-03    5.61570E+03
 5.21462E-03    5.61422E+03
 5.28819E-03    5.61273E+03
 5.36280E-03    5.61121E+03
 5.43846E-03    5.60968E+03
 5.50000E-03    5.60842E+03
 5.57759E-03    5.60726E+03
 5.65629E-03    5.60607E+03
 5.73609E-03    5.60487E+03
 5.81701E-03    5.60366E+03
 5.89908E-03    5.60242E+03
 5.98230E-03    5.60117E+03
 6.00000E-03    5.60090E+03
 6.08465E-03    5.60001E+03
 6.17049E-03    5.59909E+03
 6.25755E-03    5.59817E+03
 6.34583E-03    5.59723E+03
 6.43536E-03    5.59628E+03
 6.50000E-03    5.59560E+03
 6.59170E-03    5.59497E+03
 6.68470E-03    5.59433E+03
 6.77901E-03    5.59368E+03
 6.87465E-03    5.59302E+03
 6.97164E-03    5.59235E+03
 7.00000E-03    5.59216E+03
 7.09876E-03    5.59193E+03
 7.19891E-03    5.59170E+03
 7.30047E-03    5.59146E+03
 7.40347E-03    5.59122E+03
 7.50792E-03    5.59098E+03
 7.61384E-03    5.59073E+03
 7.72126E-03    5.59048E+03
 7.83019E-03    5.59023E+03
 7.94066E-03    5.58997E+03
 8.00000E-03    5.58983E+03
 8.11287E-03    5.59011E+03
 8.22732E-03    5.59039E+03
 8.34340E-03    5.59067E+03
 8.46111E-03    5.59096E+03
 8.58048E-03    5.59125E+03
 8.70153E-03    5.59154E+03
 8.82430E-03    5.59184E+03
 8.94879E-03    5.59214E+03
 9.00000E-03    5.59227E+03
 9.12697E-03    5.59303E+03
 9.25574E-03    5.59380E+03
 9.38632E-03    5.59459E+03
 9.51875E-03    5.59539E+03
 9.65304E-03    5.59619E+03
 9.78922E-03    5.59701E+03
 9.92733E-03    5.59784E+03
 1.00000E-02    5.59828E+03
 1.01411E-02    5.59966E+03
 1.02842E-02    5.60106E+03
 1.04292E-02    5.60248E+03
 1.05764E-02    5.60392E+03
 1.07256E-02    5.60539E+03
 1.08769E-02    5.60687E+03
 1.10304E-02    5.60837E+03
 1.11860E-02    5.60989E+03
 1.13438E-02    5.61144E+03
 1.15038E-02    5.61301E+03
 1.16661E-02    5.61459E+03
 1.18307E-02    5.61621E+03
 1.19976E-02    5.61784E+03
 1.20000E-02    5.61786E+03
 1.21693E-02    5.61997E+03
 1.23410E-02    5.62211E+03
 1.25151E-02    5.62428E+03
 1.26917E-02    5.62647E+03
 1.28707E-02    5.62870E+03
 1.30000E-02    5.63031E+03
 1.31834E-02    5.63277E+03
 1.33694E-02    5.63527E+03
 1.35000E-02    5.63702E+03
 1.36905E-02    5.63968E+03
 1.38836E-02    5.64238E+03
 1.40000E-02    5.64400E+03
 1.41975E-02    5.64696E+03
 1.43978E-02    5.64996E+03
 1.46009E-02    5.65301E+03
 1.48069E-02    5.65610E+03
 1.50158E-02    5.65923E+03
 1.52277E-02    5.66241E+03
 1.54425E-02    5.66563E+03
 1.56604E-02    5.66889E+03
 1.58813E-02    5.67221E+03
 1.60000E-02    5.67399E+03
 1.62257E-02    5.67761E+03
 1.64546E-02    5.68129E+03
 1.66868E-02    5.68502E+03
 1.69222E-02    5.68881E+03
 1.71610E-02    5.69265E+03
 1.74031E-02    5.69654E+03
 1.76486E-02    5.70048E+03
 1.78379E-02    5.70353E+03
 1.80000E-02    5.70613E+03
 1.82539E-02    5.71037E+03
 1.85115E-02    5.71468E+03
 1.87726E-02    5.71904E+03
 1.90375E-02    5.72346E+03
 1.93061E-02    5.72795E+03
 1.95784E-02    5.73250E+03
 1.98547E-02    5.73712E+03
 2.00000E-02    5.73954E+03
 2.02822E-02    5.74426E+03
 2.05683E-02    5.74904E+03
 2.08585E-02    5.75389E+03
 2.11528E-02    5.75880E+03
 2.14512E-02    5.76379E+03
 2.17538E-02    5.76885E+03
 2.20000E-02    5.77296E+03
 2.23104E-02    5.77813E+03
 2.26251E-02    5.78337E+03
 2.29443E-02    5.78868E+03
 2.32680E-02    5.79407E+03
 2.35963E-02    5.79954E+03
 2.39292E-02    5.80508E+03
 2.42668E-02    5.81071E+03
 2.46092E-02    5.81641E+03
 2.49564E-02    5.82219E+03
 2.53085E-02    5.82805E+03
 2.56655E-02    5.83400E+03
 2.60000E-02    5.83957E+03
 2.63668E-02    5.84546E+03
 2.67388E-02    5.85143E+03
 2.71160E-02    5.85749E+03
 2.74986E-02    5.86364E+03
 2.78866E-02    5.86987E+03
 2.82800E-02    5.87619E+03
 2.86790E-02    5.88260E+03
 2.90836E-02    5.88910E+03
 2.94939E-02    5.89569E+03
 2.99100E-02    5.90237E+03
 3.00000E-02    5.90382E+03
 3.04232E-02    5.91027E+03
 3.08525E-02    5.91681E+03
 3.12877E-02    5.92345E+03
 3.17292E-02    5.93018E+03
 3.21768E-02    5.93701E+03
 3.26307E-02    5.94393E+03
 3.30911E-02    5.95095E+03
 3.35580E-02    5.95807E+03
 3.40000E-02    5.96481E+03
 3.44797E-02    5.97170E+03
 3.49661E-02    5.97868E+03
 3.54594E-02    5.98576E+03
 3.59597E-02    5.99295E+03
 3.64670E-02    6.00023E+03
 3.69815E-02    6.00762E+03
 3.75033E-02    6.01511E+03
 3.80000E-02    6.02224E+03
 3.85361E-02    6.02946E+03
 3.90798E-02    6.03678E+03
 3.96311E-02    6.04421E+03
 4.01903E-02    6.05174E+03
 4.07573E-02    6.05937E+03
 4.13323E-02    6.06711E+03
 4.19154E-02    6.07497E+03
 4.20000E-02    6.07611E+03
 4.25925E-02    6.08357E+03
 4.31934E-02    6.09115E+03
 4.38028E-02    6.09883E+03
 4.44208E-02    6.10662E+03
 4.50475E-02    6.11452E+03
 4.56830E-02    6.12253E+03
 4.60000E-02    6.12652E+03
 4.66490E-02    6.13417E+03
 4.73071E-02    6.14193E+03
 4.75208E-02    6.14445E+03
 4.81912E-02    6.15236E+03
 4.88711E-02    6.16037E+03
 4.95606E-02    6.16850E+03
 5.00000E-02    6.17368E+03
 5.07054E-02    6.18146E+03
 5.14208E-02    6.18935E+03
 5.21462E-02    6.19735E+03
 5.28819E-02    6.20546E+03
 5.36280E-02    6.21369E+03
 5.40000E-02    6.21779E+03
 5.47618E-02    6.22566E+03
 5.55344E-02    6.23363E+03
 5.63179E-02    6.24172E+03
 5.71125E-02    6.24992E+03
 5.79182E-02    6.25823E+03
 5.80000E-02    6.25908E+03
 5.88183E-02    6.26699E+03
 5.96481E-02    6.27501E+03
 6.04896E-02    6.28314E+03
 6.13430E-02    6.29139E+03
 6.20000E-02    6.29774E+03
 6.28747E-02    6.30567E+03
 6.37618E-02    6.31371E+03
 6.46613E-02    6.32186E+03
 6.55736E-02    6.33012E+03
 6.60000E-02    6.33398E+03
 6.69311E-02    6.34190E+03
 6.78754E-02    6.34993E+03
 6.88330E-02    6.35807E+03
 6.98041E-02    6.36632E+03
 7.00000E-02    6.36799E+03
 7.09876E-02    6.37587E+03
 7.19891E-02    6.38387E+03
 7.30047E-02    6.39197E+03
 7.40000E-02    6.39992E+03
 7.50440E-02    6.40775E+03
 7.61027E-02    6.41569E+03
 7.71764E-02    6.42374E+03
 7.80814E-02    6.43052E+03
 7.80900E-02    6.43059E+03
 7.80900E-02    6.43031E+03
 1.00000E-01    6.42015E+03
 2.50253E-01    6.48019E+03
 4.13431E-01    6.53870E+03
 5.35169E-01    6.29800E+03
 7.04938E-01    5.93599E+03
 1.03000E+00    5.53342E+03
 1.13500E+00    5.32307E+03
 1.22551E+00    5.17065E+03
 1.25945E+00    5.11921E+03
 1.30000E+00    5.02365E+03
 1.33513E+00    4.97605E+03
 1.38773E+00    4.87692E+03
 1.49298E+00    4.64951E+03
 1.55000E+00    4.54301E+03
 1.58135E+00    4.49100E+03
 1.65591E+00    4.36201E+03
 1.82539E+00    4.07438E+03
 1.95879E+00    3.86065E+03
 2.01000E+00    3.78075E+03
 2.02000E+00    3.72103E+03
 2.11481E+00    3.57711E+03
 2.50000E+00    3.04769E+03
 2.71905E+00    2.79064E+03
 2.94091E+00    2.56282E+03
 3.00000E+00    2.50572E+03
 3.50000E+00    2.11373E+03
 4.00000E+00    1.85554E+03
 5.00000E+00    1.64199E+03
 6.04232E+00    1.80900E+03
 7.04938E+00    1.94296E+03
 7.86627E+00    2.07361E+03
 8.40225E+00    2.15043E+03
 9.12697E+00    2.25533E+03
 1.00000E+01    2.36677E+03
 1.01411E+01    2.38038E+03
 1.02842E+01    2.39418E+03
 1.04292E+01    2.40818E+03
 1.05764E+01    2.42237E+03
 1.07256E+01    2.43676E+03
 1.08769E+01    2.45136E+03
 1.10000E+01    2.46323E+03
 1.11552E+01    2.47274E+03
 1.13126E+01    2.48239E+03
 1.14722E+01    2.49218E+03
 1.16340E+01    2.50210E+03
 1.17982E+01    2.51216E+03
 1.19646E+01    2.52237E+03
 1.20000E+01    2.52454E+03
 1.21693E+01    2.52888E+03
 1.23410E+01    2.53328E+03
 1.25151E+01    2.53775E+03
 1.26917E+01    2.54228E+03
 1.28707E+01    2.54687E+03
 1.30000E+01    2.55019E+03
 1.31834E+01    2.54903E+03
 1.33694E+01    2.54786E+03
 1.35580E+01    2.54667E+03
 1.37493E+01    2.54547E+03
 1.39433E+01    2.54425E+03
 1.40000E+01    2.54389E+03
 1.41975E+01    2.53711E+03
 1.43978E+01    2.53023E+03
 1.46009E+01    2.52326E+03
 1.48069E+01    2.51619E+03
 1.50000E+01    2.50956E+03
 1.52116E+01    2.49764E+03
 1.54262E+01    2.48556E+03
 1.54377E+01    2.48492E+03
 1.56555E+01    2.47266E+03
 1.58764E+01    2.46022E+03
 1.60000E+01    2.45326E+03
 1.62257E+01    2.43687E+03
 1.64546E+01    2.42025E+03
 1.66868E+01    2.40339E+03
 1.69222E+01    2.38629E+03
 1.70000E+01    2.38064E+03
 1.72398E+01    2.36024E+03
 1.74831E+01    2.33955E+03
 1.77297E+01    2.31857E+03
 1.79799E+01    2.29730E+03
 1.80000E+01    2.29558E+03
 1.82539E+01    2.27323E+03
 1.85115E+01    2.25056E+03
 1.86935E+01    2.23454E+03
 1.89572E+01    2.20985E+03
 1.90000E+01    2.20584E+03
 1.92681E+01    2.18176E+03
 1.95399E+01    2.15734E+03
 1.98156E+01    2.13258E+03
 2.00000E+01    2.11601E+03
