# n + Sn113 : (n,xa)    
# jeff3.3    Herman,Oblozinsky,Mughabghab      EVAL-MAR06
# 
# # energies =   100
#   E(MeV)        xs(mb) 
 7.80814E-02    1.07262E-01
 1.00000E-01    9.36214E-02
 2.00000E-01    7.41917E-02
 2.60000E-01    7.32704E-02
 4.13431E-01    7.60619E-02
 5.00000E-01    7.76368E-02
 5.02459E-01    7.76134E-02
 7.00000E-01    7.57395E-02
 7.44997E-01    8.14350E-02
 9.90000E-01    1.12446E-01
 1.00000E+00    1.13712E-01
 1.01000E+00    1.15553E-01
 1.02000E+00    1.17394E-01
 1.02227E+00    1.17689E-01
 1.02719E+00    1.18331E-01
 1.03000E+00    1.18697E-01
 1.04000E+00    1.19319E-01
 1.05000E+00    1.19941E-01
 1.05131E+00    1.19974E-01
 1.06000E+00    1.20198E-01
 1.07000E+00    1.20455E-01
 1.08000E+00    1.21080E-01
 1.09000E+00    1.21705E-01
 1.10000E+00    1.22372E-01
 1.11000E+00    1.23080E-01
 1.13000E+00    1.24994E-01
 1.14000E+00    1.25951E-01
 1.15000E+00    1.27028E-01
 1.15018E+00    1.27050E-01
 1.16000E+00    1.28226E-01
 1.17000E+00    1.29423E-01
 1.20000E+00    1.33015E-01
 1.25945E+00    1.41620E-01
 1.29464E+00    1.46714E-01
 1.30000E+00    1.47490E-01
 1.31464E+00    1.48543E-01
 1.32578E+00    1.49344E-01
 1.36842E+00    1.52410E-01
 1.48596E+00    1.60863E-01
 1.50000E+00    1.61873E-01
 1.55000E+00    1.69254E-01
 1.55275E+00    1.69660E-01
 1.55467E+00    1.69943E-01
 1.57027E+00    1.72387E-01
 1.60000E+00    1.77222E-01
 1.63000E+00    1.82102E-01
 1.65000E+00    1.85493E-01
 1.65092E+00    1.85625E-01
 1.66089E+00    1.87062E-01
 1.66651E+00    1.87871E-01
 1.69000E+00    1.91256E-01
 1.70000E+00    1.92697E-01
 1.74737E+00    1.99509E-01
 1.75000E+00    1.99886E-01
 1.75952E+00    2.01253E-01
 1.79792E+00    2.06200E-01
 1.80000E+00    2.06465E-01
 1.83727E+00    2.11976E-01
 1.84736E+00    2.13468E-01
 1.85000E+00    2.13858E-01
 1.88358E+00    2.18773E-01
 1.90000E+00    2.21092E-01
 1.92474E+00    2.25357E-01
 1.92595E+00    2.25566E-01
 1.95000E+00    2.29712E-01
 1.95360E+00    2.30446E-01
 1.96399E+00    2.32565E-01
 1.97045E+00    2.33882E-01
 1.97450E+00    2.34708E-01
 2.00000E+00    2.39908E-01
 2.01000E+00    2.41947E-01
 2.02000E+00    2.43987E-01
 2.04000E+00    2.49038E-01
 2.06000E+00    2.54089E-01
 2.08000E+00    2.56314E-01
 2.10000E+00    2.61999E-01
 2.50000E+00    3.60435E-01
 2.60000E+00    3.85436E-01
 2.70000E+00    4.10883E-01
 2.80000E+00    4.36330E-01
 2.90000E+00    4.84881E-01
 3.00000E+00    5.09199E-01
 3.50000E+00    6.48974E-01
 4.00000E+00    7.73313E-01
 5.00000E+00    9.54498E-01
 6.00000E+00    1.09199E+00
 7.00000E+00    1.54854E+00
 8.00000E+00    2.53108E+00
 9.00000E+00    4.43470E+00
 1.00000E+01    7.93289E+00
 1.10000E+01    1.35387E+01
 1.20000E+01    2.16200E+01
 1.30000E+01    3.24294E+01
 1.40000E+01    4.51098E+01
 1.50000E+01    5.97371E+01
 1.60000E+01    7.47444E+01
 1.70000E+01    9.00351E+01
 1.80000E+01    1.04322E+02
 1.90000E+01    1.16302E+02
 2.00000E+01    1.27451E+02
