# n + Sn113 : (n,n')    
# jeff3.3    Herman,Oblozinsky,Mughabghab      EVAL-MAR06
# uncertainties: n
# # energies =   100
#   E(MeV)       xs(mb) 
 7.80814E-02    0.00000E+00
 1.00000E-01    6.80917E+01
 2.00000E-01    1.76541E+02
 2.60000E-01    2.06704E+02
 4.13431E-01    2.32594E+02
 5.00000E-01    4.47648E+02
 5.02459E-01    4.48832E+02
 7.00000E-01    8.77036E+02
 7.44997E-01    9.00349E+02
 9.90000E-01    1.02953E+03
 1.00000E+00    1.03492E+03
 1.01000E+00    1.03829E+03
 1.02000E+00    1.04166E+03
 1.02227E+00    1.04099E+03
 1.02719E+00    1.04460E+03
 1.03000E+00    1.04958E+03
 1.04000E+00    1.06129E+03
 1.05000E+00    1.07178E+03
 1.05131E+00    1.07250E+03
 1.06000E+00    1.08556E+03
 1.07000E+00    1.09877E+03
 1.08000E+00    1.11043E+03
 1.09000E+00    1.12271E+03
 1.10000E+00    1.13379E+03
 1.11000E+00    1.14358E+03
 1.13000E+00    1.16284E+03
 1.14000E+00    1.17085E+03
 1.15000E+00    1.17849E+03
 1.15018E+00    1.17859E+03
 1.16000E+00    1.18746E+03
 1.17000E+00    1.19624E+03
 1.20000E+00    1.21894E+03
 1.25945E+00    1.24089E+03
 1.29464E+00    1.28076E+03
 1.30000E+00    1.28999E+03
 1.31464E+00    1.28949E+03
 1.32578E+00    1.29266E+03
 1.36842E+00    1.31946E+03
 1.48596E+00    1.43974E+03
 1.50000E+00    1.45961E+03
 1.55000E+00    1.48604E+03
 1.55275E+00    1.48628E+03
 1.55467E+00    1.48681E+03
 1.57027E+00    1.49126E+03
 1.60000E+00    1.51192E+03
 1.63000E+00    1.52629E+03
 1.65000E+00    1.53414E+03
 1.65092E+00    1.53395E+03
 1.66089E+00    1.53478E+03
 1.66651E+00    1.53685E+03
 1.69000E+00    1.55366E+03
 1.70000E+00    1.55862E+03
 1.74737E+00    1.57812E+03
 1.75000E+00    1.58013E+03
 1.75952E+00    1.58212E+03
 1.79792E+00    1.60089E+03
 1.80000E+00    1.60206E+03
 1.83727E+00    1.61422E+03
 1.84736E+00    1.61945E+03
 1.85000E+00    1.62134E+03
 1.88358E+00    1.63133E+03
 1.90000E+00    1.63959E+03
 1.92474E+00    1.64482E+03
 1.92595E+00    1.64507E+03
 1.95000E+00    1.65473E+03
 1.95360E+00    1.65489E+03
 1.96399E+00    1.65669E+03
 1.97045E+00    1.65794E+03
 1.97450E+00    1.65875E+03
 2.00000E+00    1.66831E+03
 2.01000E+00    1.67085E+03
 2.02000E+00    1.71803E+03
 2.04000E+00    1.72404E+03
 2.06000E+00    1.72810E+03
 2.08000E+00    1.73616E+03
 2.10000E+00    1.74045E+03
 2.50000E+00    1.83669E+03
 2.60000E+00    1.85739E+03
 2.70000E+00    1.87784E+03
 2.80000E+00    1.89773E+03
 2.90000E+00    1.91099E+03
 3.00000E+00    1.93130E+03
 3.50000E+00    2.03131E+03
 4.00000E+00    2.13303E+03
 5.00000E+00    2.26979E+03
 6.00000E+00    2.13724E+03
 7.00000E+00    2.06912E+03
 8.00000E+00    1.99984E+03
 9.00000E+00    1.82120E+03
 1.00000E+01    1.62409E+03
 1.10000E+01    1.39470E+03
 1.20000E+01    1.10684E+03
 1.30000E+01    8.39956E+02
 1.40000E+01    6.22347E+02
 1.50000E+01    4.52923E+02
 1.60000E+01    3.30129E+02
 1.70000E+01    2.51648E+02
 1.80000E+01    1.98672E+02
 1.90000E+01    1.65356E+02
 2.00000E+01    1.46180E+02
