# n + Sn113 : (n,n'02)  
# jeff3.3    Herman,Oblozinsky,Mughabghab      EVAL-MAR06
# uncertainties: n
# # energies =    49
#   E(MeV)       xs(mb) 
 4.13431E-01    0.00000E+00
 5.00000E-01    2.00447E+02
 7.00000E-01    3.07158E+02
 1.00000E+00    3.54246E+02
 1.02000E+00    3.56650E+02
 1.03000E+00    3.55499E+02
 1.05000E+00    3.49595E+02
 1.08000E+00    3.36921E+02
 1.11000E+00    3.26549E+02
 1.14000E+00    3.19034E+02
 1.16000E+00    3.14280E+02
 1.20000E+00    3.04970E+02
 1.30000E+00    2.87395E+02
 1.50000E+00    2.34685E+02
 1.60000E+00    2.17127E+02
 1.65000E+00    2.09366E+02
 1.70000E+00    1.99720E+02
 1.80000E+00    1.82382E+02
 1.85000E+00    1.74480E+02
 1.95000E+00    1.60053E+02
 2.01000E+00    1.51949E+02
 2.02000E+00    1.51054E+02
 2.06000E+00    1.46604E+02
 2.08000E+00    1.42741E+02
 2.10000E+00    1.40912E+02
 2.50000E+00    9.30037E+01
 2.60000E+00    8.25735E+01
 2.70000E+00    7.29873E+01
 2.80000E+00    6.42801E+01
 2.90000E+00    5.92547E+01
 3.00000E+00    5.17049E+01
 3.50000E+00    2.65518E+01
 4.00000E+00    1.34384E+01
 5.00000E+00    3.64336E+00
 6.00000E+00    1.40552E+00
 7.00000E+00    9.08388E-01
 8.00000E+00    7.63167E-01
 9.00000E+00    6.77129E-01
 1.00000E+01    6.26971E-01
 1.10000E+01    5.73492E-01
 1.20000E+01    5.37288E-01
 1.30000E+01    5.09603E-01
 1.40000E+01    4.94494E-01
 1.50000E+01    4.77035E-01
 1.60000E+01    4.44278E-01
 1.70000E+01    4.28922E-01
 1.80000E+01    4.29171E-01
 1.90000E+01    4.17371E-01
 2.00000E+01    4.19973E-01
