# n + Sn113 : (n,n'03)  
# jeff3.3    Herman,Oblozinsky,Mughabghab      EVAL-MAR06
# uncertainties: n
# # energies =    50
#   E(MeV)       xs(mb) 
 5.02459E-01    0.00000E+00
 7.00000E-01    3.33070E+02
 1.00000E+00    3.94677E+02
 1.02000E+00    3.95483E+02
 1.03000E+00    3.93862E+02
 1.05000E+00    3.87618E+02
 1.08000E+00    3.75007E+02
 1.11000E+00    3.64091E+02
 1.16000E+00    3.49324E+02
 1.20000E+00    3.38702E+02
 1.30000E+00    3.14300E+02
 1.50000E+00    2.45880E+02
 1.60000E+00    2.23802E+02
 1.63000E+00    2.17601E+02
 1.65000E+00    2.13843E+02
 1.70000E+00    2.02341E+02
 1.75000E+00    1.91964E+02
 1.80000E+00    1.81109E+02
 1.85000E+00    1.71454E+02
 1.90000E+00    1.62254E+02
 1.95000E+00    1.53919E+02
 2.01000E+00    1.45144E+02
 2.02000E+00    1.44221E+02
 2.06000E+00    1.39417E+02
 2.08000E+00    1.35608E+02
 2.10000E+00    1.33599E+02
 2.50000E+00    8.62634E+01
 2.60000E+00    7.62853E+01
 2.70000E+00    6.71580E+01
 2.80000E+00    5.89025E+01
 2.90000E+00    5.39817E+01
 3.00000E+00    4.69104E+01
 3.50000E+00    2.35134E+01
 4.00000E+00    1.16629E+01
 5.00000E+00    3.26166E+00
 6.00000E+00    1.43219E+00
 7.00000E+00    1.01630E+00
 8.00000E+00    8.87981E-01
 9.00000E+00    7.98217E-01
 1.00000E+01    7.42552E-01
 1.10000E+01    6.80410E-01
 1.20000E+01    6.37939E-01
 1.30000E+01    6.05274E-01
 1.40000E+01    5.87423E-01
 1.50000E+01    5.66728E-01
 1.60000E+01    5.27831E-01
 1.70000E+01    5.09597E-01
 1.80000E+01    5.09898E-01
 1.90000E+01    4.95882E-01
 2.00000E+01    4.98974E-01
