# n + Sn113 : (n,n'05)  
# jeff3.3    Herman,Oblozinsky,Mughabghab      EVAL-MAR06
# uncertainties: n
# # energies =    50
#   E(MeV)       xs(mb) 
 1.02227E+00    0.00000E+00
 1.03000E+00    7.96136E+00
 1.04000E+00    1.76393E+01
 1.05000E+00    2.67198E+01
 1.06000E+00    3.50499E+01
 1.07000E+00    4.28171E+01
 1.08000E+00    5.01100E+01
 1.09000E+00    5.69813E+01
 1.10000E+00    6.34754E+01
 1.11000E+00    6.93936E+01
 1.13000E+00    7.91138E+01
 1.15000E+00    8.80907E+01
 1.17000E+00    9.58740E+01
 1.20000E+00    1.05898E+02
 1.30000E+00    1.25402E+02
 1.50000E+00    1.24190E+02
 1.55000E+00    1.23072E+02
 1.65000E+00    1.19580E+02
 1.70000E+00    1.16350E+02
 1.80000E+00    1.10273E+02
 1.85000E+00    1.07401E+02
 2.01000E+00    9.86704E+01
 2.02000E+00    1.00114E+02
 2.06000E+00    9.84155E+01
 2.08000E+00    9.64882E+01
 2.10000E+00    9.58596E+01
 2.50000E+00    7.11693E+01
 2.60000E+00    6.48052E+01
 2.70000E+00    5.86440E+01
 2.80000E+00    5.28006E+01
 2.90000E+00    4.96480E+01
 3.00000E+00    4.42165E+01
 3.50000E+00    2.51360E+01
 4.00000E+00    1.45085E+01
 5.00000E+00    6.43542E+00
 6.00000E+00    4.66373E+00
 7.00000E+00    4.08565E+00
 8.00000E+00    3.82285E+00
 9.00000E+00    3.50682E+00
 1.00000E+01    3.28442E+00
 1.10000E+01    3.01682E+00
 1.20000E+01    2.83134E+00
 1.30000E+01    2.68753E+00
 1.40000E+01    2.60880E+00
 1.50000E+01    2.51712E+00
 1.60000E+01    2.34446E+00
 1.70000E+01    2.26353E+00
 1.80000E+01    2.26489E+00
 1.90000E+01    2.20265E+00
 2.00000E+01    2.21639E+00
