# n + Sn113 : (n,n'07)  
# jeff3.3    Herman,Oblozinsky,Mughabghab      EVAL-MAR06
# uncertainties: n
# # energies =    49
#   E(MeV)       xs(mb) 
 1.05131E+00    0.00000E+00
 1.06000E+00    8.27387E+00
 1.07000E+00    1.71392E+01
 1.08000E+00    2.54071E+01
 1.09000E+00    3.31565E+01
 1.10000E+00    4.04489E+01
 1.11000E+00    4.73479E+01
 1.13000E+00    6.02925E+01
 1.14000E+00    6.60327E+01
 1.15000E+00    7.08844E+01
 1.16000E+00    7.53178E+01
 1.17000E+00    7.95447E+01
 1.20000E+00    9.11637E+01
 1.30000E+00    1.15787E+02
 1.50000E+00    1.18986E+02
 1.55000E+00    1.18279E+02
 1.65000E+00    1.15526E+02
 1.70000E+00    1.12576E+02
 1.75000E+00    1.09906E+02
 1.80000E+00    1.06989E+02
 2.01000E+00    9.61664E+01
 2.02000E+00    9.79149E+01
 2.06000E+00    9.63553E+01
 2.08000E+00    9.45059E+01
 2.10000E+00    9.39135E+01
 2.50000E+00    7.03401E+01
 2.60000E+00    6.41861E+01
 2.70000E+00    5.82057E+01
 2.80000E+00    5.25160E+01
 2.90000E+00    4.94711E+01
 3.00000E+00    4.41494E+01
 3.50000E+00    2.54146E+01
 4.00000E+00    1.49253E+01
 5.00000E+00    6.94848E+00
 6.00000E+00    5.21730E+00
 7.00000E+00    4.62068E+00
 8.00000E+00    4.33738E+00
 9.00000E+00    3.98255E+00
 1.00000E+01    3.73116E+00
 1.10000E+01    3.42757E+00
 1.20000E+01    3.21699E+00
 1.30000E+01    3.05366E+00
 1.40000E+01    2.96422E+00
 1.50000E+01    2.86007E+00
 1.60000E+01    2.66389E+00
 1.70000E+01    2.57194E+00
 1.80000E+01    2.57349E+00
 1.90000E+01    2.50276E+00
 2.00000E+01    2.51838E+00
