# n + Sn113 : (n,n'09)  
# jeff3.3    Herman,Oblozinsky,Mughabghab      EVAL-MAR06
# uncertainties: n
# # energies =    38
#   E(MeV)       xs(mb) 
 1.25945E+00    0.00000E+00
 1.30000E+00    3.09808E+01
 1.50000E+00    9.39756E+01
 1.55000E+00    9.85642E+01
 1.60000E+00    1.00531E+02
 1.63000E+00    1.01126E+02
 1.65000E+00    1.01221E+02
 1.70000E+00    9.97552E+01
 1.75000E+00    9.78198E+01
 1.95000E+00    8.62344E+01
 2.01000E+00    8.32048E+01
 2.02000E+00    9.08055E+01
 2.06000E+00    8.95722E+01
 2.08000E+00    8.81312E+01
 2.10000E+00    8.76752E+01
 2.50000E+00    6.94797E+01
 2.70000E+00    5.98203E+01
 2.80000E+00    5.51486E+01
 2.90000E+00    5.29232E+01
 3.00000E+00    4.84676E+01
 3.50000E+00    3.28915E+01
 4.00000E+00    2.41437E+01
 5.00000E+00    1.79572E+01
 6.00000E+00    1.71513E+01
 7.00000E+00    1.61862E+01
 8.00000E+00    1.54737E+01
 9.00000E+00    1.42836E+01
 1.00000E+01    1.34061E+01
 1.10000E+01    1.23233E+01
 1.20000E+01    1.15694E+01
 1.30000E+01    1.09833E+01
 1.40000E+01    1.06623E+01
 1.50000E+01    1.02879E+01
 1.60000E+01    9.58238E+00
 1.70000E+01    9.25166E+00
 1.80000E+01    9.25728E+00
 1.90000E+01    9.00289E+00
 2.00000E+01    9.05908E+00
