# n + Sn113 : (n,n'11)  
# jeff3.3    Herman,Oblozinsky,Mughabghab      EVAL-MAR06
# uncertainties: n
# # energies =    38
#   E(MeV)       xs(mb) 
 1.31464E+00    0.00000E+00
 1.50000E+00    5.90027E+01
 1.55000E+00    6.38766E+01
 1.60000E+00    6.68143E+01
 1.65000E+00    6.79582E+01
 1.69000E+00    6.77705E+01
 1.75000E+00    6.64386E+01
 1.85000E+00    6.19899E+01
 1.90000E+00    5.92546E+01
 1.95000E+00    5.68177E+01
 2.02000E+00    5.40757E+01
 2.06000E+00    5.27919E+01
 2.08000E+00    5.16647E+01
 2.10000E+00    5.11298E+01
 2.50000E+00    3.65046E+01
 2.60000E+00    3.29913E+01
 2.70000E+00    2.96186E+01
 2.80000E+00    2.64266E+01
 2.90000E+00    2.45428E+01
 3.00000E+00    2.15963E+01
 3.50000E+00    1.10799E+01
 4.00000E+00    5.30256E+00
 5.00000E+00    1.16988E+00
 6.00000E+00    2.64746E-01
 7.00000E+00    7.09216E-02
 8.00000E+00    2.06323E-02
 9.00000E+00    6.61502E-03
 1.00000E+01    2.36620E-03
 1.10000E+01    9.30446E-04
 1.20000E+01    3.94365E-04
 1.30000E+01    1.76777E-04
 1.40000E+01    8.27091E-05
 1.50000E+01    3.99187E-05
 1.60000E+01    1.97606E-05
 1.70000E+01    9.94518E-06
 1.80000E+01    5.07398E-06
 1.90000E+01    2.61995E-06
 2.00000E+01    1.36705E-06
