# n + Sn113 : (n,p18)   
# jeff3.3    Herman,Oblozinsky,Mughabghab      EVAL-MAR06
# uncertainties: n
# # energies =    44
#   E(MeV)       xs(mb) 
 1.30000E+00    0.00000E+00
 1.50000E+00    7.55759E-06
 1.55000E+00    1.12257E-05
 1.60000E+00    1.63363E-05
 1.63000E+00    2.03260E-05
 1.65000E+00    2.34683E-05
 1.69000E+00    3.07067E-05
 1.70000E+00    3.27867E-05
 1.75000E+00    4.52823E-05
 1.80000E+00    6.16120E-05
 1.85000E+00    8.30625E-05
 1.90000E+00    1.11031E-04
 1.95000E+00    1.46469E-04
 2.00000E+00    1.90888E-04
 2.01000E+00    2.01038E-04
 2.02000E+00    2.11661E-04
 2.04000E+00    2.34621E-04
 2.06000E+00    2.59977E-04
 2.08000E+00    2.84183E-04
 2.10000E+00    3.14373E-04
 2.50000E+00    3.23545E-03
 2.60000E+00    4.40543E-03
 2.70000E+00    5.83687E-03
 2.80000E+00    8.44007E-03
 2.90000E+00    1.13035E-02
 3.00000E+00    1.40050E-02
 3.50000E+00    3.30998E-02
 4.00000E+00    5.34353E-02
 5.00000E+00    6.72681E-02
 6.00000E+00    4.61793E-02
 7.00000E+00    2.60941E-02
 8.00000E+00    1.27456E-02
 9.00000E+00    5.89530E-03
 1.00000E+01    2.73241E-03
 1.10000E+01    1.29061E-03
 1.20000E+01    6.24806E-04
 1.30000E+01    3.09652E-04
 1.40000E+01    1.56582E-04
 1.50000E+01    8.03049E-05
 1.60000E+01    4.17285E-05
 1.70000E+01    2.18641E-05
 1.80000E+01    1.15480E-05
 1.90000E+01    6.14614E-06
 2.00000E+01    3.29231E-06
