# n + Sn113 : (n,p20)   
# jeff3.3    Herman,Oblozinsky,Mughabghab      EVAL-MAR06
# uncertainties: n
# # energies =    44
#   E(MeV)       xs(mb) 
 1.30000E+00    0.00000E+00
 1.50000E+00    3.34207E-06
 1.55000E+00    5.05879E-06
 1.60000E+00    7.48735E-06
 1.63000E+00    9.42787E-06
 1.65000E+00    1.09757E-05
 1.69000E+00    1.46346E-05
 1.70000E+00    1.57022E-05
 1.75000E+00    2.22185E-05
 1.80000E+00    3.11681E-05
 1.85000E+00    4.30356E-05
 1.90000E+00    5.88230E-05
 1.95000E+00    7.94901E-05
 2.00000E+00    1.05727E-04
 2.01000E+00    1.11813E-04
 2.02000E+00    1.18211E-04
 2.04000E+00    1.32141E-04
 2.06000E+00    1.47584E-04
 2.08000E+00    1.61904E-04
 2.10000E+00    1.80541E-04
 2.50000E+00    1.75642E-03
 2.60000E+00    2.64703E-03
 2.70000E+00    3.57835E-03
 2.80000E+00    5.27711E-03
 2.90000E+00    7.41176E-03
 3.00000E+00    9.28631E-03
 3.50000E+00    2.33635E-02
 4.00000E+00    4.01589E-02
 5.00000E+00    5.47769E-02
 6.00000E+00    3.97217E-02
 7.00000E+00    2.36524E-02
 8.00000E+00    1.21280E-02
 9.00000E+00    5.84112E-03
 1.00000E+01    2.80005E-03
 1.10000E+01    1.36032E-03
 1.20000E+01    6.73713E-04
 1.30000E+01    3.39939E-04
 1.40000E+01    1.74389E-04
 1.50000E+01    9.05062E-05
 1.60000E+01    4.75032E-05
 1.70000E+01    2.51042E-05
 1.80000E+01    1.33594E-05
 1.90000E+01    7.15901E-06
 2.00000E+01    3.85967E-06
