# n + Sn113 : (n,p21)   
# jeff3.3    Herman,Oblozinsky,Mughabghab      EVAL-MAR06
# uncertainties: n
# # energies =    43
#   E(MeV)       xs(mb) 
 1.30000E+00    0.00000E+00
 1.50000E+00    7.67355E-06
 1.55000E+00    1.13521E-05
 1.60000E+00    1.64651E-05
 1.63000E+00    2.04252E-05
 1.65000E+00    2.35365E-05
 1.69000E+00    3.06929E-05
 1.70000E+00    3.27406E-05
 1.75000E+00    4.49822E-05
 1.80000E+00    6.04843E-05
 1.85000E+00    8.05828E-05
 1.90000E+00    1.06557E-04
 1.95000E+00    1.39986E-04
 2.00000E+00    1.82673E-04
 2.01000E+00    1.92439E-04
 2.02000E+00    2.02662E-04
 2.04000E+00    2.24755E-04
 2.06000E+00    2.49233E-04
 2.08000E+00    2.72938E-04
 2.10000E+00    3.02032E-04
 2.50000E+00    2.75537E-03
 2.70000E+00    5.49446E-03
 2.80000E+00    7.63429E-03
 2.90000E+00    1.04061E-02
 3.00000E+00    1.28700E-02
 3.50000E+00    2.98065E-02
 4.00000E+00    4.70867E-02
 5.00000E+00    5.79356E-02
 6.00000E+00    3.97195E-02
 7.00000E+00    2.22140E-02
 8.00000E+00    1.07094E-02
 9.00000E+00    4.87058E-03
 1.00000E+01    2.21558E-03
 1.10000E+01    1.02805E-03
 1.20000E+01    4.90055E-04
 1.30000E+01    2.39719E-04
 1.40000E+01    1.19898E-04
 1.50000E+01    6.09310E-05
 1.60000E+01    3.14217E-05
 1.70000E+01    1.63590E-05
 1.80000E+01    8.59304E-06
 1.90000E+01    4.55122E-06
 2.00000E+01    2.42722E-06
