# n + Sn113 : (n,p30)   
# jeff3.3    Herman,Oblozinsky,Mughabghab      EVAL-MAR06
# uncertainties: n
# # energies =    44
#   E(MeV)       xs(mb) 
 1.30000E+00    0.00000E+00
 1.50000E+00    9.03838E-09
 1.55000E+00    1.04787E-08
 1.60000E+00    2.89458E-07
 1.63000E+00    3.91998E-07
 1.65000E+00    4.78080E-07
 1.69000E+00    7.06600E-07
 1.70000E+00    7.77653E-07
 1.75000E+00    1.24482E-06
 1.80000E+00    1.96208E-06
 1.85000E+00    3.00413E-06
 1.90000E+00    4.54361E-06
 1.95000E+00    6.76736E-06
 2.00000E+00    9.79170E-06
 2.01000E+00    1.05242E-05
 2.02000E+00    1.13075E-05
 2.04000E+00    1.30389E-05
 2.06000E+00    1.50197E-05
 2.08000E+00    1.68983E-05
 2.10000E+00    1.94203E-05
 2.50000E+00    1.63777E-04
 2.60000E+00    2.49661E-04
 2.70000E+00    7.28875E-04
 2.80000E+00    1.10222E-03
 2.90000E+00    1.59183E-03
 3.00000E+00    2.43599E-03
 3.50000E+00    8.10890E-03
 4.00000E+00    1.68460E-02
 5.00000E+00    2.92659E-02
 6.00000E+00    2.44294E-02
 7.00000E+00    1.62802E-02
 8.00000E+00    9.13349E-03
 9.00000E+00    4.72561E-03
 1.00000E+01    2.39753E-03
 1.10000E+01    1.21740E-03
 1.20000E+01    6.24168E-04
 1.30000E+01    3.23830E-04
 1.40000E+01    1.69976E-04
 1.50000E+01    8.99216E-05
 1.60000E+01    4.79707E-05
 1.70000E+01    2.57119E-05
 1.80000E+01    1.38546E-05
 1.90000E+01    7.50752E-06
 2.00000E+01    4.08814E-06
