# n + Sn113 : (n,p31)   
# jeff3.3    Herman,Oblozinsky,Mughabghab      EVAL-MAR06
# uncertainties: n
# # energies =    43
#   E(MeV)       xs(mb) 
 1.30000E+00    0.00000E+00
 1.50000E+00    4.24990E-09
 1.60000E+00    4.68872E-07
 1.63000E+00    6.29154E-07
 1.65000E+00    7.62188E-07
 1.69000E+00    1.11295E-06
 1.70000E+00    1.21818E-06
 1.75000E+00    1.89740E-06
 1.80000E+00    2.91305E-06
 1.85000E+00    4.36510E-06
 1.90000E+00    6.45455E-06
 1.95000E+00    9.38657E-06
 2.00000E+00    1.32751E-05
 2.01000E+00    1.42021E-05
 2.02000E+00    1.51880E-05
 2.04000E+00    1.73557E-05
 2.06000E+00    1.98146E-05
 2.08000E+00    2.21536E-05
 2.10000E+00    2.52285E-05
 2.50000E+00    1.82597E-04
 2.60000E+00    2.68251E-04
 2.70000E+00    7.46886E-04
 2.80000E+00    1.13828E-03
 2.90000E+00    1.64551E-03
 3.00000E+00    2.43114E-03
 3.50000E+00    8.17542E-03
 4.00000E+00    1.71934E-02
 5.00000E+00    3.05441E-02
 6.00000E+00    2.55750E-02
 7.00000E+00    1.67876E-02
 8.00000E+00    9.24617E-03
 9.00000E+00    4.73312E-03
 1.00000E+01    2.39091E-03
 1.10000E+01    1.21173E-03
 1.20000E+01    6.20981E-04
 1.30000E+01    3.22494E-04
 1.40000E+01    1.69567E-04
 1.50000E+01    8.98479E-05
 1.60000E+01    4.79843E-05
 1.70000E+01    2.57367E-05
 1.80000E+01    1.38732E-05
 1.90000E+01    7.51833E-06
 2.00000E+01    4.09326E-06
