# n + Sn113 : (n,p36)   
# jeff3.3    Herman,Oblozinsky,Mughabghab      EVAL-MAR06
# uncertainties: n
# # energies =    37
#   E(MeV)       xs(mb) 
 1.65000E+00    0.00000E+00
 1.69000E+00    7.46710E-07
 1.70000E+00    8.22153E-07
 1.75000E+00    1.43693E-06
 1.80000E+00    2.27222E-06
 1.85000E+00    3.51622E-06
 1.90000E+00    5.35817E-06
 1.95000E+00    7.99300E-06
 2.00000E+00    1.16163E-05
 2.01000E+00    1.24929E-05
 2.02000E+00    1.34300E-05
 2.04000E+00    1.55044E-05
 2.08000E+00    2.02554E-05
 2.10000E+00    2.32819E-05
 2.50000E+00    2.03285E-04
 2.60000E+00    3.09546E-04
 2.70000E+00    4.53634E-04
 2.90000E+00    1.87352E-03
 3.00000E+00    2.50968E-03
 3.50000E+00    9.23641E-03
 4.00000E+00    1.94801E-02
 5.00000E+00    3.49049E-02
 6.00000E+00    2.96977E-02
 7.00000E+00    1.94682E-02
 8.00000E+00    1.05396E-02
 9.00000E+00    5.25292E-03
 1.00000E+01    2.57891E-03
 1.10000E+01    1.27374E-03
 1.20000E+01    6.38441E-04
 1.30000E+01    3.25286E-04
 1.40000E+01    1.68237E-04
 1.50000E+01    8.78855E-05
 1.60000E+01    4.63602E-05
 1.70000E+01    2.45954E-05
 1.80000E+01    1.31283E-05
 1.90000E+01    7.05142E-06
 2.00000E+01    3.80797E-06
