# n + Sn113 : (n,n'14)  
# jeff3.3    Herman,Oblozinsky,Mughabghab      EVAL-MAR06
# uncertainties: n
# # energies =    41
#   E(MeV)       xs(mb) 
 1.48596E+00    0.00000E+00
 1.50000E+00    5.49728E+00
 1.55000E+00    2.28027E+01
 1.60000E+00    3.56239E+01
 1.63000E+00    4.14081E+01
 1.65000E+00    4.49671E+01
 1.69000E+00    4.99114E+01
 1.70000E+00    5.08330E+01
 1.75000E+00    5.49975E+01
 1.80000E+00    5.74299E+01
 1.85000E+00    5.91587E+01
 1.90000E+00    6.01476E+01
 1.95000E+00    6.05949E+01
 2.01000E+00    6.04423E+01
 2.02000E+00    6.31418E+01
 2.06000E+00    6.32004E+01
 2.08000E+00    6.25182E+01
 2.10000E+00    6.25984E+01
 2.50000E+00    5.28649E+01
 2.60000E+00    4.94368E+01
 2.80000E+00    4.22773E+01
 2.90000E+00    4.06009E+01
 3.00000E+00    3.69334E+01
 3.50000E+00    2.30764E+01
 4.00000E+00    1.45169E+01
 5.00000E+00    7.67135E+00
 6.00000E+00    6.21229E+00
 7.00000E+00    5.61429E+00
 8.00000E+00    5.29798E+00
 9.00000E+00    4.87151E+00
 1.00000E+01    4.56614E+00
 1.10000E+01    4.19530E+00
 1.20000E+01    3.93783E+00
 1.30000E+01    3.73801E+00
 1.40000E+01    3.62859E+00
 1.50000E+01    3.50111E+00
 1.60000E+01    3.26098E+00
 1.70000E+01    3.14842E+00
 1.80000E+01    3.15032E+00
 1.90000E+01    3.06374E+00
 2.00000E+01    3.08286E+00
