# n + Sn113 : (n,n'15)  
# jeff3.3    Herman,Oblozinsky,Mughabghab      EVAL-MAR06
# uncertainties: n
# # energies =    39
#   E(MeV)       xs(mb) 
 1.55275E+00    0.00000E+00
 1.60000E+00    8.75765E+00
 1.63000E+00    1.36945E+01
 1.65000E+00    1.66196E+01
 1.69000E+00    2.11982E+01
 1.70000E+00    2.22472E+01
 1.75000E+00    2.68052E+01
 1.80000E+00    3.00929E+01
 1.85000E+00    3.26845E+01
 1.90000E+00    3.46967E+01
 1.95000E+00    3.62141E+01
 2.01000E+00    3.72754E+01
 2.06000E+00    3.80243E+01
 2.08000E+00    3.77817E+01
 2.10000E+00    3.80815E+01
 2.50000E+00    3.42574E+01
 2.60000E+00    3.22774E+01
 2.70000E+00    3.01237E+01
 2.80000E+00    2.78853E+01
 2.90000E+00    2.69712E+01
 3.00000E+00    2.45259E+01
 3.50000E+00    1.46941E+01
 4.00000E+00    8.04886E+00
 5.00000E+00    2.10531E+00
 6.00000E+00    5.34678E-01
 7.00000E+00    1.63859E-01
 8.00000E+00    5.94230E-02
 9.00000E+00    2.77242E-02
 1.00000E+01    1.72020E-02
 1.10000E+01    1.28267E-02
 1.20000E+01    1.08453E-02
 1.30000E+01    9.78587E-03
 1.40000E+01    9.26383E-03
 1.50000E+01    8.83022E-03
 1.60000E+01    8.17644E-03
 1.70000E+01    7.86852E-03
 1.80000E+01    7.85936E-03
 1.90000E+01    7.63669E-03
 2.00000E+01    7.68064E-03
