# n + Sn113 : (n,n'22)  
# jeff3.3    Herman,Oblozinsky,Mughabghab      EVAL-MAR06
# uncertainties: n
# # energies =    36
#   E(MeV)       xs(mb) 
 1.75952E+00    0.00000E+00
 1.80000E+00    1.13227E+01
 1.85000E+00    2.28447E+01
 1.90000E+00    2.98611E+01
 1.95000E+00    3.53379E+01
 2.00000E+00    3.85763E+01
 2.01000E+00    3.91397E+01
 2.02000E+00    4.06475E+01
 2.04000E+00    4.17202E+01
 2.06000E+00    4.25084E+01
 2.08000E+00    4.27381E+01
 2.10000E+00    4.33803E+01
 2.50000E+00    4.02282E+01
 2.60000E+00    3.77576E+01
 2.70000E+00    3.50812E+01
 2.80000E+00    3.23218E+01
 2.90000E+00    3.09422E+01
 3.00000E+00    2.80507E+01
 3.50000E+00    1.66754E+01
 4.00000E+00    9.44545E+00
 5.00000E+00    3.68609E+00
 6.00000E+00    2.41186E+00
 7.00000E+00    2.03611E+00
 8.00000E+00    1.87992E+00
 9.00000E+00    1.71710E+00
 1.00000E+01    1.60582E+00
 1.10000E+01    1.47422E+00
 1.20000E+01    1.38329E+00
 1.30000E+01    1.31291E+00
 1.40000E+01    1.27439E+00
 1.50000E+01    1.22959E+00
 1.60000E+01    1.14523E+00
 1.70000E+01    1.10569E+00
 1.80000E+01    1.10636E+00
 1.90000E+01    1.07595E+00
 2.00000E+01    1.08266E+00
