# n + Sn113 : (n,n'23)  
# jeff3.3    Herman,Oblozinsky,Mughabghab      EVAL-MAR06
# uncertainties: n
# # energies =    34
#   E(MeV)       xs(mb) 
 1.79792E+00    0.00000E+00
 1.80000E+00    1.49451E-01
 1.85000E+00    3.53469E+00
 1.90000E+00    6.50975E+00
 1.95000E+00    8.84827E+00
 2.00000E+00    1.07340E+01
 2.04000E+00    1.19000E+01
 2.06000E+00    1.24630E+01
 2.08000E+00    1.27582E+01
 2.10000E+00    1.32275E+01
 2.50000E+00    1.52701E+01
 2.60000E+00    1.49622E+01
 2.70000E+00    1.45071E+01
 2.80000E+00    1.39328E+01
 2.90000E+00    1.40176E+01
 3.00000E+00    1.31622E+01
 3.50000E+00    9.00203E+00
 4.00000E+00    5.34837E+00
 5.00000E+00    1.45923E+00
 6.00000E+00    3.66976E-01
 7.00000E+00    1.10632E-01
 8.00000E+00    3.62813E-02
 9.00000E+00    1.30284E-02
 1.00000E+01    5.15346E-03
 1.10000E+01    2.20516E-03
 1.20000E+01    1.00187E-03
 1.30000E+01    4.75191E-04
 1.40000E+01    2.32458E-04
 1.50000E+01    1.16070E-04
 1.60000E+01    5.89724E-05
 1.70000E+01    3.03152E-05
 1.80000E+01    1.57618E-05
 1.90000E+01    8.28787E-06
 2.00000E+01    4.40191E-06
