# n + Sn113 : (n,a04)   
# jeff3.3    Herman,Oblozinsky,Mughabghab      EVAL-MAR06
# uncertainties: n
# # energies =   119
#   E(MeV)       xs(mb) 
 9.85033E-05    0.00000E+00
 1.00000E-04    1.57401E-15
 1.00424E-04    7.88837E-15
 1.99511E-04    1.84174E-12
 2.02326E-04    1.85461E-12
 5.07054E-04    2.34473E-12
 6.99831E-04    2.71827E-12
 9.00000E-04    3.17231E-12
 1.00000E-03    4.12945E-12
 2.00000E-03    2.34256E-11
 5.00000E-03    2.33196E-10
 6.99831E-03    5.43285E-10
 1.00000E-02    1.33663E-09
 2.00000E-02    7.71866E-09
 5.00000E-02    8.23847E-08
 6.99831E-02    2.00794E-07
 1.00000E-01    4.97177E-07
 2.00000E-01    1.69190E-06
 2.60000E-01    2.97969E-06
 5.00000E-01    1.43822E-05
 7.00000E-01    3.51277E-05
 1.00000E+00    1.01612E-03
 1.02000E+00    1.06856E-03
 1.03000E+00    1.16833E-03
 1.05000E+00    1.19786E-03
 1.07000E+00    1.21704E-03
 1.08000E+00    1.23408E-03
 1.10500E+00    1.26737E-03
 1.11783E+00    1.28953E-03
 1.13000E+00    1.31240E-03
 1.15000E+00    1.35584E-03
 1.16000E+00    1.41157E-03
 1.17825E+00    1.45272E-03
 1.20000E+00    1.50504E-03
 1.32764E+00    1.88936E-03
 1.50000E+00    2.39824E-03
 1.57187E+00    2.69805E-03
 1.60000E+00    2.81802E-03
 1.64000E+00    3.01055E-03
 1.66164E+00    3.11544E-03
 1.70000E+00    3.29290E-03
 1.75000E+00    3.55348E-03
 1.80000E+00    3.83240E-03
 1.85000E+00    4.13598E-03
 1.90000E+00    4.47179E-03
 2.00000E+00    5.20677E-03
 2.02000E+00    5.36533E-03
 2.05000E+00    5.63630E-03
 2.06000E+00    5.73184E-03
 2.08000E+00    5.84333E-03
 2.11481E+00    6.20205E-03
 2.50000E+00    1.00569E-02
 2.61834E+00    1.13963E-02
 2.73809E+00    1.28122E-02
 2.80000E+00    1.35623E-02
 2.90000E+00    1.56037E-02
 3.00000E+00    1.68853E-02
 3.52469E+00    2.54024E-02
 4.00000E+00    3.35480E-02
 5.00000E+00    4.58610E-02
 6.00000E+00    4.47475E-02
 7.00000E+00    3.55020E-02
 8.00000E+00    2.04682E-02
 9.00000E+00    9.80490E-03
 1.00000E+01    4.42973E-03
 1.01411E+01    4.08636E-03
 1.02842E+01    3.73823E-03
 1.04292E+01    3.38519E-03
 1.05764E+01    3.02716E-03
 1.07256E+01    2.66408E-03
 1.08769E+01    2.29589E-03
 1.10000E+01    1.99639E-03
 1.11552E+01    1.82888E-03
 1.13126E+01    1.65900E-03
 1.14722E+01    1.48673E-03
 1.16340E+01    1.31203E-03
 1.17982E+01    1.13486E-03
 1.19646E+01    9.55199E-04
 1.20000E+01    9.16996E-04
 1.21693E+01    8.34835E-04
 1.23410E+01    7.51515E-04
 1.25151E+01    6.67020E-04
 1.26917E+01    5.81332E-04
 1.28707E+01    4.94436E-04
 1.30000E+01    4.31694E-04
 1.31834E+01    3.90688E-04
 1.33694E+01    3.49104E-04
 1.35580E+01    3.06933E-04
 1.37493E+01    2.64167E-04
 1.39433E+01    2.20797E-04
 1.40000E+01    2.08115E-04
 1.41975E+01    1.87198E-04
 1.43978E+01    1.65987E-04
 1.46009E+01    1.44476E-04
 1.48069E+01    1.22661E-04
 1.50000E+01    1.02216E-04
 1.52116E+01    9.13977E-05
 1.54262E+01    8.04269E-05
 1.56439E+01    6.93012E-05
 1.58646E+01    5.80186E-05
 1.60000E+01    5.10956E-05
 1.62257E+01    4.54012E-05
 1.64546E+01    3.96264E-05
 1.66868E+01    3.37702E-05
 1.69222E+01    2.78313E-05
 1.70000E+01    2.58690E-05
 1.72398E+01    2.28454E-05
 1.74831E+01    1.97791E-05
 1.77297E+01    1.66696E-05
 1.79799E+01    1.35162E-05
 1.80000E+01    1.32622E-05
 1.82539E+01    1.16416E-05
 1.85115E+01    9.99819E-06
 1.87726E+01    8.33156E-06
 1.90000E+01    6.88067E-06
 1.92681E+01    6.00307E-06
 1.95399E+01    5.11309E-06
 1.98156E+01    4.21055E-06
 2.00000E+01    3.60672E-06
