# n + Sn113 : (n,a07)   
# jeff3.3    Herman,Oblozinsky,Mughabghab      EVAL-MAR06
# uncertainties: n
# # energies =   172
#   E(MeV)       xs(mb) 
 9.85033E-05    0.00000E+00
 9.92517E-05    1.92986E-09
 9.94388E-05    3.76745E-08
 9.94855E-05    7.07247E-08
 9.95089E-05    9.53011E-08
 9.95148E-05    1.02502E-07
 9.95206E-05    1.10170E-07
 9.95264E-05    1.18332E-07
 9.95323E-05    1.27010E-07
 9.95381E-05    1.36232E-07
 9.95440E-05    1.46024E-07
 9.95498E-05    1.56413E-07
 9.95586E-05    1.73177E-07
 9.95674E-05    1.91446E-07
 9.95761E-05    2.11319E-07
 9.95849E-05    2.32902E-07
 9.95937E-05    2.56301E-07
 9.96024E-05    2.81624E-07
 9.96112E-05    3.08985E-07
 9.96200E-05    3.38495E-07
 9.96288E-05    3.70270E-07
 9.96375E-05    4.04424E-07
 9.96463E-05    4.41074E-07
 9.96551E-05    4.80334E-07
 9.96638E-05    5.22318E-07
 9.96726E-05    5.67138E-07
 9.96814E-05    6.14905E-07
 9.96901E-05    6.65725E-07
 9.96989E-05    7.19700E-07
 9.97106E-05    7.96744E-07
 9.97223E-05    8.79789E-07
 9.97311E-05    9.46128E-07
 9.97428E-05    1.04013E-06
 9.97545E-05    1.14061E-06
 9.97661E-05    1.24769E-06
 9.97778E-05    1.36146E-06
 9.97895E-05    1.48196E-06
 9.98012E-05    1.60921E-06
 9.98188E-05    1.81268E-06
 9.98363E-05    2.03097E-06
 9.98538E-05    2.26359E-06
 9.98714E-05    2.50979E-06
 9.98948E-05    2.85747E-06
 9.99182E-05    3.22459E-06
 9.99474E-05    3.70537E-06
 1.00000E-04    4.60671E-06
 1.00055E-04    5.55025E-06
 1.00088E-04    6.09093E-06
 1.00121E-04    6.59829E-06
 1.00154E-04    7.06315E-06
 1.00187E-04    7.47912E-06
 1.00220E-04    7.84268E-06
 1.00254E-04    8.15313E-06
 1.00287E-04    8.41220E-06
 1.00320E-04    8.62358E-06
 1.00353E-04    8.79234E-06
 1.00397E-04    8.96116E-06
 1.00441E-04    9.07881E-06
 1.00507E-04    9.18787E-06
 1.00573E-04    9.24710E-06
 1.00705E-04    9.30169E-06
 2.00071E-04    2.93013E-05
 5.00000E-04    4.61609E-05
 7.04768E-04    5.46063E-05
 9.19136E-04    6.21053E-05
 1.00705E-03    6.48607E-05
 2.00000E-03    8.92411E-05
 5.00000E-03    1.27754E-04
 6.99831E-03    1.40122E-04
 1.00000E-02    1.48928E-04
 2.01411E-02    1.47358E-04
 5.03527E-02    1.19861E-04
 7.09704E-02    1.08181E-04
 1.00000E-01    9.45993E-05
 2.00000E-01    8.74510E-05
 2.61834E-01    9.44212E-05
 5.00000E-01    1.31484E-04
 7.00000E-01    1.51396E-04
 1.02000E+00    3.34370E-04
 1.03000E+00    3.38161E-04
 1.04000E+00    3.39564E-04
 1.05000E+00    3.44100E-04
 1.07000E+00    3.49903E-04
 1.08000E+00    6.11333E-04
 1.10000E+00    6.23790E-04
 1.11000E+00    7.65747E-04
 1.14000E+00    7.95659E-04
 1.15000E+00    8.31901E-04
 1.16000E+00    8.45335E-04
 1.17000E+00    9.10873E-04
 1.30000E+00    1.20053E-03
 1.50000E+00    1.57485E-03
 1.56093E+00    1.73964E-03
 1.60000E+00    1.85093E-03
 1.64000E+00    1.97790E-03
 1.66164E+00    2.04656E-03
 1.70000E+00    2.16183E-03
 1.80000E+00    2.49775E-03
 1.85000E+00    2.68577E-03
 1.90000E+00    2.88723E-03
 1.95000E+00    3.10769E-03
 2.01000E+00    3.39759E-03
 2.04000E+00    3.55996E-03
 2.06000E+00    3.67845E-03
 2.08000E+00    3.75277E-03
 2.50000E+00    6.56540E-03
 2.61834E+00    7.50734E-03
 2.71905E+00    8.34826E-03
 2.80000E+00    9.04747E-03
 2.90000E+00    1.04367E-02
 3.00000E+00    1.13612E-02
 4.00000E+00    2.20112E-02
 5.00000E+00    3.00633E-02
 6.00000E+00    3.08770E-02
 7.00000E+00    2.65431E-02
 8.00000E+00    1.59655E-02
 9.00000E+00    7.55917E-03
 1.00000E+01    3.30780E-03
 1.01411E+01    3.04457E-03
 1.02842E+01    2.77768E-03
 1.04292E+01    2.50703E-03
 1.05764E+01    2.23256E-03
 1.07256E+01    1.95422E-03
 1.08769E+01    1.67195E-03
 1.10000E+01    1.44235E-03
 1.11552E+01    1.31839E-03
 1.13126E+01    1.19268E-03
 1.14722E+01    1.06520E-03
 1.16340E+01    9.35922E-04
 1.17982E+01    8.04818E-04
 1.19646E+01    6.71864E-04
 1.20000E+01    6.43594E-04
 1.21693E+01    5.84699E-04
 1.23410E+01    5.24972E-04
 1.25151E+01    4.64403E-04
 1.26917E+01    4.02979E-04
 1.28707E+01    3.40689E-04
 1.30000E+01    2.95714E-04
 1.31834E+01    2.67111E-04
 1.33694E+01    2.38105E-04
 1.35580E+01    2.08689E-04
 1.37493E+01    1.78858E-04
 1.39433E+01    1.48606E-04
 1.40000E+01    1.39760E-04
 1.41975E+01    1.25494E-04
 1.43978E+01    1.11027E-04
 1.46009E+01    9.63556E-05
 1.48069E+01    8.14773E-05
 1.50000E+01    6.75329E-05
 1.52116E+01    6.02922E-05
 1.54262E+01    5.29494E-05
 1.56439E+01    4.55030E-05
 1.58646E+01    3.79516E-05
 1.60000E+01    3.33180E-05
 1.62257E+01    2.95656E-05
 1.64546E+01    2.57602E-05
 1.66868E+01    2.19012E-05
 1.69222E+01    1.79877E-05
 1.70000E+01    1.66946E-05
 1.72398E+01    1.47261E-05
 1.74831E+01    1.27299E-05
 1.77297E+01    1.07055E-05
 1.79799E+01    8.65253E-06
 1.80000E+01    8.48716E-06
 1.82539E+01    7.44229E-06
 1.85115E+01    6.38269E-06
 1.87726E+01    5.30813E-06
 1.90000E+01    4.37267E-06
 1.92681E+01    3.81131E-06
 1.95399E+01    3.24203E-06
 1.98156E+01    2.66471E-06
 2.00000E+01    2.27847E-06
