# n + Sn113 : (n,a11)   
# jeff3.3    Herman,Oblozinsky,Mughabghab      EVAL-MAR06
# uncertainties: n
# # energies =   116
#   E(MeV)       xs(mb) 
 9.85033E-05    0.00000E+00
 1.00000E-04    1.50254E-15
 1.00424E-04    7.53020E-15
 1.99511E-04    1.75811E-12
 2.02326E-04    1.76816E-12
 5.43846E-04    1.96231E-12
 7.50610E-04    2.09028E-12
 1.01411E-03    2.26500E-12
 2.00000E-03    3.05528E-12
 5.00000E-03    7.61186E-12
 6.99831E-03    1.77682E-11
 1.00000E-02    4.38426E-11
 2.00000E-02    2.55694E-10
 5.00000E-02    2.81067E-09
 6.99831E-02    6.98528E-09
 1.00000E-01    1.78059E-08
 2.00000E-01    6.66448E-08
 2.60000E-01    1.24123E-07
 5.00000E-01    7.39896E-07
 7.00000E-01    2.08097E-06
 1.00000E+00    9.35584E-06
 1.02000E+00    1.02542E-05
 1.03000E+00    1.06392E-05
 1.05000E+00    1.12963E-05
 1.07000E+00    1.18560E-05
 1.09000E+00    1.24812E-05
 1.11000E+00    1.31718E-05
 1.13000E+00    1.39099E-05
 1.15000E+00    1.47075E-05
 1.17000E+00    1.53293E-05
 1.20000E+00    1.64093E-05
 1.30000E+00    2.15017E-05
 1.50000E+00    9.78032E-05
 1.55000E+00    1.69012E-04
 1.60000E+00    2.50268E-04
 1.63000E+00    2.71664E-04
 1.65000E+00    2.83585E-04
 1.69000E+00    3.36596E-04
 1.70000E+00    3.43090E-04
 1.75000E+00    3.78850E-04
 1.80000E+00    4.21656E-04
 1.85000E+00    4.77977E-04
 1.90000E+00    5.28487E-04
 1.95000E+00    5.86983E-04
 2.02000E+00    6.75541E-04
 2.05000E+00    7.18032E-04
 2.06000E+00    7.32847E-04
 2.08000E+00    7.52612E-04
 2.10000E+00    7.86375E-04
 2.50000E+00    1.50282E-03
 2.60000E+00    1.72679E-03
 2.70000E+00    1.96964E-03
 2.80000E+00    2.23213E-03
 2.90000E+00    2.64845E-03
 3.00000E+00    2.95422E-03
 3.50000E+00    4.93533E-03
 5.00000E+00    1.22874E-02
 6.00000E+00    1.52313E-02
 7.00000E+00    1.66625E-02
 8.00000E+00    1.30606E-02
 9.00000E+00    7.62513E-03
 1.00000E+01    3.83857E-03
 1.01411E+01    3.55545E-03
 1.02842E+01    3.26838E-03
 1.04292E+01    2.97726E-03
 1.05764E+01    2.68203E-03
 1.07256E+01    2.38264E-03
 1.08769E+01    2.07902E-03
 1.10000E+01    1.83206E-03
 1.11552E+01    1.68259E-03
 1.13126E+01    1.53101E-03
 1.14722E+01    1.37730E-03
 1.16340E+01    1.22141E-03
 1.17982E+01    1.06333E-03
 1.19646E+01    9.03011E-04
 1.20000E+01    8.68923E-04
 1.21693E+01    7.92408E-04
 1.23410E+01    7.14814E-04
 1.25151E+01    6.36125E-04
 1.26917E+01    5.56325E-04
 1.28707E+01    4.75400E-04
 1.30000E+01    4.16970E-04
 1.31834E+01    3.77808E-04
 1.33694E+01    3.38093E-04
 1.35580E+01    2.97819E-04
 1.37493E+01    2.56975E-04
 1.39433E+01    2.15556E-04
 1.40000E+01    2.03444E-04
 1.41975E+01    1.83147E-04
 1.43978E+01    1.62563E-04
 1.46009E+01    1.41689E-04
 1.48069E+01    1.20520E-04
 1.50000E+01    1.00680E-04
 1.52116E+01    9.00781E-05
 1.54262E+01    7.93266E-05
 1.56439E+01    6.84234E-05
 1.58646E+01    5.73664E-05
 1.60000E+01    5.05818E-05
 1.62257E+01    4.49644E-05
 1.64546E+01    3.92678E-05
 1.66868E+01    3.34908E-05
 1.69222E+01    2.76322E-05
 1.70000E+01    2.56965E-05
 1.72398E+01    2.27002E-05
 1.74831E+01    1.96616E-05
 1.77297E+01    1.65801E-05
 1.79799E+01    1.34552E-05
 1.80000E+01    1.32035E-05
 1.82539E+01    1.15927E-05
 1.85115E+01    9.95926E-06
 1.87726E+01    8.30274E-06
 1.90000E+01    6.86063E-06
 1.92681E+01    5.98655E-06
 1.95399E+01    5.10013E-06
 1.98156E+01    4.20122E-06
 2.00000E+01    3.59981E-06
