# n + Sn113 : (n,a14)   
# jeff3.3    Herman,Oblozinsky,Mughabghab      EVAL-MAR06
# uncertainties: n
# # energies =   215
#   E(MeV)       xs(mb) 
 9.85033E-05    0.00000E+00
 9.92517E-05    6.97347E-08
 9.92634E-05    8.57881E-08
 9.92692E-05    9.50487E-08
 9.92736E-05    1.02596E-07
 9.92780E-05    1.10697E-07
 9.92824E-05    1.19390E-07
 9.92867E-05    1.28713E-07
 9.92911E-05    1.38708E-07
 9.92955E-05    1.49419E-07
 9.92999E-05    1.60892E-07
 9.93043E-05    1.73176E-07
 9.93087E-05    1.86322E-07
 9.93131E-05    2.00386E-07
 9.93174E-05    2.15424E-07
 9.93218E-05    2.31497E-07
 9.93262E-05    2.48670E-07
 9.93306E-05    2.67008E-07
 9.93350E-05    2.86584E-07
 9.93394E-05    3.07472E-07
 9.93452E-05    3.37498E-07
 9.93511E-05    3.70193E-07
 9.93569E-05    4.05766E-07
 9.93627E-05    4.44441E-07
 9.93686E-05    4.86455E-07
 9.93744E-05    5.32064E-07
 9.93803E-05    5.81536E-07
 9.93861E-05    6.35158E-07
 9.93920E-05    6.93232E-07
 9.93978E-05    7.56082E-07
 9.94037E-05    8.24047E-07
 9.94095E-05    8.97489E-07
 9.94154E-05    9.76786E-07
 9.94212E-05    1.06234E-06
 9.94271E-05    1.15458E-06
 9.94329E-05    1.25395E-06
 9.94388E-05    1.36091E-06
 9.94446E-05    1.47596E-06
 9.94504E-05    1.59962E-06
 9.94563E-05    1.73242E-06
 9.94621E-05    1.87495E-06
 9.94680E-05    2.02779E-06
 9.94738E-05    2.19155E-06
 9.94797E-05    2.36690E-06
 9.94855E-05    2.55450E-06
 9.94914E-05    2.75507E-06
 9.94972E-05    2.96933E-06
 9.95031E-05    3.19804E-06
 9.95089E-05    3.44198E-06
 9.95148E-05    3.70199E-06
 9.95206E-05    3.97890E-06
 9.95264E-05    4.27358E-06
 9.95323E-05    4.58694E-06
 9.95381E-05    4.91992E-06
 9.95440E-05    5.27346E-06
 9.95498E-05    5.64855E-06
 9.95586E-05    6.25381E-06
 9.95674E-05    6.91335E-06
 9.95761E-05    7.63082E-06
 9.95849E-05    8.40995E-06
 9.95937E-05    9.25462E-06
 9.96024E-05    1.01687E-05
 9.96112E-05    1.11563E-05
 9.96200E-05    1.22215E-05
 9.96288E-05    1.33684E-05
 9.96375E-05    1.46011E-05
 9.96463E-05    1.59238E-05
 9.96551E-05    1.73406E-05
 9.96638E-05    1.88557E-05
 9.96726E-05    2.04730E-05
 9.96814E-05    2.21966E-05
 9.96901E-05    2.40303E-05
 9.96989E-05    2.59777E-05
 9.97106E-05    2.87572E-05
 9.97223E-05    3.17530E-05
 9.97311E-05    3.41460E-05
 9.97428E-05    3.75366E-05
 9.97545E-05    4.11606E-05
 9.97661E-05    4.50222E-05
 9.97778E-05    4.91246E-05
 9.97895E-05    5.34696E-05
 9.98012E-05    5.80574E-05
 9.98188E-05    6.53918E-05
 9.98363E-05    7.32594E-05
 9.98538E-05    8.16418E-05
 9.98714E-05    9.05115E-05
 9.98948E-05    1.03034E-04
 9.99182E-05    1.16252E-04
 9.99474E-05    1.33555E-04
 1.00011E-04    1.72820E-04
 1.00055E-04    1.99850E-04
 1.00088E-04    2.19236E-04
 1.00121E-04    2.37402E-04
 1.00154E-04    2.54014E-04
 1.00187E-04    2.68844E-04
 1.00220E-04    2.81766E-04
 1.00254E-04    2.92756E-04
 1.00287E-04    3.01879E-04
 1.00320E-04    3.09269E-04
 1.00353E-04    3.15111E-04
 1.00397E-04    3.20861E-04
 1.00441E-04    3.24754E-04
 1.00507E-04    3.28147E-04
 1.00573E-04    3.29734E-04
 1.00705E-04    3.30590E-04
 2.00071E-04    2.13795E-04
 5.00000E-04    1.16654E-04
 6.99831E-04    9.33433E-05
 9.00000E-04    7.91908E-05
 1.00000E-03    7.39960E-05
 2.00000E-03    4.84109E-05
 5.00000E-03    3.04387E-05
 6.99831E-03    2.64976E-05
 1.00000E-02    2.31576E-05
 2.00000E-02    1.79212E-05
 5.00000E-02    1.26498E-05
 6.99831E-02    1.12576E-05
 1.00000E-01    9.89808E-06
 2.00000E-01    9.16775E-06
 2.60000E-01    9.82195E-06
 5.00000E-01    1.58121E-05
 7.00000E-01    1.98169E-05
 1.00000E+00    4.37676E-05
 1.02500E+00    4.69056E-05
 1.09000E+00    5.39769E-05
 1.11783E+00    5.73620E-05
 1.14804E+00    6.12806E-05
 1.17000E+00    6.42823E-05
 1.20000E+00    6.87759E-05
 1.30000E+00    8.48384E-05
 1.50000E+00    1.14147E-04
 1.55000E+00    1.25416E-04
 1.60000E+00    1.97846E-04
 1.63000E+00    2.29478E-04
 1.65000E+00    2.38023E-04
 1.69000E+00    2.91695E-04
 1.70000E+00    3.06507E-04
 1.75000E+00    3.34779E-04
 1.80000E+00    3.70294E-04
 1.85000E+00    4.02474E-04
 1.90000E+00    4.38348E-04
 1.95000E+00    4.77800E-04
 2.00000E+00    5.22158E-04
 2.03000E+00    5.51840E-04
 2.06000E+00    5.84188E-04
 2.08000E+00    5.99306E-04
 2.10000E+00    6.23480E-04
 2.50000E+00    1.15224E-03
 2.60000E+00    1.31699E-03
 2.70000E+00    1.49482E-03
 2.80000E+00    1.68561E-03
 2.90000E+00    1.98198E-03
 3.00000E+00    2.19990E-03
 3.50000E+00    3.54234E-03
 4.02822E+00    5.13168E-03
 5.00000E+00    7.90612E-03
 6.00000E+00    9.61641E-03
 7.00000E+00    1.03778E-02
 8.00000E+00    7.95152E-03
 9.00000E+00    4.36502E-03
 1.00000E+01    2.04153E-03
 1.01411E+01    1.88248E-03
 1.02842E+01    1.72122E-03
 1.04292E+01    1.55769E-03
 1.05764E+01    1.39185E-03
 1.07256E+01    1.22367E-03
 1.08769E+01    1.05311E-03
 1.10000E+01    9.14382E-04
 1.11552E+01    8.36430E-04
 1.13126E+01    7.57378E-04
 1.14722E+01    6.77211E-04
 1.16340E+01    5.95913E-04
 1.17982E+01    5.13468E-04
 1.19646E+01    4.29860E-04
 1.20000E+01    4.12082E-04
 1.21693E+01    3.74453E-04
 1.23410E+01    3.36293E-04
 1.25151E+01    2.97594E-04
 1.26917E+01    2.58349E-04
 1.28707E+01    2.18551E-04
 1.30000E+01    1.89816E-04
 1.31834E+01    1.71448E-04
 1.33694E+01    1.52821E-04
 1.35580E+01    1.33931E-04
 1.37493E+01    1.14775E-04
 1.39433E+01    9.53488E-05
 1.40000E+01    8.96680E-05
 1.41975E+01    8.05024E-05
 1.43978E+01    7.12074E-05
 1.46009E+01    6.17813E-05
 1.48069E+01    5.22222E-05
 1.50000E+01    4.32631E-05
 1.52116E+01    3.86163E-05
 1.54262E+01    3.39040E-05
 1.56439E+01    2.91252E-05
 1.58646E+01    2.42790E-05
 1.60000E+01    2.13054E-05
 1.62257E+01    1.89013E-05
 1.64546E+01    1.64633E-05
 1.66868E+01    1.39909E-05
 1.69222E+01    1.14836E-05
 1.70000E+01    1.06552E-05
 1.72398E+01    9.39642E-06
 1.74831E+01    8.11989E-06
 1.77297E+01    6.82535E-06
 1.79799E+01    5.51254E-06
 1.80000E+01    5.40679E-06
 1.82539E+01    4.73988E-06
 1.85115E+01    4.06355E-06
 1.87726E+01    3.37769E-06
 1.90000E+01    2.78060E-06
 1.92681E+01    2.42296E-06
 1.95399E+01    2.06027E-06
 1.98156E+01    1.69246E-06
 2.00000E+01    1.44639E-06
