# n + Sn113 : (n,a16)   
# jeff3.3    Herman,Oblozinsky,Mughabghab      EVAL-MAR06
# uncertainties: n
# # energies =   127
#   E(MeV)       xs(mb) 
 9.85033E-05    0.00000E+00
 1.00000E-04    5.59879E-08
 1.00176E-04    8.92820E-08
 1.00220E-04    9.53165E-08
 1.00242E-04    9.79029E-08
 1.00276E-04    1.01256E-07
 1.00309E-04    1.04012E-07
 1.00342E-04    1.06228E-07
 1.00375E-04    1.07973E-07
 1.00419E-04    1.09692E-07
 1.00485E-04    1.11310E-07
 1.00573E-04    1.12386E-07
 1.00705E-04    1.13050E-07
 2.00071E-04    3.56330E-07
 5.00000E-04    5.62443E-07
 7.09704E-04    6.68620E-07
 9.19136E-04    7.59433E-07
 1.00705E-03    7.93842E-07
 2.00000E-03    1.10453E-06
 5.00000E-03    1.64935E-06
 7.04768E-03    1.86729E-06
 1.00000E-02    2.06706E-06
 2.00000E-02    2.24876E-06
 5.21462E-02    2.05564E-06
 7.04767E-02    1.96005E-06
 1.00000E-01    1.71907E-06
 2.00000E-01    1.64579E-06
 2.60000E-01    1.83799E-06
 5.00000E-01    3.23541E-06
 7.00000E-01    5.18129E-06
 1.00000E+00    1.55082E-05
 1.02000E+00    1.67026E-05
 1.03000E+00    1.71671E-05
 1.05000E+00    1.78748E-05
 1.07000E+00    1.84017E-05
 1.09000E+00    1.90252E-05
 1.11000E+00    1.97478E-05
 1.13000E+00    2.06335E-05
 1.15000E+00    2.16375E-05
 1.17000E+00    2.24969E-05
 1.20000E+00    2.39622E-05
 1.30000E+00    3.06928E-05
 1.50000E+00    4.70479E-05
 1.55000E+00    5.28825E-05
 1.60000E+00    5.91542E-05
 1.63000E+00    6.34538E-05
 1.65000E+00    6.65766E-05
 1.69000E+00    1.16119E-04
 1.70000E+00    1.46596E-04
 1.75000E+00    1.95601E-04
 1.80000E+00    2.60846E-04
 1.85000E+00    2.88549E-04
 1.90000E+00    3.44459E-04
 1.95000E+00    3.81393E-04
 2.00000E+00    4.27246E-04
 2.01000E+00    4.38687E-04
 2.04000E+00    4.66472E-04
 2.06000E+00    4.86669E-04
 2.08000E+00    5.00648E-04
 2.50000E+00    1.03167E-03
 2.60000E+00    1.19246E-03
 2.70000E+00    1.36785E-03
 2.80000E+00    1.55819E-03
 2.90000E+00    1.85518E-03
 3.00000E+00    2.07854E-03
 3.50000E+00    3.51994E-03
 4.02822E+00    5.40167E-03
 5.00000E+00    8.98178E-03
 6.00000E+00    1.15810E-02
 7.00000E+00    1.34733E-02
 8.00000E+00    1.13662E-02
 9.00000E+00    6.88413E-03
 1.00000E+01    3.47464E-03
 1.01411E+01    3.21599E-03
 1.02842E+01    2.95373E-03
 1.04292E+01    2.68778E-03
 1.05764E+01    2.41807E-03
 1.07256E+01    2.14455E-03
 1.08769E+01    1.86718E-03
 1.10000E+01    1.64156E-03
 1.11552E+01    1.50610E-03
 1.13126E+01    1.36872E-03
 1.14722E+01    1.22941E-03
 1.16340E+01    1.08814E-03
 1.17982E+01    9.44866E-04
 1.19646E+01    7.99574E-04
 1.20000E+01    7.68681E-04
 1.21693E+01    7.00216E-04
 1.23410E+01    6.30786E-04
 1.25151E+01    5.60376E-04
 1.26917E+01    4.88972E-04
 1.28707E+01    4.16562E-04
 1.30000E+01    3.64279E-04
 1.31834E+01    3.29714E-04
 1.33694E+01    2.94662E-04
 1.35580E+01    2.59115E-04
 1.37493E+01    2.23067E-04
 1.39433E+01    1.86510E-04
 1.40000E+01    1.75820E-04
 1.41975E+01    1.58120E-04
 1.43978E+01    1.40170E-04
 1.46009E+01    1.21968E-04
 1.48069E+01    1.03508E-04
 1.50000E+01    8.62069E-05
 1.52116E+01    7.70579E-05
 1.54262E+01    6.77799E-05
 1.56439E+01    5.83709E-05
 1.58646E+01    4.88293E-05
 1.60000E+01    4.29745E-05
 1.62257E+01    3.81711E-05
 1.64546E+01    3.32999E-05
 1.66868E+01    2.83600E-05
 1.69222E+01    2.33504E-05
 1.70000E+01    2.16951E-05
 1.72398E+01    1.91518E-05
 1.74831E+01    1.65727E-05
 1.77297E+01    1.39572E-05
 1.79799E+01    1.13048E-05
 1.80000E+01    1.10911E-05
 1.82539E+01    9.73196E-06
 1.85115E+01    8.35364E-06
 1.87726E+01    6.95588E-06
 1.90000E+01    5.73904E-06
 1.92681E+01    5.00505E-06
 1.95399E+01    4.26071E-06
 1.98156E+01    3.50586E-06
 2.00000E+01    3.00085E-06
