# n + Sn113 : (n,n'32)  
# jeff3.3    Herman,Oblozinsky,Mughabghab      EVAL-MAR06
# uncertainties: n
# # energies =    32
#   E(MeV)       xs(mb) 
 1.97450E+00    0.00000E+00
 2.00000E+00    4.50834E+00
 2.01000E+00    6.17782E+00
 2.02000E+00    8.34976E+00
 2.04000E+00    1.14620E+01
 2.06000E+00    1.44080E+01
 2.08000E+00    1.66569E+01
 2.10000E+00    1.86691E+01
 2.50000E+00    3.04235E+01
 2.60000E+00    2.95034E+01
 2.70000E+00    2.81102E+01
 2.80000E+00    2.64486E+01
 2.90000E+00    2.58501E+01
 3.00000E+00    2.38276E+01
 3.50000E+00    1.51235E+01
 4.00000E+00    8.79211E+00
 5.00000E+00    3.04890E+00
 6.00000E+00    1.62079E+00
 7.00000E+00    1.23956E+00
 8.00000E+00    1.10132E+00
 9.00000E+00    9.92965E-01
 1.00000E+01    9.24282E-01
 1.10000E+01    8.47059E-01
 1.20000E+01    7.94223E-01
 1.30000E+01    7.53565E-01
 1.40000E+01    7.31341E-01
 1.50000E+01    7.05575E-01
 1.60000E+01    6.57148E-01
 1.70000E+01    6.34447E-01
 1.80000E+01    6.34821E-01
 1.90000E+01    6.17370E-01
 2.00000E+01    6.21221E-01
