# n + Ac222m: (n,a)     
# tendl.2017 A.J. Koning and D. Rochman        EVAL-NOV17
# uncertainties: y
# # energies =   626
#   E(MeV)       xs(mb)       xslow(mb)      xsupp(mb)
 1.00000E-11    1.13326E+01    0.00000E+00    9.61652E+01
 1.03223E-11    1.11543E+01    0.00000E+00    9.46518E+01
 1.06549E-11    1.09788E+01    0.00000E+00    9.31629E+01
 1.09984E-11    1.08060E+01    0.00000E+00    9.16968E+01
 1.13527E-11    1.06360E+01    0.00000E+00    9.02544E+01
 1.17186E-11    1.04687E+01    0.00000E+00    8.88341E+01
 1.20962E-11    1.03040E+01    0.00000E+00    8.74366E+01
 1.24861E-11    1.01418E+01    0.00000E+00    8.60607E+01
 1.28884E-11    9.98229E+00    0.00000E+00    8.47068E+01
 1.33038E-11    9.82520E+00    0.00000E+00    8.33738E+01
 1.37325E-11    9.67064E+00    0.00000E+00    8.20623E+01
 1.41751E-11    9.51846E+00    0.00000E+00    8.07709E+01
 1.46318E-11    9.36872E+00    0.00000E+00    7.95003E+01
 1.51034E-11    9.22129E+00    0.00000E+00    7.82493E+01
 1.55901E-11    9.07623E+00    0.00000E+00    7.70183E+01
 1.60926E-11    8.93340E+00    0.00000E+00    7.58063E+01
 1.66111E-11    8.79287E+00    0.00000E+00    7.46138E+01
 1.71465E-11    8.65450E+00    0.00000E+00    7.34396E+01
 1.76990E-11    8.51836E+00    0.00000E+00    7.22843E+01
 1.82694E-11    8.38431E+00    0.00000E+00    7.11468E+01
 1.88581E-11    8.25241E+00    0.00000E+00    7.00276E+01
 1.94659E-11    8.12255E+00    0.00000E+00    6.89256E+01
 2.00931E-11    7.99477E+00    0.00000E+00    6.78413E+01
 2.07407E-11    7.86897E+00    0.00000E+00    6.67738E+01
 2.14090E-11    7.74517E+00    0.00000E+00    6.57233E+01
 2.20991E-11    7.62330E+00    0.00000E+00    6.46891E+01
 2.28111E-11    7.50337E+00    0.00000E+00    6.36714E+01
 2.35464E-11    7.38530E+00    0.00000E+00    6.26695E+01
 2.43051E-11    7.26911E+00    0.00000E+00    6.16836E+01
 2.50884E-11    7.15473E+00    0.00000E+00    6.07130E+01
 2.58968E-11    7.04217E+00    0.00000E+00    5.97578E+01
 2.67315E-11    6.93136E+00    0.00000E+00    5.88175E+01
 2.75928E-11    6.82231E+00    0.00000E+00    5.78922E+01
 2.84822E-11    6.71496E+00    0.00000E+00    5.69812E+01
 2.93999E-11    6.60932E+00    0.00000E+00    5.60848E+01
 3.03475E-11    6.50532E+00    0.00000E+00    5.52023E+01
 3.13253E-11    6.40298E+00    0.00000E+00    5.43338E+01
 3.23350E-11    6.30222E+00    0.00000E+00    5.34788E+01
 3.33769E-11    6.20307E+00    0.00000E+00    5.26375E+01
 3.44526E-11    6.10546E+00    0.00000E+00    5.18092E+01
 3.55627E-11    6.00941E+00    0.00000E+00    5.09942E+01
 3.67089E-11    5.91485E+00    0.00000E+00    5.01917E+01
 3.78918E-11    5.82180E+00    0.00000E+00    4.94021E+01
 3.91130E-11    5.73019E+00    0.00000E+00    4.86247E+01
 4.03734E-11    5.64004E+00    0.00000E+00    4.78598E+01
 4.16746E-11    5.55129E+00    0.00000E+00    4.71067E+01
 4.30174E-11    5.46396E+00    0.00000E+00    4.63656E+01
 4.44039E-11    5.37798E+00    0.00000E+00    4.56360E+01
 4.58347E-11    5.29337E+00    0.00000E+00    4.49181E+01
 4.73119E-11    5.21008E+00    0.00000E+00    4.42112E+01
 4.88364E-11    5.12811E+00    0.00000E+00    4.35157E+01
 5.04104E-11    5.04742E+00    0.00000E+00    4.28310E+01
 5.20348E-11    4.96801E+00    0.00000E+00    4.21571E+01
 5.37119E-11    4.88984E+00    0.00000E+00    4.14938E+01
 5.54426E-11    4.81291E+00    0.00000E+00    4.08410E+01
 5.72295E-11    4.73718E+00    0.00000E+00    4.01983E+01
 5.90736E-11    4.66265E+00    0.00000E+00    3.95659E+01
 6.09775E-11    4.58928E+00    0.00000E+00    3.89433E+01
 6.29424E-11    4.51708E+00    0.00000E+00    3.83307E+01
 6.49710E-11    4.44601E+00    0.00000E+00    3.77275E+01
 6.70645E-11    4.37606E+00    0.00000E+00    3.71340E+01
 6.92260E-11    4.30720E+00    0.00000E+00    3.65497E+01
 7.14566E-11    4.23944E+00    0.00000E+00    3.59747E+01
 7.37596E-11    4.17273E+00    0.00000E+00    3.54086E+01
 7.61364E-11    4.10708E+00    0.00000E+00    3.48515E+01
 7.85902E-11    4.04246E+00    0.00000E+00    3.43031E+01
 8.11227E-11    3.97886E+00    0.00000E+00    3.37635E+01
 8.37372E-11    3.91625E+00    0.00000E+00    3.32322E+01
 8.64355E-11    3.85464E+00    0.00000E+00    3.27094E+01
 8.92212E-11    3.79399E+00    0.00000E+00    3.21947E+01
 9.20962E-11    3.73430E+00    0.00000E+00    3.16882E+01
 9.50644E-11    3.67554E+00    0.00000E+00    3.11896E+01
 9.81277E-11    3.61771E+00    0.00000E+00    3.06989E+01
 1.01291E-10    3.56078E+00    0.00000E+00    3.02157E+01
 1.04554E-10    3.50477E+00    0.00000E+00    2.97404E+01
 1.07924E-10    3.44961E+00    0.00000E+00    2.92724E+01
 1.11402E-10    3.39535E+00    0.00000E+00    2.88119E+01
 1.14992E-10    3.34192E+00    0.00000E+00    2.83585E+01
 1.18697E-10    3.28934E+00    0.00000E+00    2.79124E+01
 1.22523E-10    3.23758E+00    0.00000E+00    2.74732E+01
 1.26471E-10    3.18665E+00    0.00000E+00    2.70410E+01
 1.30547E-10    3.13650E+00    0.00000E+00    2.66155E+01
 1.34754E-10    3.08716E+00    0.00000E+00    2.61968E+01
 1.39097E-10    3.03858E+00    0.00000E+00    2.57845E+01
 1.43579E-10    2.99078E+00    0.00000E+00    2.53789E+01
 1.48207E-10    2.94372E+00    0.00000E+00    2.49795E+01
 1.52982E-10    2.89741E+00    0.00000E+00    2.45866E+01
 1.57913E-10    2.85181E+00    0.00000E+00    2.41997E+01
 1.63001E-10    2.80695E+00    0.00000E+00    2.38190E+01
 1.68254E-10    2.76278E+00    0.00000E+00    2.34442E+01
 1.73676E-10    2.71932E+00    0.00000E+00    2.30754E+01
 1.79274E-10    2.67653E+00    0.00000E+00    2.27122E+01
 1.85050E-10    2.63442E+00    0.00000E+00    2.23549E+01
 1.91014E-10    2.59297E+00    0.00000E+00    2.20032E+01
 1.97169E-10    2.55217E+00    0.00000E+00    2.16570E+01
 2.03524E-10    2.51201E+00    0.00000E+00    2.13162E+01
 2.10082E-10    2.47250E+00    0.00000E+00    2.09809E+01
 2.16853E-10    2.43359E+00    0.00000E+00    2.06507E+01
 2.23840E-10    2.39530E+00    0.00000E+00    2.03259E+01
 2.31055E-10    2.35761E+00    0.00000E+00    2.00060E+01
 2.38500E-10    2.32052E+00    0.00000E+00    1.96913E+01
 2.46187E-10    2.28401E+00    0.00000E+00    1.93814E+01
 2.54120E-10    2.24808E+00    0.00000E+00    1.90765E+01
 2.62310E-10    2.21270E+00    0.00000E+00    1.87763E+01
 2.70762E-10    2.17789E+00    0.00000E+00    1.84809E+01
 2.79489E-10    2.14362E+00    0.00000E+00    1.81901E+01
 2.88494E-10    2.10990E+00    0.00000E+00    1.79040E+01
 2.97793E-10    2.07669E+00    0.00000E+00    1.76222E+01
 3.07388E-10    2.04402E+00    0.00000E+00    1.73450E+01
 3.17295E-10    2.01186E+00    0.00000E+00    1.70721E+01
 3.27519E-10    1.98021E+00    0.00000E+00    1.68035E+01
 3.38075E-10    1.94905E+00    0.00000E+00    1.65391E+01
 3.48969E-10    1.91839E+00    0.00000E+00    1.62789E+01
 3.60216E-10    1.88820E+00    0.00000E+00    1.60227E+01
 3.71823E-10    1.85849E+00    0.00000E+00    1.57707E+01
 3.83807E-10    1.82925E+00    0.00000E+00    1.55225E+01
 3.96174E-10    1.80047E+00    0.00000E+00    1.52783E+01
 4.08943E-10    1.77214E+00    0.00000E+00    1.50379E+01
 4.22120E-10    1.74426E+00    0.00000E+00    1.48013E+01
 4.35725E-10    1.71681E+00    0.00000E+00    1.45684E+01
 4.49765E-10    1.68981E+00    0.00000E+00    1.43392E+01
 4.64261E-10    1.66322E+00    0.00000E+00    1.41136E+01
 4.79221E-10    1.63705E+00    0.00000E+00    1.38915E+01
 4.94666E-10    1.61129E+00    0.00000E+00    1.36729E+01
 5.10605E-10    1.58594E+00    0.00000E+00    1.34578E+01
 5.27062E-10    1.56099E+00    0.00000E+00    1.32461E+01
 5.44045E-10    1.53643E+00    0.00000E+00    1.30377E+01
 5.61580E-10    1.51225E+00    0.00000E+00    1.28325E+01
 5.79675E-10    1.48846E+00    0.00000E+00    1.26306E+01
 5.98358E-10    1.46504E+00    0.00000E+00    1.24319E+01
 6.17639E-10    1.44199E+00    0.00000E+00    1.22363E+01
 6.37545E-10    1.41930E+00    0.00000E+00    1.20438E+01
 6.58089E-10    1.39697E+00    0.00000E+00    1.18543E+01
 6.79298E-10    1.37499E+00    0.00000E+00    1.16678E+01
 7.01188E-10    1.35336E+00    0.00000E+00    1.14842E+01
 7.23786E-10    1.33206E+00    0.00000E+00    1.13035E+01
 7.47109E-10    1.31111E+00    0.00000E+00    1.11257E+01
 7.71188E-10    1.29048E+00    0.00000E+00    1.09506E+01
 7.96038E-10    1.27017E+00    0.00000E+00    1.07783E+01
 8.21693E-10    1.25019E+00    0.00000E+00    1.06087E+01
 8.48171E-10    1.23052E+00    0.00000E+00    1.04418E+01
 8.75507E-10    1.21115E+00    0.00000E+00    1.02775E+01
 9.03719E-10    1.19210E+00    0.00000E+00    1.01158E+01
 9.32845E-10    1.17334E+00    0.00000E+00    9.95665E+00
 9.62904E-10    1.15488E+00    0.00000E+00    9.80000E+00
 9.93937E-10    1.13671E+00    0.00000E+00    9.64580E+00
 1.02597E-09    1.11883E+00    0.00000E+00    9.49405E+00
 1.05903E-09    1.10122E+00    0.00000E+00    9.34466E+00
 1.09316E-09    1.08390E+00    0.00000E+00    9.19765E+00
 1.12839E-09    1.06684E+00    0.00000E+00    9.05292E+00
 1.16475E-09    1.05006E+00    0.00000E+00    8.91049E+00
 1.20229E-09    1.03354E+00    0.00000E+00    8.77029E+00
 1.24103E-09    1.01728E+00    0.00000E+00    8.63231E+00
 1.28103E-09    1.00127E+00    0.00000E+00    8.49648E+00
 1.32231E-09    9.85516E-01    0.00000E+00    8.36281E+00
 1.36492E-09    9.70009E-01    0.00000E+00    8.23122E+00
 1.40890E-09    9.54748E-01    0.00000E+00    8.10172E+00
 1.45431E-09    9.39725E-01    0.00000E+00    7.97424E+00
 1.50117E-09    9.24941E-01    0.00000E+00    7.84878E+00
 1.54956E-09    9.10387E-01    0.00000E+00    7.72528E+00
 1.59949E-09    8.96064E-01    0.00000E+00    7.60374E+00
 1.65104E-09    8.81965E-01    0.00000E+00    7.48410E+00
 1.70424E-09    8.68089E-01    0.00000E+00    7.36636E+00
 1.75917E-09    8.54430E-01    0.00000E+00    7.25045E+00
 1.81585E-09    8.40988E-01    0.00000E+00    7.13638E+00
 1.87438E-09    8.27755E-01    0.00000E+00    7.02409E+00
 1.93477E-09    8.14733E-01    0.00000E+00    6.91359E+00
 1.99713E-09    8.01914E-01    0.00000E+00    6.80481E+00
 2.06148E-09    7.89298E-01    0.00000E+00    6.69776E+00
 2.12792E-09    7.76880E-01    0.00000E+00    6.59238E+00
 2.19649E-09    7.64659E-01    0.00000E+00    6.48867E+00
 2.26728E-09    7.52629E-01    0.00000E+00    6.38659E+00
 2.34034E-09    7.40790E-01    0.00000E+00    6.28613E+00
 2.41577E-09    7.29136E-01    0.00000E+00    6.18724E+00
 2.49362E-09    7.17669E-01    0.00000E+00    6.08993E+00
 2.57398E-09    7.06381E-01    0.00000E+00    5.99414E+00
 2.65692E-09    6.95273E-01    0.00000E+00    5.89989E+00
 2.74255E-09    6.84340E-01    0.00000E+00    5.80711E+00
 2.83093E-09    6.73582E-01    0.00000E+00    5.71583E+00
 2.92217E-09    6.62994E-01    0.00000E+00    5.62598E+00
 3.01633E-09    6.52577E-01    0.00000E+00    5.53758E+00
 3.11354E-09    6.42324E-01    0.00000E+00    5.45057E+00
 3.21387E-09    6.32236E-01    0.00000E+00    5.36498E+00
 3.31745E-09    6.22310E-01    0.00000E+00    5.28074E+00
 3.42435E-09    6.12544E-01    0.00000E+00    5.19787E+00
 3.53471E-09    6.02934E-01    0.00000E+00    5.11632E+00
 3.64861E-09    5.93480E-01    0.00000E+00    5.03610E+00
 3.76620E-09    5.84177E-01    0.00000E+00    4.95716E+00
 3.88757E-09    5.75026E-01    0.00000E+00    4.87950E+00
 4.01286E-09    5.66020E-01    0.00000E+00    4.80308E+00
 4.14217E-09    5.57160E-01    0.00000E+00    4.72790E+00
 4.27566E-09    5.48440E-01    0.00000E+00    4.65390E+00
 4.41344E-09    5.39859E-01    0.00000E+00    4.58109E+00
 4.55568E-09    5.31413E-01    0.00000E+00    4.50942E+00
 4.70248E-09    5.23100E-01    0.00000E+00    4.43887E+00
 4.85404E-09    5.14915E-01    0.00000E+00    4.36942E+00
 5.01045E-09    5.06857E-01    0.00000E+00    4.30105E+00
 5.17193E-09    4.98922E-01    0.00000E+00    4.23371E+00
 5.33859E-09    4.91109E-01    0.00000E+00    4.16741E+00
 5.51065E-09    4.83413E-01    0.00000E+00    4.10211E+00
 5.68822E-09    4.75835E-01    0.00000E+00    4.03780E+00
 5.87154E-09    4.68371E-01    0.00000E+00    3.97446E+00
 6.06075E-09    4.61021E-01    0.00000E+00    3.91209E+00
 6.25608E-09    4.53781E-01    0.00000E+00    3.85066E+00
 6.45767E-09    4.46653E-01    0.00000E+00    3.79017E+00
 6.66579E-09    4.39633E-01    0.00000E+00    3.73060E+00
 6.88059E-09    4.32723E-01    0.00000E+00    3.67196E+00
 7.10234E-09    4.25918E-01    0.00000E+00    3.61422E+00
 7.33121E-09    4.19220E-01    0.00000E+00    3.55738E+00
 7.56748E-09    4.12625E-01    0.00000E+00    3.50142E+00
 7.81133E-09    4.06134E-01    0.00000E+00    3.44634E+00
 8.06308E-09    3.99744E-01    0.00000E+00    3.39212E+00
 8.32291E-09    3.93456E-01    0.00000E+00    3.33875E+00
 8.59114E-09    3.87265E-01    0.00000E+00    3.28622E+00
 8.86798E-09    3.81172E-01    0.00000E+00    3.23452E+00
 9.15378E-09    3.75175E-01    0.00000E+00    3.18362E+00
 9.44875E-09    3.69272E-01    0.00000E+00    3.13354E+00
 9.75327E-09    3.63462E-01    0.00000E+00    3.08423E+00
 1.00676E-08    3.57744E-01    0.00000E+00    3.03571E+00
 1.03920E-08    3.52114E-01    0.00000E+00    2.98794E+00
 1.07269E-08    3.46575E-01    0.00000E+00    2.94093E+00
 1.10726E-08    3.41121E-01    0.00000E+00    2.89466E+00
 1.14294E-08    3.35755E-01    0.00000E+00    2.84912E+00
 1.17978E-08    3.30471E-01    0.00000E+00    2.80429E+00
 1.21779E-08    3.25272E-01    0.00000E+00    2.76017E+00
 1.25704E-08    3.20154E-01    0.00000E+00    2.71674E+00
 1.29755E-08    3.15117E-01    0.00000E+00    2.67399E+00
 1.33937E-08    3.10159E-01    0.00000E+00    2.63192E+00
 1.38253E-08    3.05279E-01    0.00000E+00    2.59051E+00
 1.42708E-08    3.00476E-01    0.00000E+00    2.54975E+00
 1.47307E-08    2.95748E-01    0.00000E+00    2.50964E+00
 1.52054E-08    2.91095E-01    0.00000E+00    2.47015E+00
 1.56954E-08    2.86515E-01    0.00000E+00    2.43128E+00
 1.62012E-08    2.82007E-01    0.00000E+00    2.39303E+00
 1.67233E-08    2.77570E-01    0.00000E+00    2.35538E+00
 1.72623E-08    2.73202E-01    0.00000E+00    2.31831E+00
 1.78185E-08    2.68903E-01    0.00000E+00    2.28183E+00
 1.83928E-08    2.64669E-01    0.00000E+00    2.24591E+00
 1.89855E-08    2.60502E-01    0.00000E+00    2.21054E+00
 1.95974E-08    2.56397E-01    0.00000E+00    2.17571E+00
 2.02289E-08    2.52354E-01    0.00000E+00    2.14141E+00
 2.08808E-08    2.48372E-01    0.00000E+00    2.10761E+00
 2.15537E-08    2.44453E-01    0.00000E+00    2.07436E+00
 2.22483E-08    2.40598E-01    0.00000E+00    2.04165E+00
 2.29168E-08    2.37066E-01    0.00000E+00    2.01167E+00
 2.36053E-08    2.33600E-01    0.00000E+00    1.98227E+00
 2.43146E-08    2.30205E-01    0.00000E+00    1.95346E+00
 2.50451E-08    2.26878E-01    0.00000E+00    1.92522E+00
 2.52522E-08    2.25964E-01    0.00000E+00    1.91747E+00
 2.53000E-08    2.25755E-01    0.00000E+00    1.83285E+00
 2.61154E-08    2.22277E-01    0.00000E+00    1.80461E+00
 2.70140E-08    2.18619E-01    0.00000E+00    1.77491E+00
 2.80027E-08    2.14771E-01    0.00000E+00    1.74367E+00
 2.90277E-08    2.10946E-01    0.00000E+00    1.71262E+00
 3.00266E-08    2.07373E-01    0.00000E+00    1.68360E+00
 3.09942E-08    2.04059E-01    0.00000E+00    1.65671E+00
 3.19930E-08    2.00796E-01    0.00000E+00    1.63021E+00
 3.29543E-08    1.97805E-01    0.00000E+00    1.60593E+00
 3.39444E-08    1.94868E-01    0.00000E+00    1.58209E+00
 3.49643E-08    1.91985E-01    0.00000E+00    1.55867E+00
 3.60910E-08    1.88951E-01    0.00000E+00    1.53404E+00
 3.72542E-08    1.85972E-01    0.00000E+00    1.50986E+00
 3.84547E-08    1.83047E-01    0.00000E+00    1.48611E+00
 3.96101E-08    1.80363E-01    0.00000E+00    1.46432E+00
 4.07141E-08    1.77923E-01    0.00000E+00    1.44451E+00
 4.16721E-08    1.75924E-01    0.00000E+00    1.42828E+00
 4.24728E-08    1.74369E-01    0.00000E+00    1.41565E+00
 4.31061E-08    1.73241E-01    0.00000E+00    1.40650E+00
 4.36565E-08    1.72358E-01    0.00000E+00    1.39933E+00
 4.42139E-08    1.71582E-01    0.00000E+00    1.39303E+00
 4.46839E-08    1.71040E-01    0.00000E+00    1.38863E+00
 4.51587E-08    1.70619E-01    0.00000E+00    1.38521E+00
 4.55423E-08    1.70386E-01    0.00000E+00    1.38332E+00
 4.59291E-08    1.70261E-01    0.00000E+00    1.38230E+00
 4.61238E-08    1.70243E-01    0.00000E+00    1.38216E+00
 4.64174E-08    1.70278E-01    0.00000E+00    1.38244E+00
 4.67127E-08    1.70393E-01    0.00000E+00    1.38337E+00
 4.70101E-08    1.70593E-01    0.00000E+00    1.38500E+00
 4.73091E-08    1.70886E-01    0.00000E+00    1.38738E+00
 4.76103E-08    1.71276E-01    0.00000E+00    1.39055E+00
 4.79132E-08    1.71770E-01    0.00000E+00    1.39455E+00
 4.82182E-08    1.72372E-01    0.00000E+00    1.39944E+00
 4.85249E-08    1.73086E-01    0.00000E+00    1.40524E+00
 4.88338E-08    1.73916E-01    0.00000E+00    1.41198E+00
 4.91445E-08    1.74865E-01    0.00000E+00    1.41968E+00
 4.94704E-08    1.75982E-01    0.00000E+00    1.42875E+00
 4.97851E-08    1.77178E-01    0.00000E+00    1.43846E+00
 5.01020E-08    1.78495E-01    0.00000E+00    1.44916E+00
 5.04208E-08    1.79932E-01    0.00000E+00    1.46082E+00
 5.07417E-08    1.81488E-01    0.00000E+00    1.47346E+00
 5.10645E-08    1.83159E-01    0.00000E+00    1.48702E+00
 5.13896E-08    1.84943E-01    0.00000E+00    1.50151E+00
 5.17165E-08    1.86834E-01    0.00000E+00    1.51686E+00
 5.20458E-08    1.88830E-01    0.00000E+00    1.53306E+00
 5.24878E-08    1.91642E-01    0.00000E+00    1.55589E+00
 5.29337E-08    1.94617E-01    0.00000E+00    1.58004E+00
 5.33833E-08    1.97741E-01    0.00000E+00    1.60541E+00
 5.39505E-08    2.01836E-01    0.00000E+00    1.63865E+00
 5.45241E-08    2.06125E-01    0.00000E+00    1.67348E+00
 5.52203E-08    2.11497E-01    0.00000E+00    1.71709E+00
 5.59253E-08    2.17093E-01    0.00000E+00    1.76252E+00
 5.67591E-08    2.23880E-01    0.00000E+00    1.81763E+00
 5.76056E-08    2.30939E-01    0.00000E+00    1.87493E+00
 5.84645E-08    2.38262E-01    0.00000E+00    1.93439E+00
 5.93364E-08    2.45862E-01    0.00000E+00    1.99609E+00
 6.02211E-08    2.53740E-01    0.00000E+00    2.06005E+00
 6.11193E-08    2.61907E-01    0.00000E+00    2.12636E+00
 6.21619E-08    2.71593E-01    0.00000E+00    2.20499E+00
 6.32224E-08    2.81652E-01    0.00000E+00    2.28666E+00
 6.43010E-08    2.92082E-01    0.00000E+00    2.37133E+00
 6.53980E-08    3.02881E-01    0.00000E+00    2.45901E+00
 6.65137E-08    3.14064E-01    0.00000E+00    2.54980E+00
 6.76484E-08    3.25654E-01    0.00000E+00    2.64390E+00
 6.88025E-08    3.37689E-01    0.00000E+00    2.74161E+00
 6.98283E-08    3.48610E-01    0.00000E+00    2.83027E+00
 7.08697E-08    3.59922E-01    0.00000E+00    2.92211E+00
 7.19264E-08    3.71629E-01    0.00000E+00    3.01716E+00
 7.31534E-08    3.85499E-01    0.00000E+00    3.12977E+00
 7.44014E-08    3.99880E-01    0.00000E+00    3.24652E+00
 7.58311E-08    4.16653E-01    0.00000E+00    3.38270E+00
 7.72878E-08    4.34051E-01    0.00000E+00    3.52395E+00
 7.87729E-08    4.52118E-01    0.00000E+00    3.67063E+00
 8.01168E-08    4.68797E-01    0.00000E+00    3.80604E+00
 8.13113E-08    4.83924E-01    0.00000E+00    3.92886E+00
 8.25240E-08    4.99603E-01    0.00000E+00    4.05615E+00
 8.37544E-08    5.15854E-01    0.00000E+00    4.18808E+00
 8.50035E-08    5.32696E-01    0.00000E+00    4.32482E+00
 8.64537E-08    5.52645E-01    0.00000E+00    4.48678E+00
 8.81145E-08    5.75937E-01    0.00000E+00    4.67588E+00
 8.98076E-08    6.00091E-01    0.00000E+00    4.87199E+00
 9.15329E-08    6.25102E-01    0.00000E+00    5.07504E+00
 9.30944E-08    6.48126E-01    0.00000E+00    5.26197E+00
 9.46827E-08    6.72006E-01    0.00000E+00    5.45584E+00
 9.60948E-08    6.93704E-01    0.00000E+00    5.63201E+00
 9.75275E-08    7.16219E-01    0.00000E+00    5.81480E+00
 9.89820E-08    7.39603E-01    0.00000E+00    6.00465E+00
 1.00458E-07    7.63839E-01    0.00000E+00    6.20141E+00
 1.02172E-07    7.92542E-01    0.00000E+00    6.43444E+00
 1.04135E-07    8.26005E-01    0.00000E+00    6.70612E+00
 1.06360E-07    8.64531E-01    0.00000E+00    7.01890E+00
 1.08403E-07    9.00449E-01    0.00000E+00    7.31051E+00
 1.10253E-07    9.33528E-01    0.00000E+00    7.57908E+00
 1.11897E-07    9.63534E-01    0.00000E+00    7.82268E+00
 1.13565E-07    9.94669E-01    0.00000E+00    8.07546E+00
 1.15259E-07    1.02706E+00    0.00000E+00    8.33844E+00
 1.16978E-07    1.06073E+00    0.00000E+00    8.61179E+00
 1.18722E-07    1.09565E+00    0.00000E+00    8.89531E+00
 1.21003E-07    1.14220E+00    0.00000E+00    9.27322E+00
 1.23851E-07    1.20132E+00    0.00000E+00    9.75320E+00
 1.26765E-07    1.26272E+00    0.00000E+00    1.02517E+01
 1.29201E-07    1.31491E+00    0.00000E+00    1.06754E+01
 1.31127E-07    1.35702E+00    0.00000E+00    1.10173E+01
 1.33083E-07    1.40076E+00    0.00000E+00    1.13724E+01
 1.34782E-07    1.43970E+00    0.00000E+00    1.16885E+01
 1.36503E-07    1.48003E+00    0.00000E+00    1.20160E+01
 1.38538E-07    1.52883E+00    0.00000E+00    1.24122E+01
 1.40901E-07    1.58673E+00    0.00000E+00    1.28822E+01
 1.43913E-07    1.66179E+00    0.00000E+00    1.34916E+01
 1.47924E-07    1.76317E+00    0.00000E+00    1.43147E+01
 1.51085E-07    1.84424E+00    0.00000E+00    1.49729E+01
 1.53662E-07    1.91165E+00    0.00000E+00    1.55202E+01
 1.55954E-07    1.97302E+00    0.00000E+00    1.60185E+01
 1.57945E-07    2.02774E+00    0.00000E+00    1.64627E+01
 1.59961E-07    2.08454E+00    0.00000E+00    1.69238E+01
 1.62004E-07    2.14341E+00    0.00000E+00    1.74018E+01
 1.64420E-07    2.21455E+00    0.00000E+00    1.79793E+01
 1.67934E-07    2.31997E+00    0.00000E+00    1.88352E+01
 1.72979E-07    2.47352E+00    0.00000E+00    2.00819E+01
 1.77050E-07    2.59885E+00    0.00000E+00    2.10994E+01
 1.80070E-07    2.69349E+00    0.00000E+00    2.18678E+01
 1.82369E-07    2.76709E+00    0.00000E+00    2.24653E+01
 1.84698E-07    2.84342E+00    0.00000E+00    2.30850E+01
 1.87056E-07    2.92282E+00    0.00000E+00    2.37296E+01
 1.89444E-07    3.00534E+00    0.00000E+00    2.43996E+01
 1.92270E-07    3.10535E+00    0.00000E+00    2.52115E+01
 1.95963E-07    3.23882E+00    0.00000E+00    2.62952E+01
 2.02279E-07    3.47043E+00    0.00000E+00    2.81755E+01
 2.08356E-07    3.69547E+00    0.00000E+00    3.00026E+01
 2.11911E-07    3.82914E+00    0.00000E+00    3.10878E+01
 2.15070E-07    3.95048E+00    0.00000E+00    3.20729E+01
 2.17816E-07    4.05855E+00    0.00000E+00    3.29503E+01
 2.20597E-07    4.17077E+00    0.00000E+00    3.38614E+01
 2.23887E-07    4.30685E+00    0.00000E+00    3.49662E+01
 2.32081E-07    4.65275E+00    0.00000E+00    3.77745E+01
 2.34549E-07    4.75432E+00    0.00000E+00    3.85991E+01
 2.36541E-07    4.83306E+00    0.00000E+00    3.92384E+01
 2.38046E-07    4.88959E+00    0.00000E+00    3.96973E+01
 2.39561E-07    4.94311E+00    0.00000E+00    4.01318E+01
 2.40576E-07    4.97666E+00    0.00000E+00    4.04042E+01
 2.41596E-07    5.00822E+00    0.00000E+00    4.06605E+01
 2.42620E-07    5.03754E+00    0.00000E+00    4.08985E+01
 2.43648E-07    5.06440E+00    0.00000E+00    4.11165E+01
 2.44681E-07    5.08860E+00    0.00000E+00    4.13130E+01
 2.45718E-07    5.10999E+00    0.00000E+00    4.14867E+01
 2.46829E-07    5.12961E+00    0.00000E+00    4.45872E+01
 2.47875E-07    5.14495E+00    0.00000E+00    4.47205E+01
 2.48926E-07    5.15735E+00    0.00000E+00    4.48283E+01
 2.49981E-07    5.16688E+00    0.00000E+00    4.49112E+01
 2.51040E-07    5.17368E+00    0.00000E+00    4.49702E+01
 2.52104E-07    5.17791E+00    0.00000E+00    4.50070E+01
 2.53575E-07    5.17992E+00    0.00000E+00    4.50245E+01
 2.54784E-07    5.17867E+00    0.00000E+00    4.50136E+01
 2.56405E-07    5.17360E+00    0.00000E+00    4.49696E+01
 2.58037E-07    5.16540E+00    0.00000E+00    4.48983E+01
 2.60229E-07    5.15090E+00    0.00000E+00    4.47722E+01
 2.63551E-07    5.12431E+00    0.00000E+00    4.45411E+01
 2.70324E-07    5.06376E+00    0.00000E+00    4.40148E+01
 2.91089E-07    4.87381E+00    0.00000E+00    4.23637E+01
 2.97940E-07    4.81383E+00    0.00000E+00    4.18424E+01
 3.03663E-07    4.76697E+00    0.00000E+00    4.14351E+01
 3.10153E-07    4.71768E+00    0.00000E+00    4.10066E+01
 3.21505E-07    4.63670E+00    0.00000E+00    4.03027E+01
 3.44013E-07    4.47976E+00    0.00000E+00    3.89386E+01
 3.52107E-07    4.42603E+00    0.00000E+00    3.84716E+01
 3.58873E-07    4.38417E+00    0.00000E+00    3.81078E+01
 3.68096E-07    4.33108E+00    0.00000E+00    3.76462E+01
 4.03132E-07    4.13838E+00    0.00000E+00    3.59713E+01
 4.12620E-07    4.08839E+00    0.00000E+00    3.55368E+01
 4.20547E-07    4.04950E+00    0.00000E+00    3.51987E+01
 4.30444E-07    4.00452E+00    0.00000E+00    3.48078E+01
 4.74416E-07    3.81453E+00    0.00000E+00    3.31563E+01
 4.85580E-07    3.76835E+00    0.00000E+00    3.27549E+01
 4.94910E-07    3.73264E+00    0.00000E+00    3.24445E+01
 5.06555E-07    3.69146E+00    0.00000E+00    3.20866E+01
 5.60669E-07    3.50814E+00    0.00000E+00    3.04931E+01
 5.72651E-07    3.46961E+00    0.00000E+00    3.01582E+01
 5.82420E-07    3.44062E+00    0.00000E+00    2.99063E+01
 5.97388E-07    3.39951E+00    0.00000E+00    2.95489E+01
 6.61205E-07    3.22993E+00    0.00000E+00    2.80749E+01
 6.73910E-07    3.19802E+00    0.00000E+00    2.77975E+01
 6.85407E-07    3.17148E+00    0.00000E+00    2.75669E+01
 7.06000E-07    3.12754E+00    0.00000E+00    2.71849E+01
 7.76477E-07    2.98051E+00    0.00000E+00    2.59069E+01
 7.89724E-07    2.95436E+00    0.00000E+00    2.56797E+01
 8.01502E-07    2.93317E+00    0.00000E+00    2.54955E+01
 8.18630E-07    2.90528E+00    0.00000E+00    2.52531E+01
 9.81892E-07    2.65124E+00    0.00000E+00    2.30449E+01
 9.98643E-07    2.62670E+00    0.00000E+00    2.28316E+01
 1.01209E-06    2.60864E+00    0.00000E+00    2.26746E+01
 1.05553E-06    2.55484E+00    0.00000E+00    2.22069E+01
 1.09313E-06    2.50982E+00    0.00000E+00    2.18157E+01
 1.12419E-06    2.47674E+00    0.00000E+00    2.15281E+01
 1.27526E-06    2.32424E+00    0.00000E+00    2.02026E+01
 1.31149E-06    2.29233E+00    0.00000E+00    1.99252E+01
 1.50872E-06    2.13632E+00    0.00000E+00    1.85692E+01
 1.65260E-06    2.04483E+00    0.00000E+00    1.77739E+01
 1.78493E-06    1.96386E+00    0.00000E+00    1.70701E+01
 2.09701E-06    1.81165E+00    0.00000E+00    1.57471E+01
 2.46354E-06    1.67129E+00    0.00000E+00    1.45270E+01
 2.89427E-06    1.54176E+00    0.00000E+00    1.34012E+01
 3.40015E-06    1.42231E+00    0.00000E+00    1.23629E+01
 3.99464E-06    1.31209E+00    0.00000E+00    1.14049E+01
 4.69285E-06    1.21044E+00    0.00000E+00    1.05213E+01
 5.51336E-06    1.11664E+00    0.00000E+00    9.70598E+00
 6.47702E-06    1.03014E+00    0.00000E+00    8.95407E+00
 7.60949E-06    9.50311E-01    0.00000E+00    8.26022E+00
 9.00258E-06    8.73715E-01    0.00000E+00    7.59444E+00
 1.00703E-05    8.26160E-01    0.00000E+00    7.18108E+00
 1.23382E-05    7.46060E-01    0.00000E+00    6.48484E+00
 1.44955E-05    6.88199E-01    0.00000E+00    5.98191E+00
 1.70291E-05    6.34850E-01    0.00000E+00    5.51819E+00
 2.00065E-05    5.85623E-01    0.00000E+00    5.09030E+00
 2.35034E-05    5.40226E-01    0.00000E+00    4.69571E+00
 2.76128E-05    4.98337E-01    0.00000E+00    4.33161E+00
 3.24391E-05    4.59707E-01    0.00000E+00    3.99583E+00
 3.81109E-05    4.24063E-01    0.00000E+00    3.68600E+00
 4.47722E-05    3.91191E-01    0.00000E+00    3.40028E+00
 5.26003E-05    3.60859E-01    0.00000E+00    3.13663E+00
 6.14782E-05    3.33878E-01    0.00000E+00    2.90210E+00
 6.16142E-05    3.34370E-01    0.00000E+00    2.90639E+00
 6.17683E-05    3.37255E-01    0.00000E+00    2.93146E+00
 6.29705E-05    3.76847E-01    0.00000E+00    3.27560E+00
 6.57676E-05    4.69798E-01    0.00000E+00    4.08354E+00
 6.59524E-05    4.74140E-01    0.00000E+00    4.07630E+00
 6.60687E-05    4.74896E-01    0.00000E+00    4.08280E+00
 9.98821E-05    2.62385E-01    0.00000E+00    2.25579E+00
 1.00231E-04    2.61385E-01    0.00000E+00    2.24719E+00
 2.00071E-04    1.84888E-01    0.00000E+00    1.58953E+00
 3.00000E-04    1.51023E-01    0.00000E+00    1.29838E+00
 6.00000E-04    1.07014E-01    0.00000E+00    9.20024E-01
 1.00000E-03    8.32300E-02    0.00000E+00    7.15549E-01
 2.00000E-03    5.96045E-02    0.00000E+00    5.07445E-01
 3.00000E-03    4.93598E-02    0.00000E+00    4.20226E-01
 6.00000E-03    3.65051E-02    0.00000E+00    3.06876E-01
 1.00000E-02    3.00295E-02    0.00000E+00    2.52439E-01
 2.00000E-02    2.43336E-02    0.00000E+00    2.04557E-01
 3.00000E-02    2.24047E-02    0.00000E+00    1.63482E-01
 6.00000E-02    2.11172E-02    0.00000E+00    1.54087E-01
 1.02126E-01    2.13035E-02    0.00000E+00    1.55446E-01
 2.02822E-01    2.25677E-02    0.00000E+00    1.49205E-01
 3.00000E-01    2.30391E-02    0.00000E+00    1.52321E-01
 4.05643E-01    2.29957E-02    0.00000E+00    1.52035E-01
 6.04232E-01    2.23270E-02    0.00000E+00    1.47641E-01
 6.99984E-01    2.22696E-02    0.00000E+00    1.47262E-01
 8.11287E-01    2.25348E-02    0.00000E+00    1.49016E-01
 9.12697E-01    2.29885E-02    0.00000E+00    1.52015E-01
 1.00705E+00    2.35679E-02    0.00000E+00    1.55871E-01
 1.20846E+00    2.53339E-02    0.00000E+00    1.67551E-01
 1.40000E+00    2.73844E-02    0.00000E+00    1.81112E-01
 1.60000E+00    2.85651E-02    0.00000E+00    1.88921E-01
 1.80000E+00    2.87495E-02    0.00000E+00    1.90055E-01
 2.00000E+00    2.78567E-02    0.00000E+00    1.84153E-01
 2.24678E+00    2.59983E-02    0.00000E+00    1.71868E-01
 2.48561E+00    2.40541E-02    0.00000E+00    1.59015E-01
 2.60000E+00    2.30914E-02    0.00000E+00    1.51845E-01
 2.80000E+00    2.17433E-02    0.00000E+00    1.42980E-01
 3.04232E+00    2.04778E-02    0.00000E+00    1.34659E-01
 3.20000E+00    1.97285E-02    0.00000E+00    1.29731E-01
 3.40000E+00    1.91274E-02    0.00000E+00    1.25778E-01
 3.60000E+00    1.87390E-02    0.00000E+00    1.23224E-01
 3.80000E+00    1.85394E-02    0.00000E+00    1.21912E-01
 4.05643E+00    1.86811E-02    0.00000E+00    1.22844E-01
 4.40000E+00    1.90227E-02    0.00000E+00    1.25090E-01
 4.60000E+00    1.97376E-02    0.00000E+00    8.51344E-02
 4.80000E+00    2.06874E-02    0.00000E+00    8.92312E-02
 5.00000E+00    2.21430E-02    0.00000E+00    9.55097E-02
 5.23668E+00    2.43327E-02    0.00000E+00    1.04955E-01
 5.40000E+00    2.57524E-02    0.00000E+00    1.11078E-01
 5.60000E+00    2.92447E-02    0.00000E+00    1.26141E-01
 5.80000E+00    3.30715E-02    0.00000E+00    1.42647E-01
 6.00000E+00    3.64983E-02    0.00000E+00    1.57428E-01
 6.20000E+00    4.49680E-02    0.00000E+00    1.93961E-01
 6.40000E+00    5.06179E-02    0.00000E+00    2.18330E-01
 6.60000E+00    6.22141E-02    0.00000E+00    1.87672E-01
 6.80000E+00    7.41867E-02    0.00000E+00    2.23788E-01
 7.00000E+00    8.42889E-02    0.00000E+00    2.54261E-01
 7.20000E+00    1.14108E-01    0.00000E+00    3.44212E-01
 7.40000E+00    1.32755E-01    0.00000E+00    4.00462E-01
 7.60000E+00    1.53898E-01    0.00000E+00    4.64239E-01
 7.80000E+00    1.80857E-01    0.00000E+00    5.45563E-01
 8.00000E+00    2.06795E-01    0.00000E+00    6.23808E-01
 8.50000E+00    3.39213E-01    0.00000E+00    1.02325E+00
 9.00000E+00    4.89904E-01    0.00000E+00    9.83867E-01
 9.50000E+00    7.45063E-01    0.00000E+00    1.49630E+00
 1.00000E+01    1.03153E+00    0.00000E+00    2.07160E+00
 1.01411E+01    1.14833E+00    0.00000E+00    2.30617E+00
 1.02842E+01    1.26678E+00    0.00000E+00    2.54406E+00
 1.04292E+01    1.38691E+00    0.00000E+00    2.78531E+00
 1.05000E+01    1.44549E+00    0.00000E+00    2.90296E+00
 1.06481E+01    1.58011E+00    0.00000E+00    3.17331E+00
 1.07984E+01    1.71663E+00    0.00000E+00    3.44748E+00
 1.09507E+01    1.85508E+00    0.00000E+00    3.72552E+00
 1.10000E+01    1.89987E+00    0.00000E+00    3.81548E+00
 1.11552E+01    2.08101E+00    0.00000E+00    4.17926E+00
 1.13126E+01    2.26471E+00    0.00000E+00    4.54818E+00
 1.14722E+01    2.45100E+00    0.00000E+00    4.92230E+00
 1.15000E+01    2.48348E+00    0.00000E+00    4.98754E+00
 1.16622E+01    2.68612E+00    0.00000E+00    5.39449E+00
 1.18268E+01    2.89161E+00    0.00000E+00    5.80718E+00
 1.19936E+01    3.10001E+00    0.00000E+00    6.22570E+00
 1.20000E+01    3.10796E+00    0.00000E+00    6.24167E+00
 1.21693E+01    3.34868E+00    0.00000E+00    6.72510E+00
 1.23410E+01    3.59279E+00    0.00000E+00    7.21535E+00
 1.25000E+01    3.81889E+00    0.00000E+00    7.66942E+00
 1.26764E+01    4.07734E+00    0.00000E+00    8.18846E+00
 1.28552E+01    4.33943E+00    0.00000E+00    8.71482E+00
 1.30000E+01    4.55165E+00    4.26178E-01    8.67712E+00
 1.31834E+01    4.82620E+00    4.51884E-01    9.20051E+00
 1.33694E+01    5.10461E+00    4.77952E-01    9.73127E+00
 1.35000E+01    5.30011E+00    4.96257E-01    1.01040E+01
 1.36905E+01    5.59068E+00    5.23463E-01    1.06579E+01
 1.38836E+01    5.88534E+00    5.51053E-01    1.12196E+01
 1.40000E+01    6.06291E+00    5.67679E-01    1.15581E+01
 1.41975E+01    6.35245E+00    5.94790E-01    1.21101E+01
 1.43978E+01    6.64609E+00    6.22283E-01    1.26699E+01
 1.45000E+01    6.79588E+00    6.36308E-01    1.29555E+01
 1.47046E+01    7.09955E+00    6.64742E-01    1.35344E+01
 1.49120E+01    7.40751E+00    6.93576E-01    1.41214E+01
 1.50000E+01    7.53811E+00    7.05804E-01    1.43704E+01
 1.52116E+01    7.82602E+00    7.32762E-01    1.49193E+01
 1.54262E+01    8.11800E+00    7.60100E-01    1.54759E+01
 1.56439E+01    8.41410E+00    7.87824E-01    1.60404E+01
 1.58646E+01    8.71437E+00    8.15939E-01    1.66128E+01
 1.60000E+01    8.89862E+00    6.32918E-01    1.71643E+01
 1.62257E+01    9.24486E+00    6.57545E-01    1.78322E+01
 1.64546E+01    9.59599E+00    6.82519E-01    1.85095E+01
 1.66868E+01    9.95208E+00    7.07846E-01    1.91963E+01
 1.69222E+01    1.03132E+01    7.33530E-01    1.98928E+01
 1.70000E+01    1.04325E+01    7.42016E-01    2.01230E+01
 1.72398E+01    1.10252E+01    7.84175E-01    2.12663E+01
 1.74831E+01    1.16263E+01    8.26929E-01    2.24258E+01
 1.77297E+01    1.22359E+01    8.70286E-01    2.36016E+01
 1.79799E+01    1.28541E+01    9.14254E-01    2.47940E+01
 1.80000E+01    1.29039E+01    9.17796E-01    2.48900E+01
 1.82539E+01    1.39029E+01    9.88852E-01    2.68170E+01
 1.85115E+01    1.49161E+01    1.06091E+00    2.87712E+01
 1.87726E+01    1.59435E+01    1.13399E+00    3.07530E+01
 1.90000E+01    1.68379E+01    1.19760E+00    3.24782E+01
 1.92681E+01    1.70671E+01    1.21391E+00    3.29204E+01
 1.95399E+01    1.72996E+01    1.23044E+00    3.33688E+01
 1.98156E+01    1.75354E+01    1.24721E+00    3.38235E+01
 2.00000E+01    1.76931E+01    0.00000E+00    3.55910E+01
 2.02822E+01    1.76198E+01    0.00000E+00    3.54436E+01
 2.05683E+01    1.75455E+01    0.00000E+00    3.52941E+01
 2.08585E+01    1.74701E+01    0.00000E+00    3.51425E+01
 2.10000E+01    1.74334E+01    0.00000E+00    3.50686E+01
 2.12963E+01    1.65952E+01    0.00000E+00    3.33825E+01
 2.15967E+01    1.57452E+01    0.00000E+00    3.16726E+01
 2.19014E+01    1.48832E+01    0.00000E+00    2.99387E+01
 2.20000E+01    1.46043E+01    0.00000E+00    2.93776E+01
 2.23104E+01    1.32594E+01    0.00000E+00    2.66722E+01
 2.26251E+01    1.18955E+01    0.00000E+00    2.39287E+01
 2.29443E+01    1.05124E+01    0.00000E+00    2.11464E+01
 2.30000E+01    1.02712E+01    0.00000E+00    2.06613E+01
 2.33245E+01    9.66396E+00    0.00000E+00    1.94398E+01
 2.36536E+01    9.04816E+00    0.00000E+00    1.82010E+01
 2.39873E+01    8.42366E+00    0.00000E+00    1.69448E+01
 2.40000E+01    8.39983E+00    0.00000E+00    1.77980E+01
 2.43386E+01    7.93713E+00    0.00000E+00    1.68176E+01
 2.46820E+01    7.46791E+00    0.00000E+00    1.58234E+01
 2.50000E+01    7.03332E+00    0.00000E+00    1.49026E+01
 2.53527E+01    6.62711E+00    0.00000E+00    1.40419E+01
 2.57104E+01    6.21518E+00    0.00000E+00    1.31691E+01
 2.60000E+01    5.88163E+00    0.00000E+00    1.24623E+01
 2.63668E+01    5.54185E+00    0.00000E+00    1.17424E+01
 2.67388E+01    5.19727E+00    0.00000E+00    1.10123E+01
 2.70000E+01    4.95532E+00    0.00000E+00    1.04996E+01
 2.73809E+01    4.80812E+00    0.00000E+00    1.01877E+01
 2.77672E+01    4.65884E+00    0.00000E+00    9.87141E+00
 2.80000E+01    4.56888E+00    0.00000E+00    9.68080E+00
 2.83950E+01    4.31599E+00    0.00000E+00    9.14495E+00
 2.87956E+01    4.05952E+00    0.00000E+00    8.60155E+00
 2.90000E+01    3.92869E+00    0.00000E+00    8.32433E+00
 2.94091E+01    3.78852E+00    0.00000E+00    8.02732E+00
 2.98240E+01    3.64636E+00    0.00000E+00    7.72612E+00
 3.00000E+01    3.58608E+00    0.00000E+00    7.59839E+00
