# n + Ac222m: (n,2a)    
# tendl.2017 A.J. Koning and D. Rochman        EVAL-NOV17
# uncertainties: n
# # energies =   628
#   E(MeV)       xs(mb) 
 1.00000E-11    6.49376E-06
 1.03223E-11    6.39156E-06
 1.06549E-11    6.29102E-06
 1.09984E-11    6.19202E-06
 1.13527E-11    6.09461E-06
 1.17186E-11    5.99870E-06
 1.20962E-11    5.90434E-06
 1.24861E-11    5.81143E-06
 1.28884E-11    5.72001E-06
 1.33038E-11    5.62999E-06
 1.37325E-11    5.54143E-06
 1.41751E-11    5.45422E-06
 1.46318E-11    5.36842E-06
 1.51034E-11    5.28394E-06
 1.55901E-11    5.20082E-06
 1.60926E-11    5.11898E-06
 1.66111E-11    5.03845E-06
 1.71465E-11    4.95916E-06
 1.76990E-11    4.88115E-06
 1.82694E-11    4.80434E-06
 1.88581E-11    4.72876E-06
 1.94659E-11    4.65435E-06
 2.00931E-11    4.58113E-06
 2.07407E-11    4.50904E-06
 2.14090E-11    4.43810E-06
 2.20991E-11    4.36827E-06
 2.28111E-11    4.29955E-06
 2.35464E-11    4.23189E-06
 2.43051E-11    4.16531E-06
 2.50884E-11    4.09977E-06
 2.58968E-11    4.03527E-06
 2.67315E-11    3.97177E-06
 2.75928E-11    3.90929E-06
 2.84822E-11    3.84778E-06
 2.93999E-11    3.78724E-06
 3.03475E-11    3.72765E-06
 3.13253E-11    3.66900E-06
 3.23350E-11    3.61127E-06
 3.33769E-11    3.55446E-06
 3.44526E-11    3.49853E-06
 3.55627E-11    3.44349E-06
 3.67089E-11    3.38930E-06
 3.78918E-11    3.33598E-06
 3.91130E-11    3.28349E-06
 4.03734E-11    3.23183E-06
 4.16746E-11    3.18098E-06
 4.30174E-11    3.13093E-06
 4.44039E-11    3.08167E-06
 4.58347E-11    3.03319E-06
 4.73119E-11    2.98546E-06
 4.88364E-11    2.93849E-06
 5.04104E-11    2.89225E-06
 5.20348E-11    2.84675E-06
 5.37119E-11    2.80195E-06
 5.54426E-11    2.75787E-06
 5.72295E-11    2.71448E-06
 5.90736E-11    2.67177E-06
 6.09775E-11    2.62973E-06
 6.29424E-11    2.58836E-06
 6.49710E-11    2.54763E-06
 6.70645E-11    2.50755E-06
 6.92260E-11    2.46809E-06
 7.14566E-11    2.42926E-06
 7.37596E-11    2.39104E-06
 7.61364E-11    2.35342E-06
 7.85902E-11    2.31639E-06
 8.11227E-11    2.27995E-06
 8.37372E-11    2.24407E-06
 8.64355E-11    2.20877E-06
 8.92212E-11    2.17401E-06
 9.20962E-11    2.13981E-06
 9.50644E-11    2.10614E-06
 9.81277E-11    2.07301E-06
 1.01291E-10    2.04038E-06
 1.04554E-10    2.00829E-06
 1.07924E-10    1.97668E-06
 1.11402E-10    1.94559E-06
 1.14992E-10    1.91497E-06
 1.18697E-10    1.88484E-06
 1.22523E-10    1.85518E-06
 1.26471E-10    1.82600E-06
 1.30547E-10    1.79726E-06
 1.34754E-10    1.76899E-06
 1.39097E-10    1.74115E-06
 1.43579E-10    1.71376E-06
 1.48207E-10    1.68680E-06
 1.52982E-10    1.66026E-06
 1.57913E-10    1.63413E-06
 1.63001E-10    1.60843E-06
 1.68254E-10    1.58312E-06
 1.73676E-10    1.55821E-06
 1.79274E-10    1.53369E-06
 1.85050E-10    1.50956E-06
 1.91014E-10    1.48581E-06
 1.97169E-10    1.46243E-06
 2.03524E-10    1.43942E-06
 2.10082E-10    1.41678E-06
 2.16853E-10    1.39448E-06
 2.23840E-10    1.37255E-06
 2.31055E-10    1.35095E-06
 2.38500E-10    1.32970E-06
 2.46187E-10    1.30877E-06
 2.54120E-10    1.28818E-06
 2.62310E-10    1.26791E-06
 2.70762E-10    1.24796E-06
 2.79489E-10    1.22833E-06
 2.88494E-10    1.20900E-06
 2.97793E-10    1.18998E-06
 3.07388E-10    1.17126E-06
 3.17295E-10    1.15283E-06
 3.27519E-10    1.13469E-06
 3.38075E-10    1.11684E-06
 3.48969E-10    1.09927E-06
 3.60216E-10    1.08197E-06
 3.71823E-10    1.06495E-06
 3.83807E-10    1.04819E-06
 3.96174E-10    1.03170E-06
 4.08943E-10    1.01546E-06
 4.22120E-10    9.99489E-07
 4.35725E-10    9.83761E-07
 4.49765E-10    9.68285E-07
 4.64261E-10    9.53048E-07
 4.79221E-10    9.38055E-07
 4.94666E-10    9.23294E-07
 5.10605E-10    9.08769E-07
 5.27062E-10    8.94469E-07
 5.44045E-10    8.80397E-07
 5.61580E-10    8.66543E-07
 5.79675E-10    8.52911E-07
 5.98358E-10    8.39490E-07
 6.17639E-10    8.26283E-07
 6.37545E-10    8.13281E-07
 6.58089E-10    8.00486E-07
 6.79298E-10    7.87890E-07
 7.01188E-10    7.75495E-07
 7.23786E-10    7.63292E-07
 7.47109E-10    7.51284E-07
 7.71188E-10    7.39462E-07
 7.96038E-10    7.27828E-07
 8.21693E-10    7.16376E-07
 8.48171E-10    7.05106E-07
 8.75507E-10    6.94011E-07
 9.03719E-10    6.83092E-07
 9.32845E-10    6.72344E-07
 9.62904E-10    6.61766E-07
 9.93937E-10    6.51353E-07
 1.02597E-09    6.41105E-07
 1.05903E-09    6.31018E-07
 1.09316E-09    6.21090E-07
 1.12839E-09    6.11317E-07
 1.16475E-09    6.01700E-07
 1.20229E-09    5.92232E-07
 1.24103E-09    5.82915E-07
 1.28103E-09    5.73742E-07
 1.32231E-09    5.64716E-07
 1.36492E-09    5.55830E-07
 1.40890E-09    5.47085E-07
 1.45431E-09    5.38477E-07
 1.50117E-09    5.30005E-07
 1.54956E-09    5.21666E-07
 1.59949E-09    5.13459E-07
 1.65104E-09    5.05379E-07
 1.70424E-09    4.97429E-07
 1.75917E-09    4.89602E-07
 1.81585E-09    4.81899E-07
 1.87438E-09    4.74317E-07
 1.93477E-09    4.66855E-07
 1.99713E-09    4.59509E-07
 2.06148E-09    4.52280E-07
 2.12792E-09    4.45164E-07
 2.19649E-09    4.38161E-07
 2.26728E-09    4.31268E-07
 2.34034E-09    4.24484E-07
 2.41577E-09    4.17806E-07
 2.49362E-09    4.11235E-07
 2.57398E-09    4.04767E-07
 2.65692E-09    3.98402E-07
 2.74255E-09    3.92138E-07
 2.83093E-09    3.85973E-07
 2.92217E-09    3.79906E-07
 3.01633E-09    3.73936E-07
 3.11354E-09    3.68061E-07
 3.21387E-09    3.62281E-07
 3.31745E-09    3.56593E-07
 3.42435E-09    3.50997E-07
 3.53471E-09    3.45491E-07
 3.64861E-09    3.40073E-07
 3.76620E-09    3.34743E-07
 3.88757E-09    3.29499E-07
 4.01286E-09    3.24338E-07
 4.14217E-09    3.19261E-07
 4.27566E-09    3.14265E-07
 4.41344E-09    3.09348E-07
 4.55568E-09    3.04508E-07
 4.70248E-09    2.99745E-07
 4.85404E-09    2.95054E-07
 5.01045E-09    2.90437E-07
 5.17193E-09    2.85890E-07
 5.33859E-09    2.81413E-07
 5.51065E-09    2.77004E-07
 5.68822E-09    2.72661E-07
 5.87154E-09    2.68384E-07
 6.06075E-09    2.64172E-07
 6.25608E-09    2.60024E-07
 6.45767E-09    2.55939E-07
 6.66579E-09    2.51917E-07
 6.88059E-09    2.47957E-07
 7.10234E-09    2.44058E-07
 7.33121E-09    2.40220E-07
 7.56748E-09    2.36441E-07
 7.81133E-09    2.32721E-07
 8.06308E-09    2.29060E-07
 8.32291E-09    2.25456E-07
 8.59114E-09    2.21909E-07
 8.86798E-09    2.18418E-07
 9.15378E-09    2.14981E-07
 9.44875E-09    2.11599E-07
 9.75327E-09    2.08269E-07
 1.00676E-08    2.04993E-07
 1.03920E-08    2.01767E-07
 1.07269E-08    1.98593E-07
 1.10726E-08    1.95468E-07
 1.14294E-08    1.92393E-07
 1.17978E-08    1.89366E-07
 1.21779E-08    1.86386E-07
 1.25704E-08    1.83453E-07
 1.29755E-08    1.80567E-07
 1.33937E-08    1.77726E-07
 1.38253E-08    1.74930E-07
 1.42708E-08    1.72177E-07
 1.47307E-08    1.69468E-07
 1.52054E-08    1.66802E-07
 1.56954E-08    1.64177E-07
 1.62012E-08    1.61594E-07
 1.67233E-08    1.59051E-07
 1.72623E-08    1.56548E-07
 1.78185E-08    1.54085E-07
 1.83928E-08    1.51659E-07
 1.89855E-08    1.49271E-07
 1.95974E-08    1.46919E-07
 2.02289E-08    1.44603E-07
 2.08808E-08    1.42321E-07
 2.15537E-08    1.40075E-07
 2.22483E-08    1.37867E-07
 2.29168E-08    1.35843E-07
 2.36053E-08    1.33857E-07
 2.43146E-08    1.31911E-07
 2.50451E-08    1.30005E-07
 2.52522E-08    1.29481E-07
 2.53000E-08    1.29361E-07
 2.61154E-08    1.27368E-07
 2.70140E-08    1.25272E-07
 2.80027E-08    1.23067E-07
 2.90277E-08    1.20875E-07
 3.00266E-08    1.18828E-07
 3.09942E-08    1.16929E-07
 3.19930E-08    1.15059E-07
 3.29543E-08    1.13345E-07
 3.39444E-08    1.11662E-07
 3.49643E-08    1.10010E-07
 3.60910E-08    1.08271E-07
 3.72542E-08    1.06564E-07
 3.84547E-08    1.04888E-07
 3.96101E-08    1.03351E-07
 4.07141E-08    1.01953E-07
 4.16721E-08    1.00807E-07
 4.24728E-08    9.99158E-08
 4.31061E-08    9.92695E-08
 4.36565E-08    9.87637E-08
 4.42139E-08    9.83189E-08
 4.45894E-08    9.80656E-08
 4.49682E-08    9.78547E-08
 4.53501E-08    9.76934E-08
 4.57353E-08    9.75897E-08
 4.61238E-08    9.75519E-08
 4.63193E-08    9.75604E-08
 4.65156E-08    9.75886E-08
 4.67127E-08    9.76377E-08
 4.69107E-08    9.77086E-08
 4.71095E-08    9.78024E-08
 4.73091E-08    9.79202E-08
 4.75096E-08    9.80628E-08
 4.77110E-08    9.82314E-08
 4.79132E-08    9.84267E-08
 4.81162E-08    9.86496E-08
 4.83201E-08    9.89008E-08
 4.85249E-08    9.91809E-08
 4.87306E-08    9.94906E-08
 4.90408E-08    1.00012E-07
 4.93658E-08    1.00627E-07
 4.96801E-08    1.01290E-07
 4.99961E-08    1.02021E-07
 5.03144E-08    1.02822E-07
 5.06344E-08    1.03691E-07
 5.09568E-08    1.04627E-07
 5.12809E-08    1.05627E-07
 5.16074E-08    1.06691E-07
 5.19357E-08    1.07815E-07
 5.23768E-08    1.09402E-07
 5.28217E-08    1.11083E-07
 5.32704E-08    1.12853E-07
 5.38367E-08    1.15177E-07
 5.44088E-08    1.17612E-07
 5.49872E-08    1.20150E-07
 5.56893E-08    1.23315E-07
 5.65196E-08    1.27159E-07
 5.73625E-08    1.31160E-07
 5.82178E-08    1.35313E-07
 5.90860E-08    1.39622E-07
 5.99670E-08    1.44090E-07
 6.08613E-08    1.48722E-07
 6.17687E-08    1.53519E-07
 6.28225E-08    1.59203E-07
 6.38943E-08    1.65100E-07
 6.49843E-08    1.71208E-07
 6.60929E-08    1.77533E-07
 6.72205E-08    1.84084E-07
 6.83673E-08    1.90882E-07
 6.93869E-08    1.97050E-07
 7.04214E-08    2.03434E-07
 7.14717E-08    2.10046E-07
 7.26910E-08    2.17882E-07
 7.39311E-08    2.26014E-07
 7.53514E-08    2.35504E-07
 7.67993E-08    2.45354E-07
 7.82746E-08    2.55574E-07
 7.96100E-08    2.65000E-07
 8.09682E-08    2.74788E-07
 8.21757E-08    2.83680E-07
 8.34009E-08    2.92897E-07
 8.46448E-08    3.02452E-07
 8.60888E-08    3.13777E-07
 8.77426E-08    3.27011E-07
 8.94286E-08    3.40744E-07
 9.11466E-08    3.54963E-07
 9.28980E-08    3.69713E-07
 9.44829E-08    3.83332E-07
 9.58916E-08    3.95697E-07
 9.73217E-08    4.08533E-07
 9.87727E-08    4.21858E-07
 1.00246E-07    4.35680E-07
 1.01956E-07    4.52053E-07
 1.03915E-07    4.71148E-07
 1.06135E-07    4.93143E-07
 1.08403E-07    5.15971E-07
 1.10253E-07    5.34926E-07
 1.11897E-07    5.52120E-07
 1.13565E-07    5.69961E-07
 1.15259E-07    5.88522E-07
 1.16978E-07    6.07814E-07
 1.18722E-07    6.27825E-07
 1.21003E-07    6.54498E-07
 1.23851E-07    6.88374E-07
 1.26765E-07    7.23556E-07
 1.29201E-07    7.53464E-07
 1.31127E-07    7.77594E-07
 1.33083E-07    8.02658E-07
 1.34782E-07    8.24968E-07
 1.36503E-07    8.48082E-07
 1.38538E-07    8.76045E-07
 1.40901E-07    9.09219E-07
 1.43913E-07    9.52230E-07
 1.47924E-07    1.01033E-06
 1.51085E-07    1.05678E-06
 1.53662E-07    1.09540E-06
 1.55954E-07    1.13057E-06
 1.57945E-07    1.16193E-06
 1.59961E-07    1.19447E-06
 1.62004E-07    1.22821E-06
 1.64420E-07    1.26897E-06
 1.67934E-07    1.32938E-06
 1.72979E-07    1.41736E-06
 1.77050E-07    1.48918E-06
 1.80070E-07    1.54341E-06
 1.82369E-07    1.58558E-06
 1.84698E-07    1.62932E-06
 1.87056E-07    1.67482E-06
 1.89444E-07    1.72211E-06
 1.92270E-07    1.77941E-06
 1.95963E-07    1.85590E-06
 2.02279E-07    1.98861E-06
 2.08356E-07    2.11756E-06
 2.11911E-07    2.19416E-06
 2.15070E-07    2.26369E-06
 2.17816E-07    2.32562E-06
 2.20597E-07    2.38992E-06
 2.23887E-07    2.46790E-06
 2.32081E-07    2.66610E-06
 2.34549E-07    2.72430E-06
 2.36541E-07    2.76942E-06
 2.38046E-07    2.80181E-06
 2.39561E-07    2.83248E-06
 2.40576E-07    2.85171E-06
 2.41596E-07    2.86979E-06
 2.42620E-07    2.88659E-06
 2.43648E-07    2.90198E-06
 2.44681E-07    2.91585E-06
 2.45718E-07    2.92811E-06
 2.46829E-07    2.93935E-06
 2.47875E-07    2.94814E-06
 2.48926E-07    2.95524E-06
 2.49981E-07    2.96071E-06
 2.51040E-07    2.96460E-06
 2.52104E-07    2.96703E-06
 2.53575E-07    2.96818E-06
 2.54784E-07    2.96746E-06
 2.56405E-07    2.96456E-06
 2.58037E-07    2.95986E-06
 2.60229E-07    2.95154E-06
 2.63551E-07    2.93631E-06
 2.70324E-07    2.90161E-06
 2.91089E-07    2.79277E-06
 2.97940E-07    2.75840E-06
 3.03663E-07    2.73155E-06
 3.10153E-07    2.70330E-06
 3.21505E-07    2.65690E-06
 3.44013E-07    2.56697E-06
 3.52107E-07    2.53619E-06
 3.58873E-07    2.51220E-06
 3.68096E-07    2.48177E-06
 4.03132E-07    2.37135E-06
 4.12620E-07    2.34271E-06
 4.20547E-07    2.32042E-06
 4.30444E-07    2.29465E-06
 4.74416E-07    2.18578E-06
 4.85580E-07    2.15932E-06
 4.94910E-07    2.13886E-06
 5.06555E-07    2.11527E-06
 5.60669E-07    2.01022E-06
 5.72651E-07    1.98814E-06
 5.82420E-07    1.97153E-06
 5.97388E-07    1.94797E-06
 6.61205E-07    1.85080E-06
 6.73910E-07    1.83251E-06
 6.85407E-07    1.81731E-06
 7.06000E-07    1.79213E-06
 7.76477E-07    1.70788E-06
 7.89724E-07    1.69290E-06
 8.01502E-07    1.68075E-06
 8.18630E-07    1.66477E-06
 9.81892E-07    1.51920E-06
 9.98643E-07    1.50514E-06
 1.01209E-06    1.49479E-06
 1.05553E-06    1.46396E-06
 1.09313E-06    1.43816E-06
 1.12419E-06    1.41920E-06
 1.27526E-06    1.33182E-06
 1.31149E-06    1.31353E-06
 1.50872E-06    1.22413E-06
 1.65260E-06    1.17171E-06
 1.78493E-06    1.12530E-06
 2.09701E-06    1.03808E-06
 2.46354E-06    9.57649E-07
 2.89427E-06    8.83427E-07
 3.40015E-06    8.14980E-07
 3.99464E-06    7.51819E-07
 4.69285E-06    6.93570E-07
 5.51336E-06    6.39821E-07
 6.47702E-06    5.90252E-07
 7.60949E-06    5.44512E-07
 9.00258E-06    5.00621E-07
 1.00703E-05    4.73371E-07
 1.23382E-05    4.27446E-07
 1.44955E-05    3.94275E-07
 1.70291E-05    3.63692E-07
 2.00065E-05    3.35473E-07
 2.35034E-05    3.09451E-07
 2.76128E-05    2.85441E-07
 3.24391E-05    2.63300E-07
 3.81109E-05    2.42872E-07
 4.47722E-05    2.24033E-07
 5.26003E-05    2.06651E-07
 6.14782E-05    1.91191E-07
 6.16142E-05    1.91473E-07
 6.17683E-05    1.93127E-07
 6.29705E-05    2.15824E-07
 6.57676E-05    2.69111E-07
 6.59524E-05    2.71601E-07
 6.60687E-05    2.72034E-07
 9.98821E-05    1.50228E-07
 1.00231E-04    1.49654E-07
 2.00071E-04    1.05765E-07
 3.00000E-04    8.63161E-08
 6.00000E-04    6.10006E-08
 1.00000E-03    4.72754E-08
 2.00000E-03    3.35605E-08
 3.00000E-03    2.75549E-08
 6.00000E-03    1.98870E-08
 1.00000E-02    1.58830E-08
 2.00000E-02    1.21058E-08
 3.00000E-02    1.06374E-08
 6.00000E-02    9.22112E-09
 1.00000E-01    8.82223E-09
 3.00000E-01    9.21772E-09
 6.25755E-01    1.02988E-08
 6.99969E-01    1.05731E-08
 8.00000E-01    1.10761E-08
 9.00000E-01    1.19500E-08
 1.00000E+00    1.30643E-08
 1.20000E+00    1.56228E-08
 1.41975E+00    1.89348E-08
 1.60000E+00    2.14958E-08
 1.80000E+00    2.33136E-08
 2.00000E+00    2.45084E-08
 2.20000E+00    2.52250E-08
 2.43386E+00    2.57198E-08
 2.60000E+00    2.61553E-08
 2.80000E+00    2.70757E-08
 3.00000E+00    2.85860E-08
 3.20000E+00    3.04669E-08
 3.40000E+00    3.31086E-08
 3.60000E+00    3.61676E-08
 3.80000E+00    4.03989E-08
 4.00000E+00    4.61590E-08
 4.20000E+00    5.22276E-08
 4.40000E+00    5.91529E-08
 4.60000E+00    7.02990E-08
 4.80000E+00    8.01052E-08
 5.00000E+00    9.22509E-08
 5.20000E+00    1.11560E-07
 5.40000E+00    1.34197E-07
 5.60000E+00    1.59098E-07
 5.80000E+00    1.91265E-07
 6.00000E+00    2.33599E-07
 6.20000E+00    2.86717E-07
 6.40000E+00    3.45355E-07
 6.60000E+00    4.38834E-07
 7.00000E+00    6.42068E-07
 7.20000E+00    8.49310E-07
 7.40000E+00    1.01077E-06
 7.60000E+00    1.22008E-06
 7.80000E+00    1.36025E-06
 8.00000E+00    1.65269E-06
 8.50000E+00    2.72134E-06
 9.00000E+00    4.27553E-06
 9.50000E+00    6.83341E-06
 1.00000E+01    1.05041E-05
 1.01411E+01    1.20736E-05
 1.02842E+01    1.36654E-05
 1.04292E+01    1.52797E-05
 1.05000E+01    1.60669E-05
 1.06481E+01    1.83724E-05
 1.07984E+01    2.07104E-05
 1.09507E+01    2.30814E-05
 1.10000E+01    2.38486E-05
 1.11552E+01    2.75085E-05
 1.13126E+01    3.12201E-05
 1.14722E+01    3.49840E-05
 1.15000E+01    3.56403E-05
 1.16622E+01    4.01521E-05
 1.18268E+01    4.47277E-05
 1.19936E+01    4.93677E-05
 1.20000E+01    4.95448E-05
 1.21693E+01    5.61221E-05
 1.23410E+01    6.27921E-05
 1.25000E+01    6.89699E-05
 1.26764E+01    7.74252E-05
 1.28552E+01    8.59998E-05
 1.30000E+01    9.29426E-05
 1.31834E+01    1.03185E-04
 1.33694E+01    1.13572E-04
 1.35000E+01    1.20865E-04
 1.36905E+01    1.33998E-04
 1.38836E+01    1.47316E-04
 1.40000E+01    1.55341E-04
 1.41975E+01    1.69988E-04
 1.43978E+01    1.84842E-04
 1.45000E+01    1.92420E-04
 1.47046E+01    2.09788E-04
 1.49120E+01    2.27402E-04
 1.50000E+01    2.34871E-04
 1.52116E+01    2.52017E-04
 1.54262E+01    2.69405E-04
 1.56439E+01    2.87038E-04
 1.58646E+01    3.04920E-04
 1.60000E+01    3.15892E-04
 1.62257E+01    3.35421E-04
 1.64546E+01    3.55225E-04
 1.66868E+01    3.75309E-04
 1.69222E+01    3.95675E-04
 1.70000E+01    4.02405E-04
 1.72398E+01    4.33353E-04
 1.74831E+01    4.64738E-04
 1.77297E+01    4.96565E-04
 1.79799E+01    5.28841E-04
 1.80000E+01    5.31441E-04
 1.82539E+01    5.82945E-04
 1.85115E+01    6.35176E-04
 1.87726E+01    6.88144E-04
 1.90000E+01    7.34255E-04
 1.92681E+01    7.56743E-04
 1.95399E+01    7.79548E-04
 1.98156E+01    8.02675E-04
 2.00000E+01    8.18147E-04
 2.02822E+01    8.28477E-04
 2.05683E+01    8.38952E-04
 2.08585E+01    8.49575E-04
 2.10000E+01    8.54755E-04
 2.12963E+01    8.34696E-04
 2.15967E+01    8.14354E-04
 2.19014E+01    7.93726E-04
 2.20000E+01    7.87051E-04
 2.23104E+01    7.41093E-04
 2.26251E+01    6.94487E-04
 2.29443E+01    6.47223E-04
 2.30000E+01    6.38981E-04
 2.33245E+01    6.22776E-04
 2.36536E+01    6.06343E-04
 2.39873E+01    5.89678E-04
 2.40000E+01    5.89042E-04
 2.43386E+01    5.78121E-04
 2.46820E+01    5.67046E-04
 2.50000E+01    5.56788E-04
 2.53527E+01    5.48300E-04
 2.57104E+01    5.39691E-04
 2.60000E+01    5.32721E-04
 2.63668E+01    5.25519E-04
 2.67388E+01    5.18215E-04
 2.70000E+01    5.13086E-04
 2.73809E+01    5.11536E-04
 2.77672E+01    5.09965E-04
 2.80000E+01    5.09018E-04
 2.83950E+01    4.94555E-04
 2.87956E+01    4.79888E-04
 2.90000E+01    4.72406E-04
 2.94091E+01    4.59578E-04
 2.98240E+01    4.46568E-04
 3.00000E+01    4.41051E-04
