# n + Ac222m: (n,3a)    
# tendl.2017 A.J. Koning and D. Rochman        EVAL-NOV17
# uncertainties: n
# # energies =   668
#   E(MeV)       xs(mb) 
 1.00000E-11    2.00733E-10
 1.03005E-11    1.97784E-10
 1.06099E-11    1.94878E-10
 1.09287E-11    1.92014E-10
 1.12571E-11    1.89193E-10
 1.15953E-11    1.86413E-10
 1.19437E-11    1.83675E-10
 1.23026E-11    1.80976E-10
 1.26722E-11    1.78317E-10
 1.30530E-11    1.75697E-10
 1.34452E-11    1.73115E-10
 1.38491E-11    1.70572E-10
 1.42652E-11    1.68066E-10
 1.46938E-11    1.65596E-10
 1.51353E-11    1.63163E-10
 1.55901E-11    1.60766E-10
 1.60585E-11    1.58404E-10
 1.65410E-11    1.56077E-10
 1.70380E-11    1.53783E-10
 1.75499E-11    1.51524E-10
 1.80772E-11    1.49298E-10
 1.86203E-11    1.47104E-10
 1.91798E-11    1.44943E-10
 1.97561E-11    1.42813E-10
 2.03497E-11    1.40715E-10
 2.09611E-11    1.38647E-10
 2.15909E-11    1.36610E-10
 2.22396E-11    1.34603E-10
 2.29078E-11    1.32625E-10
 2.35961E-11    1.30677E-10
 2.43051E-11    1.28757E-10
 2.50353E-11    1.26865E-10
 2.57875E-11    1.25001E-10
 2.65623E-11    1.23164E-10
 2.73604E-11    1.21355E-10
 2.81825E-11    1.19572E-10
 2.90293E-11    1.17815E-10
 2.99015E-11    1.16084E-10
 3.07999E-11    1.14378E-10
 3.17253E-11    1.12698E-10
 3.26785E-11    1.11042E-10
 3.36604E-11    1.09411E-10
 3.46717E-11    1.07803E-10
 3.57135E-11    1.06219E-10
 3.67865E-11    1.04658E-10
 3.78918E-11    1.03121E-10
 3.90303E-11    1.01606E-10
 4.02030E-11    1.00113E-10
 4.14109E-11    9.86419E-11
 4.26551E-11    9.71925E-11
 4.39367E-11    9.57645E-11
 4.52569E-11    9.43575E-11
 4.66166E-11    9.29711E-11
 4.80173E-11    9.16051E-11
 4.94600E-11    9.02592E-11
 5.09461E-11    8.89331E-11
 5.24768E-11    8.76264E-11
 5.40535E-11    8.63389E-11
 5.56776E-11    8.50704E-11
 5.73505E-11    8.38205E-11
 5.90736E-11    8.25889E-11
 6.08485E-11    8.13755E-11
 6.26768E-11    8.01799E-11
 6.45599E-11    7.90018E-11
 6.64997E-11    7.78411E-11
 6.84977E-11    7.66974E-11
 7.05558E-11    7.55705E-11
 7.26757E-11    7.44602E-11
 7.48593E-11    7.33661E-11
 7.71085E-11    7.22882E-11
 7.94253E-11    7.12261E-11
 8.18117E-11    7.01796E-11
 8.42698E-11    6.91485E-11
 8.68018E-11    6.81325E-11
 8.94098E-11    6.71314E-11
 9.20962E-11    6.61451E-11
 9.48633E-11    6.51733E-11
 9.77136E-11    6.42157E-11
 1.00649E-10    6.32722E-11
 1.03674E-10    6.23426E-11
 1.06789E-10    6.14266E-11
 1.09997E-10    6.05241E-11
 1.13302E-10    5.96348E-11
 1.16706E-10    5.87586E-11
 1.20213E-10    5.78953E-11
 1.23825E-10    5.70446E-11
 1.27545E-10    5.62065E-11
 1.31377E-10    5.53807E-11
 1.35325E-10    5.45670E-11
 1.39391E-10    5.37653E-11
 1.43579E-10    5.29753E-11
 1.47893E-10    5.21970E-11
 1.52336E-10    5.14300E-11
 1.56913E-10    5.06744E-11
 1.61628E-10    4.99299E-11
 1.66484E-10    4.91963E-11
 1.71486E-10    4.84734E-11
 1.76639E-10    4.77612E-11
 1.81946E-10    4.70595E-11
 1.87413E-10    4.63681E-11
 1.93044E-10    4.56868E-11
 1.98844E-10    4.50155E-11
 2.04818E-10    4.43541E-11
 2.10972E-10    4.37025E-11
 2.17311E-10    4.30604E-11
 2.23840E-10    4.24277E-11
 2.30566E-10    4.18043E-11
 2.37493E-10    4.11901E-11
 2.44629E-10    4.05849E-11
 2.51979E-10    3.99886E-11
 2.59550E-10    3.94011E-11
 2.67349E-10    3.88222E-11
 2.75381E-10    3.82518E-11
 2.83655E-10    3.76897E-11
 2.92178E-10    3.71360E-11
 3.00957E-10    3.65903E-11
 3.09999E-10    3.60527E-11
 3.19313E-10    3.55230E-11
 3.28907E-10    3.50011E-11
 3.38790E-10    3.44868E-11
 3.48969E-10    3.39801E-11
 3.59454E-10    3.34809E-11
 3.70254E-10    3.29890E-11
 3.81379E-10    3.25043E-11
 3.92838E-10    3.20267E-11
 4.04641E-10    3.15561E-11
 4.16798E-10    3.10925E-11
 4.29321E-10    3.06356E-11
 4.42221E-10    3.01855E-11
 4.55508E-10    2.97420E-11
 4.69194E-10    2.93050E-11
 4.83291E-10    2.88745E-11
 4.97812E-10    2.84502E-11
 5.12769E-10    2.80322E-11
 5.28176E-10    2.76203E-11
 5.44045E-10    2.72145E-11
 5.60392E-10    2.68147E-11
 5.77229E-10    2.64207E-11
 5.94572E-10    2.60325E-11
 6.12437E-10    2.56500E-11
 6.30838E-10    2.52732E-11
 6.49792E-10    2.49018E-11
 6.69316E-10    2.45359E-11
 6.89426E-10    2.41755E-11
 7.10140E-10    2.38202E-11
 7.31477E-10    2.34703E-11
 7.53455E-10    2.31254E-11
 7.76093E-10    2.27857E-11
 7.99411E-10    2.24509E-11
 8.23430E-10    2.21210E-11
 8.48171E-10    2.17960E-11
 8.73655E-10    2.14757E-11
 8.99905E-10    2.11602E-11
 9.26943E-10    2.08493E-11
 9.54794E-10    2.05430E-11
 9.83482E-10    2.02411E-11
 1.01303E-09    1.99438E-11
 1.04347E-09    1.96507E-11
 1.07482E-09    1.93620E-11
 1.10711E-09    1.90775E-11
 1.14038E-09    1.87972E-11
 1.17464E-09    1.85210E-11
 1.20994E-09    1.82489E-11
 1.24629E-09    1.79808E-11
 1.28373E-09    1.77166E-11
 1.32231E-09    1.74563E-11
 1.36204E-09    1.71998E-11
 1.40296E-09    1.69471E-11
 1.44511E-09    1.66981E-11
 1.48853E-09    1.64528E-11
 1.53326E-09    1.62110E-11
 1.57932E-09    1.59729E-11
 1.62678E-09    1.57382E-11
 1.67565E-09    1.55069E-11
 1.72600E-09    1.52791E-11
 1.77786E-09    1.50546E-11
 1.83128E-09    1.48334E-11
 1.88630E-09    1.46155E-11
 1.94297E-09    1.44008E-11
 2.00135E-09    1.41892E-11
 2.06148E-09    1.39807E-11
 2.12342E-09    1.37753E-11
 2.18722E-09    1.35730E-11
 2.25294E-09    1.33736E-11
 2.32063E-09    1.31771E-11
 2.39036E-09    1.29835E-11
 2.46218E-09    1.27928E-11
 2.53616E-09    1.26049E-11
 2.61236E-09    1.24198E-11
 2.69085E-09    1.22375E-11
 2.77170E-09    1.20578E-11
 2.85497E-09    1.18808E-11
 2.94075E-09    1.17064E-11
 3.02911E-09    1.15346E-11
 3.12012E-09    1.13654E-11
 3.21387E-09    1.11987E-11
 3.31043E-09    1.10345E-11
 3.40990E-09    1.08728E-11
 3.51235E-09    1.07135E-11
 3.61788E-09    1.05566E-11
 3.72659E-09    1.04021E-11
 3.83856E-09    1.02499E-11
 3.95389E-09    1.01000E-11
 4.07269E-09    9.95228E-12
 4.19505E-09    9.80682E-12
 4.32110E-09    9.66351E-12
 4.45093E-09    9.52233E-12
 4.58466E-09    9.38322E-12
 4.72241E-09    9.24614E-12
 4.86430E-09    9.11104E-12
 5.01045E-09    8.97790E-12
 5.16099E-09    8.84666E-12
 5.31606E-09    8.71728E-12
 5.47579E-09    8.58974E-12
 5.64031E-09    8.46401E-12
 5.80978E-09    8.34005E-12
 5.98434E-09    8.21785E-12
 6.16414E-09    8.09737E-12
 6.34935E-09    7.97861E-12
 6.54012E-09    7.86155E-12
 6.73663E-09    7.74616E-12
 6.93903E-09    7.63244E-12
 7.14752E-09    7.52036E-12
 7.36228E-09    7.40991E-12
 7.58348E-09    7.30106E-12
 7.81133E-09    7.19381E-12
 8.04603E-09    7.08812E-12
 8.28778E-09    6.98399E-12
 8.53679E-09    6.88138E-12
 8.79329E-09    6.78027E-12
 9.05749E-09    6.68065E-12
 9.32963E-09    6.58250E-12
 9.60995E-09    6.48578E-12
 9.89869E-09    6.39049E-12
 1.01961E-08    6.29660E-12
 1.05025E-08    6.20409E-12
 1.08180E-08    6.11293E-12
 1.11430E-08    6.02312E-12
 1.14778E-08    5.93462E-12
 1.18227E-08    5.84742E-12
 1.21779E-08    5.76151E-12
 1.25438E-08    5.67686E-12
 1.29207E-08    5.59345E-12
 1.33089E-08    5.51127E-12
 1.37088E-08    5.43029E-12
 1.41207E-08    5.35051E-12
 1.45450E-08    5.27189E-12
 1.49820E-08    5.19443E-12
 1.54321E-08    5.11811E-12
 1.58958E-08    5.04291E-12
 1.63734E-08    4.96882E-12
 1.68654E-08    4.89581E-12
 1.73721E-08    4.82387E-12
 1.78941E-08    4.75297E-12
 1.84317E-08    4.68310E-12
 1.89855E-08    4.61424E-12
 1.95559E-08    4.54635E-12
 2.01435E-08    4.47941E-12
 2.07487E-08    4.41341E-12
 2.13721E-08    4.34837E-12
 2.20143E-08    4.28432E-12
 2.26757E-08    4.22134E-12
 2.33570E-08    4.15952E-12
 2.40588E-08    4.09894E-12
 2.47817E-08    4.03959E-12
 2.52045E-08    4.00619E-12
 2.53000E-08    3.99877E-12
 2.60602E-08    3.94124E-12
 2.69569E-08    3.87641E-12
 2.78845E-08    3.81220E-12
 2.88441E-08    3.74839E-12
 2.98366E-08    3.68499E-12
 3.07331E-08    3.63005E-12
 3.16565E-08    3.57584E-12
 3.26077E-08    3.52251E-12
 3.35874E-08    3.47015E-12
 3.45965E-08    3.41874E-12
 3.56360E-08    3.36824E-12
 3.67067E-08    3.31861E-12
 3.78096E-08    3.26981E-12
 3.89456E-08    3.22181E-12
 4.01158E-08    3.17468E-12
 4.11467E-08    3.13527E-12
 4.20261E-08    3.10368E-12
 4.27430E-08    3.07982E-12
 4.32888E-08    3.06320E-12
 4.38415E-08    3.04814E-12
 4.44012E-08    3.03514E-12
 4.47784E-08    3.02794E-12
 4.51587E-08    3.02216E-12
 4.55423E-08    3.01803E-12
 4.59291E-08    3.01581E-12
 4.61238E-08    3.01550E-12
 4.63193E-08    3.01576E-12
 4.65156E-08    3.01663E-12
 4.67127E-08    3.01815E-12
 4.69107E-08    3.02034E-12
 4.71095E-08    3.02324E-12
 4.73091E-08    3.02688E-12
 4.75096E-08    3.03129E-12
 4.77110E-08    3.03650E-12
 4.79132E-08    3.04254E-12
 4.81162E-08    3.04943E-12
 4.83201E-08    3.05719E-12
 4.85249E-08    3.06585E-12
 4.87306E-08    3.07543E-12
 4.89371E-08    3.08593E-12
 4.91445E-08    3.09737E-12
 4.93658E-08    3.11056E-12
 4.95750E-08    3.12397E-12
 4.97851E-08    3.13833E-12
 4.99961E-08    3.15364E-12
 5.02080E-08    3.16991E-12
 5.04208E-08    3.18712E-12
 5.06344E-08    3.20526E-12
 5.08490E-08    3.22432E-12
 5.10645E-08    3.24428E-12
 5.12809E-08    3.26513E-12
 5.14983E-08    3.28683E-12
 5.17165E-08    3.30938E-12
 5.19357E-08    3.33274E-12
 5.23768E-08    3.38180E-12
 5.28217E-08    3.43378E-12
 5.32704E-08    3.48848E-12
 5.37229E-08    3.54565E-12
 5.41792E-08    3.60510E-12
 5.48709E-08    3.69812E-12
 5.55715E-08    3.79530E-12
 5.62811E-08    3.89627E-12
 5.69997E-08    4.00080E-12
 5.77274E-08    4.10882E-12
 5.84645E-08    4.22032E-12
 5.92110E-08    4.33538E-12
 5.99670E-08    4.45408E-12
 6.07326E-08    4.57649E-12
 6.15081E-08    4.70266E-12
 6.25574E-08    4.87672E-12
 6.36246E-08    5.05736E-12
 6.47101E-08    5.24454E-12
 6.58140E-08    5.43834E-12
 6.69368E-08    5.63906E-12
 6.80788E-08    5.84723E-12
 6.89480E-08    6.00865E-12
 6.98283E-08    6.17489E-12
 7.07199E-08    6.34618E-12
 7.16228E-08    6.52264E-12
 7.28447E-08    6.76603E-12
 7.40875E-08    7.01852E-12
 7.53514E-08    7.27985E-12
 7.66369E-08    7.54993E-12
 7.79443E-08    7.82900E-12
 7.92741E-08    8.11779E-12
 8.06265E-08    8.41743E-12
 8.16559E-08    8.65002E-12
 8.26985E-08    8.88987E-12
 8.37544E-08    9.13726E-12
 8.48238E-08    9.39230E-12
 8.62709E-08    9.74401E-12
 8.77426E-08    1.01085E-11
 8.96177E-08    1.05810E-11
 9.15329E-08    1.10723E-11
 9.30944E-08    1.14802E-11
 9.46827E-08    1.19031E-11
 9.58916E-08    1.22317E-11
 9.71159E-08    1.25708E-11
 9.83559E-08    1.29210E-11
 9.96117E-08    1.32826E-11
 1.01311E-07    1.37817E-11
 1.03039E-07    1.42990E-11
 1.05241E-07    1.49689E-11
 1.07490E-07    1.56640E-11
 1.09324E-07    1.62398E-11
 1.11189E-07    1.68368E-11
 1.12609E-07    1.73006E-11
 1.14047E-07    1.77800E-11
 1.15503E-07    1.82759E-11
 1.16978E-07    1.87885E-11
 1.18471E-07    1.93173E-11
 1.20492E-07    2.00457E-11
 1.23067E-07    2.09891E-11
 1.25697E-07    2.19659E-11
 1.28384E-07    2.29786E-11
 1.30574E-07    2.38208E-11
 1.32241E-07    2.44756E-11
 1.33929E-07    2.51531E-11
 1.35639E-07    2.58551E-11
 1.37371E-07    2.65820E-11
 1.39125E-07    2.73328E-11
 1.41499E-07    2.83674E-11
 1.44523E-07    2.97065E-11
 1.48237E-07    3.13720E-11
 1.51404E-07    3.28135E-11
 1.53338E-07    3.37088E-11
 1.55295E-07    3.46328E-11
 1.57278E-07    3.55900E-11
 1.59286E-07    3.65837E-11
 1.61320E-07    3.76145E-11
 1.63380E-07    3.86806E-11
 1.66167E-07    4.01506E-11
 1.70437E-07    4.24391E-11
 1.75558E-07    4.52161E-11
 1.78553E-07    4.68636E-11
 1.80833E-07    4.81391E-11
 1.83142E-07    4.94581E-11
 1.85480E-07    5.08278E-11
 1.87849E-07    5.22527E-11
 1.90247E-07    5.37325E-11
 1.92676E-07    5.52627E-11
 1.95963E-07    5.73689E-11
 2.01851E-07    6.11922E-11
 2.07916E-07    6.51665E-11
 2.11463E-07    6.75242E-11
 2.14163E-07    6.93516E-11
 2.16897E-07    7.12426E-11
 2.19667E-07    7.32055E-11
 2.22471E-07    7.52421E-11
 2.26267E-07    7.80600E-11
 2.32081E-07    8.24137E-11
 2.34053E-07    8.38562E-11
 2.36041E-07    8.52638E-11
 2.37041E-07    8.59460E-11
 2.38046E-07    8.66087E-11
 2.39055E-07    8.72474E-11
 2.40068E-07    8.78577E-11
 2.41085E-07    8.84350E-11
 2.42107E-07    8.89747E-11
 2.43133E-07    8.94727E-11
 2.44163E-07    8.99252E-11
 2.45198E-07    9.03293E-11
 2.46237E-07    9.06827E-11
 2.46829E-07    9.08602E-11
 2.47875E-07    9.11319E-11
 2.48926E-07    9.13515E-11
 2.49981E-07    9.15204E-11
 2.51040E-07    9.16408E-11
 2.52104E-07    9.17158E-11
 2.53172E-07    9.17489E-11
 2.54245E-07    9.17443E-11
 2.55323E-07    9.17063E-11
 2.56405E-07    9.16395E-11
 2.57491E-07    9.15480E-11
 2.59679E-07    9.13071E-11
 2.61884E-07    9.10114E-11
 2.66352E-07    9.03318E-11
 2.91089E-07    8.63294E-11
 2.97310E-07    8.53621E-11
 3.02382E-07    8.46178E-11
 3.08844E-07    8.37353E-11
 3.18123E-07    8.25514E-11
 3.43285E-07    7.94379E-11
 3.50621E-07    7.85682E-11
 3.56603E-07    7.78997E-11
 3.64224E-07    7.71040E-11
 3.81567E-07    7.53966E-11
 4.04841E-07    7.31403E-11
 4.13492E-07    7.23395E-11
 4.20547E-07    7.17289E-11
 4.29534E-07    7.10036E-11
 4.71415E-07    6.77937E-11
 4.83530E-07    6.68950E-11
 4.91779E-07    6.63230E-11
 5.02289E-07    6.56492E-11
 5.42017E-07    6.32532E-11
 5.63045E-07    6.20012E-11
 5.72651E-07    6.14576E-11
 5.82420E-07    6.09442E-11
 5.97388E-07    6.02160E-11
 6.61205E-07    5.72123E-11
 6.72485E-07    5.67082E-11
 6.83957E-07    5.62341E-11
 7.01534E-07    5.55647E-11
 7.76477E-07    5.27945E-11
 7.89724E-07    5.23313E-11
 7.99807E-07    5.20077E-11
 8.13452E-07    5.16075E-11
 9.79816E-07    4.70182E-11
 9.96531E-07    4.65803E-11
 1.00500E-06    4.63732E-11
 1.01917E-06    4.60476E-11
 1.07792E-06    4.47725E-11
 1.09313E-06    4.44574E-11
 1.12419E-06    4.38714E-11
 1.27526E-06    4.11706E-11
 1.31149E-06    4.06054E-11
 1.50872E-06    3.78423E-11
 1.66417E-06    3.60939E-11
 1.78493E-06    3.47876E-11
 2.08232E-06    3.22051E-11
 2.46354E-06    2.96055E-11
 2.87400E-06    2.74081E-11
 3.40015E-06    2.51957E-11
 3.96666E-06    2.33257E-11
 4.69285E-06    2.14428E-11
 5.47475E-06    1.98517E-11
 6.47702E-06    1.82491E-11
 7.55619E-06    1.68951E-11
 8.93952E-06    1.55301E-11
 9.99974E-06    1.46834E-11
 1.23382E-05    1.32179E-11
 1.43940E-05    1.22372E-11
 1.70291E-05    1.12488E-11
 1.98664E-05    1.04146E-11
 2.35034E-05    9.57322E-12
 2.74194E-05    8.86345E-12
 3.24391E-05    8.14725E-12
 3.78440E-05    7.54338E-12
 4.47722E-05    6.93371E-12
 5.22318E-05    6.41992E-12
 6.09344E-05    5.94575E-12
 6.16595E-05    5.93718E-12
 6.25294E-05    6.41936E-12
 6.52135E-05    8.00105E-12
 6.59524E-05    8.40196E-12
 6.68828E-05    8.33243E-12
 9.90090E-05    4.74748E-12
 1.00406E-04    4.63144E-12
 1.98669E-04    3.29835E-12
 2.01472E-04    3.27148E-12
 3.00000E-04    2.68131E-12
 6.00000E-04    1.90370E-12
 1.00000E-03    1.48444E-12
 2.00000E-03    1.06963E-12
 3.00000E-03    8.03089E-13
 6.00000E-03    6.03780E-13
 1.00000E-02    5.06616E-13
 2.00000E-02    4.28572E-13
 3.00000E-02    4.09038E-13
 6.00000E-02    4.18046E-13
 1.02842E-01    4.56751E-13
 2.02822E-01    5.60127E-13
 3.00000E-01    6.78997E-13
 4.00000E-01    7.81454E-13
 5.07054E-01    9.73910E-13
 6.00000E-01    1.12848E-12
 6.99969E-01    1.33037E-12
 8.00000E-01    1.57487E-12
 9.00000E-01    1.91852E-12
 1.00000E+00    3.05305E-12
 1.20000E+00    4.31565E-12
 1.40000E+00    6.27385E-12
 1.60000E+00    8.44237E-12
 1.80000E+00    1.12189E-11
 2.00000E+00    1.43064E-11
 2.20000E+00    1.78602E-11
 2.40000E+00    1.99479E-11
 2.60000E+00    2.34268E-11
 2.80000E+00    2.88317E-11
 3.00000E+00    3.65217E-11
 3.20000E+00    4.54861E-11
 3.40000E+00    5.71818E-11
 3.60000E+00    6.84538E-11
 3.80000E+00    8.95945E-11
 4.00000E+00    1.22411E-10
 4.20000E+00    1.52602E-10
 4.40000E+00    1.91453E-10
 4.60000E+00    2.72407E-10
 4.80000E+00    2.98653E-10
 5.00000E+00    3.68161E-10
 5.20000E+00    4.78138E-10
 5.40000E+00    6.18908E-10
 5.60000E+00    7.71795E-10
 5.80000E+00    9.52844E-10
 6.00000E+00    1.19923E-09
 6.20000E+00    1.55257E-09
 6.40000E+00    2.01042E-09
 6.60000E+00    2.67488E-09
 6.89594E+00    3.73217E-09
 7.00000E+00    4.10066E-09
 7.20000E+00    5.77793E-09
 7.40000E+00    7.17925E-09
 7.60000E+00    8.76929E-09
 7.80000E+00    8.21635E-09
 8.00000E+00    1.02152E-08
 8.50000E+00    1.68467E-08
 9.00000E+00    2.63200E-08
 9.50000E+00    4.30678E-08
 1.00000E+01    6.62745E-08
 1.01411E+01    7.62417E-08
 1.02842E+01    8.63501E-08
 1.04292E+01    9.66010E-08
 1.05000E+01    1.01600E-07
 1.06481E+01    1.16632E-07
 1.07984E+01    1.31875E-07
 1.09507E+01    1.47334E-07
 1.10000E+01    1.52336E-07
 1.11552E+01    1.77256E-07
 1.13126E+01    2.02527E-07
 1.14722E+01    2.28155E-07
 1.15000E+01    2.32624E-07
 1.16622E+01    2.62290E-07
 1.18268E+01    2.92374E-07
 1.19936E+01    3.22883E-07
 1.20000E+01    3.24047E-07
 1.21693E+01    3.79210E-07
 1.23410E+01    4.35152E-07
 1.25000E+01    4.86964E-07
 1.26764E+01    5.66815E-07
 1.28552E+01    6.47793E-07
 1.30000E+01    7.13361E-07
 1.31834E+01    8.19615E-07
 1.33694E+01    9.27369E-07
 1.35000E+01    1.00303E-06
 1.36905E+01    1.14699E-06
 1.38836E+01    1.29298E-06
 1.40000E+01    1.38096E-06
 1.41975E+01    1.55466E-06
 1.43978E+01    1.73081E-06
 1.45000E+01    1.82067E-06
 1.47046E+01    2.04671E-06
 1.49120E+01    2.27594E-06
 1.50000E+01    2.37315E-06
 1.52116E+01    2.64696E-06
 1.54262E+01    2.92463E-06
 1.56439E+01    3.20622E-06
 1.58646E+01    3.49178E-06
 1.60000E+01    3.66700E-06
 1.62257E+01    4.00859E-06
 1.64546E+01    4.35501E-06
 1.66868E+01    4.70631E-06
 1.69222E+01    5.06257E-06
 1.70000E+01    5.18028E-06
 1.72398E+01    5.67571E-06
 1.74831E+01    6.17813E-06
 1.77297E+01    6.68764E-06
 1.79799E+01    7.20433E-06
 1.80000E+01    7.24595E-06
 1.82539E+01    8.07035E-06
 1.85115E+01    8.90639E-06
 1.87726E+01    9.75422E-06
 1.90000E+01    1.04923E-05
 1.92681E+01    1.10078E-05
 1.95399E+01    1.15307E-05
 1.98156E+01    1.20609E-05
 2.00000E+01    1.24156E-05
 2.02822E+01    1.27685E-05
 2.05683E+01    1.31264E-05
 2.08585E+01    1.34894E-05
 2.10000E+01    1.36664E-05
 2.12963E+01    1.35216E-05
 2.15967E+01    1.33747E-05
 2.19014E+01    1.32258E-05
 2.20000E+01    1.31776E-05
 2.23104E+01    1.26189E-05
 2.26251E+01    1.20524E-05
 2.29443E+01    1.14778E-05
 2.30000E+01    1.13776E-05
 2.33245E+01    1.12623E-05
 2.36536E+01    1.11455E-05
 2.39873E+01    1.10269E-05
 2.40000E+01    1.10224E-05
 2.43386E+01    1.10224E-05
 2.46820E+01    1.10225E-05
 2.50000E+01    1.10225E-05
 2.53527E+01    1.10329E-05
 2.57104E+01    1.10435E-05
 2.60000E+01    1.10520E-05
 2.63668E+01    1.10574E-05
 2.67388E+01    1.10629E-05
 2.70000E+01    1.10667E-05
 2.73809E+01    1.11282E-05
 2.77672E+01    1.11906E-05
 2.80000E+01    1.12282E-05
 2.83950E+01    1.10381E-05
 2.87956E+01    1.08453E-05
 2.90000E+01    1.07469E-05
 2.94091E+01    1.05546E-05
 2.98240E+01    1.03595E-05
 3.00000E+01    1.02768E-05
