# n + Ac222m: (n,2n)    
# tendl.2017 A.J. Koning and D. Rochman        EVAL-NOV17
# uncertainties: y
# # energies =    72
#   E(MeV)       xs(mb)       xslow(mb)      xsupp(mb)
 5.69873E+00    0.00000E+00    0.00000E+00    0.00000E+00
 5.80000E+00    5.95838E+00    1.97281E+00    9.94396E+00
 6.00000E+00    3.46145E+01    1.14608E+01    5.77682E+01
 6.20000E+00    9.81618E+01    3.25012E+01    1.63822E+02
 6.40000E+00    1.80415E+02    5.97350E+01    3.01095E+02
 6.60000E+00    2.73133E+02    9.04338E+01    4.55832E+02
 6.80000E+00    3.74130E+02    1.23874E+02    6.24386E+02
 7.00000E+00    4.78328E+02    1.58373E+02    7.98283E+02
 7.20000E+00    5.86357E+02    1.94142E+02    9.78572E+02
 7.40000E+00    6.97288E+02    2.30871E+02    1.16371E+03
 7.60000E+00    8.07806E+02    2.67463E+02    1.34815E+03
 7.80000E+00    9.16844E+02    3.03565E+02    1.53012E+03
 8.00000E+00    1.02212E+03    3.38422E+02    1.70582E+03
 8.50000E+00    1.26380E+03    4.18442E+02    2.10916E+03
 9.00000E+00    1.47184E+03    1.34215E+02    2.80946E+03
 9.50000E+00    1.64711E+03    1.50198E+02    3.14402E+03
 1.00000E+01    1.79007E+03    1.63234E+02    3.41691E+03
 1.05000E+01    1.90221E+03    1.73460E+02    3.63096E+03
 1.10000E+01    1.98805E+03    1.81288E+02    3.79481E+03
 1.15000E+01    2.05322E+03    1.87230E+02    3.91921E+03
 1.20000E+01    2.10220E+03    1.91697E+02    4.01270E+03
 1.25000E+01    2.13692E+03    1.94863E+02    4.07898E+03
 1.30000E+01    2.16130E+03    1.29715E+02    4.19289E+03
 1.35000E+01    2.17144E+03    1.30323E+02    4.21256E+03
 1.40000E+01    2.15810E+03    1.29523E+02    4.18668E+03
 1.45000E+01    2.11017E+03    1.26646E+02    4.09369E+03
 1.50000E+01    2.02599E+03    1.21594E+02    3.93039E+03
 1.60000E+01    1.74908E+03    2.72468E+02    3.22569E+03
 1.70000E+01    1.39919E+03    2.17963E+02    2.58042E+03
 1.80000E+01    1.07565E+03    1.67562E+02    1.98374E+03
 1.90000E+01    8.23501E+02    1.28283E+02    1.51872E+03
 2.00000E+01    6.51070E+02    1.71577E+02    1.13056E+03
 2.10000E+01    5.38988E+02    1.42040E+02    9.35936E+02
 2.20000E+01    4.64791E+02    1.22487E+02    8.07095E+02
 2.30000E+01    4.14476E+02    1.09227E+02    7.19725E+02
 2.40000E+01    3.78903E+02    1.14353E+02    6.43453E+02
 2.50000E+01    3.51881E+02    1.06198E+02    5.97565E+02
 2.60000E+01    3.32142E+02    1.00240E+02    5.64044E+02
 2.70000E+01    3.15325E+02    9.51649E+01    5.35485E+02
 2.80000E+01    3.02148E+02    9.11881E+01    5.13108E+02
 2.90000E+01    2.91420E+02    8.79504E+01    4.94890E+02
 3.00000E+01    2.81514E+02    8.49608E+01    4.78067E+02
 3.00000E+01    2.59588E+02    7.83434E+01    4.40832E+02
 3.20000E+01    2.45100E+02    7.39710E+01    4.16229E+02
 3.40000E+01    2.28281E+02    6.88950E+01    3.87666E+02
 3.60000E+01    2.14301E+02    6.46758E+01    3.63925E+02
 3.80000E+01    2.01787E+02    6.08992E+01    3.42675E+02
 4.00000E+01    1.90981E+02    5.76381E+01    3.24325E+02
 4.20000E+01    1.80749E+02    5.45500E+01    3.06949E+02
 4.40000E+01    1.71664E+02    5.18080E+01    2.91520E+02
 4.60000E+01    1.63253E+02    4.92696E+01    2.77236E+02
 4.80000E+01    1.55963E+02    4.70696E+01    2.64856E+02
 5.00000E+01    1.49725E+02    4.51870E+01    2.54263E+02
 5.20000E+01    1.44178E+02    4.35129E+01    2.44844E+02
 5.40000E+01    1.39439E+02    4.20826E+01    2.36795E+02
 5.60000E+01    1.35308E+02    4.08359E+01    2.29780E+02
 5.80000E+01    1.30925E+02    3.95131E+01    2.22337E+02
 6.00000E+01    1.27606E+02    3.85113E+01    2.16700E+02
 6.50000E+01    1.20677E+02    3.64201E+01    2.04933E+02
 7.00000E+01    1.14944E+02    3.46901E+01    1.95198E+02
 7.50000E+01    1.09971E+02    3.31891E+01    1.86752E+02
 8.00000E+01    1.05595E+02    3.18687E+01    1.79322E+02
 9.00000E+01    9.74653E+01    2.94150E+01    1.65516E+02
 1.00000E+02    9.08725E+01    2.74253E+01    1.54320E+02
 1.10000E+02    8.49342E+01    2.56331E+01    1.44235E+02
 1.20000E+02    7.97064E+01    2.40553E+01    1.35357E+02
 1.30000E+02    7.53738E+01    2.27478E+01    1.28000E+02
 1.40000E+02    7.10121E+01    2.14314E+01    1.20593E+02
 1.50000E+02    6.64693E+01    2.00604E+01    1.12878E+02
 1.60000E+02    6.04920E+01    1.82564E+01    1.02727E+02
 1.80000E+02    5.04030E+01    1.52116E+01    8.55944E+01
 2.00000E+02    4.31059E+01    1.30093E+01    7.32025E+01
