# n + Ac222m:  n        
# tendl.2017 A.J. Koning and D. Rochman        EVAL-NOV17
# uncertainties: n
# # energies =    81
#   E(MeV)       xs(mb) 
 3.60000E+00    0.00000E+00
 3.80000E+00    3.47985E-15
 4.00000E+00    3.17989E-14
 4.20000E+00    1.58605E-13
 4.40000E+00    7.29859E-13
 4.60000E+00    3.34763E-12
 4.80000E+00    1.55163E-11
 5.00000E+00    7.28762E-11
 5.20000E+00    3.46391E-10
 5.40000E+00    1.66699E-09
 5.60000E+00    8.12728E-09
 5.80000E+00    3.83344E-08
 6.00000E+00    1.66483E-07
 6.20000E+00    7.41228E-07
 6.40000E+00    3.40804E-06
 6.60000E+00    1.58788E-05
 6.80000E+00    7.22493E-05
 7.00000E+00    3.27111E-04
 7.20000E+00    1.50496E-03
 7.40000E+00    7.06004E-03
 7.60000E+00    3.32317E-02
 7.80000E+00    1.43492E-01
 8.00000E+00    4.63951E-01
 8.50000E+00    2.65488E+00
 9.00000E+00    6.56530E+00
 9.50000E+00    1.13676E+01
 1.00000E+01    1.64516E+01
 1.05000E+01    2.12688E+01
 1.10000E+01    2.55855E+01
 1.15000E+01    2.93678E+01
 1.20000E+01    3.25389E+01
 1.25000E+01    3.52043E+01
 1.30000E+01    3.74104E+01
 1.35000E+01    3.91380E+01
 1.40000E+01    4.04678E+01
 1.45000E+01    4.14938E+01
 1.50000E+01    4.22447E+01
 1.60000E+01    4.33113E+01
 1.70000E+01    4.38244E+01
 1.80000E+01    4.40856E+01
 1.90000E+01    4.41350E+01
 2.00000E+01    4.43511E+01
 2.10000E+01    4.44323E+01
 2.20000E+01    4.43762E+01
 2.30000E+01    4.43154E+01
 2.40000E+01    4.40134E+01
 2.50000E+01    4.36539E+01
 2.60000E+01    4.33662E+01
 2.70000E+01    4.29952E+01
 2.80000E+01    4.26104E+01
 2.90000E+01    4.22992E+01
 3.00000E+01    4.19426E+01
 3.20000E+01    4.11889E+01
 3.40000E+01    4.06388E+01
 3.60000E+01    4.03579E+01
 3.80000E+01    4.03587E+01
 4.00000E+01    4.07532E+01
 4.20000E+01    4.14811E+01
 4.40000E+01    4.27377E+01
 4.60000E+01    4.44209E+01
 4.80000E+01    4.66567E+01
 5.00000E+01    4.93372E+01
 5.20000E+01    5.24121E+01
 5.40000E+01    5.57646E+01
 5.60000E+01    5.92958E+01
 5.80000E+01    6.27978E+01
 6.00000E+01    6.59904E+01
 6.50000E+01    7.08152E+01
 7.00000E+01    6.83410E+01
 7.50000E+01    5.74755E+01
 8.00000E+01    4.32952E+01
 9.00000E+01    2.38353E+01
 1.00000E+02    1.55448E+01
 1.10000E+02    1.15671E+01
 1.20000E+02    8.90214E+00
 1.30000E+02    7.10827E+00
 1.40000E+02    5.82975E+00
 1.50000E+02    4.87473E+00
 1.60000E+02    4.12585E+00
 1.80000E+02    3.08494E+00
 2.00000E+02    2.39698E+00
