# n + Ac222m: (n,xt)    
# tendl.2017 A.J. Koning and D. Rochman        EVAL-NOV17
# 
# # energies =   413
#   E(MeV)        xs(mb) 
 6.50852E-05    2.00006E-17
 6.53020E-05    2.00005E-17
 6.53088E-05    2.00005E-17
 6.53121E-05    2.00005E-17
 6.53138E-05    2.00005E-17
 6.53155E-05    2.00005E-17
 6.53172E-05    2.00005E-17
 6.53189E-05    2.00005E-17
 6.53206E-05    2.00005E-17
 6.53223E-05    2.00005E-17
 6.53240E-05    2.00005E-17
 6.53257E-05    2.00005E-17
 6.53274E-05    2.00005E-17
 6.53291E-05    2.00005E-17
 6.53308E-05    2.00005E-17
 6.53325E-05    2.00005E-17
 6.53342E-05    2.00005E-17
 6.53359E-05    2.00005E-17
 6.53376E-05    2.00005E-17
 6.53392E-05    2.00005E-17
 6.53409E-05    2.00005E-17
 6.53426E-05    2.00005E-17
 6.53443E-05    2.00005E-17
 6.53460E-05    2.00005E-17
 6.53477E-05    2.00005E-17
 6.53494E-05    2.00005E-17
 6.53511E-05    2.00005E-17
 6.53528E-05    2.00005E-17
 6.53545E-05    2.00005E-17
 6.53562E-05    2.00005E-17
 6.53579E-05    2.00005E-17
 6.53596E-05    2.00005E-17
 6.53613E-05    2.00005E-17
 6.53630E-05    2.00005E-17
 6.53647E-05    2.00005E-17
 6.53663E-05    2.00005E-17
 6.53680E-05    2.00005E-17
 6.53697E-05    2.00005E-17
 6.53714E-05    2.00005E-17
 6.53731E-05    2.00005E-17
 6.53748E-05    2.00005E-17
 6.53765E-05    2.00005E-17
 6.53782E-05    2.00005E-17
 6.53799E-05    2.00005E-17
 6.53816E-05    2.00005E-17
 6.53833E-05    2.00005E-17
 6.53850E-05    2.00005E-17
 6.53867E-05    2.00005E-17
 6.53884E-05    2.00005E-17
 6.53901E-05    2.00005E-17
 6.53918E-05    2.00005E-17
 6.53934E-05    2.00005E-17
 6.53951E-05    2.00005E-17
 6.53968E-05    2.00005E-17
 6.53985E-05    2.00005E-17
 6.54002E-05    2.00005E-17
 6.54019E-05    2.00005E-17
 6.54036E-05    2.00005E-17
 6.54053E-05    2.00005E-17
 6.54070E-05    2.00005E-17
 6.54087E-05    2.00005E-17
 6.54104E-05    2.00005E-17
 6.54121E-05    2.00005E-17
 6.54138E-05    2.00005E-17
 6.54155E-05    2.00005E-17
 6.54172E-05    2.00005E-17
 6.54189E-05    2.00005E-17
 6.54206E-05    2.00005E-17
 6.54222E-05    2.00005E-17
 6.54239E-05    2.00005E-17
 6.54256E-05    2.00005E-17
 6.54273E-05    2.00005E-17
 6.54290E-05    2.00005E-17
 6.54307E-05    2.00005E-17
 6.54332E-05    2.00005E-17
 6.54358E-05    2.00005E-17
 6.54383E-05    2.00005E-17
 6.54409E-05    2.00005E-17
 6.54434E-05    2.00005E-17
 6.54460E-05    2.00005E-17
 6.54485E-05    2.00005E-17
 6.54510E-05    2.00005E-17
 6.54536E-05    2.00005E-17
 6.54561E-05    2.00005E-17
 6.54587E-05    2.00005E-17
 6.54612E-05    2.00005E-17
 6.54637E-05    2.00005E-17
 6.54663E-05    2.00005E-17
 6.54688E-05    2.00005E-17
 6.54714E-05    2.00005E-17
 6.54739E-05    2.00005E-17
 6.54764E-05    2.00005E-17
 6.54790E-05    2.00005E-17
 6.54815E-05    2.00005E-17
 6.54841E-05    2.00005E-17
 6.54866E-05    2.00005E-17
 6.54891E-05    2.00005E-17
 6.54917E-05    2.00005E-17
 6.54942E-05    2.00005E-17
 6.54968E-05    2.00005E-17
 6.54993E-05    2.00005E-17
 6.55018E-05    2.00005E-17
 6.55044E-05    2.00005E-17
 6.55069E-05    2.00005E-17
 6.55095E-05    2.00005E-17
 6.55120E-05    2.00005E-17
 6.55145E-05    2.00005E-17
 6.55171E-05    2.00005E-17
 6.55196E-05    2.00005E-17
 6.55222E-05    2.00005E-17
 6.55247E-05    2.00005E-17
 6.55272E-05    2.00005E-17
 6.55298E-05    2.00005E-17
 6.55323E-05    2.00005E-17
 6.55349E-05    2.00005E-17
 6.55374E-05    2.00005E-17
 6.55399E-05    2.00005E-17
 6.55425E-05    2.00005E-17
 6.55450E-05    2.00005E-17
 6.55476E-05    2.00005E-17
 6.55501E-05    2.00005E-17
 6.55527E-05    2.00005E-17
 6.55552E-05    2.00005E-17
 6.55577E-05    2.00005E-17
 6.55603E-05    2.00005E-17
 6.55628E-05    2.00005E-17
 6.55654E-05    2.00005E-17
 6.55679E-05    2.00005E-17
 6.55704E-05    2.00005E-17
 6.55730E-05    2.00005E-17
 6.55755E-05    2.00005E-17
 6.55781E-05    2.00005E-17
 6.55806E-05    2.00005E-17
 6.55831E-05    2.00005E-17
 6.55857E-05    2.00005E-17
 6.55882E-05    2.00005E-17
 6.55908E-05    2.00005E-17
 6.55933E-05    2.00005E-17
 6.55958E-05    2.00005E-17
 6.55984E-05    2.00005E-17
 6.56009E-05    2.00005E-17
 6.56035E-05    2.00005E-17
 6.56060E-05    2.00005E-17
 6.56085E-05    2.00005E-17
 6.56119E-05    2.00005E-17
 6.56153E-05    2.00005E-17
 6.56187E-05    2.00005E-17
 6.56221E-05    2.00005E-17
 6.56255E-05    2.00005E-17
 6.56289E-05    2.00005E-17
 6.56323E-05    2.00005E-17
 6.56356E-05    2.00005E-17
 6.56390E-05    2.00005E-17
 6.56424E-05    2.00005E-17
 6.56458E-05    2.00005E-17
 6.56492E-05    2.00005E-17
 6.56526E-05    2.00005E-17
 6.56560E-05    2.00005E-17
 6.56594E-05    2.00005E-17
 6.56627E-05    2.00005E-17
 6.56661E-05    2.00005E-17
 6.56695E-05    2.00005E-17
 6.56729E-05    2.00005E-17
 6.56763E-05    2.00005E-17
 6.56797E-05    2.00005E-17
 6.56831E-05    2.00005E-17
 6.56865E-05    2.00005E-17
 6.56898E-05    2.00005E-17
 6.56932E-05    2.00005E-17
 6.56966E-05    2.00005E-17
 6.57000E-05    2.00005E-17
 6.57034E-05    2.00005E-17
 6.57068E-05    2.00005E-17
 6.57102E-05    2.00005E-17
 6.57136E-05    2.00005E-17
 6.57169E-05    2.00005E-17
 6.57203E-05    2.00005E-17
 6.57237E-05    2.00005E-17
 6.57271E-05    2.00005E-17
 6.57305E-05    2.00005E-17
 6.57339E-05    2.00005E-17
 6.57373E-05    2.00005E-17
 6.57407E-05    2.00005E-17
 6.57457E-05    2.00005E-17
 6.57508E-05    2.00005E-17
 6.57559E-05    2.00005E-17
 6.57610E-05    2.00005E-17
 6.57660E-05    2.00005E-17
 6.57711E-05    2.00005E-17
 6.57762E-05    2.00005E-17
 6.57813E-05    2.00005E-17
 6.57864E-05    2.00005E-17
 6.57915E-05    2.00005E-17
 6.57965E-05    2.00005E-17
 6.58016E-05    2.00005E-17
 6.58067E-05    2.00005E-17
 6.58118E-05    2.00005E-17
 6.58169E-05    2.00005E-17
 6.58219E-05    2.00005E-17
 6.58270E-05    2.00005E-17
 6.58321E-05    2.00005E-17
 6.58372E-05    2.00005E-17
 6.58423E-05    2.00005E-17
 6.58490E-05    2.00005E-17
 6.58558E-05    2.00005E-17
 6.58609E-05    2.00005E-17
 6.58677E-05    2.00005E-17
 6.58745E-05    2.00005E-17
 6.58812E-05    2.00005E-17
 6.58880E-05    2.00005E-17
 6.58948E-05    2.00005E-17
 6.59015E-05    2.00005E-17
 6.59083E-05    2.00005E-17
 6.59151E-05    2.00005E-17
 6.59219E-05    2.00005E-17
 6.59320E-05    2.00005E-17
 6.59422E-05    2.00005E-17
 6.59524E-05    2.00005E-17
 6.59611E-05    2.00005E-17
 6.59698E-05    2.00005E-17
 6.59829E-05    2.00005E-17
 6.59960E-05    2.00005E-17
 6.60091E-05    2.00005E-17
 6.60222E-05    2.00005E-17
 6.60353E-05    2.00005E-17
 6.60528E-05    2.00005E-17
 6.60703E-05    2.00005E-17
 6.60921E-05    2.00005E-17
 6.61183E-05    2.00005E-17
 6.61533E-05    2.00005E-17
 6.62057E-05    2.00005E-17
 6.63341E-05    2.00005E-17
 9.97143E-05    2.00002E-17
 1.00000E-04    2.00002E-17
 1.01411E-04    2.00002E-17
 2.00071E-04    2.00000E-17
 3.00000E-04    2.00000E-17
 6.00000E-04    2.00000E-17
 1.00000E-03    2.00000E-17
 2.00000E-03    2.00000E-17
 3.00000E-03    2.00000E-17
 6.00000E-03    2.00000E-17
 1.00000E-02    2.00000E-17
 1.73334E-02    2.00000E-17
 2.01411E-02    2.00000E-17
 3.04647E-02    2.00000E-17
 4.24094E-02    2.00000E-17
 5.51062E-02    2.00000E-17
 6.08465E-02    2.00000E-17
 6.71805E-02    2.00000E-17
 8.53007E-02    2.00000E-17
 9.88595E-02    2.00000E-17
 1.00705E-01    2.00000E-17
 1.45266E-01    2.00000E-17
 1.58151E-01    2.00000E-17
 1.64411E-01    2.00000E-17
 1.90641E-01    2.00000E-17
 2.00000E-01    2.00000E-17
 2.14408E-01    2.00000E-17
 2.25565E-01    2.00000E-17
 2.29168E-01    2.00126E-17
 3.00000E-01    2.10112E-17
 4.02822E-01    2.24609E-17
 5.03527E-01    2.38808E-17
 6.12757E-01    2.54208E-17
 8.17009E-01    2.83006E-17
 9.06349E-01    2.95601E-17
 1.00000E+00    3.08805E-17
 1.20000E+00    3.37003E-17
 1.40988E+00    3.66594E-17
 1.60000E+00    3.93399E-17
 1.80000E+00    4.21597E-17
 2.00000E+00    4.49795E-17
 2.20000E+00    4.77993E-17
 2.41693E+00    5.08578E-17
 2.71160E+00    5.50124E-17
 3.06379E+00    5.99778E-17
 3.33736E+00    2.42915E-16
 4.08505E+00    7.33622E-14
 5.07054E+00    4.78295E-11
 5.43809E+00    1.93900E-10
 5.80000E+00    7.10788E-10
 6.00000E+00    1.33480E-09
 6.20000E+00    2.55898E-09
 6.49029E+00    6.69756E-09
 6.80000E+00    2.06271E-08
 7.20000E+00    7.33227E-08
 8.11287E+00    2.43184E-06
 8.50000E+00    6.49955E-06
 9.00000E+00    3.03381E-05
 9.50000E+00    8.27717E-05
 1.00000E+01    3.13744E-04
 1.01411E+01    5.27279E-04
 1.02842E+01    7.43826E-04
 1.04292E+01    9.63429E-04
 1.05000E+01    1.07052E-03
 1.06481E+01    1.72795E-03
 1.07984E+01    2.39464E-03
 1.09507E+01    3.07075E-03
 1.10000E+01    3.28951E-03
 1.11552E+01    5.10343E-03
 1.13126E+01    6.94295E-03
 1.14722E+01    8.80842E-03
 1.15000E+01    9.13371E-03
 1.16622E+01    1.36209E-02
 1.18268E+01    1.81713E-02
 1.19936E+01    2.27860E-02
 1.20000E+01    2.29621E-02
 1.21693E+01    3.28586E-02
 1.23410E+01    4.28947E-02
 1.25000E+01    5.21900E-02
 1.26764E+01    7.15210E-02
 1.28552E+01    9.11250E-02
 1.30000E+01    1.06998E-01
 1.31834E+01    1.40521E-01
 1.33694E+01    1.74516E-01
 1.35000E+01    1.98386E-01
 1.36905E+01    2.50735E-01
 1.38836E+01    3.03821E-01
 1.40000E+01    3.35811E-01
 1.41975E+01    4.10860E-01
 1.43978E+01    4.86967E-01
 1.45000E+01    5.25793E-01
 1.47046E+01    6.26388E-01
 1.49120E+01    7.28402E-01
 1.50000E+01    7.71664E-01
 1.52116E+01    9.11129E-01
 1.54262E+01    1.05256E+00
 1.56439E+01    1.19599E+00
 1.58646E+01    1.34144E+00
 1.60000E+01    1.43069E+00
 1.62257E+01    1.62537E+00
 1.64546E+01    1.82279E+00
 1.66868E+01    2.02300E+00
 1.69222E+01    2.22604E+00
 1.70000E+01    2.29312E+00
 1.72398E+01    2.53961E+00
 1.74831E+01    2.78957E+00
 1.77297E+01    3.04306E+00
 1.79799E+01    3.30013E+00
 1.80000E+01    3.32084E+00
 1.82539E+01    3.61266E+00
 1.85115E+01    3.90861E+00
 1.87726E+01    4.20872E+00
 1.90000E+01    4.46999E+00
 1.92681E+01    4.79919E+00
 1.95399E+01    5.13304E+00
 1.98156E+01    5.47159E+00
 2.00000E+01    5.69810E+00
 2.02822E+01    6.05639E+00
 2.05683E+01    6.41973E+00
 2.08585E+01    6.78820E+00
 2.10000E+01    6.96789E+00
 2.12963E+01    7.34758E+00
 2.15967E+01    7.73263E+00
 2.19014E+01    8.12311E+00
 2.20000E+01    8.24945E+00
 2.23104E+01    8.63367E+00
 2.26251E+01    9.02330E+00
 2.29443E+01    9.41843E+00
 2.30000E+01    9.48734E+00
 2.33245E+01    9.88373E+00
 2.36536E+01    1.02857E+01
 2.39873E+01    1.06934E+01
 2.40000E+01    1.07089E+01
 2.43386E+01    1.10955E+01
 2.46820E+01    1.14874E+01
 2.50000E+01    1.18505E+01
 2.53527E+01    1.22008E+01
 2.57104E+01    1.25562E+01
 2.60000E+01    1.28439E+01
 2.63668E+01    1.31435E+01
 2.67388E+01    1.34474E+01
 2.70000E+01    1.36607E+01
 2.73809E+01    1.38851E+01
 2.77672E+01    1.41125E+01
 2.80000E+01    1.42496E+01
 2.83950E+01    1.43961E+01
 2.87956E+01    1.45447E+01
 2.90000E+01    1.46204E+01
 2.94091E+01    1.46883E+01
 2.98240E+01    1.47572E+01
 3.00000E+01    1.47864E+01
 3.00000E+01    1.61719E+01
 3.20000E+01    1.80813E+01
 3.40000E+01    1.99629E+01
 3.60000E+01    2.19994E+01
 3.80000E+01    2.43135E+01
 4.00000E+01    2.70338E+01
 4.20000E+01    3.02115E+01
 4.40000E+01    3.38210E+01
 4.60000E+01    3.78243E+01
 4.80000E+01    4.21784E+01
 5.00000E+01    4.67101E+01
 5.20000E+01    5.11471E+01
 5.40000E+01    5.52680E+01
 5.60000E+01    5.90131E+01
 5.80000E+01    6.23566E+01
 6.00000E+01    6.53092E+01
 6.50000E+01    7.09922E+01
 7.00000E+01    7.42944E+01
 7.50000E+01    7.54063E+01
 8.00000E+01    7.62057E+01
 9.00000E+01    7.89595E+01
 1.00000E+02    8.28808E+01
 1.10000E+02    8.46630E+01
 1.20000E+02    8.51975E+01
 1.30000E+02    8.63765E+01
 1.40000E+02    8.69994E+01
 1.50000E+02    8.93442E+01
 1.60000E+02    9.67315E+01
 1.80000E+02    1.26201E+02
 2.00000E+02    2.34495E+02
