# n + Ac222m: (n,xa)    
# tendl.2017 A.J. Koning and D. Rochman        EVAL-NOV17
# 
# # energies =   413
#   E(MeV)        xs(mb) 
 6.50852E-05    4.47121E-01
 6.53020E-05    4.54325E-01
 6.53088E-05    4.54550E-01
 6.53121E-05    4.54662E-01
 6.53138E-05    4.54719E-01
 6.53155E-05    4.54775E-01
 6.53172E-05    4.54831E-01
 6.53189E-05    4.54888E-01
 6.53206E-05    4.54944E-01
 6.53223E-05    4.55000E-01
 6.53240E-05    4.55057E-01
 6.53257E-05    4.55113E-01
 6.53274E-05    4.55169E-01
 6.53291E-05    4.55225E-01
 6.53308E-05    4.55282E-01
 6.53325E-05    4.55338E-01
 6.53342E-05    4.55394E-01
 6.53359E-05    4.55450E-01
 6.53376E-05    4.55507E-01
 6.53392E-05    4.55563E-01
 6.53409E-05    4.55619E-01
 6.53426E-05    4.55676E-01
 6.53443E-05    4.55732E-01
 6.53460E-05    4.55788E-01
 6.53477E-05    4.55845E-01
 6.53494E-05    4.55901E-01
 6.53511E-05    4.55957E-01
 6.53528E-05    4.56013E-01
 6.53545E-05    4.56070E-01
 6.53562E-05    4.56126E-01
 6.53579E-05    4.56182E-01
 6.53596E-05    4.56238E-01
 6.53613E-05    4.56295E-01
 6.53630E-05    4.56351E-01
 6.53647E-05    4.56407E-01
 6.53663E-05    4.56464E-01
 6.53680E-05    4.56520E-01
 6.53697E-05    4.56576E-01
 6.53714E-05    4.56633E-01
 6.53731E-05    4.56689E-01
 6.53748E-05    4.56745E-01
 6.53765E-05    4.56801E-01
 6.53782E-05    4.56858E-01
 6.53799E-05    4.56914E-01
 6.53816E-05    4.56970E-01
 6.53833E-05    4.57026E-01
 6.53850E-05    4.57083E-01
 6.53867E-05    4.57139E-01
 6.53884E-05    4.57195E-01
 6.53901E-05    4.57252E-01
 6.53918E-05    4.57308E-01
 6.53934E-05    4.57364E-01
 6.53951E-05    4.57421E-01
 6.53968E-05    4.57477E-01
 6.53985E-05    4.57533E-01
 6.54002E-05    4.57589E-01
 6.54019E-05    4.57646E-01
 6.54036E-05    4.57702E-01
 6.54053E-05    4.57758E-01
 6.54070E-05    4.57814E-01
 6.54087E-05    4.57871E-01
 6.54104E-05    4.57927E-01
 6.54121E-05    4.57983E-01
 6.54138E-05    4.58039E-01
 6.54155E-05    4.58096E-01
 6.54172E-05    4.58152E-01
 6.54189E-05    4.58209E-01
 6.54206E-05    4.58265E-01
 6.54222E-05    4.58321E-01
 6.54239E-05    4.58377E-01
 6.54256E-05    4.58434E-01
 6.54273E-05    4.58490E-01
 6.54290E-05    4.58546E-01
 6.54307E-05    4.58602E-01
 6.54332E-05    4.58687E-01
 6.54358E-05    4.58771E-01
 6.54383E-05    4.58856E-01
 6.54409E-05    4.58940E-01
 6.54434E-05    4.59025E-01
 6.54460E-05    4.59109E-01
 6.54485E-05    4.59193E-01
 6.54510E-05    4.59278E-01
 6.54536E-05    4.59362E-01
 6.54561E-05    4.59447E-01
 6.54587E-05    4.59531E-01
 6.54612E-05    4.59615E-01
 6.54637E-05    4.59700E-01
 6.54663E-05    4.59784E-01
 6.54688E-05    4.59869E-01
 6.54714E-05    4.59953E-01
 6.54739E-05    4.60038E-01
 6.54764E-05    4.60122E-01
 6.54790E-05    4.60207E-01
 6.54815E-05    4.60291E-01
 6.54841E-05    4.60375E-01
 6.54866E-05    4.60460E-01
 6.54891E-05    4.60544E-01
 6.54917E-05    4.60629E-01
 6.54942E-05    4.60713E-01
 6.54968E-05    4.60798E-01
 6.54993E-05    4.60882E-01
 6.55018E-05    4.60966E-01
 6.55044E-05    4.61051E-01
 6.55069E-05    4.61135E-01
 6.55095E-05    4.61219E-01
 6.55120E-05    4.61304E-01
 6.55145E-05    4.61388E-01
 6.55171E-05    4.61473E-01
 6.55196E-05    4.61557E-01
 6.55222E-05    4.61642E-01
 6.55247E-05    4.61726E-01
 6.55272E-05    4.61810E-01
 6.55298E-05    4.61895E-01
 6.55323E-05    4.61979E-01
 6.55349E-05    4.62064E-01
 6.55374E-05    4.62148E-01
 6.55399E-05    4.62233E-01
 6.55425E-05    4.62317E-01
 6.55450E-05    4.62401E-01
 6.55476E-05    4.62486E-01
 6.55501E-05    4.62570E-01
 6.55527E-05    4.62655E-01
 6.55552E-05    4.62739E-01
 6.55577E-05    4.62824E-01
 6.55603E-05    4.62908E-01
 6.55628E-05    4.62992E-01
 6.55654E-05    4.63077E-01
 6.55679E-05    4.63161E-01
 6.55704E-05    4.63246E-01
 6.55730E-05    4.63330E-01
 6.55755E-05    4.63414E-01
 6.55781E-05    4.63499E-01
 6.55806E-05    4.63583E-01
 6.55831E-05    4.63668E-01
 6.55857E-05    4.63752E-01
 6.55882E-05    4.63837E-01
 6.55908E-05    4.63921E-01
 6.55933E-05    4.64005E-01
 6.55958E-05    4.64090E-01
 6.55984E-05    4.64174E-01
 6.56009E-05    4.64259E-01
 6.56035E-05    4.64343E-01
 6.56060E-05    4.64428E-01
 6.56085E-05    4.64512E-01
 6.56119E-05    4.64625E-01
 6.56153E-05    4.64737E-01
 6.56187E-05    4.64850E-01
 6.56221E-05    4.64962E-01
 6.56255E-05    4.65075E-01
 6.56289E-05    4.65187E-01
 6.56323E-05    4.65300E-01
 6.56356E-05    4.65413E-01
 6.56390E-05    4.65525E-01
 6.56424E-05    4.65638E-01
 6.56458E-05    4.65750E-01
 6.56492E-05    4.65863E-01
 6.56526E-05    4.65975E-01
 6.56560E-05    4.66088E-01
 6.56594E-05    4.66201E-01
 6.56627E-05    4.66313E-01
 6.56661E-05    4.66426E-01
 6.56695E-05    4.66538E-01
 6.56729E-05    4.66651E-01
 6.56763E-05    4.66763E-01
 6.56797E-05    4.66876E-01
 6.56831E-05    4.66989E-01
 6.56865E-05    4.67101E-01
 6.56898E-05    4.67214E-01
 6.56932E-05    4.67326E-01
 6.56966E-05    4.67439E-01
 6.57000E-05    4.67551E-01
 6.57034E-05    4.67664E-01
 6.57068E-05    4.67777E-01
 6.57102E-05    4.67889E-01
 6.57136E-05    4.68002E-01
 6.57169E-05    4.68114E-01
 6.57203E-05    4.68227E-01
 6.57237E-05    4.68339E-01
 6.57271E-05    4.68452E-01
 6.57305E-05    4.68565E-01
 6.57339E-05    4.68677E-01
 6.57373E-05    4.68790E-01
 6.57407E-05    4.68902E-01
 6.57457E-05    4.69071E-01
 6.57508E-05    4.69240E-01
 6.57559E-05    4.69409E-01
 6.57610E-05    4.69578E-01
 6.57660E-05    4.69746E-01
 6.57711E-05    4.69881E-01
 6.57762E-05    4.70000E-01
 6.57813E-05    4.70120E-01
 6.57864E-05    4.70239E-01
 6.57915E-05    4.70359E-01
 6.57965E-05    4.70478E-01
 6.58016E-05    4.70598E-01
 6.58067E-05    4.70717E-01
 6.58118E-05    4.70837E-01
 6.58169E-05    4.70956E-01
 6.58219E-05    4.71075E-01
 6.58270E-05    4.71195E-01
 6.58321E-05    4.71314E-01
 6.58372E-05    4.71434E-01
 6.58423E-05    4.71553E-01
 6.58490E-05    4.71712E-01
 6.58558E-05    4.71872E-01
 6.58609E-05    4.71991E-01
 6.58677E-05    4.72150E-01
 6.58745E-05    4.72309E-01
 6.58812E-05    4.72469E-01
 6.58880E-05    4.72628E-01
 6.58948E-05    4.72787E-01
 6.59015E-05    4.72946E-01
 6.59083E-05    4.73106E-01
 6.59151E-05    4.73265E-01
 6.59219E-05    4.73424E-01
 6.59320E-05    4.73663E-01
 6.59422E-05    4.73902E-01
 6.59524E-05    4.74141E-01
 6.59611E-05    4.74197E-01
 6.59698E-05    4.74254E-01
 6.59829E-05    4.74339E-01
 6.59960E-05    4.74425E-01
 6.60091E-05    4.74510E-01
 6.60222E-05    4.74595E-01
 6.60353E-05    4.74680E-01
 6.60528E-05    4.74794E-01
 6.60703E-05    4.74887E-01
 6.60921E-05    4.74749E-01
 6.61183E-05    4.74585E-01
 6.61533E-05    4.74365E-01
 6.62057E-05    4.74036E-01
 6.63341E-05    4.73229E-01
 9.97143E-05    2.63440E-01
 1.00000E-04    2.62048E-01
 1.01411E-04    2.60481E-01
 2.00071E-04    1.84889E-01
 3.00000E-04    1.51023E-01
 6.00000E-04    1.07014E-01
 1.00000E-03    8.32301E-02
 2.00000E-03    5.96046E-02
 3.00000E-03    4.93598E-02
 6.00000E-03    3.65052E-02
 1.00000E-02    3.00296E-02
 1.73334E-02    2.58525E-02
 2.01411E-02    2.43064E-02
 3.04647E-02    2.23847E-02
 4.24094E-02    2.18721E-02
 5.51062E-02    2.13272E-02
 6.08465E-02    2.11209E-02
 6.71805E-02    2.11489E-02
 8.53007E-02    2.12291E-02
 9.88595E-02    2.12890E-02
 1.00705E-01    2.12972E-02
 1.45266E-01    2.18451E-02
 1.58151E-01    2.20069E-02
 1.64411E-01    2.20855E-02
 1.90641E-01    2.24148E-02
 2.00000E-01    2.25323E-02
 2.14408E-01    2.26239E-02
 2.25565E-01    2.26781E-02
 2.29168E-01    2.26955E-02
 3.00000E-01    2.30392E-02
 4.02822E-01    2.29972E-02
 5.03527E-01    2.26667E-02
 6.12757E-01    2.23227E-02
 8.17009E-01    2.25618E-02
 9.06349E-01    2.29616E-02
 1.00000E+00    2.35264E-02
 1.20000E+00    2.52623E-02
 1.40988E+00    2.74466E-02
 1.60000E+00    2.85706E-02
 1.80000E+00    2.87572E-02
 2.00000E+00    2.78674E-02
 2.20000E+00    2.63652E-02
 2.41693E+00    2.46334E-02
 2.71160E+00    2.23706E-02
 3.06379E+00    2.04291E-02
 3.33736E+00    1.93957E-02
 4.08505E+00    1.89508E-02
 5.07054E+00    2.37446E-02
 5.43809E+00    2.79846E-02
 5.80000E+00    3.55814E-02
 6.00000E+00    3.96609E-02
 6.20000E+00    4.87846E-02
 6.49029E+00    6.25794E-02
 6.80000E+00    9.60680E-02
 7.20000E+00    2.11957E-01
 8.11287E+00    1.20217E+00
 8.50000E+00    2.15134E+00
 9.00000E+00    4.24665E+00
 9.50000E+00    7.33802E+00
 1.00000E+01    1.11145E+01
 1.01411E+01    1.23552E+01
 1.02842E+01    1.36134E+01
 1.04292E+01    1.48894E+01
 1.05000E+01    1.55117E+01
 1.06481E+01    1.68829E+01
 1.07984E+01    1.82736E+01
 1.09507E+01    1.96838E+01
 1.10000E+01    2.01401E+01
 1.11552E+01    2.16588E+01
 1.13126E+01    2.31989E+01
 1.14722E+01    2.47608E+01
 1.15000E+01    2.50331E+01
 1.16622E+01    2.65690E+01
 1.18268E+01    2.81265E+01
 1.19936E+01    2.97060E+01
 1.20000E+01    2.97663E+01
 1.21693E+01    3.15377E+01
 1.23410E+01    3.33342E+01
 1.25000E+01    3.49981E+01
 1.26764E+01    3.65557E+01
 1.28552E+01    3.81353E+01
 1.30000E+01    3.94143E+01
 1.31834E+01    4.11814E+01
 1.33694E+01    4.29735E+01
 1.35000E+01    4.42319E+01
 1.36905E+01    4.55604E+01
 1.38836E+01    4.69077E+01
 1.40000E+01    4.77195E+01
 1.41975E+01    4.98199E+01
 1.43978E+01    5.19498E+01
 1.45000E+01    5.30364E+01
 1.47046E+01    5.43908E+01
 1.49120E+01    5.57644E+01
 1.50000E+01    5.63469E+01
 1.52116E+01    5.84195E+01
 1.54262E+01    6.05214E+01
 1.56439E+01    6.26529E+01
 1.58646E+01    6.48145E+01
 1.60000E+01    6.61409E+01
 1.62257E+01    6.88271E+01
 1.64546E+01    7.15513E+01
 1.66868E+01    7.43139E+01
 1.69222E+01    7.71155E+01
 1.70000E+01    7.80412E+01
 1.72398E+01    8.15614E+01
 1.74831E+01    8.51314E+01
 1.77297E+01    8.87517E+01
 1.79799E+01    9.24231E+01
 1.80000E+01    9.27188E+01
 1.82539E+01    9.71103E+01
 1.85115E+01    1.01564E+02
 1.87726E+01    1.06080E+02
 1.90000E+01    1.10012E+02
 1.92681E+01    1.14981E+02
 1.95399E+01    1.20020E+02
 1.98156E+01    1.25130E+02
 2.00000E+01    1.28549E+02
 2.02822E+01    1.31651E+02
 2.05683E+01    1.34797E+02
 2.08585E+01    1.37987E+02
 2.10000E+01    1.39543E+02
 2.12963E+01    1.41346E+02
 2.15967E+01    1.43174E+02
 2.19014E+01    1.45028E+02
 2.20000E+01    1.45628E+02
 2.23104E+01    1.46270E+02
 2.26251E+01    1.46921E+02
 2.29443E+01    1.47581E+02
 2.30000E+01    1.47696E+02
 2.33245E+01    1.46997E+02
 2.36536E+01    1.46288E+02
 2.39873E+01    1.45569E+02
 2.40000E+01    1.45541E+02
 2.43386E+01    1.45114E+02
 2.46820E+01    1.44681E+02
 2.50000E+01    1.44280E+02
 2.53527E+01    1.41705E+02
 2.57104E+01    1.39094E+02
 2.60000E+01    1.36979E+02
 2.63668E+01    1.34614E+02
 2.67388E+01    1.32214E+02
 2.70000E+01    1.30530E+02
 2.73809E+01    1.28076E+02
 2.77672E+01    1.25588E+02
 2.80000E+01    1.24089E+02
 2.83950E+01    1.23072E+02
 2.87956E+01    1.22040E+02
 2.90000E+01    1.21514E+02
 2.94091E+01    1.19953E+02
 2.98240E+01    1.18370E+02
 3.00000E+01    1.17698E+02
 3.00000E+01    1.25477E+02
 3.20000E+01    1.43923E+02
 3.40000E+01    1.87400E+02
 3.60000E+01    2.37876E+02
 3.80000E+01    2.80530E+02
 4.00000E+01    3.09886E+02
 4.20000E+01    3.22845E+02
 4.40000E+01    3.28322E+02
 4.60000E+01    3.29993E+02
 4.80000E+01    3.24381E+02
 5.00000E+01    3.18352E+02
 5.20000E+01    3.15021E+02
 5.40000E+01    3.11132E+02
 5.60000E+01    3.07493E+02
 5.80000E+01    3.04807E+02
 6.00000E+01    3.01823E+02
 6.50000E+01    2.99037E+02
 7.00000E+01    2.90716E+02
 7.50000E+01    2.77969E+02
 8.00000E+01    2.72544E+02
 9.00000E+01    2.72570E+02
 1.00000E+02    2.66882E+02
 1.10000E+02    2.62401E+02
 1.20000E+02    2.58749E+02
 1.30000E+02    2.61915E+02
 1.40000E+02    2.65480E+02
 1.50000E+02    2.65903E+02
 1.60000E+02    2.78346E+02
 1.80000E+02    3.08276E+02
 2.00000E+02    3.52728E+02
