# n + Ac222m:  n        
# tendl.2017 A.J. Koning and D. Rochman        EVAL-NOV17
# uncertainties: n
# # energies =    57
#   E(MeV)       xs(mb) 
 9.00000E+00    0.00000E+00
 9.50000E+00    5.83193E-14
 1.00000E+01    3.52711E-12
 1.05000E+01    1.66006E-10
 1.10000E+01    7.90710E-09
 1.15000E+01    3.94851E-07
 1.20000E+01    2.07710E-05
 1.25000E+01    1.16348E-03
 1.30000E+01    6.61275E-02
 1.35000E+01    1.21395E+00
 1.40000E+01    5.02357E+00
 1.45000E+01    1.20055E+01
 1.50000E+01    2.16878E+01
 1.60000E+01    4.40380E+01
 1.70000E+01    6.09123E+01
 1.80000E+01    6.96771E+01
 1.90000E+01    7.30404E+01
 2.00000E+01    7.43114E+01
 2.10000E+01    7.51975E+01
 2.20000E+01    7.55808E+01
 2.30000E+01    7.60668E+01
 2.40000E+01    7.56359E+01
 2.50000E+01    7.50204E+01
 2.60000E+01    7.40802E+01
 2.70000E+01    7.32362E+01
 2.80000E+01    7.21418E+01
 2.90000E+01    7.11062E+01
 3.00000E+01    6.99168E+01
 3.20000E+01    6.71192E+01
 3.40000E+01    6.43360E+01
 3.60000E+01    6.17369E+01
 3.80000E+01    5.94445E+01
 4.00000E+01    5.73210E+01
 4.20000E+01    5.52634E+01
 4.40000E+01    5.33212E+01
 4.60000E+01    5.16184E+01
 4.80000E+01    5.00752E+01
 5.00000E+01    4.89163E+01
 5.20000E+01    4.80974E+01
 5.40000E+01    4.77356E+01
 5.60000E+01    4.79211E+01
 5.80000E+01    4.86896E+01
 6.00000E+01    5.00821E+01
 6.50000E+01    5.62303E+01
 7.00000E+01    6.48398E+01
 7.50000E+01    7.08850E+01
 8.00000E+01    6.91895E+01
 9.00000E+01    5.17601E+01
 1.00000E+02    3.91799E+01
 1.10000E+02    3.29961E+01
 1.20000E+02    2.95308E+01
 1.30000E+02    2.71431E+01
 1.40000E+02    2.52362E+01
 1.50000E+02    2.35702E+01
 1.60000E+02    2.16396E+01
 1.80000E+02    1.83570E+01
 2.00000E+02    1.57659E+01
