# n + Ac222m: (n,n3a)m  
# tendl.2017 A.J. Koning and D. Rochman        EVAL-NOV17
# uncertainties: n
# # energies =   298
#   E(MeV)       xs(mb) 
 1.00000E-11    0.00000E+00
 1.03005E-11    0.00000E+00
 1.06099E-11    0.00000E+00
 1.09287E-11    0.00000E+00
 1.12571E-11    0.00000E+00
 1.15953E-11    0.00000E+00
 1.19437E-11    0.00000E+00
 1.23026E-11    0.00000E+00
 1.26722E-11    0.00000E+00
 1.30530E-11    0.00000E+00
 1.34452E-11    0.00000E+00
 1.38491E-11    0.00000E+00
 1.42652E-11    0.00000E+00
 1.46938E-11    0.00000E+00
 1.51353E-11    0.00000E+00
 1.55901E-11    0.00000E+00
 1.60585E-11    0.00000E+00
 1.65410E-11    0.00000E+00
 1.70380E-11    0.00000E+00
 1.75499E-11    0.00000E+00
 1.80772E-11    0.00000E+00
 1.86203E-11    0.00000E+00
 1.92611E-11    0.00000E+00
 1.99239E-11    0.00000E+00
 2.06095E-11    0.00000E+00
 2.13187E-11    0.00000E+00
 2.20523E-11    0.00000E+00
 2.28111E-11    0.00000E+00
 2.35961E-11    0.00000E+00
 2.44081E-11    0.00000E+00
 2.52480E-11    0.00000E+00
 2.61168E-11    0.00000E+00
 2.70155E-11    0.00000E+00
 2.79451E-11    0.00000E+00
 2.89068E-11    0.00000E+00
 2.99015E-11    0.00000E+00
 3.09304E-11    0.00000E+00
 3.19948E-11    0.00000E+00
 3.30957E-11    0.00000E+00
 3.42346E-11    0.00000E+00
 3.54127E-11    0.00000E+00
 3.66313E-11    0.00000E+00
 3.78918E-11    0.00000E+00
 3.91957E-11    0.00000E+00
 4.05445E-11    0.00000E+00
 4.19396E-11    0.00000E+00
 4.33828E-11    0.00000E+00
 4.48757E-11    0.00000E+00
 4.64199E-11    0.00000E+00
 4.80173E-11    0.00000E+00
 4.96696E-11    0.00000E+00
 5.13788E-11    0.00000E+00
 5.31468E-11    0.00000E+00
 5.49756E-11    0.00000E+00
 5.68674E-11    0.00000E+00
 5.88243E-11    0.00000E+00
 6.08485E-11    0.00000E+00
 6.29424E-11    0.00000E+00
 6.51083E-11    0.00000E+00
 6.73488E-11    0.00000E+00
 6.96663E-11    0.00000E+00
 7.20636E-11    0.00000E+00
 7.45434E-11    0.00000E+00
 7.71085E-11    0.00000E+00
 7.97619E-11    0.00000E+00
 8.25066E-11    0.00000E+00
 8.57075E-11    0.00000E+00
 8.90325E-11    0.00000E+00
 9.24865E-11    0.00000E+00
 9.60745E-11    0.00000E+00
 9.98017E-11    0.00000E+00
 1.03674E-10    0.00000E+00
 1.07696E-10    0.00000E+00
 1.11874E-10    0.00000E+00
 1.16214E-10    0.00000E+00
 1.20722E-10    0.00000E+00
 1.25406E-10    0.00000E+00
 1.30271E-10    0.00000E+00
 1.35325E-10    0.00000E+00
 1.40575E-10    0.00000E+00
 1.46028E-10    0.00000E+00
 1.51693E-10    0.00000E+00
 1.58246E-10    0.00000E+00
 1.65082E-10    0.00000E+00
 1.72213E-10    0.00000E+00
 1.79652E-10    0.00000E+00
 1.87413E-10    0.00000E+00
 1.95508E-10    0.00000E+00
 2.03954E-10    0.00000E+00
 2.12764E-10    0.00000E+00
 2.21955E-10    0.00000E+00
 2.32524E-10    0.00000E+00
 2.43597E-10    0.00000E+00
 2.55196E-10    0.00000E+00
 2.67349E-10    0.00000E+00
 2.80079E-10    0.00000E+00
 2.93416E-10    0.00000E+00
 3.08691E-10    0.00000E+00
 3.24761E-10    0.00000E+00
 3.41667E-10    0.00000E+00
 3.59454E-10    0.00000E+00
 3.79769E-10    0.00000E+00
 4.01233E-10    0.00000E+00
 4.23909E-10    0.00000E+00
 4.47867E-10    0.00000E+00
 4.75185E-10    0.00000E+00
 5.04168E-10    0.00000E+00
 5.37187E-10    0.00000E+00
 5.72367E-10    0.00000E+00
 6.09852E-10    0.00000E+00
 6.52546E-10    0.00000E+00
 6.98228E-10    0.00000E+00
 7.50275E-10    0.00000E+00
 8.09618E-10    0.00000E+00
 8.73655E-10    0.00000E+00
 9.46752E-10    0.00000E+00
 1.03031E-09    0.00000E+00
 1.12600E-09    0.00000E+00
 1.23058E-09    0.00000E+00
 1.35056E-09    0.00000E+00
 1.49484E-09    0.00000E+00
 1.66154E-09    0.00000E+00
 1.85466E-09    0.00000E+00
 2.08781E-09    0.00000E+00
 2.36022E-09    0.00000E+00
 2.69085E-09    0.00000E+00
 3.09385E-09    0.00000E+00
 3.60262E-09    0.00000E+00
 4.24862E-09    0.00000E+00
 5.07442E-09    0.00000E+00
 6.16414E-09    0.00000E+00
 7.64789E-09    0.00000E+00
 9.77390E-09    0.00000E+00
 1.29207E-08    0.00000E+00
 1.78941E-08    0.00000E+00
 2.52045E-08    0.00000E+00
 2.53000E-08    0.00000E+00
 4.04565E-08    0.00000E+00
 7.50136E-08    0.00000E+00
 1.83870E-07    0.00000E+00
 9.73084E-07    0.00000E+00
 1.19561E-04    0.00000E+00
 1.24693E-04    0.00000E+00
 1.26452E-04    0.00000E+00
 1.28236E-04    0.00000E+00
 1.37541E-04    0.00000E+00
 1.39481E-04    0.00000E+00
 1.41449E-04    0.00000E+00
 1.43444E-04    0.00000E+00
 1.47520E-04    0.00000E+00
 1.51712E-04    0.00000E+00
 1.53853E-04    0.00000E+00
 1.62721E-04    0.00000E+00
 1.65016E-04    0.00000E+00
 1.69705E-04    0.00000E+00
 1.72099E-04    0.00000E+00
 1.74527E-04    0.00000E+00
 1.76990E-04    0.00000E+00
 1.79487E-04    0.00000E+00
 1.87191E-04    0.00000E+00
 1.89832E-04    0.00000E+00
 1.95226E-04    0.00000E+00
 2.00774E-04    0.00000E+00
 6.93344E-01    0.00000E+00
 7.00000E-01    0.00000E+00
 8.00000E-01    2.59376E-16
 9.00000E-01    1.98150E-15
 1.00000E+00    6.99996E-15
 1.20000E+00    3.62528E-14
 1.40000E+00    1.07380E-13
 1.60000E+00    5.86311E-13
 1.80000E+00    1.18838E-12
 2.00000E+00    2.12369E-12
 2.20000E+00    3.59482E-12
 2.40000E+00    5.78066E-12
 2.60000E+00    9.05085E-12
 2.80000E+00    1.39424E-11
 3.00000E+00    2.13184E-11
 3.20000E+00    3.24512E-11
 3.40000E+00    4.86931E-11
 3.60000E+00    7.24776E-11
 3.80000E+00    1.08020E-10
 4.00000E+00    1.58694E-10
 4.20000E+00    2.29699E-10
 4.40000E+00    3.29394E-10
 4.60000E+00    4.72325E-10
 4.80000E+00    6.67194E-10
 5.00000E+00    9.32076E-10
 5.20000E+00    1.31232E-09
 5.40000E+00    1.84310E-09
 5.60000E+00    2.57378E-09
 5.80000E+00    3.59348E-09
 6.00000E+00    4.96532E-09
 6.20000E+00    6.67404E-09
 6.40000E+00    8.75685E-09
 6.60000E+00    1.15283E-08
 6.80000E+00    1.50533E-08
 7.00000E+00    1.93839E-08
 7.20000E+00    2.49154E-08
 7.40000E+00    3.20539E-08
 7.60000E+00    4.06235E-08
 7.80000E+00    5.06389E-08
 8.00000E+00    6.27300E-08
 8.50000E+00    9.88553E-08
 9.00000E+00    1.45043E-07
 9.50000E+00    2.00852E-07
 1.00000E+01    2.69742E-07
 1.01411E+01    2.96913E-07
 1.02842E+01    3.24460E-07
 1.04292E+01    3.52389E-07
 1.05000E+01    3.66006E-07
 1.06481E+01    4.08643E-07
 1.07984E+01    4.51872E-07
 1.09507E+01    4.95701E-07
 1.10000E+01    5.09880E-07
 1.11552E+01    5.76930E-07
 1.13126E+01    6.44857E-07
 1.14722E+01    7.13673E-07
 1.15000E+01    7.25665E-07
 1.16622E+01    8.35371E-07
 1.18268E+01    9.46639E-07
 1.19936E+01    1.05949E-06
 1.20000E+01    1.06380E-06
 1.21693E+01    1.24534E-06
 1.23410E+01    1.42942E-06
 1.25000E+01    1.59988E-06
 1.26764E+01    1.91944E-06
 1.28552E+01    2.24344E-06
 1.30000E+01    2.50575E-06
 1.31834E+01    3.05410E-06
 1.33694E+01    3.61008E-06
 1.35000E+01    4.00040E-06
 1.36905E+01    4.88840E-06
 1.38836E+01    5.78874E-06
 1.40000E+01    6.33121E-06
 1.41975E+01    7.63141E-06
 1.43978E+01    8.94972E-06
 1.45000E+01    9.62217E-06
 1.47046E+01    1.15193E-05
 1.49120E+01    1.34428E-05
 1.50000E+01    1.42584E-05
 1.52116E+01    1.72888E-05
 1.54262E+01    2.03614E-05
 1.56439E+01    2.34768E-05
 1.58646E+01    2.66356E-05
 1.60000E+01    2.85736E-05
 1.62257E+01    3.41180E-05
 1.64546E+01    3.97399E-05
 1.66868E+01    4.54404E-05
 1.69222E+01    5.12205E-05
 1.70000E+01    5.31302E-05
 1.72398E+01    6.25913E-05
 1.74831E+01    7.21856E-05
 1.77297E+01    8.19149E-05
 1.79799E+01    9.17811E-05
 1.80000E+01    9.25758E-05
 1.82539E+01    1.10203E-04
 1.85115E+01    1.28296E-04
 1.87726E+01    1.46868E-04
 1.90000E+01    1.63219E-04
 1.92681E+01    1.79364E-04
 1.95399E+01    1.95740E-04
 1.98156E+01    2.12351E-04
 2.00000E+01    2.23467E-04
 2.02822E+01    2.38766E-04
 2.05683E+01    2.54278E-04
 2.08585E+01    2.70006E-04
 2.10000E+01    2.77674E-04
 2.12963E+01    2.82703E-04
 2.15967E+01    2.87802E-04
 2.19014E+01    2.92974E-04
 2.20000E+01    2.94647E-04
 2.23104E+01    2.86738E-04
 2.26251E+01    2.78702E-04
 2.29443E+01    2.70537E-04
 2.30000E+01    2.69112E-04
 2.33245E+01    2.66784E-04
 2.36536E+01    2.64422E-04
 2.39873E+01    2.62025E-04
 2.40000E+01    2.61933E-04
 2.43386E+01    2.59335E-04
 2.46820E+01    2.56698E-04
 2.50000E+01    2.54252E-04
 2.53527E+01    2.50663E-04
 2.57104E+01    2.47012E-04
 2.60000E+01    2.44048E-04
 2.63668E+01    2.38832E-04
 2.67388E+01    2.33515E-04
 2.70000E+01    2.29766E-04
 2.73809E+01    2.26793E-04
 2.77672E+01    2.23773E-04
 2.80000E+01    2.21950E-04
 2.83950E+01    2.17251E-04
 2.87956E+01    2.12441E-04
 2.90000E+01    2.09970E-04
 2.94091E+01    2.08548E-04
 2.98240E+01    2.07071E-04
 3.00000E+01    2.06434E-04
