# n + Ac222m: (n,3na)   
# tendl.2017 A.J. Koning and D. Rochman        EVAL-NOV17
# uncertainties: y
# # energies =    23
#   E(MeV)       xs(mb)       xslow(mb)      xsupp(mb)
 4.63801E+00    0.00000E+00    0.00000E+00    0.00000E+00
 1.20000E+01    1.22217E-16    1.22217E-16    1.22217E-16
 1.25000E+01    6.41031E-13    6.41031E-13    6.41031E-13
 1.30000E+01    7.40833E-11    1.54315E-12    1.46623E-10
 1.35000E+01    6.85410E-04    1.42771E-05    1.35654E-03
 1.40000E+01    3.11177E-02    6.48181E-04    6.15872E-02
 1.45000E+01    2.63461E-01    5.48789E-03    5.21434E-01
 1.50000E+01    1.02414E+00    2.13328E-02    2.02695E+00
 1.60000E+01    5.72460E+00    6.85213E-02    1.13807E+01
 1.70000E+01    1.58105E+01    1.89246E-01    3.14318E+01
 1.80000E+01    3.08690E+01    3.69490E-01    6.13685E+01
 1.90000E+01    4.48516E+01    5.36857E-01    8.91663E+01
 2.00000E+01    6.09302E+01    9.01739E-01    1.20959E+02
 2.10000E+01    7.08596E+01    1.04869E+00    1.40671E+02
 2.20000E+01    8.04404E+01    1.19048E+00    1.59690E+02
 2.30000E+01    8.88113E+01    1.31437E+00    1.76308E+02
 2.40000E+01    8.83750E+01    2.86320E+00    1.73887E+02
 2.50000E+01    8.75721E+01    2.83719E+00    1.72307E+02
 2.60000E+01    8.06133E+01    2.61174E+00    1.58615E+02
 2.70000E+01    7.35034E+01    2.38139E+00    1.44625E+02
 2.80000E+01    6.63046E+01    2.14816E+00    1.30461E+02
 2.90000E+01    6.43121E+01    2.08361E+00    1.26541E+02
 3.00000E+01    6.11161E+01    1.98006E+00    1.20252E+02
