# n + Ac222m: (n,nd)    
# tendl.2017 A.J. Koning and D. Rochman        EVAL-NOV17
# uncertainties: y
# # energies =    28
#   E(MeV)       xs(mb)       xslow(mb)      xsupp(mb)
 6.51395E+00    0.00000E+00    0.00000E+00    0.00000E+00
 9.50000E+00    2.61242E-14    5.18356E-15    4.70648E-14
 1.00000E+01    2.44338E-12    4.84815E-13    4.40195E-12
 1.05000E+01    1.53742E-10    3.05054E-11    2.76979E-10
 1.10000E+01    2.75508E-09    5.46662E-10    4.96350E-09
 1.15000E+01    4.88508E-08    9.69296E-09    8.80086E-08
 1.20000E+01    3.46192E-07    6.86913E-08    6.23693E-07
 1.25000E+01    2.91406E-06    5.78207E-07    5.24991E-06
 1.30000E+01    1.32407E-05    4.32946E-07    2.60485E-05
 1.35000E+01    6.93806E-05    2.26861E-06    1.36493E-04
 1.40000E+01    2.28123E-04    7.45919E-06    4.48787E-04
 1.45000E+01    8.50090E-04    2.77963E-05    1.67238E-03
 1.50000E+01    2.42476E-03    7.92850E-05    4.77023E-03
 1.60000E+01    1.62419E-02    5.05829E-03    2.74255E-02
 1.70000E+01    6.89633E-02    2.14776E-02    1.16449E-01
 1.80000E+01    2.11546E-01    6.58828E-02    3.57209E-01
 1.90000E+01    5.26461E-01    1.63958E-01    8.88964E-01
 2.00000E+01    1.04103E+00    3.22685E-01    1.75937E+00
 2.10000E+01    1.80204E+00    5.58574E-01    3.04551E+00
 2.20000E+01    2.76859E+00    8.58173E-01    4.67901E+00
 2.30000E+01    3.93042E+00    1.21830E+00    6.64254E+00
 2.40000E+01    5.20276E+00    1.17573E+00    9.22979E+00
 2.50000E+01    6.54305E+00    1.47862E+00    1.16075E+01
 2.60000E+01    7.85795E+00    1.77576E+00    1.39401E+01
 2.70000E+01    9.08630E+00    2.05335E+00    1.61193E+01
 2.80000E+01    1.01798E+01    2.30046E+00    1.80591E+01
 2.90000E+01    1.10767E+01    2.50314E+00    1.96503E+01
 3.00000E+01    1.18024E+01    2.66714E+00    2.09377E+01
