# n + Ac222m: (n,4n)    
# tendl.2017 A.J. Koning and D. Rochman        EVAL-NOV17
# uncertainties: n
# # energies =    43
#   E(MeV)       xs(mb) 
 1.89477E+01    0.00000E+00
 1.90000E+01    5.99156E-03
 2.00000E+01    1.96937E+00
 2.10000E+01    1.59354E+01
 2.20000E+01    5.90295E+01
 2.30000E+01    1.46272E+02
 2.40000E+01    2.75938E+02
 2.50000E+01    4.31733E+02
 2.60000E+01    5.96214E+02
 2.70000E+01    7.51370E+02
 2.80000E+01    8.85676E+02
 2.90000E+01    9.91889E+02
 3.00000E+01    1.06271E+03
 3.00000E+01    9.71338E+02
 3.20000E+01    9.92503E+02
 3.40000E+01    8.99799E+02
 3.60000E+01    7.57961E+02
 3.80000E+01    6.19512E+02
 4.00000E+01    5.02417E+02
 4.20000E+01    4.11420E+02
 4.40000E+01    3.43611E+02
 4.60000E+01    2.93958E+02
 4.80000E+01    2.57727E+02
 5.00000E+01    2.31502E+02
 5.20000E+01    2.11195E+02
 5.40000E+01    1.95614E+02
 5.60000E+01    1.83201E+02
 5.80000E+01    1.73338E+02
 6.00000E+01    1.65339E+02
 6.50000E+01    1.50875E+02
 7.00000E+01    1.39419E+02
 7.50000E+01    1.30632E+02
 8.00000E+01    1.23757E+02
 9.00000E+01    1.12573E+02
 1.00000E+02    1.04312E+02
 1.10000E+02    9.68486E+01
 1.20000E+02    9.05489E+01
 1.30000E+02    8.54331E+01
 1.40000E+02    8.05865E+01
 1.50000E+02    7.55254E+01
 1.60000E+02    6.84700E+01
 1.80000E+02    5.74477E+01
 2.00000E+02    4.91692E+01
