# n + Ac222m: (n,n')m   
# tendl.2017 A.J. Koning and D. Rochman        EVAL-NOV17
# uncertainties: y
# # energies =   413
#   E(MeV)       xs(mb)       xslow(mb)      xsupp(mb)
 6.50852E-05    0.00000E+00    0.00000E+00    0.00000E+00
 6.53020E-05    2.77603E-28    0.00000E+00    0.00000E+00
 6.53088E-05    3.78809E-28    0.00000E+00    0.00000E+00
 6.53121E-05    4.42021E-28    0.00000E+00    0.00000E+00
 6.53138E-05    4.77349E-28    0.00000E+00    0.00000E+00
 6.53155E-05    5.15404E-28    0.00000E+00    0.00000E+00
 6.53172E-05    5.56396E-28    0.00000E+00    0.00000E+00
 6.53189E-05    6.00538E-28    0.00000E+00    0.00000E+00
 6.53206E-05    6.48059E-28    0.00000E+00    0.00000E+00
 6.53223E-05    6.99218E-28    0.00000E+00    0.00000E+00
 6.53240E-05    7.54278E-28    0.00000E+00    0.00000E+00
 6.53257E-05    8.13528E-28    0.00000E+00    0.00000E+00
 6.53274E-05    8.77270E-28    0.00000E+00    0.00000E+00
 6.53291E-05    9.45833E-28    0.00000E+00    0.00000E+00
 6.53308E-05    1.01957E-27    0.00000E+00    0.00000E+00
 6.53325E-05    1.09886E-27    0.00000E+00    0.00000E+00
 6.53342E-05    1.18411E-27    0.00000E+00    0.00000E+00
 6.53359E-05    1.27573E-27    0.00000E+00    0.00000E+00
 6.53376E-05    1.37420E-27    0.00000E+00    0.00000E+00
 6.53392E-05    1.47999E-27    0.00000E+00    0.00000E+00
 6.53409E-05    1.59364E-27    0.00000E+00    0.00000E+00
 6.53426E-05    1.71571E-27    0.00000E+00    0.00000E+00
 6.53443E-05    1.84680E-27    0.00000E+00    0.00000E+00
 6.53460E-05    1.98754E-27    0.00000E+00    0.00000E+00
 6.53477E-05    2.13862E-27    0.00000E+00    0.00000E+00
 6.53494E-05    2.30077E-27    0.00000E+00    0.00000E+00
 6.53511E-05    2.47477E-27    0.00000E+00    0.00000E+00
 6.53528E-05    2.66144E-27    0.00000E+00    0.00000E+00
 6.53545E-05    2.86169E-27    0.00000E+00    0.00000E+00
 6.53562E-05    3.07642E-27    0.00000E+00    0.00000E+00
 6.53579E-05    3.30671E-27    0.00000E+00    0.00000E+00
 6.53596E-05    3.55358E-27    0.00000E+00    0.00000E+00
 6.53613E-05    3.81820E-27    0.00000E+00    0.00000E+00
 6.53630E-05    4.10177E-27    0.00000E+00    0.00000E+00
 6.53647E-05    4.40563E-27    0.00000E+00    0.00000E+00
 6.53663E-05    4.73113E-27    0.00000E+00    0.00000E+00
 6.53680E-05    5.07977E-27    0.00000E+00    0.00000E+00
 6.53697E-05    5.45310E-27    0.00000E+00    0.00000E+00
 6.53714E-05    5.85286E-27    0.00000E+00    0.00000E+00
 6.53731E-05    6.28077E-27    0.00000E+00    0.00000E+00
 6.53748E-05    6.73876E-27    0.00000E+00    0.00000E+00
 6.53765E-05    7.22883E-27    0.00000E+00    0.00000E+00
 6.53782E-05    7.75319E-27    0.00000E+00    0.00000E+00
 6.53799E-05    8.31405E-27    0.00000E+00    0.00000E+00
 6.53816E-05    8.91391E-27    0.00000E+00    0.00000E+00
 6.53833E-05    9.55529E-27    0.00000E+00    0.00000E+00
 6.53850E-05    1.02411E-26    0.00000E+00    0.00000E+00
 6.53867E-05    1.09740E-26    0.00000E+00    0.00000E+00
 6.53884E-05    1.17574E-26    0.00000E+00    0.00000E+00
 6.53901E-05    1.25944E-26    0.00000E+00    0.00000E+00
 6.53918E-05    1.34886E-26    0.00000E+00    0.00000E+00
 6.53934E-05    1.44436E-26    0.00000E+00    0.00000E+00
 6.53951E-05    1.54636E-26    0.00000E+00    0.00000E+00
 6.53968E-05    1.65525E-26    0.00000E+00    0.00000E+00
 6.53985E-05    1.77151E-26    0.00000E+00    0.00000E+00
 6.54002E-05    1.89559E-26    0.00000E+00    0.00000E+00
 6.54019E-05    2.02800E-26    0.00000E+00    0.00000E+00
 6.54036E-05    2.16926E-26    0.00000E+00    0.00000E+00
 6.54053E-05    2.31996E-26    0.00000E+00    0.00000E+00
 6.54070E-05    2.48068E-26    0.00000E+00    0.00000E+00
 6.54087E-05    2.65206E-26    0.00000E+00    0.00000E+00
 6.54104E-05    2.83477E-26    0.00000E+00    0.00000E+00
 6.54121E-05    3.02955E-26    0.00000E+00    0.00000E+00
 6.54138E-05    3.23712E-26    0.00000E+00    0.00000E+00
 6.54155E-05    3.45831E-26    0.00000E+00    0.00000E+00
 6.54172E-05    3.69394E-26    0.00000E+00    0.00000E+00
 6.54189E-05    3.94494E-26    0.00000E+00    0.00000E+00
 6.54206E-05    4.21223E-26    0.00000E+00    0.00000E+00
 6.54222E-05    4.49684E-26    0.00000E+00    0.00000E+00
 6.54239E-05    4.79981E-26    0.00000E+00    0.00000E+00
 6.54256E-05    5.12231E-26    0.00000E+00    0.00000E+00
 6.54273E-05    5.46550E-26    0.00000E+00    0.00000E+00
 6.54290E-05    5.83065E-26    0.00000E+00    0.00000E+00
 6.54307E-05    6.21907E-26    0.00000E+00    0.00000E+00
 6.54332E-05    6.84853E-26    0.00000E+00    0.00000E+00
 6.54358E-05    7.53864E-26    0.00000E+00    0.00000E+00
 6.54383E-05    8.29502E-26    0.00000E+00    0.00000E+00
 6.54409E-05    9.12365E-26    0.00000E+00    0.00000E+00
 6.54434E-05    1.00311E-25    0.00000E+00    0.00000E+00
 6.54460E-05    1.10244E-25    0.00000E+00    0.00000E+00
 6.54485E-05    1.21112E-25    0.00000E+00    0.00000E+00
 6.54510E-05    1.32998E-25    0.00000E+00    0.00000E+00
 6.54536E-05    1.45995E-25    0.00000E+00    0.00000E+00
 6.54561E-05    1.60196E-25    0.00000E+00    0.00000E+00
 6.54587E-05    1.75710E-25    0.00000E+00    0.00000E+00
 6.54612E-05    1.92650E-25    0.00000E+00    0.00000E+00
 6.54637E-05    2.11140E-25    0.00000E+00    0.00000E+00
 6.54663E-05    2.31312E-25    0.00000E+00    0.00000E+00
 6.54688E-05    2.53313E-25    0.00000E+00    0.00000E+00
 6.54714E-05    2.77295E-25    0.00000E+00    0.00000E+00
 6.54739E-05    3.03430E-25    0.00000E+00    0.00000E+00
 6.54764E-05    3.31895E-25    0.00000E+00    0.00000E+00
 6.54790E-05    3.62889E-25    0.00000E+00    0.00000E+00
 6.54815E-05    3.96620E-25    0.00000E+00    0.00000E+00
 6.54841E-05    4.33317E-25    0.00000E+00    0.00000E+00
 6.54866E-05    4.73222E-25    0.00000E+00    0.00000E+00
 6.54891E-05    5.16601E-25    0.00000E+00    0.00000E+00
 6.54917E-05    5.63731E-25    0.00000E+00    0.00000E+00
 6.54942E-05    6.14925E-25    0.00000E+00    0.00000E+00
 6.54968E-05    6.70503E-25    0.00000E+00    0.00000E+00
 6.54993E-05    7.30819E-25    0.00000E+00    0.00000E+00
 6.55018E-05    7.96247E-25    0.00000E+00    0.00000E+00
 6.55044E-05    8.67195E-25    0.00000E+00    0.00000E+00
 6.55069E-05    9.44095E-25    0.00000E+00    0.00000E+00
 6.55095E-05    1.02742E-24    0.00000E+00    0.00000E+00
 6.55120E-05    1.11765E-24    0.00000E+00    0.00000E+00
 6.55145E-05    1.21534E-24    0.00000E+00    0.00000E+00
 6.55171E-05    1.32105E-24    0.00000E+00    0.00000E+00
 6.55196E-05    1.43540E-24    0.00000E+00    0.00000E+00
 6.55222E-05    1.55904E-24    0.00000E+00    0.00000E+00
 6.55247E-05    1.69268E-24    0.00000E+00    0.00000E+00
 6.55272E-05    1.83706E-24    0.00000E+00    0.00000E+00
 6.55298E-05    1.99298E-24    0.00000E+00    0.00000E+00
 6.55323E-05    2.16128E-24    0.00000E+00    0.00000E+00
 6.55349E-05    2.34292E-24    0.00000E+00    0.00000E+00
 6.55374E-05    2.53882E-24    0.00000E+00    0.00000E+00
 6.55399E-05    2.75005E-24    0.00000E+00    0.00000E+00
 6.55425E-05    2.97769E-24    0.00000E+00    0.00000E+00
 6.55450E-05    3.22295E-24    0.00000E+00    0.00000E+00
 6.55476E-05    3.48706E-24    0.00000E+00    0.00000E+00
 6.55501E-05    3.77137E-24    0.00000E+00    0.00000E+00
 6.55527E-05    4.07727E-24    0.00000E+00    0.00000E+00
 6.55552E-05    4.40632E-24    0.00000E+00    0.00000E+00
 6.55577E-05    4.76008E-24    0.00000E+00    0.00000E+00
 6.55603E-05    5.14028E-24    0.00000E+00    0.00000E+00
 6.55628E-05    5.54872E-24    0.00000E+00    0.00000E+00
 6.55654E-05    5.98733E-24    0.00000E+00    0.00000E+00
 6.55679E-05    6.45814E-24    0.00000E+00    0.00000E+00
 6.55704E-05    6.96332E-24    0.00000E+00    0.00000E+00
 6.55730E-05    7.50512E-24    0.00000E+00    0.00000E+00
 6.55755E-05    8.08607E-24    0.00000E+00    0.00000E+00
 6.55781E-05    8.70864E-24    0.00000E+00    0.00000E+00
 6.55806E-05    9.37559E-24    0.00000E+00    0.00000E+00
 6.55831E-05    1.00898E-23    0.00000E+00    0.00000E+00
 6.55857E-05    1.08543E-23    0.00000E+00    0.00000E+00
 6.55882E-05    1.16722E-23    0.00000E+00    0.00000E+00
 6.55908E-05    1.25471E-23    0.00000E+00    0.00000E+00
 6.55933E-05    1.34825E-23    0.00000E+00    0.00000E+00
 6.55958E-05    1.44821E-23    0.00000E+00    0.00000E+00
 6.55984E-05    1.55500E-23    0.00000E+00    0.00000E+00
 6.56009E-05    1.66904E-23    0.00000E+00    0.00000E+00
 6.56035E-05    1.79076E-23    0.00000E+00    0.00000E+00
 6.56060E-05    1.92065E-23    0.00000E+00    0.00000E+00
 6.56085E-05    2.05918E-23    0.00000E+00    0.00000E+00
 6.56119E-05    2.25823E-23    0.00000E+00    0.00000E+00
 6.56153E-05    2.47489E-23    0.00000E+00    0.00000E+00
 6.56187E-05    2.71053E-23    0.00000E+00    0.00000E+00
 6.56221E-05    2.96664E-23    0.00000E+00    0.00000E+00
 6.56255E-05    3.24481E-23    0.00000E+00    0.00000E+00
 6.56289E-05    3.54672E-23    0.00000E+00    0.00000E+00
 6.56323E-05    3.87417E-23    0.00000E+00    0.00000E+00
 6.56356E-05    4.22907E-23    0.00000E+00    0.00000E+00
 6.56390E-05    4.61346E-23    0.00000E+00    0.00000E+00
 6.56424E-05    5.02948E-23    0.00000E+00    0.00000E+00
 6.56458E-05    5.47944E-23    0.00000E+00    0.00000E+00
 6.56492E-05    5.96577E-23    0.00000E+00    0.00000E+00
 6.56526E-05    6.49102E-23    0.00000E+00    0.00000E+00
 6.56560E-05    7.05794E-23    0.00000E+00    0.00000E+00
 6.56594E-05    7.66940E-23    0.00000E+00    0.00000E+00
 6.56627E-05    8.32845E-23    0.00000E+00    0.00000E+00
 6.56661E-05    9.03828E-23    0.00000E+00    0.00000E+00
 6.56695E-05    9.80230E-23    0.00000E+00    0.00000E+00
 6.56729E-05    1.06241E-22    0.00000E+00    0.00000E+00
 6.56763E-05    1.15074E-22    0.00000E+00    0.00000E+00
 6.56797E-05    1.24561E-22    0.00000E+00    0.00000E+00
 6.56831E-05    1.34745E-22    0.00000E+00    0.00000E+00
 6.56865E-05    1.45668E-22    0.00000E+00    0.00000E+00
 6.56898E-05    1.57378E-22    0.00000E+00    0.00000E+00
 6.56932E-05    1.69920E-22    0.00000E+00    0.00000E+00
 6.56966E-05    1.83346E-22    0.00000E+00    0.00000E+00
 6.57000E-05    1.97708E-22    0.00000E+00    0.00000E+00
 6.57034E-05    2.13062E-22    0.00000E+00    0.00000E+00
 6.57068E-05    2.29463E-22    0.00000E+00    0.00000E+00
 6.57102E-05    2.46973E-22    0.00000E+00    0.00000E+00
 6.57136E-05    2.65653E-22    0.00000E+00    0.00000E+00
 6.57169E-05    2.85567E-22    0.00000E+00    0.00000E+00
 6.57203E-05    3.06784E-22    0.00000E+00    0.00000E+00
 6.57237E-05    3.29374E-22    0.00000E+00    0.00000E+00
 6.57271E-05    3.53409E-22    0.00000E+00    0.00000E+00
 6.57305E-05    3.78964E-22    0.00000E+00    0.00000E+00
 6.57339E-05    4.06118E-22    0.00000E+00    0.00000E+00
 6.57373E-05    4.34951E-22    0.00000E+00    0.00000E+00
 6.57407E-05    4.65548E-22    0.00000E+00    0.00000E+00
 6.57457E-05    5.14939E-22    0.00000E+00    0.00000E+00
 6.57508E-05    5.68794E-22    0.00000E+00    0.00000E+00
 6.57559E-05    6.27429E-22    0.00000E+00    0.00000E+00
 6.57610E-05    6.91179E-22    0.00000E+00    0.00000E+00
 6.57660E-05    7.60383E-22    0.00000E+00    0.00000E+00
 6.57711E-05    8.35402E-22    0.00000E+00    0.00000E+00
 6.57762E-05    9.16601E-22    0.00000E+00    0.00000E+00
 6.57813E-05    1.00437E-21    0.00000E+00    0.00000E+00
 6.57864E-05    1.09910E-21    0.00000E+00    0.00000E+00
 6.57915E-05    1.20119E-21    0.00000E+00    0.00000E+00
 6.57965E-05    1.31106E-21    0.00000E+00    0.00000E+00
 6.58016E-05    1.42914E-21    0.00000E+00    0.00000E+00
 6.58067E-05    1.55585E-21    0.00000E+00    0.00000E+00
 6.58118E-05    1.69165E-21    0.00000E+00    0.00000E+00
 6.58169E-05    1.83696E-21    0.00000E+00    0.00000E+00
 6.58219E-05    1.99226E-21    0.00000E+00    0.00000E+00
 6.58270E-05    2.15799E-21    0.00000E+00    0.00000E+00
 6.58321E-05    2.33460E-21    0.00000E+00    0.00000E+00
 6.58372E-05    2.52257E-21    0.00000E+00    0.00000E+00
 6.58423E-05    2.72233E-21    0.00000E+00    0.00000E+00
 6.58490E-05    3.00784E-21    0.00000E+00    0.00000E+00
 6.58558E-05    3.31620E-21    0.00000E+00    0.00000E+00
 6.58609E-05    3.56310E-21    0.00000E+00    0.00000E+00
 6.58677E-05    3.91396E-21    0.00000E+00    0.00000E+00
 6.58745E-05    4.29047E-21    0.00000E+00    0.00000E+00
 6.58812E-05    4.69359E-21    0.00000E+00    0.00000E+00
 6.58880E-05    5.12422E-21    0.00000E+00    0.00000E+00
 6.58948E-05    5.58319E-21    0.00000E+00    0.00000E+00
 6.59015E-05    6.07130E-21    0.00000E+00    0.00000E+00
 6.59083E-05    6.58926E-21    0.00000E+00    0.00000E+00
 6.59151E-05    7.13771E-21    0.00000E+00    0.00000E+00
 6.59219E-05    7.71719E-21    0.00000E+00    0.00000E+00
 6.59320E-05    8.64565E-21    0.00000E+00    0.00000E+00
 6.59422E-05    9.64621E-21    0.00000E+00    0.00000E+00
 6.59524E-05    1.07196E-20    0.00000E+00    0.00000E+00
 6.59611E-05    1.17007E-20    0.00000E+00    0.00000E+00
 6.59698E-05    1.27356E-20    0.00000E+00    0.00000E+00
 6.59829E-05    1.43880E-20    0.00000E+00    0.00000E+00
 6.59960E-05    1.61583E-20    0.00000E+00    0.00000E+00
 6.60091E-05    1.80426E-20    0.00000E+00    0.00000E+00
 6.60222E-05    2.00362E-20    0.00000E+00    0.00000E+00
 6.60353E-05    2.21333E-20    0.00000E+00    0.00000E+00
 6.60528E-05    2.50790E-20    0.00000E+00    0.00000E+00
 6.60703E-05    2.81798E-20    0.00000E+00    0.00000E+00
 6.60921E-05    3.22462E-20    0.00000E+00    0.00000E+00
 6.61183E-05    3.73581E-20    0.00000E+00    0.00000E+00
 6.61533E-05    4.44731E-20    0.00000E+00    0.00000E+00
 6.62057E-05    5.55560E-20    0.00000E+00    0.00000E+00
 6.63341E-05    8.35103E-20    0.00000E+00    0.00000E+00
 9.97143E-05    9.89412E-18    0.00000E+00    0.00000E+00
 1.00000E-04    9.98055E-18    0.00000E+00    0.00000E+00
 1.01411E-04    1.00167E-17    0.00000E+00    0.00000E+00
 2.00071E-04    1.00015E-17    0.00000E+00    0.00000E+00
 3.00000E-04    1.00013E-17    0.00000E+00    0.00000E+00
 6.00000E-04    1.00012E-17    0.00000E+00    0.00000E+00
 1.00000E-03    1.00008E-17    0.00000E+00    0.00000E+00
 2.00000E-03    1.00006E-17    0.00000E+00    0.00000E+00
 3.00000E-03    1.00004E-17    0.00000E+00    0.00000E+00
 6.00000E-03    1.00003E-17    0.00000E+00    0.00000E+00
 1.00000E-02    1.00001E-17    0.00000E+00    0.00000E+00
 1.73334E-02    2.90655E+00    0.00000E+00    0.00000E+00
 2.01411E-02    4.11102E+00    0.00000E+00    0.00000E+00
 3.04647E-02    7.39420E+00    0.00000E+00    0.00000E+00
 4.24094E-02    9.54575E+00    0.00000E+00    0.00000E+00
 5.51062E-02    1.19355E+01    0.00000E+00    0.00000E+00
 6.08465E-02    1.32630E+01    0.00000E+00    0.00000E+00
 6.71805E-02    1.46784E+01    0.00000E+00    0.00000E+00
 8.53007E-02    1.92084E+01    0.00000E+00    0.00000E+00
 9.88595E-02    2.30849E+01    0.00000E+00    0.00000E+00
 1.00705E-01    2.36225E+01    0.00000E+00    0.00000E+00
 1.45266E-01    3.72328E+01    0.00000E+00    0.00000E+00
 1.58151E-01    4.21577E+01    0.00000E+00    0.00000E+00
 1.64411E-01    4.47399E+01    0.00000E+00    0.00000E+00
 1.90641E-01    5.73586E+01    0.00000E+00    0.00000E+00
 2.00000E-01    6.23331E+01    0.00000E+00    0.00000E+00
 2.14408E-01    6.58909E+01    0.00000E+00    0.00000E+00
 2.25565E-01    6.91145E+01    0.00000E+00    0.00000E+00
 2.29168E-01    7.02924E+01    0.00000E+00    0.00000E+00
 3.00000E-01    1.02829E+02    0.00000E+00    0.00000E+00
 4.02822E-01    1.37226E+02    0.00000E+00    0.00000E+00
 5.03527E-01    1.66213E+02    0.00000E+00    0.00000E+00
 6.12757E-01    1.94844E+02    0.00000E+00    0.00000E+00
 8.17009E-01    2.47181E+02    0.00000E+00    0.00000E+00
 9.06349E-01    2.71319E+02    0.00000E+00    0.00000E+00
 1.00000E+00    2.98504E+02    0.00000E+00    0.00000E+00
 1.20000E+00    3.63934E+02    0.00000E+00    0.00000E+00
 1.40988E+00    4.39533E+02    0.00000E+00    0.00000E+00
 1.60000E+00    5.02075E+02    0.00000E+00    0.00000E+00
 1.80000E+00    5.48728E+02    0.00000E+00    0.00000E+00
 2.00000E+00    5.73309E+02    0.00000E+00    0.00000E+00
 2.20000E+00    5.80104E+02    0.00000E+00    0.00000E+00
 2.41693E+00    5.74425E+02    0.00000E+00    0.00000E+00
 2.71160E+00    5.57112E+02    0.00000E+00    0.00000E+00
 3.06379E+00    5.34767E+02    0.00000E+00    0.00000E+00
 3.33736E+00    5.20154E+02    0.00000E+00    0.00000E+00
 4.08505E+00    4.87840E+02    0.00000E+00    0.00000E+00
 5.07054E+00    4.45524E+02    0.00000E+00    0.00000E+00
 5.43809E+00    4.32577E+02    0.00000E+00    0.00000E+00
 5.80000E+00    4.21171E+02    0.00000E+00    0.00000E+00
 6.00000E+00    4.10738E+02    0.00000E+00    0.00000E+00
 6.20000E+00    3.93956E+02    0.00000E+00    0.00000E+00
 6.49029E+00    3.65572E+02    0.00000E+00    0.00000E+00
 6.80000E+00    3.34061E+02    0.00000E+00    0.00000E+00
 7.20000E+00    2.93206E+02    0.00000E+00    0.00000E+00
 8.11287E+00    2.05580E+02    0.00000E+00    0.00000E+00
 8.50000E+00    1.74251E+02    0.00000E+00    0.00000E+00
 9.00000E+00    1.40155E+02    0.00000E+00    0.00000E+00
 9.50000E+00    1.12185E+02    0.00000E+00    0.00000E+00
 1.00000E+01    8.98105E+01    0.00000E+00    0.00000E+00
 1.01411E+01    8.48897E+01    0.00000E+00    0.00000E+00
 1.02842E+01    7.99394E+01    0.00000E+00    0.00000E+00
 1.04292E+01    7.49601E+01    0.00000E+00    0.00000E+00
 1.05000E+01    7.25469E+01    0.00000E+00    0.00000E+00
 1.06481E+01    6.86892E+01    0.00000E+00    0.00000E+00
 1.07984E+01    6.48036E+01    0.00000E+00    0.00000E+00
 1.09507E+01    6.08904E+01    0.00000E+00    0.00000E+00
 1.10000E+01    5.96301E+01    0.00000E+00    0.00000E+00
 1.11552E+01    5.66429E+01    0.00000E+00    0.00000E+00
 1.13126E+01    5.36335E+01    0.00000E+00    0.00000E+00
 1.14722E+01    5.06020E+01    0.00000E+00    0.00000E+00
 1.15000E+01    5.00754E+01    0.00000E+00    0.00000E+00
 1.16622E+01    4.78007E+01    0.00000E+00    0.00000E+00
 1.18268E+01    4.55094E+01    0.00000E+00    0.00000E+00
 1.19936E+01    4.32015E+01    0.00000E+00    0.00000E+00
 1.20000E+01    4.31138E+01    0.00000E+00    0.00000E+00
 1.21693E+01    4.14134E+01    0.00000E+00    0.00000E+00
 1.23410E+01    3.96999E+01    0.00000E+00    0.00000E+00
 1.25000E+01    3.81227E+01    0.00000E+00    0.00000E+00
 1.26764E+01    3.67896E+01    0.00000E+00    0.00000E+00
 1.28552E+01    3.54476E+01    0.00000E+00    0.00000E+00
 1.30000E+01    3.43683E+01    0.00000E+00    0.00000E+00
 1.31834E+01    3.33484E+01    0.00000E+00    0.00000E+00
 1.33694E+01    3.23213E+01    0.00000E+00    0.00000E+00
 1.35000E+01    3.16045E+01    0.00000E+00    0.00000E+00
 1.36905E+01    3.07419E+01    0.00000E+00    0.00000E+00
 1.38836E+01    2.98741E+01    0.00000E+00    0.00000E+00
 1.40000E+01    2.93546E+01    0.00000E+00    0.00000E+00
 1.41975E+01    2.86597E+01    0.00000E+00    0.00000E+00
 1.43978E+01    2.79602E+01    0.00000E+00    0.00000E+00
 1.45000E+01    2.76055E+01    0.00000E+00    0.00000E+00
 1.47046E+01    2.69705E+01    0.00000E+00    0.00000E+00
 1.49120E+01    2.63318E+01    0.00000E+00    0.00000E+00
 1.50000E+01    2.60626E+01    0.00000E+00    0.00000E+00
 1.52116E+01    2.55393E+01    0.00000E+00    0.00000E+00
 1.54262E+01    2.50127E+01    0.00000E+00    0.00000E+00
 1.56439E+01    2.44827E+01    0.00000E+00    0.00000E+00
 1.58646E+01    2.39495E+01    0.00000E+00    0.00000E+00
 1.60000E+01    2.36245E+01    0.00000E+00    0.00000E+00
 1.62257E+01    2.32978E+01    0.00000E+00    0.00000E+00
 1.64546E+01    2.29687E+01    0.00000E+00    0.00000E+00
 1.66868E+01    2.26371E+01    0.00000E+00    0.00000E+00
 1.69222E+01    2.23032E+01    0.00000E+00    0.00000E+00
 1.70000E+01    2.21933E+01    0.00000E+00    0.00000E+00
 1.72398E+01    2.17926E+01    0.00000E+00    0.00000E+00
 1.74831E+01    2.13894E+01    0.00000E+00    0.00000E+00
 1.77297E+01    2.09838E+01    0.00000E+00    0.00000E+00
 1.79799E+01    2.05758E+01    0.00000E+00    0.00000E+00
 1.80000E+01    2.05431E+01    0.00000E+00    0.00000E+00
 1.82539E+01    2.01945E+01    0.00000E+00    0.00000E+00
 1.85115E+01    1.98438E+01    0.00000E+00    0.00000E+00
 1.87726E+01    1.94908E+01    0.00000E+00    0.00000E+00
 1.90000E+01    1.91858E+01    0.00000E+00    0.00000E+00
 1.92681E+01    1.88640E+01    0.00000E+00    0.00000E+00
 1.95399E+01    1.85400E+01    0.00000E+00    0.00000E+00
 1.98156E+01    1.82141E+01    0.00000E+00    0.00000E+00
 2.00000E+01    1.79974E+01    0.00000E+00    0.00000E+00
 2.02822E+01    1.76827E+01    0.00000E+00    0.00000E+00
 2.05683E+01    1.73659E+01    0.00000E+00    0.00000E+00
 2.08585E+01    1.70472E+01    0.00000E+00    0.00000E+00
 2.10000E+01    1.68927E+01    0.00000E+00    0.00000E+00
 2.12963E+01    1.65956E+01    0.00000E+00    0.00000E+00
 2.15967E+01    1.62963E+01    0.00000E+00    0.00000E+00
 2.19014E+01    1.59950E+01    0.00000E+00    0.00000E+00
 2.20000E+01    1.58979E+01    0.00000E+00    0.00000E+00
 2.23104E+01    1.55945E+01    0.00000E+00    0.00000E+00
 2.26251E+01    1.52890E+01    0.00000E+00    0.00000E+00
 2.29443E+01    1.49814E+01    0.00000E+00    0.00000E+00
 2.30000E+01    1.49279E+01    0.00000E+00    0.00000E+00
 2.33245E+01    1.46931E+01    0.00000E+00    0.00000E+00
 2.36536E+01    1.44552E+01    0.00000E+00    0.00000E+00
 2.39873E+01    1.42141E+01    0.00000E+00    0.00000E+00
 2.40000E+01    1.42049E+01    0.00000E+00    0.00000E+00
 2.43386E+01    1.39284E+01    0.00000E+00    0.00000E+00
 2.46820E+01    1.36495E+01    0.00000E+00    0.00000E+00
 2.50000E+01    1.33927E+01    0.00000E+00    0.00000E+00
 2.53527E+01    1.31237E+01    0.00000E+00    0.00000E+00
 2.57104E+01    1.28526E+01    0.00000E+00    0.00000E+00
 2.60000E+01    1.26343E+01    0.00000E+00    0.00000E+00
 2.63668E+01    1.24027E+01    0.00000E+00    0.00000E+00
 2.67388E+01    1.21687E+01    0.00000E+00    0.00000E+00
 2.70000E+01    1.20049E+01    0.00000E+00    0.00000E+00
 2.73809E+01    1.17595E+01    0.00000E+00    0.00000E+00
 2.77672E+01    1.15121E+01    0.00000E+00    0.00000E+00
 2.80000E+01    1.13637E+01    0.00000E+00    0.00000E+00
 2.83950E+01    1.11270E+01    0.00000E+00    0.00000E+00
 2.87956E+01    1.08883E+01    0.00000E+00    0.00000E+00
 2.90000E+01    1.07670E+01    0.00000E+00    0.00000E+00
 2.94091E+01    1.05455E+01    0.00000E+00    0.00000E+00
 2.98240E+01    1.03218E+01    0.00000E+00    0.00000E+00
 3.00000E+01    1.02271E+01    0.00000E+00    0.00000E+00
 3.00000E+01    8.92725E+00    0.00000E+00    0.00000E+00
 3.20000E+01    8.08433E+00    0.00000E+00    0.00000E+00
 3.40000E+01    7.23676E+00    0.00000E+00    0.00000E+00
 3.60000E+01    6.48707E+00    0.00000E+00    0.00000E+00
 3.80000E+01    5.84991E+00    0.00000E+00    0.00000E+00
 4.00000E+01    5.29336E+00    0.00000E+00    0.00000E+00
 4.20000E+01    4.81463E+00    0.00000E+00    0.00000E+00
 4.40000E+01    4.39385E+00    0.00000E+00    0.00000E+00
 4.60000E+01    4.02693E+00    0.00000E+00    0.00000E+00
 4.80000E+01    3.71112E+00    0.00000E+00    0.00000E+00
 5.00000E+01    3.44810E+00    0.00000E+00    0.00000E+00
 5.20000E+01    3.21018E+00    0.00000E+00    0.00000E+00
 5.40000E+01    3.00591E+00    0.00000E+00    0.00000E+00
 5.60000E+01    2.82772E+00    0.00000E+00    0.00000E+00
 5.80000E+01    2.66889E+00    0.00000E+00    0.00000E+00
 6.00000E+01    2.52891E+00    0.00000E+00    0.00000E+00
 6.50000E+01    2.25399E+00    0.00000E+00    0.00000E+00
 7.00000E+01    2.01646E+00    0.00000E+00    0.00000E+00
 7.50000E+01    1.82398E+00    0.00000E+00    0.00000E+00
 8.00000E+01    1.66890E+00    0.00000E+00    0.00000E+00
 9.00000E+01    1.40696E+00    0.00000E+00    0.00000E+00
 1.00000E+02    1.21005E+00    0.00000E+00    0.00000E+00
 1.10000E+02    1.03727E+00    0.00000E+00    0.00000E+00
 1.20000E+02    9.01275E-01    0.00000E+00    0.00000E+00
 1.30000E+02    7.93816E-01    0.00000E+00    0.00000E+00
 1.40000E+02    7.11180E-01    0.00000E+00    0.00000E+00
 1.50000E+02    6.34059E-01    0.00000E+00    0.00000E+00
 1.60000E+02    5.48934E-01    0.00000E+00    0.00000E+00
 1.80000E+02    4.23707E-01    0.00000E+00    0.00000E+00
 2.00000E+02    3.39966E-01    0.00000E+00    0.00000E+00
