# n + Ac222m: (n,any)   
# tendl.2017 A.J. Koning and D. Rochman        EVAL-NOV17
# uncertainties: n
# # energies =    31
#   E(MeV)       xs(mb) 
 3.00000E+01    0.00000E+00
 3.00000E+01    2.31332E+03
 3.20000E+01    2.29924E+03
 3.40000E+01    2.27014E+03
 3.60000E+01    2.24247E+03
 3.80000E+01    2.21703E+03
 4.00000E+01    2.19108E+03
 4.20000E+01    2.16387E+03
 4.40000E+01    2.13668E+03
 4.60000E+01    2.11196E+03
 4.80000E+01    2.08991E+03
 5.00000E+01    2.07033E+03
 5.20000E+01    2.05322E+03
 5.40000E+01    2.03830E+03
 5.60000E+01    2.02516E+03
 5.80000E+01    2.01348E+03
 6.00000E+01    2.00269E+03
 6.50000E+01    1.97881E+03
 7.00000E+01    1.95441E+03
 7.50000E+01    1.93067E+03
 8.00000E+01    1.90834E+03
 9.00000E+01    1.86379E+03
 1.00000E+02    1.81951E+03
 1.10000E+02    1.77443E+03
 1.20000E+02    1.73432E+03
 1.30000E+02    1.70326E+03
 1.40000E+02    1.67764E+03
 1.50000E+02    1.64775E+03
 1.60000E+02    1.60354E+03
 1.80000E+02    1.52690E+03
 2.00000E+02    1.47876E+03
