# n + Ac222m: (n,n'06)  
# tendl.2017 A.J. Koning and D. Rochman        EVAL-NOV17
# uncertainties: n
# # energies =   100
#   E(MeV)       xs(mb) 
 3.00409E-02    0.00000E+00
 4.06639E-02    8.10674E-01
 4.52426E-02    1.16009E+00
 5.51062E-02    1.91281E+00
 6.00000E-02    2.28627E+00
 6.39643E-02    2.68951E+00
 8.17899E-02    5.02029E+00
 9.41267E-02    7.17189E+00
 1.00000E-01    8.36322E+00
 1.05238E-01    9.08691E+00
 1.26920E-01    1.23216E+01
 1.38302E-01    1.41676E+01
 1.39704E-01    1.44018E+01
 1.45266E-01    1.53454E+01
 1.49823E-01    1.61356E+01
 1.57043E-01    1.74185E+01
 1.63259E-01    1.85531E+01
 1.75469E-01    2.08609E+01
 1.86672E-01    2.30689E+01
 1.97397E-01    2.52618E+01
 1.98608E-01    2.55142E+01
 2.00000E-01    2.58055E+01
 2.10860E-01    2.70579E+01
 2.14408E-01    2.74655E+01
 2.19536E-01    2.80535E+01
 2.25565E-01    2.87430E+01
 2.27869E-01    2.90060E+01
 2.29168E-01    2.91542E+01
 3.00000E-01    3.71133E+01
 4.00000E-01    4.08243E+01
 5.00000E-01    3.96523E+01
 6.00000E-01    3.63806E+01
 7.00000E-01    3.27054E+01
 8.00000E-01    2.93988E+01
 9.00000E-01    2.67051E+01
 1.00000E+00    2.45649E+01
 1.20000E+00    2.14523E+01
 1.40000E+00    1.85116E+01
 1.60000E+00    1.48363E+01
 1.80000E+00    1.07697E+01
 2.00000E+00    7.17536E+00
 2.20000E+00    4.51207E+00
 2.40000E+00    2.74677E+00
 2.60000E+00    1.64929E+00
 2.80000E+00    9.90048E-01
 3.00000E+00    5.99444E-01
 3.20000E+00    3.67639E-01
 3.40000E+00    2.28611E-01
 3.60000E+00    1.43867E-01
 3.80000E+00    9.14148E-02
 4.00000E+00    5.85028E-02
 4.20000E+00    3.76420E-02
 4.40000E+00    2.43484E-02
 4.60000E+00    1.58464E-02
 4.80000E+00    1.03871E-02
 5.00000E+00    6.85591E-03
 5.20000E+00    4.56889E-03
 5.40000E+00    3.07171E-03
 5.60000E+00    2.08461E-03
 5.80000E+00    1.42942E-03
 6.00000E+00    9.89381E-04
 6.20000E+00    6.91877E-04
 6.40000E+00    4.88379E-04
 6.60000E+00    3.47979E-04
 6.80000E+00    2.50065E-04
 7.00000E+00    1.81123E-04
 7.20000E+00    1.32157E-04
 7.40000E+00    9.69959E-05
 7.60000E+00    7.15919E-05
 7.80000E+00    5.30638E-05
 8.00000E+00    3.94916E-05
 8.50000E+00    1.91466E-05
 9.00000E+00    9.45488E-06
 9.50000E+00    4.74941E-06
 1.00000E+01    2.42763E-06
 1.05000E+01    1.26363E-06
 1.10000E+01    6.70161E-07
 1.15000E+01    3.62132E-07
 1.20000E+01    1.99307E-07
 1.25000E+01    1.11576E-07
 1.30000E+01    6.34430E-08
 1.35000E+01    3.65880E-08
 1.40000E+01    2.13792E-08
 1.45000E+01    1.26498E-08
 1.50000E+01    7.57517E-09
 1.60000E+01    2.81512E-09
 1.70000E+01    1.09054E-09
 1.80000E+01    4.44118E-10
 1.90000E+01    1.88561E-10
 2.00000E+01    8.34918E-11
 2.10000E+01    3.83344E-11
 2.20000E+01    1.82354E-11
 2.30000E+01    8.96259E-12
 2.40000E+01    4.51391E-12
 2.50000E+01    2.33509E-12
 2.60000E+01    1.24095E-12
 2.70000E+01    6.76645E-13
 2.80000E+01    3.77801E-13
 2.90000E+01    2.15894E-13
 3.00000E+01    1.25878E-13
