# n + Ac222m: (n,n'21)  
# tendl.2017 A.J. Koning and D. Rochman        EVAL-NOV17
# uncertainties: n
# # energies =    83
#   E(MeV)       xs(mb) 
 1.75469E-01    0.00000E+00
 1.86672E-01    1.76070E-02
 1.97397E-01    3.44628E-02
 1.98608E-01    3.63661E-02
 2.00000E-01    3.85538E-02
 2.10860E-01    5.25233E-02
 2.14408E-01    5.79066E-02
 2.19536E-01    6.64893E-02
 2.25565E-01    7.79030E-02
 2.27869E-01    8.26728E-02
 2.29168E-01    8.54670E-02
 3.00000E-01    4.12831E-01
 4.00000E-01    9.29320E-01
 5.00000E-01    1.40126E+00
 6.00000E-01    1.77635E+00
 7.00000E-01    2.06739E+00
 8.00000E-01    2.29908E+00
 9.00000E-01    2.48675E+00
 1.00000E+00    2.62927E+00
 1.20000E+00    2.76182E+00
 1.40000E+00    2.61877E+00
 1.60000E+00    2.21633E+00
 1.80000E+00    1.69121E+00
 2.00000E+00    1.19471E+00
 2.20000E+00    8.05030E-01
 2.40000E+00    5.30202E-01
 2.60000E+00    3.46878E-01
 2.80000E+00    2.27738E-01
 3.00000E+00    1.50904E-01
 3.20000E+00    1.01103E-01
 3.40000E+00    6.84635E-02
 3.60000E+00    4.67468E-02
 3.80000E+00    3.21115E-02
 4.00000E+00    2.21420E-02
 4.20000E+00    1.53019E-02
 4.40000E+00    1.05985E-02
 4.60000E+00    7.36383E-03
 4.80000E+00    5.13733E-03
 5.00000E+00    3.60128E-03
 5.20000E+00    2.53914E-03
 5.40000E+00    1.80314E-03
 5.60000E+00    1.28894E-03
 5.80000E+00    9.27915E-04
 6.00000E+00    6.72729E-04
 6.20000E+00    4.90997E-04
 6.40000E+00    3.60525E-04
 6.60000E+00    2.66210E-04
 6.80000E+00    1.97456E-04
 7.00000E+00    1.46973E-04
 7.20000E+00    1.09821E-04
 7.40000E+00    8.21796E-05
 7.60000E+00    6.16324E-05
 7.80000E+00    4.62987E-05
 8.00000E+00    3.48172E-05
 8.50000E+00    1.71990E-05
 9.00000E+00    8.59926E-06
 9.50000E+00    4.36513E-06
 1.00000E+01    2.25577E-06
 1.05000E+01    1.18884E-06
 1.10000E+01    6.39394E-07
 1.15000E+01    3.50804E-07
 1.20000E+01    1.96145E-07
 1.25000E+01    1.11541E-07
 1.30000E+01    6.43800E-08
 1.35000E+01    3.76456E-08
 1.40000E+01    2.22735E-08
 1.45000E+01    1.33263E-08
 1.50000E+01    8.05924E-09
 1.60000E+01    3.04578E-09
 1.70000E+01    1.19695E-09
 1.80000E+01    4.93896E-10
 1.90000E+01    2.12333E-10
 2.00000E+01    9.51463E-11
 2.10000E+01    4.41640E-11
 2.20000E+01    2.12066E-11
 2.30000E+01    1.05038E-11
 2.40000E+01    5.32441E-12
 2.50000E+01    2.77016E-12
 2.60000E+01    1.48016E-12
 2.70000E+01    8.11353E-13
 2.80000E+01    4.55308E-13
 2.90000E+01    2.61396E-13
 3.00000E+01    1.53039E-13
