# n + Ac222m: (n,n'22)  
# tendl.2017 A.J. Koning and D. Rochman        EVAL-NOV17
# uncertainties: n
# # energies =    82
#   E(MeV)       xs(mb) 
 1.86672E-01    0.00000E+00
 1.97397E-01    2.33231E-05
 1.98608E-01    2.59566E-05
 2.00000E-01    2.89837E-05
 2.10860E-01    5.59264E-05
 2.14408E-01    6.88177E-05
 2.19536E-01    9.23206E-05
 2.25565E-01    1.29288E-04
 2.27869E-01    1.46698E-04
 2.29168E-01    1.57438E-04
 3.00000E-01    4.47821E-03
 4.00000E-01    2.79875E-02
 5.00000E-01    8.29856E-02
 6.00000E-01    1.72764E-01
 7.00000E-01    2.92478E-01
 8.00000E-01    4.32406E-01
 9.00000E-01    5.80362E-01
 1.00000E+00    7.22371E-01
 1.20000E+00    9.43105E-01
 1.40000E+00    1.01775E+00
 1.60000E+00    9.36162E-01
 1.80000E+00    7.58095E-01
 2.00000E+00    5.61342E-01
 2.20000E+00    3.94063E-01
 2.40000E+00    2.69646E-01
 2.60000E+00    1.83070E-01
 2.80000E+00    1.24625E-01
 3.00000E+00    8.55341E-02
 3.20000E+00    5.92620E-02
 3.40000E+00    4.14115E-02
 3.60000E+00    2.91020E-02
 3.80000E+00    2.05163E-02
 4.00000E+00    1.44787E-02
 4.20000E+00    1.02159E-02
 4.40000E+00    7.20990E-03
 4.60000E+00    5.09636E-03
 4.80000E+00    3.61303E-03
 5.00000E+00    2.57211E-03
 5.20000E+00    1.84040E-03
 5.40000E+00    1.32607E-03
 5.60000E+00    9.61546E-04
 5.80000E+00    7.01918E-04
 6.00000E+00    5.15941E-04
 6.20000E+00    3.81604E-04
 6.40000E+00    2.83798E-04
 6.60000E+00    2.12110E-04
 6.80000E+00    1.59119E-04
 7.00000E+00    1.19672E-04
 7.20000E+00    9.02729E-05
 7.40000E+00    6.81277E-05
 7.60000E+00    5.14799E-05
 7.80000E+00    3.89337E-05
 8.00000E+00    2.94510E-05
 8.50000E+00    1.47251E-05
 9.00000E+00    7.43316E-06
 9.50000E+00    3.80520E-06
 1.00000E+01    1.98266E-06
 1.05000E+01    1.05380E-06
 1.10000E+01    5.71802E-07
 1.15000E+01    3.16589E-07
 1.20000E+01    1.78628E-07
 1.25000E+01    1.02473E-07
 1.30000E+01    5.96309E-08
 1.35000E+01    3.51294E-08
 1.40000E+01    2.09247E-08
 1.45000E+01    1.25954E-08
 1.50000E+01    7.65948E-09
 1.60000E+01    2.92380E-09
 1.70000E+01    1.15975E-09
 1.80000E+01    4.82871E-10
 1.90000E+01    2.09399E-10
 2.00000E+01    9.45929E-11
 2.10000E+01    4.42257E-11
 2.20000E+01    2.13693E-11
 2.30000E+01    1.06410E-11
 2.40000E+01    5.41894E-12
 2.50000E+01    2.83118E-12
 2.60000E+01    1.51875E-12
 2.70000E+01    8.35653E-13
 2.80000E+01    4.70635E-13
 2.90000E+01    2.71105E-13
 3.00000E+01    1.59210E-13
