# n + Ac222m: (n,n'25)  
# tendl.2017 A.J. Koning and D. Rochman        EVAL-NOV17
# uncertainties: n
# # energies =    78
#   E(MeV)       xs(mb) 
 2.10860E-01    0.00000E+00
 2.14408E-01    5.42285E-01
 2.19536E-01    1.32606E+00
 2.25565E-01    2.24755E+00
 2.27869E-01    2.59970E+00
 2.29168E-01    2.79824E+00
 3.00000E-01    1.36244E+01
 4.00000E-01    2.54791E+01
 5.00000E-01    3.10900E+01
 6.00000E-01    3.18023E+01
 7.00000E-01    2.97866E+01
 8.00000E-01    2.66455E+01
 9.00000E-01    2.33084E+01
 1.00000E+00    2.01966E+01
 1.20000E+00    1.52971E+01
 1.40000E+00    1.18121E+01
 1.60000E+00    9.04103E+00
 1.80000E+00    6.58953E+00
 2.00000E+00    4.49563E+00
 2.20000E+00    2.89499E+00
 2.40000E+00    1.79232E+00
 2.60000E+00    1.08506E+00
 2.80000E+00    6.51027E-01
 3.00000E+00    3.90963E-01
 3.20000E+00    2.36461E-01
 3.40000E+00    1.44537E-01
 3.60000E+00    8.93549E-02
 3.80000E+00    5.58583E-02
 4.00000E+00    3.52537E-02
 4.20000E+00    2.24213E-02
 4.40000E+00    1.43625E-02
 4.60000E+00    9.26723E-03
 4.80000E+00    6.02358E-03
 5.00000E+00    3.94571E-03
 5.20000E+00    2.60666E-03
 5.40000E+00    1.73692E-03
 5.60000E+00    1.16781E-03
 5.80000E+00    7.92188E-04
 6.00000E+00    5.42300E-04
 6.20000E+00    3.74722E-04
 6.40000E+00    2.61221E-04
 6.60000E+00    1.83765E-04
 6.80000E+00    1.30391E-04
 7.00000E+00    9.32608E-05
 7.20000E+00    6.72572E-05
 7.40000E+00    4.88243E-05
 7.60000E+00    3.56712E-05
 7.80000E+00    2.62122E-05
 8.00000E+00    1.93508E-05
 8.50000E+00    9.23286E-06
 9.00000E+00    4.50324E-06
 9.50000E+00    2.23817E-06
 1.00000E+01    1.13251E-06
 1.05000E+01    5.83453E-07
 1.10000E+01    3.06155E-07
 1.15000E+01    1.63655E-07
 1.20000E+01    8.91203E-08
 1.25000E+01    4.93969E-08
 1.30000E+01    2.78352E-08
 1.35000E+01    1.59254E-08
 1.40000E+01    9.24097E-09
 1.45000E+01    5.43436E-09
 1.50000E+01    3.23640E-09
 1.60000E+01    1.19098E-09
 1.70000E+01    4.57222E-10
 1.80000E+01    1.84593E-10
 1.90000E+01    7.77247E-11
 2.00000E+01    3.41493E-11
 2.10000E+01    1.55710E-11
 2.20000E+01    7.36333E-12
 2.30000E+01    3.60086E-12
 2.40000E+01    1.80539E-12
 2.50000E+01    9.29907E-13
 2.60000E+01    4.92049E-13
 2.70000E+01    2.67146E-13
 2.80000E+01    1.48551E-13
 2.90000E+01    8.45789E-14
 3.00000E+01    4.91593E-14
