# n + Ac225 : (n,n'14)  
# jeff3.3    O.Iwamoto, T.Nakagawa, et al.     EVAL-FEB10
# uncertainties: y
# # energies =    60
#   E(MeV)       xs(mb)       xslow(mb)      xsupp(mb)
 2.36556E-01    0.00000E+00    0.00000E+00    0.00000E+00
 2.50000E-01    3.55972E+00    2.10023E+00    5.01921E+00
 3.00000E-01    1.29045E+01    7.61366E+00    1.81953E+01
 4.00000E-01    2.38247E+01    1.21506E+01    3.54988E+01
 5.00000E-01    3.07330E+01    1.56738E+01    4.57922E+01
 6.00000E-01    3.19829E+01    2.00213E+01    4.39445E+01
 7.00000E-01    3.29563E+01    2.06306E+01    4.52820E+01
 8.00000E-01    3.19587E+01    2.05814E+01    4.33360E+01
 9.00000E-01    3.07685E+01    1.98149E+01    4.17221E+01
 1.00000E+00    2.92674E+01    1.83799E+01    4.01549E+01
 1.10000E+00    2.72808E+01    1.71323E+01    3.74293E+01
 1.20000E+00    2.53858E+01    1.55361E+01    3.52355E+01
 1.30000E+00    2.33610E+01    1.42969E+01    3.24251E+01
 1.40000E+00    2.12409E+01    1.29994E+01    2.94824E+01
 1.50000E+00    1.91056E+01    1.18455E+01    2.63657E+01
 1.60000E+00    1.70821E+01    1.05909E+01    2.35733E+01
 1.70000E+00    1.51131E+01    9.37012E+00    2.08561E+01
 1.80000E+00    1.32860E+01    8.23732E+00    1.83347E+01
 1.90000E+00    1.15650E+01    7.17030E+00    1.59597E+01
 2.00000E+00    1.00142E+01    6.87976E+00    1.31486E+01
 2.10000E+00    8.59417E+00    5.90420E+00    1.12841E+01
 2.20000E+00    7.34379E+00    5.04518E+00    9.64240E+00
 2.40000E+00    5.25608E+00    3.61093E+00    6.90123E+00
 2.60000E+00    3.71364E+00    2.84836E+00    4.57892E+00
 2.80000E+00    2.58707E+00    1.98428E+00    3.18986E+00
 3.00000E+00    1.78015E+00    1.37784E+00    2.18246E+00
 3.50000E+00    6.86419E-01    5.01086E-01    8.71752E-01
 4.00000E+00    2.71354E-01    1.86963E-01    3.55745E-01
 4.50000E+00    1.16409E-01    8.02058E-02    1.52612E-01
 5.00000E+00    5.96804E-02    4.35070E-02    7.58538E-02
 5.50000E+00    3.73310E-02    2.72143E-02    4.74477E-02
 6.00000E+00    2.80422E-02    2.17327E-02    3.43517E-02
 6.50000E+00    2.33825E-02    1.81214E-02    2.86436E-02
 7.00000E+00    2.08553E-02    1.57666E-02    2.59440E-02
 7.50000E+00    1.91161E-02    1.44518E-02    2.37804E-02
 8.00000E+00    1.79260E-02    1.33728E-02    2.24792E-02
 8.50000E+00    1.68721E-02    1.25866E-02    2.11576E-02
 9.00000E+00    1.60103E-02    1.19597E-02    2.00609E-02
 9.50000E+00    1.51817E-02    1.13407E-02    1.90227E-02
 1.00000E+01    1.44423E-02    1.08751E-02    1.80095E-02
 1.05000E+01    1.37480E-02    1.03522E-02    1.71438E-02
 1.10000E+01    1.31107E-02    9.87236E-03    1.63490E-02
 1.15000E+01    1.25222E-02    9.42922E-03    1.56152E-02
 1.20000E+01    1.19686E-02    9.14401E-03    1.47932E-02
 1.25000E+01    1.14595E-02    8.75506E-03    1.41639E-02
 1.30000E+01    1.09827E-02    8.39078E-03    1.35746E-02
 1.35000E+01    1.05479E-02    8.05860E-03    1.30372E-02
 1.40000E+01    1.01363E-02    7.83536E-03    1.24372E-02
 1.45000E+01    9.75134E-03    7.53779E-03    1.19649E-02
 1.50000E+01    9.38668E-03    7.29345E-03    1.14799E-02
 1.55000E+01    9.04492E-03    7.02790E-03    1.10619E-02
 1.60000E+01    8.71839E-03    6.80906E-03    1.06277E-02
 1.65000E+01    8.41357E-03    6.57100E-03    1.02561E-02
 1.70000E+01    8.12313E-03    6.34417E-03    9.90210E-03
 1.75000E+01    7.85021E-03    6.13101E-03    9.56941E-03
 1.80000E+01    7.58998E-03    5.98090E-03    9.19906E-03
 1.85000E+01    7.34412E-03    5.78717E-03    8.90107E-03
 1.90000E+01    7.10942E-03    5.60222E-03    8.61662E-03
 1.95000E+01    6.88086E-03    5.42212E-03    8.33960E-03
 2.00000E+01    6.66333E-03    5.25070E-03    8.07596E-03
