# n + Ac236 : (n,a)     
# tendl.2017 A.J. Koning and D. Rochman        EVAL-NOV17
# uncertainties: y
# # energies =   671
#   E(MeV)       xs(mb)       xslow(mb)      xsupp(mb)
 1.00000E-11    5.60151E-11    5.60151E-11    5.60151E-11
 1.03005E-11    5.51921E-11    5.51921E-11    5.51921E-11
 1.06099E-11    5.43811E-11    5.43811E-11    5.43811E-11
 1.09287E-11    5.35821E-11    5.35821E-11    5.35821E-11
 1.12571E-11    5.27949E-11    5.27949E-11    5.27949E-11
 1.15953E-11    5.20192E-11    5.20192E-11    5.20192E-11
 1.19437E-11    5.12549E-11    5.12549E-11    5.12549E-11
 1.23026E-11    5.05018E-11    5.05018E-11    5.05018E-11
 1.26722E-11    4.97598E-11    4.97598E-11    4.97598E-11
 1.30530E-11    4.90287E-11    4.90287E-11    4.90287E-11
 1.34452E-11    4.83083E-11    4.83083E-11    4.83083E-11
 1.38491E-11    4.75986E-11    4.75986E-11    4.75986E-11
 1.42652E-11    4.68992E-11    4.68992E-11    4.68992E-11
 1.46938E-11    4.62101E-11    4.62101E-11    4.62101E-11
 1.51353E-11    4.55312E-11    4.55312E-11    4.55312E-11
 1.55901E-11    4.48622E-11    4.48622E-11    4.48622E-11
 1.60585E-11    4.42031E-11    4.42031E-11    4.42031E-11
 1.65410E-11    4.35536E-11    4.35536E-11    4.35536E-11
 1.70380E-11    4.29137E-11    4.29137E-11    4.29137E-11
 1.75499E-11    4.22832E-11    4.22832E-11    4.22832E-11
 1.80772E-11    4.16619E-11    4.16619E-11    4.16619E-11
 1.86203E-11    4.10498E-11    4.10498E-11    4.10498E-11
 1.91798E-11    4.04467E-11    4.04467E-11    4.04467E-11
 1.97561E-11    3.98524E-11    3.98524E-11    3.98524E-11
 2.03497E-11    3.92669E-11    3.92669E-11    3.92669E-11
 2.09611E-11    3.86899E-11    3.86899E-11    3.86899E-11
 2.15909E-11    3.81215E-11    3.81215E-11    3.81215E-11
 2.22396E-11    3.75614E-11    3.75614E-11    3.75614E-11
 2.29078E-11    3.70095E-11    3.70095E-11    3.70095E-11
 2.35961E-11    3.64657E-11    3.64657E-11    3.64657E-11
 2.43051E-11    3.59299E-11    3.59299E-11    3.59299E-11
 2.50353E-11    3.54020E-11    3.54020E-11    3.54020E-11
 2.57875E-11    3.48819E-11    3.48819E-11    3.48819E-11
 2.65623E-11    3.43694E-11    3.43694E-11    3.43694E-11
 2.73604E-11    3.38644E-11    3.38644E-11    3.38644E-11
 2.81825E-11    3.33668E-11    3.33668E-11    3.33668E-11
 2.90293E-11    3.28766E-11    3.28766E-11    3.28766E-11
 2.99015E-11    3.23936E-11    3.23936E-11    3.23936E-11
 3.07999E-11    3.19176E-11    3.19176E-11    3.19176E-11
 3.17253E-11    3.14487E-11    3.14487E-11    3.14487E-11
 3.26785E-11    3.09866E-11    3.09866E-11    3.09866E-11
 3.36604E-11    3.05313E-11    3.05313E-11    3.05313E-11
 3.46717E-11    3.00827E-11    3.00827E-11    3.00827E-11
 3.57135E-11    2.96407E-11    2.96407E-11    2.96407E-11
 3.67865E-11    2.92052E-11    2.92052E-11    2.92052E-11
 3.78918E-11    2.87761E-11    2.87761E-11    2.87761E-11
 3.90303E-11    2.83533E-11    2.83533E-11    2.83533E-11
 4.02030E-11    2.79367E-11    2.79367E-11    2.79367E-11
 4.14109E-11    2.75263E-11    2.75263E-11    2.75263E-11
 4.26551E-11    2.71218E-11    2.71218E-11    2.71218E-11
 4.39367E-11    2.67234E-11    2.67234E-11    2.67234E-11
 4.52569E-11    2.63307E-11    2.63307E-11    2.63307E-11
 4.66166E-11    2.59439E-11    2.59439E-11    2.59439E-11
 4.80173E-11    2.55627E-11    2.55627E-11    2.55627E-11
 4.94600E-11    2.51871E-11    2.51871E-11    2.51871E-11
 5.09461E-11    2.48170E-11    2.48170E-11    2.48170E-11
 5.24768E-11    2.44524E-11    2.44524E-11    2.44524E-11
 5.40535E-11    2.40931E-11    2.40931E-11    2.40931E-11
 5.56776E-11    2.37391E-11    2.37391E-11    2.37391E-11
 5.73505E-11    2.33903E-11    2.33903E-11    2.33903E-11
 5.90736E-11    2.30467E-11    2.30467E-11    2.30467E-11
 6.08485E-11    2.27081E-11    2.27081E-11    2.27081E-11
 6.26768E-11    2.23744E-11    2.23744E-11    2.23744E-11
 6.45599E-11    2.20457E-11    2.20457E-11    2.20457E-11
 6.64997E-11    2.17218E-11    2.17218E-11    2.17218E-11
 6.84977E-11    2.14026E-11    2.14026E-11    2.14026E-11
 7.05558E-11    2.10882E-11    2.10882E-11    2.10882E-11
 7.26757E-11    2.07783E-11    2.07783E-11    2.07783E-11
 7.48593E-11    2.04730E-11    2.04730E-11    2.04730E-11
 7.71085E-11    2.01722E-11    2.01722E-11    2.01722E-11
 7.94253E-11    1.98758E-11    1.98758E-11    1.98758E-11
 8.18117E-11    1.95838E-11    1.95838E-11    1.95838E-11
 8.42698E-11    1.92961E-11    1.92961E-11    1.92961E-11
 8.68018E-11    1.90126E-11    1.90126E-11    1.90126E-11
 8.94098E-11    1.87332E-11    1.87332E-11    1.87332E-11
 9.20962E-11    1.84580E-11    1.84580E-11    1.84580E-11
 9.48633E-11    1.81868E-11    1.81868E-11    1.81868E-11
 9.77136E-11    1.79196E-11    1.79196E-11    1.79196E-11
 1.00649E-10    1.76563E-11    1.76563E-11    1.76563E-11
 1.03674E-10    1.73969E-11    1.73969E-11    1.73969E-11
 1.06789E-10    1.71413E-11    1.71413E-11    1.71413E-11
 1.09997E-10    1.68894E-11    1.68894E-11    1.68894E-11
 1.13302E-10    1.66413E-11    1.66413E-11    1.66413E-11
 1.16706E-10    1.63968E-11    1.63968E-11    1.63968E-11
 1.20213E-10    1.61558E-11    1.61558E-11    1.61558E-11
 1.23825E-10    1.59185E-11    1.59185E-11    1.59185E-11
 1.27545E-10    1.56846E-11    1.56846E-11    1.56846E-11
 1.31377E-10    1.54541E-11    1.54541E-11    1.54541E-11
 1.35325E-10    1.52271E-11    1.52271E-11    1.52271E-11
 1.39391E-10    1.50034E-11    1.50034E-11    1.50034E-11
 1.43579E-10    1.47829E-11    1.47829E-11    1.47829E-11
 1.47893E-10    1.45657E-11    1.45657E-11    1.45657E-11
 1.52336E-10    1.43517E-11    1.43517E-11    1.43517E-11
 1.56913E-10    1.41408E-11    1.41408E-11    1.41408E-11
 1.61628E-10    1.39331E-11    1.39331E-11    1.39331E-11
 1.66484E-10    1.37284E-11    1.37284E-11    1.37284E-11
 1.71486E-10    1.35267E-11    1.35267E-11    1.35267E-11
 1.76639E-10    1.33279E-11    1.33279E-11    1.33279E-11
 1.81946E-10    1.31321E-11    1.31321E-11    1.31321E-11
 1.87413E-10    1.29391E-11    1.29391E-11    1.29391E-11
 1.93044E-10    1.27490E-11    1.27490E-11    1.27490E-11
 1.98844E-10    1.25617E-11    1.25617E-11    1.25617E-11
 2.04818E-10    1.23772E-11    1.23772E-11    1.23772E-11
 2.10972E-10    1.21953E-11    1.21953E-11    1.21953E-11
 2.17311E-10    1.20161E-11    1.20161E-11    1.20161E-11
 2.23840E-10    1.18396E-11    1.18396E-11    1.18396E-11
 2.30566E-10    1.16656E-11    1.16656E-11    1.16656E-11
 2.37493E-10    1.14942E-11    1.14942E-11    1.14942E-11
 2.44629E-10    1.13253E-11    1.13253E-11    1.13253E-11
 2.51979E-10    1.11589E-11    1.11589E-11    1.11589E-11
 2.59550E-10    1.09950E-11    1.09950E-11    1.09950E-11
 2.67349E-10    1.08334E-11    1.08334E-11    1.08334E-11
 2.75381E-10    1.06743E-11    1.06743E-11    1.06743E-11
 2.83655E-10    1.05174E-11    1.05174E-11    1.05174E-11
 2.92178E-10    1.03629E-11    1.03629E-11    1.03629E-11
 3.00957E-10    1.02106E-11    1.02106E-11    1.02106E-11
 3.09999E-10    1.00606E-11    1.00606E-11    1.00606E-11
 3.19313E-10    9.91281E-12    9.91281E-12    9.91281E-12
 3.28907E-10    9.76716E-12    9.76716E-12    9.76716E-12
 3.38790E-10    9.62366E-12    9.62366E-12    9.62366E-12
 3.48969E-10    9.48226E-12    9.48226E-12    9.48226E-12
 3.59454E-10    9.34294E-12    9.34294E-12    9.34294E-12
 3.70254E-10    9.20567E-12    9.20567E-12    9.20567E-12
 3.81379E-10    9.07041E-12    9.07041E-12    9.07041E-12
 3.92838E-10    8.93714E-12    8.93714E-12    8.93714E-12
 4.04641E-10    8.80583E-12    8.80583E-12    8.80583E-12
 4.16798E-10    8.67645E-12    8.67645E-12    8.67645E-12
 4.29321E-10    8.54897E-12    8.54897E-12    8.54897E-12
 4.42221E-10    8.42337E-12    8.42337E-12    8.42337E-12
 4.55508E-10    8.29960E-12    8.29960E-12    8.29960E-12
 4.69194E-10    8.17766E-12    8.17766E-12    8.17766E-12
 4.83291E-10    8.05751E-12    8.05751E-12    8.05751E-12
 4.97812E-10    7.93912E-12    7.93912E-12    7.93912E-12
 5.12769E-10    7.82248E-12    7.82248E-12    7.82248E-12
 5.28176E-10    7.70754E-12    7.70754E-12    7.70754E-12
 5.44045E-10    7.59430E-12    7.59430E-12    7.59430E-12
 5.60392E-10    7.48272E-12    7.48272E-12    7.48272E-12
 5.77229E-10    7.37278E-12    7.37278E-12    7.37278E-12
 5.94572E-10    7.26445E-12    7.26445E-12    7.26445E-12
 6.12437E-10    7.15772E-12    7.15772E-12    7.15772E-12
 6.30838E-10    7.05255E-12    7.05255E-12    7.05255E-12
 6.49792E-10    6.94893E-12    6.94893E-12    6.94893E-12
 6.69316E-10    6.84683E-12    6.84683E-12    6.84683E-12
 6.89426E-10    6.74624E-12    6.74624E-12    6.74624E-12
 7.10140E-10    6.64712E-12    6.64712E-12    6.64712E-12
 7.31477E-10    6.54945E-12    6.54945E-12    6.54945E-12
 7.53455E-10    6.45322E-12    6.45322E-12    6.45322E-12
 7.76093E-10    6.35841E-12    6.35841E-12    6.35841E-12
 7.99411E-10    6.26499E-12    6.26499E-12    6.26499E-12
 8.23430E-10    6.17294E-12    6.17294E-12    6.17294E-12
 8.48171E-10    6.08224E-12    6.08224E-12    6.08224E-12
 8.73655E-10    5.99287E-12    5.99287E-12    5.99287E-12
 8.99905E-10    5.90482E-12    5.90482E-12    5.90482E-12
 9.26943E-10    5.81807E-12    5.81807E-12    5.81807E-12
 9.54794E-10    5.73258E-12    5.73258E-12    5.73258E-12
 9.83482E-10    5.64836E-12    5.64836E-12    5.64836E-12
 1.01303E-09    5.56537E-12    5.56537E-12    5.56537E-12
 1.04347E-09    5.48360E-12    5.48360E-12    5.48360E-12
 1.07482E-09    5.40303E-12    5.40303E-12    5.40303E-12
 1.10711E-09    5.32364E-12    5.32364E-12    5.32364E-12
 1.14038E-09    5.24542E-12    5.24542E-12    5.24542E-12
 1.17464E-09    5.16835E-12    5.16835E-12    5.16835E-12
 1.20994E-09    5.09242E-12    5.09242E-12    5.09242E-12
 1.24629E-09    5.01760E-12    5.01760E-12    5.01760E-12
 1.28373E-09    4.94387E-12    4.94387E-12    4.94387E-12
 1.32231E-09    4.87123E-12    4.87123E-12    4.87123E-12
 1.36204E-09    4.79966E-12    4.79966E-12    4.79966E-12
 1.40296E-09    4.72914E-12    4.72914E-12    4.72914E-12
 1.44511E-09    4.65966E-12    4.65966E-12    4.65966E-12
 1.48853E-09    4.59120E-12    4.59120E-12    4.59120E-12
 1.53326E-09    4.52374E-12    4.52374E-12    4.52374E-12
 1.57932E-09    4.45727E-12    4.45727E-12    4.45727E-12
 1.62678E-09    4.39179E-12    4.39179E-12    4.39179E-12
 1.67565E-09    4.32726E-12    4.32726E-12    4.32726E-12
 1.72600E-09    4.26368E-12    4.26368E-12    4.26368E-12
 1.77786E-09    4.20104E-12    4.20104E-12    4.20104E-12
 1.83128E-09    4.13931E-12    4.13931E-12    4.13931E-12
 1.88630E-09    4.07850E-12    4.07850E-12    4.07850E-12
 1.94297E-09    4.01857E-12    4.01857E-12    4.01857E-12
 2.00135E-09    3.95953E-12    3.95953E-12    3.95953E-12
 2.06148E-09    3.90136E-12    3.90136E-12    3.90136E-12
 2.12342E-09    3.84404E-12    3.84404E-12    3.84404E-12
 2.18722E-09    3.78757E-12    3.78757E-12    3.78757E-12
 2.25294E-09    3.73193E-12    3.73193E-12    3.73193E-12
 2.32063E-09    3.67711E-12    3.67711E-12    3.67711E-12
 2.39036E-09    3.62309E-12    3.62309E-12    3.62309E-12
 2.46218E-09    3.56988E-12    3.56988E-12    3.56988E-12
 2.53616E-09    3.51744E-12    3.51744E-12    3.51744E-12
 2.61236E-09    3.46579E-12    3.46579E-12    3.46579E-12
 2.69085E-09    3.41489E-12    3.41489E-12    3.41489E-12
 2.77170E-09    3.36476E-12    3.36476E-12    3.36476E-12
 2.85497E-09    3.31536E-12    3.31536E-12    3.31536E-12
 2.94075E-09    3.26671E-12    3.26671E-12    3.26671E-12
 3.02911E-09    3.21877E-12    3.21877E-12    3.21877E-12
 3.12012E-09    3.17156E-12    3.17156E-12    3.17156E-12
 3.21387E-09    3.12505E-12    3.12505E-12    3.12505E-12
 3.31043E-09    3.07923E-12    3.07923E-12    3.07923E-12
 3.40990E-09    3.03411E-12    3.03411E-12    3.03411E-12
 3.51235E-09    2.98967E-12    2.98967E-12    2.98967E-12
 3.61788E-09    2.94589E-12    2.94589E-12    2.94589E-12
 3.72659E-09    2.90277E-12    2.90277E-12    2.90277E-12
 3.83856E-09    2.86031E-12    2.86031E-12    2.86031E-12
 3.95389E-09    2.81848E-12    2.81848E-12    2.81848E-12
 4.07269E-09    2.77728E-12    2.77728E-12    2.77728E-12
 4.19505E-09    2.73669E-12    2.73669E-12    2.73669E-12
 4.32110E-09    2.69671E-12    2.69671E-12    2.69671E-12
 4.45093E-09    2.65731E-12    2.65731E-12    2.65731E-12
 4.58466E-09    2.61850E-12    2.61850E-12    2.61850E-12
 4.72241E-09    2.58025E-12    2.58025E-12    2.58025E-12
 4.86430E-09    2.54255E-12    2.54255E-12    2.54255E-12
 5.01045E-09    2.50539E-12    2.50539E-12    2.50539E-12
 5.16099E-09    2.46876E-12    2.46876E-12    2.46876E-12
 5.31606E-09    2.43266E-12    2.43266E-12    2.43266E-12
 5.47579E-09    2.39706E-12    2.39706E-12    2.39706E-12
 5.64031E-09    2.36196E-12    2.36196E-12    2.36196E-12
 5.80978E-09    2.32737E-12    2.32737E-12    2.32737E-12
 5.98434E-09    2.29326E-12    2.29326E-12    2.29326E-12
 6.16414E-09    2.25963E-12    2.25963E-12    2.25963E-12
 6.34935E-09    2.22648E-12    2.22648E-12    2.22648E-12
 6.54012E-09    2.19381E-12    2.19381E-12    2.19381E-12
 6.73663E-09    2.16160E-12    2.16160E-12    2.16160E-12
 6.93903E-09    2.12986E-12    2.12986E-12    2.12986E-12
 7.14752E-09    2.09858E-12    2.09858E-12    2.09858E-12
 7.36228E-09    2.06776E-12    2.06776E-12    2.06776E-12
 7.58348E-09    2.03738E-12    2.03738E-12    2.03738E-12
 7.81133E-09    2.00745E-12    2.00745E-12    2.00745E-12
 8.04603E-09    1.97796E-12    1.97796E-12    1.97796E-12
 8.28778E-09    1.94890E-12    1.94890E-12    1.94890E-12
 8.53679E-09    1.92026E-12    1.92026E-12    1.92026E-12
 8.79329E-09    1.89205E-12    1.89205E-12    1.89205E-12
 9.05749E-09    1.86425E-12    1.86425E-12    1.86425E-12
 9.32963E-09    1.83686E-12    1.83686E-12    1.83686E-12
 9.60995E-09    1.80987E-12    1.80987E-12    1.80987E-12
 9.89869E-09    1.78328E-12    1.78328E-12    1.78328E-12
 1.01961E-08    1.75708E-12    1.75708E-12    1.75708E-12
 1.05025E-08    1.73126E-12    1.73126E-12    1.73126E-12
 1.08180E-08    1.70583E-12    1.70583E-12    1.70583E-12
 1.11430E-08    1.68076E-12    1.68076E-12    1.68076E-12
 1.14778E-08    1.65607E-12    1.65607E-12    1.65607E-12
 1.18227E-08    1.63174E-12    1.63174E-12    1.63174E-12
 1.21779E-08    1.60776E-12    1.60776E-12    1.60776E-12
 1.25438E-08    1.58414E-12    1.58414E-12    1.58414E-12
 1.29207E-08    1.56086E-12    1.56086E-12    1.56086E-12
 1.33089E-08    1.53793E-12    1.53793E-12    1.53793E-12
 1.37088E-08    1.51533E-12    1.51533E-12    1.51533E-12
 1.41207E-08    1.49307E-12    1.49307E-12    1.49307E-12
 1.45450E-08    1.47113E-12    1.47113E-12    1.47113E-12
 1.49820E-08    1.44952E-12    1.44952E-12    1.44952E-12
 1.54321E-08    1.42822E-12    1.42822E-12    1.42822E-12
 1.58958E-08    1.40723E-12    1.40723E-12    1.40723E-12
 1.63734E-08    1.38656E-12    1.38656E-12    1.38656E-12
 1.68654E-08    1.36619E-12    1.36619E-12    1.36619E-12
 1.73721E-08    1.34611E-12    1.34611E-12    1.34611E-12
 1.78941E-08    1.32633E-12    1.32633E-12    1.32633E-12
 1.84317E-08    1.30683E-12    1.30683E-12    1.30683E-12
 1.89855E-08    1.28762E-12    1.28762E-12    1.28762E-12
 1.95559E-08    1.26867E-12    1.26867E-12    1.26867E-12
 2.01435E-08    1.24999E-12    1.24999E-12    1.24999E-12
 2.07487E-08    1.23158E-12    1.23158E-12    1.23158E-12
 2.13721E-08    1.21342E-12    1.21342E-12    1.21342E-12
 2.20143E-08    1.19554E-12    1.19554E-12    1.19554E-12
 2.26757E-08    1.17795E-12    1.17795E-12    1.17795E-12
 2.33570E-08    1.16069E-12    1.16069E-12    1.16069E-12
 2.40588E-08    1.14378E-12    1.14378E-12    1.14378E-12
 2.47817E-08    1.12722E-12    1.12722E-12    1.12722E-12
 2.52045E-08    1.11791E-12    1.11791E-12    1.11791E-12
 2.53000E-08    1.11584E-12    1.11584E-12    1.11584E-12
 2.60602E-08    1.09981E-12    1.09981E-12    1.09981E-12
 2.69569E-08    1.08175E-12    1.08175E-12    1.08175E-12
 2.78845E-08    1.06384E-12    1.06384E-12    1.06384E-12
 2.88441E-08    1.04604E-12    1.04604E-12    1.04604E-12
 2.98366E-08    1.02833E-12    1.02833E-12    1.02833E-12
 3.07331E-08    1.01298E-12    1.01298E-12    1.01298E-12
 3.16565E-08    9.97840E-13    9.97840E-13    9.97840E-13
 3.26077E-08    9.82955E-13    9.82955E-13    9.82955E-13
 3.35874E-08    9.68345E-13    9.68345E-13    9.68345E-13
 3.45965E-08    9.54002E-13    9.54002E-13    9.54002E-13
 3.56360E-08    9.39912E-13    9.39912E-13    9.39912E-13
 3.67067E-08    9.26064E-13    9.26064E-13    9.26064E-13
 3.78096E-08    9.12451E-13    9.12451E-13    9.12451E-13
 3.89456E-08    8.99054E-13    8.99054E-13    8.99054E-13
 4.01158E-08    8.85849E-13    8.85849E-13    8.85849E-13
 4.13211E-08    8.72822E-13    8.72822E-13    8.72822E-13
 4.25626E-08    8.59979E-13    8.59979E-13    8.59979E-13
 4.38415E-08    8.47341E-13    8.47341E-13    8.47341E-13
 4.51587E-08    8.34911E-13    8.34911E-13    8.34911E-13
 4.65156E-08    8.22666E-13    8.22666E-13    8.22666E-13
 4.79132E-08    8.10575E-13    8.10575E-13    8.10575E-13
 4.93527E-08    7.98636E-13    7.98636E-13    7.98636E-13
 5.08356E-08    7.86880E-13    7.86880E-13    7.86880E-13
 5.23630E-08    7.75333E-13    7.75333E-13    7.75333E-13
 5.39363E-08    7.63979E-13    7.63979E-13    7.63979E-13
 5.57923E-08    7.51181E-13    7.51181E-13    7.51181E-13
 5.74686E-08    7.40111E-13    7.40111E-13    7.40111E-13
 5.91953E-08    7.29193E-13    7.29193E-13    7.29193E-13
 6.09739E-08    7.18479E-13    7.18479E-13    7.18479E-13
 6.28059E-08    7.07972E-13    7.07972E-13    7.07972E-13
 6.49671E-08    6.96143E-13    6.96143E-13    6.96143E-13
 6.72027E-08    6.84430E-13    6.84430E-13    6.84430E-13
 6.92219E-08    6.74310E-13    6.74310E-13    6.74310E-13
 7.13017E-08    6.64386E-13    6.64386E-13    6.64386E-13
 7.34440E-08    6.54683E-13    6.54683E-13    6.54683E-13
 7.59713E-08    6.43775E-13    6.43775E-13    6.43775E-13
 7.85856E-08    6.32948E-13    6.32948E-13    6.32948E-13
 8.09468E-08    6.23562E-13    6.23562E-13    6.23562E-13
 8.30270E-08    6.15660E-13    6.15660E-13    6.15660E-13
 8.55216E-08    6.06662E-13    6.06662E-13    6.06662E-13
 8.80912E-08    5.97846E-13    5.97846E-13    5.97846E-13
 9.15087E-08    5.86594E-13    5.86594E-13    5.86594E-13
 9.46576E-08    5.76640E-13    5.76640E-13    5.76640E-13
 9.70902E-08    5.69305E-13    5.69305E-13    5.69305E-13
 9.95853E-08    5.62152E-13    5.62152E-13    5.62152E-13
 1.02577E-07    5.54006E-13    5.54006E-13    5.54006E-13
 1.06557E-07    5.43628E-13    5.43628E-13    5.43628E-13
 1.10691E-07    5.33216E-13    5.33216E-13    5.33216E-13
 1.13535E-07    5.26385E-13    5.26385E-13    5.26385E-13
 1.15472E-07    5.22029E-13    5.22029E-13    5.22029E-13
 1.16947E-07    5.18992E-13    5.18992E-13    5.18992E-13
 1.17940E-07    5.17154E-13    5.17154E-13    5.17154E-13
 1.18942E-07    5.15538E-13    5.15538E-13    5.15538E-13
 1.19952E-07    5.14229E-13    5.14229E-13    5.14229E-13
 1.20461E-07    5.13723E-13    5.13723E-13    5.13723E-13
 1.20971E-07    5.13335E-13    5.13335E-13    5.13335E-13
 1.21484E-07    5.13081E-13    5.13081E-13    5.13081E-13
 1.21999E-07    5.12980E-13    5.12980E-13    5.12980E-13
 1.22516E-07    5.13048E-13    5.13048E-13    5.13048E-13
 1.23035E-07    5.13304E-13    5.13304E-13    5.13304E-13
 1.23556E-07    5.13767E-13    5.13767E-13    5.13767E-13
 1.24080E-07    5.14454E-13    5.14454E-13    5.14454E-13
 1.24606E-07    5.15383E-13    5.15383E-13    5.15383E-13
 1.25134E-07    5.16569E-13    5.16569E-13    5.16569E-13
 1.25664E-07    5.18027E-13    5.18027E-13    5.18027E-13
 1.26197E-07    5.19769E-13    5.19769E-13    5.19769E-13
 1.26731E-07    5.21806E-13    5.21806E-13    5.21806E-13
 1.27269E-07    5.24144E-13    5.24144E-13    5.24144E-13
 1.27552E-07    5.25496E-13    5.25496E-13    5.25496E-13
 1.28093E-07    5.28301E-13    5.28301E-13    5.28301E-13
 1.28635E-07    5.31413E-13    5.31413E-13    5.31413E-13
 1.29181E-07    5.34827E-13    5.34827E-13    5.34827E-13
 1.29728E-07    5.38539E-13    5.38539E-13    5.38539E-13
 1.30278E-07    5.42537E-13    5.42537E-13    5.42537E-13
 1.30830E-07    5.46812E-13    5.46812E-13    5.46812E-13
 1.31384E-07    5.51349E-13    5.51349E-13    5.51349E-13
 1.31941E-07    5.56133E-13    5.56133E-13    5.56133E-13
 1.32500E-07    5.61147E-13    5.61147E-13    5.61147E-13
 1.33062E-07    5.66373E-13    5.66373E-13    5.66373E-13
 1.33626E-07    5.71795E-13    5.71795E-13    5.71795E-13
 1.34192E-07    5.77393E-13    5.77393E-13    5.77393E-13
 1.34761E-07    5.83151E-13    5.83151E-13    5.83151E-13
 1.35906E-07    5.95078E-13    5.95078E-13    5.95078E-13
 1.37060E-07    6.07458E-13    6.07458E-13    6.07458E-13
 1.38810E-07    6.26660E-13    6.26660E-13    6.26660E-13
 1.41776E-07    6.59814E-13    6.59814E-13    6.59814E-13
 1.46655E-07    7.14935E-13    7.14935E-13    7.14935E-13
 1.49789E-07    7.50775E-13    7.50775E-13    7.50775E-13
 1.51702E-07    7.73026E-13    7.73026E-13    7.73026E-13
 1.53638E-07    7.96050E-13    7.96050E-13    7.96050E-13
 1.54943E-07    8.11930E-13    8.11930E-13    8.11930E-13
 1.56260E-07    8.28301E-13    8.28301E-13    8.28301E-13
 1.57587E-07    8.45210E-13    8.45210E-13    8.45210E-13
 1.58925E-07    8.62686E-13    8.62686E-13    8.62686E-13
 1.60275E-07    8.80738E-13    8.80738E-13    8.80738E-13
 1.61637E-07    8.99353E-13    8.99353E-13    8.99353E-13
 1.63700E-07    9.28254E-13    9.28254E-13    9.28254E-13
 1.65790E-07    9.58182E-13    9.58182E-13    9.58182E-13
 1.68619E-07    9.99370E-13    9.99370E-13    9.99370E-13
 1.72952E-07    1.06330E-12    1.06330E-12    1.06330E-12
 1.76648E-07    1.11849E-12    1.11849E-12    1.11849E-12
 1.78904E-07    1.15271E-12    1.15271E-12    1.15271E-12
 1.81188E-07    1.18807E-12    1.18807E-12    1.18807E-12
 1.82727E-07    1.21243E-12    1.21243E-12    1.21243E-12
 1.84279E-07    1.23752E-12    1.23752E-12    1.23752E-12
 1.85844E-07    1.26340E-12    1.26340E-12    1.26340E-12
 1.87423E-07    1.29011E-12    1.29011E-12    1.29011E-12
 1.89015E-07    1.31764E-12    1.31764E-12    1.31764E-12
 1.91428E-07    1.36040E-12    1.36040E-12    1.36040E-12
 1.93872E-07    1.40468E-12    1.40468E-12    1.40468E-12
 1.97180E-07    1.46561E-12    1.46561E-12    1.46561E-12
 2.03104E-07    1.57608E-12    1.57608E-12    1.57608E-12
 2.07445E-07    1.65776E-12    1.65776E-12    1.65776E-12
 2.10093E-07    1.70828E-12    1.70828E-12    1.70828E-12
 2.12776E-07    1.76044E-12    1.76044E-12    1.76044E-12
 2.14583E-07    1.79638E-12    1.79638E-12    1.79638E-12
 2.16406E-07    1.83344E-12    1.83344E-12    1.83344E-12
 2.18244E-07    1.87173E-12    1.87173E-12    1.87173E-12
 2.20098E-07    1.91133E-12    1.91133E-12    1.91133E-12
 2.21967E-07    1.95222E-12    1.95222E-12    1.95222E-12
 2.23852E-07    1.99434E-12    1.99434E-12    1.99434E-12
 2.26711E-07    2.05954E-12    2.05954E-12    2.05954E-12
 2.30578E-07    2.14950E-12    2.14950E-12    2.14950E-12
 2.38513E-07    2.33645E-12    2.33645E-12    2.33645E-12
 2.44642E-07    2.48208E-12    2.48208E-12    2.48208E-12
 2.47766E-07    2.55738E-12    2.55738E-12    2.55738E-12
 2.50929E-07    2.63529E-12    2.63529E-12    2.63529E-12
 2.53061E-07    2.68913E-12    2.68913E-12    2.68913E-12
 2.55210E-07    2.74479E-12    2.74479E-12    2.74479E-12
 2.57378E-07    2.80244E-12    2.80244E-12    2.80244E-12
 2.59564E-07    2.86216E-12    2.86216E-12    2.86216E-12
 2.61769E-07    2.92387E-12    2.92387E-12    2.92387E-12
 2.65111E-07    3.01976E-12    3.01976E-12    3.01976E-12
 2.68496E-07    3.11888E-12    3.11888E-12    3.11888E-12
 2.75396E-07    3.32379E-12    3.32379E-12    3.32379E-12
 2.86080E-07    3.64324E-12    3.64324E-12    3.64324E-12
 2.90961E-07    3.79096E-12    3.79096E-12    3.79096E-12
 2.94676E-07    3.90587E-12    3.90587E-12    3.90587E-12
 2.97179E-07    3.98530E-12    3.98530E-12    3.98530E-12
 2.99703E-07    4.06751E-12    4.06751E-12    4.06751E-12
 3.02248E-07    4.15285E-12    4.15285E-12    4.15285E-12
 3.04816E-07    4.24145E-12    4.24145E-12    4.24145E-12
 3.07405E-07    4.33317E-12    4.33317E-12    4.33317E-12
 3.11330E-07    4.47590E-12    4.47590E-12    4.47590E-12
 3.16641E-07    4.67343E-12    4.67343E-12    4.67343E-12
 3.31719E-07    5.24163E-12    5.24163E-12    5.24163E-12
 3.40244E-07    5.56497E-12    5.56497E-12    5.56497E-12
 3.44588E-07    5.73254E-12    5.73254E-12    5.73254E-12
 3.47515E-07    5.84785E-12    5.84785E-12    5.84785E-12
 3.50467E-07    5.96703E-12    5.96703E-12    5.96703E-12
 3.53444E-07    6.09081E-12    6.09081E-12    6.09081E-12
 3.56446E-07    6.21966E-12    6.21966E-12    6.21966E-12
 3.59473E-07    6.35359E-12    6.35359E-12    6.35359E-12
 3.62527E-07    6.49221E-12    6.49221E-12    6.49221E-12
 3.67155E-07    6.70730E-12    6.70730E-12    6.70730E-12
 3.75002E-07    7.07881E-12    7.07881E-12    7.07881E-12
 3.97875E-07    8.17038E-12    8.17038E-12    8.17038E-12
 4.02955E-07    8.41553E-12    8.41553E-12    8.41553E-12
 4.08100E-07    8.66894E-12    8.66894E-12    8.66894E-12
 4.11566E-07    8.84472E-12    8.84472E-12    8.84472E-12
 4.15062E-07    9.02760E-12    9.02760E-12    9.02760E-12
 4.18587E-07    9.21845E-12    9.21845E-12    9.21845E-12
 4.22143E-07    9.41734E-12    9.41734E-12    9.41734E-12
 4.25729E-07    9.62355E-12    9.62355E-12    9.62355E-12
 4.31164E-07    9.94372E-12    9.94372E-12    9.94372E-12
 4.42245E-07    1.06084E-11    1.06084E-11    1.06084E-11
 4.69219E-07    1.22357E-11    1.22357E-11    1.22357E-11
 4.75210E-07    1.26014E-11    1.26014E-11    1.26014E-11
 4.79247E-07    1.28522E-11    1.28522E-11    1.28522E-11
 4.83317E-07    1.31115E-11    1.31115E-11    1.31115E-11
 4.87423E-07    1.33816E-11    1.33816E-11    1.33816E-11
 4.91563E-07    1.36642E-11    1.36642E-11    1.36642E-11
 4.95738E-07    1.39595E-11    1.39595E-11    1.39595E-11
 4.99949E-07    1.42662E-11    1.42662E-11    1.42662E-11
 5.06332E-07    1.47428E-11    1.47428E-11    1.47428E-11
 5.21545E-07    1.58983E-11    1.58983E-11    1.58983E-11
 5.55702E-07    1.85033E-11    1.85033E-11    1.85033E-11
 5.62797E-07    1.90528E-11    1.90528E-11    1.90528E-11
 5.67577E-07    1.94312E-11    1.94312E-11    1.94312E-11
 5.72398E-07    1.98232E-11    1.98232E-11    1.98232E-11
 5.77260E-07    2.02312E-11    2.02312E-11    2.02312E-11
 5.82163E-07    2.06559E-11    2.06559E-11    2.06559E-11
 5.87108E-07    2.10952E-11    2.10952E-11    2.10952E-11
 5.94605E-07    2.17749E-11    2.17749E-11    2.17749E-11
 6.09885E-07    2.31741E-11    2.31741E-11    2.31741E-11
 6.15066E-07    2.36413E-11    2.36413E-11    2.36413E-11
 6.17672E-07    2.38711E-11    2.38711E-11    2.38711E-11
 6.20290E-07    2.40956E-11    2.40956E-11    2.40956E-11
 6.22919E-07    2.43123E-11    2.43123E-11    2.43123E-11
 6.25559E-07    2.45178E-11    2.45178E-11    2.45178E-11
 6.28210E-07    2.47086E-11    2.47086E-11    2.47086E-11
 6.30872E-07    2.48808E-11    2.48808E-11    2.48808E-11
 6.33546E-07    2.50310E-11    2.50310E-11    2.50310E-11
 6.36231E-07    2.51567E-11    2.51567E-11    2.51567E-11
 6.37758E-07    2.52164E-11    2.52164E-11    2.52164E-11
 6.40461E-07    2.53008E-11    2.53008E-11    2.53008E-11
 6.43175E-07    2.53595E-11    2.53595E-11    2.53595E-11
 6.45901E-07    2.53941E-11    2.53941E-11    2.53941E-11
 6.48638E-07    2.54076E-11    2.54076E-11    2.54076E-11
 6.51387E-07    2.54036E-11    2.54036E-11    2.54036E-11
 6.54148E-07    2.53857E-11    2.53857E-11    2.53857E-11
 6.56920E-07    2.53573E-11    2.53573E-11    2.53573E-11
 6.62500E-07    2.52806E-11    2.52806E-11    2.52806E-11
 6.73802E-07    2.50946E-11    2.50946E-11    2.50946E-11
 7.74715E-07    2.33679E-11    2.33679E-11    2.33679E-11
 7.87932E-07    2.31529E-11    2.31529E-11    2.31529E-11
 7.97992E-07    2.30037E-11    2.30037E-11    2.30037E-11
 8.08181E-07    2.28666E-11    2.28666E-11    2.28666E-11
 8.35991E-07    2.25221E-11    2.25221E-11    2.25221E-11
 9.81735E-07    2.07428E-11    2.07428E-11    2.07428E-11
 9.98484E-07    2.05497E-11    2.05497E-11    2.05497E-11
 1.00696E-06    2.04587E-11    2.04587E-11    2.04587E-11
 1.02117E-06    2.03154E-11    2.03154E-11    2.03154E-11
 1.08003E-06    1.97484E-11    1.97484E-11    1.97484E-11
 1.09527E-06    1.96091E-11    1.96091E-11    1.96091E-11
 1.12639E-06    1.93503E-11    1.93503E-11    1.93503E-11
 1.27775E-06    1.81487E-11    1.81487E-11    1.81487E-11
 1.31406E-06    1.79002E-11    1.79002E-11    1.79002E-11
 1.51168E-06    1.66726E-11    1.66726E-11    1.66726E-11
 1.76354E-06    1.54288E-11    1.54288E-11    1.54288E-11
 1.91819E-06    1.48153E-11    1.48153E-11    1.48153E-11
 2.08640E-06    1.41736E-11    1.41736E-11    1.41736E-11
 2.46836E-06    1.30229E-11    1.30229E-11    1.30229E-11
 2.87963E-06    1.20493E-11    1.20493E-11    1.20493E-11
 3.40681E-06    1.10711E-11    1.10711E-11    1.10711E-11
 3.97443E-06    1.02434E-11    1.02434E-11    1.02434E-11
 4.70204E-06    9.41201E-12    9.41201E-12    9.41201E-12
 5.48547E-06    8.70832E-12    8.70832E-12    8.70832E-12
 6.48971E-06    8.00154E-12    8.00154E-12    8.00154E-12
 7.57099E-06    7.40330E-12    7.40330E-12    7.40330E-12
 8.95703E-06    6.80191E-12    6.80191E-12    6.80191E-12
 1.00193E-05    6.42856E-12    6.42856E-12    6.42856E-12
 1.23624E-05    5.77483E-12    5.77483E-12    5.77483E-12
 1.44222E-05    5.33741E-12    5.33741E-12    5.33741E-12
 1.70625E-05    4.89868E-12    4.89868E-12    4.89868E-12
 1.99053E-05    4.52765E-12    4.52765E-12    4.52765E-12
 2.35494E-05    4.15549E-12    4.15549E-12    4.15549E-12
 2.74731E-05    3.84076E-12    3.84076E-12    3.84076E-12
 3.25027E-05    3.52506E-12    3.52506E-12    3.52506E-12
 3.79181E-05    3.25810E-12    3.25810E-12    3.25810E-12
 4.48599E-05    2.99028E-12    2.99028E-12    2.99028E-12
 5.23342E-05    2.76385E-12    2.76385E-12    2.76385E-12
 6.19151E-05    2.53663E-12    2.53663E-12    2.53663E-12
 7.22311E-05    2.34484E-12    2.34484E-12    2.34484E-12
 7.24436E-05    2.34640E-12    2.34640E-12    2.34640E-12
 7.34656E-05    2.43979E-12    2.43979E-12    2.43979E-12
 7.87963E-05    2.95690E-12    2.95690E-12    2.95690E-12
 7.93183E-05    2.99987E-12    2.99987E-12    2.99987E-12
 8.04373E-05    2.95220E-12    2.95220E-12    2.95220E-12
 9.92481E-05    2.02256E-12    2.02256E-12    2.02256E-12
 1.00648E-04    1.98152E-12    1.98152E-12    1.98152E-12
 1.98669E-04    1.39415E-12    1.39415E-12    1.39415E-12
 2.01472E-04    1.38229E-12    1.38229E-12    1.38229E-12
 3.00000E-04    1.12177E-12    1.12177E-12    1.12177E-12
 5.96007E-04    2.14390E-13    2.14390E-13    2.14390E-13
 6.00000E-04    2.02575E-13    2.02575E-13    2.02575E-13
 6.08465E-04    2.01142E-13    2.01142E-13    2.01142E-13
 1.00000E-03    1.54421E-13    1.54421E-13    1.54421E-13
 2.00000E-03    1.07569E-13    1.07569E-13    1.07569E-13
 3.00000E-03    8.76080E-14    8.76080E-14    8.76080E-14
 6.00000E-03    6.31708E-14    6.31708E-14    6.31708E-14
 1.00000E-02    5.12553E-14    5.12553E-14    5.12553E-14
 2.00000E-02    4.09476E-14    4.09476E-14    4.09476E-14
 3.00000E-02    3.69754E-14    3.69754E-14    3.69754E-14
 6.00000E-02    3.76184E-14    3.76184E-14    3.76184E-14
 1.00000E-01    6.10923E-14    6.10923E-14    6.10923E-14
 2.00000E-01    8.01151E-14    8.01151E-14    8.01151E-14
 3.17291E-01    6.27427E-14    6.27427E-14    6.27427E-14
 4.00000E-01    5.02131E-14    5.02131E-14    5.02131E-14
 5.00000E-01    3.92184E-14    3.92184E-14    3.92184E-14
 6.00000E-01    5.60417E-14    5.60417E-14    5.60417E-14
 6.99969E-01    8.56217E-14    8.56217E-14    8.56217E-14
 8.00000E-01    9.95609E-14    9.95609E-14    9.95609E-14
 9.00000E-01    1.04565E-13    1.04565E-13    1.04565E-13
 1.00000E+00    1.04099E-13    1.04099E-13    1.04099E-13
 1.20000E+00    1.10415E-12    1.10415E-12    1.10415E-12
 1.40000E+00    2.07511E-12    2.07511E-12    2.07511E-12
 1.60000E+00    3.15578E-12    3.15578E-12    3.15578E-12
 1.80000E+00    5.00689E-12    5.00689E-12    5.00689E-12
 2.00000E+00    7.04691E-12    7.04691E-12    7.04691E-12
 2.20000E+00    9.50939E-12    9.50939E-12    9.50939E-12
 2.40000E+00    1.32652E-11    1.32652E-11    1.32652E-11
 2.60000E+00    1.66700E-11    1.66700E-11    1.66700E-11
 2.80000E+00    2.22920E-11    2.22920E-11    2.22920E-11
 3.00000E+00    2.86733E-11    2.86733E-11    2.86733E-11
 3.20000E+00    3.62324E-11    3.62324E-11    3.62324E-11
 3.40000E+00    4.84717E-11    4.84717E-11    4.84717E-11
 3.60000E+00    6.17863E-11    6.17863E-11    6.17863E-11
 3.80000E+00    8.21488E-11    8.21488E-11    8.21488E-11
 4.00000E+00    1.11791E-10    1.11791E-10    1.11791E-10
 4.20000E+00    1.45601E-10    1.45601E-10    1.45601E-10
 4.40000E+00    2.10688E-10    2.10688E-10    2.10688E-10
 4.60000E+00    3.05100E-10    0.00000E+00    1.48147E-09
 4.80000E+00    4.53324E-10    0.00000E+00    2.20120E-09
 5.00000E+00    7.87564E-10    0.00000E+00    3.82416E-09
 5.20000E+00    1.14376E-09    0.00000E+00    5.55374E-09
 5.40000E+00    2.00100E-09    0.00000E+00    9.71622E-09
 5.60000E+00    3.43073E-09    0.00000E+00    1.66585E-08
 5.80000E+00    5.70107E-09    0.00000E+00    2.76826E-08
 6.00000E+00    1.14320E-08    0.00000E+00    5.55102E-08
 6.20000E+00    1.73533E-08    0.00000E+00    8.42621E-08
 6.40000E+00    3.18964E-08    0.00000E+00    1.54879E-07
 6.60000E+00    5.61841E-08    5.24723E-08    5.98959E-08
 6.80000E+00    9.40220E-08    8.78104E-08    1.00234E-07
 7.20000E+00    2.96025E-07    2.76468E-07    3.15582E-07
 7.40000E+00    5.52662E-07    5.16150E-07    5.89174E-07
 7.60000E+00    9.44622E-07    8.82215E-07    1.00703E-06
 7.80000E+00    1.52487E-06    1.42413E-06    1.62561E-06
 8.00000E+00    2.95311E-06    2.75801E-06    3.14821E-06
 8.50000E+00    9.77694E-06    9.13102E-06    1.04229E-05
 9.00000E+00    2.88305E-05    2.59207E-05    3.17403E-05
 9.50000E+00    7.57884E-05    6.81393E-05    8.34376E-05
 1.00000E+01    1.78806E-04    1.60759E-04    1.96852E-04
 1.01411E+01    2.36795E-04    2.12896E-04    2.60694E-04
 1.02842E+01    2.95607E-04    2.65772E-04    3.25441E-04
 1.04292E+01    3.55248E-04    3.19393E-04    3.91102E-04
 1.05000E+01    3.84332E-04    3.45542E-04    4.23122E-04
 1.06481E+01    4.98095E-04    4.47823E-04    5.48366E-04
 1.07984E+01    6.13462E-04    5.51547E-04    6.75377E-04
 1.09507E+01    7.30457E-04    6.56734E-04    8.04181E-04
 1.10000E+01    7.68312E-04    6.90768E-04    8.45856E-04
 1.11552E+01    9.83740E-04    8.84454E-04    1.08303E-03
 1.13126E+01    1.20221E-03    1.08087E-03    1.32354E-03
 1.14722E+01    1.42376E-03    1.28006E-03    1.56745E-03
 1.15000E+01    1.46239E-03    1.31479E-03    1.60999E-03
 1.16622E+01    1.86438E-03    1.67621E-03    2.05254E-03
 1.18268E+01    2.27203E-03    2.04272E-03    2.50135E-03
 1.19936E+01    2.68544E-03    2.41441E-03    2.95648E-03
 1.20000E+01    2.70122E-03    2.42859E-03    2.97385E-03
 1.21693E+01    3.25377E-03    2.92537E-03    3.58216E-03
 1.23410E+01    3.81411E-03    3.42916E-03    4.19906E-03
 1.25000E+01    4.33309E-03    3.89576E-03    4.77042E-03
 1.26764E+01    6.02900E-03    5.42051E-03    6.63750E-03
 1.28552E+01    7.74885E-03    6.96677E-03    8.53092E-03
 1.30000E+01    9.14140E-03    8.81775E-03    9.46506E-03
 1.31834E+01    1.12169E-02    1.08198E-02    1.16140E-02
 1.33694E+01    1.33217E-02    1.28500E-02    1.37934E-02
 1.35000E+01    1.47996E-02    1.42756E-02    1.53236E-02
 1.36905E+01    1.86672E-02    1.80063E-02    1.93282E-02
 1.38836E+01    2.25895E-02    2.17897E-02    2.33892E-02
 1.40000E+01    2.49530E-02    2.40695E-02    2.58365E-02
 1.41975E+01    3.13587E-02    3.02485E-02    3.24690E-02
 1.43978E+01    3.78548E-02    3.65146E-02    3.91951E-02
 1.45000E+01    4.11688E-02    3.97112E-02    4.26264E-02
 1.47046E+01    5.12839E-02    4.94682E-02    5.30997E-02
 1.49120E+01    6.15417E-02    5.93628E-02    6.37206E-02
 1.50000E+01    6.58918E-02    6.35589E-02    6.82247E-02
 1.52116E+01    8.35859E-02    8.06265E-02    8.65453E-02
 1.54262E+01    1.01530E-01    9.79348E-02    1.05124E-01
 1.56439E+01    1.19726E-01    1.15487E-01    1.23965E-01
 1.58646E+01    1.38180E-01    1.33288E-01    1.43072E-01
 1.60000E+01    1.49503E-01    8.69763E-02    2.12030E-01
 1.62257E+01    1.82438E-01    1.06137E-01    2.58739E-01
 1.64546E+01    2.15837E-01    1.25568E-01    3.06107E-01
 1.66868E+01    2.49708E-01    1.45272E-01    3.54144E-01
 1.69222E+01    2.84057E-01    1.65255E-01    4.02858E-01
 1.70000E+01    2.95406E-01    1.71858E-01    4.18954E-01
 1.72398E+01    3.46676E-01    2.01686E-01    4.91667E-01
 1.74831E+01    3.98670E-01    2.31934E-01    5.65406E-01
 1.77297E+01    4.51398E-01    2.62609E-01    6.40186E-01
 1.79799E+01    5.04869E-01    2.93717E-01    7.16021E-01
 1.80000E+01    5.09176E-01    2.96223E-01    7.22129E-01
 1.82539E+01    5.75516E-01    3.34817E-01    8.16214E-01
 1.85115E+01    6.42792E-01    3.73956E-01    9.11627E-01
 1.87726E+01    7.11016E-01    4.13647E-01    1.00839E+00
 1.90000E+01    7.70410E-01    4.48201E-01    1.09262E+00
 1.92681E+01    8.58598E-01    4.99506E-01    1.21769E+00
 1.95399E+01    9.48030E-01    5.51534E-01    1.34452E+00
 1.98156E+01    1.03872E+00    6.04297E-01    1.47315E+00
 2.00000E+01    1.09940E+00    5.04932E-01    1.69387E+00
 2.02822E+01    1.22034E+00    5.60479E-01    1.88021E+00
 2.05683E+01    1.34299E+00    6.16809E-01    2.06918E+00
 2.08585E+01    1.46737E+00    6.73935E-01    2.26082E+00
 2.10000E+01    1.52803E+00    7.01792E-01    2.35427E+00
 2.12963E+01    1.68833E+00    7.75414E-01    2.60124E+00
 2.15967E+01    1.85089E+00    8.50074E-01    2.85170E+00
 2.19014E+01    2.01574E+00    9.25788E-01    3.10569E+00
 2.20000E+01    2.06908E+00    9.50285E-01    3.18787E+00
 2.23104E+01    2.30119E+00    1.05689E+00    3.54550E+00
 2.26251E+01    2.53658E+00    1.16500E+00    3.90817E+00
 2.29443E+01    2.77530E+00    1.27464E+00    4.27595E+00
 2.30000E+01    2.81692E+00    1.29375E+00    4.34009E+00
 2.33245E+01    3.13147E+00    1.43822E+00    4.82471E+00
 2.36536E+01    3.45045E+00    1.58472E+00    5.31618E+00
 2.39873E+01    3.77393E+00    1.73329E+00    5.81458E+00
 2.40000E+01    3.78628E+00    6.75776E-01    6.89678E+00
 2.43386E+01    3.92516E+00    7.00563E-01    7.14976E+00
 2.46820E+01    4.06600E+00    7.25701E-01    7.40631E+00
 2.50000E+01    4.19645E+00    7.48983E-01    7.64392E+00
 2.53527E+01    4.21309E+00    7.51953E-01    7.67423E+00
 2.57104E+01    4.22997E+00    7.54965E-01    7.70497E+00
 2.60000E+01    4.24363E+00    7.57403E-01    7.72986E+00
 2.63668E+01    4.05520E+00    7.23773E-01    7.38663E+00
 2.67388E+01    3.86411E+00    6.89668E-01    7.03856E+00
 2.70000E+01    3.72994E+00    6.65720E-01    6.79416E+00
 2.73809E+01    3.40452E+00    6.07638E-01    6.20139E+00
 2.77672E+01    3.07450E+00    5.48737E-01    5.60026E+00
 2.80000E+01    2.87563E+00    5.13243E-01    5.23802E+00
 2.83950E+01    2.65018E+00    4.73005E-01    4.82736E+00
 2.87956E+01    2.42156E+00    4.32199E-01    4.41091E+00
 2.90000E+01    2.30492E+00    4.11382E-01    4.19846E+00
 2.94091E+01    2.13246E+00    3.80602E-01    3.88433E+00
 2.98240E+01    1.95758E+00    3.49388E-01    3.56576E+00
 3.00000E+01    1.88341E+00    3.36151E-01    3.43067E+00
