# n + Ac236 :  n        
# tendl.2017 A.J. Koning and D. Rochman        EVAL-NOV17
# uncertainties: n
# # energies =    74
#   E(MeV)       xs(mb) 
 5.00000E+00    0.00000E+00
 5.20000E+00    3.29962E-18
 5.40000E+00    1.59052E-17
 5.60000E+00    8.33517E-17
 5.80000E+00    3.72474E-16
 6.00000E+00    1.69751E-15
 6.20000E+00    7.72774E-15
 6.40000E+00    3.51660E-14
 6.60000E+00    1.60247E-13
 6.80000E+00    7.25638E-13
 7.00000E+00    3.27480E-12
 7.20000E+00    1.47339E-11
 7.40000E+00    6.59545E-11
 7.60000E+00    2.94020E-10
 7.80000E+00    1.30907E-09
 8.00000E+00    5.85966E-09
 8.50000E+00    2.59165E-07
 9.00000E+00    1.19522E-05
 9.50000E+00    2.05902E-04
 1.00000E+01    6.68514E-04
 1.05000E+01    1.40432E-03
 1.10000E+01    2.42310E-03
 1.15000E+01    3.82655E-03
 1.20000E+01    5.67208E-03
 1.25000E+01    8.05000E-03
 1.30000E+01    1.10086E-02
 1.35000E+01    1.45762E-02
 1.40000E+01    1.87514E-02
 1.45000E+01    2.35485E-02
 1.50000E+01    2.90002E-02
 1.60000E+01    4.18524E-02
 1.70000E+01    5.76272E-02
 1.80000E+01    7.65529E-02
 1.90000E+01    9.87723E-02
 2.00000E+01    1.24270E-01
 2.10000E+01    1.53045E-01
 2.20000E+01    1.84836E-01
 2.30000E+01    2.19942E-01
 2.40000E+01    2.59055E-01
 2.50000E+01    3.03479E-01
 2.60000E+01    3.54031E-01
 2.70000E+01    4.11510E-01
 2.80000E+01    4.76346E-01
 2.90000E+01    5.48214E-01
 3.00000E+01    6.27170E-01
 3.20000E+01    8.08013E-01
 3.40000E+01    1.03644E+00
 3.60000E+01    1.32711E+00
 3.80000E+01    1.69824E+00
 4.00000E+01    2.17329E+00
 4.20000E+01    2.78623E+00
 4.40000E+01    3.57733E+00
 4.60000E+01    4.58628E+00
 4.80000E+01    5.85864E+00
 5.00000E+01    7.43239E+00
 5.20000E+01    9.34022E+00
 5.40000E+01    1.16122E+01
 5.60000E+01    1.42013E+01
 5.80000E+01    1.70623E+01
 6.00000E+01    2.00526E+01
 6.50000E+01    2.65053E+01
 7.00000E+01    2.79257E+01
 7.50000E+01    2.29236E+01
 8.00000E+01    1.58126E+01
 9.00000E+01    7.01153E+00
 1.00000E+02    3.93214E+00
 1.10000E+02    2.64232E+00
 1.20000E+02    1.92774E+00
 1.30000E+02    1.47340E+00
 1.40000E+02    1.16764E+00
 1.50000E+02    9.64711E-01
 1.60000E+02    7.94716E-01
 1.80000E+02    5.65576E-01
 2.00000E+02    4.32771E-01
