# n + Ac236 : (n,xg)    
# tendl.2017 A.J. Koning and D. Rochman        EVAL-NOV17
# 
# # energies =   104
#   E(MeV)        xs(mb) 
 1.10640E-01    0.00000E+00
 2.00000E-01    0.00000E+00
 3.00000E-01    0.00000E+00
 4.00000E-01    0.00000E+00
 5.00000E-01    0.00000E+00
 6.00000E-01    0.00000E+00
 7.00000E-01    0.00000E+00
 8.00000E-01    0.00000E+00
 9.00000E-01    0.00000E+00
 1.00000E+00    0.00000E+00
 1.20000E+00    0.00000E+00
 1.40000E+00    0.00000E+00
 1.60000E+00    0.00000E+00
 1.80000E+00    0.00000E+00
 2.00000E+00    0.00000E+00
 2.20000E+00    0.00000E+00
 2.40000E+00    0.00000E+00
 2.60000E+00    0.00000E+00
 2.80000E+00    0.00000E+00
 3.00000E+00    0.00000E+00
 3.20000E+00    0.00000E+00
 3.40000E+00    0.00000E+00
 3.60000E+00    0.00000E+00
 3.80000E+00    0.00000E+00
 4.00000E+00    0.00000E+00
 4.20000E+00    0.00000E+00
 4.40000E+00    0.00000E+00
 4.60000E+00    0.00000E+00
 4.80000E+00    0.00000E+00
 5.00000E+00    0.00000E+00
 5.20000E+00    0.00000E+00
 5.40000E+00    0.00000E+00
 5.60000E+00    0.00000E+00
 5.80000E+00    0.00000E+00
 6.00000E+00    0.00000E+00
 6.20000E+00    0.00000E+00
 6.40000E+00    0.00000E+00
 6.60000E+00    0.00000E+00
 6.80000E+00    0.00000E+00
 7.00000E+00    0.00000E+00
 7.20000E+00    0.00000E+00
 7.40000E+00    0.00000E+00
 7.60000E+00    0.00000E+00
 7.80000E+00    0.00000E+00
 8.00000E+00    0.00000E+00
 8.50000E+00    0.00000E+00
 9.00000E+00    0.00000E+00
 9.50000E+00    0.00000E+00
 1.00000E+01    0.00000E+00
 1.05000E+01    0.00000E+00
 1.10000E+01    0.00000E+00
 1.15000E+01    0.00000E+00
 1.20000E+01    0.00000E+00
 1.25000E+01    0.00000E+00
 1.30000E+01    0.00000E+00
 1.35000E+01    0.00000E+00
 1.40000E+01    0.00000E+00
 1.45000E+01    0.00000E+00
 1.50000E+01    0.00000E+00
 1.60000E+01    0.00000E+00
 1.70000E+01    0.00000E+00
 1.80000E+01    0.00000E+00
 1.90000E+01    0.00000E+00
 2.00000E+01    0.00000E+00
 2.10000E+01    0.00000E+00
 2.20000E+01    0.00000E+00
 2.30000E+01    0.00000E+00
 2.40000E+01    0.00000E+00
 2.50000E+01    0.00000E+00
 2.60000E+01    0.00000E+00
 2.70000E+01    0.00000E+00
 2.80000E+01    0.00000E+00
 2.90000E+01    0.00000E+00
 3.00000E+01    0.00000E+00
 3.00000E+01    1.29889E+04
 3.20000E+01    1.30126E+04
 3.40000E+01    1.33253E+04
 3.60000E+01    1.37723E+04
 3.80000E+01    1.41685E+04
 4.00000E+01    1.44623E+04
 4.20000E+01    1.45703E+04
 4.40000E+01    1.46426E+04
 4.60000E+01    1.46123E+04
 4.80000E+01    1.45282E+04
 5.00000E+01    1.44032E+04
 5.20000E+01    1.42028E+04
 5.40000E+01    1.40171E+04
 5.60000E+01    1.37379E+04
 5.80000E+01    1.35625E+04
 6.00000E+01    1.33686E+04
 6.50000E+01    1.28210E+04
 7.00000E+01    1.24306E+04
 7.50000E+01    1.21198E+04
 8.00000E+01    1.18643E+04
 9.00000E+01    1.15078E+04
 1.00000E+02    1.10318E+04
 1.10000E+02    1.05298E+04
 1.20000E+02    9.91686E+03
 1.30000E+02    9.23266E+03
 1.40000E+02    8.74828E+03
 1.50000E+02    8.49728E+03
 1.60000E+02    8.28661E+03
 1.80000E+02    7.43843E+03
 2.00000E+02    6.63635E+03
