# n + Ac236 : (n,xp)    
# tendl.2017 A.J. Koning and D. Rochman        EVAL-NOV17
# 
# # energies =   104
#   E(MeV)        xs(mb) 
 1.10640E-01    0.00000E+00
 2.00000E-01    0.00000E+00
 3.00000E-01    0.00000E+00
 4.00000E-01    0.00000E+00
 5.00000E-01    0.00000E+00
 6.00000E-01    0.00000E+00
 7.00000E-01    0.00000E+00
 8.00000E-01    0.00000E+00
 9.00000E-01    0.00000E+00
 1.00000E+00    0.00000E+00
 1.20000E+00    0.00000E+00
 1.40000E+00    0.00000E+00
 1.60000E+00    0.00000E+00
 1.80000E+00    0.00000E+00
 2.00000E+00    0.00000E+00
 2.20000E+00    1.26984E-18
 2.40000E+00    2.99037E-18
 2.60000E+00    4.71090E-18
 2.80000E+00    6.43144E-18
 3.00000E+00    8.15197E-18
 3.20000E+00    9.87250E-18
 3.40000E+00    1.15930E-17
 3.60000E+00    1.33136E-17
 3.80000E+00    1.50341E-17
 4.00000E+00    5.03771E-16
 4.20000E+00    3.79317E-15
 4.40000E+00    5.78968E-14
 4.60000E+00    2.31870E-12
 4.80000E+00    1.90279E-11
 5.00000E+00    1.23096E-10
 5.20000E+00    6.53973E-10
 5.40000E+00    2.94458E-09
 5.60000E+00    1.15839E-08
 5.80000E+00    4.02912E-08
 6.00000E+00    1.25969E-07
 6.20000E+00    3.21148E-07
 6.40000E+00    6.08146E-07
 6.60000E+00    1.59642E-06
 6.80000E+00    4.70980E-06
 7.00000E+00    6.90876E-06
 7.20000E+00    2.25950E-05
 7.40000E+00    4.03374E-05
 7.60000E+00    6.59888E-05
 7.80000E+00    1.43759E-04
 8.00000E+00    2.02620E-04
 8.50000E+00    7.44672E-04
 9.00000E+00    2.28045E-03
 9.50000E+00    6.04386E-03
 1.00000E+01    1.42596E-02
 1.05000E+01    3.05758E-02
 1.10000E+01    6.04591E-02
 1.15000E+01    1.11378E-01
 1.20000E+01    1.92458E-01
 1.25000E+01    3.13414E-01
 1.30000E+01    4.82931E-01
 1.35000E+01    7.06820E-01
 1.40000E+01    9.87293E-01
 1.45000E+01    1.32381E+00
 1.50000E+01    1.71464E+00
 1.60000E+01    2.74080E+00
 1.70000E+01    3.97622E+00
 1.80000E+01    5.53450E+00
 1.90000E+01    7.47263E+00
 2.00000E+01    9.80250E+00
 2.10000E+01    1.24862E+01
 2.20000E+01    1.55222E+01
 2.30000E+01    1.84005E+01
 2.40000E+01    2.21123E+01
 2.50000E+01    2.61289E+01
 2.60000E+01    3.05424E+01
 2.70000E+01    3.52028E+01
 2.80000E+01    4.01105E+01
 2.90000E+01    4.51641E+01
 3.00000E+01    5.03553E+01
 3.00000E+01    5.03080E+01
 3.20000E+01    6.17211E+01
 3.40000E+01    7.32133E+01
 3.60000E+01    8.52914E+01
 3.80000E+01    9.81111E+01
 4.00000E+01    1.11519E+02
 4.20000E+01    1.25511E+02
 4.40000E+01    1.39582E+02
 4.60000E+01    1.55004E+02
 4.80000E+01    1.70528E+02
 5.00000E+01    1.86378E+02
 5.20000E+01    2.02103E+02
 5.40000E+01    2.17785E+02
 5.60000E+01    2.33238E+02
 5.80000E+01    2.48162E+02
 6.00000E+01    2.62960E+02
 6.50000E+01    2.98358E+02
 7.00000E+01    3.31510E+02
 7.50000E+01    3.62061E+02
 8.00000E+01    3.91472E+02
 9.00000E+01    4.45619E+02
 1.00000E+02    4.93072E+02
 1.10000E+02    5.36316E+02
 1.20000E+02    5.79101E+02
 1.30000E+02    6.22558E+02
 1.40000E+02    6.80079E+02
 1.50000E+02    7.56501E+02
 1.60000E+02    8.44241E+02
 1.80000E+02    1.29094E+03
 2.00000E+02    1.89408E+03
