# n + Ac236 :  n        
# tendl.2017 A.J. Koning and D. Rochman        EVAL-NOV17
# uncertainties: n
# # energies =    58
#   E(MeV)       xs(mb) 
 8.50000E+00    0.00000E+00
 9.00000E+00    1.39783E-16
 9.50000E+00    8.79034E-15
 1.00000E+01    3.51490E-13
 1.05000E+01    3.54218E-12
 1.10000E+01    6.40074E-11
 1.15000E+01    2.34105E-09
 1.20000E+01    1.01097E-07
 1.25000E+01    4.48558E-06
 1.30000E+01    1.23404E-04
 1.35000E+01    3.90047E-04
 1.40000E+01    8.38130E-04
 1.45000E+01    1.41360E-03
 1.50000E+01    2.07149E-03
 1.60000E+01    3.72967E-03
 1.70000E+01    6.91187E-03
 1.80000E+01    1.25444E-02
 1.90000E+01    2.12290E-02
 2.00000E+01    3.30819E-02
 2.10000E+01    4.80848E-02
 2.20000E+01    6.66366E-02
 2.30000E+01    8.82831E-02
 2.40000E+01    1.12881E-01
 2.50000E+01    1.41179E-01
 2.60000E+01    1.72546E-01
 2.70000E+01    2.07868E-01
 2.80000E+01    2.46711E-01
 2.90000E+01    2.89393E-01
 3.00000E+01    3.35643E-01
 3.20000E+01    4.39576E-01
 3.40000E+01    5.63840E-01
 3.60000E+01    7.10519E-01
 3.80000E+01    8.83391E-01
 4.00000E+01    1.08534E+00
 4.20000E+01    1.32505E+00
 4.40000E+01    1.61165E+00
 4.60000E+01    1.95537E+00
 4.80000E+01    2.37384E+00
 5.00000E+01    2.88731E+00
 5.20000E+01    3.52777E+00
 5.40000E+01    4.33746E+00
 5.60000E+01    5.36253E+00
 5.80000E+01    6.66536E+00
 6.00000E+01    8.30737E+00
 6.50000E+01    1.41693E+01
 7.00000E+01    2.15801E+01
 7.50000E+01    2.60607E+01
 8.00000E+01    2.44871E+01
 9.00000E+01    1.44975E+01
 1.00000E+02    9.15957E+00
 1.10000E+02    7.08603E+00
 1.20000E+02    5.97944E+00
 1.30000E+02    5.27032E+00
 1.40000E+02    4.75591E+00
 1.50000E+02    4.37102E+00
 1.60000E+02    4.06457E+00
 1.80000E+02    3.62111E+00
 2.00000E+02    3.32311E+00
