# n + Ac236 : (n,n')    
# tendl.2017 A.J. Koning and D. Rochman        EVAL-NOV17
# uncertainties: y
# # energies =   104
#   E(MeV)       xs(mb)       xslow(mb)      xsupp(mb)
 1.10640E-01    0.00000E+00    0.00000E+00    0.00000E+00
 2.00000E-01    4.39494E+02    4.24204E+02    4.54784E+02
 3.00000E-01    1.02897E+03    9.93168E+02    1.06476E+03
 4.00000E-01    1.40622E+03    1.35730E+03    1.45514E+03
 5.00000E-01    1.62097E+03    1.56457E+03    1.67736E+03
 6.00000E-01    1.75201E+03    1.50308E+03    2.00094E+03
 7.00000E-01    1.85504E+03    1.59147E+03    2.11861E+03
 8.00000E-01    1.96234E+03    1.68353E+03    2.24116E+03
 9.00000E-01    2.09380E+03    1.79630E+03    2.39129E+03
 1.00000E+00    2.25824E+03    1.42827E+03    3.08820E+03
 1.20000E+00    2.65993E+03    1.68233E+03    3.63752E+03
 1.40000E+00    3.02108E+03    1.91075E+03    4.13141E+03
 1.60000E+00    3.21680E+03    2.03454E+03    4.39905E+03
 1.80000E+00    3.24674E+03    2.63560E+03    3.85787E+03
 2.00000E+00    3.17979E+03    2.58126E+03    3.77833E+03
 2.20000E+00    3.07586E+03    2.49689E+03    3.65483E+03
 2.40000E+00    2.96373E+03    2.40586E+03    3.52159E+03
 2.60000E+00    2.86431E+03    2.35573E+03    3.37289E+03
 2.80000E+00    2.78622E+03    2.29151E+03    3.28094E+03
 3.00000E+00    2.72673E+03    2.24258E+03    3.21088E+03
 3.20000E+00    2.68058E+03    2.20462E+03    3.15654E+03
 3.40000E+00    2.64078E+03    2.17189E+03    3.10968E+03
 3.60000E+00    2.60133E+03    2.13944E+03    3.06321E+03
 3.80000E+00    2.56155E+03    2.10673E+03    3.01638E+03
 4.00000E+00    2.52246E+03    2.07458E+03    2.97034E+03
 4.20000E+00    2.48566E+03    2.04431E+03    2.92701E+03
 4.40000E+00    2.42260E+03    1.99245E+03    2.85275E+03
 4.60000E+00    2.29322E+03    0.00000E+00    7.62058E+03
 4.80000E+00    2.10010E+03    0.00000E+00    6.97881E+03
 5.00000E+00    1.87927E+03    0.00000E+00    6.24499E+03
 5.20000E+00    1.66567E+03    0.00000E+00    5.53519E+03
 5.40000E+00    1.48037E+03    0.00000E+00    4.91940E+03
 5.60000E+00    1.30458E+03    0.00000E+00    4.33524E+03
 5.80000E+00    1.15246E+03    0.00000E+00    3.82972E+03
 6.00000E+00    1.01021E+03    0.00000E+00    3.35703E+03
 6.20000E+00    8.91397E+02    0.00000E+00    2.96219E+03
 6.40000E+00    7.87513E+02    0.00000E+00    2.61698E+03
 6.60000E+00    7.00487E+02    0.00000E+00    4.30684E+03
 6.80000E+00    6.26720E+02    0.00000E+00    3.85330E+03
 7.00000E+00    5.62148E+02    0.00000E+00    3.45629E+03
 7.20000E+00    5.08061E+02    0.00000E+00    3.12374E+03
 7.40000E+00    4.60910E+02    0.00000E+00    2.83384E+03
 7.60000E+00    4.18558E+02    0.00000E+00    2.57345E+03
 7.80000E+00    3.83198E+02    0.00000E+00    2.35604E+03
 8.00000E+00    3.52543E+02    0.00000E+00    2.16756E+03
 8.50000E+00    2.92823E+02    0.00000E+00    1.80038E+03
 9.00000E+00    2.52220E+02    0.00000E+00    1.93355E+03
 9.50000E+00    2.25712E+02    0.00000E+00    1.73034E+03
 1.00000E+01    2.07588E+02    0.00000E+00    1.59140E+03
 1.05000E+01    1.95098E+02    0.00000E+00    1.49565E+03
 1.10000E+01    1.86005E+02    0.00000E+00    1.42594E+03
 1.15000E+01    1.78750E+02    0.00000E+00    1.37032E+03
 1.20000E+01    1.72293E+02    0.00000E+00    1.32082E+03
 1.25000E+01    1.66326E+02    0.00000E+00    1.27508E+03
 1.30000E+01    1.59952E+02    0.00000E+00    6.22549E+02
 1.35000E+01    1.54065E+02    0.00000E+00    5.99635E+02
 1.40000E+01    1.48265E+02    0.00000E+00    5.77060E+02
 1.45000E+01    1.42306E+02    0.00000E+00    5.53867E+02
 1.50000E+01    1.37109E+02    0.00000E+00    5.33641E+02
 1.60000E+01    1.30283E+02    0.00000E+00    3.47669E+02
 1.70000E+01    1.22419E+02    0.00000E+00    3.26684E+02
 1.80000E+01    1.15544E+02    0.00000E+00    3.08336E+02
 1.90000E+01    1.09758E+02    0.00000E+00    2.92899E+02
 2.00000E+01    1.04350E+02    0.00000E+00    2.78486E+02
 2.10000E+01    9.90949E+01    0.00000E+00    2.64460E+02
 2.20000E+01    9.45867E+01    0.00000E+00    2.52429E+02
 2.30000E+01    9.01940E+01    0.00000E+00    2.40706E+02
 2.40000E+01    8.64891E+01    0.00000E+00    2.31318E+02
 2.50000E+01    8.34907E+01    0.00000E+00    2.23298E+02
 2.60000E+01    8.08133E+01    0.00000E+00    2.16138E+02
 2.70000E+01    7.83755E+01    0.00000E+00    2.09618E+02
 2.80000E+01    7.60565E+01    0.00000E+00    2.03416E+02
 2.90000E+01    7.34219E+01    0.00000E+00    1.96369E+02
 3.00000E+01    7.05466E+01    0.00000E+00    1.88679E+02
 3.00000E+01    6.53911E+01    0.00000E+00    1.74891E+02
 3.20000E+01    6.01011E+01    0.00000E+00    1.60742E+02
 3.40000E+01    5.49130E+01    0.00000E+00    1.46866E+02
 3.60000E+01    5.01948E+01    0.00000E+00    1.34248E+02
 3.80000E+01    4.60867E+01    0.00000E+00    1.23260E+02
 4.00000E+01    4.23299E+01    0.00000E+00    1.13213E+02
 4.20000E+01    3.94259E+01    0.00000E+00    1.05446E+02
 4.40000E+01    3.76220E+01    0.00000E+00    1.00621E+02
 4.60000E+01    3.72106E+01    0.00000E+00    9.95208E+01
 4.80000E+01    3.72814E+01    0.00000E+00    9.97102E+01
 5.00000E+01    3.58735E+01    0.00000E+00    9.59447E+01
 5.20000E+01    3.38703E+01    0.00000E+00    9.05870E+01
 5.40000E+01    3.19916E+01    0.00000E+00    8.55626E+01
 5.60000E+01    3.02660E+01    0.00000E+00    8.09473E+01
 5.80000E+01    2.86240E+01    0.00000E+00    7.65556E+01
 6.00000E+01    2.71359E+01    0.00000E+00    7.25756E+01
 6.50000E+01    2.37854E+01    0.00000E+00    6.36147E+01
 7.00000E+01    2.12695E+01    0.00000E+00    5.68859E+01
 7.50000E+01    1.90390E+01    0.00000E+00    5.09203E+01
 8.00000E+01    1.73723E+01    0.00000E+00    4.64627E+01
 9.00000E+01    1.43725E+01    0.00000E+00    3.84396E+01
 1.00000E+02    1.18241E+01    0.00000E+00    3.16240E+01
 1.10000E+02    9.82510E+00    0.00000E+00    2.62775E+01
 1.20000E+02    8.23679E+00    0.00000E+00    2.20295E+01
 1.30000E+02    6.95837E+00    0.00000E+00    1.86104E+01
 1.40000E+02    5.96661E+00    0.00000E+00    1.59579E+01
 1.50000E+02    5.15654E+00    0.00000E+00    1.37913E+01
 1.60000E+02    4.43500E+00    0.00000E+00    1.18615E+01
 1.80000E+02    3.41370E+00    0.00000E+00    9.13005E+00
 2.00000E+02    2.79535E+00    0.00000E+00    7.47625E+00
