# n + Ac236 : (n,n'01)  
# tendl.2017 A.J. Koning and D. Rochman        EVAL-NOV17
# uncertainties: y
# # energies =    74
#   E(MeV)       xs(mb)       xslow(mb)      xsupp(mb)
 1.10640E-01    0.00000E+00    0.00000E+00    0.00000E+00
 2.00000E-01    8.13015E+01    1.56305E+00    1.61040E+02
 3.00000E-01    1.09904E+02    2.11294E+00    2.17695E+02
 4.00000E-01    9.92860E+01    1.90880E+00    1.96663E+02
 5.00000E-01    8.17869E+01    1.57238E+00    1.62001E+02
 6.00000E-01    6.83822E+01    3.80308E+00    1.32961E+02
 7.00000E-01    6.13026E+01    3.40934E+00    1.19196E+02
 8.00000E-01    6.02424E+01    3.35038E+00    1.17134E+02
 9.00000E-01    6.44691E+01    3.58545E+00    1.25353E+02
 1.00000E+00    7.31850E+01    4.04675E+00    1.42323E+02
 1.20000E+00    1.00618E+02    5.56365E+00    1.95672E+02
 1.40000E+00    1.30096E+02    7.19363E+00    2.52998E+02
 1.60000E+00    1.46745E+02    8.11423E+00    2.85376E+02
 1.80000E+00    1.46917E+02    1.62828E+01    2.77551E+02
 2.00000E+00    1.36774E+02    1.51587E+01    2.58389E+02
 2.20000E+00    1.22563E+02    1.35837E+01    2.31542E+02
 2.40000E+00    1.07901E+02    1.19587E+01    2.03843E+02
 2.60000E+00    9.45855E+01    2.56523E+01    1.63519E+02
 2.80000E+00    8.32854E+01    2.25877E+01    1.43983E+02
 3.00000E+00    7.39863E+01    2.00657E+01    1.27907E+02
 3.20000E+00    6.63318E+01    1.79897E+01    1.14674E+02
 3.40000E+00    5.98860E+01    1.62416E+01    1.03530E+02
 3.60000E+00    5.43060E+01    1.47282E+01    9.38838E+01
 3.80000E+00    4.93933E+01    1.33959E+01    8.53907E+01
 4.00000E+00    4.50565E+01    1.22197E+01    7.78933E+01
 4.20000E+00    4.12510E+01    1.11876E+01    7.13144E+01
 4.40000E+00    3.79432E+01    1.02905E+01    6.55959E+01
 4.60000E+00    3.50935E+01    9.29956E+00    6.08874E+01
 4.80000E+00    3.26574E+01    8.65401E+00    5.66608E+01
 5.00000E+00    3.05897E+01    8.10608E+00    5.30733E+01
 5.20000E+00    2.88485E+01    7.64468E+00    5.00523E+01
 5.40000E+00    2.73966E+01    7.25993E+00    4.75333E+01
 5.60000E+00    2.62020E+01    6.94337E+00    4.54606E+01
 5.80000E+00    2.52353E+01    6.68720E+00    4.37834E+01
 6.00000E+00    2.44694E+01    6.48424E+00    4.24546E+01
 6.20000E+00    2.38754E+01    6.32683E+00    4.14240E+01
 6.40000E+00    2.34218E+01    6.20663E+00    4.06370E+01
 6.60000E+00    2.30734E+01    5.00962E+00    4.11372E+01
 6.80000E+00    2.27935E+01    4.94885E+00    4.06381E+01
 7.00000E+00    2.25475E+01    4.89544E+00    4.01996E+01
 7.20000E+00    2.23061E+01    4.84303E+00    3.97692E+01
 7.40000E+00    2.20480E+01    4.78699E+00    3.93090E+01
 7.60000E+00    2.17608E+01    4.72464E+00    3.87970E+01
 7.80000E+00    2.14401E+01    4.65501E+00    3.82252E+01
 8.00000E+00    2.10871E+01    4.57837E+00    3.75958E+01
 8.50000E+00    2.00960E+01    4.36318E+00    3.58288E+01
 9.00000E+00    1.90201E+01    3.99797E+00    3.40422E+01
 9.50000E+00    1.79328E+01    3.76942E+00    3.20962E+01
 1.00000E+01    1.68893E+01    3.55008E+00    3.02285E+01
 1.05000E+01    1.59271E+01    3.34783E+00    2.85064E+01
 1.10000E+01    1.50620E+01    3.16598E+00    2.69580E+01
 1.15000E+01    1.42892E+01    3.00354E+00    2.55749E+01
 1.20000E+01    1.35909E+01    2.85676E+00    2.43250E+01
 1.25000E+01    1.29487E+01    2.72178E+00    2.31756E+01
 1.30000E+01    1.23495E+01    2.85530E+00    2.18437E+01
 1.35000E+01    1.17877E+01    2.72541E+00    2.08500E+01
 1.40000E+01    1.12632E+01    2.60414E+00    1.99223E+01
 1.45000E+01    1.07788E+01    2.49215E+00    1.90655E+01
 1.50000E+01    1.03374E+01    2.39009E+00    1.82847E+01
 1.60000E+01    9.58878E+00    2.08964E+00    1.70879E+01
 1.70000E+01    9.00611E+00    1.96266E+00    1.60496E+01
 1.80000E+01    8.54520E+00    1.86222E+00    1.52282E+01
 1.90000E+01    8.14625E+00    1.77528E+00    1.45172E+01
 2.00000E+01    7.76294E+00    1.76707E+00    1.37588E+01
 2.10000E+01    7.38103E+00    1.68014E+00    1.30819E+01
 2.20000E+01    7.01533E+00    1.59690E+00    1.24338E+01
 2.30000E+01    6.68939E+00    1.52270E+00    1.18561E+01
 2.40000E+01    6.41765E+00    1.39035E+00    1.14450E+01
 2.50000E+01    6.19980E+00    1.34316E+00    1.10564E+01
 2.60000E+01    6.02398E+00    1.30507E+00    1.07429E+01
 2.70000E+01    5.87227E+00    1.27220E+00    1.04723E+01
 2.80000E+01    5.72643E+00    1.24060E+00    1.02123E+01
 2.90000E+01    5.57484E+00    1.20776E+00    9.94192E+00
 3.00000E+01    5.41675E+00    1.17351E+00    9.65999E+00
