# n + Ac236 :  n        
# tendl.2017 A.J. Koning and D. Rochman        EVAL-NOV17
# uncertainties: y
# # energies =    74
#   E(MeV)       xs(mb)       xslow(mb)      xsupp(mb)
 1.10640E-01    0.00000E+00    0.00000E+00    0.00000E+00
 2.00000E-01    3.58192E+02    3.32556E+02    3.83829E+02
 3.00000E-01    9.19062E+02    8.53283E+02    9.84841E+02
 4.00000E-01    1.30693E+03    1.21339E+03    1.40047E+03
 5.00000E-01    1.53918E+03    1.42902E+03    1.64934E+03
 6.00000E-01    1.68363E+03    1.47929E+03    1.88797E+03
 7.00000E-01    1.79374E+03    1.57603E+03    2.01145E+03
 8.00000E-01    1.90210E+03    1.67124E+03    2.13296E+03
 9.00000E-01    2.02933E+03    1.78303E+03    2.27563E+03
 1.00000E+00    2.18505E+03    1.42218E+03    2.94792E+03
 1.20000E+00    2.55931E+03    1.66577E+03    3.45285E+03
 1.40000E+00    2.89098E+03    1.88165E+03    3.90032E+03
 1.60000E+00    3.07005E+03    1.99820E+03    4.14190E+03
 1.80000E+00    3.09982E+03    2.55916E+03    3.64048E+03
 2.00000E+00    3.04302E+03    2.51226E+03    3.57378E+03
 2.20000E+00    2.95329E+03    2.43819E+03    3.46840E+03
 2.40000E+00    2.85582E+03    2.35772E+03    3.35393E+03
 2.60000E+00    2.76972E+03    2.25185E+03    3.28759E+03
 2.80000E+00    2.70294E+03    2.19755E+03    3.20832E+03
 3.00000E+00    2.65274E+03    2.15675E+03    3.14874E+03
 3.20000E+00    2.61425E+03    2.12545E+03    3.10305E+03
 3.40000E+00    2.58090E+03    2.09833E+03    3.06346E+03
 3.60000E+00    2.54702E+03    2.07079E+03    3.02325E+03
 3.80000E+00    2.51216E+03    2.04245E+03    2.98187E+03
 4.00000E+00    2.47740E+03    2.01419E+03    2.94061E+03
 4.20000E+00    2.44441E+03    1.98737E+03    2.90146E+03
 4.40000E+00    2.38466E+03    1.93878E+03    2.83053E+03
 4.60000E+00    2.25813E+03    0.00000E+00    7.69633E+03
 4.80000E+00    2.06744E+03    0.00000E+00    7.04641E+03
 5.00000E+00    1.84868E+03    0.00000E+00    6.30083E+03
 5.20000E+00    1.63682E+03    0.00000E+00    5.57876E+03
 5.40000E+00    1.45297E+03    0.00000E+00    4.95213E+03
 5.60000E+00    1.27838E+03    0.00000E+00    4.35708E+03
 5.80000E+00    1.12722E+03    0.00000E+00    3.84189E+03
 6.00000E+00    9.85743E+02    0.00000E+00    3.35969E+03
 6.20000E+00    8.67521E+02    0.00000E+00    2.95676E+03
 6.40000E+00    7.64091E+02    0.00000E+00    2.60424E+03
 6.60000E+00    6.77414E+02    0.00000E+00    4.46690E+03
 6.80000E+00    6.03927E+02    0.00000E+00    3.98233E+03
 7.00000E+00    5.39600E+02    0.00000E+00    3.55816E+03
 7.20000E+00    4.85754E+02    0.00000E+00    3.20309E+03
 7.40000E+00    4.38862E+02    0.00000E+00    2.89388E+03
 7.60000E+00    3.96798E+02    0.00000E+00    2.61651E+03
 7.80000E+00    3.61758E+02    0.00000E+00    2.38545E+03
 8.00000E+00    3.31456E+02    0.00000E+00    2.18564E+03
 8.50000E+00    2.72727E+02    0.00000E+00    1.79838E+03
 9.00000E+00    2.33200E+02    0.00000E+00    1.92555E+03
 9.50000E+00    2.07780E+02    0.00000E+00    1.71565E+03
 1.00000E+01    1.90699E+02    0.00000E+00    1.57461E+03
 1.05000E+01    1.79171E+02    0.00000E+00    1.47943E+03
 1.10000E+01    1.70943E+02    0.00000E+00    1.41149E+03
 1.15000E+01    1.64461E+02    0.00000E+00    1.35797E+03
 1.20000E+01    1.58702E+02    0.00000E+00    1.31042E+03
 1.25000E+01    1.53377E+02    0.00000E+00    1.26645E+03
 1.30000E+01    1.47602E+02    0.00000E+00    6.16368E+02
 1.35000E+01    1.42277E+02    0.00000E+00    5.94129E+02
 1.40000E+01    1.37001E+02    0.00000E+00    5.72099E+02
 1.45000E+01    1.31527E+02    0.00000E+00    5.49238E+02
 1.50000E+01    1.26771E+02    0.00000E+00    5.29380E+02
 1.60000E+01    1.20694E+02    0.00000E+00    3.26988E+02
 1.70000E+01    1.13413E+02    0.00000E+00    3.07262E+02
 1.80000E+01    1.06998E+02    0.00000E+00    2.89883E+02
 1.90000E+01    1.01612E+02    0.00000E+00    2.75291E+02
 2.00000E+01    9.65875E+01    0.00000E+00    2.59591E+02
 2.10000E+01    9.17138E+01    0.00000E+00    2.46492E+02
 2.20000E+01    8.75714E+01    0.00000E+00    2.35359E+02
 2.30000E+01    8.35046E+01    0.00000E+00    2.24429E+02
 2.40000E+01    8.00714E+01    0.00000E+00    2.14567E+02
 2.50000E+01    7.72909E+01    0.00000E+00    2.07116E+02
 2.60000E+01    7.47894E+01    0.00000E+00    2.00412E+02
 2.70000E+01    7.25033E+01    0.00000E+00    1.94286E+02
 2.80000E+01    7.03301E+01    0.00000E+00    1.88463E+02
 2.90000E+01    6.78471E+01    0.00000E+00    1.81809E+02
 3.00000E+01    6.51298E+01    0.00000E+00    1.74528E+02
